-0.012911012704691374 0.4744221131882008 0.4905851346922499 0.45 0.65 0.6 0.25 0.3 0.15 0.7 0.4 0.2 0.3 0.45 0.45 0.05 0.0 0.6 0.55 0.05 0.7 0.15 0.1 0.45 1.0 0.9 0.55 0.9 0.8 0.2 0.9 0.25 0.4 0.9 0.15 0.7 0.75 0.15 0.55 
-0.00242921048534289 0.5076629857162317 0.501602503663364 0.15 0.4 0.05 0.6 0.55 0.15 0.2 0.7 0.4 0.0 0.45 0.55 1.0 0.75 0.85 0.85 0.75 0.1 0.1 0.9 0.2 0.8 0.35 0.3 0.5 0.7 0.05 0.2 0.9 0.2 0.05 0.9 0.7 0.75 0.75 0.5 
-0.002424824626420858 0.5174541576864773 0.505556085571306 0.55 0.55 0.85 0.2 0.2 0.7 0.0 0.85 0.6 0.5 0.05 0.4 0.85 0.1 0.45 0.0 0.75 0.4 0.9 0.55 0.65 0.95 0.4 0.15 0.15 0.6 0.8 0.95 0.4 0.15 0.5 0.2 0.9 0.05 0.15 0.25 
-0.005940086813373639 0.509430818093823 0.476902518701894 0.6 0.9 0.55 0.55 0.85 0.6 0.9 0.45 0.2 0.75 0.35 0.65 0.95 0.1 0.4 0.5 0.5 0.85 0.95 0.45 0.55 0.85 0.8 0.15 0.85 0.25 0.2 0.45 0.6 0.8 0.7 0.6 0.45 0.15 0.15 0.85 
-0.009124380026146375 0.5416201266856439 0.540403044327262 0.45 0.2 0.45 0.2 0.3 0.9 0.85 0.4 0.2 0.6 0.45 0.45 0.05 0.0 0.6 0.95 0.25 0.7 0.15 0.1 0.8 0.75 1.0 0.55 0.9 0.8 0.2 0.95 0.85 0.1 0.7 0.15 0.6 0.8 0.15 0.2 
-0.03917500315170108 0.5027473222173274 0.5078429598716008 0.45 0.65 0.5 0.1 0.95 0.75 0.65 0.4 0.55 0.6 0.3 0.05 0.3 0.95 0.75 0.5 0.05 0.35 0.15 0.1 0.45 0.4 0.9 0.9 0.9 0.8 0.2 0.85 0.8 0.1 0.7 0.15 0.7 0.75 0.15 0.55 
-0.0007054815899973992 0.4741225732653213 0.472655767476255 0.8 0.0 0.45 0.45 1.0 0.3 1.0 0.1 0.3 0.05 0.6 0.6 0.15 0.8 0.65 0.65 0.1 0.9 0.35 0.85 0.55 0.3 0.95 0.0 0.85 0.7 0.55 0.05 0.8 0.95 0.2 0.6 0.9 0.15 0.45 1.0 
-0.0005440950138969839 0.545859240908055 0.5015484608435138 1.0 0.15 0.3 0.1 0.05 0.1 0.35 0.55 0.75 0.9 0.35 0.95 0.95 0.1 0.4 0.3 0.05 0.2 0.6 0.75 0.2 0.85 0.2 0.65 1.0 0.2 0.75 0.45 0.6 0.75 0.9 0.65 0.45 0.5 0.3 0.85 
-0.002793690489042247 0.5578017046882588 0.46910156925092616 0.85 0.5 0.5 0.4 0.25 0.6 0.35 0.95 0.25 0.55 0.95 0.7 0.55 0.9 0.5 0.0 0.35 0.4 0.75 0.1 0.8 0.8 0.8 0.6 0.1 0.55 0.2 1.0 0.5 0.4 0.75 0.75 0.0 0.95 0.8 0.35 
-0.0030448949856244083 0.5258411380744483 0.4858903740066771 0.6 0.05 0.2 1.0 0.1 0.6 0.6 0.8 0.9 0.15 0.95 0.9 0.65 0.35 0.85 0.05 0.35 0.85 0.65 0.3 0.35 0.3 0.65 0.65 0.45 0.85 0.3 0.1 0.55 0.85 0.95 0.65 0.85 1.0 0.0 0.65 
-0.005421833597595805 0.41651761754655287 0.4696244354681797 0.15 0.6 0.75 0.45 0.05 0.9 0.9 0.95 0.7 0.6 0.15 0.85 0.8 0.25 0.65 0.9 0.1 0.25 0.7 0.65 0.75 0.95 0.2 0.45 0.9 0.3 0.95 0.3 0.5 0.4 0.45 0.75 0.5 0.8 0.35 0.5 
-0.006137583261931088 0.5455423009852001 0.5144058280141915 0.45 0.9 0.35 0.95 0.75 0.6 1.0 0.45 0.4 0.75 0.4 0.1 0.95 0.1 0.4 0.5 0.65 0.85 0.95 0.6 0.6 0.85 0.85 0.15 0.85 0.4 0.45 0.45 0.6 0.7 0.2 0.95 0.45 0.95 0.15 0.85 
-0.001486334587391056 0.4578677500793806 0.5295812180823394 0.75 0.7 0.05 0.5 0.05 0.8 0.7 0.65 0.6 0.6 0.25 0.85 0.9 0.6 0.7 0.9 0.1 0.0 0.45 0.65 0.5 0.2 0.1 0.5 0.4 0.1 0.7 0.4 0.65 0.5 1.0 0.75 0.85 0.25 0.35 0.5 
-0.0024994565805119447 0.5572359451566077 0.46167577243526126 0.9 0.0 0.35 0.55 0.75 0.6 1.0 0.4 0.2 0.65 0.35 0.6 0.85 0.4 0.4 0.5 0.65 0.7 0.95 0.6 0.9 0.55 0.55 0.7 0.3 0.1 0.45 0.15 0.6 0.45 0.55 0.95 0.45 0.15 0.85 0.4 
-0.021185980677514097 0.5092237292989604 0.45685835113643286 0.6 0.9 0.55 0.55 0.85 0.6 0.9 0.45 0.35 0.75 0.35 0.65 0.6 0.1 0.4 0.5 0.5 0.85 0.95 0.45 0.55 0.85 0.8 0.15 0.85 0.25 0.2 0.45 0.6 0.8 0.7 0.6 0.9 0.15 0.15 0.85 
-0.0010647779420634071 0.5237877963819793 0.46218010456180786 0.45 0.9 0.35 0.95 0.75 0.3 1.0 0.45 0.4 0.75 0.4 0.55 0.95 0.1 0.4 0.5 0.65 0.85 0.95 0.6 0.6 0.85 0.5 0.15 0.85 0.4 0.45 0.45 0.6 0.7 0.2 0.95 1.0 0.35 0.15 0.85 
-0.03193069462999259 0.47850924872004247 0.5240243676497063 0.6 0.7 0.8 0.65 0.0 0.8 1.0 0.95 0.0 0.6 0.25 0.85 0.8 0.6 0.7 0.9 0.1 0.15 0.45 0.2 0.45 0.7 0.9 0.45 0.9 0.1 0.4 0.35 0.5 0.4 0.95 0.65 0.5 0.95 0.35 0.4 
-0.009776147180718833 0.46912673684624134 0.48896609192125595 0.45 0.65 0.6 0.25 0.3 0.35 0.7 0.4 0.2 0.3 0.45 0.45 0.05 0.0 0.6 0.55 0.05 0.7 0.15 0.1 0.45 1.0 0.9 0.55 0.9 0.8 0.2 0.9 0.25 0.4 0.9 0.15 0.7 0.75 0.15 0.55 
-0.0005209684534334255 0.44924546210962335 0.49281169444146267 0.6 0.9 0.55 0.55 0.85 0.6 0.9 0.8 0.35 0.75 0.35 0.65 0.6 0.1 0.4 0.5 0.5 0.85 0.95 0.45 0.55 0.85 0.8 0.15 0.85 0.25 0.2 0.45 0.6 0.8 0.9 0.6 0.9 0.15 0.15 0.85 
-0.03531763878535524 0.5139589557741226 0.5331748888390903 0.45 0.65 0.6 0.1 0.3 0.35 0.7 0.4 0.65 0.35 0.45 0.45 0.05 0.0 0.05 0.5 0.05 0.7 0.6 0.1 0.45 0.75 0.9 0.55 0.9 0.8 0.45 0.9 0.85 0.1 0.9 0.15 0.7 0.55 0.15 0.55 
-0.029111804714933208 0.4671810906396927 0.4581430132235456 0.9 0.8 0.35 0.55 0.2 0.65 0.9 0.55 0.7 0.2 0.8 0.95 0.95 0.8 0.4 0.5 0.75 0.85 0.65 0.0 0.6 0.85 0.15 0.15 0.85 0.25 0.45 0.1 0.65 0.7 0.55 0.95 0.45 0.15 0.65 1.0 
-0.005017554792687044 0.43565931424530563 0.5213772641660559 1.0 0.65 0.5 0.75 1.0 0.8 1.0 0.95 0.85 0.95 0.25 0.45 0.15 0.6 0.1 0.2 0.05 0.15 0.9 0.55 1.0 0.7 0.3 0.55 0.9 0.1 0.55 0.55 0.5 0.3 0.9 0.45 0.25 0.9 0.3 0.45 
-0.016004298724324833 0.5743343830222493 0.43439735966978765 1.0 0.15 0.5 0.4 0.05 0.6 0.7 0.55 0.75 0.9 0.35 0.7 0.95 0.1 0.4 0.3 0.05 0.2 0.6 0.85 0.85 0.85 0.2 0.65 1.0 0.2 0.45 0.45 0.25 0.7 0.85 0.65 0.45 0.4 0.05 0.85 
-0.036403995155026604 0.5258048523287581 0.5373373080105432 0.6 0.7 0.5 0.5 0.0 0.8 1.0 0.95 0.6 0.6 0.25 0.85 0.8 0.6 0.7 0.9 0.7 0.15 0.45 0.55 0.45 0.7 0.9 0.55 0.9 0.1 0.55 0.45 0.5 0.4 0.1 0.85 0.5 0.9 0.9 0.5 
-0.018846026274997346 0.5617401139912691 0.5152586274805201 0.3 0.65 0.4 0.55 0.65 0.65 0.9 0.55 0.85 0.2 0.9 0.75 0.7 0.8 0.45 0.3 0.75 0.5 0.0 0.0 0.45 0.85 0.2 0.15 0.9 0.9 0.45 0.25 0.6 0.7 1.0 0.95 0.5 0.15 1.0 0.05 
-0.02888727469965459 0.5881088733521693 0.4532023736207277 0.9 0.2 0.35 0.0 0.6 0.4 0.95 0.55 0.4 1.0 0.35 0.6 0.6 0.1 0.9 0.3 0.6 0.5 0.95 0.6 0.6 0.85 0.85 0.15 1.0 0.25 0.4 0.85 0.6 0.7 0.85 0.65 0.95 0.1 0.15 0.8 
-0.0019357645109504265 0.4385984913516649 0.47382132278284717 0.2 0.9 0.85 0.65 0.7 0.15 0.9 1.0 0.4 1.0 1.0 0.15 0.65 0.05 0.35 0.5 0.75 0.6 0.35 0.65 0.4 0.45 1.0 0.05 0.55 0.05 0.35 0.85 0.75 0.65 0.85 0.85 1.0 0.25 0.15 0.75 
-0.009506687251186776 0.505451608117837 0.454080859102049 0.8 0.35 0.55 0.45 0.85 0.85 0.3 0.2 0.2 0.1 0.5 0.6 0.9 0.25 0.95 0.0 0.6 0.1 0.55 0.95 0.85 0.65 0.15 0.05 0.6 0.75 0.15 0.3 0.75 0.2 0.7 0.2 0.7 0.75 0.6 0.35 
-0.05355940416546629 0.4810910964344924 0.4537905588286311 1.0 0.65 0.5 0.75 0.15 0.8 1.0 0.95 0.6 0.9 0.25 0.45 0.1 0.6 0.55 0.2 0.25 0.15 0.9 0.55 0.05 0.7 0.3 0.55 0.8 0.1 0.6 0.75 0.5 0.4 0.9 0.8 0.25 0.25 0.3 0.45 
-0.0028482272730326772 0.5809263612645289 0.45491345088518204 0.9 0.1 0.35 0.45 0.75 0.6 0.65 0.4 0.35 0.55 0.35 0.6 0.95 0.4 0.4 0.95 0.65 0.7 0.95 0.6 0.15 0.55 0.55 0.15 0.0 0.1 0.45 0.15 0.6 0.2 0.55 0.95 0.45 0.15 1.0 0.4 
-0.006295502076602867 0.5674060431586404 0.5295754474915985 0.9 0.65 0.35 0.55 0.75 0.65 0.9 0.55 0.8 0.2 0.35 0.6 0.95 0.8 0.4 0.3 0.75 0.35 0.65 0.0 0.6 0.85 0.85 0.15 0.85 0.25 0.45 0.25 0.6 0.85 1.0 0.95 0.45 0.15 0.3 0.4 
-0.022594054750848625 0.5874430991067275 0.48314411894045783 1.0 0.2 0.8 0.35 0.6 0.45 1.0 0.6 0.1 0.9 0.35 0.6 0.6 0.5 0.0 0.5 0.3 0.65 0.95 0.7 0.25 0.65 0.6 0.35 1.0 0.25 0.5 0.9 0.6 0.15 0.95 0.65 0.3 0.9 0.15 0.8 
-0.001793816019250926 0.4450343786110297 0.5716488680269798 0.35 0.7 0.15 0.5 0.1 0.8 0.1 0.95 0.6 0.6 0.25 0.85 0.8 0.6 0.7 0.9 0.1 1.0 0.45 0.2 0.65 0.7 0.2 0.45 0.9 0.05 0.6 0.45 0.5 0.4 1.0 0.75 0.75 0.8 0.35 0.35 
-0.017988880221594405 0.5498501903900914 0.4106346786834982 0.9 0.1 0.3 0.55 0.75 0.6 0.65 0.5 0.35 0.55 0.35 0.6 0.95 0.4 0.4 0.5 0.6 0.7 0.95 0.15 0.15 0.55 0.55 0.15 0.75 0.1 0.3 0.15 0.6 0.2 0.75 0.5 0.4 0.15 1.0 0.4 
-0.0092842345624923 0.4554070426415006 0.47999529401397084 0.9 0.8 0.35 0.55 0.2 0.65 0.9 0.55 0.7 0.2 0.35 0.95 0.95 0.8 0.4 0.5 0.75 0.85 0.65 0.0 0.6 0.85 0.85 0.15 0.85 0.25 0.45 0.1 0.65 0.7 0.7 0.95 0.45 0.15 0.65 1.0 
-0.0048508926479114605 0.5342146783076585 0.4183998421529955 0.85 0.5 0.85 0.1 0.3 0.95 0.7 0.55 0.45 0.6 0.2 0.45 0.05 0.75 0.6 0.5 0.05 0.7 0.15 0.15 0.8 0.75 1.0 0.55 0.65 0.8 0.2 1.0 0.85 0.1 0.9 0.15 0.6 0.75 0.15 0.7 
-0.0015634253029931482 0.6085471600684532 0.5076305891786957 0.8 0.6 0.8 0.35 0.55 0.9 0.3 0.7 0.7 0.35 0.0 0.45 1.0 0.35 0.6 0.9 0.6 1.0 0.9 0.8 0.65 0.7 0.65 0.3 0.45 0.1 1.0 0.55 0.3 0.55 0.85 0.45 0.3 0.2 0.7 0.4 
-0.002862859756518007 0.5880741394219288 0.5316051320167062 0.9 0.65 0.35 0.55 0.75 0.65 0.9 0.55 0.35 0.5 0.35 0.6 0.95 0.8 0.4 0.25 1.0 0.4 0.65 0.0 0.6 0.85 0.85 0.15 0.85 0.25 0.45 0.25 0.3 0.7 0.9 0.45 0.3 0.1 0.65 0.1 
-0.02708654655045572 0.5107000070644941 0.5635107225108771 0.95 0.2 0.35 0.75 0.6 0.4 1.0 1.0 0.4 1.0 0.35 0.6 0.6 0.1 0.9 0.3 0.6 0.5 0.95 0.6 0.6 0.85 0.85 0.15 1.0 0.3 0.4 0.85 0.6 0.7 0.85 0.65 0.4 0.1 0.15 0.8 
-0.016604228496800537 0.5383744454695059 0.4435757189554703 0.6 0.9 0.55 0.55 0.85 0.6 0.9 0.45 0.35 0.75 0.35 0.65 0.6 0.1 0.4 0.5 0.5 0.85 0.95 0.45 0.55 0.85 0.8 0.15 0.85 0.25 0.2 0.45 0.6 1.0 0.25 0.6 0.9 0.15 0.15 0.85 
-0.010355014088096257 0.5841730578616703 0.4122140701646055 0.9 0.0 0.35 0.55 0.75 0.6 1.0 0.4 0.35 0.65 0.35 0.6 0.85 0.4 0.4 0.5 0.65 0.7 0.95 0.6 0.9 0.55 0.55 0.7 0.85 0.1 0.45 0.15 0.6 0.45 0.55 0.95 0.45 0.15 0.85 0.4 
-0.05854353061931249 0.4884257237893515 0.4237567105850859 1.0 0.65 0.1 0.75 1.0 0.4 1.0 0.1 0.3 0.5 0.6 0.5 0.55 0.9 0.65 0.65 0.1 0.55 0.5 0.8 0.0 0.3 0.8 0.0 0.85 0.7 0.0 0.05 0.4 0.25 1.0 0.6 0.2 0.15 0.0 0.4 
-0.006816529223435087 0.4644115824398852 0.5499390537542828 0.15 0.0 0.65 0.05 0.35 0.4 0.05 0.8 0.05 0.15 0.25 0.85 0.55 0.6 0.7 0.9 0.1 0.0 0.85 0.65 0.75 0.5 0.15 0.4 0.85 0.05 0.65 0.4 0.5 0.05 1.0 0.75 0.85 0.7 0.35 0.5 
-0.010202729509996934 0.5284096250522442 0.3935991615157907 0.9 0.1 0.35 0.55 0.75 0.6 1.0 0.4 0.35 0.65 0.35 0.6 0.85 0.4 0.4 0.5 0.65 0.7 0.95 0.6 0.9 0.55 0.55 0.15 0.85 0.1 0.45 0.15 0.6 0.45 0.55 0.95 0.45 0.15 1.0 0.4 
-0.0008276841230479936 0.43674930878042456 0.44658718712881834 0.95 0.0 0.45 0.95 1.0 0.3 1.0 0.1 0.3 0.8 0.6 0.5 0.55 0.75 0.85 0.25 0.85 0.45 0.35 0.85 0.55 0.3 0.85 0.0 0.3 0.0 1.0 0.05 1.0 0.5 1.0 0.65 0.1 0.15 0.75 1.0 
-0.048912883859033425 0.3853569978507407 0.4871426784392871 0.85 0.0 0.45 0.85 1.0 0.4 0.85 0.1 0.3 0.95 0.6 0.5 0.55 0.9 0.65 0.65 0.1 0.55 0.35 0.95 0.0 0.3 0.95 0.0 0.85 0.7 0.55 0.05 1.0 0.25 1.0 0.6 0.15 0.15 0.45 0.4 
-0.001281372603219007 0.4550778431947116 0.5509361215779376 0.15 0.6 0.75 0.45 0.2 0.9 0.9 0.3 0.7 0.6 0.15 0.85 0.8 0.25 0.7 0.9 0.25 0.25 0.7 0.65 0.75 0.95 0.2 0.45 0.9 0.2 0.95 0.3 0.45 0.4 0.95 0.65 0.5 0.8 0.35 0.6 
-0.00023524369084436755 0.6309420226421383 0.5080757870402437 0.9 0.1 0.5 0.55 0.75 0.6 0.65 0.4 0.35 0.8 0.35 0.6 0.1 0.4 0.4 0.5 0.65 0.85 0.95 0.6 0.15 0.85 0.85 0.3 0.85 0.25 0.45 0.45 0.6 0.05 0.85 1.0 0.45 0.7 1.0 0.4 
-0.015945149035556702 0.501039273198475 0.5569377581940114 1.0 0.2 0.15 0.5 0.6 0.35 1.0 0.9 0.5 1.0 0.35 0.6 0.6 0.1 0.35 0.5 0.3 0.8 0.95 0.2 0.25 0.65 0.6 0.35 1.0 0.3 0.5 0.9 0.6 0.7 0.95 0.65 0.3 0.5 0.15 0.8 
-0.0034239062211955783 0.5751518822918855 0.441719416580731 1.0 0.9 0.35 0.5 0.75 1.0 1.0 0.55 0.65 0.9 0.35 0.45 0.95 0.75 0.85 0.2 0.6 1.0 0.95 0.6 0.4 0.85 0.85 0.2 0.85 0.15 0.75 0.45 0.65 0.55 1.0 0.65 0.45 0.25 0.1 0.9 
-0.007736123906388988 0.5070464127244461 0.5787427058926339 0.45 0.65 0.1 0.1 0.95 0.25 0.7 0.4 0.55 0.6 0.3 0.05 0.3 0.95 0.75 0.5 0.05 0.9 0.15 0.1 0.45 0.4 0.9 0.9 0.9 0.8 0.2 0.9 0.8 0.1 0.7 0.15 0.7 0.75 0.15 0.55 
-0.013843952028518146 0.6247631022615807 0.41729469894914256 0.65 0.9 0.35 0.4 0.75 0.85 1.0 0.55 0.65 0.65 0.35 0.45 0.95 0.75 0.05 0.7 0.6 0.85 0.95 0.6 0.9 0.85 0.75 0.2 0.85 0.15 0.45 0.4 0.6 0.4 1.0 0.65 0.45 0.25 0.1 0.9 
-0.03181557037969654 0.502908470144156 0.4096271374522861 0.85 0.5 0.85 0.1 0.3 0.95 0.7 0.55 0.45 0.6 0.2 0.45 0.05 0.75 0.6 0.5 0.05 0.7 0.15 0.15 0.8 0.75 0.25 0.55 0.25 0.8 0.2 1.0 0.85 0.1 0.9 0.15 0.6 0.75 0.15 0.7 
-0.000949702206506913 0.5856697755895529 0.53766687187558 0.9 0.65 0.35 0.55 0.75 0.65 0.9 0.55 0.35 0.5 0.35 0.6 0.95 0.8 0.4 0.25 1.0 0.4 0.65 0.0 0.6 0.85 0.85 0.15 0.85 0.25 0.45 0.2 0.3 0.7 0.9 0.45 0.3 0.05 0.65 0.1 
-0.0019286608719979597 0.5642291903282796 0.5497213370660088 0.9 0.65 0.35 0.55 0.75 0.7 0.9 0.55 0.8 0.2 0.35 0.6 0.95 0.8 0.4 0.5 0.2 0.35 0.65 0.0 0.6 0.85 0.85 0.15 0.85 0.25 0.45 0.25 0.6 0.85 1.0 0.95 0.45 0.15 0.3 0.1 
-0.0021499736030348967 0.4788368741797856 0.4388432060122034 0.6 0.4 0.5 0.65 0.0 0.8 0.85 0.95 0.6 0.6 0.25 0.85 0.8 0.1 0.05 0.9 0.95 0.1 0.7 0.55 0.45 0.7 0.9 0.45 0.9 0.75 0.4 0.1 0.85 0.95 0.05 0.8 0.25 0.95 0.35 0.5 
-0.024804735146342464 0.557118344245709 0.38367129853983156 0.9 0.1 0.35 0.55 0.75 0.6 1.0 0.4 0.35 0.55 0.35 0.6 0.95 0.4 0.4 0.05 0.65 0.7 0.95 0.15 0.75 0.55 0.55 0.7 0.75 0.1 0.3 0.15 0.6 0.2 0.55 0.95 0.4 0.15 0.75 0.2 
-0.017869716897362733 0.36997722614052897 0.5165066555239065 1.0 0.65 0.5 0.75 0.0 0.8 1.0 0.95 0.6 0.9 0.25 0.45 0.1 0.6 0.55 0.2 0.25 0.15 0.9 0.55 0.05 0.7 0.3 0.55 0.8 0.1 0.6 0.75 0.5 0.05 0.9 0.8 0.6 0.7 0.3 0.45 
-0.002725014773910134 0.40526821666935636 0.5277470121492416 0.75 0.7 0.05 0.55 0.15 0.8 0.7 0.95 0.6 1.0 0.25 0.85 0.9 0.6 0.7 0.9 0.1 0.0 0.45 0.65 0.5 0.2 0.1 0.5 0.4 0.05 0.25 0.4 0.65 0.5 1.0 0.75 0.85 0.45 0.35 0.5 
-0.01709934522941427 0.4490491541927388 0.42394712934459 0.9 0.1 0.5 0.45 0.25 0.3 1.0 0.4 0.3 0.35 0.9 0.6 0.95 0.9 0.4 0.5 0.35 0.85 0.55 0.05 0.65 0.1 0.15 0.65 0.45 0.25 0.35 0.45 0.6 0.25 0.55 0.5 0.75 0.0 0.65 0.45 
-0.002227608011517861 0.4151768883292699 0.5347180416717396 0.15 0.6 0.75 0.45 0.2 0.9 0.9 0.95 0.7 0.6 0.15 0.85 0.8 0.25 0.7 0.9 0.25 0.25 0.7 0.65 0.75 0.95 0.2 0.45 0.9 0.2 0.95 0.3 0.5 0.4 0.95 0.65 0.5 0.8 0.35 0.5 
-0.0006299299106308806 0.4206240467827176 0.49382690916070576 0.6 0.7 0.5 0.5 0.0 0.8 0.3 0.95 0.6 0.85 0.25 0.85 0.15 0.6 0.7 0.9 0.7 0.3 0.45 0.6 0.45 0.7 0.9 0.55 0.9 0.1 0.55 0.5 0.5 0.4 0.75 0.85 0.5 0.9 0.35 0.5 
-0.011125018094822098 0.5408102266622103 0.5792745612010624 0.9 0.65 0.35 0.55 0.75 0.65 0.9 0.55 0.8 0.5 0.35 0.6 0.95 0.8 0.4 0.65 0.75 0.85 0.65 0.0 0.6 0.85 0.85 0.15 0.85 0.25 0.45 0.25 0.6 0.7 0.9 0.45 0.3 0.15 0.65 0.1 
-0.0183924262199523 0.6105842203143483 0.4874158592657279 0.55 0.9 0.5 0.55 0.85 0.6 1.0 0.45 0.4 1.0 0.4 0.95 0.95 0.1 0.4 0.5 0.5 0.4 0.95 0.6 0.55 0.9 0.85 0.6 0.85 1.0 0.45 0.45 0.6 0.7 1.0 0.95 0.45 0.15 0.15 1.0 
-0.03175641044003707 0.3839591236094815 0.4926976823654439 0.05 0.9 0.75 0.3 0.05 0.8 0.9 0.95 0.6 0.55 0.25 0.85 0.25 0.6 0.7 0.9 0.1 0.25 0.45 0.2 0.65 0.7 0.2 0.45 0.2 0.05 0.6 0.65 0.5 0.4 0.9 0.75 0.75 1.0 0.35 0.35 
-0.00234124987492198 0.6239210550816274 0.5225092438986532 0.9 0.9 0.35 0.4 0.3 0.85 0.55 0.55 0.65 0.8 0.35 0.45 0.45 0.75 0.05 0.7 0.6 0.85 0.95 0.6 0.4 0.05 0.85 0.2 0.2 0.35 0.45 0.6 0.6 0.55 1.0 0.8 0.45 1.0 0.05 0.8 
-0.004176571931757993 0.38313015010081086 0.5377819597576079 0.6 0.7 0.5 0.65 0.35 0.8 0.9 0.95 0.6 0.6 0.25 0.85 0.8 0.6 0.7 0.85 0.1 0.7 0.45 0.45 0.45 0.7 0.9 0.45 0.9 0.1 0.75 0.3 0.5 0.4 0.95 0.8 0.25 0.95 0.35 0.5 
-0.0058826370398458155 0.6278436488131333 0.436907100144176 0.9 0.95 0.4 0.55 0.75 0.6 1.0 0.45 0.4 0.2 0.35 0.6 0.35 0.6 0.9 0.75 0.65 0.55 0.05 0.6 0.6 0.85 0.85 0.15 0.45 0.3 0.75 0.9 0.6 0.55 0.95 0.95 0.45 0.15 0.7 1.0 
-0.010393352681956358 0.6438873393792868 0.4641142145426178 0.9 0.9 0.35 0.4 0.75 0.85 0.55 0.55 0.65 0.8 0.35 0.45 0.45 0.75 0.05 0.7 0.6 0.85 0.95 0.6 0.4 0.05 0.85 0.2 0.2 0.35 0.45 0.6 0.6 0.55 1.0 0.8 0.45 1.0 0.05 0.8 
-0.02415011379128993 0.6736411244269319 0.48778869822859705 1.0 0.9 0.25 0.4 0.65 0.6 1.0 0.55 0.4 0.9 0.35 0.6 0.95 0.6 0.8 0.5 0.6 0.75 0.75 0.6 0.15 0.4 0.85 0.35 0.85 0.25 0.35 0.45 0.6 0.7 0.85 0.65 0.45 0.25 0.05 0.85 
-0.009950509495014607 0.4635678859422041 0.4125609251516895 0.9 0.1 0.5 0.45 0.25 0.3 1.0 0.4 0.3 0.95 0.9 0.6 0.95 0.9 0.4 0.3 0.35 0.85 0.45 0.05 0.65 0.1 0.15 0.65 0.45 0.4 0.2 0.45 0.6 0.05 0.55 0.5 0.75 0.35 0.65 0.4 
-0.0007014315593129445 0.43792815967759746 0.4427143628238935 0.95 0.0 0.45 0.95 1.0 0.3 1.0 0.1 0.3 0.8 0.6 0.5 0.55 0.9 0.85 0.25 0.85 0.45 0.35 0.85 0.55 0.3 0.85 0.0 0.3 0.0 1.0 0.05 1.0 0.55 1.0 0.65 0.1 0.15 0.75 1.0 
-0.008825124545464648 0.6906410131908886 0.4752480158045541 0.95 0.1 0.5 0.55 0.75 0.6 1.0 0.35 0.35 0.3 0.35 0.6 0.95 0.1 0.8 0.9 0.1 0.85 0.95 0.15 0.15 0.85 0.85 0.55 0.85 0.25 0.45 0.9 0.6 0.6 0.95 0.95 0.45 0.15 1.0 0.4 
-0.0011121970707287068 0.6106630810490878 0.4577194099067074 0.9 0.1 0.5 0.55 0.75 0.6 1.0 0.4 0.45 0.4 0.35 0.6 0.95 0.8 0.85 0.5 0.65 0.85 0.95 0.6 0.15 0.85 0.85 0.15 0.85 0.25 0.45 0.45 0.6 0.2 0.25 0.95 0.45 0.85 1.0 0.4 
-0.002824919222166203 0.6761187642084343 0.46618574702000415 0.9 0.9 0.65 0.35 0.75 0.6 1.0 0.45 0.35 0.5 0.15 0.6 0.2 0.1 0.4 0.55 0.65 0.25 0.95 0.6 0.6 0.85 0.85 0.15 0.85 0.25 0.45 0.45 0.6 0.7 0.85 0.05 0.5 0.15 0.65 0.2 
-0.005584259766890763 0.6114366294248126 0.587544106969315 1.0 0.15 0.5 0.55 0.4 0.6 0.45 0.55 0.75 0.55 0.35 0.6 0.5 0.55 0.45 0.3 0.05 0.85 0.95 0.15 0.75 0.25 0.85 0.65 0.7 0.25 0.45 0.65 0.6 0.7 0.85 0.65 0.45 0.4 0.1 0.85 
-0.02488643077509456 0.5815566565349909 0.5761776379837739 0.9 0.65 0.35 0.55 0.75 0.65 0.9 0.55 0.35 0.5 0.35 0.6 0.95 0.8 0.4 0.25 1.0 0.4 0.65 0.0 0.6 0.85 0.85 0.15 0.85 0.25 0.45 0.25 0.6 0.7 0.9 0.45 0.3 0.1 0.65 0.1 
-0.0007424336297957951 0.6227117178401431 0.5506420034533497 0.55 0.1 0.35 0.55 0.85 0.5 1.0 0.45 0.4 0.75 0.4 0.95 0.95 0.1 0.4 0.5 0.5 0.85 0.95 0.6 0.95 0.85 0.85 0.15 0.85 0.25 0.45 0.45 0.6 0.7 0.85 0.95 0.45 0.15 0.15 1.0 
-0.012661939789839503 0.44039652619623176 0.4042383258141428 1.0 0.0 0.45 0.95 0.1 0.35 1.0 0.1 0.3 0.5 0.5 0.65 0.55 0.9 0.7 0.1 0.3 0.45 0.25 0.85 0.75 0.0 0.95 0.55 0.2 0.85 0.55 0.05 1.0 0.35 1.0 0.7 0.2 0.05 0.5 1.0 
-0.24422154571211044 0.47296043808707733 0.3959035625852742 0.9 0.1 0.5 0.45 0.25 0.3 1.0 0.4 0.3 0.95 0.9 0.6 0.95 0.9 0.4 0.3 0.35 0.85 0.45 0.05 0.65 0.1 0.15 0.65 0.45 0.4 0.2 0.45 0.6 0.05 0.55 0.5 0.75 0.1 0.65 0.75 
-0.012647607905310495 0.6312814897124643 0.5107851570122356 0.9 0.1 0.5 0.1 0.7 0.95 1.0 0.45 0.4 0.55 0.35 0.6 1.0 0.1 0.4 0.5 0.65 0.85 0.95 0.5 0.15 0.85 0.85 0.15 0.7 0.25 0.45 0.35 0.6 0.7 0.55 0.95 0.5 0.15 1.0 0.5 
-0.00016319811225450146 0.5657552903749594 0.5645227309156885 0.95 0.1 0.5 0.7 0.7 0.6 1.0 0.45 0.9 0.55 0.7 0.6 0.45 0.1 0.4 0.9 0.55 0.85 0.95 0.6 0.6 0.85 0.85 0.7 0.7 0.3 0.35 0.45 0.6 0.5 0.85 0.1 0.7 0.15 0.7 0.25 
-0.021612140688735716 0.5444314871727709 0.397148103208307 0.9 0.1 0.35 0.55 0.75 0.6 1.0 0.4 0.35 0.55 0.35 0.6 0.95 0.4 0.4 0.3 0.65 0.7 0.95 0.15 0.7 0.55 0.55 0.7 0.8 0.1 0.3 0.15 0.6 0.2 0.55 0.95 0.6 0.15 0.75 0.4 
-0.030193877491459548 0.6117130374042253 0.41827079756877067 1.0 0.9 0.8 0.4 0.05 0.85 1.0 0.55 0.65 0.9 0.35 0.75 0.95 0.1 1.0 0.7 0.6 0.6 0.95 0.6 0.3 0.85 0.85 0.65 0.8 0.4 0.45 0.45 0.6 0.7 1.0 0.65 0.45 0.2 0.05 0.85 
-0.0031172993383864274 0.673058258655584 0.5251053149889157 0.95 0.9 0.35 0.6 0.75 0.6 1.0 0.45 0.65 0.9 0.4 0.75 0.95 0.1 1.0 0.5 0.1 0.45 0.95 0.55 0.35 0.85 0.85 0.2 0.95 0.25 0.45 0.75 0.6 0.7 0.85 0.65 0.45 0.05 0.05 0.85 
-0.0074860450308978695 0.565128911190706 0.5864634300616531 0.65 0.65 0.35 0.55 0.65 0.65 0.9 0.55 0.8 0.7 0.35 0.75 0.95 0.8 0.1 0.3 0.75 0.5 0.0 0.85 0.45 0.85 0.2 0.15 0.9 0.25 0.45 0.25 0.6 0.7 1.0 0.95 0.8 0.15 0.65 0.4 
-0.0076212169985962926 0.5882197085135117 0.5664985858012538 0.55 0.65 0.35 0.6 0.75 0.6 1.0 0.55 0.7 0.2 0.35 0.6 0.95 0.45 0.4 0.35 0.0 0.4 0.95 0.6 0.6 0.85 0.85 0.15 0.85 0.35 0.45 0.6 0.7 0.7 0.85 0.95 0.8 0.15 0.65 0.85 
-0.009081361889134696 0.6425415434173459 0.5485730712958587 0.55 0.1 0.35 0.55 0.85 0.65 1.0 0.45 0.4 0.75 0.4 0.95 0.95 0.1 0.4 0.5 0.5 0.85 0.95 0.6 0.95 0.0 0.85 0.25 0.85 0.25 0.45 0.45 0.6 0.7 0.85 0.95 0.45 0.15 0.15 1.0 
-0.001921206791598763 0.6385767380888261 0.5830254863751316 0.35 0.0 0.35 0.3 0.6 0.6 1.0 0.55 0.4 0.5 0.35 0.6 0.95 0.1 0.4 0.5 0.65 0.85 0.95 0.6 0.1 0.6 0.75 0.15 0.85 0.25 0.45 0.75 0.6 0.7 0.8 0.65 0.4 0.35 0.15 0.6 
-0.0017901518142731544 0.42787895391224284 0.5467625789680033 0.35 0.6 0.75 0.45 0.6 0.9 0.9 0.95 0.6 0.6 0.15 0.85 0.8 0.25 0.7 0.9 0.1 0.25 0.7 0.65 0.75 0.7 0.2 0.45 0.9 0.2 0.85 0.3 0.4 0.4 1.0 0.75 0.5 0.8 0.35 0.5 
-0.01010967763923333 0.5893063778417275 0.3906190873532817 0.9 0.1 0.35 0.55 0.75 0.6 1.0 0.4 0.35 0.55 0.35 0.6 0.95 0.4 0.4 0.3 0.65 0.7 0.95 0.15 0.7 0.55 0.55 0.7 0.75 0.1 0.3 0.15 0.6 0.2 0.55 0.95 0.4 0.15 0.75 0.4 
-0.015337761303899574 0.6514710283427836 0.5348859004025117 0.9 0.1 0.5 0.1 0.7 0.95 1.0 0.45 0.4 0.55 0.35 0.6 1.0 0.1 0.4 0.5 0.65 0.85 0.95 0.6 0.15 0.85 0.85 0.15 0.7 0.25 0.45 0.45 0.6 0.7 0.85 0.95 0.5 0.15 1.0 0.4 
-0.05238297216546875 0.4494941256143488 0.40670002246883874 0.95 0.1 0.5 0.55 0.75 0.0 1.0 0.4 0.3 0.95 0.9 0.6 0.2 0.9 0.95 0.5 0.65 0.85 0.4 0.2 0.65 0.1 0.85 0.65 0.2 0.25 0.45 0.45 0.6 0.05 0.75 0.65 0.0 0.8 0.65 0.4 
-0.001753267369714581 0.5815397134960685 0.6089628436972259 1.0 0.9 0.35 0.4 0.75 0.85 1.0 0.55 0.65 0.9 0.35 0.15 0.95 0.75 0.05 0.7 0.6 0.85 0.95 0.6 0.4 0.85 0.85 0.2 0.85 0.15 0.45 0.7 0.55 0.6 1.0 0.9 0.45 1.0 0.05 0.8 
-0.03544469602630289 0.6270591225116373 0.40692347249774385 1.0 0.9 0.35 0.4 0.75 0.85 1.0 0.55 0.65 0.9 0.35 0.45 0.95 0.75 0.05 0.7 0.85 0.75 0.95 0.6 0.55 0.1 0.85 0.2 0.85 0.15 0.45 0.6 0.6 0.55 0.95 0.65 0.45 0.5 0.05 0.2 
-0.002081011045904591 0.5868504115870565 0.44996620619871797 0.9 0.2 0.35 0.0 0.85 0.4 0.95 0.55 0.4 1.0 0.35 0.6 0.45 0.1 0.9 0.3 0.6 0.65 0.95 0.6 0.6 0.85 0.85 0.15 1.0 0.25 0.4 0.85 0.6 0.7 0.85 0.65 0.8 0.1 0.15 0.8 
-0.003416998290309955 0.6512555903468569 0.4952850684732698 0.9 0.1 0.5 0.7 0.7 0.9 1.0 0.55 0.35 0.5 0.35 0.6 0.55 0.1 0.4 0.5 0.55 0.85 0.95 0.8 0.15 0.85 0.85 0.7 0.9 0.3 0.35 0.45 0.6 0.5 0.85 0.95 0.7 0.15 0.85 0.65 
-0.005750066947972584 0.4569750412182934 0.3759041980331278 0.85 0.7 0.5 0.75 0.0 0.8 1.0 0.95 0.6 0.6 0.25 0.85 0.8 0.6 0.1 0.9 0.2 0.15 0.9 0.55 0.75 0.7 0.9 0.55 0.9 0.1 0.55 0.7 0.35 0.4 0.3 0.45 0.75 0.9 0.35 0.5 
-0.004874891866128327 0.5558435046604009 0.6300008394885914 1.0 0.15 0.3 0.4 0.05 0.1 0.35 0.55 0.7 0.9 0.35 0.6 0.95 0.4 0.4 0.3 0.05 0.4 0.6 0.75 0.2 0.85 0.2 0.65 1.0 0.2 0.4 0.5 0.6 0.75 0.9 0.65 0.45 0.8 0.05 0.85 
-0.00419398495847416 0.47333415333187406 0.4086511669346381 0.9 0.1 0.5 0.45 0.25 0.3 1.0 0.4 0.3 0.95 0.9 0.6 0.95 0.9 0.4 0.3 0.35 0.85 0.45 0.05 0.65 0.1 0.15 0.65 0.45 0.4 0.2 0.45 0.6 0.05 0.55 0.5 0.75 0.1 0.65 0.4 
-0.020458528513372543 0.40536813210151146 0.565205273026915 0.35 0.7 0.15 0.5 0.1 0.8 0.5 0.95 0.6 0.6 0.25 0.85 0.8 0.6 0.7 0.9 0.1 1.0 0.45 0.2 0.65 0.7 0.2 0.45 0.9 0.05 0.6 0.45 0.5 0.4 1.0 0.75 0.75 0.8 0.35 0.35 
-0.001956337685766033 0.6525596391492221 0.5606625365542269 0.55 0.9 0.5 0.55 0.85 0.6 1.0 0.45 0.4 0.75 0.4 0.95 0.95 0.1 0.4 0.5 0.5 0.4 0.95 0.6 0.55 0.9 0.85 0.15 0.85 0.25 0.45 0.45 0.6 0.7 1.0 0.95 0.45 0.15 0.15 1.0 
-0.017905324453712686 0.6060551514262049 0.405476686474918 0.9 0.95 0.2 0.55 0.75 0.55 1.0 0.45 0.4 0.2 0.35 0.6 0.95 0.1 1.0 0.75 0.65 0.55 0.95 0.6 0.6 0.85 0.85 0.15 0.85 0.25 0.75 0.9 0.6 0.55 0.85 0.95 0.45 0.15 0.7 0.85 
-0.0033501525232576858 0.6485901179861224 0.4194647536701724 0.9 0.1 0.5 0.45 0.8 0.6 1.0 0.4 0.45 0.4 0.35 0.6 0.95 0.8 0.85 0.5 0.65 0.85 0.65 0.35 0.15 0.85 0.85 0.15 0.85 0.25 0.45 0.45 0.6 0.2 0.85 0.95 0.45 0.85 1.0 0.4 
-0.8954551124206271 0.5316122582725642 0.3686126381888527 0.9 0.1 0.35 0.55 0.75 0.6 1.0 0.4 0.35 0.55 0.35 0.6 0.95 0.4 0.4 0.3 0.65 0.7 0.95 0.15 0.7 0.55 0.55 0.7 0.8 0.1 0.3 0.15 0.5 0.2 0.55 0.95 0.4 0.15 0.75 0.3 
-0.013497793645949614 0.5448290250288972 0.5986772582951315 0.9 0.65 0.35 0.55 0.75 0.6 0.9 0.55 0.8 0.2 0.35 0.6 0.95 0.1 0.4 0.8 0.65 0.85 0.95 0.6 0.6 0.85 0.85 0.15 0.75 0.1 0.45 0.55 0.6 0.7 0.85 0.95 0.45 0.35 0.65 0.1 
-0.023928031954272476 0.5237797802725717 0.618250382383076 0.9 0.2 0.25 0.5 0.6 0.4 1.0 0.55 0.9 1.0 0.35 0.6 0.6 1.0 0.9 0.5 0.3 0.3 0.95 0.6 0.9 0.85 0.85 0.15 1.0 0.25 0.45 0.8 0.6 0.7 0.95 0.8 0.4 0.8 0.15 0.85 
-0.04590413664907792 0.6687344174749614 0.42866151884806913 0.9 0.1 0.5 0.45 0.8 0.6 1.0 0.4 0.45 0.4 0.35 0.5 0.95 0.8 0.85 0.5 0.65 0.85 0.65 0.35 0.15 0.85 0.85 0.15 0.85 0.25 0.45 0.45 0.6 0.2 0.85 0.95 0.45 0.45 1.0 0.4 
-0.01149527202576553 0.43841215412815354 0.3726614951285341 1.0 0.65 0.5 0.1 0.0 0.8 1.0 0.95 0.6 0.95 0.25 0.45 0.1 0.6 1.0 0.2 0.25 0.15 0.9 0.95 1.0 0.7 0.3 0.55 0.9 0.1 0.6 0.75 0.5 0.4 0.9 0.6 0.75 1.0 0.3 0.45 
-0.0074110738883017635 0.6276191797305701 0.6241753362256831 0.75 0.0 0.35 0.45 0.6 0.4 1.0 0.55 0.8 0.75 0.35 0.6 0.95 0.1 0.9 0.5 0.65 0.85 0.95 0.6 0.45 0.6 0.85 0.15 1.0 0.25 0.45 0.75 0.6 0.7 0.85 0.65 0.4 0.35 0.3 0.8 
-0.005370119435582537 0.5320390576123845 0.377904998211506 0.9 0.1 0.35 0.55 0.75 0.6 1.0 0.4 0.35 0.75 0.35 0.6 0.95 0.4 0.4 0.25 0.65 0.7 0.95 0.15 0.65 0.55 0.55 0.15 0.75 0.1 1.0 0.2 0.6 0.2 0.55 0.85 0.4 0.15 0.8 0.4 
-0.006890560518737571 0.6200908349368673 0.5978746051743795 0.8 0.2 0.25 0.5 0.6 0.4 1.0 0.55 0.6 1.0 0.35 0.6 0.6 1.0 0.9 0.5 0.3 1.0 0.95 0.6 0.9 0.85 0.85 0.15 1.0 1.0 0.45 0.8 0.6 0.7 0.95 0.65 0.4 0.8 0.15 0.8 
-0.011385544022321087 0.4200524507665343 0.3994482940371864 1.0 0.65 0.5 0.75 1.0 0.8 1.0 0.95 0.6 0.95 0.25 0.6 0.15 1.0 0.1 0.2 0.05 0.15 0.9 0.55 1.0 0.7 0.85 0.55 0.7 0.1 0.55 0.55 0.5 0.4 0.9 0.45 0.25 0.9 0.3 0.45 
-0.034471578823454536 0.5481311469645265 0.3582882323350029 0.9 0.1 0.35 0.55 0.75 0.6 1.0 0.45 0.35 0.55 0.35 0.6 0.95 0.4 0.4 0.05 0.65 0.7 0.95 0.15 0.75 0.55 0.55 0.7 0.75 0.1 0.3 0.15 0.6 0.2 0.55 0.95 0.4 0.15 0.75 0.2 
-0.0022767727675018154 0.41183346268446297 0.39069082281075423 0.85 0.7 0.5 0.75 0.0 0.8 1.0 0.95 0.6 0.6 0.25 0.85 0.8 0.6 0.1 0.9 0.2 0.15 0.9 0.55 0.75 0.7 0.9 0.55 0.9 0.1 0.55 0.4 0.35 0.4 0.3 0.45 0.75 0.9 0.35 0.5 
-0.004832533738974082 0.6851544758675073 0.49015338217216103 1.0 0.95 0.35 0.5 0.75 0.75 1.0 0.55 0.65 0.9 0.35 0.6 0.95 0.85 0.45 0.6 0.6 0.85 0.95 0.6 0.15 0.85 0.85 0.2 0.75 0.25 0.45 0.6 0.6 0.7 0.9 0.65 0.45 0.4 1.0 0.65 
-0.00372914108689686 0.7007110084647493 0.49061579924325266 1.0 0.9 0.35 0.55 0.75 0.6 1.0 0.55 0.5 0.75 0.35 0.6 0.95 0.1 0.4 0.5 0.65 0.9 0.95 0.6 0.65 0.85 0.25 0.15 0.85 0.25 0.45 0.95 0.6 0.7 0.85 0.65 0.45 0.2 0.05 0.85 
-0.01725215301073363 0.7252094488620081 0.47348238520021696 1.0 0.9 0.35 0.4 0.75 0.85 1.0 0.55 0.65 0.9 0.35 0.6 0.15 0.1 1.0 0.7 0.6 0.85 0.95 0.6 0.15 0.85 0.85 0.65 0.7 0.25 0.45 0.45 0.6 0.7 1.0 0.65 0.45 0.2 0.05 0.85 
-0.004255389688037699 0.672648167654929 0.4357856237082533 0.9 0.1 0.5 0.55 0.75 0.6 1.0 0.4 0.35 0.4 0.35 0.6 0.95 0.8 0.85 0.5 0.65 0.85 0.95 0.6 0.15 0.85 0.85 0.15 0.85 0.25 0.45 0.45 0.6 0.2 0.85 0.95 0.45 0.85 1.0 0.4 
-0.012568594826164632 0.7058965169931996 0.5293366803525517 0.95 0.1 0.5 0.55 0.75 0.6 0.65 0.45 0.35 0.3 0.35 0.6 0.95 0.1 0.8 0.9 0.1 0.85 0.95 0.6 0.15 0.85 0.85 0.55 0.85 0.25 0.45 0.9 0.6 0.7 0.95 0.95 0.45 0.15 0.95 0.4 
-0.02962874088463275 0.46132823141625073 0.5907434265885072 0.0 0.6 0.85 0.45 0.05 0.8 0.9 0.9 0.15 0.6 0.15 0.85 0.8 0.6 0.7 0.9 0.1 0.25 0.45 0.65 0.65 0.7 0.2 0.45 0.9 0.05 0.4 0.3 0.5 0.4 1.0 0.75 0.5 0.85 0.35 0.45 
-0.011983130658440812 0.6879144117925233 0.4161161697887402 1.0 0.95 0.35 0.5 0.75 0.85 1.0 0.55 0.65 0.9 0.35 0.6 0.95 0.85 0.45 0.6 0.6 0.85 0.95 0.6 0.15 0.85 0.85 0.2 0.75 0.25 0.45 0.6 0.6 0.7 0.9 0.65 0.45 0.4 1.0 0.65 
-0.011651345806480962 0.7044110140502213 0.5070005239534414 1.0 0.9 0.35 0.5 0.75 0.85 1.0 0.75 0.65 0.9 0.35 0.6 0.95 0.1 0.5 0.5 0.6 0.85 0.95 0.6 0.15 0.85 0.85 0.25 1.0 0.25 0.45 0.75 0.6 0.7 0.9 0.65 0.45 0.4 0.2 0.8 
-0.020604153956319284 0.6760333727276391 0.3949890949162807 1.0 0.9 0.35 0.4 0.75 0.85 1.0 0.55 0.65 0.9 0.35 0.6 0.8 0.8 0.05 0.7 0.6 0.85 0.95 0.6 0.15 0.85 0.85 0.65 0.85 0.25 0.45 0.25 0.6 0.55 1.0 0.65 0.45 0.65 0.05 0.9 
-0.05547160709170834 0.411126743108964 0.4296881760835851 1.0 0.0 0.45 0.75 1.0 0.4 0.75 0.1 0.3 0.5 0.6 0.5 0.55 0.9 0.65 0.65 0.1 0.55 0.0 0.8 0.0 0.3 0.55 0.0 0.85 0.7 0.55 0.05 0.5 0.25 0.8 0.6 0.8 0.15 0.0 0.4 
-0.03955317418723752 0.4513293299514696 0.5849106396628506 0.35 0.6 0.75 0.45 0.05 0.8 0.9 0.95 0.2 0.6 0.15 0.85 0.8 0.6 0.7 0.9 0.1 0.25 0.45 0.65 1.0 0.7 0.2 0.45 0.9 0.05 0.4 0.3 0.5 0.4 1.0 0.75 0.5 0.85 0.35 0.5 
-0.0010335133643291502 0.5951701456239374 0.6291510633072144 0.65 0.65 0.4 0.55 0.65 0.65 0.9 0.55 0.8 0.2 0.35 0.6 0.75 0.8 0.1 0.3 0.75 0.2 0.65 0.85 0.45 0.85 0.2 0.15 0.9 0.25 0.45 0.4 0.6 0.7 1.0 0.95 0.45 0.15 0.65 0.35 
-0.007427628517872251 0.6770581771694448 0.5240810451671324 0.9 0.9 0.65 0.35 0.75 0.6 0.9 0.45 0.35 0.55 0.15 0.6 0.2 0.1 0.4 0.35 0.35 0.25 0.95 0.6 0.6 0.85 0.85 0.15 0.85 0.25 0.45 0.45 0.6 0.7 0.85 0.05 0.5 0.15 0.65 0.9 
-0.00950612386168629 0.4268888014160649 0.5860101586895334 0.3 0.6 0.4 0.6 0.05 0.8 0.9 0.45 0.6 0.9 0.15 0.85 0.8 0.6 0.2 0.9 0.1 1.0 0.45 0.95 0.05 0.7 0.85 0.45 0.9 0.05 0.7 0.4 0.5 0.4 1.0 0.75 0.5 0.8 0.35 0.5 
-0.01978075551087963 0.5382560712593862 0.6182946598537924 0.9 0.65 0.35 0.55 0.75 0.65 0.9 0.55 0.8 0.5 0.35 0.6 0.95 0.8 0.4 0.65 0.75 0.85 0.65 0.0 0.6 0.85 0.85 0.15 0.85 0.25 0.45 0.25 0.6 0.7 0.9 0.95 0.45 0.15 0.65 0.1 
-0.0343575111723105 0.6420998733827953 0.36429177644397803 0.8 0.1 0.5 0.7 0.7 0.6 1.0 0.55 0.35 0.5 0.35 0.6 0.55 0.1 0.4 0.5 0.55 0.85 0.95 0.8 0.15 0.85 0.85 0.7 0.9 0.3 0.35 0.45 0.6 0.5 0.85 0.95 0.7 0.15 0.85 0.65 
-0.0725064963534225 0.6884824016696015 0.4393336129633468 1.0 0.9 0.35 0.4 0.75 0.85 1.0 0.55 0.65 0.9 0.35 0.45 0.95 0.75 0.05 0.7 0.6 0.85 0.95 0.6 0.4 0.85 0.85 0.2 0.85 0.15 0.45 0.7 0.55 0.6 1.0 0.9 0.45 1.0 0.05 0.8 
-0.09476766017871491 0.4776727542692441 0.3700566026484541 1.0 0.65 0.5 0.75 0.0 0.8 1.0 0.95 0.6 0.95 0.25 0.45 0.1 0.6 1.0 0.2 0.25 0.15 0.9 0.95 1.0 0.7 0.3 0.55 0.9 0.1 0.6 0.75 0.5 0.4 0.9 0.6 0.75 1.0 0.3 0.45 
-0.016129164401624832 0.5418428684278238 0.6442307403347582 0.45 0.4 0.4 0.1 0.25 0.2 0.65 0.5 0.3 0.65 0.45 0.25 0.3 0.4 0.8 0.25 0.05 0.4 0.15 0.4 0.45 1.0 0.0 0.55 0.9 0.8 0.2 0.9 0.85 0.1 0.9 0.1 0.7 0.7 0.15 0.55 
-0.005434124928512465 0.6777065544550499 0.5418572201867704 0.95 0.1 0.5 0.55 0.75 0.6 0.3 0.45 0.35 0.3 0.35 0.6 0.25 0.1 0.8 0.9 0.1 0.05 0.95 0.6 0.65 0.85 0.85 0.55 0.85 0.25 0.45 0.9 0.6 0.7 0.95 0.95 0.45 0.15 0.95 0.4 
-0.1538193593214682 0.6411126587936138 0.3903512279847218 0.9 0.1 0.5 0.55 0.75 0.6 1.0 0.4 0.6 0.55 0.35 0.6 0.95 0.4 0.4 0.5 0.65 0.85 0.95 0.6 0.85 0.55 0.85 0.15 0.85 0.25 0.1 0.15 0.35 0.2 0.85 0.95 0.35 0.15 1.0 0.3 
-0.08976617100897209 0.604086273901113 0.3647653550575962 0.9 0.1 0.35 0.55 0.75 0.6 1.0 0.4 0.35 0.55 0.35 0.6 0.95 0.4 0.4 0.5 0.65 0.7 0.95 0.15 0.15 0.55 0.55 0.15 0.75 0.1 0.35 0.15 0.6 0.2 0.55 0.95 0.4 0.15 0.0 0.4 
-0.004370291167458376 0.44537513111067173 0.35072104190104614 1.0 0.65 0.5 0.75 0.0 0.8 1.0 0.95 0.6 0.95 0.25 0.45 0.1 0.6 1.0 0.2 0.25 0.15 0.9 0.55 1.0 0.7 0.3 0.55 0.9 0.1 0.6 0.75 0.5 0.4 0.9 0.6 0.25 0.7 0.3 0.45 
-0.03065594523023891 0.6253857150090454 0.3869178060470206 0.8 0.1 0.5 0.8 0.7 0.6 1.0 0.45 0.35 0.55 0.35 0.6 0.6 0.1 0.3 0.5 0.55 0.85 0.95 0.6 0.15 0.85 1.0 0.7 0.75 0.3 0.55 0.45 0.6 0.55 0.65 0.95 0.7 0.15 1.0 0.85 
-0.01919862493629329 0.6575736922020556 0.38745783513936044 1.0 0.9 0.35 0.4 0.75 0.85 1.0 0.55 0.65 0.8 0.35 0.45 0.45 0.75 0.05 0.7 0.6 0.85 0.95 0.6 0.4 0.05 0.85 0.2 0.2 0.2 0.45 0.6 0.6 0.55 1.0 0.8 0.45 1.0 0.05 0.8 
-0.010002786728977597 0.5136387750786429 0.5913625508604824 0.65 0.65 0.35 0.55 0.65 0.65 0.9 0.55 0.8 0.7 0.35 0.9 0.95 0.8 0.1 0.3 0.75 0.5 0.0 0.85 0.45 0.85 0.2 0.15 0.9 0.25 0.45 0.25 0.6 0.7 1.0 0.95 0.8 0.15 0.65 0.4 
-0.011578548077970974 0.6428703744709758 0.5943949684840686 0.9 0.2 0.35 0.75 0.6 0.4 1.0 0.55 0.4 1.0 0.35 0.6 0.6 0.1 0.9 0.3 0.6 0.5 0.95 0.6 0.6 0.85 0.85 0.15 1.0 0.25 0.4 0.85 0.6 0.7 0.85 0.65 0.4 0.1 0.15 0.8 
-0.0516608585299706 0.3852670536118637 0.43404901003668594 0.6 0.7 0.5 0.65 0.0 0.8 0.9 0.95 0.6 0.6 0.25 0.85 0.8 0.6 0.7 0.9 0.1 0.7 0.45 0.55 0.05 0.7 0.9 0.45 0.9 0.1 0.4 0.3 0.5 0.4 0.95 0.8 0.95 0.95 0.4 0.5 
-0.03551173508585318 0.41396471950918423 0.4375396453956529 0.6 0.7 0.5 0.65 0.0 0.8 0.9 0.95 0.6 0.6 0.25 0.85 0.8 0.6 0.7 0.9 0.1 0.7 0.45 0.55 0.05 0.7 0.9 0.45 0.8 0.1 0.4 0.3 0.5 0.4 0.85 0.8 0.95 0.95 0.4 0.5 
-0.06535797235001727 0.6917258797288413 0.3847155517930179 1.0 0.95 0.35 0.5 0.75 0.85 1.0 0.55 0.65 0.9 0.35 0.7 0.95 0.85 0.45 0.6 0.6 0.85 0.95 0.6 0.15 0.85 0.85 0.2 0.75 0.25 0.45 0.6 0.6 0.7 0.9 0.65 0.45 0.4 1.0 0.65 
-0.02330893578692984 0.4282913158886863 0.6032528857345748 0.65 0.6 0.75 0.5 0.05 0.8 1.0 0.5 0.6 0.9 0.25 0.85 0.8 0.6 0.7 0.9 0.1 0.15 0.45 0.2 0.65 0.7 0.2 0.45 0.9 0.05 0.25 0.45 0.5 0.4 1.0 0.75 0.75 0.75 0.35 0.5 
-0.001123913802284841 0.6625632900516936 0.5838543704672532 0.75 0.15 0.85 0.4 0.75 0.6 0.65 0.55 0.4 0.9 0.35 0.6 0.95 0.1 0.4 0.3 0.05 0.85 0.95 0.1 0.75 0.05 0.85 0.65 0.85 0.25 0.45 0.45 0.6 0.7 0.85 0.65 0.45 0.4 0.05 0.8 
-0.018788952742440804 0.6871393187206664 0.5640917248859184 1.0 0.9 0.35 0.3 0.75 0.6 0.65 0.55 0.7 0.9 0.35 0.6 0.95 0.1 0.4 0.3 0.05 0.85 0.45 0.95 0.75 0.85 0.85 0.65 0.85 0.25 0.45 0.75 0.6 0.7 0.85 0.65 0.45 0.2 1.0 0.6 
-0.04834564987786265 0.3743765745959655 0.5837860796034846 0.6 0.7 0.15 0.5 1.0 0.65 0.9 0.95 0.6 0.6 0.25 0.85 0.8 0.6 0.7 0.9 0.1 1.0 0.45 0.2 0.65 1.0 0.2 0.45 0.9 0.05 0.6 0.45 0.5 0.1 1.0 0.75 0.75 0.8 0.35 0.5 
-0.05723613539829741 0.645454608275226 0.3545862628077353 0.9 0.1 0.5 0.7 0.7 0.6 1.0 0.55 0.35 0.5 0.35 0.6 0.55 0.1 0.4 0.5 0.55 0.85 0.95 0.8 0.15 0.85 0.85 0.7 0.9 0.3 0.35 0.45 0.6 0.5 0.85 0.95 0.7 0.15 0.85 0.65 
-0.020125449710569756 0.41565311499967517 0.6065527539528862 0.35 0.7 0.15 0.5 0.1 0.8 0.5 0.95 0.6 0.6 0.25 0.85 0.8 0.6 0.7 0.9 0.1 1.0 0.45 0.2 0.65 0.7 0.2 0.45 0.9 0.05 0.6 0.45 0.5 0.4 1.0 0.75 0.75 0.8 0.35 0.5 
-0.016719259025247478 0.43939259559080257 0.6115099298231328 0.75 0.6 0.4 0.6 0.05 0.85 0.9 0.6 0.6 0.55 0.15 0.85 0.8 0.6 0.2 0.9 0.1 1.0 0.1 0.95 0.05 0.7 0.6 0.45 0.9 0.05 0.6 0.4 0.5 0.4 1.0 0.75 0.65 0.8 0.35 0.5 
-0.03226266484196105 0.5752158036416959 0.6223726198342656 0.8 0.2 0.85 0.5 0.6 0.9 1.0 0.55 0.25 1.0 0.35 0.6 0.6 0.1 0.05 0.65 0.65 0.5 0.95 0.6 0.1 0.85 0.85 0.4 1.0 0.25 0.45 0.35 0.6 0.7 0.85 0.65 0.4 0.8 0.15 0.8 
-0.004274041015552658 0.72550534587983 0.5203131839680809 0.95 0.2 0.5 0.4 0.75 0.6 1.0 0.45 0.35 0.3 0.35 0.6 0.95 0.1 0.8 0.9 0.65 0.85 0.95 0.6 0.9 0.85 0.85 0.0 0.85 0.25 0.45 0.9 0.6 0.7 0.95 0.95 0.7 0.35 0.95 0.25 
-0.001859917621792993 0.4035875674093962 0.47014825235816604 0.6 0.7 0.15 0.5 1.0 0.8 1.0 0.95 0.6 0.6 0.25 0.85 0.8 0.6 0.7 0.9 0.1 1.0 0.45 0.2 0.65 0.7 0.2 0.45 0.9 0.05 0.6 0.2 0.5 0.4 0.05 0.75 0.75 0.8 0.35 0.5 
-0.005279533344699134 0.5010601720968019 0.6572849805949911 0.95 0.15 0.3 0.4 0.05 0.1 0.85 0.55 0.9 0.9 0.35 0.6 0.95 0.1 0.4 0.2 0.05 0.2 0.6 0.75 0.2 0.15 0.2 0.65 1.0 0.2 0.45 0.45 0.6 0.75 0.9 0.65 0.45 0.4 0.05 0.85 
-0.050912468055988834 0.5525901607095631 0.36047700972166263 0.9 0.1 0.35 0.55 0.75 0.6 1.0 0.4 0.35 0.55 0.35 0.6 0.95 0.4 0.4 0.3 0.65 0.7 0.95 0.15 0.7 0.55 0.55 0.7 0.8 0.1 0.3 0.15 0.6 0.2 0.55 0.95 0.4 0.15 0.75 0.4 
-0.004138790839744804 0.35729638121871166 0.5707826809609139 0.65 0.6 0.75 0.5 0.05 0.7 0.9 0.95 0.6 0.9 0.25 0.85 0.8 0.3 0.7 0.9 0.1 0.15 0.45 0.2 0.65 0.7 0.2 0.45 0.9 0.05 0.8 0.45 0.5 0.4 1.0 0.75 0.8 0.75 0.35 0.5 
-0.04122116665692204 0.6220020485804797 0.3632301074239373 1.0 0.9 0.65 0.4 0.75 0.85 1.0 0.55 0.65 0.9 0.35 0.45 0.95 0.75 0.05 0.7 0.5 0.85 0.95 0.6 0.4 0.25 0.85 0.2 0.6 0.15 0.35 0.6 0.6 0.55 1.0 0.65 0.45 0.2 0.05 0.9 
-0.016230784355691006 0.39502180898689093 0.5981653402436288 0.75 0.6 0.4 0.6 0.05 0.8 0.9 0.45 0.6 0.9 0.15 0.85 0.8 0.6 0.2 0.9 0.1 1.0 0.45 0.95 0.05 0.7 0.85 0.45 0.9 0.05 0.7 0.4 0.5 0.4 1.0 0.75 0.5 0.8 0.35 0.5 
-0.0641259962740376 0.370850747594221 0.6063210516517951 0.45 0.7 0.3 0.5 1.0 0.8 0.9 0.95 0.6 0.7 0.25 0.85 0.8 0.9 0.7 0.9 0.1 1.0 0.2 0.2 0.65 0.7 0.2 0.45 0.9 0.05 0.6 0.45 0.5 0.4 1.0 0.75 0.75 0.8 0.35 0.5 
-0.004986123764699571 0.4038052957969721 0.39798253398931793 1.0 0.85 0.45 0.95 0.1 0.4 1.0 0.1 0.25 0.5 0.5 0.65 0.1 0.9 1.0 0.55 0.55 0.45 0.35 0.85 0.55 0.0 0.95 0.1 0.85 0.7 0.65 0.05 0.6 0.35 1.0 0.75 0.5 0.05 0.5 1.0 
-0.004929139980925076 0.36761893573905824 0.5763508787592616 0.45 0.7 0.15 0.8 1.0 1.0 0.9 0.95 0.6 0.6 0.25 0.85 0.8 0.9 0.7 0.9 0.1 1.0 0.45 0.2 0.65 0.7 0.2 0.45 0.9 0.05 0.65 0.15 0.5 0.4 1.0 0.75 0.75 0.8 0.35 0.5 
-0.006715128381664538 0.4666910527298511 0.5979779979472202 0.6 0.0 0.0 0.8 0.25 0.8 0.7 0.65 0.35 0.45 0.25 0.85 0.8 0.6 0.9 0.9 0.1 0.15 0.45 0.3 0.85 0.65 0.4 0.25 1.0 0.05 0.4 0.4 0.5 0.45 0.85 0.75 0.5 0.8 0.35 0.5 
-0.0015025322237154498 0.7399450523672796 0.4987286229356474 1.0 0.85 0.35 0.5 0.75 0.85 1.0 0.55 0.45 0.9 0.35 0.6 0.95 0.9 0.5 0.5 0.6 0.85 0.95 0.6 0.15 0.85 0.0 0.2 1.0 0.25 0.55 0.75 0.6 0.7 1.0 0.65 0.45 0.3 1.0 0.95 
-0.0024236259435973 0.3897915489225357 0.4282178309844529 0.95 0.1 0.6 0.55 0.75 0.0 1.0 0.4 0.3 0.55 0.9 0.6 0.4 0.9 0.85 0.5 0.65 0.95 0.95 0.8 0.55 0.25 0.85 0.15 0.85 0.25 0.45 0.45 0.45 0.1 0.2 0.6 0.5 0.8 0.55 0.4 
-0.01001395518489742 0.49604995755826464 0.37399574118838697 1.0 0.65 0.5 0.7 0.0 0.8 1.0 0.95 0.6 0.6 0.25 0.45 0.1 0.6 0.1 0.2 0.25 0.15 0.9 0.55 1.0 0.35 0.3 0.55 0.9 0.1 0.0 0.75 0.5 0.4 0.9 0.4 0.25 0.9 0.35 0.45 
-0.04914088030009621 0.6126032714272233 0.3643528563536462 0.9 0.1 0.5 0.55 0.75 0.55 1.0 0.4 0.35 0.5 0.35 0.6 0.95 0.4 0.4 0.5 0.65 0.85 0.95 0.6 0.15 0.55 0.85 0.15 0.85 0.25 0.1 0.15 0.35 0.2 0.85 0.95 0.35 0.15 1.0 0.3 
-0.01291959634496523 0.5055188125593048 0.6067620730258733 0.45 0.65 0.6 0.1 0.95 0.25 0.85 0.4 0.55 0.6 0.45 0.05 0.05 0.95 0.75 0.5 0.05 0.9 0.15 0.1 0.45 0.4 0.9 0.9 0.9 0.8 0.2 0.9 0.8 0.1 0.7 0.15 0.7 0.75 0.15 0.55 
-0.008233674200498982 0.37533521143912074 0.5453761896537077 0.35 0.6 0.75 0.45 0.6 0.9 0.9 0.95 0.6 0.6 0.15 0.8 0.8 0.25 0.7 0.9 0.1 0.25 0.7 0.65 0.75 0.7 0.2 0.45 0.9 0.2 0.85 0.3 0.4 0.4 1.0 0.75 0.5 0.95 0.35 0.5 
-0.007623532588942657 0.3592149608022486 0.49998166233782065 0.6 0.7 0.5 0.5 0.0 0.8 1.0 0.95 0.6 1.0 0.25 0.85 0.15 0.6 0.05 0.9 0.7 0.15 0.9 0.55 0.75 0.6 0.9 0.55 0.9 0.1 0.55 0.45 0.5 0.4 0.8 0.45 0.6 0.9 0.35 0.5 
-0.03580920515137938 0.7023093010326196 0.4331384794169428 1.0 0.9 0.35 0.6 0.75 0.85 1.0 0.45 0.65 0.9 0.4 0.6 0.95 0.1 1.0 0.5 0.6 0.45 0.95 0.6 0.15 0.85 0.85 0.65 0.85 0.25 0.45 0.75 0.6 0.7 0.85 0.65 0.45 0.2 0.05 0.85 
-0.003127030802357108 0.3384688620055346 0.4566038986407794 0.6 0.7 0.5 0.5 0.0 0.8 1.0 0.95 0.6 0.6 0.25 0.85 0.8 0.6 0.7 0.9 0.7 0.15 0.45 0.55 0.45 0.7 0.9 0.55 0.9 0.1 0.55 0.45 0.5 0.4 0.75 0.85 0.5 0.9 0.35 0.5 
-0.06865090424297303 0.5632681247209762 0.36598731270008533 0.9 0.1 0.35 0.55 0.75 0.6 1.0 0.4 0.35 0.55 0.35 0.6 1.0 0.4 0.4 0.5 0.65 0.7 1.0 0.15 0.15 0.55 0.55 0.15 0.75 0.1 0.4 0.0 0.6 0.2 0.55 0.95 0.4 0.15 1.0 0.45 
-0.022264957007047236 0.3569993425294979 0.4723202267983072 0.35 0.9 0.7 0.3 0.05 0.8 0.9 0.95 0.6 0.55 0.25 0.85 0.45 0.6 0.7 0.9 0.1 0.25 0.65 0.2 0.85 0.7 0.2 0.45 0.95 0.05 0.9 0.65 0.5 0.4 0.6 0.75 0.65 0.8 0.35 0.35 
-0.05066916295503453 0.5140011543913018 0.6412221916067178 0.75 0.0 0.5 0.9 0.6 0.4 0.65 0.55 0.4 0.75 0.65 0.6 0.2 0.1 0.4 0.5 1.0 0.85 0.95 0.9 0.35 0.6 0.8 0.15 1.0 0.25 0.45 0.75 0.6 0.7 0.85 0.65 0.4 0.15 0.95 0.1 
-0.03329627035271418 0.3331417521408575 0.5445645416110887 0.65 0.6 0.75 0.5 0.05 0.8 1.0 0.95 0.6 0.9 0.25 0.85 0.8 0.6 0.7 0.9 0.1 0.15 0.45 0.2 0.65 0.7 0.2 0.45 0.9 0.05 0.8 0.45 0.5 0.4 1.0 0.75 0.75 0.75 0.35 0.5 
-0.018104102387496334 0.3756731989456417 0.47229176824193636 0.35 0.9 0.75 0.3 0.05 0.8 0.9 0.95 0.6 0.55 0.25 0.85 0.8 0.6 0.7 0.9 0.1 0.25 0.65 0.2 0.85 0.7 0.2 0.45 0.9 0.05 0.9 0.65 0.5 0.4 0.6 0.75 0.65 0.8 0.35 0.35 
-0.04249212948817002 0.7069356607946814 0.4296655122305175 1.0 0.9 0.35 0.4 0.75 0.85 1.0 0.55 0.65 0.9 0.35 0.75 0.95 0.1 1.0 0.7 0.6 0.85 0.95 0.6 0.3 0.85 0.85 0.65 0.8 0.3 0.45 0.4 0.6 0.7 1.0 0.65 0.45 0.2 0.05 0.85 
-0.0005727828616240486 0.34016581163055415 0.48058396937992226 0.35 0.9 0.75 0.3 0.05 0.8 1.0 0.95 0.6 0.55 0.25 0.85 0.8 0.6 0.7 0.9 0.1 0.25 0.65 0.2 0.65 0.7 0.2 0.2 0.9 0.05 0.5 0.65 0.5 0.4 0.6 0.75 0.65 0.8 0.35 0.35 
-0.0017044146983597162 0.7009832338774143 0.5500937574269277 1.0 0.85 0.35 0.4 0.75 0.6 0.9 0.55 0.75 0.9 0.35 0.6 0.5 0.1 0.4 0.9 0.05 0.85 0.95 0.85 0.75 0.85 0.85 0.65 0.75 0.25 0.45 0.45 0.6 0.7 0.95 0.65 0.45 0.2 0.05 0.85 
-0.1908043313844266 0.4957667314512274 0.3654543890631673 1.0 0.65 0.5 0.7 0.0 0.8 1.0 0.95 0.6 0.6 0.25 0.45 0.1 0.6 0.1 0.2 0.25 0.15 0.9 0.55 1.0 0.35 0.2 0.55 0.9 0.1 0.0 0.75 0.5 0.4 0.8 0.45 0.25 0.9 0.35 0.45 
-0.04663768809318456 0.35686932674061245 0.6122271814336824 0.6 0.7 0.5 0.6 0.15 0.8 0.9 0.0 0.6 0.6 0.25 0.85 0.8 0.6 0.7 0.9 0.1 0.75 0.45 0.05 0.45 0.7 0.9 0.45 0.9 0.1 0.65 0.3 0.75 0.4 0.95 0.8 0.5 0.85 0.35 0.5 
-0.0031645064631563727 0.6904607016848715 0.5877299033284417 1.0 0.15 0.5 0.4 0.05 0.6 0.7 0.55 0.75 0.9 0.35 0.7 0.95 0.1 0.4 0.3 0.05 0.2 0.6 0.85 0.2 0.85 0.2 0.65 1.0 0.2 0.45 0.45 0.6 0.7 0.85 0.65 0.45 0.4 0.05 0.85 
-0.007391843003586724 0.3350705574719305 0.5183276270218289 0.6 0.7 0.5 0.1 0.15 0.8 0.9 0.95 0.6 0.6 0.25 0.85 0.8 0.6 0.7 0.9 0.1 0.5 0.45 0.35 0.45 0.7 0.9 0.45 0.9 0.1 0.65 0.3 0.5 0.4 0.95 0.8 0.5 0.85 0.35 0.5 
-0.08782473428602688 0.5044937244501053 0.6245540872863323 0.3 0.0 0.5 0.9 0.6 0.4 0.85 0.55 0.4 0.75 0.65 0.6 0.95 0.1 0.4 0.5 1.0 0.85 0.95 0.9 0.35 0.6 0.8 0.15 1.0 0.25 0.45 0.75 0.6 0.7 0.85 0.65 0.4 0.15 0.75 0.8 
-0.009518201262076562 0.30656848481229526 0.5031067339133406 0.6 0.7 0.5 0.65 0.0 0.8 0.9 0.95 0.6 0.6 0.25 0.85 0.8 0.6 0.7 0.85 0.1 0.7 0.45 0.55 0.45 0.7 0.9 0.45 0.9 0.1 0.75 0.3 0.5 0.4 0.95 0.8 0.5 0.95 0.35 0.5 
-0.9211656475424076 0.47023007877729256 0.6071446705555044 0.6 0.0 0.0 0.8 0.25 0.8 0.55 0.65 0.55 0.45 0.25 0.85 0.8 0.6 0.9 0.9 0.1 0.15 0.4 0.3 0.85 0.65 0.4 0.25 1.0 0.05 0.4 0.4 0.5 0.45 0.85 0.75 0.5 0.8 0.35 0.5 
-0.01733724853532479 0.35701691331589624 0.44660331592885233 0.6 0.7 0.5 0.2 0.15 0.8 0.95 0.95 0.6 0.6 0.25 0.85 0.8 0.7 0.7 0.9 0.1 0.75 0.45 0.2 0.45 0.7 0.9 0.45 0.9 0.1 0.5 0.3 0.5 0.4 0.35 0.8 0.5 0.8 0.35 0.5 
-111.92591224821695 0.4415435458026975 0.6403945641893757 0.45 0.5 0.95 0.2 0.4 0.9 0.95 0.65 0.25 0.6 0.45 0.45 0.05 0.0 0.4 0.05 0.3 0.3 0.15 0.1 0.65 0.25 0.4 0.55 0.9 0.8 0.2 0.95 0.95 0.1 0.9 0.15 0.85 0.75 0.15 0.55 
-0.023425446348767143 0.43007034455812587 0.35989286560212597 1.0 0.65 0.5 0.75 0.0 0.8 1.0 0.95 0.6 0.95 0.25 0.45 0.1 0.6 1.0 0.0 0.25 0.15 0.9 0.55 1.0 0.7 0.3 0.55 0.9 0.1 0.8 0.75 0.5 0.4 0.9 0.6 0.25 0.7 0.3 0.45 
-0.043648793564217976 0.40095645045087885 0.37444126386777454 1.0 0.65 0.5 0.75 0.0 0.8 1.0 0.95 0.6 0.6 0.25 0.7 0.8 0.6 0.7 0.9 0.25 0.15 0.9 0.55 1.0 0.7 0.4 0.1 0.9 0.1 0.6 0.3 0.5 0.4 0.8 0.45 0.5 0.9 0.35 0.45 
-3.6903874562885512 0.5002648794306863 0.6352960983986563 0.65 0.2 0.35 0.8 0.55 0.45 1.0 0.45 0.4 0.1 0.5 0.75 0.6 0.85 0.9 0.5 0.65 0.05 0.75 0.3 0.8 0.85 0.85 0.2 1.0 0.2 0.25 0.85 0.6 0.7 1.0 0.65 0.4 0.75 0.15 0.8 
-0.0004952314016699078 0.5485263614217486 0.6386795932362328 0.45 0.4 0.45 0.1 0.05 0.2 0.65 0.5 0.3 0.65 0.45 0.25 0.3 0.4 0.8 0.25 0.05 0.4 0.15 0.4 0.45 1.0 0.0 0.35 0.85 0.8 0.2 0.9 0.85 0.1 0.9 0.1 0.7 0.7 0.15 0.55 
-115.43968840983527 0.4580306182719167 0.636197684672016 0.45 0.5 0.6 0.1 0.3 0.9 0.7 0.4 0.2 0.6 0.45 0.45 0.05 0.0 0.6 0.5 0.05 0.7 0.15 0.15 0.8 0.75 1.0 0.55 0.9 0.8 0.2 1.0 0.85 0.1 0.9 0.15 0.6 0.75 0.15 0.55 
-0.004988178941318387 0.3928013066886275 0.3959914293688504 0.6 0.4 0.5 0.65 0.0 0.8 1.0 0.95 0.6 0.6 0.25 0.85 0.8 0.1 0.7 0.9 0.95 0.1 0.7 0.55 0.45 0.7 0.9 0.45 0.9 0.1 0.4 0.65 0.5 0.4 0.05 0.8 0.95 0.95 0.35 0.5 
-0.0043077413094647285 0.3242764063016744 0.4239569572212412 0.55 0.7 0.5 0.75 0.0 0.8 1.0 0.95 0.6 0.6 0.25 0.85 0.8 0.6 0.1 0.9 0.25 0.15 0.9 0.55 0.75 0.7 0.9 0.55 0.9 0.1 0.55 0.5 0.5 0.4 0.3 0.45 0.5 0.9 0.35 0.5 
-121.00915336186401 0.44830660101644554 0.6667354104038955 0.45 0.5 0.95 0.2 0.4 0.9 0.95 0.65 0.15 0.6 0.45 0.45 0.05 0.0 0.4 0.05 0.3 0.3 0.15 0.1 0.65 0.6 0.4 0.55 0.9 0.8 0.2 0.95 0.95 0.1 0.9 0.15 0.85 0.75 0.15 0.55 
-0.01948142911758746 0.41640447033212397 0.36054346014159755 1.0 0.65 0.5 0.75 0.0 0.8 1.0 0.0 0.6 0.6 0.25 0.7 0.8 0.6 0.7 0.9 0.25 0.15 0.9 0.55 1.0 0.7 0.4 0.1 0.9 0.1 0.6 0.3 0.5 0.4 0.8 0.45 0.5 0.9 0.35 0.45 
-124.10542393849256 0.4639981486541885 0.6719513240156904 0.45 0.5 0.95 0.2 0.3 0.9 0.95 0.65 0.15 0.6 0.45 0.45 0.05 0.0 0.4 0.95 0.05 0.3 0.15 0.1 0.65 0.6 1.0 0.55 0.9 0.8 0.2 0.95 0.95 0.1 0.9 0.15 0.85 0.75 0.15 0.55 
-0.009610339143688047 0.3965174383816195 0.615734574578374 0.75 0.6 0.4 0.6 0.05 0.8 0.9 0.6 0.6 0.9 0.15 0.85 0.8 0.6 0.2 0.9 0.1 1.0 0.45 0.95 0.05 0.7 0.0 0.45 0.9 0.05 0.7 0.4 0.5 0.4 1.0 0.75 0.65 0.8 0.35 0.5 
-0.03732212699237404 0.7034982384073675 0.39714211930512366 1.0 0.9 0.35 0.4 0.75 0.85 1.0 0.55 0.65 1.0 0.35 0.45 0.95 0.75 0.05 0.7 0.6 0.85 0.95 0.6 0.4 0.85 0.85 0.2 0.85 0.15 0.25 0.6 0.6 0.55 1.0 0.9 0.45 0.45 0.05 0.8 
-0.05160161097140965 0.4464317844276188 0.6157772995612651 0.7 0.0 0.45 0.8 0.25 0.8 0.7 0.65 0.1 0.6 0.25 0.85 0.8 0.6 0.9 0.9 0.7 0.15 0.45 0.3 0.55 0.65 0.4 0.25 1.0 0.05 0.2 0.4 0.5 0.45 0.85 0.75 0.5 0.8 0.35 0.5 
-0.021365147080295882 0.7266268022682277 0.5545526918340494 1.0 0.8 0.35 0.5 0.75 0.85 1.0 0.55 0.65 0.9 0.35 0.6 0.95 0.1 0.5 0.5 0.6 0.85 0.95 0.6 1.0 0.65 0.15 0.2 1.0 0.25 0.45 0.5 0.6 0.7 0.85 0.65 0.25 0.35 0.95 0.8 
-0.008920178607048898 0.7013453594372148 0.5660906114366101 1.0 0.15 0.5 0.45 0.75 0.6 0.7 0.55 0.8 0.8 0.35 0.6 0.95 0.1 0.4 0.3 0.6 0.6 0.95 0.85 0.75 0.85 0.85 0.65 1.0 0.25 0.45 0.45 0.6 0.7 0.9 0.65 0.45 0.1 0.8 0.7 
-0.013051183050592802 0.3372284928473366 0.4829812647634785 0.6 0.7 0.5 0.65 0.0 0.8 0.9 0.95 0.6 0.6 0.25 0.85 0.8 0.6 0.7 0.75 0.1 0.7 0.45 0.55 0.45 0.7 0.7 0.45 0.9 0.1 0.8 0.3 0.5 0.55 0.95 0.8 0.5 0.8 0.35 0.5 
-0.0051862068169145036 0.6387280960661528 0.6070501976658035 0.8 0.9 0.35 0.4 0.75 0.05 0.7 0.55 0.75 0.9 0.35 0.6 0.95 0.1 0.9 0.3 0.05 0.85 0.95 0.0 0.75 0.85 0.85 0.65 0.85 0.25 0.45 0.45 0.6 0.7 0.85 0.65 0.45 0.2 0.05 0.85 
-0.02980676392814915 0.34136925141662366 0.42737602547330417 0.6 0.7 0.5 0.5 0.0 0.8 1.0 0.95 0.6 0.45 0.25 0.85 0.8 0.6 0.7 0.9 0.7 0.15 0.45 0.55 0.45 0.7 0.9 0.55 0.9 0.1 0.55 0.45 0.5 0.4 0.75 0.85 0.5 0.9 0.35 0.5 
-0.3625161464069222 0.46879843652677866 0.34664587850551964 1.0 0.65 0.5 0.75 1.0 0.8 1.0 0.95 0.6 0.95 0.25 0.45 0.1 0.6 0.1 0.2 0.05 0.15 0.9 0.55 1.0 0.7 0.3 0.55 0.9 0.1 0.55 0.75 0.5 0.4 0.6 0.45 0.25 0.9 0.3 0.45 
-0.01769957743306746 0.3223425647448057 0.43864810254547343 0.55 0.7 0.5 0.75 0.0 0.8 1.0 0.95 0.6 0.6 0.25 0.85 0.8 0.6 0.6 0.7 0.0 0.15 0.9 0.55 0.75 0.7 0.9 0.55 1.0 0.1 0.55 0.5 0.5 0.4 0.65 0.85 0.5 0.9 0.35 0.5 
-0.04548411319686581 0.5327816570571726 0.6533786849216084 0.45 0.4 0.5 0.1 0.45 0.35 0.65 0.5 0.3 0.6 0.45 0.25 0.7 0.4 0.5 0.5 0.05 0.4 0.15 0.4 0.45 1.0 0.0 0.55 0.9 0.8 0.2 0.9 0.85 0.1 0.9 0.1 0.7 0.7 0.15 0.55 
-124.10088127044546 0.4191487046153204 0.671273094800984 0.45 0.3 0.6 0.2 0.3 0.95 0.7 0.25 0.1 0.6 0.45 0.45 0.05 0.0 0.6 0.95 0.05 0.85 0.4 0.1 0.8 0.75 0.2 0.55 0.9 0.8 0.2 0.95 0.85 0.1 0.9 0.15 0.6 0.9 0.15 0.55 
-111.5501540793298 0.4318462651181037 0.649983838463863 0.45 0.3 0.45 0.2 0.3 0.9 1.0 0.4 0.2 0.6 0.45 0.35 0.05 0.0 0.6 0.95 0.25 0.7 0.15 0.1 0.8 0.75 1.0 0.55 0.9 0.8 0.2 0.95 0.85 0.1 0.75 0.15 0.6 0.75 0.15 0.6 
-0.020404974576023034 0.33949389503924643 0.47063787240371163 0.35 0.9 0.75 0.3 0.05 0.9 1.0 0.95 0.6 0.55 0.25 0.85 0.8 0.6 0.7 0.9 0.1 0.6 0.65 0.2 0.65 0.7 0.2 0.2 0.9 0.05 0.5 0.65 0.5 0.4 0.6 0.75 0.65 0.8 0.35 0.35 
-0.9122286979637766 0.41259438380219016 0.6332354271542279 0.75 0.6 0.4 0.6 0.05 0.8 0.9 0.6 0.6 0.55 0.15 0.85 0.8 0.6 0.2 0.9 0.1 1.0 0.1 0.95 0.05 0.7 0.6 0.45 0.9 0.05 0.6 0.4 0.5 0.4 1.0 0.75 0.65 0.8 0.35 0.5 
-0.040067602746881106 0.669628788994081 0.5993651647960085 1.0 0.2 0.8 0.5 0.6 0.4 0.15 0.6 0.45 0.9 0.35 0.6 0.6 0.1 0.0 0.5 0.3 0.5 0.95 0.6 0.25 0.85 0.0 0.35 0.8 0.25 0.5 0.95 0.45 0.7 0.85 0.65 0.4 0.9 0.15 0.8 
-0.025796204642315784 0.3664702881441929 0.40153154300018085 0.85 0.7 0.5 0.75 0.0 0.8 1.0 0.95 0.6 0.6 0.25 0.85 0.8 0.6 0.1 0.9 0.25 0.15 0.9 0.55 0.75 0.7 0.9 0.55 0.65 0.1 0.55 0.7 0.5 0.4 0.3 0.45 0.5 0.9 0.35 0.5 
-0.01893829725806995 0.603199552356243 0.6505377542294941 0.25 0.2 0.6 0.65 0.6 0.4 1.0 0.55 0.35 0.7 0.35 0.6 0.45 0.1 0.9 0.5 0.3 0.3 0.15 0.6 0.25 0.85 0.85 0.35 0.95 0.25 0.45 0.95 0.6 0.7 0.9 0.65 0.4 0.9 0.15 0.8 
-0.0077790651497667545 0.6829149871352991 0.6009085139210435 1.0 0.2 0.8 0.05 0.15 0.4 0.65 0.6 0.45 0.9 0.35 0.6 0.6 0.1 0.0 0.5 0.05 0.5 0.95 0.6 0.7 0.85 0.0 0.35 0.8 0.25 0.45 0.95 0.6 0.7 0.85 0.65 0.4 0.9 0.15 0.8 
-0.1958522835310792 0.593714219756435 0.34029358129496934 1.0 0.9 0.35 0.4 0.75 0.85 1.0 0.55 0.65 0.7 0.35 0.45 0.95 0.75 0.05 0.7 0.6 0.95 0.95 0.6 0.4 0.85 0.85 0.2 0.35 0.15 0.45 0.4 0.6 0.55 1.0 0.65 0.45 0.25 0.1 0.9 
-0.07505947473842134 0.3384707329025 0.5519824933057864 0.65 0.6 0.75 0.5 0.05 0.8 0.9 0.95 0.6 0.6 0.25 0.85 0.8 0.6 0.7 0.9 0.1 0.15 0.45 0.2 0.65 0.7 0.2 0.45 0.9 0.05 0.8 0.45 0.5 0.4 1.0 0.75 0.75 0.75 0.35 0.5 
-0.005590807307750073 0.3041720545648784 0.4771451255576019 0.6 0.7 0.5 0.65 0.0 0.8 1.0 0.95 0.6 0.6 0.25 0.85 0.8 0.6 0.7 0.9 0.1 0.15 0.45 0.55 0.45 0.7 0.9 0.45 0.9 0.1 0.4 0.35 0.5 0.4 0.95 0.65 0.5 0.95 0.35 0.4 
-0.00970616482661878 0.6750515475721279 0.6047027064222604 1.0 0.15 0.5 0.4 0.05 0.45 0.7 0.55 0.75 0.9 0.35 0.7 0.95 0.1 0.4 0.3 0.05 0.2 0.6 0.85 0.2 0.85 0.2 0.65 1.0 0.2 0.45 0.45 0.6 0.7 0.85 0.65 0.45 0.4 0.05 0.85 
-0.006266532811359931 0.614930573484607 0.6338907915898211 0.9 0.0 0.35 0.85 0.6 0.4 1.0 0.55 0.4 1.0 0.35 0.6 0.6 0.1 0.2 0.5 0.65 0.5 0.95 0.6 0.6 0.85 0.85 0.15 1.0 0.25 0.45 0.75 0.6 0.7 0.85 0.65 0.4 0.45 0.15 0.8 
-0.0032360144298196206 0.7327637908388708 0.4655768218982325 0.95 0.1 0.5 0.55 0.75 0.6 1.0 0.45 0.35 0.3 0.35 0.6 0.95 0.1 0.8 0.9 0.65 0.85 0.95 0.6 0.15 0.85 0.85 0.55 0.85 0.25 0.45 0.9 0.6 0.7 0.95 0.95 0.7 0.35 0.95 0.25 
-0.005634404517872617 0.7206831264339203 0.45386255757789523 1.0 0.9 0.35 0.5 0.75 0.85 1.0 0.55 0.65 0.9 0.35 0.6 0.95 0.1 0.5 0.5 0.6 0.85 0.95 0.6 0.15 0.85 0.85 0.2 1.0 0.25 0.45 0.6 0.6 0.7 0.9 0.65 0.45 0.4 0.7 0.8 
-0.4089083431735336 0.5021554752650426 0.6746029060513234 1.0 0.15 0.3 0.4 0.05 0.1 0.35 0.55 0.75 0.9 0.35 0.6 0.95 0.1 0.4 0.3 0.05 0.2 0.6 0.75 0.2 0.85 0.2 0.65 1.0 0.2 0.45 0.5 0.6 0.75 0.9 0.65 0.45 0.4 0.05 0.85 
-0.02107001415566967 0.5123658384174439 0.691391420426881 0.9 0.2 0.35 0.75 0.6 0.4 0.35 0.45 0.4 0.6 0.35 0.3 0.6 0.1 0.9 0.5 0.65 0.9 0.95 0.6 0.6 0.85 0.85 0.15 1.0 0.25 0.45 0.85 0.6 0.7 0.85 0.65 0.4 0.9 0.15 0.8 
-130.5206217663199 0.4748807406702963 0.6795910632803095 0.45 0.5 0.95 0.2 0.4 0.9 0.85 0.65 0.25 0.6 0.45 0.45 0.05 0.0 0.4 0.05 0.3 0.3 0.15 0.1 0.65 0.25 0.4 0.55 0.9 0.8 0.2 0.95 0.95 0.1 0.9 0.15 0.85 0.75 0.15 0.55 
-0.008249050433014916 0.6318787459111467 0.6411234059714529 1.0 0.15 0.5 0.4 0.05 0.1 0.05 0.55 0.75 0.9 0.35 0.6 0.95 0.1 0.4 0.3 0.05 0.2 0.6 0.85 0.2 0.85 0.2 0.65 1.0 0.2 0.45 0.45 0.6 0.7 0.9 0.65 0.45 0.4 0.05 0.85 
-0.0967701590397814 0.35185581296263657 0.597153825789034 0.35 0.7 0.15 0.5 1.0 0.8 0.9 0.95 0.6 0.6 0.25 0.85 0.8 0.6 0.7 0.9 0.1 1.0 0.45 0.2 0.65 0.7 0.2 0.45 0.9 0.05 0.6 0.45 0.5 0.4 1.0 0.75 0.75 0.8 0.35 0.5 
-144.62518806115568 0.4588309692481959 0.7162300944472226 0.65 0.3 0.6 0.1 0.85 0.25 0.95 0.55 0.25 0.6 0.45 0.35 0.7 0.55 0.5 0.5 0.05 1.0 0.15 0.35 0.7 0.0 0.0 0.55 0.9 0.85 0.2 0.9 0.85 0.1 0.9 0.15 0.7 1.0 0.15 0.55 
-0.007227259377675271 0.5386215332982938 0.6784760790461539 1.0 0.15 0.3 0.35 0.05 0.1 0.85 0.55 0.7 0.9 0.35 0.6 0.95 0.1 0.4 0.2 0.05 0.2 0.6 0.75 0.2 0.85 0.2 0.65 0.95 0.2 0.45 0.45 0.6 0.75 0.9 0.65 0.45 0.4 0.05 0.85 
-0.023394363421717378 0.3020342743393062 0.4990151129305782 0.6 0.7 0.5 0.65 0.0 0.8 0.9 0.95 0.6 0.6 0.25 0.85 0.8 0.6 0.7 0.85 0.9 0.7 0.45 0.55 0.45 0.65 0.9 0.45 0.8 0.1 0.5 0.3 0.5 0.4 0.95 0.8 0.5 0.95 0.35 0.5 
-0.03364471621315566 0.3417371713477795 0.5774583239866564 0.6 0.95 0.15 0.5 1.0 0.8 1.0 0.95 0.6 0.6 0.25 0.85 0.8 0.6 0.7 0.9 0.1 1.0 0.45 0.2 0.65 0.7 0.2 0.45 0.9 0.05 0.6 0.45 0.5 0.4 1.0 0.75 0.75 0.7 0.35 0.5 
-0.014312003960028014 0.5079565173803554 0.7017030146543805 1.0 0.2 0.8 0.5 0.15 0.4 1.0 0.6 0.9 0.9 0.35 0.6 0.15 0.1 0.9 0.5 0.3 0.5 0.95 0.9 0.8 0.85 0.55 0.35 0.95 0.25 0.45 0.95 0.6 0.7 1.0 0.65 0.4 0.55 0.15 0.8 
-0.00268685686404644 0.3043992503714228 0.5109835510376382 0.6 0.7 0.5 0.65 0.0 0.8 0.9 0.95 0.6 0.6 0.25 0.85 0.8 0.6 0.7 0.9 0.1 0.7 0.45 0.55 0.45 0.7 0.7 0.45 0.9 0.1 0.8 0.3 0.5 0.4 0.95 0.8 0.5 0.8 0.35 0.5 
-0.007418597118215843 0.31910850245813405 0.534425883723923 0.6 0.7 0.8 0.5 1.0 0.8 1.0 0.95 0.6 0.6 0.25 0.85 0.8 0.6 0.7 0.9 0.1 1.0 0.45 0.2 0.65 0.7 0.2 0.45 0.9 0.05 0.6 0.45 0.5 0.4 1.0 0.75 0.75 0.7 0.35 0.5 
-0.025236163658800874 0.3644473227143713 0.37578300900294437 0.85 0.7 0.5 0.75 0.0 0.8 1.0 0.95 0.6 0.6 0.25 0.85 0.8 0.6 0.1 0.9 0.2 0.15 0.9 0.55 0.75 0.7 0.9 0.55 0.9 0.1 0.55 0.7 0.5 0.4 0.3 0.45 0.75 0.9 0.35 0.5 
-0.024036525712365735 0.3969828823520392 0.3483452224291978 1.0 0.65 0.5 0.75 0.0 0.8 1.0 0.95 0.6 0.95 0.25 0.45 0.1 0.6 0.55 0.2 0.25 0.15 0.9 0.55 1.0 0.7 0.3 0.55 0.9 0.1 0.6 0.75 0.5 0.4 0.9 0.8 0.25 0.7 0.3 0.45 
-0.0002256968033859182 0.34783059336761557 0.5992979066508811 0.45 0.7 0.3 0.5 1.0 0.8 0.9 0.95 0.6 0.6 0.25 0.85 0.8 0.9 0.7 0.9 0.1 1.0 0.2 0.2 0.65 0.7 0.2 0.45 0.9 0.05 0.6 0.45 0.5 0.4 1.0 0.75 0.75 0.8 0.35 0.5 
-0.08922939330736658 0.27834832147960575 0.48167524358465663 0.65 0.7 0.5 0.65 0.0 0.75 1.0 0.95 0.6 0.55 0.25 0.85 0.6 0.6 0.2 0.95 0.7 0.15 0.9 0.55 0.75 0.7 0.9 0.55 1.0 0.1 0.45 0.5 0.5 0.4 0.95 0.45 0.5 0.9 0.35 0.5 
-0.017941722848230583 0.29694092103351855 0.45117080797888315 0.6 0.7 0.5 0.5 0.0 0.8 1.0 0.95 0.6 0.6 0.25 0.85 0.8 0.6 0.1 0.9 0.7 0.15 0.9 0.55 0.75 0.7 0.6 0.85 0.9 0.1 0.6 0.5 0.5 0.4 0.8 0.45 0.6 0.9 0.35 0.5 
-0.03892894693746709 0.5482737916121216 0.6853869726133779 1.0 0.15 0.3 0.4 0.05 0.1 0.85 0.55 0.7 0.9 0.35 0.6 0.95 0.1 0.4 0.2 0.05 0.2 0.6 0.75 0.2 0.85 0.2 0.65 1.0 0.2 0.45 0.45 0.6 0.75 0.9 0.65 0.45 0.4 0.05 0.85 
-0.003782331634393357 0.2910062618998899 0.4309734421489748 0.65 0.65 0.5 0.95 0.05 0.8 1.0 0.95 0.6 0.7 0.25 0.85 0.8 0.6 0.1 0.3 0.25 0.15 0.9 0.55 1.0 0.7 0.4 0.55 0.95 0.1 0.6 0.9 0.5 0.4 0.9 0.45 0.2 0.9 0.35 0.45 
-0.6235615609276406 0.33017964779886066 0.38622084304303006 0.85 0.7 0.5 0.75 0.0 0.8 1.0 0.95 0.6 0.6 0.25 0.85 0.8 0.6 0.6 0.7 0.8 0.15 0.9 0.55 0.3 0.7 0.9 0.8 1.0 0.1 0.35 0.6 0.5 0.4 0.35 0.45 0.5 0.9 0.35 0.5 
-0.028763701537263174 0.5720469804379853 0.6522904180083748 0.8 0.2 0.25 0.5 0.6 0.4 0.35 0.55 0.0 1.0 0.35 0.6 0.6 1.0 0.9 0.5 0.3 1.0 0.95 0.6 0.9 0.5 0.85 0.15 1.0 1.0 0.45 0.8 0.6 0.7 0.95 0.65 0.4 0.8 0.15 0.8 
-0.051142783729307736 0.3169321089953012 0.5690366620625902 0.6 0.7 0.5 0.65 0.15 0.8 0.95 0.95 0.6 0.6 0.25 0.85 0.0 0.7 0.7 0.9 0.1 0.75 0.45 0.2 0.45 0.7 0.9 0.45 0.9 0.1 0.6 0.3 0.5 0.4 0.95 0.8 0.5 0.8 0.35 0.5 
-0.09673690143989584 0.7198808906540528 0.42966319761172955 1.0 0.9 0.65 0.5 0.75 0.85 1.0 0.55 0.65 0.9 0.35 0.6 0.95 0.75 0.05 0.55 0.95 0.95 0.35 0.6 0.4 0.85 0.85 0.2 1.0 0.15 0.45 0.85 0.6 0.65 1.0 0.65 0.45 0.55 0.0 0.9 
-0.07129581773594017 0.2967673063066396 0.42448249704553703 0.85 0.7 0.5 0.75 0.0 0.8 0.95 0.95 0.6 0.6 0.25 0.85 0.8 0.6 0.6 0.7 0.8 0.15 0.9 0.55 0.8 0.7 0.9 0.8 1.0 0.1 0.35 0.6 0.5 0.4 0.65 0.45 0.5 0.9 0.35 0.5 
-0.022741187559551963 0.6617175394564548 0.6458644435700062 1.0 0.2 0.8 0.5 0.6 0.35 1.0 0.1 0.85 0.9 0.35 0.6 0.6 0.1 0.0 0.05 0.3 0.8 0.4 0.6 0.25 0.65 0.6 0.35 1.0 0.25 0.5 0.9 0.6 0.7 0.95 0.65 0.3 0.5 0.15 0.8 
-0.049688268973966165 0.3094350021007869 0.411870218909279 0.6 0.7 0.5 0.7 0.0 0.8 1.0 0.95 0.6 0.6 0.25 0.85 0.8 0.6 0.7 0.9 0.7 0.15 0.2 0.55 1.0 0.7 0.75 0.45 1.0 0.1 0.6 0.5 0.5 0.4 0.3 0.45 0.5 0.9 0.35 0.5 
-0.014603595932124215 0.7149888056985167 0.5802647187846489 0.85 0.2 0.55 0.65 0.6 0.4 1.0 0.4 0.35 0.7 0.35 0.5 0.45 0.1 0.9 0.5 0.3 0.3 0.15 0.6 0.25 0.85 0.85 0.35 0.95 0.25 0.45 0.95 0.6 0.7 0.9 0.65 0.4 0.25 0.15 0.8 
-0.007029021213260115 0.7392588697349489 0.4739573952579787 1.0 0.9 0.35 0.85 0.75 0.85 1.0 0.55 0.65 0.65 0.35 0.6 0.95 0.0 0.5 0.65 0.6 0.85 0.95 0.6 0.6 0.85 0.85 0.2 1.0 0.25 0.45 0.75 0.6 0.7 0.85 0.55 0.45 0.35 1.0 0.8 
-0.08306980588533462 0.5636571787743059 0.6796809241626292 1.0 0.15 0.3 0.35 0.05 0.1 0.85 0.55 0.7 0.9 0.35 0.6 0.95 0.7 0.4 0.2 0.05 0.2 0.6 0.75 0.2 0.85 0.2 0.65 0.95 0.2 0.45 0.75 0.6 0.75 0.9 0.65 0.45 0.4 0.05 0.85 
-0.0011049114207788426 0.33976299106565666 0.4006988717867154 0.85 0.7 0.5 0.75 0.0 0.8 1.0 0.95 0.6 0.6 0.25 0.85 0.8 0.6 0.1 0.9 0.25 0.15 0.9 0.55 0.75 0.7 0.9 0.55 0.9 0.1 0.55 0.7 0.5 0.4 0.3 0.45 0.5 0.9 0.35 0.5 
-0.11969414924269942 0.34616081532699483 0.389496910879332 0.85 0.7 0.5 0.75 0.0 0.8 1.0 0.95 0.6 0.6 0.25 0.85 0.8 0.6 0.6 0.7 0.8 0.35 0.9 0.55 0.3 0.7 0.9 0.8 1.0 0.1 0.35 0.6 0.5 0.4 0.3 0.45 0.5 0.9 0.35 0.5 
-0.09592950351439765 0.5838230506184038 0.346719570851997 1.0 0.9 0.35 0.4 0.75 0.85 1.0 0.55 0.65 0.7 0.35 0.45 0.95 0.75 0.05 0.65 0.6 0.95 0.95 0.6 0.4 0.85 0.85 0.2 0.5 0.15 0.45 0.4 0.6 0.55 1.0 0.65 0.45 0.25 0.1 0.9 
-6.456278715957785 0.3049117019679214 0.3797347643193749 1.0 0.65 0.5 0.75 0.0 0.8 1.0 0.95 0.6 0.6 0.25 0.85 0.8 0.6 0.1 0.2 0.25 0.15 0.9 0.55 1.0 0.7 0.4 0.55 0.9 0.1 0.6 0.5 0.5 0.4 0.9 0.45 0.5 0.9 0.35 0.45 
-0.008335185687593375 0.6252019445482171 0.6599396901401634 1.0 0.15 0.5 0.55 0.4 0.6 0.45 0.55 0.75 0.55 0.35 0.6 0.5 0.55 0.45 0.3 0.05 0.85 0.95 0.85 0.75 0.25 0.85 0.65 1.0 0.25 0.45 0.65 0.6 0.7 0.85 0.65 0.45 0.4 0.1 0.85 
-0.013665478771140958 0.6978496748062967 0.6295405959093883 1.0 0.2 0.8 0.4 0.6 0.35 1.0 0.6 0.4 0.95 0.35 0.35 0.6 0.1 0.0 0.5 0.3 0.5 0.95 0.6 0.45 0.65 0.6 0.35 1.0 0.25 0.5 0.9 0.6 0.55 0.95 0.65 0.3 0.9 0.2 0.8 
-0.010641994331427498 0.6392880511368164 0.32580034573260874 1.0 0.9 0.35 0.5 0.75 0.85 1.0 0.55 0.65 0.75 0.5 0.65 0.0 0.75 0.85 0.2 0.6 1.0 0.95 0.3 0.75 0.85 0.45 0.2 0.85 0.15 0.5 0.45 0.65 0.7 1.0 0.65 0.45 1.0 0.1 0.9 
-0.035109177045055014 0.450328699112929 0.3453400092904395 1.0 0.65 0.5 0.75 0.0 0.8 1.0 0.95 0.6 0.95 0.25 0.45 0.1 0.6 1.0 0.2 0.25 0.15 0.9 0.55 1.0 0.55 0.3 0.55 0.9 0.1 0.6 0.75 0.5 0.4 0.45 0.6 0.25 0.7 0.3 0.45 
-110.23807557544785 0.4073068066001177 0.6490728450348 0.45 0.2 0.45 0.2 0.3 0.95 1.0 0.4 0.2 0.6 0.45 0.45 0.05 0.0 0.6 0.95 0.25 0.7 0.15 0.1 0.8 0.75 1.0 0.15 0.9 0.8 0.2 0.95 0.85 0.1 0.7 0.15 0.6 0.75 0.15 0.6 
-0.6275074312837013 0.5386963142898261 0.7173195383555446 0.75 0.2 0.35 0.5 0.6 0.4 0.95 0.55 0.4 1.0 0.35 0.6 0.6 0.1 0.9 0.5 0.65 0.5 0.3 0.65 0.1 0.85 0.85 0.85 1.0 0.25 0.45 0.85 0.6 0.7 0.85 0.65 0.4 0.8 0.15 0.8 
-0.023765251140891643 0.3121561310624421 0.5601097085648146 0.6 0.7 0.5 0.65 0.15 0.8 0.95 0.95 0.6 0.6 0.25 0.85 0.0 0.7 0.7 0.2 0.1 0.75 0.45 0.2 0.45 0.7 0.9 0.45 0.9 0.1 0.6 0.3 0.5 0.4 0.95 0.8 0.5 0.85 0.35 0.5 
-0.022850541824807162 0.6007175428674225 0.6756027250539919 0.75 0.2 0.35 0.5 0.6 0.4 0.95 0.55 0.4 1.0 0.35 0.6 0.6 0.1 0.9 0.5 0.65 0.5 0.3 0.65 0.1 0.85 0.85 0.85 1.0 0.2 0.45 0.85 0.6 0.7 0.85 0.65 0.4 0.8 0.15 0.8 
-143.11935926400687 0.45926190529109795 0.7070513100611391 0.65 0.3 0.6 0.1 0.85 0.25 0.95 0.55 0.25 0.6 0.45 0.35 0.7 0.55 0.5 0.5 0.05 1.0 0.15 0.35 0.7 0.0 0.0 0.55 0.9 0.85 0.2 0.85 0.85 0.1 0.9 0.15 0.7 1.0 0.15 0.55 
-0.06687195527390147 0.2887740821585313 0.5472676055821174 0.75 0.7 0.5 0.5 0.0 0.75 1.0 0.95 0.6 0.9 0.25 0.85 0.8 0.6 0.1 0.75 0.7 0.4 0.9 0.55 0.75 0.7 0.9 0.55 1.0 0.1 0.55 0.5 0.5 0.4 0.95 0.45 0.5 0.8 0.35 0.5 
-0.045283631599366284 0.319824289528131 0.585069065854979 0.75 0.7 0.5 0.65 0.15 0.8 0.95 0.95 0.6 0.6 0.25 0.85 0.8 0.7 0.75 0.9 0.1 0.5 0.45 0.2 0.45 0.7 0.9 0.45 0.9 0.1 0.65 0.3 0.5 0.4 0.95 0.8 0.5 0.8 0.35 0.5 
-0.03955018727904772 0.6504528119294091 0.35132835513978933 1.0 0.9 0.35 0.5 0.75 0.85 1.0 0.5 0.65 0.9 0.35 0.45 0.95 0.75 0.05 0.7 0.6 0.85 0.95 0.6 0.4 0.85 0.85 0.2 0.85 0.15 0.75 0.4 0.6 0.55 1.0 0.65 0.45 1.0 0.1 0.9 
-0.08716433617871495 0.7138794169873227 0.6041034709010373 0.85 0.2 0.55 0.65 0.6 0.4 1.0 0.55 0.35 0.7 0.35 0.5 0.45 0.1 0.9 0.5 0.3 0.3 0.15 0.6 0.25 0.85 0.85 0.35 0.95 0.25 0.45 0.95 0.6 0.7 0.9 0.65 0.4 0.9 0.15 0.8 
-0.0356080260821047 0.6602008773326217 0.6629916618869792 0.8 0.2 0.85 0.35 0.6 0.4 1.0 0.55 0.25 1.0 0.35 0.6 0.6 0.1 0.05 0.65 0.65 0.5 0.95 0.6 0.1 0.85 0.0 0.3 1.0 0.25 0.4 0.55 0.6 0.7 0.85 0.7 0.4 0.8 0.15 0.8 
-0.06504663947470121 0.6760973652301789 0.6403461748829649 1.0 0.2 0.8 0.5 0.6 0.4 0.15 0.6 0.45 0.9 0.35 0.6 0.6 0.1 0.0 0.5 0.3 0.5 0.95 0.6 0.25 0.85 0.0 0.35 0.8 0.25 0.45 0.95 0.6 0.7 0.85 0.65 0.4 0.9 0.15 0.8 
-0.09951727614030038 0.7348496927702889 0.5905916867622972 1.0 0.15 0.5 0.45 0.75 0.6 0.7 0.55 0.3 0.9 0.35 0.6 0.95 0.4 0.4 0.7 0.6 0.6 0.95 0.85 0.75 0.85 0.85 0.65 1.0 0.25 0.45 0.45 0.6 0.7 0.9 0.65 0.45 0.4 0.05 0.85 
-0.03148141050993275 0.6742873961281258 0.35132198228879513 1.0 0.9 0.2 0.5 0.75 0.85 1.0 0.55 0.65 0.9 0.35 0.45 0.95 0.75 0.45 0.1 0.05 1.0 0.95 0.6 0.4 0.85 0.85 0.7 0.85 0.15 0.75 0.2 0.65 0.55 1.0 0.65 0.45 0.85 0.1 0.9 
-0.03723436178212332 0.6152710077075048 0.6709008215584712 0.75 0.2 0.35 0.5 0.6 0.4 0.95 0.55 0.4 1.0 0.35 0.6 0.6 0.1 0.9 0.5 0.65 0.5 0.3 0.3 0.1 0.85 0.85 0.15 0.95 0.2 0.45 0.85 0.6 0.7 0.85 0.65 0.4 0.8 0.15 0.8 
-0.03288388413237819 0.2723649614465504 0.5191329520991661 0.75 0.7 0.5 0.5 0.0 0.75 1.0 0.95 0.6 0.85 0.25 0.85 0.8 0.6 0.1 0.75 0.7 0.15 0.9 0.55 0.75 0.7 0.9 0.55 1.0 0.1 0.65 0.5 0.5 0.4 0.95 0.45 0.5 0.9 0.35 0.5 
-0.16380087690048464 0.7489425445838583 0.3930112215825663 1.0 0.9 0.35 0.5 0.75 0.85 0.95 0.55 0.65 0.3 0.35 0.6 0.95 0.1 0.5 0.5 0.6 0.85 0.35 0.6 0.15 0.85 0.85 0.2 1.0 0.25 0.5 0.75 0.6 0.7 0.85 0.65 0.45 0.5 0.05 0.8 
-0.05674561931258052 0.5471800253919425 0.33646938481391325 1.0 0.9 0.2 0.5 0.75 0.85 1.0 0.55 0.65 0.9 0.35 0.45 0.95 0.75 0.05 0.2 0.05 1.0 0.95 0.6 0.4 0.85 0.85 0.7 0.35 0.15 0.75 0.4 0.65 0.55 1.0 0.65 0.45 0.85 0.1 0.9 
-0.024936457937752277 0.7271774651657761 0.3791913835661114 1.0 0.9 0.35 0.6 0.75 0.85 1.0 0.55 0.65 0.4 0.35 0.55 0.95 0.75 0.05 0.2 0.6 0.85 0.95 0.95 0.05 0.85 0.85 0.2 0.95 0.2 0.45 0.6 0.6 0.6 1.0 0.65 0.45 0.3 0.05 0.9 
-0.023613547334655063 0.7364210219757525 0.5629379329954413 1.0 0.15 0.5 0.55 0.75 0.6 0.9 0.55 0.75 0.55 0.35 0.6 0.5 0.55 0.45 0.3 0.05 0.85 0.95 0.85 0.75 0.85 0.85 0.65 1.0 0.25 0.45 0.45 0.6 0.7 0.8 0.65 0.45 0.4 0.1 0.85 
-0.18725626358082542 0.7068085951925551 0.3634255438177363 1.0 0.9 0.35 0.4 0.75 0.85 1.0 0.55 0.65 0.9 0.35 0.45 0.95 0.75 0.05 0.7 0.6 0.85 0.95 0.6 0.4 0.85 0.85 0.65 0.85 0.15 0.45 0.6 0.6 0.55 1.0 0.65 0.35 1.0 0.05 0.55 
-2.733843715634717 0.5023393265612257 0.7215365884228255 1.0 0.2 0.8 0.5 0.15 0.4 0.6 0.6 0.45 0.75 0.35 0.6 0.6 0.1 0.0 0.5 0.3 0.6 0.35 0.3 0.6 0.85 0.0 0.35 0.95 0.25 0.45 0.85 0.6 0.7 0.85 0.65 0.4 0.9 0.15 0.8 
-0.0036620280546551614 0.7248832084656248 0.4117837857146426 1.0 0.9 0.35 0.7 0.75 0.85 1.0 0.55 0.65 0.4 0.35 0.55 0.95 0.75 0.8 0.2 0.6 0.85 0.95 0.45 1.0 0.85 0.85 0.2 0.95 0.2 0.45 0.6 0.6 0.55 1.0 0.65 0.45 0.3 0.05 0.9 
-0.09172371439340865 0.5787836117418582 0.6942345100709644 0.9 0.2 0.35 0.75 0.6 0.4 1.0 0.45 0.4 0.6 0.35 0.3 0.6 0.1 0.9 0.5 0.65 0.5 0.95 0.6 0.6 0.85 0.85 0.15 1.0 0.25 0.45 0.85 0.6 0.7 0.85 0.65 0.4 0.9 0.15 0.8 
-0.10618702315577398 0.7501309271326566 0.5143799960542229 1.0 0.2 0.8 0.4 0.65 0.35 1.0 0.7 0.4 0.45 0.35 0.35 0.6 0.1 1.0 0.85 0.3 0.5 0.7 0.6 0.45 0.8 0.6 0.35 0.95 0.3 0.5 1.0 0.6 0.55 0.95 0.65 0.3 0.9 0.2 0.8 
-0.13451592185492034 0.7249625523430049 0.3602772128928514 1.0 0.9 0.35 0.4 0.75 0.85 1.0 0.55 0.65 0.4 0.35 0.55 0.95 0.75 0.05 0.2 0.6 0.85 0.95 0.45 1.0 0.85 0.85 0.2 0.95 0.2 0.45 0.6 0.6 0.55 1.0 0.65 0.45 0.3 0.05 0.9 
-0.04775482523048975 0.7415784921021086 0.535249854429888 1.0 0.2 0.8 0.4 0.6 0.35 1.0 0.6 0.4 0.35 0.35 0.35 0.6 0.1 0.0 0.5 0.3 0.5 0.95 0.6 0.45 0.65 0.6 0.35 1.0 0.25 0.5 0.9 0.6 0.55 0.8 0.65 0.3 0.9 0.2 0.8 
-0.717202844093833 0.7471778251049769 0.37740573948664435 1.0 0.9 0.35 0.5 0.75 0.85 0.95 0.55 0.65 0.3 0.35 0.6 0.95 0.1 0.5 0.5 0.6 0.85 0.35 0.6 0.15 0.85 0.85 0.2 1.0 0.25 0.5 0.85 0.6 0.7 0.85 0.65 0.45 0.5 0.05 0.8 
-0.01950613527471389 0.6578596598622108 0.6674325924278454 0.8 0.2 0.85 0.3 0.6 0.4 1.0 0.55 0.25 1.0 0.35 0.6 0.6 0.1 0.05 0.65 0.65 0.5 0.95 0.6 0.1 0.85 0.85 0.3 1.0 0.25 0.45 0.55 0.6 0.7 0.85 0.65 0.4 0.8 0.15 0.8 
-0.11168459265852829 0.4087093522424826 0.346886121856901 1.0 0.65 0.5 0.75 0.0 0.8 1.0 0.95 0.6 0.9 0.25 0.45 0.1 0.6 0.55 0.2 0.25 0.15 0.9 0.55 0.05 0.7 0.3 0.55 0.8 0.1 0.6 0.75 0.5 0.4 0.9 0.8 0.6 0.7 0.3 0.45 
-0.041102531200786926 0.6790924136017815 0.30512815150399053 1.0 0.9 0.35 0.4 0.75 0.85 1.0 0.55 0.6 0.95 0.35 0.45 0.95 0.75 0.05 0.7 0.6 0.85 0.95 0.6 0.25 0.85 0.85 0.0 0.85 0.15 0.45 0.6 0.6 0.6 0.9 0.9 0.45 1.0 0.05 0.8 
-0.036079286685332015 0.5955462532482713 0.3244471261166382 1.0 0.9 0.35 0.5 0.75 0.85 0.9 0.55 0.65 0.75 0.35 0.45 0.0 0.75 0.85 0.2 0.6 1.0 0.95 0.6 0.4 0.85 0.85 0.2 0.85 0.15 0.75 0.45 0.65 0.55 1.0 0.65 0.45 1.0 0.1 0.9 
-0.7944231343354314 0.6008584678933904 0.30894815499617556 1.0 0.9 0.35 0.5 0.75 0.85 1.0 0.55 0.65 0.9 0.35 0.45 0.95 0.75 0.05 0.2 0.6 1.0 0.95 0.6 0.4 0.85 0.85 0.2 0.85 0.15 0.75 0.4 0.65 0.55 1.0 0.65 0.45 1.0 0.1 0.9 
-3.2365562377658037 0.35958438511003543 0.3677067737237554 0.85 0.7 0.6 0.75 0.0 0.8 1.0 0.95 0.6 0.65 0.25 0.85 0.85 0.6 0.1 0.05 0.25 0.15 0.9 0.55 0.35 0.7 0.9 0.55 0.9 0.95 0.55 0.8 0.4 0.4 0.55 0.45 0.5 0.9 0.35 0.5 
-0.1409967514327174 0.6136111030581579 0.31494916759728975 1.0 0.9 0.3 0.4 0.75 0.85 1.0 0.55 0.65 0.9 0.35 0.45 0.95 0.75 0.05 0.7 0.85 0.85 0.75 0.6 0.4 0.85 0.85 0.2 0.9 0.15 0.45 0.65 0.6 0.55 0.7 0.65 0.45 0.2 0.05 0.85 
-0.34651892225532943 0.659965096990565 0.31696414757587077 1.0 0.9 0.1 0.4 0.75 0.85 1.0 0.55 0.65 0.4 0.35 0.55 0.95 0.75 0.6 0.2 0.6 0.85 0.95 0.45 0.45 0.85 0.85 0.2 0.95 0.2 0.45 0.6 0.6 0.55 1.0 0.65 0.45 0.3 0.05 0.9 
-0.11929017729106604 0.7462510277445668 0.45322056370553293 1.0 0.9 0.35 0.5 0.75 0.85 1.0 0.55 0.65 0.9 0.35 0.6 0.95 0.5 0.05 0.7 0.85 0.95 0.95 0.6 0.4 0.85 0.85 0.2 0.85 0.15 0.45 0.9 0.55 0.55 1.0 0.65 0.45 0.25 0.05 0.9 
-0.035092721626645215 0.751667407192155 0.44817065315936844 0.85 0.9 0.35 0.5 0.75 0.85 1.0 0.55 0.65 0.9 0.35 0.6 0.95 0.1 0.5 0.5 0.6 0.85 0.95 0.6 0.15 0.85 0.85 0.65 1.0 0.25 0.45 0.75 0.6 0.7 0.85 0.65 0.45 0.35 1.0 0.8 
-0.015049937172630283 0.6730750360884218 0.3240668323446313 1.0 0.9 0.35 0.4 0.75 0.85 1.0 0.55 0.65 0.8 0.35 0.45 0.45 0.1 0.05 0.7 0.05 0.85 0.95 0.6 0.4 0.05 0.85 0.2 0.85 0.2 0.45 0.6 0.6 0.55 1.0 0.9 0.45 1.0 0.05 0.8 
-0.19072573171148632 0.740138218317604 0.36867392984341896 1.0 0.9 0.35 0.4 0.75 0.9 1.0 0.55 0.65 0.9 0.35 0.45 0.95 0.75 0.05 0.7 0.45 0.85 0.95 0.6 0.4 0.85 0.85 0.2 1.0 0.15 0.45 0.7 0.6 0.6 1.0 0.9 0.45 1.0 0.05 0.8 
-0.01438701977758943 0.6997645969691906 0.34927335198444576 1.0 0.9 0.35 0.6 0.75 0.85 1.0 0.55 0.65 0.65 0.15 0.45 0.95 0.75 0.05 0.7 0.6 0.85 0.95 0.6 0.4 0.85 0.15 0.2 0.45 0.15 0.45 0.4 0.85 0.9 1.0 0.6 0.45 1.0 0.1 0.9 
-0.027195114733549162 0.7551701555447975 0.5051552382012197 1.0 0.9 0.35 0.5 0.75 0.85 1.0 0.55 0.45 0.9 0.35 0.6 0.95 0.9 0.5 0.5 0.6 0.85 0.95 0.6 0.15 0.85 0.85 0.2 1.0 0.25 0.4 0.75 0.6 0.7 1.0 0.65 0.45 0.2 1.0 0.95 
-0.02624306720778799 0.6294492247303193 0.7129940882241 1.0 0.25 0.6 0.4 0.6 0.35 1.0 0.6 0.4 0.9 0.4 0.2 0.6 0.1 0.0 0.5 0.3 0.5 0.95 0.6 0.5 0.25 0.6 0.45 1.0 0.25 0.5 0.9 0.6 0.7 0.95 0.6 0.3 1.0 0.2 0.85 
-0.10280174512177934 0.7709919306709621 0.5474839792098061 1.0 0.2 0.8 0.4 0.55 0.35 1.0 0.6 0.4 0.45 0.35 0.6 0.6 0.1 1.0 0.85 0.3 0.5 0.8 0.6 0.45 0.8 0.6 0.35 0.8 0.3 0.5 1.0 0.6 0.55 0.95 0.65 0.3 0.9 0.2 0.8 
-0.013532451567034988 0.7145634585020707 0.6437949437110234 0.9 0.2 0.85 0.45 0.6 0.4 1.0 0.55 0.6 1.0 0.35 0.6 0.6 1.0 0.9 0.5 0.3 1.0 0.95 0.6 0.9 0.85 0.85 0.15 1.0 0.2 0.5 1.0 0.6 0.7 0.95 0.65 0.4 0.9 0.15 0.8 
-0.7661395571671643 0.6355140949623266 0.314165074186627 1.0 0.9 0.35 0.5 0.75 0.85 1.0 0.55 0.65 0.75 0.35 0.45 0.0 0.75 0.85 0.2 0.6 1.0 0.95 0.3 0.4 0.85 0.85 0.2 0.85 0.15 0.75 0.45 0.65 0.7 1.0 0.65 0.45 1.0 0.1 0.9 
-0.01137668269575763 0.7336960014586819 0.6092874477788094 1.0 0.2 0.8 0.4 0.6 0.35 1.0 0.6 0.4 0.35 0.35 0.35 0.6 0.1 0.0 0.5 0.3 0.5 0.95 0.6 0.45 0.65 0.6 0.25 1.0 0.25 0.6 0.9 0.6 0.55 0.95 0.65 0.3 0.9 0.2 0.8 
-0.004874411186910161 0.7346133343298435 0.5730123044141425 1.0 0.8 0.35 0.45 0.75 0.9 1.0 0.6 0.65 0.9 0.35 0.6 0.2 0.1 0.8 0.5 0.6 0.8 0.95 0.6 0.95 0.85 0.7 0.45 1.0 0.25 0.45 0.75 0.6 0.7 1.0 0.65 0.45 0.35 0.95 0.65 
-0.05419451364292063 0.7778043481147534 0.5666468629947318 1.0 0.25 0.8 0.4 0.6 0.35 1.0 0.6 0.4 0.9 0.35 0.6 0.6 0.55 0.0 1.0 0.3 0.35 0.95 0.6 0.25 0.65 0.6 0.4 0.95 0.25 0.55 0.65 0.55 0.7 0.95 0.65 0.3 0.9 0.2 0.8 
-0.3611691382526531 0.7558948432137054 0.5647637039097344 1.0 0.25 0.8 0.4 0.5 0.35 1.0 0.6 0.4 0.9 0.35 0.6 0.6 0.1 0.0 1.0 0.3 0.35 0.95 0.6 0.25 0.65 0.6 0.4 0.9 0.3 0.55 0.65 0.6 0.7 0.95 0.65 0.3 0.9 0.2 0.8 
-0.21215660888617044 0.7305202294808724 0.3444350855870191 1.0 0.9 0.35 0.4 0.75 0.85 1.0 0.55 0.65 0.9 0.35 0.45 0.95 0.75 0.05 0.7 0.6 0.85 0.95 0.6 0.4 0.85 0.85 0.2 1.0 0.15 0.45 0.7 0.6 0.6 1.0 0.9 0.45 1.0 0.05 0.8 
-0.006999631520101263 0.7717437881505689 0.4587417138453761 1.0 0.9 0.35 0.5 0.75 0.85 0.95 0.55 0.65 0.3 0.35 0.6 0.95 0.1 0.1 0.6 0.9 0.85 0.95 0.6 0.15 0.85 0.55 0.3 1.0 0.25 0.5 0.6 0.6 0.7 0.95 0.65 0.45 0.2 1.0 0.75 
-0.319393087196981 0.6860503118806719 0.32461208242968853 1.0 0.9 0.35 0.4 0.75 0.85 1.0 0.55 0.65 0.9 0.35 0.45 0.0 0.75 0.05 0.7 0.6 0.85 0.95 0.6 0.4 0.85 0.85 0.65 0.85 0.15 0.45 0.6 0.6 0.55 1.0 0.65 0.35 0.35 0.05 0.55 
-0.007506091040661284 0.551391952712174 0.7080310877629502 1.0 0.2 0.8 0.5 0.15 0.4 0.65 0.6 0.45 0.9 0.35 0.6 0.6 0.1 0.0 0.5 0.05 0.5 0.95 0.6 0.7 0.85 0.0 0.35 0.8 0.25 0.45 0.95 0.6 0.7 0.85 0.65 0.4 0.9 0.15 0.8 
-0.0820036397706064 0.7813125646641432 0.48549828052141886 1.0 0.9 0.35 0.7 0.75 0.85 0.95 0.55 0.65 0.25 0.35 0.6 0.95 0.1 0.1 0.6 0.9 0.85 0.95 0.6 0.15 0.85 0.85 0.2 1.0 0.25 0.5 0.6 0.6 0.7 0.95 0.7 0.45 0.2 1.0 0.75 
-0.19454320536026376 0.5600640702359474 0.7295289588609317 0.9 0.2 0.25 0.5 0.6 0.4 1.0 0.55 0.9 1.0 0.35 0.6 0.6 1.0 0.9 0.5 0.3 0.3 0.95 0.6 0.9 0.85 0.85 0.15 1.0 0.25 0.45 0.8 0.6 0.7 0.95 0.65 0.4 0.8 0.15 0.85 
-0.13407258554155713 0.7723731664607829 0.6098023372741694 1.0 0.2 0.8 0.5 0.6 0.35 1.0 0.6 0.5 1.0 0.35 0.6 0.6 0.1 0.7 0.5 0.3 0.8 0.95 0.2 0.25 0.65 0.6 0.35 1.0 0.3 0.5 0.9 0.6 0.7 0.95 0.65 0.3 0.95 0.15 0.8 
-0.18880178045793142 0.7163989873121266 0.32983895754820447 1.0 0.9 0.35 0.4 0.75 0.85 1.0 0.55 0.65 0.9 0.35 0.45 0.95 0.75 0.05 0.7 0.6 0.85 0.95 0.6 0.4 0.85 0.85 0.2 0.85 0.15 0.45 0.7 0.6 0.6 1.0 0.9 0.45 1.0 0.05 0.8 
-0.031842157903272945 0.7770524692476601 0.4246401763987027 1.0 0.9 0.35 0.5 0.75 0.85 0.95 0.55 0.65 0.3 0.35 0.6 0.95 0.1 0.1 0.6 0.9 0.85 0.95 0.6 0.15 0.85 0.55 0.3 1.0 0.25 0.5 0.6 0.6 0.7 0.95 0.7 0.45 0.2 1.0 1.0 
-0.013052725636452342 0.7156377104891016 0.6550580419010836 1.0 0.2 0.8 0.5 0.6 0.35 0.45 0.6 0.5 1.0 0.35 0.6 0.6 0.1 0.7 0.5 0.3 0.8 0.95 0.2 0.25 0.65 0.6 0.35 1.0 0.3 0.5 0.9 0.6 0.7 0.95 0.65 0.3 0.95 0.15 0.8 
-0.002303393007374069 0.6326952363035498 0.6897945537598098 0.8 0.2 0.85 0.45 0.6 0.4 1.0 0.65 0.95 1.0 0.35 0.6 0.6 0.1 0.05 0.65 0.65 0.5 0.95 0.6 0.1 0.85 0.85 0.4 1.0 0.25 0.45 0.45 0.6 0.7 0.85 0.65 0.4 0.8 0.1 0.8 
-0.6000042577267483 0.5711363959935807 0.30554830066528216 1.0 0.9 0.35 0.5 0.75 0.85 1.0 0.55 0.65 0.75 0.35 0.45 0.0 0.75 0.85 0.2 0.6 1.0 0.95 0.6 0.4 0.85 0.85 0.2 0.85 0.15 0.75 0.45 0.65 0.55 1.0 0.65 0.45 1.0 0.1 0.9 
-0.010235058176913621 0.594923230165918 0.7107317992541292 0.9 0.2 0.25 0.5 0.6 0.4 1.0 0.55 0.6 1.0 0.35 0.6 0.6 1.0 0.9 0.5 0.3 0.3 0.95 0.6 0.9 0.85 0.85 0.15 1.0 0.25 0.45 0.8 0.6 0.7 0.95 0.65 0.4 0.8 0.15 0.8 
-0.11836793658715909 0.7577284048360726 0.4168127415406152 1.0 0.9 0.1 0.5 0.75 0.85 0.95 0.55 0.65 0.3 0.35 0.6 0.95 0.1 0.5 0.25 0.7 0.85 0.95 0.3 0.15 0.85 0.1 0.2 1.0 0.25 0.5 0.65 0.6 0.7 0.85 0.65 0.45 0.2 1.0 0.8 
-0.7811875404832388 0.5274281895103621 0.33509268912063 1.0 0.9 0.2 0.5 0.75 0.85 1.0 0.55 0.65 0.9 0.35 0.45 0.95 0.75 0.05 0.2 0.05 1.0 0.95 0.6 0.4 0.85 0.85 0.7 0.55 0.15 0.75 0.4 0.65 0.55 1.0 0.65 0.45 0.85 0.1 0.9 
-0.038827575824611 0.5649980564870349 0.7323037466211263 1.0 0.2 0.35 0.75 0.6 0.4 1.0 0.45 0.4 0.6 0.35 0.3 0.6 0.1 0.9 0.5 0.65 0.5 0.95 0.6 0.6 0.85 0.85 0.15 1.0 0.25 0.45 0.85 0.6 0.7 0.85 0.65 0.4 0.9 0.15 0.8 
-0.558910114531445 0.6937354153463668 0.3001960028051833 1.0 0.9 0.35 0.4 0.75 0.85 1.0 0.55 0.65 1.0 0.35 0.45 0.95 0.75 0.05 0.7 0.6 0.85 0.95 0.6 0.4 0.85 0.85 0.2 0.85 0.15 0.45 0.6 0.6 0.6 0.95 0.9 0.45 1.0 0.05 0.8 
-0.9715573184707315 0.752964684616853 0.355168708079166 1.0 0.9 0.35 0.4 0.75 0.85 1.0 0.55 0.65 0.9 0.35 0.45 0.95 0.75 0.05 0.7 0.6 0.7 0.95 0.6 0.4 0.85 0.85 0.45 0.85 0.15 0.45 0.65 0.6 0.55 1.0 0.9 0.55 0.65 0.05 0.55 
-0.19442647139801025 0.6909123519365952 0.6850043351884938 0.8 0.2 0.85 0.45 0.6 0.4 1.0 0.55 0.5 1.0 0.35 0.6 0.6 0.1 0.05 0.65 0.65 0.5 0.95 0.6 0.1 0.85 0.85 0.4 1.0 0.25 0.45 0.45 0.6 0.7 0.85 0.65 0.4 0.8 0.1 0.8 
-0.04408752243984438 0.6568570043540094 0.6917363949359298 0.85 0.2 0.6 0.65 0.6 0.4 1.0 0.55 0.35 0.7 0.35 0.2 0.45 0.1 0.9 0.5 0.3 0.5 0.15 0.6 0.25 0.85 0.85 0.35 0.95 0.25 0.45 0.95 0.6 0.7 0.85 0.65 0.4 0.9 0.15 0.8 
-0.09673232733545387 0.7025680840365962 0.6672272584893018 1.0 0.2 0.8 0.5 0.5 0.4 1.0 0.6 0.6 0.9 0.35 0.6 0.15 0.1 0.9 0.5 0.3 0.5 0.95 0.3 0.6 0.6 0.55 0.35 0.95 0.25 0.45 0.95 0.6 0.7 1.0 0.65 0.4 1.0 0.15 0.8 
-0.10665600032717 0.7063299203170461 0.7147913063199294 1.0 0.2 0.85 0.65 0.6 0.4 1.0 0.55 0.35 0.9 0.35 0.6 0.6 0.1 0.9 0.5 0.3 0.5 0.95 0.6 0.25 0.85 0.85 0.35 1.0 0.25 0.45 0.95 0.6 0.7 0.85 0.65 0.4 0.9 0.15 0.8 
-2.770621207706349 0.6591418041076416 0.2912026487679059 1.0 0.9 0.35 0.4 0.75 0.85 1.0 0.55 0.65 0.8 0.35 0.45 0.45 0.1 0.05 0.7 0.05 0.85 0.95 0.6 0.4 0.05 0.85 0.2 0.95 0.2 0.45 0.6 0.6 0.55 1.0 0.9 0.45 1.0 0.05 0.8 
-0.08583722802088041 0.6486830310922426 0.7067058812371 0.9 0.2 0.25 0.5 0.6 0.4 1.0 0.55 0.35 1.0 0.35 0.6 0.6 1.0 0.9 0.5 0.3 0.3 0.95 0.6 0.9 0.85 0.85 0.15 1.0 0.25 0.45 0.8 0.6 0.7 0.95 0.65 0.4 0.8 0.15 0.85 
-0.10088359613388687 0.5903347559355535 0.7294238106041974 0.9 0.2 0.25 0.5 0.6 0.4 1.0 0.55 0.6 1.0 0.35 0.6 0.6 1.0 0.9 0.5 0.3 0.3 0.95 0.6 0.9 0.85 0.85 0.15 1.0 0.25 0.45 0.8 0.6 0.7 0.95 0.65 0.4 0.8 0.15 0.85 
-0.07471610888860951 0.6981735433853666 0.6974035677444055 1.0 0.2 0.8 0.5 0.6 0.4 1.0 0.6 0.85 0.9 0.35 0.6 0.6 0.1 0.0 0.5 0.3 0.5 0.95 0.6 0.25 0.85 0.0 0.05 0.95 0.25 0.45 0.6 0.6 0.7 0.85 0.65 0.4 0.9 0.15 0.8 
-0.04803199818891311 0.7224348546346937 0.6970125862322535 1.0 0.2 0.8 0.8 0.6 0.35 1.0 0.6 0.5 0.9 0.35 0.6 0.6 0.1 0.7 0.5 0.3 0.8 0.95 0.6 0.25 0.65 0.6 0.35 1.0 0.3 0.5 0.9 0.6 0.7 0.95 0.65 0.3 0.5 0.15 0.8 
-0.28302690749886267 0.7407193496846933 0.6722875341794593 1.0 0.2 0.8 0.5 0.6 0.4 1.0 0.6 0.45 0.9 0.35 0.6 0.6 0.1 0.0 0.5 0.3 0.5 0.95 0.6 0.25 0.85 0.0 0.05 0.95 0.25 0.45 0.6 0.6 0.7 0.85 0.65 0.4 0.9 0.15 0.8 
-0.15573043937813907 0.7428585670655298 0.3217024554150192 1.0 0.9 0.35 0.4 0.75 0.85 1.0 0.55 0.65 0.9 0.35 0.45 0.95 0.75 0.05 0.7 0.6 0.85 0.95 0.6 0.4 0.85 0.85 0.2 0.85 0.15 0.45 0.6 0.6 0.55 1.0 0.9 0.45 0.65 0.05 0.55 
-0.010559646566172172 0.6604591583907098 0.7167609900867375 0.9 0.2 0.85 0.5 0.6 0.4 1.0 0.55 0.6 1.0 0.35 0.6 0.6 1.0 0.9 0.5 0.3 1.0 0.95 0.6 0.9 0.85 0.85 0.15 1.0 0.25 0.45 0.8 0.6 0.7 0.95 0.65 0.4 0.8 0.15 0.8 
-2.2423907642834267 0.3266995306765884 0.6113992337654991 0.5 0.7 0.5 0.7 0.7 0.8 1.0 0.95 0.6 0.6 0.25 0.9 0.8 0.6 0.1 0.85 0.7 0.15 0.9 0.55 0.75 0.45 0.9 0.55 0.9 0.1 0.55 0.5 0.5 0.4 0.95 0.45 0.35 0.9 0.35 0.65 
-0.9058061148566311 0.5832197113836379 0.29400028973253733 1.0 0.9 0.3 0.4 0.75 0.85 1.0 0.55 0.65 0.9 0.35 0.45 0.95 0.75 0.05 0.7 0.85 0.85 0.75 0.6 0.4 0.85 0.85 0.2 0.9 0.15 0.45 0.6 0.6 0.55 0.7 0.65 0.45 0.2 0.05 0.85 
-0.4729790180698462 0.6890663574094256 0.7310519994157917 0.9 0.2 0.85 0.5 0.6 0.4 1.0 0.55 0.6 1.0 0.35 0.6 0.6 1.0 0.9 0.5 0.3 1.0 0.95 0.6 0.9 0.85 0.85 0.15 1.0 0.25 0.5 1.0 0.6 0.7 0.95 0.65 0.4 0.9 0.15 0.8 
-0.019724735566207217 0.621157123051576 0.7235499803947518 0.6 0.2 0.8 0.65 0.6 0.4 1.0 0.55 0.35 0.9 0.35 0.6 0.9 0.8 0.9 0.0 0.3 0.5 0.95 0.6 0.7 0.85 0.85 0.35 1.0 0.25 0.5 0.95 0.6 0.7 0.85 0.65 0.4 0.9 0.15 0.8 
-0.013684493161781665 0.7386231603789762 0.6299322973680472 1.0 0.2 0.8 0.5 0.6 0.4 1.0 0.6 0.45 0.9 0.35 0.6 0.6 0.1 0.75 0.5 0.7 0.5 0.95 0.6 0.25 0.8 0.0 0.05 0.85 0.25 0.45 0.45 0.6 0.7 0.85 0.65 0.4 0.9 0.15 0.8 
-0.012055013865111795 0.7483695605994858 0.6503005509864287 1.0 0.2 0.8 0.5 0.6 0.4 1.0 0.6 0.45 0.9 0.35 0.6 0.6 0.1 0.75 0.5 0.7 0.5 0.95 0.6 0.25 0.8 0.0 0.05 0.85 0.25 0.45 0.45 0.6 0.7 0.85 0.65 0.4 0.9 0.15 0.8 
-0.04197038519685236 0.7396501390986924 0.6055934345404363 1.0 0.2 0.8 0.5 0.6 0.4 0.6 0.6 0.45 0.75 0.35 0.6 0.6 0.1 0.0 0.5 0.3 0.6 0.35 0.3 0.6 0.85 0.0 0.35 0.95 0.15 0.45 0.85 0.6 0.7 0.85 0.65 0.4 0.9 0.15 0.8 
-0.2962544442710653 0.5425109035430621 0.7278377295460925 0.75 0.2 0.3 0.5 0.6 0.4 1.0 0.55 0.6 1.0 0.35 0.6 0.6 1.0 0.9 0.5 0.3 1.0 0.95 0.6 0.9 0.85 0.85 0.15 1.0 0.25 0.45 0.8 0.6 0.7 0.95 0.65 0.4 0.8 0.15 0.8 
-0.7700788825437709 0.7875186763915865 0.4761415798980857 1.0 0.9 0.7 0.7 0.75 0.85 0.95 0.55 0.65 0.3 0.35 0.6 0.95 0.1 0.1 0.6 0.9 0.85 0.95 0.6 0.15 0.85 0.85 0.2 1.0 0.25 0.5 0.6 0.6 0.7 0.95 0.7 0.45 0.2 1.0 0.75 
-0.02151788743357796 0.7236604052198483 0.6777383143957479 1.0 0.2 0.8 0.5 0.6 0.4 0.6 0.6 0.45 0.75 0.35 0.6 0.6 0.1 0.0 0.5 0.3 0.5 0.95 0.3 0.6 0.85 0.0 0.35 0.95 0.25 0.45 0.95 0.6 0.7 0.85 0.65 0.4 0.9 0.15 0.8 
-0.009415800118849977 0.7501558604286738 0.6278876641706744 1.0 0.2 0.8 0.5 0.6 0.4 1.0 0.6 0.45 0.95 0.35 0.6 0.6 0.1 0.75 0.5 0.7 0.5 0.95 0.6 0.25 0.8 0.0 0.05 0.85 0.25 0.45 0.45 0.6 0.7 0.85 0.65 0.4 0.9 0.15 0.8 
-1.2645906187749743 0.7585222590779958 0.6758268883037134 1.0 0.2 0.8 0.5 0.5 0.35 1.0 0.6 0.4 0.9 0.35 0.6 0.6 0.05 0.0 0.5 0.95 0.8 0.95 1.0 0.35 0.65 0.6 0.35 1.0 0.25 0.45 0.9 0.6 0.7 0.95 0.65 0.3 0.5 0.15 0.8 
-0.029180584900612944 0.7258459562185036 0.6710959142875768 1.0 0.2 0.8 0.5 0.6 0.4 0.6 0.6 0.45 0.75 0.35 0.6 0.6 0.1 0.0 0.5 0.3 0.6 0.35 0.3 0.6 0.85 0.0 0.35 0.95 0.25 0.45 0.85 0.6 0.7 0.85 0.65 0.4 0.9 0.15 0.8 
-0.4960461748402945 0.5368145457693347 0.3216409936729375 1.0 0.9 0.2 0.5 0.75 0.85 1.0 0.55 0.65 0.9 0.35 0.45 0.95 0.75 0.05 0.2 0.05 1.0 0.95 0.6 0.4 0.55 0.85 0.7 1.0 0.15 0.75 0.4 0.65 0.55 1.0 0.65 0.45 0.85 0.1 0.9 
-0.6720690880676944 0.7698555966917029 0.5280269153272706 1.0 0.2 0.8 0.4 0.55 0.35 1.0 0.6 0.4 0.45 0.35 0.35 0.6 0.95 0.5 0.5 0.3 0.5 0.95 0.6 0.45 0.65 0.6 0.75 0.95 0.25 0.5 0.9 0.55 0.55 0.95 0.65 0.3 0.9 0.2 0.8 
-4.015400482183302 0.4305966748029711 0.33442213280929034 1.0 0.65 0.5 0.75 0.0 0.8 1.0 0.95 0.6 0.95 0.25 0.45 0.1 0.6 1.0 0.2 0.25 0.15 0.9 0.55 1.0 0.7 0.3 0.05 0.9 0.1 0.6 0.65 0.5 0.4 0.9 0.6 0.25 0.7 0.3 0.45 
-1.7901480723586976 0.7236658517951178 0.31921049115329003 1.0 0.9 0.35 0.4 0.75 0.85 1.0 0.55 0.65 1.0 0.35 0.45 0.95 0.75 0.05 0.7 0.6 0.85 0.95 0.6 0.4 0.85 0.85 0.2 0.85 0.15 0.45 0.6 0.6 0.55 1.0 0.9 0.45 1.0 0.05 0.8 
-0.13029156058312286 0.7903343782167692 0.4968388741906203 1.0 0.9 0.75 0.65 0.75 0.85 0.95 0.55 0.65 0.25 0.35 0.6 0.95 0.4 0.1 0.6 0.9 0.85 0.95 0.6 0.15 0.85 0.85 0.75 1.0 0.25 0.5 0.6 0.6 0.7 0.95 0.7 0.45 0.2 1.0 0.75 
-0.016677999606896494 0.6103640089079357 0.72116640919715 1.0 0.2 0.85 0.65 0.6 0.85 1.0 0.55 0.35 0.9 0.35 0.6 0.6 0.6 0.9 0.5 0.3 0.5 0.95 0.6 0.25 0.85 0.85 0.35 1.0 0.25 0.45 0.95 0.6 0.7 0.85 0.65 0.4 0.9 0.15 0.8 
-0.14149466364514687 0.7631977735037812 0.6574515382277694 1.0 0.2 0.8 0.5 0.6 0.35 1.0 0.6 0.45 0.9 0.35 0.6 0.6 0.1 0.7 0.5 0.3 0.55 0.95 0.6 0.25 0.65 0.6 0.35 1.0 0.25 0.5 0.9 0.6 0.7 0.95 0.65 0.3 0.5 0.15 0.8 
-0.09850462415072994 0.27467737980772267 0.5294094951659039 0.75 0.7 0.5 0.45 0.0 0.75 1.0 0.95 0.6 0.85 0.25 0.85 0.8 0.6 0.1 0.75 0.7 0.15 0.9 0.55 0.75 0.7 0.9 0.55 1.0 0.1 0.65 0.5 0.5 0.4 0.95 0.45 0.5 0.9 0.35 0.5 
-0.14747766387345487 0.39486680787316825 0.3446478938248172 1.0 0.65 0.5 0.75 0.0 0.8 1.0 0.95 0.6 0.9 0.25 0.45 0.1 0.6 0.55 0.2 0.25 0.15 0.9 0.55 0.05 0.7 0.3 0.55 0.8 0.1 0.6 0.75 0.5 0.4 0.9 0.8 0.25 0.7 0.3 0.45 
-9.264179174986376 0.44275843518126573 0.3272721728023529 1.0 0.65 0.5 0.75 0.0 0.85 1.0 0.95 0.6 0.95 0.25 0.45 0.65 0.6 0.2 0.2 0.25 0.15 0.9 0.55 0.5 0.55 0.3 0.55 0.85 0.7 0.25 0.75 0.4 0.4 0.8 0.8 0.9 0.7 0.3 0.45 
-0.08809262412621574 0.771788744412444 0.5876411406128157 1.0 0.2 0.8 0.4 0.6 0.35 1.0 0.6 0.4 0.35 0.35 0.35 0.6 0.1 0.0 0.5 0.3 0.5 0.95 0.6 0.45 0.65 0.6 0.35 1.0 0.25 0.5 0.9 0.6 0.55 0.95 0.65 0.3 0.9 0.2 0.8 
-0.21490407412185017 0.6785938653211284 0.27439426378325604 1.0 0.9 0.35 0.4 0.75 0.85 1.0 0.55 0.65 0.9 0.35 0.45 0.95 0.75 0.05 0.7 0.6 0.85 0.95 0.6 0.4 0.85 0.85 0.2 0.75 0.15 0.45 0.8 0.6 0.55 0.95 0.9 0.45 1.0 0.05 0.55 
-0.791663206219372 0.4594311966881546 0.33452835528843583 1.0 0.65 0.5 0.75 0.0 0.85 1.0 0.95 0.6 0.95 0.25 0.45 0.65 0.6 0.2 0.2 0.25 0.15 0.9 0.55 0.5 0.55 0.3 0.55 0.85 0.7 0.25 0.75 0.4 0.3 0.8 0.8 0.9 0.7 0.3 0.45 
-0.10678327828366471 0.7799905024558994 0.6374389556080895 1.0 0.2 0.8 0.5 0.6 0.4 1.0 0.6 0.45 0.9 0.35 0.6 0.6 0.1 0.0 0.1 0.05 0.5 0.95 0.6 0.75 0.85 0.0 0.1 0.85 0.25 0.5 0.95 0.6 0.7 0.85 0.65 0.4 0.9 0.15 0.8 
-0.7139306981939958 0.7894392435539357 0.5744887842358603 1.0 0.25 0.8 0.4 0.6 0.35 1.0 0.6 0.4 0.9 0.35 0.6 0.6 0.1 0.0 1.0 0.3 0.35 0.95 0.6 0.25 0.65 0.6 0.4 0.95 0.25 0.55 0.65 0.6 0.7 0.95 0.65 0.3 0.9 0.2 0.8 
-4.043979612939363 0.4943524159423553 0.33263774434326243 1.0 0.65 0.5 0.75 0.0 0.85 1.0 0.95 0.6 0.95 0.25 0.45 0.65 0.6 0.2 0.2 0.25 0.15 0.9 0.55 0.5 0.55 0.3 0.55 0.85 0.7 0.25 0.75 0.4 0.4 0.4 0.8 0.9 0.7 0.3 0.45 
-1.9957248661757452 0.6717564910321623 0.7328242048630079 0.9 0.2 0.85 0.5 0.6 0.4 1.0 0.55 0.6 1.0 0.35 0.6 0.6 1.0 0.9 0.5 0.3 1.0 0.95 0.6 0.9 0.85 0.85 0.15 1.0 0.25 0.45 1.0 0.6 0.7 0.95 0.65 0.4 0.9 0.15 0.8 
-0.11152436305208613 0.2550017184501784 0.46920946941763564 0.85 0.65 0.5 0.95 0.05 0.8 0.9 0.95 0.6 0.7 0.25 0.85 0.8 0.05 0.1 0.3 0.75 0.15 0.9 0.55 1.0 0.7 0.5 0.55 0.95 0.1 0.6 0.5 0.5 0.4 1.0 0.45 0.2 0.9 0.35 0.45 
-0.6875225991948631 0.28861889568590193 0.4092611272651851 0.85 0.65 0.5 0.95 0.05 0.8 1.0 0.95 0.6 0.7 0.25 0.85 0.8 0.6 0.1 0.3 0.25 0.15 0.9 0.55 1.0 0.7 0.4 0.55 0.95 0.1 0.6 0.9 0.5 0.4 0.9 0.45 0.2 0.9 0.35 0.45 
-0.02659138533653354 0.7854350571124329 0.5802965187134118 1.0 0.25 0.8 0.4 0.6 0.35 1.0 0.6 0.4 0.8 0.35 0.6 0.6 0.55 0.0 1.0 0.3 0.35 0.95 1.0 0.25 0.65 0.6 0.4 0.95 0.25 0.55 0.65 0.55 0.7 0.95 0.65 0.3 0.9 0.2 0.8 
-0.24998620501164 0.7738744655395686 0.6609980677824084 1.0 0.2 0.8 0.5 0.6 0.4 1.0 0.6 0.45 0.9 0.35 0.6 0.6 0.1 0.0 0.1 0.05 0.5 0.95 0.6 0.75 0.85 0.0 0.1 0.8 0.25 0.5 0.95 0.6 0.7 0.85 0.65 0.4 0.9 0.15 0.8 
-6.087596449028559 0.5318278863158055 0.3055209005456119 1.0 0.9 0.35 0.4 0.75 0.85 1.0 0.55 0.65 0.9 0.35 0.45 0.95 0.75 0.05 0.7 0.6 0.85 0.95 0.6 0.4 0.85 0.85 0.2 0.85 0.15 0.2 0.7 0.6 0.8 1.0 0.9 0.45 1.0 0.3 0.8 
-0.5750896086446399 0.7821285630352512 0.6432701517351976 1.0 0.2 0.8 0.5 0.6 0.4 1.0 0.6 0.45 0.9 0.35 0.6 0.6 0.1 0.0 0.1 0.05 0.5 0.95 0.6 0.75 0.85 0.0 0.1 0.8 0.25 0.5 0.95 0.6 0.7 0.85 0.65 0.4 0.8 0.15 0.8 
-7.709300948369239 0.7882018968550606 0.4167244880754454 1.0 0.9 0.35 0.7 0.75 0.85 0.95 0.55 0.65 0.55 0.35 0.6 0.95 0.1 0.1 0.6 0.9 0.85 0.95 0.6 0.15 0.85 0.85 0.2 1.0 0.25 0.5 0.6 0.6 0.7 0.95 0.7 0.45 0.2 1.0 0.75 
-6.535125195344352 0.5608062912682881 0.3022641596307619 1.0 0.9 0.35 0.4 0.75 0.85 1.0 0.55 0.55 0.9 0.35 0.45 0.95 0.75 0.05 0.7 0.6 0.85 0.95 0.95 0.4 0.85 0.85 0.2 0.85 0.15 0.2 0.7 0.6 0.8 1.0 0.9 0.45 1.0 0.3 0.8 
-13.717453315359245 0.640134078808325 0.2770008869236499 1.0 0.9 0.35 0.4 0.75 0.85 1.0 0.55 0.65 0.95 0.35 0.45 0.95 0.75 0.05 0.7 0.6 0.85 0.95 0.6 0.4 0.85 0.0 0.2 0.75 0.15 0.45 0.6 0.6 0.55 0.7 0.9 0.45 1.0 0.05 0.55 
-0.5259431003455978 0.778517631208446 0.44465354475619767 1.0 0.9 0.3 0.5 0.75 0.85 0.95 0.55 0.65 0.3 0.35 0.6 1.0 0.1 0.1 0.6 0.9 0.85 0.3 0.6 0.15 0.85 0.55 0.3 1.0 0.25 0.5 0.6 0.6 0.7 1.0 0.7 0.45 0.2 1.0 0.5 
-26.83828200444015 0.5231467511755279 0.28339445873737346 1.0 0.9 0.35 0.4 0.75 0.85 1.0 0.55 0.65 0.9 0.35 0.45 0.95 0.2 0.55 0.7 0.6 0.05 0.15 0.6 0.4 0.85 0.85 0.2 0.55 0.15 0.2 0.7 0.6 0.8 1.0 0.9 0.5 1.0 0.05 0.8 
-0.07364080428255669 0.7976037451942802 0.6028321910522659 1.0 0.2 0.75 0.4 0.55 0.35 1.0 0.6 0.4 0.45 0.35 0.35 0.6 0.1 1.0 0.85 0.3 0.5 0.95 0.6 0.45 0.65 0.6 0.35 0.95 0.3 0.5 0.7 0.6 0.55 0.95 0.65 0.3 0.9 0.2 0.8 
-0.1423880185555005 0.703573302974994 0.30639201881615874 1.0 0.9 0.35 0.4 0.75 0.85 1.0 0.55 0.65 1.0 0.35 0.45 0.95 0.75 0.05 0.7 0.6 0.85 0.95 0.6 0.4 0.85 0.25 0.2 0.85 0.15 0.45 0.7 0.6 0.55 1.0 0.9 0.45 1.0 0.05 0.8 
-0.7432505595085026 0.5285290576613195 0.746511222345667 1.0 0.2 0.8 0.5 0.15 0.4 1.0 0.6 0.6 0.9 0.35 0.6 0.15 0.1 0.9 0.5 0.3 0.5 0.95 0.3 0.6 0.85 0.55 0.35 0.95 0.25 0.45 0.95 0.6 0.7 1.0 0.65 0.4 1.0 0.15 0.8 
-7.54760335205349 0.5905940691054896 0.2989992048076844 1.0 0.9 0.25 0.5 0.75 0.85 1.0 0.55 0.65 0.55 0.35 0.45 0.95 0.75 0.95 0.3 0.6 0.15 0.95 0.6 0.4 0.85 0.85 0.2 0.85 0.1 0.75 0.4 0.6 0.65 1.0 0.65 0.85 1.0 0.7 0.9 
-1.7384346302584042 0.7310540141419345 0.7171968042995186 1.0 0.2 0.8 0.5 0.6 0.35 1.0 0.55 0.35 0.9 0.35 0.6 0.6 0.1 0.0 0.05 0.3 0.8 0.4 0.6 0.25 0.65 0.6 0.35 1.0 0.25 0.5 0.9 0.6 0.7 0.95 0.65 0.3 0.5 0.15 0.8 
-140.48684146957996 0.43394048789345063 0.6969913412094132 0.65 0.2 0.35 0.8 0.6 0.45 1.0 0.45 0.4 0.1 0.5 0.3 0.6 0.1 0.9 0.5 0.65 0.5 0.75 0.3 0.05 0.85 0.85 0.2 1.0 0.2 0.45 0.85 0.6 0.7 1.0 0.65 0.4 0.55 0.15 0.8 
-0.3903772769780224 0.27964630110397626 0.5608434516905716 0.6 0.7 0.5 0.65 0.05 0.75 1.0 0.95 0.6 0.9 0.25 0.85 0.6 0.6 0.2 0.5 0.7 0.15 0.9 0.55 0.75 0.7 0.9 0.55 1.0 0.1 0.6 0.5 0.5 0.4 0.95 0.45 0.5 0.9 0.35 0.5 
-14.975011319385407 0.4821293976546466 0.3233269974925064 1.0 0.65 0.5 0.75 0.0 0.85 1.0 0.95 0.6 0.95 0.25 0.45 0.65 0.6 0.55 0.2 0.25 0.15 0.9 0.55 0.5 0.55 0.3 0.55 0.9 0.7 0.25 0.75 0.4 0.4 0.8 0.8 0.65 0.7 0.3 0.45 
-1.5747295090751494 0.2667878051271927 0.4369712275676295 0.85 0.65 0.5 0.95 0.05 0.8 0.9 0.95 0.6 0.7 0.25 0.85 0.8 0.6 0.1 0.3 0.25 0.15 0.9 0.55 0.25 0.0 0.4 0.55 0.95 0.1 0.6 0.6 0.5 0.4 0.9 0.45 0.2 0.9 0.35 0.45 
-12.825964573254815 0.5523824058413489 0.2918356526422664 1.0 0.9 0.35 0.5 0.75 0.85 1.0 0.55 0.65 0.8 0.35 0.45 0.95 0.75 0.05 0.7 0.6 0.15 0.95 0.6 0.4 0.85 0.85 0.2 0.85 0.1 0.75 0.4 0.6 0.65 1.0 0.65 0.85 1.0 0.7 0.9 
-0.20228897909965216 0.7326464659909063 0.7049111288727321 1.0 0.2 0.8 0.65 0.6 0.4 1.0 0.55 0.35 0.9 0.35 0.6 0.6 0.1 0.9 0.5 0.3 0.5 0.95 0.6 0.7 0.85 0.85 0.35 1.0 0.25 0.45 0.95 0.6 0.7 0.85 0.65 0.4 0.9 0.15 0.8 
-1.4252132344444832 0.7681194471090974 0.6903655001347679 1.0 0.2 0.8 0.5 0.6 0.35 1.0 0.6 0.5 0.9 0.35 0.6 0.6 0.1 0.7 0.5 0.3 0.8 0.95 0.6 0.25 0.65 0.6 0.35 1.0 0.3 0.5 0.9 0.6 0.7 0.95 0.65 0.3 0.5 0.15 0.8 
-9.579557432688437 0.8014258840089081 0.41616380450479307 1.0 0.9 0.35 0.5 0.75 0.85 1.0 0.55 0.65 0.9 0.35 0.6 0.95 0.75 0.05 0.55 0.95 0.95 0.95 0.6 0.4 0.85 0.85 0.2 1.0 0.15 0.45 0.85 0.6 0.65 1.0 0.65 0.45 0.55 0.05 0.9 
-0.5151484086142 0.7866351647911325 0.6600253287860786 1.0 0.2 0.8 0.5 0.6 0.35 1.0 0.6 0.4 0.9 0.35 0.6 0.6 0.1 0.0 0.5 0.3 0.8 0.95 0.6 0.25 0.65 0.6 0.35 1.0 0.25 0.5 0.9 0.6 0.7 0.95 0.65 0.3 0.6 0.15 0.8 
-154.59075118402407 0.4238335355818409 0.716439246919628 0.65 0.2 0.35 0.8 0.6 0.45 1.0 0.45 0.4 0.1 0.5 0.3 0.6 0.1 0.9 0.5 0.65 0.5 0.95 0.3 0.8 0.85 0.85 0.2 1.0 0.25 0.45 0.85 0.6 0.7 1.0 0.65 0.4 0.75 0.15 0.8 
-3.025949010961089 0.27914320026248984 0.41440302127279255 0.8 0.65 0.5 0.95 0.05 0.8 1.0 0.95 0.6 0.7 0.25 0.85 0.8 0.0 0.1 0.3 0.65 0.15 0.9 0.55 1.0 0.0 0.4 0.55 0.95 0.1 0.6 0.7 0.5 0.4 0.9 0.45 0.2 0.9 0.35 0.45 
-6.690463561174723 0.7538807830046141 0.714376729086073 1.0 0.2 0.8 0.5 0.6 0.35 1.0 0.6 0.5 0.9 0.35 0.6 0.6 0.1 0.7 0.5 0.3 0.8 0.95 0.6 0.25 0.65 0.6 0.35 1.0 0.3 0.5 0.95 0.6 0.7 0.95 0.65 0.3 0.5 0.15 0.8 
-158.461377101912 0.3960181194134656 0.6641107152553951 0.65 0.2 0.35 0.8 0.6 0.45 1.0 0.45 0.4 0.1 0.5 0.3 0.6 0.1 0.9 0.5 0.65 0.5 0.75 0.3 0.8 0.85 0.85 0.2 1.0 0.2 0.45 0.85 0.6 0.7 1.0 0.65 0.4 0.75 0.15 0.8 
-7.112081590267726 0.6114817013438422 0.755166834252144 1.0 0.25 0.6 0.4 0.6 0.35 1.0 0.6 0.4 0.9 0.35 0.2 0.6 0.1 0.0 0.5 0.3 0.5 0.95 0.6 0.5 0.65 0.6 0.45 1.0 0.25 0.5 0.9 0.6 0.7 0.95 0.65 0.3 0.9 0.2 0.85 
-0.5553135772283655 0.25880070376448394 0.5413141297712909 0.6 0.7 0.5 0.65 0.0 0.75 1.0 0.95 0.6 0.8 0.25 0.85 0.6 0.5 0.2 0.95 0.7 0.25 0.9 0.55 0.75 0.7 0.9 0.55 1.0 0.1 0.6 0.5 0.5 0.4 0.95 0.45 0.3 0.95 0.35 0.5 
-0.3132223709098575 0.8083241364290452 0.5384846521762786 1.0 0.2 0.75 0.4 0.55 0.35 1.0 0.6 0.4 0.45 0.35 0.35 0.6 0.1 1.0 0.85 0.3 0.5 0.95 0.6 0.45 0.65 0.6 0.35 0.95 0.3 0.5 0.9 0.6 0.55 0.95 0.65 0.3 0.9 0.2 0.8 
-0.38661682434897576 0.8153088380137468 0.5489148097572711 1.0 0.2 0.8 0.4 0.55 0.35 1.0 0.6 0.4 0.45 0.35 0.35 0.6 0.1 1.0 0.85 0.3 0.5 0.95 0.6 0.45 0.65 0.6 0.35 0.95 0.3 0.5 0.9 0.6 0.55 0.95 0.65 0.3 0.9 0.2 0.8 
-0.9151983044642613 0.7246821106677255 0.733906566819058 1.0 0.2 0.8 0.65 0.6 0.4 1.0 0.55 0.35 0.9 0.35 0.6 0.6 0.1 0.9 0.0 0.3 0.5 0.95 0.6 0.7 0.85 0.85 0.35 1.0 0.25 0.5 0.95 0.6 0.7 0.85 0.65 0.4 0.9 0.15 0.8 
-0.8820221856882742 0.5379394549095949 0.7601383695905108 1.0 0.2 0.8 0.5 0.15 0.4 0.85 0.6 0.65 1.0 0.35 0.6 0.6 0.1 0.0 0.5 0.3 0.5 0.95 0.3 0.6 0.85 0.0 0.7 0.95 0.25 0.45 1.0 0.6 0.7 1.0 0.65 0.4 0.9 0.15 0.8 
-1.913136386222529 0.5030016657664174 0.7389664482706271 1.0 0.2 0.8 0.5 0.15 0.4 0.85 0.6 0.65 0.75 0.35 0.6 0.6 0.1 0.0 0.5 0.3 0.5 0.95 0.3 0.6 0.85 0.0 0.35 0.95 0.25 0.45 1.0 0.6 0.7 1.0 0.65 0.4 0.9 0.15 0.8 
-0.007867533884677827 0.8049642775310563 0.5438667352026187 1.0 0.2 0.8 0.4 0.55 0.35 1.0 0.6 0.4 0.45 0.35 0.35 0.6 0.1 0.55 0.85 0.3 0.5 0.8 0.6 0.45 0.8 0.6 0.35 0.95 0.3 0.5 1.0 0.6 0.55 0.95 0.65 0.3 0.9 0.2 0.8 
-11.42292901293044 0.4579499307849224 0.30921464953224553 1.0 0.65 0.5 0.75 0.0 0.85 1.0 0.95 0.6 0.95 0.25 0.45 0.65 0.6 0.2 0.45 0.25 0.15 0.9 0.55 0.5 0.6 0.3 0.55 0.85 0.7 0.3 0.75 0.4 0.4 0.8 0.8 0.9 0.7 0.3 0.45 
-0.23554006722632528 0.8099536334140855 0.5136181477929832 1.0 0.2 0.8 0.4 0.55 0.35 1.0 0.6 0.4 0.45 0.35 0.4 0.6 0.1 1.0 0.85 0.3 0.5 0.95 0.6 0.8 0.65 0.6 0.6 0.95 0.3 0.35 0.9 0.6 0.55 0.95 0.65 0.3 0.9 0.2 0.85 
-2.9717328293314065 0.2615878043699905 0.4790139122299879 0.85 0.65 0.5 0.95 0.05 0.8 0.9 0.95 0.6 0.7 0.25 0.85 0.8 0.6 0.1 0.3 0.25 0.15 0.9 0.55 1.0 0.7 0.5 0.55 0.95 0.1 0.6 0.5 0.5 0.4 0.9 0.45 0.2 0.9 0.35 0.45 
-9.264548699296986 0.7733953824824265 0.39401991547302706 1.0 0.9 0.35 0.7 0.75 0.85 0.95 0.55 0.65 0.95 0.35 0.6 0.95 0.1 0.1 0.6 0.9 0.85 0.95 0.6 0.15 0.85 0.85 0.2 1.0 0.25 0.5 0.6 0.6 0.7 0.95 0.7 0.45 0.2 1.0 0.75 
-0.9717434438166804 0.2573876690009598 0.5123204189816013 0.6 0.7 0.5 0.65 0.0 0.75 1.0 0.95 0.6 0.8 0.25 0.85 0.6 0.5 0.2 0.95 0.7 0.15 0.9 0.55 0.2 0.7 0.9 0.55 1.0 0.1 0.6 0.65 0.5 0.4 0.95 0.45 0.3 0.9 0.35 0.5 
-0.8713786670642317 0.5978912177719053 0.7617968241166615 1.0 0.25 0.6 0.4 0.6 0.35 1.0 0.6 0.4 0.9 0.35 0.2 0.6 0.1 0.0 0.5 0.3 0.5 0.95 0.6 0.5 0.65 0.6 0.45 1.0 0.25 0.5 0.9 0.6 0.7 1.0 0.6 0.3 0.9 0.2 0.85 
-146.50133576387952 0.46731543897592065 0.7262362218686219 0.55 0.3 0.6 0.1 0.85 0.25 0.95 0.55 0.25 0.6 0.45 0.35 0.7 0.55 0.5 0.5 0.05 1.0 1.0 0.4 0.7 0.5 0.0 0.55 0.9 0.85 0.2 0.9 0.85 0.1 0.85 0.15 0.7 1.0 0.15 0.55 
-12.904839801380234 0.7829138660220862 0.368771098452055 1.0 0.9 0.35 0.7 0.75 0.85 0.95 0.55 0.65 0.75 0.35 0.6 0.95 0.1 0.1 0.6 0.9 0.85 0.45 0.6 0.15 0.85 0.85 0.2 1.0 0.25 0.5 0.6 0.6 0.7 0.9 0.7 0.45 0.2 1.0 0.45 
-3.257329120410166 0.8054809006490845 0.5707684073839522 1.0 0.25 0.8 0.4 0.6 0.35 1.0 0.6 0.4 0.9 0.35 0.6 0.6 0.1 0.0 1.0 0.3 0.35 0.95 0.6 0.25 0.65 0.6 0.4 0.95 0.3 0.55 0.65 0.6 0.7 0.95 0.65 0.3 0.9 0.2 0.8 
-0.08466181766625222 0.5938130281407805 0.7570551353947679 1.0 0.25 0.6 0.4 0.6 0.35 1.0 0.6 0.4 0.9 0.35 0.2 0.6 0.1 0.0 0.5 0.3 0.5 0.95 0.6 0.5 0.65 0.6 0.45 0.95 0.25 0.5 0.9 0.6 0.7 1.0 0.6 0.3 1.0 0.2 0.85 
-152.66149787041581 0.40087040167819804 0.6921929673447338 0.65 0.2 0.35 0.8 0.6 0.45 1.0 0.45 0.7 0.1 0.5 0.3 0.6 0.1 0.9 0.5 0.65 0.5 0.95 0.3 0.8 0.85 0.85 0.2 1.0 0.25 0.45 0.85 0.6 0.7 1.0 0.65 0.4 0.75 0.15 0.8 
-5.278014565664417 0.6273502709166049 0.28491040752718155 1.0 0.9 0.35 0.5 0.75 0.85 1.0 0.55 0.65 0.75 0.35 0.65 0.0 0.75 0.85 0.2 0.6 1.0 0.95 0.3 0.4 0.85 0.85 0.2 0.85 0.15 0.5 0.45 0.65 0.7 1.0 0.65 0.45 1.0 0.1 0.9 
-142.75473874139968 0.4257250766601449 0.6980863003420741 0.65 0.2 0.35 0.85 0.6 0.45 1.0 0.45 0.4 0.1 0.5 0.3 0.6 0.1 0.9 0.5 0.65 0.5 0.95 0.3 0.8 0.85 0.85 0.2 1.0 0.25 0.45 0.85 0.6 0.7 1.0 0.65 0.4 0.75 0.15 0.8 
-17.256833501197733 0.7842640377860421 0.3828602462770471 1.0 0.9 0.35 0.7 0.75 0.85 0.95 0.55 0.65 0.75 0.35 0.6 0.05 0.1 0.1 0.6 0.9 0.85 0.45 0.6 0.15 0.85 0.85 0.2 1.0 0.25 0.5 0.6 0.6 0.7 0.95 0.7 0.45 0.2 1.0 0.55 
-0.3045756523858167 0.6602169764138985 0.7402356686940272 0.9 0.2 0.85 0.5 0.6 0.4 1.0 0.55 0.6 1.0 0.35 0.6 0.6 1.0 0.9 0.5 0.3 1.0 0.95 0.6 0.9 0.85 0.85 0.15 1.0 0.25 0.45 0.85 0.6 0.7 0.95 0.65 0.4 0.9 0.15 0.8 
-17.310380945087115 0.4138192261168062 0.3228565962133645 1.0 0.65 0.5 0.75 0.0 0.8 1.0 0.95 0.6 0.95 0.25 0.45 0.1 0.6 0.55 0.2 0.25 0.15 0.9 0.55 0.5 0.7 0.3 0.55 0.9 0.7 0.3 0.75 0.45 0.4 0.9 0.8 0.6 0.7 0.3 0.45 
-8.789759019370841 0.509238748705437 0.3153912253979688 1.0 0.9 0.35 0.4 0.75 0.85 1.0 0.55 0.55 0.9 0.35 0.45 0.95 0.75 0.05 0.7 0.6 0.85 0.95 0.95 0.4 0.85 0.85 0.2 0.85 0.15 0.2 0.7 0.6 0.85 1.0 0.9 0.45 1.0 0.3 0.8 
-2.574752201047505 0.8138603680299268 0.5473387894855737 1.0 0.2 0.8 0.4 0.55 0.35 1.0 0.6 0.4 0.45 0.35 0.35 0.6 0.1 1.0 0.85 0.3 0.5 0.95 0.6 0.45 0.65 0.6 0.35 0.95 0.3 0.5 0.9 0.6 0.6 0.95 0.65 0.3 0.9 0.2 0.8 
-1.3085184523563933 0.2569511784161549 0.5493181222114634 0.6 0.7 0.5 0.65 0.0 0.75 1.0 0.95 0.6 0.8 0.25 0.85 0.6 0.5 0.2 0.95 0.7 0.15 0.9 0.55 0.75 0.7 0.9 0.55 1.0 0.1 0.6 0.5 0.5 0.4 0.95 0.45 0.3 0.9 0.35 0.5 
-3.8107553386687547 0.6237138751054906 0.7512190423268925 1.0 0.25 0.6 0.4 0.6 0.35 1.0 0.6 0.4 0.9 0.35 0.2 0.6 0.1 0.0 0.5 0.3 0.5 0.95 0.6 0.5 0.65 0.6 0.45 0.95 0.25 0.5 0.9 0.6 0.7 0.95 0.6 0.3 1.0 0.2 0.85 
-1.5808168207213453 0.8095598139381839 0.4677176303567207 1.0 0.9 0.35 0.7 0.75 0.85 0.95 0.55 0.65 0.7 0.35 0.6 0.95 0.1 0.1 0.6 0.9 0.85 0.95 0.6 0.15 0.85 0.15 0.2 1.0 0.25 0.5 0.6 0.6 0.7 0.95 0.7 0.45 0.2 1.0 0.75 
-6.088382198572381 0.291869244378988 0.5816635334954934 0.4 0.7 0.5 0.75 0.05 0.75 1.0 0.95 0.6 0.9 0.25 0.85 0.6 0.6 0.2 0.5 0.7 0.15 0.9 0.55 0.75 0.7 0.9 0.55 1.0 0.1 0.6 0.5 0.5 0.4 0.95 0.45 0.5 0.9 0.35 0.5 
-6.520066480045732 0.6833501074961796 0.2804465749112024 1.0 0.9 0.35 0.4 0.75 0.85 1.0 0.55 0.65 1.0 0.35 0.45 0.95 0.75 0.05 0.7 0.6 0.85 0.95 0.6 0.4 0.85 0.25 0.2 0.85 0.15 0.45 0.7 0.6 0.55 0.9 0.9 0.45 1.0 0.05 0.8 
-13.424295116440666 0.8053365466568358 0.45737207466967683 1.0 0.9 0.35 0.5 0.75 0.85 1.0 0.55 0.65 0.9 0.35 0.6 0.95 0.75 0.05 0.55 0.95 0.95 0.95 0.6 0.4 0.85 0.85 0.2 0.95 0.15 0.45 0.8 0.6 0.65 1.0 0.65 0.45 0.55 0.05 0.9 
