-9.238919704752805e-05 0.5486467149396107 0.5208699344439842 0.8 0.05 0.55 0.15 0.75 0.8 0.9 0.5 0.05 0.35 0.05 0.35 0.8 0.25 0.45 0.85 0.05 0.05 0.15 0.2 0.7 0.1 0.85 0.7 1.0 0.2 0.35 0.35 0.95 0.35 1.0 0.35 0.15 0.75 0.0 0.7 
-0.01183909994568907 0.4757546670202909 0.5241260885856931 0.05 0.9 0.55 0.2 0.8 0.7 0.75 0.7 0.7 0.75 0.45 0.8 0.2 0.9 0.95 0.65 0.35 0.1 0.5 0.6 0.95 0.2 0.25 0.4 0.9 0.55 0.85 0.65 0.85 0.4 1.0 0.65 0.3 0.1 1.0 0.1 
-0.0021361433692268714 0.5173294806918018 0.5088419582180086 1.0 0.3 0.05 0.55 0.65 0.35 0.6 0.5 0.05 0.15 0.3 0.35 0.2 0.3 0.9 0.8 1.0 1.0 0.8 0.15 0.0 0.3 0.4 0.85 0.95 0.7 0.55 0.05 0.15 0.65 0.9 0.2 0.85 0.55 0.95 0.1 
-0.0006751676326833544 0.5877025719049176 0.5657119364116605 0.5 0.5 0.65 0.95 0.8 0.2 0.3 0.2 0.85 0.6 0.5 0.7 0.6 1.0 0.0 0.7 0.1 0.25 0.85 0.1 0.2 0.7 0.65 1.0 0.6 0.1 0.7 0.4 0.7 0.95 0.9 0.45 0.7 0.65 0.7 0.75 
-0.0047669848126832845 0.5332590775012048 0.4890441262403731 0.9 0.5 0.4 0.5 0.2 0.95 0.5 0.45 0.3 0.05 0.25 0.9 0.4 0.4 0.15 0.25 0.35 0.5 1.0 0.75 0.0 0.55 0.3 0.45 0.85 0.0 0.7 0.7 0.9 0.85 0.25 0.35 0.5 0.6 0.8 0.6 
-0.0005581427266315962 0.49467396883590287 0.4961182346476349 1.0 0.55 0.45 1.0 0.8 0.9 0.9 0.2 0.65 0.6 0.3 0.3 0.0 0.0 0.15 1.0 0.5 0.9 0.8 0.2 0.2 0.7 0.45 0.7 0.95 0.45 0.25 0.45 0.9 0.75 0.9 0.2 0.75 0.25 0.55 0.6 
-0.048667606311185406 0.5027697809570775 0.47793701262981125 0.9 0.05 0.25 0.2 0.8 0.15 1.0 0.1 0.55 0.65 0.7 0.4 0.05 0.6 0.6 0.6 0.5 0.3 0.85 0.6 0.05 0.9 0.6 0.7 0.15 0.65 0.45 0.4 0.35 0.05 1.0 0.25 0.4 0.85 0.75 0.2 
-0.005595462347725216 0.5558128152039177 0.5213617922790807 0.1 0.55 0.65 0.6 0.65 0.7 0.35 0.35 0.35 0.95 0.3 0.85 0.35 0.65 0.9 0.0 0.85 1.0 0.05 0.65 0.3 0.4 0.9 0.95 0.55 0.6 0.4 0.8 0.9 0.35 0.4 0.95 0.3 0.55 0.2 0.5 
-0.0002102260495006871 0.5274556363078579 0.4934632384206846 0.65 0.7 0.75 0.7 0.85 0.4 0.2 0.8 0.4 0.35 0.0 0.55 0.95 0.7 0.95 0.8 0.7 1.0 0.9 0.75 0.65 0.35 0.9 0.1 0.95 0.9 0.65 0.05 0.25 0.7 0.9 0.35 0.85 0.55 0.95 1.0 
-0.004941254569810114 0.45111585335651244 0.4852662080256244 0.9 0.3 0.5 0.7 0.65 0.9 0.7 0.0 0.05 0.35 0.0 0.3 0.15 0.85 0.1 0.8 0.95 0.7 0.9 0.75 0.7 0.15 0.3 0.8 0.85 0.75 0.65 0.05 0.1 0.2 0.4 0.3 0.85 0.5 0.95 1.0 
-0.026099163487374302 0.5090499779936607 0.5075705424774551 0.85 0.3 0.55 0.7 0.65 0.5 0.75 0.0 0.0 0.55 0.6 0.05 0.45 0.5 0.0 1.0 0.4 0.2 0.9 0.1 0.0 0.35 0.4 0.8 0.9 0.8 0.2 0.05 0.35 1.0 0.25 0.05 0.85 0.5 0.95 1.0 
-0.00140280803983774 0.5179335954346723 0.47649628358457474 1.0 0.65 0.75 0.95 0.65 0.35 0.95 0.55 0.1 0.45 0.0 0.4 0.95 0.7 0.2 0.55 0.35 0.3 0.95 0.25 0.3 0.4 0.4 0.25 0.8 0.15 0.65 0.65 0.8 0.4 1.0 0.2 0.75 0.05 0.45 1.0 
-0.0067913424060013754 0.4723746555122397 0.48300768953695256 0.75 0.25 0.55 0.6 0.25 0.3 0.1 0.55 0.9 0.75 0.25 0.7 0.75 0.45 0.45 0.8 0.5 0.4 0.35 0.25 0.25 0.1 0.15 0.1 0.7 0.85 0.25 0.65 0.25 0.65 0.1 0.3 0.45 0.25 0.65 0.3 
-0.0008906770297854443 0.4607986638311802 0.4914119403898035 0.75 0.25 0.55 0.6 0.25 0.3 0.0 0.95 0.9 0.75 0.25 0.85 0.75 0.45 0.45 0.8 0.5 0.4 0.8 0.25 0.25 0.1 0.15 0.1 0.7 0.85 0.25 0.65 0.75 0.65 0.1 0.1 0.45 0.25 0.65 0.3 
-0.001709017711448696 0.5227044976941884 0.5298956439616627 0.85 0.3 0.75 0.7 0.65 0.5 0.85 0.0 0.0 0.55 0.6 0.05 0.45 0.5 0.0 0.45 0.45 0.2 0.9 0.1 0.0 0.35 0.4 0.8 0.9 0.8 0.2 0.05 0.25 1.0 0.25 0.3 0.85 0.5 0.95 1.0 
-0.002694100158678761 0.5966138969909917 0.4714127587766546 0.9 0.95 0.4 1.0 0.7 0.05 0.9 0.65 0.5 0.85 0.2 0.4 0.15 0.85 0.8 0.5 0.75 0.2 0.25 0.55 0.35 0.5 0.15 0.3 0.45 0.75 1.0 0.5 0.8 0.15 0.95 0.95 0.3 0.75 0.6 0.5 
-0.001282402405919708 0.5482495410077768 0.515171384203027 1.0 0.3 0.05 0.55 0.65 0.35 0.6 0.5 0.05 0.15 0.3 0.35 0.2 0.3 0.7 0.8 1.0 1.0 0.7 0.85 0.0 0.3 0.4 0.85 0.95 0.55 0.55 0.05 0.15 0.65 0.9 0.4 0.85 0.55 0.8 0.1 
-0.010132258570363399 0.582887005371606 0.5497440044649159 1.0 0.3 0.95 0.5 0.65 0.35 0.55 0.9 0.6 0.15 0.8 0.15 0.1 0.3 0.1 0.8 1.0 1.0 0.7 0.65 0.0 0.75 0.4 0.6 0.95 0.85 0.55 0.05 0.45 0.65 0.9 0.2 0.85 0.5 0.95 1.0 
-0.010461027969984013 0.5039696504879039 0.44164467214624414 0.8 0.6 0.55 0.3 0.45 1.0 0.6 0.7 0.55 0.8 0.15 0.25 0.6 0.45 0.35 0.2 0.3 0.55 0.9 0.1 0.5 0.9 0.85 0.05 0.05 0.2 0.85 0.7 0.05 0.25 0.4 0.35 0.65 0.95 0.0 0.6 
-0.007078583294479061 0.5211820794732596 0.4398090713726498 1.0 0.35 0.75 0.65 0.65 0.3 0.95 0.0 0.1 0.3 0.0 0.45 0.4 0.7 0.9 0.4 0.45 0.05 0.95 0.1 0.4 0.0 0.7 0.8 0.9 0.25 0.65 0.45 0.55 0.1 0.85 0.15 0.9 0.15 0.15 0.9 
-0.010789164202788146 0.4743111232127681 0.45361825599042044 0.9 0.15 0.75 0.8 0.25 0.75 0.5 0.65 0.5 0.2 0.7 0.6 0.95 0.85 0.45 0.45 0.8 0.2 0.9 0.2 0.3 0.65 0.1 0.65 0.95 0.45 0.35 0.45 0.05 0.9 0.55 0.35 0.1 0.15 0.5 0.6 
-0.008834272468276016 0.4536872149510282 0.5257505687147683 1.0 0.55 0.45 0.9 0.8 0.7 0.9 0.15 0.3 0.6 0.3 0.25 0.0 0.0 0.15 1.0 0.5 0.9 0.8 0.2 0.2 0.7 0.7 0.7 0.05 0.45 0.2 0.45 0.3 0.75 0.9 0.2 0.75 0.5 0.55 0.4 
-0.008641692603690727 0.5354796212426945 0.4405856736756195 0.9 0.05 0.25 0.2 0.65 0.15 1.0 0.1 0.55 0.85 0.7 0.4 0.05 0.6 0.6 0.6 0.5 0.3 0.85 0.6 0.25 1.0 0.6 0.7 0.15 0.65 0.45 0.4 0.35 0.35 0.6 0.25 0.4 0.85 0.25 0.2 
-0.0071993809082247 0.5905046995326937 0.5042042621033733 0.9 0.1 0.65 0.15 0.35 0.3 0.05 0.85 0.1 0.35 0.45 0.9 0.8 0.65 0.0 0.95 0.95 0.4 0.1 0.9 0.1 0.15 0.8 0.1 0.9 0.65 0.55 0.8 0.85 0.25 0.35 0.9 0.9 0.0 0.45 0.2 
-0.07534959082192447 0.5089752062745574 0.5262183072242816 0.9 0.9 0.65 0.15 0.35 0.3 0.9 0.85 0.1 0.35 0.45 0.9 0.8 0.65 0.0 0.95 0.95 0.4 0.1 0.35 0.1 0.15 0.8 0.1 1.0 0.65 0.55 0.8 0.85 0.25 0.35 0.9 0.9 0.0 0.45 0.2 
-0.22776286941652524 0.5085548865292739 0.5793589418206795 0.95 0.3 0.55 0.7 0.65 0.4 0.2 0.0 0.25 0.35 0.6 0.0 0.15 0.7 0.95 0.8 0.95 1.0 0.9 0.75 0.0 0.35 0.4 0.8 0.95 0.8 0.65 0.05 0.9 0.7 0.95 0.3 0.9 0.55 0.95 0.5 
-0.03582108982807758 0.4558701535669187 0.468956327504427 0.55 0.3 0.0 0.55 0.65 0.4 0.5 0.0 0.05 0.35 0.0 0.4 0.15 0.7 0.75 0.05 0.95 1.0 0.9 0.75 0.05 0.35 0.4 0.95 0.95 0.8 0.65 0.9 0.2 0.7 0.9 0.3 0.85 0.9 0.95 1.0 
-0.0018598357097739935 0.5414728696971968 0.47075470426213517 0.9 0.1 0.65 0.8 0.35 0.3 0.05 0.85 0.1 0.35 0.5 0.9 0.8 0.65 0.0 0.95 0.95 0.4 0.1 0.85 0.1 0.15 0.8 0.1 0.9 0.65 0.55 0.8 0.85 0.25 0.35 0.9 0.9 0.0 0.45 0.2 
-0.002112323826684046 0.5712234183778182 0.5018871810970681 0.9 0.2 0.2 0.8 0.7 0.15 0.3 0.6 0.45 0.5 0.2 0.4 1.0 0.85 0.8 0.1 0.65 0.0 0.95 0.5 0.05 0.05 0.15 0.15 0.6 0.75 0.75 0.5 0.8 0.15 0.95 0.95 0.3 0.4 0.4 0.9 
-0.009890776165116364 0.5652208486306611 0.4886648826846959 0.9 0.95 0.7 1.0 0.7 0.05 0.9 0.65 0.5 0.85 0.2 0.4 0.15 0.85 0.8 0.5 0.75 0.2 0.25 0.55 0.35 0.5 0.15 0.3 0.35 0.15 0.8 0.5 0.8 0.15 0.55 0.95 0.3 0.75 0.4 0.5 
-0.018054400847801556 0.5356560053167359 0.3748444213601234 0.9 0.6 0.6 0.3 0.4 0.7 0.7 0.7 0.6 1.0 0.1 0.25 0.95 0.45 0.35 0.2 1.0 0.55 0.9 0.6 0.5 0.05 0.35 0.05 1.0 0.2 0.9 0.7 0.05 0.25 0.9 0.35 0.05 0.95 0.2 0.7 
-0.013879949318742217 0.4375670484914139 0.5087557020094872 0.05 0.2 0.45 0.8 0.4 0.2 0.85 0.55 0.35 0.1 0.25 0.1 0.05 0.6 0.8 0.55 0.9 0.65 0.25 0.2 0.4 0.2 0.45 0.45 0.65 0.55 0.6 0.85 0.0 0.25 0.9 0.95 0.75 0.65 0.55 0.6 
-0.012120977240251832 0.4369981997852041 0.5519801541106761 0.0 0.8 0.05 0.8 0.4 0.8 0.05 0.7 0.35 0.1 0.25 0.4 0.4 0.6 0.1 0.25 0.9 0.65 0.25 0.2 0.45 0.2 0.45 0.05 0.65 0.55 0.45 0.85 0.0 0.25 0.9 0.9 0.75 0.65 0.55 0.6 
-0.0007109745893192687 0.47320386395693037 0.5621617390044735 0.5 0.65 0.6 0.45 0.45 0.45 0.7 0.1 0.05 0.75 0.4 0.6 0.0 0.35 0.35 0.2 0.45 0.55 0.9 0.0 0.15 1.0 0.65 0.55 0.95 0.2 0.85 0.7 0.95 0.6 0.8 0.4 0.3 0.85 0.2 0.7 
-0.0037161939440923065 0.5944420673558066 0.5059347106394388 0.9 0.6 0.6 0.3 0.45 0.7 0.15 0.7 0.1 0.9 0.15 0.5 0.25 0.45 0.35 0.2 0.45 0.55 0.9 0.0 0.5 0.05 0.35 0.05 0.95 0.2 0.85 0.7 0.05 0.6 0.95 0.4 0.5 0.85 0.2 0.7 
-0.006655755086617197 0.5577128033369306 0.4596857168716221 0.9 0.5 0.4 0.35 0.2 0.95 0.0 0.5 0.3 0.7 0.6 0.1 0.05 0.2 0.15 0.25 0.6 0.5 0.85 0.75 0.0 0.9 0.2 0.45 0.95 0.0 0.45 0.0 0.5 0.85 0.3 0.65 0.5 0.85 0.0 0.6 
-0.00026330993827392154 0.5815403780074899 0.4091906610794603 0.9 0.75 0.6 0.3 0.45 1.0 0.3 0.7 0.1 0.45 0.7 0.05 0.8 0.45 0.45 0.2 0.45 0.55 0.9 0.15 0.5 0.3 0.85 0.05 1.0 0.2 0.85 0.7 0.05 0.15 0.45 0.1 0.5 0.95 0.0 0.7 
-0.007866862187593223 0.42265077852980926 0.46701730489452475 0.85 0.3 0.55 0.8 0.4 0.5 0.8 0.45 0.35 0.1 0.25 0.15 0.1 0.6 0.1 1.0 0.7 0.65 0.4 0.15 0.3 0.45 0.45 0.05 0.65 0.35 0.65 0.95 0.0 0.55 0.25 0.95 0.8 0.05 0.0 0.1 
-0.009273795782046013 0.6398206093803194 0.49245230975805954 0.9 0.95 0.65 1.0 0.7 0.05 0.9 0.65 0.5 0.85 0.2 0.4 0.15 0.85 0.8 0.5 0.75 0.2 0.25 0.55 0.35 0.5 0.15 0.3 0.45 0.75 0.8 0.5 0.8 0.15 0.95 0.95 0.3 0.75 0.4 0.5 
-0.0002706112307975834 0.5820911204555637 0.47505399770674467 1.0 0.35 0.75 0.6 0.65 0.3 1.0 0.55 0.15 0.45 0.0 0.45 0.4 0.7 0.45 0.15 0.1 0.9 0.95 0.1 0.85 0.35 0.7 0.8 0.9 0.25 0.45 0.5 0.65 0.4 0.55 0.15 0.9 0.35 0.15 0.75 
-0.021350532272877174 0.548751544742065 0.44325070795879107 0.9 0.5 0.4 0.35 0.2 0.95 0.5 0.5 0.3 0.05 0.25 0.3 0.4 0.25 0.15 0.25 0.35 0.5 1.0 0.75 0.0 0.55 0.0 0.45 0.95 0.0 0.8 0.7 0.5 0.85 0.25 0.65 0.5 0.6 0.0 0.6 
-0.00584802391456817 0.41297501966397493 0.5113888439110336 0.7 0.15 0.75 0.8 0.25 0.75 0.8 0.65 0.65 0.2 0.7 0.6 0.95 0.8 0.45 0.85 0.25 0.3 0.9 0.2 0.85 0.8 0.1 0.05 0.85 0.45 0.35 0.45 0.05 0.25 0.5 0.95 0.4 0.2 0.65 0.6 
-0.00036733604928892196 0.5085401840698118 0.5583400718789944 0.75 0.1 0.75 0.7 0.75 0.4 0.4 0.0 0.15 0.35 0.0 0.45 0.15 0.7 1.0 0.8 0.85 1.0 0.1 0.75 0.6 0.55 0.65 0.8 0.95 0.95 0.7 0.05 0.1 0.15 0.9 0.3 0.85 0.55 0.95 1.0 
-0.0007959528903914704 0.5899356436932083 0.516703710956466 0.9 0.1 0.65 0.15 0.35 0.3 0.9 0.85 0.1 0.35 0.45 0.9 0.8 0.65 0.0 0.95 0.95 0.4 0.1 0.35 0.1 0.15 0.8 0.1 1.0 0.65 0.55 0.8 0.85 0.25 0.35 0.9 0.9 0.0 0.45 0.2 
-0.029607328711161337 0.653711110570259 0.4532675456635699 1.0 0.3 0.35 0.6 0.65 0.3 1.0 0.55 0.1 0.45 0.0 0.45 0.4 0.7 0.65 0.4 0.35 0.05 0.95 0.1 0.4 0.35 1.0 0.8 0.95 0.35 0.0 0.45 0.55 0.4 1.0 0.15 0.9 0.35 0.55 0.9 
-0.025526629555594635 0.502547659638147 0.42952727829223725 0.9 0.6 0.55 0.3 0.45 1.0 0.6 0.7 0.7 0.8 0.15 0.25 0.6 0.45 0.35 0.2 0.65 0.55 0.9 0.15 0.5 0.05 0.85 0.05 0.05 0.2 0.75 0.7 0.05 0.25 0.4 0.35 0.2 0.95 0.0 0.6 
-0.009608098736142679 0.4163574729774393 0.496973959010081 0.95 0.1 0.45 0.8 0.4 0.6 0.6 0.45 0.1 0.1 0.25 0.1 0.1 0.6 0.8 0.55 0.7 0.65 0.4 0.0 0.3 0.65 0.8 0.05 0.05 0.45 0.45 0.85 0.0 0.25 0.9 0.0 0.3 0.25 0.15 0.7 
-0.05334023460349422 0.6048548624203929 0.42613093449996775 0.8 0.35 0.75 0.6 0.65 0.3 0.95 0.15 0.1 0.35 0.0 0.15 0.4 0.7 0.25 0.4 0.95 0.05 0.95 0.55 0.55 0.35 0.85 0.8 0.9 0.25 0.65 0.3 0.55 0.4 0.7 0.15 0.9 0.35 0.15 0.9 
-0.0030640969144874667 0.431166469199389 0.5371318180043362 0.85 0.0 0.8 0.8 0.4 0.8 0.85 0.45 0.35 0.1 0.25 0.4 0.05 0.6 0.8 0.55 0.15 0.0 0.8 0.0 0.0 0.95 0.8 0.05 0.65 0.45 0.6 0.85 0.9 0.3 0.45 0.95 0.7 0.25 0.15 0.8 
-0.0023892569856793677 0.6177960657725278 0.5597814935742433 0.9 0.3 0.7 0.9 0.65 0.3 1.0 0.55 0.1 0.45 0.6 0.45 0.4 0.7 0.65 0.65 0.35 0.05 0.95 0.1 0.4 0.05 1.0 0.75 0.95 0.35 0.55 0.45 0.55 0.4 1.0 0.15 0.9 0.35 0.4 0.9 
-0.014841092103869242 0.5537178508098153 0.5428484430993525 0.9 0.1 1.0 0.15 0.35 0.3 0.9 0.95 0.1 0.35 0.3 0.9 0.8 0.95 0.0 0.95 0.5 0.45 0.1 0.35 0.3 0.15 0.8 0.5 1.0 0.65 0.55 0.4 0.85 0.25 0.35 0.9 0.1 0.0 0.7 0.2 
-0.0026214204639765037 0.5490097585200391 0.5408322614507028 1.0 0.85 0.0 0.7 0.65 0.65 0.85 0.55 0.05 0.35 0.0 0.4 0.95 0.45 0.95 0.8 0.65 0.7 0.7 0.75 0.75 0.55 0.4 0.75 0.95 0.9 0.65 0.05 0.25 0.8 0.9 0.3 0.85 0.55 0.95 1.0 
-0.006167520358170624 0.5733148999732189 0.42029174938606356 0.9 0.6 0.6 0.3 0.45 1.0 0.3 0.7 0.1 0.2 0.7 0.05 0.8 0.45 0.45 0.2 0.45 0.55 0.9 0.45 0.5 0.3 0.85 0.05 1.0 0.2 0.85 0.7 0.05 0.15 0.45 0.9 0.5 0.95 0.0 0.7 
-0.016926037512809668 0.5493453863522232 0.41606910007728487 0.9 0.6 0.55 0.3 0.45 1.0 0.7 0.7 0.7 0.8 0.15 0.25 0.6 0.45 0.35 0.2 0.65 0.55 0.9 0.15 0.5 0.05 0.85 0.05 0.05 0.2 0.85 0.7 0.05 0.25 0.4 0.35 0.2 0.95 0.0 0.7 
-0.01510445318101646 0.46640347602779764 0.4563289094304631 0.7 0.15 0.75 0.8 0.25 0.75 0.5 0.65 0.5 0.2 0.7 0.3 0.95 0.35 0.95 0.85 0.75 1.0 0.4 0.2 0.85 0.8 0.35 0.05 0.15 0.2 0.5 0.45 0.05 0.75 0.8 0.95 0.1 0.2 0.6 0.6 
-0.01457622481297614 0.42493505557660505 0.4594766194880117 0.7 0.15 0.75 0.85 0.25 0.75 0.5 0.65 0.5 0.2 0.7 0.75 0.95 0.6 0.95 0.85 0.75 1.0 0.4 0.2 0.85 0.8 0.1 0.15 0.15 0.35 0.5 0.45 0.05 0.75 0.6 0.95 0.5 0.2 0.6 0.8 
-0.015984870438434915 0.42634392814120037 0.48009073257986473 0.95 0.1 0.45 0.8 0.4 0.5 0.6 0.45 0.1 0.1 0.25 0.1 0.1 0.6 0.8 0.55 0.7 0.65 0.4 0.0 0.3 0.65 0.8 0.05 0.05 0.45 0.45 0.85 0.0 0.25 0.9 0.95 0.75 0.25 0.15 0.05 
-0.03769316586211454 0.5319847894736869 0.5604328752218942 0.45 0.6 0.3 0.3 0.9 0.85 0.2 0.7 0.55 0.15 0.9 0.5 0.5 0.7 0.05 0.35 0.3 0.1 0.25 0.15 0.55 0.7 0.85 0.05 0.95 0.95 0.15 0.6 0.65 0.8 0.4 0.55 0.35 0.5 0.55 0.85 
-0.02210694373107218 0.47054486428628856 0.4357740048262023 0.95 0.55 0.45 1.0 0.8 0.5 0.9 0.15 0.65 0.55 0.3 0.4 0.5 0.0 0.15 1.0 0.65 0.95 0.9 0.6 0.3 0.7 0.8 0.5 0.55 0.45 0.35 0.75 0.3 0.75 0.65 0.5 0.85 0.8 0.55 1.0 
-0.01646073047153162 0.47224772983030305 0.5682490933789625 0.75 0.05 1.0 0.6 0.25 0.3 0.45 0.35 0.9 0.75 0.3 0.85 0.75 0.35 0.45 0.8 0.1 0.45 0.6 0.25 0.25 0.75 0.15 0.9 0.7 0.85 0.25 0.9 0.75 0.65 0.95 0.1 0.45 0.25 0.65 0.0 
-0.0029127453632960382 0.5592509421059051 0.5655390690996461 0.7 1.0 0.75 0.7 0.65 0.4 0.95 0.75 0.05 0.35 0.0 0.45 0.15 0.8 0.3 0.05 0.95 0.2 0.9 0.75 0.7 0.1 0.6 0.1 0.95 0.8 0.65 0.05 0.95 0.15 0.9 1.0 0.45 0.55 0.95 1.0 
-0.011774548135749146 0.5173606840303684 0.595509752230966 0.1 0.6 0.6 0.55 0.65 0.4 0.45 0.0 0.05 0.35 0.0 0.4 0.15 0.7 0.25 0.05 0.95 1.0 0.75 0.05 0.0 0.35 0.2 0.8 0.95 0.8 0.65 0.05 0.2 0.7 0.9 0.3 0.85 0.7 0.95 1.0 
-0.0033043422652744483 0.51228403329691 0.4147538256534433 0.9 0.6 0.6 0.25 0.45 0.15 0.7 0.7 0.1 1.0 0.15 0.25 1.0 0.45 0.35 0.2 0.45 0.1 0.9 0.15 0.5 0.05 0.9 0.05 1.0 0.2 0.85 0.8 0.05 0.25 0.55 0.35 0.5 0.55 0.2 0.7 
-0.018689192331594048 0.5404039776740722 0.5807893737531392 0.35 0.25 0.6 0.3 0.5 0.35 0.7 0.7 0.8 0.45 0.15 0.25 0.15 0.65 0.35 0.05 0.45 0.55 0.9 1.0 0.5 0.05 0.85 0.05 1.0 0.15 0.7 0.7 0.05 0.25 0.55 0.35 0.15 0.95 0.0 0.7 
-0.0008347046763942951 0.6743303838360778 0.5359796046937396 1.0 0.3 0.75 0.7 0.65 0.35 0.85 0.2 0.2 0.15 0.05 0.6 0.15 0.95 0.95 0.05 0.95 1.0 0.9 0.4 0.0 0.05 0.3 0.85 1.0 0.7 0.6 0.05 0.2 0.65 0.9 0.3 0.85 0.4 0.35 1.0 
-0.003981785281725771 0.6209726118317397 0.5123784100312861 1.0 0.3 0.7 0.85 0.65 0.8 1.0 0.55 0.1 0.4 0.4 0.6 0.3 0.1 0.65 0.4 0.6 0.3 0.75 1.0 0.3 0.25 0.4 0.0 1.0 0.7 0.55 0.5 0.9 0.35 1.0 0.2 0.75 0.3 0.95 1.0 
-0.0074041834475764385 0.5807703259474816 0.5718240396083302 1.0 0.3 0.05 0.6 0.65 0.35 0.6 0.4 0.05 0.15 0.3 0.35 0.2 0.3 0.1 0.8 1.0 1.0 0.8 0.15 0.0 0.65 0.4 0.85 0.95 0.7 0.55 0.05 0.15 0.65 0.9 0.2 0.85 0.55 0.95 1.0 
-0.0007267494597345042 0.6306004788732233 0.5335106874490722 0.9 0.2 0.65 0.8 0.7 0.15 0.45 0.65 0.45 0.85 0.2 0.4 0.15 0.85 0.8 0.1 0.75 0.0 0.95 0.5 0.05 0.5 0.15 0.15 0.3 0.75 0.75 0.5 0.8 0.15 0.95 0.95 0.3 0.4 0.4 0.2 
-0.0030691865868032755 0.651976625676913 0.528403565550971 0.9 0.3 0.7 0.6 0.65 0.3 1.0 0.55 0.1 0.45 0.6 0.45 0.4 0.7 0.65 0.65 0.35 0.05 0.95 0.1 0.4 0.35 1.0 0.8 0.95 0.35 0.65 0.45 0.55 0.4 1.0 0.15 0.9 0.35 0.4 0.9 
-0.20722623881011432 0.4732513701837369 0.6029740218132673 0.5 0.7 0.6 0.45 0.45 0.45 0.7 0.75 0.5 1.0 0.7 0.5 0.0 0.15 0.35 0.2 0.4 0.55 0.9 1.0 0.5 1.0 0.65 0.55 0.95 0.2 0.85 0.85 0.95 0.6 0.8 0.4 0.3 0.85 0.2 0.7 
-0.006534369085148119 0.6380001872796823 0.5782537241959086 0.9 0.3 0.75 0.7 0.65 0.4 0.7 0.0 0.1 0.35 0.0 0.3 0.15 0.8 0.3 0.8 0.95 0.7 0.9 0.75 0.7 0.35 0.6 0.8 0.8 0.25 0.65 0.05 0.1 0.15 0.8 0.3 0.85 0.3 0.95 1.0 
-0.005694455943385498 0.5822211627333325 0.43320314953952127 1.0 0.3 0.75 0.6 0.65 0.5 0.95 0.55 0.1 0.45 0.0 0.45 0.95 0.7 0.65 0.4 0.7 0.7 0.95 0.75 0.3 0.35 0.4 0.8 0.95 0.6 0.65 0.05 0.8 0.6 1.0 0.2 0.9 0.45 0.95 1.0 
-0.011164947988303477 0.577393152488263 0.6291422883666783 0.95 0.3 0.15 0.7 0.65 0.4 0.85 0.0 0.05 0.35 0.6 0.0 0.25 0.7 0.8 0.8 0.45 0.7 0.9 0.1 0.0 0.35 0.4 0.35 0.95 0.8 0.2 0.1 0.2 0.85 0.9 0.25 0.85 0.55 0.65 1.0 
-0.010237941245506645 0.6251488067645312 0.4794710374502417 1.0 0.3 0.75 0.7 0.65 0.35 0.6 0.55 0.1 0.35 0.5 0.65 0.95 0.7 0.95 0.3 0.05 1.0 0.95 0.75 0.45 0.85 0.55 0.8 0.95 0.85 0.6 0.05 0.4 0.35 1.0 0.35 0.45 0.45 0.95 1.0 
-0.020354484328115353 0.5860462924292439 0.6678360927480994 0.95 0.3 0.75 0.65 0.65 0.4 0.85 0.0 0.25 0.35 0.55 0.0 0.15 0.7 0.95 0.8 0.45 1.0 0.9 0.1 0.0 0.35 0.4 0.8 0.85 0.8 0.2 0.05 0.2 0.7 0.9 0.3 0.85 0.45 0.95 1.0 
-0.0034021841766362624 0.6121993100372165 0.5335034895866807 1.0 0.45 0.75 0.85 0.65 0.3 0.95 0.55 0.1 0.3 0.75 0.45 0.95 0.7 0.15 0.4 0.05 0.7 0.95 0.75 0.3 0.35 0.4 0.8 0.95 0.8 0.65 0.05 0.05 0.35 1.0 0.35 0.85 0.45 0.95 1.0 
-0.0013559344800307728 0.5755745086703652 0.3921111896036612 0.9 0.6 0.6 0.3 0.45 1.0 0.3 0.7 0.1 0.5 0.7 0.25 0.8 0.45 0.45 0.2 0.45 0.55 0.9 0.15 0.5 0.3 0.85 0.05 1.0 0.2 0.85 0.7 0.05 0.15 0.45 0.9 0.5 0.95 0.0 0.7 
-0.0051171485288917865 0.5697879057730829 0.6056739296426692 0.45 0.1 0.75 0.7 0.65 0.4 0.7 0.0 0.05 0.35 0.0 0.45 0.15 0.7 1.0 0.8 0.95 1.0 0.1 0.75 0.7 0.35 0.6 0.8 0.95 0.8 0.7 0.05 0.1 0.15 0.9 0.3 0.85 0.45 0.95 1.0 
-0.0023272060818371027 0.5297927090057736 0.4045548263859627 1.0 0.35 0.75 0.6 0.65 0.3 1.0 0.55 0.1 0.45 0.8 0.45 0.4 0.7 0.6 0.4 0.35 0.05 0.95 0.1 0.5 0.35 1.0 0.8 0.95 0.75 0.65 0.45 0.35 0.25 0.9 0.15 0.9 0.6 0.15 0.9 
-0.008919782679828027 0.5967974340256935 0.5996773344680315 0.7 0.3 0.75 0.7 0.65 0.25 0.7 0.0 0.2 0.35 0.0 0.45 0.15 0.8 0.3 0.8 0.15 1.0 0.9 0.75 0.7 0.35 0.6 0.8 0.95 0.9 0.65 0.05 0.1 0.15 0.9 0.3 0.85 0.55 0.95 1.0 
-0.0065159360356380255 0.6263760883781412 0.5928846301115658 1.0 0.3 0.75 0.6 0.65 0.35 0.85 0.2 0.3 0.15 0.25 0.2 0.15 0.95 0.95 0.8 0.95 1.0 0.6 0.75 0.0 0.75 0.4 0.85 1.0 0.65 0.55 0.25 0.2 0.65 0.9 0.3 0.85 0.7 0.5 1.0 
-0.0025407181964311127 0.5854390699991343 0.647788388744206 0.95 0.3 0.75 0.65 0.65 0.4 0.85 0.05 0.25 0.35 0.6 0.0 0.15 0.7 0.95 0.8 0.45 1.0 0.9 0.1 0.0 0.35 0.4 0.8 0.85 0.8 0.2 0.05 0.2 0.7 0.9 0.3 0.85 0.45 0.95 1.0 
-0.0335377479668585 0.6471536697138709 0.525689149374555 0.9 0.2 0.2 0.8 0.7 0.15 0.9 0.6 0.45 0.5 0.2 0.4 0.05 0.45 0.8 0.1 0.75 0.0 0.95 0.5 0.05 0.05 0.15 0.15 0.6 0.75 0.75 0.5 0.8 0.15 0.95 0.95 0.3 0.4 0.4 0.0 
-0.027551773644057195 0.466187526606745 0.561054737588222 0.75 0.05 1.0 0.6 0.25 0.3 0.4 0.5 0.9 0.75 0.75 0.85 0.75 0.4 0.45 0.9 0.5 0.45 0.6 0.3 0.25 0.75 0.15 0.5 0.7 0.85 0.25 0.9 0.75 0.65 0.95 0.1 0.45 0.25 0.5 0.0 
-0.01196323306806984 0.6062561156300014 0.601889313853997 0.95 0.3 0.7 0.7 0.65 0.4 0.85 0.0 0.05 0.35 0.6 0.8 0.5 0.7 0.8 0.8 0.45 0.7 0.9 0.1 0.0 0.35 0.4 0.35 0.95 0.8 0.5 0.1 0.2 0.85 0.9 0.25 0.85 0.55 0.95 1.0 
-0.021822931148377793 0.5001925737494105 0.6134410182297197 1.0 0.3 0.75 0.9 0.65 0.3 0.95 0.75 0.1 0.3 0.55 0.45 0.95 0.7 0.95 0.4 0.05 0.7 0.95 0.75 0.3 0.35 0.4 0.9 0.95 0.85 0.65 0.05 1.0 0.35 1.0 0.35 0.85 0.55 0.95 1.0 
-0.012146204582302957 0.5993418540325379 0.61707034422987 0.7 0.3 0.75 0.65 0.65 0.25 0.7 0.0 0.2 0.35 0.0 0.45 0.15 0.4 0.3 0.25 0.15 1.0 0.9 0.75 0.7 0.35 0.6 0.8 0.95 0.8 0.65 0.05 0.1 0.65 0.9 0.3 0.85 0.55 0.95 1.0 
-0.022356630983399628 0.6031365141576411 0.3954468818752319 0.9 0.6 0.6 0.3 0.45 0.55 0.85 0.7 0.15 0.9 0.15 0.25 0.8 0.45 0.55 0.2 0.45 0.55 0.9 0.2 0.5 0.05 0.35 0.05 1.0 0.2 0.85 0.7 0.05 0.25 0.95 0.35 0.5 0.95 0.2 0.7 
-0.0031546170253549865 0.6148089117191592 0.4549095632683659 1.0 0.3 0.65 0.75 0.65 0.3 0.95 0.55 0.1 0.9 0.45 0.4 0.05 0.7 0.65 0.4 0.6 0.3 0.3 0.75 0.3 0.4 0.4 0.8 1.0 0.8 0.55 0.5 0.8 0.35 1.0 0.0 0.75 0.3 0.95 1.0 
-0.061673732406787564 0.5690991382469068 0.6134942441408454 0.7 0.3 0.75 0.7 0.65 0.25 0.7 0.0 0.2 0.35 0.0 0.45 0.15 0.8 0.3 0.8 0.15 1.0 0.9 0.75 0.7 0.35 0.6 0.8 0.95 0.8 0.65 0.05 0.1 0.15 0.9 0.3 0.85 0.55 0.95 1.0 
-0.019187207909866 0.5265824822995939 0.6049457745345397 0.95 0.3 0.55 0.75 0.65 0.4 0.7 0.0 0.25 0.35 0.6 0.0 0.15 0.7 0.85 0.8 0.95 1.0 0.9 0.75 0.0 0.35 0.4 0.8 0.95 0.8 0.65 0.05 0.9 0.7 0.95 0.3 0.9 0.55 0.95 0.5 
-0.017290017229216265 0.37970417066366585 0.48388097751748005 1.0 1.0 0.45 0.8 0.4 0.8 0.75 0.45 0.55 0.1 0.25 0.05 0.1 0.6 0.1 0.0 0.65 0.65 0.25 0.15 0.0 0.2 0.45 0.05 0.65 0.55 0.65 0.85 0.0 0.25 0.45 0.95 0.45 0.25 0.3 0.9 
-0.011768140543544013 0.6271007505112438 0.45389498669563383 1.0 0.3 0.75 0.7 0.65 0.35 0.6 0.3 0.05 0.15 0.85 0.15 0.15 0.95 0.95 0.8 0.95 0.45 0.9 0.75 0.0 0.75 0.4 0.2 0.95 0.8 0.55 0.05 0.2 0.6 0.15 0.3 0.85 0.55 0.95 1.0 
-0.21203970541407005 0.4592883450860382 0.6132983098989204 0.5 0.65 0.6 0.5 0.45 0.45 0.7 0.75 0.5 1.0 0.7 0.5 0.0 0.15 0.35 0.2 0.45 0.55 0.9 0.0 0.5 1.0 0.9 0.55 0.95 0.2 0.85 0.95 0.95 0.55 0.8 0.4 0.3 0.85 0.2 0.7 
-0.004159444046514085 0.5298357688087558 0.5927329454886849 0.1 0.1 0.6 0.55 0.65 0.4 0.45 0.0 0.05 0.25 0.0 0.4 0.15 0.7 0.25 0.05 0.3 1.0 0.75 0.05 0.0 0.35 0.2 0.8 0.95 0.8 0.65 0.05 0.2 0.7 0.9 0.3 0.85 0.7 0.95 1.0 
-0.009503349481667324 0.4072655673691437 0.46635848015409714 0.85 0.2 0.45 0.6 0.4 0.5 0.65 0.45 0.35 0.1 0.25 0.1 0.1 0.6 0.8 0.55 0.7 0.65 0.9 0.0 0.3 0.65 0.65 0.05 0.0 0.55 0.45 0.85 0.0 0.25 0.85 0.95 0.75 0.25 0.15 0.2 
-0.01924592149737567 0.47678799967940216 0.4006963980853491 0.95 0.55 0.45 1.0 0.6 0.5 0.9 0.15 0.65 0.55 0.3 0.4 0.15 0.0 0.15 0.15 0.15 0.65 0.9 0.6 1.0 0.7 0.8 0.65 0.55 0.5 0.45 0.75 0.3 0.75 0.65 0.15 0.25 0.7 0.3 0.5 
-0.018765655405533026 0.5088160907795805 0.38361811187208966 0.9 0.6 0.35 0.3 0.45 0.7 0.3 0.7 0.15 0.9 0.15 0.25 0.8 0.45 0.35 0.2 0.45 0.55 0.9 0.15 0.5 0.85 0.35 0.55 1.0 0.2 0.85 0.7 0.05 0.25 0.4 0.35 0.5 0.95 0.2 0.7 
-0.0449166338253601 0.5429918367624453 0.6173655936677677 0.95 0.3 0.55 0.7 0.65 0.4 0.85 0.0 0.05 0.35 0.6 0.0 0.15 0.7 0.95 0.8 0.95 1.0 0.9 0.75 0.0 0.35 0.4 0.8 0.95 0.8 0.65 0.05 0.9 0.7 0.95 0.3 0.85 0.55 0.95 0.5 
-0.008162596127038318 0.4361072168267743 0.4283411227369496 0.95 0.55 0.45 1.0 0.8 0.45 0.9 0.15 0.55 0.55 0.3 0.5 0.15 0.0 0.15 1.0 0.65 0.95 0.85 0.8 0.2 0.7 0.8 0.5 0.4 0.45 0.2 0.75 0.3 0.7 0.05 0.4 0.2 0.1 0.55 0.85 
-0.0023751471859682384 0.5578189498220636 0.38982969646011695 1.0 0.3 0.6 0.6 0.65 0.45 1.0 0.55 0.1 0.45 0.0 0.45 0.55 0.7 0.65 0.4 0.35 0.45 0.95 0.1 0.4 0.35 0.05 0.8 0.95 0.35 0.0 0.15 0.55 0.45 0.55 0.15 0.9 0.55 0.4 0.9 
-0.029051070910485075 0.4702761936092529 0.41665712368420754 0.95 0.55 0.45 1.0 0.75 0.55 0.9 0.15 0.45 0.85 0.3 0.4 0.15 0.0 0.15 1.0 0.65 0.95 0.9 0.0 0.3 1.0 0.8 0.5 0.55 0.9 0.2 0.75 0.3 1.0 0.65 0.75 0.85 0.7 0.55 1.0 
-0.0012626965865089104 0.681173975459567 0.5918313598560773 1.0 0.3 0.75 0.8 0.65 0.3 1.0 0.55 0.1 0.45 0.95 0.45 0.95 0.7 0.35 0.4 0.6 0.3 0.95 0.75 0.3 0.4 0.4 0.8 1.0 0.8 0.55 0.5 0.8 0.35 0.85 0.2 0.75 0.05 0.75 0.9 
-0.013669320458869767 0.39205557251728995 0.553331408044184 1.0 0.2 0.45 0.8 0.4 0.8 0.85 0.55 0.35 0.1 0.25 0.4 0.05 0.75 0.1 0.55 0.9 0.65 0.25 0.2 0.4 0.2 0.45 0.05 0.65 0.55 0.65 0.3 0.0 0.25 0.9 0.95 0.75 0.65 0.55 0.6 
-0.002258320059373286 0.5836040520160916 0.36259365362994356 1.0 0.3 0.75 0.75 0.65 0.5 0.95 0.55 0.1 0.45 0.0 0.45 0.2 0.7 0.65 0.4 0.05 0.7 0.95 0.6 0.3 0.35 0.4 0.8 0.95 0.8 0.65 0.05 1.0 0.6 0.25 0.2 0.9 0.85 0.95 0.9 
-0.06270339113697786 0.6028803328180358 0.38780476263373026 1.0 0.35 0.75 0.6 0.65 0.3 1.0 0.55 0.15 0.45 0.0 0.45 0.4 0.7 0.45 0.15 0.1 0.9 0.95 0.1 0.4 0.35 0.7 0.8 0.9 0.25 0.45 0.55 0.65 0.4 0.55 0.15 0.9 0.35 0.15 0.9 
-0.04226202794890155 0.628238934334683 0.6392697408440068 1.0 0.3 0.75 0.6 0.65 0.35 0.85 0.2 0.0 0.15 0.15 0.6 0.15 0.15 1.0 0.45 0.55 1.0 0.6 0.75 0.0 0.75 0.4 0.85 1.0 0.7 0.55 0.05 0.2 0.65 0.9 0.3 0.85 0.8 0.95 0.85 
-0.0076706044040670725 0.6631773969417694 0.6384133982326233 1.0 0.3 0.75 0.6 0.65 0.3 0.95 0.95 0.1 0.3 0.0 0.2 0.95 0.7 0.95 0.4 0.05 0.65 0.95 0.75 0.3 0.35 0.4 0.8 0.95 0.8 0.65 0.05 0.05 0.6 1.0 0.35 0.85 0.45 0.95 1.0 
-0.011696642481426303 0.4298669710137261 0.5575486591947187 0.7 0.65 0.6 0.75 0.5 0.45 0.8 0.55 0.0 0.9 0.7 0.5 0.4 0.45 0.85 0.2 0.05 0.55 0.9 0.0 0.5 0.15 0.9 0.55 0.25 0.2 0.4 0.7 0.05 0.7 0.95 0.4 0.2 0.45 0.2 0.6 
-0.016271019566284423 0.550823871899055 0.6404627735784272 0.95 0.3 0.75 0.7 0.7 0.4 0.85 0.0 0.25 0.35 0.6 0.0 0.15 0.7 0.95 0.8 0.45 1.0 0.9 0.85 0.0 0.35 0.4 0.8 0.95 0.8 0.2 0.05 0.4 0.7 0.9 0.3 0.85 0.45 0.95 0.75 
-0.0015584947465658128 0.6515515525422014 0.6076623055931313 1.0 0.3 0.75 0.7 0.85 0.4 0.2 0.8 0.05 0.35 0.0 0.4 0.95 0.7 0.4 0.8 0.7 1.0 0.9 0.75 0.0 0.35 0.9 0.75 0.95 0.9 0.65 0.05 0.7 0.7 0.9 0.35 0.85 0.55 0.95 1.0 
-2.742646484927342 0.4601182877429595 0.6338207836285894 0.7 0.65 0.6 0.75 0.5 0.45 0.8 0.55 0.0 0.9 0.7 0.5 0.4 0.45 0.75 0.2 0.05 0.55 0.9 0.0 0.5 0.95 0.9 0.05 0.95 0.2 0.4 0.75 0.05 0.7 0.95 0.4 0.6 0.45 0.2 0.5 
-0.02022389045206368 0.43980607860492554 0.43511151387609737 0.95 0.55 0.45 1.0 0.8 0.45 0.9 0.15 0.55 0.55 0.3 0.5 0.15 0.0 0.15 1.0 0.65 0.55 0.7 0.8 0.2 0.7 0.8 0.5 0.4 0.45 0.2 0.75 0.3 0.7 1.0 0.4 0.2 0.1 0.55 0.85 
-0.031240153934387935 0.6493140016139534 0.5686941864293393 1.0 0.3 0.75 0.5 0.65 0.35 0.55 0.8 0.6 0.15 0.8 0.15 0.1 0.3 0.1 0.8 1.0 1.0 0.8 0.15 0.0 0.75 0.4 0.85 0.95 0.7 0.55 0.05 0.45 0.65 0.9 0.2 0.85 0.5 0.95 1.0 
-0.017331640581745793 0.6324626706578682 0.39520038486175874 1.0 0.35 0.75 0.75 0.65 0.5 0.95 0.55 0.1 0.45 0.0 0.45 0.2 0.7 0.65 0.4 1.0 0.7 0.55 0.6 0.3 0.35 0.4 0.8 0.95 0.8 0.65 0.05 1.0 0.6 0.3 0.2 0.9 0.4 0.95 1.0 
-0.2836124857437723 0.6645538984817512 0.6764970303408696 1.0 0.3 0.75 0.7 0.65 0.35 0.6 0.55 0.1 0.35 0.5 0.65 0.95 0.7 0.95 0.3 0.1 0.35 0.95 0.75 0.45 0.25 0.55 0.05 0.95 0.85 0.25 0.05 0.4 0.3 1.0 0.35 0.9 0.45 0.95 1.0 
-0.07196955096145276 0.6324346272761361 0.6111512470033954 1.0 0.3 0.75 0.7 0.65 0.35 0.85 0.75 0.05 0.15 0.85 0.15 0.15 0.95 0.95 0.6 0.25 0.2 0.9 0.75 0.0 0.75 0.15 0.2 0.95 0.7 0.55 0.15 0.2 0.65 0.7 0.3 0.85 0.55 0.8 1.0 
-0.016022692846270305 0.6636710439482605 0.48097344843848344 0.9 0.6 0.35 0.3 0.45 0.7 0.75 0.7 0.1 0.9 0.15 0.15 0.8 0.8 0.35 0.5 1.0 0.55 0.05 0.15 0.5 0.05 0.8 0.05 0.9 0.2 0.85 0.7 0.05 0.25 0.95 0.35 0.5 0.95 0.2 0.7 
-0.008594694584605846 0.640064326100512 0.41754470662110044 1.0 0.3 0.75 0.75 0.65 0.5 0.95 0.55 0.1 0.45 0.0 0.45 0.2 0.7 0.65 0.4 0.05 0.7 0.55 0.6 0.3 0.35 0.4 0.8 0.95 0.8 0.65 0.05 1.0 0.6 0.45 0.2 0.9 0.4 0.95 1.0 
-0.002782663909752773 0.45310838339006043 0.39521170871121575 0.95 0.55 0.45 0.9 0.8 0.7 0.9 0.15 0.65 0.4 0.3 0.4 0.65 0.0 1.0 0.35 0.05 0.95 0.8 0.2 0.2 0.7 0.45 0.2 1.0 0.8 0.9 0.75 0.55 0.75 0.8 0.2 0.2 0.8 0.55 0.6 
-0.046494169507983095 0.6236851814284434 0.6571762102905353 1.0 0.3 0.75 0.6 0.65 0.35 0.85 0.2 0.3 0.15 0.25 0.35 0.15 0.95 0.95 0.8 0.95 1.0 0.6 0.75 0.0 0.75 0.4 0.85 1.0 0.65 0.55 0.05 0.2 0.65 0.9 0.3 0.85 0.8 0.95 1.0 
-0.01603381573388511 0.6534434622494801 0.6124598872655561 1.0 0.3 0.75 0.7 0.85 0.4 0.2 0.8 0.05 0.35 0.0 0.4 0.95 0.7 0.95 0.8 0.7 1.0 0.9 0.75 0.0 0.35 0.9 0.75 0.95 0.9 0.65 0.05 0.25 0.7 0.9 0.35 0.85 0.55 0.95 1.0 
-0.0065900551836729415 0.5418211967456225 0.6431698682016554 0.55 0.3 0.75 0.55 0.65 0.4 0.7 0.0 0.05 0.4 0.0 0.4 0.15 0.7 0.95 0.05 0.95 1.0 0.9 0.75 0.0 0.35 0.4 1.0 0.95 0.8 0.65 0.05 0.2 0.7 0.9 0.3 0.85 0.9 0.95 1.0 
-0.018314859710994325 0.367762765269914 0.4995519910291057 0.4 0.35 0.45 0.75 0.4 0.5 0.8 0.5 0.35 0.1 0.3 0.2 0.1 0.6 0.9 0.55 0.45 0.65 0.4 0.85 0.3 0.9 0.1 0.05 0.85 0.35 0.75 0.95 0.0 0.5 0.65 1.0 0.3 0.8 0.75 0.85 
-0.0008528574824672903 0.38369793095653737 0.508866170602667 0.95 0.7 0.45 1.0 0.8 0.7 0.5 0.15 0.5 0.45 0.3 0.4 0.2 0.0 0.15 1.0 0.65 0.95 0.8 0.2 0.55 0.7 0.45 0.65 1.0 0.45 0.2 0.7 0.3 0.8 0.8 0.2 0.2 0.55 0.55 0.6 
-8.289522194778346e-05 0.5011493296405473 0.6172841458594636 0.1 0.3 0.6 0.55 0.65 0.4 0.7 0.0 0.05 0.35 0.0 0.3 0.15 0.7 0.25 0.05 0.95 1.0 0.9 0.4 0.0 0.35 0.4 0.8 0.95 0.8 0.65 0.05 0.2 0.7 0.9 0.3 0.85 0.7 0.95 1.0 
-0.0065286888399227845 0.5965639961544016 0.6707433528345805 1.0 0.3 0.75 0.6 0.65 0.35 0.85 0.2 0.0 0.15 0.3 0.6 0.15 0.1 1.0 0.45 0.55 1.0 0.6 0.75 0.0 0.75 0.4 0.85 1.0 0.7 0.55 0.05 0.2 0.65 0.9 0.3 0.85 0.8 0.95 0.85 
-0.02713150256032666 0.4753594076218268 0.3937800228065078 0.95 0.55 0.45 0.8 0.8 0.7 0.9 0.15 0.65 0.4 0.3 0.4 0.65 0.0 1.0 0.35 0.05 0.3 0.8 0.2 0.2 0.7 0.45 0.2 1.0 0.8 0.35 0.75 0.55 0.75 0.5 0.2 0.2 0.8 0.55 0.6 
-0.019340923166425477 0.6461473191952329 0.40975477600753124 1.0 0.3 0.75 0.6 0.65 0.3 0.45 0.55 0.1 0.45 0.0 0.45 0.4 0.7 0.65 1.0 0.35 0.05 0.95 0.1 0.2 0.15 1.0 0.8 0.95 0.35 0.65 0.45 0.55 0.4 0.6 0.15 0.9 0.35 0.05 0.95 
-0.07523998624831384 0.6149216876246998 0.39602511837561766 1.0 0.3 0.75 0.75 0.65 0.5 0.95 0.55 0.1 0.45 0.0 0.45 0.2 0.7 0.65 0.4 0.05 0.7 0.55 0.6 0.3 0.35 0.4 0.8 0.95 0.8 0.65 0.05 1.0 0.6 0.45 0.2 0.95 0.4 0.95 1.0 
-0.021709382432673754 0.6604894941330939 0.5938891513349036 0.95 0.3 0.7 0.7 0.65 0.4 0.85 0.0 0.05 0.35 0.6 0.0 0.25 0.7 0.8 0.8 0.45 0.7 0.9 0.1 0.0 0.35 0.4 0.35 0.95 0.8 0.5 0.1 0.2 0.85 0.9 0.25 0.85 0.55 0.95 1.0 
-0.007515389458460845 0.39724420143879385 0.4318719701041905 0.85 0.3 0.45 0.8 0.4 0.5 0.6 0.45 0.35 0.1 0.25 0.05 0.1 0.6 0.8 0.55 0.7 0.9 0.4 0.0 0.3 0.65 0.45 0.05 0.1 0.5 0.0 0.9 0.0 0.3 0.9 0.95 0.8 0.05 0.0 0.45 
-0.03287323961153336 0.6991811466280488 0.5141557753003803 1.0 0.3 0.75 0.75 0.65 0.3 0.95 0.55 0.55 0.45 0.95 0.45 0.95 0.7 0.35 0.4 0.6 0.3 0.95 0.75 0.3 0.4 0.4 0.8 1.0 0.8 0.55 0.5 0.8 0.35 1.0 0.2 0.75 0.05 0.95 0.6 
-0.0013916217110144485 0.403009477274046 0.5793839291820195 1.0 0.2 0.6 0.8 0.4 0.8 0.85 0.55 0.35 0.1 0.25 0.4 0.05 0.6 0.1 0.55 0.9 0.65 0.25 0.2 0.4 0.2 0.45 0.05 0.65 0.55 0.65 0.85 0.0 0.25 0.9 0.95 0.75 0.65 0.55 0.6 
-0.011932708676619429 0.43736449111019804 0.3830049341857401 0.95 0.55 0.45 1.0 0.8 0.7 0.9 0.15 0.65 0.55 0.3 0.4 0.0 0.7 0.8 1.0 0.65 0.95 0.8 0.2 0.2 0.25 0.45 0.2 1.0 0.45 0.3 0.75 0.3 1.0 0.85 0.2 0.2 0.65 0.55 0.6 
-0.053197719812626845 0.37002305345959075 0.47400969281614586 0.4 0.3 0.45 0.75 0.4 0.5 0.8 0.5 0.35 0.1 0.3 0.2 0.1 0.6 0.8 0.55 0.45 0.65 0.4 0.85 0.3 0.9 0.1 0.05 0.95 0.35 0.75 0.95 0.0 0.5 0.4 0.95 0.65 0.95 0.75 0.85 
-0.010020249623128146 0.5774129974682406 0.37223249947537884 0.8 0.3 0.75 0.6 0.65 0.3 1.0 0.55 0.1 0.45 1.0 0.45 0.5 0.7 0.65 0.4 0.9 0.05 0.95 0.8 0.4 0.35 1.0 0.8 0.95 0.35 0.65 0.45 0.55 0.4 0.3 0.15 0.9 0.35 0.4 0.9 
-0.11822331791858628 0.6558275379027063 0.6578353160559476 1.0 0.3 0.75 0.6 0.65 0.35 0.85 0.2 0.1 0.15 0.25 0.15 0.15 0.95 0.4 0.8 0.95 1.0 0.6 0.75 0.0 0.75 1.0 0.85 1.0 0.7 0.55 0.05 0.2 0.3 0.9 0.3 0.85 0.8 0.95 1.0 
-0.010488231221771404 0.6539936579100657 0.5783800722310536 1.0 0.3 0.75 0.55 0.65 0.35 0.1 0.9 0.6 0.15 0.8 0.35 0.1 0.3 0.1 0.8 1.0 1.0 0.8 0.15 0.0 0.75 0.4 0.85 0.95 0.7 0.55 0.05 0.45 0.65 0.9 0.2 0.85 0.5 0.95 1.0 
-0.01069763226228571 0.43075683403097803 0.4172175444572525 0.95 0.55 0.45 1.0 0.8 0.45 0.9 0.15 0.55 0.4 0.3 0.5 0.15 0.0 0.15 1.0 0.65 0.95 0.85 0.8 0.2 0.7 0.8 0.5 0.4 0.45 0.2 0.75 0.3 0.7 0.05 0.4 0.2 0.1 0.55 0.85 
-0.012690892622908482 0.4657118839652543 0.38447480902499165 0.95 0.55 0.45 1.0 0.7 0.5 0.9 0.15 0.65 0.55 0.3 0.4 0.15 0.0 0.15 0.15 0.15 0.65 0.9 0.6 1.0 0.7 0.8 0.65 0.55 0.5 0.45 0.75 0.3 0.75 0.65 0.05 0.25 0.7 0.3 0.5 
-0.06165954754726078 0.5825967075386458 0.3295354730048977 1.0 0.3 0.75 0.75 0.65 0.3 0.9 0.55 0.1 0.45 1.0 0.45 0.95 0.7 0.65 0.35 0.05 0.45 0.15 0.75 0.4 0.35 0.4 0.8 0.95 0.8 0.65 0.15 0.4 0.8 1.0 0.15 0.9 0.35 0.95 0.9 
-0.06565286149854126 0.5000842863817085 0.3888132181593724 0.9 0.6 0.6 0.25 0.45 0.15 0.4 0.7 0.1 1.0 0.15 0.25 1.0 0.45 0.35 0.2 0.45 0.1 0.9 0.15 0.5 0.05 0.9 0.05 1.0 0.2 0.85 0.8 0.05 0.25 0.55 0.35 0.35 0.55 0.2 0.7 
-0.0005321592436886525 0.5399583550474714 0.3617865584935529 0.9 0.6 0.35 0.3 0.4 0.7 0.7 0.7 0.1 0.9 0.15 0.25 0.35 0.45 0.35 0.4 0.45 0.55 0.9 0.15 0.5 0.05 0.55 0.05 1.0 0.2 0.85 0.7 1.0 0.25 0.55 0.35 0.5 0.95 0.2 0.7 
-0.003241246035366746 0.6774775703044744 0.45764477814640264 0.8 0.3 0.75 0.75 0.65 0.3 1.0 0.55 0.1 0.45 0.0 0.45 0.95 0.7 0.65 0.0 0.05 0.45 0.7 0.75 0.0 0.8 0.4 0.8 0.95 0.8 0.65 0.05 0.65 0.1 1.0 0.3 0.9 0.35 0.95 0.9 
-0.035209901534250215 0.3712837626738038 0.4680807552955324 0.4 0.35 0.45 0.75 0.4 0.5 0.8 0.5 0.35 0.1 0.3 0.2 0.1 0.6 0.8 0.55 0.45 0.65 0.4 0.85 0.3 0.9 0.1 0.05 0.85 0.35 0.75 0.95 0.0 0.5 0.4 0.95 0.3 0.8 0.75 0.85 
-0.00584211473014379 0.6841464349464442 0.5509335799618318 1.0 0.3 0.75 0.7 0.7 0.4 0.85 0.4 0.05 0.05 0.0 0.45 0.15 0.8 0.1 0.8 0.95 1.0 0.9 0.75 0.7 0.35 0.6 1.0 0.7 0.8 0.65 0.05 0.1 0.9 1.0 0.3 0.85 0.6 0.85 1.0 
-0.0009133291217686973 0.6753761765202676 0.5143858846762452 1.0 0.3 0.15 0.75 0.65 0.3 0.9 0.55 0.1 0.35 0.5 0.35 0.95 0.7 0.95 0.4 0.05 1.0 0.95 0.9 0.3 0.65 0.4 0.8 0.8 0.8 0.65 0.0 0.8 0.15 1.0 0.35 0.85 0.45 0.1 1.0 
-0.004834503959627909 0.4003057704239592 0.4359235211800197 0.85 0.3 0.45 0.8 0.4 0.5 0.6 0.45 0.35 0.1 0.25 0.05 0.1 0.6 0.8 0.55 0.7 0.9 0.4 0.0 0.3 0.65 0.85 0.05 0.1 0.5 0.0 0.9 0.0 0.3 0.9 0.95 0.8 0.05 0.0 0.15 
-0.015802241681329553 0.3788564666144908 0.5506595121335541 1.0 0.55 0.45 1.0 0.8 0.7 0.9 0.15 0.65 0.45 0.3 0.25 0.0 0.0 0.15 1.0 0.5 0.9 0.8 0.2 0.2 0.5 0.45 0.5 0.8 0.45 0.8 0.8 0.3 0.75 0.5 0.2 0.75 0.4 0.55 0.4 
-0.006576292921216483 0.6207309018456918 0.6416577927984102 1.0 0.3 0.75 0.6 0.65 0.35 0.85 0.2 0.3 0.15 0.25 0.35 0.15 0.95 1.0 0.8 0.95 1.0 0.6 0.75 0.0 0.75 0.5 0.85 1.0 0.7 0.55 0.05 0.15 0.65 0.9 0.2 0.85 0.8 0.85 1.0 
-0.015653013968684543 0.6738228276513584 0.45193181835578267 1.0 0.3 0.75 0.75 0.65 0.35 0.85 0.55 0.3 0.35 0.5 0.55 0.95 0.85 0.6 0.4 0.05 1.0 0.5 0.75 0.45 0.4 0.4 0.8 0.95 0.35 0.7 0.05 0.4 0.25 1.0 0.35 0.85 0.45 0.95 1.0 
-0.025492147508037043 0.6614698212623735 0.6150114215912277 1.0 0.3 0.75 0.55 0.65 0.35 0.85 0.05 0.05 0.15 0.25 0.15 0.15 0.95 0.95 0.8 0.95 1.0 0.95 0.75 0.6 0.75 0.4 0.85 1.0 0.7 0.55 0.05 0.1 0.35 0.9 0.3 0.85 0.8 0.95 1.0 
-0.033062234427034556 0.6696709958825334 0.5648790562492954 1.0 0.3 0.75 0.5 0.65 0.35 0.55 0.9 0.6 0.15 0.8 0.15 0.1 0.3 0.1 0.8 1.0 1.0 0.8 0.15 0.0 0.75 0.4 0.85 0.95 0.7 0.55 0.05 0.45 0.65 0.9 0.2 0.85 0.5 0.95 1.0 
-0.08134177130458349 0.5051342748901121 0.3586778040845708 0.9 0.6 0.25 0.25 0.5 0.7 0.7 0.7 0.1 0.85 0.15 0.25 0.8 0.45 0.35 1.0 0.3 0.55 0.9 0.0 1.0 0.05 0.35 0.05 1.0 0.2 0.85 0.85 0.05 0.25 0.95 0.4 0.5 0.95 0.2 0.7 
-0.004149111188370971 0.42770033888028675 0.5596033707147681 0.0 0.8 0.05 0.8 0.4 0.8 0.05 0.7 0.35 0.1 0.25 0.4 0.4 0.6 0.1 0.25 0.9 0.65 0.25 0.2 0.45 0.2 0.45 0.05 0.65 0.55 0.45 0.85 0.0 0.25 0.9 0.95 0.75 0.65 0.55 0.6 
-0.029256059117179968 0.7037307694378109 0.5851471264862179 1.0 0.3 0.75 0.75 0.65 0.3 0.95 0.55 0.1 0.45 0.95 0.45 0.95 0.7 0.6 0.4 0.6 0.3 0.95 0.75 0.3 0.4 0.4 0.8 1.0 0.8 0.55 0.8 0.8 0.35 1.0 0.2 0.75 0.05 0.95 0.6 
-0.009395710755209482 0.6895698537318541 0.5083668204266795 1.0 0.3 0.75 0.9 0.65 0.3 0.95 0.55 0.1 0.05 0.0 0.45 0.95 0.7 0.95 0.4 0.05 0.7 0.95 0.75 0.3 0.35 0.4 0.9 0.95 0.85 0.65 0.05 1.0 0.35 1.0 0.35 0.85 0.1 0.95 1.0 
-0.02846044226565729 0.519703765930144 0.6341635459376864 0.8 0.05 0.45 0.15 0.75 0.8 0.9 0.5 0.05 0.35 0.05 0.35 0.8 0.25 0.45 0.85 0.05 0.05 0.15 0.2 0.7 0.1 0.85 0.7 1.0 0.2 0.85 1.0 0.05 0.35 1.0 0.35 0.15 0.3 0.0 0.7 
-0.0004969248671146729 0.3931260643242293 0.4544814412976715 1.0 1.0 0.45 0.8 0.4 0.8 0.75 0.45 0.55 0.15 0.25 0.05 0.1 0.6 0.1 0.0 0.65 0.65 0.25 0.15 0.0 0.55 0.45 0.05 0.65 0.55 0.75 0.85 0.0 0.25 0.9 0.95 0.25 0.25 0.3 0.9 
-0.030871331789516326 0.5035912677758309 0.3570896522368594 0.9 0.6 0.25 0.25 0.45 0.7 0.8 0.7 0.1 0.85 0.15 0.25 0.8 0.45 0.35 1.0 0.45 0.55 0.9 0.0 1.0 0.05 0.35 0.05 1.0 0.2 0.85 0.85 0.05 0.25 0.95 0.4 0.5 0.95 0.2 0.7 
-0.0935859100878893 0.5500574512597495 0.6662474395271157 0.95 0.3 0.75 0.65 0.7 0.4 0.85 0.0 0.25 0.35 0.6 0.0 0.15 0.7 0.95 0.8 0.45 1.0 0.9 1.0 0.85 0.35 0.4 0.8 0.95 0.8 0.2 0.05 0.9 0.05 0.9 0.3 0.85 0.45 0.95 1.0 
-0.04470157138300766 0.5135571011600187 0.6599738339276733 0.8 0.05 0.6 0.3 0.15 1.0 0.4 0.95 0.15 0.4 0.05 0.55 0.8 0.25 0.15 0.85 0.6 0.05 0.95 0.15 0.5 0.1 0.85 0.7 0.7 0.2 0.85 0.85 0.05 0.5 0.95 0.35 0.2 0.85 0.0 0.7 
-0.0055750489507944475 0.3943979446301568 0.4262710349802698 0.85 0.3 0.45 0.8 0.4 0.5 0.6 0.45 0.35 0.1 0.05 0.05 0.1 0.6 0.8 0.55 0.7 0.9 0.4 0.1 0.75 0.9 0.45 0.05 0.1 0.55 0.8 0.9 0.0 0.3 0.9 0.95 0.8 0.05 0.65 0.45 
-0.02405389312022321 0.6207193201032715 0.6811602968511558 1.0 0.3 0.75 0.6 0.65 0.35 0.9 0.2 0.05 0.15 0.25 0.35 0.15 0.95 1.0 0.8 0.95 1.0 0.6 0.75 0.0 0.75 0.5 0.9 1.0 0.7 0.55 0.05 0.15 0.65 0.9 0.3 0.85 0.8 0.85 1.0 
-1.4889579001724687 0.5007086299446336 0.6380902050566314 0.95 0.3 0.55 0.7 0.65 0.4 0.7 0.0 0.25 0.35 0.6 0.0 0.15 0.7 0.9 0.8 0.95 1.0 0.9 0.75 0.0 0.35 0.4 0.8 0.95 0.8 0.65 0.05 0.9 0.65 0.95 0.3 0.9 0.55 0.95 0.5 
-0.031174067825772932 0.5593454789278007 0.35488595760470815 1.0 0.3 0.75 0.75 0.65 0.3 1.0 0.55 0.2 0.45 0.0 0.45 0.95 0.45 0.65 0.4 0.05 0.45 0.7 0.2 0.4 0.6 0.9 0.8 0.95 0.3 0.85 0.3 0.5 0.15 1.0 0.15 0.9 0.35 0.65 0.85 
-0.00010061496931025327 0.4379488571065498 0.5781149089403607 1.0 0.2 0.45 0.8 0.4 0.8 0.85 0.7 0.35 0.1 0.25 0.4 0.05 0.6 0.1 0.55 0.4 0.65 0.25 0.2 0.45 0.2 0.45 0.05 0.65 0.55 0.6 0.85 0.0 0.25 0.9 0.95 0.85 0.65 0.55 0.6 
-0.040470098846554184 0.5310426710609938 0.6617926231068607 0.8 0.05 0.6 0.3 0.75 0.7 0.7 0.95 0.15 0.4 0.05 0.55 0.8 0.25 0.15 0.85 0.6 0.05 0.95 0.15 0.5 0.1 0.85 0.7 0.7 0.2 0.85 1.0 0.05 0.5 0.95 0.35 0.2 0.85 0.0 0.7 
-0.0619277962073354 0.3926236151682546 0.4171816068259863 0.85 0.3 0.45 0.8 0.4 0.5 0.6 0.45 0.25 0.1 0.25 0.15 0.1 0.6 0.8 0.55 0.7 0.9 0.4 0.0 0.3 0.65 0.45 0.05 0.1 0.5 0.0 0.9 0.0 0.3 0.9 0.95 0.8 0.05 0.0 0.45 
-0.01069509261259441 0.460992227424984 0.6038011152507233 0.7 0.65 0.6 0.75 0.5 0.45 0.8 0.55 0.0 0.9 0.7 0.5 0.4 0.45 0.75 0.2 0.05 0.55 0.9 0.0 0.5 0.15 0.9 0.4 0.95 0.2 0.4 0.75 0.05 0.7 0.95 0.4 0.2 0.45 0.2 0.6 
-0.023989194136731676 0.6690022246109896 0.3754890299648852 1.0 0.3 0.75 0.8 0.65 0.5 1.0 0.55 0.1 0.65 0.0 0.4 0.95 0.7 0.65 0.4 0.35 0.25 0.95 0.9 0.3 0.3 0.4 0.8 0.8 0.85 0.65 0.95 0.8 0.3 1.0 0.2 0.7 0.9 0.6 1.0 
-0.01894059501173112 0.46606007067884325 0.35406003784281126 0.95 0.55 0.45 1.0 0.8 0.7 1.0 0.1 0.65 0.5 0.3 0.45 0.15 0.0 0.15 1.0 0.65 0.95 0.8 0.2 0.4 0.7 0.3 0.5 0.95 0.45 0.95 0.2 0.3 0.9 0.1 0.35 0.1 0.8 0.55 0.7 
-0.08209888693785349 0.5501292994300188 0.34222686182151874 1.0 0.35 0.75 0.6 0.65 0.3 0.95 0.55 0.1 0.35 0.0 0.3 0.4 0.7 0.45 0.4 0.45 0.05 0.95 0.1 0.4 0.35 0.7 0.4 0.9 0.25 0.65 0.4 0.55 0.4 0.9 0.15 0.9 0.35 0.15 0.9 
-0.04499721558828694 0.4464434950568479 0.6141313293934773 0.5 0.65 0.6 0.5 0.45 0.45 0.7 0.75 0.5 1.0 0.7 0.5 0.0 0.15 0.35 0.2 0.45 0.55 0.9 0.0 0.5 1.0 0.85 0.55 0.95 0.2 0.85 0.95 0.9 0.55 0.8 0.4 0.3 0.85 0.2 0.7 
-0.012802301177359634 0.4309459040105082 0.4004197008778321 0.95 0.55 0.45 1.0 0.8 0.45 0.9 0.15 0.55 0.55 0.35 0.5 0.15 0.0 0.15 1.0 0.65 0.95 0.85 0.8 0.2 0.7 0.8 0.5 0.4 0.45 0.8 0.75 0.3 0.7 0.25 0.4 0.2 0.1 0.55 0.85 
-0.019858650733695894 0.6332102586256106 0.3476335943862281 1.0 0.35 0.75 0.65 0.65 0.3 0.95 0.55 0.1 0.3 0.0 0.45 0.4 0.7 0.9 0.4 0.9 0.05 0.95 0.1 0.4 0.0 0.7 0.8 0.9 0.25 0.65 0.45 0.55 0.4 0.85 0.15 0.85 0.15 0.15 0.9 
-0.020119200369874354 0.6761401236074169 0.42517023640545626 0.95 0.3 0.75 0.85 0.65 0.8 0.95 0.55 0.1 0.3 0.0 0.45 0.95 0.7 0.15 0.4 0.05 0.7 0.05 0.75 0.3 0.35 0.4 0.8 0.95 0.8 0.65 0.05 0.05 0.35 1.0 0.35 0.85 0.45 0.95 1.0 
-0.025714361508674368 0.699922537915953 0.6255236692411241 1.0 0.3 0.75 0.55 0.65 0.35 0.6 0.5 0.05 0.1 0.4 0.55 0.15 0.0 0.95 0.8 1.0 0.8 0.8 0.75 0.85 0.1 0.4 0.35 0.95 0.7 0.55 0.1 0.0 0.55 0.95 0.3 0.85 0.55 0.95 1.0 
-4.8495299935518865 0.44811913393572006 0.6419050014056265 0.7 0.65 0.6 0.75 0.5 0.45 0.8 0.55 0.0 0.95 0.7 0.5 0.4 0.45 0.75 0.2 0.05 0.55 0.9 0.0 0.5 0.95 0.9 0.05 0.95 0.2 0.4 0.75 0.05 0.7 0.95 0.4 0.6 0.45 0.2 0.5 
-0.018462787371564766 0.6766834315333872 0.38974661615223344 1.0 0.6 0.25 0.2 0.45 0.7 0.95 0.7 0.75 0.85 0.15 0.25 0.8 0.45 0.35 0.15 0.45 0.55 0.65 0.0 0.15 0.05 0.35 0.05 1.0 0.2 0.85 0.7 0.05 0.25 0.95 0.35 0.5 0.95 0.2 0.7 
-0.05612382249558805 0.5636023960277443 0.6760193550667655 0.95 0.3 0.75 0.65 0.65 0.4 0.85 0.0 0.25 0.35 0.6 0.0 0.15 0.7 0.95 0.8 0.45 1.0 0.9 1.0 0.85 0.35 0.4 0.8 0.95 0.8 0.2 0.05 0.9 0.05 0.9 0.3 0.85 0.45 0.95 1.0 
-0.012428643808375085 0.4233287913071489 0.3909177149574628 1.0 0.55 0.45 1.0 0.8 0.7 0.9 0.2 0.65 0.6 0.3 0.4 0.0 0.0 0.15 1.0 0.5 0.6 0.8 0.2 0.2 0.7 0.6 0.7 0.95 0.45 0.2 0.45 0.3 0.75 0.9 0.2 0.5 0.5 0.4 0.6 
-0.012503546234387123 0.6822616802000391 0.4520843777423875 1.0 0.3 0.75 0.75 0.65 0.3 0.95 0.55 0.1 0.45 0.0 0.45 0.95 0.7 0.65 0.4 0.05 0.7 1.0 0.75 0.3 0.35 0.4 0.8 0.95 0.8 0.65 0.05 0.8 0.35 1.0 0.15 0.9 0.0 0.95 1.0 
-0.03232300493854263 0.6897111492666912 0.4747965325131996 0.95 0.3 0.75 0.85 0.65 0.8 0.95 0.55 0.1 0.3 0.0 0.45 0.95 0.7 0.15 0.4 0.05 0.7 0.05 0.75 0.3 0.35 0.4 0.8 0.95 0.8 0.65 0.05 0.05 0.35 1.0 0.3 0.85 0.45 0.95 1.0 
-0.012692578465315503 0.34676257243261055 0.5284239878698579 1.0 1.0 0.45 0.8 0.4 0.8 0.75 0.45 0.35 0.1 0.25 0.05 0.1 0.6 0.1 0.55 0.7 0.8 0.25 0.0 0.0 0.2 0.45 0.05 0.65 0.5 0.65 0.85 0.0 0.25 0.9 0.95 0.75 0.25 0.3 0.65 
-0.029215385583427143 0.638144022586828 0.37607885279365205 1.0 0.3 0.4 0.7 0.65 0.3 1.0 0.55 0.1 0.45 0.0 0.45 0.4 0.7 0.65 0.4 0.35 0.05 0.95 0.1 0.4 0.35 1.0 0.8 0.95 0.35 0.65 0.45 0.55 0.4 1.0 0.15 0.9 0.35 0.4 0.9 
-0.005150955802188181 0.39522042455123074 0.38696843992758784 0.85 0.3 0.45 0.95 0.4 0.5 1.0 0.5 0.35 0.1 0.25 0.45 0.7 0.6 0.95 0.2 0.7 0.35 0.4 1.0 0.5 0.6 0.1 0.05 0.4 0.35 0.35 0.95 0.0 0.5 0.8 0.95 0.7 0.3 0.0 0.65 
-0.14244628344583019 0.5052091237834601 0.33818882024337343 0.9 0.6 0.25 0.3 0.45 0.7 0.8 0.3 0.1 0.9 0.15 0.25 0.8 0.45 0.35 0.15 0.45 0.55 0.9 0.0 0.15 0.05 0.35 0.05 1.0 0.2 0.85 0.85 0.05 0.25 0.95 0.75 0.05 0.95 0.2 0.7 
-0.0068854042398568665 0.5120057615247912 0.6691429244596108 0.8 0.05 0.6 0.3 0.15 1.0 0.7 0.95 0.15 0.4 0.05 0.55 0.8 0.25 0.15 0.85 0.6 0.05 0.95 0.15 0.5 0.1 0.85 0.7 0.7 0.2 0.85 0.85 0.05 0.5 0.95 0.35 0.2 0.85 0.0 0.7 
-0.015621503359817197 0.34638383174648135 0.5246169960628283 1.0 1.0 0.45 0.8 0.4 0.8 0.75 0.45 0.35 0.1 0.25 0.05 0.1 0.6 0.1 0.55 0.7 0.8 0.25 0.0 0.0 0.2 0.45 0.05 0.65 0.5 0.65 0.85 0.0 0.25 0.9 0.95 0.75 0.3 0.3 0.65 
-20.740504199358465 0.47912337842215796 0.6526659240930913 1.0 0.65 0.6 0.75 0.5 0.45 0.8 0.55 0.0 0.95 0.7 0.5 0.4 0.45 0.75 0.2 0.05 0.55 0.9 0.0 0.5 0.95 0.5 0.05 0.95 0.2 0.4 0.75 0.05 0.7 0.95 0.4 0.6 0.45 0.2 0.5 
-0.0013330444524841112 0.37381578855465974 0.5309414284493889 1.0 1.0 0.45 0.8 0.4 0.8 0.75 0.45 0.35 0.1 0.25 0.05 0.1 0.6 0.1 0.55 0.65 0.65 0.25 0.15 0.0 0.2 0.45 0.05 0.65 0.55 0.65 0.85 0.0 0.25 0.9 0.95 0.45 0.25 0.3 0.9 
-0.034352418802738274 0.6150847042700334 0.3356581277453583 1.0 0.35 0.6 0.65 0.65 0.3 1.0 0.55 0.1 0.45 0.0 0.45 0.0 0.7 0.65 0.4 0.35 0.05 0.95 0.1 0.0 0.9 1.0 0.8 0.95 0.25 0.65 0.4 0.55 0.4 1.0 0.15 0.9 0.35 0.4 0.9 
-0.0317808900767695 0.6277262903578419 0.3683496072238209 1.0 0.3 0.75 0.75 0.65 0.55 1.0 0.55 0.1 0.45 0.35 0.45 0.35 0.7 0.65 0.4 0.05 0.45 0.95 0.75 0.4 0.35 1.0 0.8 0.95 0.8 0.65 0.05 0.45 0.95 0.75 0.15 0.9 0.35 0.95 0.9 
-0.05495688759829587 0.5237011325128088 0.33821304508149286 0.9 0.6 0.6 0.3 0.45 0.7 0.85 0.7 0.1 1.0 0.15 0.25 0.8 0.45 0.35 0.2 0.45 0.55 0.9 0.15 0.5 0.05 0.35 0.05 1.0 0.2 0.85 0.8 0.05 0.25 0.5 0.35 0.5 0.95 0.2 0.7 
-0.1496456353689531 0.5882098124634397 0.6797277255751776 1.0 0.3 0.75 0.6 0.65 0.35 0.85 0.2 0.1 0.15 0.15 0.35 0.15 0.15 0.95 0.45 0.55 1.0 0.6 0.75 0.0 0.75 0.4 0.85 1.0 0.7 0.5 0.05 0.7 0.65 0.9 0.3 0.85 0.8 0.95 0.85 
-0.3232842039162284 0.5011460586694964 0.6816637907971222 0.8 0.05 0.55 0.15 0.75 0.8 0.9 0.5 0.05 0.35 0.05 0.35 0.8 0.25 0.45 0.85 0.05 0.05 0.15 0.2 0.7 0.1 0.85 0.7 1.0 0.2 0.85 0.85 0.95 0.35 1.0 0.35 0.15 0.75 0.0 0.7 
-0.003575977180823044 0.6960296149195209 0.644544819404603 1.0 0.3 0.75 0.55 0.65 0.35 0.25 0.5 0.05 0.1 0.4 0.55 0.15 0.0 0.8 0.8 1.0 0.8 0.8 0.75 0.85 0.1 0.4 0.35 0.95 0.7 0.55 0.1 0.0 0.55 0.95 0.3 0.85 0.55 0.95 1.0 
-0.031648381046423535 0.6808363064828397 0.40658103305764004 1.0 0.6 0.25 0.2 0.45 0.7 0.95 0.7 0.75 0.95 0.15 0.25 0.8 0.45 0.35 0.15 0.45 0.55 0.65 0.0 0.15 0.05 0.35 0.05 1.0 0.2 0.85 0.7 0.05 0.25 0.95 0.35 0.5 0.95 0.2 0.7 
-0.0063162275938881025 0.40680840965929016 0.600703923316811 0.65 0.2 0.05 0.8 0.4 0.8 0.85 0.7 0.35 0.1 0.25 0.4 0.05 0.6 0.1 0.55 0.9 0.65 0.0 0.2 0.45 0.2 0.45 0.05 0.65 0.55 0.6 0.85 0.0 0.25 0.9 0.95 0.75 0.65 0.55 0.6 
-0.0378727457902998 0.71179005908097 0.5822566401952902 1.0 0.3 0.75 0.85 0.65 0.3 0.9 0.55 0.1 0.3 0.75 0.45 0.95 0.7 0.15 0.4 0.05 0.7 0.95 0.75 0.3 0.35 0.4 0.8 0.95 0.8 0.65 0.05 0.05 0.35 1.0 0.35 0.85 0.45 0.95 1.0 
-0.006987756454364306 0.4170759230580848 0.5933188845059765 0.0 0.8 0.05 0.8 0.4 0.8 0.85 0.7 0.35 0.1 0.25 0.4 0.05 0.6 0.1 0.25 0.9 0.65 0.25 0.2 0.45 0.2 0.45 0.05 0.65 0.55 0.6 0.85 0.0 0.25 0.9 0.95 0.75 0.65 0.55 0.6 
-0.0065621395170089095 0.38289810303551847 0.5978163834553658 0.65 0.2 0.05 0.7 0.4 0.65 0.85 0.7 0.35 0.1 0.0 0.0 0.05 0.25 0.25 0.4 0.9 0.65 0.0 0.2 0.45 0.2 0.45 0.05 0.95 0.45 0.6 0.85 0.0 0.35 0.9 0.95 0.75 0.65 0.55 0.6 
-0.0032524181806923578 0.7101061066790479 0.571789428055351 1.0 0.3 0.75 0.85 0.65 0.3 0.95 0.55 0.1 0.3 0.75 0.45 0.95 0.7 0.15 0.4 0.05 0.7 0.95 0.75 0.3 0.35 0.4 0.8 0.95 0.8 0.65 0.05 0.05 0.35 1.0 0.35 0.85 0.45 0.95 1.0 
-0.020003066649466803 0.4290068945464642 0.6147843997401728 0.7 0.65 0.6 0.8 0.5 0.35 0.8 0.55 0.0 0.95 0.7 0.5 0.4 0.45 0.75 0.2 0.05 0.55 0.9 0.0 0.5 0.95 0.9 0.05 0.95 0.2 0.4 0.75 0.05 0.7 0.95 0.4 0.6 0.45 0.2 0.5 
-0.006461491230898029 0.41170626342966726 0.37003415499948433 1.0 0.55 0.45 1.0 0.8 0.7 0.9 0.15 0.65 0.6 0.3 0.25 0.0 0.0 0.15 1.0 0.5 0.9 0.8 0.2 0.2 0.7 0.45 0.7 0.95 0.45 0.2 0.45 0.3 0.75 0.9 0.45 0.75 0.5 0.55 0.6 
-0.012711703698452563 0.4497319287155263 0.3604746326990429 0.95 0.55 0.45 1.0 0.8 0.7 0.9 0.15 0.65 0.55 0.3 0.4 0.15 0.0 0.15 1.0 0.65 0.95 0.8 0.2 0.2 0.7 0.3 0.5 0.4 0.45 0.55 0.3 0.3 0.9 0.1 0.9 0.1 0.8 0.6 0.6 
-0.020672172077056555 0.3253477490421136 0.521724244143255 1.0 0.55 0.45 1.0 0.8 0.7 0.9 0.15 0.65 0.6 0.3 0.4 0.0 0.0 0.15 1.0 0.35 0.9 0.8 0.2 0.2 0.7 0.45 0.2 0.95 0.45 0.5 0.45 0.3 0.75 0.8 0.2 0.75 0.5 0.8 0.6 
-0.017000732565102115 0.7040195147975198 0.501244294378348 1.0 0.3 0.75 0.8 0.65 0.4 0.85 0.55 0.05 0.35 0.0 0.4 0.95 0.7 0.95 0.8 0.65 1.0 0.9 0.75 0.75 0.35 0.4 0.75 0.95 0.9 0.65 0.05 0.25 0.7 0.9 0.35 0.85 0.55 0.95 1.0 
-0.029976124082059664 0.7061848300739728 0.44320437564391163 1.0 0.3 0.75 0.9 0.65 0.3 0.95 0.55 0.1 0.3 0.0 0.45 0.95 0.7 0.95 0.4 0.05 0.7 0.95 0.75 0.3 0.35 0.4 0.9 0.95 0.85 0.65 0.05 1.0 0.35 1.0 0.35 0.85 0.1 0.95 1.0 
-3.341961794745051 0.4322477744786466 0.6426104727273785 1.0 0.55 0.45 0.9 0.8 0.7 0.9 0.15 0.3 0.6 0.3 0.25 0.5 0.0 0.15 1.0 0.5 0.9 0.8 0.2 0.2 0.7 0.7 0.7 0.95 0.45 0.2 0.8 0.3 0.75 0.75 0.2 0.75 0.5 0.55 0.4 
-0.0008700598579366095 0.6001004689739046 0.695928722437481 1.0 0.3 0.75 0.6 0.65 0.35 0.9 0.2 0.3 0.15 0.25 0.35 0.15 0.95 1.0 0.8 0.95 1.0 0.6 0.75 0.0 0.75 0.5 0.9 1.0 0.7 0.55 0.05 0.15 0.65 0.9 0.3 0.85 0.8 0.85 1.0 
-0.03858219127836249 0.707865990768444 0.4714206811124277 1.0 0.3 0.75 0.8 0.65 0.4 0.85 0.55 0.05 0.35 0.0 0.4 0.95 0.7 0.95 0.8 0.65 1.0 0.9 0.75 0.75 0.35 0.4 0.75 0.95 0.9 0.65 0.05 0.25 0.7 0.9 0.35 0.85 0.55 0.95 1.0 
-0.0902525966404994 0.6327703826692105 0.6821275676719459 1.0 0.3 0.75 0.6 0.65 0.35 0.9 0.2 0.05 0.15 0.25 0.4 0.15 0.95 1.0 0.8 0.95 1.0 0.6 0.75 0.3 0.75 0.5 0.9 1.0 0.7 0.55 0.05 0.15 0.65 0.9 0.3 0.85 0.8 0.85 1.0 
-0.0033220769228565652 0.35317937015615886 0.5656826409500478 0.15 0.2 0.75 0.9 0.4 0.5 0.85 0.55 0.35 0.05 1.0 0.6 0.05 0.6 0.8 0.1 0.9 0.65 0.85 0.2 0.4 0.2 0.95 0.05 0.65 0.55 0.6 0.85 0.0 0.25 0.9 0.95 0.75 0.65 0.55 0.6 
-0.9796909168182613 0.47077726446698415 0.3452591261320095 0.95 0.55 0.45 1.0 0.8 0.7 1.0 0.1 0.65 0.5 0.3 0.45 0.15 0.0 0.15 1.0 0.65 0.95 0.8 0.2 0.4 0.3 0.3 0.5 0.95 0.45 0.95 0.2 0.3 0.9 0.1 0.45 0.1 0.8 0.55 0.7 
-0.04225417671854882 0.6140735612827284 0.694377953369271 1.0 0.3 0.75 0.6 0.65 0.35 0.85 0.2 0.3 0.15 0.25 0.35 0.15 0.95 1.0 0.8 0.95 1.0 0.6 0.75 0.0 0.75 0.5 0.85 1.0 0.7 0.55 0.05 0.15 0.65 0.9 0.3 0.85 0.8 0.85 1.0 
-0.006820969559989679 0.3628444058354082 0.48965062292567585 0.4 0.3 0.45 0.75 0.4 0.5 0.8 0.5 0.35 0.1 0.3 0.2 0.1 0.6 0.8 0.55 0.45 0.65 0.4 0.85 0.3 0.9 0.1 0.05 0.95 0.35 0.75 0.95 0.0 0.5 0.4 0.95 0.65 0.8 0.75 0.85 
-0.05323956218337275 0.7012394735897864 0.6358877672057355 1.0 0.3 0.75 0.55 0.65 0.35 0.6 0.5 0.05 0.1 0.4 0.35 0.15 0.0 0.95 0.8 1.0 0.8 0.8 0.75 0.85 0.1 0.4 0.35 0.95 0.7 0.55 0.1 0.0 0.55 0.95 0.3 0.85 0.55 0.95 1.0 
-0.009689637246408166 0.4254309872427878 0.3636748397450762 1.0 0.55 0.45 1.0 0.8 0.7 0.9 0.15 0.65 0.6 0.3 0.4 0.1 0.0 0.15 1.0 0.75 0.9 0.8 0.2 0.2 0.7 0.05 0.2 0.95 0.45 0.2 0.45 0.3 0.55 0.6 0.2 0.9 0.5 0.55 0.6 
-1.967387943764322e-05 0.7207645201106954 0.5192472542098049 1.0 0.3 0.65 0.75 0.65 0.3 0.95 0.55 0.1 0.45 0.95 0.4 0.05 0.7 0.65 0.4 0.6 0.3 0.3 0.75 0.3 0.4 0.4 0.8 1.0 0.8 0.55 0.5 0.8 0.35 1.0 0.2 0.8 0.3 0.95 1.0 
-0.11310249222035099 0.718195955752804 0.6065977681454139 1.0 0.3 0.75 0.7 0.65 0.35 0.6 0.55 0.1 0.35 0.5 0.65 0.95 0.7 0.95 0.3 0.05 0.35 0.95 0.75 0.45 0.25 0.55 0.8 0.95 0.85 0.6 0.05 0.4 0.35 1.0 0.35 0.9 0.45 0.95 1.0 
-0.016599943544862612 0.7205092201301985 0.5295891723177868 1.0 0.3 0.75 0.55 0.65 0.35 0.6 0.5 0.05 0.15 0.25 0.35 0.15 0.7 0.1 0.8 1.0 1.0 0.8 0.15 0.0 0.75 0.5 0.85 0.65 0.7 0.55 0.35 0.9 0.65 0.9 0.3 0.85 0.55 0.95 1.0 
-0.011929325308776105 0.7506869172604707 0.5362835503620456 1.0 0.3 0.75 0.75 0.65 0.3 0.95 0.55 0.55 0.45 0.3 0.45 0.95 0.7 0.35 0.55 0.6 0.3 0.95 0.75 0.3 0.4 0.4 0.45 1.0 0.8 0.55 0.5 0.85 0.3 1.0 0.2 0.75 0.05 0.95 0.6 
-0.0041890402875110234 0.7250765087229109 0.5428467621422052 1.0 0.3 0.75 0.55 0.65 0.35 0.6 0.5 0.05 0.15 0.25 0.35 0.15 0.7 0.1 0.8 1.0 1.0 0.8 0.15 0.0 0.75 0.5 0.9 0.65 0.7 0.5 0.35 0.9 0.65 0.9 0.3 0.85 0.55 0.95 1.0 
-0.0035842668417818482 0.3597712277008266 0.436998493018269 0.95 0.55 0.45 1.0 0.8 0.7 0.55 0.15 0.5 0.55 0.3 0.4 0.2 0.0 0.15 1.0 0.65 0.95 0.8 0.2 0.55 1.0 0.45 0.2 1.0 0.45 0.2 0.75 0.3 0.8 0.15 0.2 0.2 0.55 0.55 0.6 
-152.4104906841022 0.4387600415027766 0.6760997001196675 0.8 0.05 0.6 0.35 0.75 0.8 0.9 0.7 0.05 0.35 0.05 0.35 0.8 0.25 0.55 0.75 0.05 0.05 0.9 0.15 0.5 0.1 0.85 0.7 1.0 0.2 0.85 0.85 0.05 0.25 1.0 0.35 0.15 0.75 0.0 0.7 
-0.006479532215947113 0.730085252005085 0.5602576127174753 1.0 0.3 0.75 0.7 0.65 0.35 0.6 0.55 0.1 0.35 0.5 0.65 0.95 0.7 0.95 0.3 0.05 0.95 0.95 0.75 0.75 0.85 0.55 0.8 0.95 0.85 0.6 0.05 0.4 0.15 0.95 0.35 0.85 0.45 0.95 1.0 
-0.04255676458934718 0.7375899236134461 0.45819682453641997 1.0 0.3 0.75 0.55 0.65 0.3 0.95 0.55 0.1 0.3 0.0 0.45 0.95 0.6 0.15 0.4 0.05 0.7 0.95 0.5 1.0 0.35 0.4 0.8 0.95 0.8 0.55 0.05 0.05 0.05 1.0 0.35 0.85 0.45 0.95 1.0 
-4.949590322823522 0.4338172624651631 0.649947981841097 1.0 0.55 0.45 0.9 0.8 0.7 0.9 0.15 0.3 0.6 0.3 0.25 0.0 0.0 0.15 1.0 0.5 0.9 0.8 0.2 0.2 0.7 0.7 0.7 0.95 0.45 0.2 0.8 0.3 0.75 0.9 0.2 0.75 0.5 0.55 0.4 
-0.00842479548528524 0.7165666332088209 0.5732768744429066 1.0 0.3 0.75 0.7 0.65 0.35 0.6 0.55 0.1 0.35 0.5 0.65 0.95 0.7 0.95 0.3 0.05 0.95 0.95 0.75 0.45 0.85 0.55 0.8 0.95 0.85 0.6 0.05 0.25 0.35 0.95 0.35 0.85 0.45 0.95 1.0 
-0.004082766555521157 0.7517750598580919 0.5569918443674067 1.0 0.3 0.75 0.75 0.65 0.35 0.85 0.55 0.1 0.85 0.5 0.55 0.95 0.85 0.6 0.4 0.7 1.0 0.5 0.75 0.3 0.35 0.4 0.8 0.95 0.8 0.7 0.15 0.8 0.25 1.0 0.35 0.85 0.45 0.95 1.0 
-0.033599917021978384 0.7439959277206085 0.5189783819660034 1.0 0.3 0.75 0.75 0.65 0.35 1.0 0.55 0.1 0.85 0.5 0.55 0.95 0.85 0.6 0.4 0.05 1.0 0.5 0.75 0.3 0.35 0.4 0.8 0.95 0.8 0.7 0.15 0.8 0.25 1.0 0.35 0.85 0.45 0.95 1.0 
-0.021695295676194316 0.7366849958270263 0.5924059772867777 0.75 0.3 0.65 0.85 0.65 0.25 1.0 0.55 0.1 0.95 0.45 0.6 0.05 0.7 0.65 0.4 0.6 0.3 0.45 0.75 0.3 0.2 0.4 0.8 0.95 0.7 0.55 0.35 0.8 0.5 1.0 0.2 0.75 0.3 0.0 0.95 
-0.028761171801134335 0.7325507329303459 0.48916182952598297 1.0 0.3 0.75 0.8 0.65 0.3 0.95 0.55 0.1 0.35 0.4 0.4 0.95 0.75 0.2 0.4 0.6 0.3 0.95 0.75 0.3 0.8 0.4 0.0 0.65 0.8 0.55 0.75 0.8 0.35 1.0 0.2 0.75 0.9 0.95 1.0 
-0.6694170262638472 0.400257850570225 0.646330541030574 1.0 0.55 0.45 0.9 0.8 0.7 0.9 0.15 0.3 0.6 0.3 0.25 0.0 0.0 0.15 1.0 0.5 0.9 0.8 0.2 0.2 0.7 0.7 0.7 0.95 0.45 0.2 0.8 0.3 0.4 0.9 0.2 0.75 0.5 0.55 0.4 
-0.023714125125534963 0.3505699785293632 0.4064565430635282 0.95 0.55 0.45 1.0 0.8 0.7 0.8 0.15 0.65 0.55 0.3 0.4 0.2 0.0 0.3 1.0 0.2 0.95 0.8 0.9 0.2 0.7 0.65 0.2 1.0 0.45 0.2 0.75 0.3 0.75 0.8 0.2 0.2 0.5 0.55 0.6 
-0.06008778115930552 0.7263319680494009 0.6295800277426 1.0 0.3 0.75 0.75 0.65 0.35 0.45 0.55 0.1 0.85 0.5 0.55 1.0 0.85 0.6 0.4 0.05 1.0 0.5 0.75 0.3 0.35 0.4 0.8 0.95 0.8 0.7 0.15 0.8 0.25 1.0 0.35 0.85 0.45 0.95 1.0 
-0.010796089947174039 0.7325705682304073 0.48979169581913157 1.0 0.3 0.65 0.75 0.65 0.3 0.95 0.55 0.1 0.45 0.45 0.4 0.05 0.7 0.65 0.4 0.6 0.3 0.3 0.75 0.3 0.4 0.4 0.8 1.0 0.8 0.55 0.5 0.8 0.35 1.0 0.2 0.8 0.3 0.95 1.0 
-0.0724116429305999 0.6828151677772165 0.3840803464290773 0.9 0.3 0.75 0.6 0.65 0.6 1.0 0.55 0.1 0.45 1.0 0.45 0.4 0.3 0.65 0.4 0.15 0.05 0.95 0.8 0.4 0.35 1.0 0.8 0.95 0.35 0.3 0.45 0.55 0.4 1.0 0.15 0.9 0.3 0.4 0.9 
-0.019985698799439303 0.7233968945615618 0.45339849670115606 1.0 0.3 0.75 0.75 0.65 0.3 0.95 0.55 0.1 0.3 0.0 0.45 0.95 0.7 0.95 0.4 0.05 0.7 1.0 0.75 0.6 0.35 0.4 0.8 0.95 0.8 0.65 0.05 0.05 0.35 1.0 0.35 0.85 0.5 0.95 1.0 
-0.1223750743452031 0.7266092925170571 0.6116340276289776 1.0 0.3 0.75 0.75 0.65 0.35 0.85 0.55 0.1 0.35 0.5 0.55 0.95 0.85 0.6 0.4 0.05 1.0 0.5 0.75 0.3 0.35 0.4 0.8 0.95 0.8 0.7 0.05 0.4 0.25 1.0 0.35 0.85 0.65 0.95 1.0 
-0.02430212151927585 0.43890208387100854 0.3470165397956664 0.95 0.55 0.45 0.8 0.8 0.5 0.9 0.15 0.65 0.55 0.3 0.4 0.15 0.0 0.15 1.0 0.65 0.95 0.8 0.6 0.2 0.7 0.45 0.55 0.55 0.45 0.2 0.75 0.3 0.75 0.25 0.45 0.2 0.95 0.55 0.6 
-0.07850842647017353 0.7104053169934319 0.4194784851233982 1.0 0.3 0.75 0.8 0.65 0.5 1.0 0.55 0.1 0.35 0.0 0.4 0.95 0.75 0.9 0.3 0.6 0.45 0.95 0.75 0.3 0.8 0.4 0.8 0.8 0.8 0.55 0.75 0.8 0.35 1.0 0.2 0.75 0.3 0.95 0.9 
-0.18220594906523366 0.6919374548390673 0.4071566227856468 1.0 0.3 0.75 0.6 0.65 0.5 0.95 0.55 0.1 0.45 0.0 0.45 0.95 0.7 0.65 0.4 0.7 0.7 0.95 0.75 0.3 0.35 0.4 0.8 0.95 0.85 0.65 0.05 0.8 0.6 1.0 0.2 0.9 0.45 0.95 1.0 
-151.4813688797937 0.48101547499880565 0.6849905002617506 0.85 0.05 0.55 0.3 0.75 0.8 0.45 0.5 0.05 0.2 0.05 0.35 0.8 0.25 0.45 0.85 0.05 0.05 0.6 0.2 0.7 0.1 0.85 0.7 1.0 0.2 0.85 0.85 0.05 0.35 1.0 0.35 0.15 0.75 0.0 0.7 
-0.24589424217067865 0.7378078926161609 0.6097027222857561 1.0 0.3 0.75 0.75 0.65 0.35 0.85 0.55 0.1 0.35 0.5 0.4 0.15 0.7 0.95 0.4 0.05 1.0 0.95 0.75 0.8 0.35 0.4 0.8 0.95 0.85 0.65 0.05 1.0 0.5 1.0 0.35 0.85 0.45 0.95 0.95 
-0.15047762770030432 0.7538000637241291 0.5588828520817162 1.0 0.3 0.75 0.7 0.65 0.4 0.9 0.55 0.2 0.7 0.5 0.55 0.95 0.3 0.95 0.4 0.75 0.2 0.95 0.3 0.3 0.3 0.75 0.85 0.95 0.85 0.8 0.05 0.6 0.35 1.0 0.35 0.85 0.4 0.95 1.0 
-0.0020564592931516987 0.41233249276236217 0.35450117363135525 1.0 0.55 0.45 1.0 0.8 0.7 0.9 0.15 0.65 0.6 0.3 0.4 0.15 0.0 0.15 1.0 0.75 0.8 0.8 0.2 0.2 0.85 0.05 0.2 0.95 0.45 0.2 0.45 0.3 0.4 0.6 0.2 0.9 0.5 0.55 0.6 
-0.06149778069715073 0.5703605496646106 0.30756810866227724 1.0 0.3 0.75 0.75 0.65 0.3 1.0 0.55 0.1 0.45 0.0 0.45 0.95 0.7 0.65 0.35 0.15 0.45 0.7 0.75 0.4 0.35 0.25 0.8 0.95 0.8 0.65 0.05 0.35 0.35 1.0 0.15 0.9 0.35 0.95 0.9 
-0.011374910576112427 0.3342684095772291 0.48748117272222063 0.95 0.55 0.45 1.0 0.8 0.7 0.9 0.15 0.65 0.6 0.3 0.4 0.0 0.3 0.15 0.75 0.45 0.1 0.8 0.2 0.2 0.0 0.45 0.5 1.0 0.35 0.2 0.65 0.3 0.75 0.8 0.2 0.65 0.4 0.55 0.4 
-0.0011070945783000742 0.745762808628384 0.4260832817867384 1.0 0.3 0.75 0.8 0.65 0.3 0.95 0.55 0.1 0.35 0.0 0.4 0.95 0.75 0.8 0.4 0.6 0.3 0.95 0.75 0.3 0.8 0.4 0.8 0.8 0.8 0.55 0.75 0.8 0.35 0.95 0.2 0.75 0.9 0.95 1.0 
-0.057814842036479415 0.7552097924991219 0.5174788173524975 0.85 0.3 0.65 0.85 0.65 0.3 1.0 0.55 0.1 0.4 0.45 0.8 0.05 0.1 0.65 0.4 0.6 0.3 0.35 1.0 0.3 0.25 0.4 0.0 0.95 0.7 0.55 0.5 0.8 0.35 1.0 0.2 0.75 0.3 0.95 1.0 
-0.017827851913829188 0.5540225407155814 0.3220267346257544 1.0 0.3 0.75 0.75 0.65 0.3 1.0 0.55 0.2 0.45 0.0 0.45 0.95 0.7 0.65 0.4 0.05 0.45 0.7 0.2 0.4 0.6 0.9 0.8 0.95 0.8 0.85 0.3 0.5 0.1 1.0 0.15 0.9 0.35 0.65 0.85 
-0.0009595473852235396 0.7249023642850442 0.40185244493870054 1.0 0.3 0.75 0.95 0.65 0.5 0.95 0.55 0.1 0.45 0.0 0.4 0.95 0.7 0.65 0.4 0.05 0.3 0.95 0.4 0.3 0.4 0.4 0.8 0.8 0.8 0.65 0.5 0.8 0.35 1.0 0.2 0.75 0.9 0.7 1.0 
-0.09137004395564041 0.665392316697292 0.342859916869494 0.9 0.3 0.75 0.6 0.65 0.6 1.0 0.55 0.1 0.45 1.0 0.45 0.4 0.7 0.65 0.4 0.35 0.05 0.95 0.8 0.4 0.35 1.0 0.8 0.95 0.35 0.65 0.45 0.55 0.4 1.0 0.15 0.9 0.3 0.4 0.9 
-0.04161145536691665 0.7087335055208267 0.3759625808805781 1.0 0.3 0.8 0.95 0.65 0.35 0.95 0.55 0.1 0.45 0.0 0.4 0.95 0.7 0.4 0.55 0.05 0.3 0.4 0.25 1.0 0.4 0.4 0.25 0.8 0.8 0.65 0.65 0.85 0.6 0.95 0.2 0.75 1.0 0.45 1.0 
-0.18457502584961152 0.7246984394311756 0.656854299057194 1.0 0.3 0.75 0.75 0.65 0.35 0.85 0.55 0.1 0.35 0.5 0.55 0.95 0.85 0.6 0.4 0.05 1.0 0.5 0.75 0.3 0.35 0.4 0.8 0.95 0.8 0.7 0.05 0.85 0.25 1.0 0.35 0.85 0.65 0.95 1.0 
-0.09203806954026153 0.7575957513513696 0.43419875970436494 1.0 0.3 0.75 0.95 0.65 0.35 0.95 0.55 0.1 0.45 0.0 0.4 0.95 0.7 0.4 0.55 0.05 0.3 0.95 0.25 0.3 0.4 0.4 0.25 0.8 0.75 0.65 0.65 0.8 0.4 1.0 0.2 0.75 0.85 0.45 1.0 
-1.7325168427605546 0.5025403922523571 0.6959604314876834 0.8 0.05 0.6 0.3 0.75 1.0 0.9 0.7 0.05 0.4 0.05 0.55 0.8 0.25 0.95 0.85 0.0 0.05 0.9 0.15 0.5 0.1 0.85 0.75 0.65 0.2 0.85 0.85 0.05 0.5 1.0 0.35 0.15 0.75 0.0 0.7 
-0.018703906441240373 0.6756702246219329 0.36063676011089174 1.0 0.3 0.7 0.6 0.65 0.3 1.0 0.55 0.1 0.45 1.0 0.45 0.4 0.7 0.65 0.65 0.35 0.05 0.1 0.8 0.4 0.45 1.0 0.8 0.95 0.35 0.65 0.45 0.55 0.4 1.0 0.15 0.9 0.35 0.5 0.9 
-0.02467830983146775 0.6470803268471019 0.3500631869077932 1.0 0.35 0.75 0.6 0.65 0.3 0.95 0.55 0.1 0.3 0.0 0.45 0.4 0.7 0.45 0.4 0.45 0.05 0.95 0.1 0.4 0.35 0.7 0.8 0.85 0.25 0.45 0.4 0.55 0.4 0.9 0.15 0.9 0.35 0.15 0.9 
-0.11699349823999833 0.750370190914011 0.4706775014871594 1.0 0.3 0.65 0.85 0.65 1.0 1.0 0.55 0.1 0.85 0.45 0.8 0.05 0.1 0.65 0.4 0.6 0.3 0.7 1.0 0.3 0.65 1.0 0.0 1.0 0.7 0.55 0.5 0.9 0.35 1.0 0.2 0.75 0.3 0.95 1.0 
-0.024032784735695218 0.32625720513240863 0.4555789852188857 1.0 0.55 0.45 1.0 0.8 0.7 0.9 0.2 0.65 0.6 0.3 0.3 0.0 0.0 0.15 1.0 0.5 0.9 0.8 0.2 0.2 0.7 0.45 0.7 0.95 0.45 0.25 0.45 0.3 0.75 0.9 0.2 0.75 0.25 0.55 1.0 
-0.09586450110008102 0.65487010176914 0.3208129924004799 0.8 0.3 0.75 0.6 0.65 0.3 1.0 0.55 0.1 0.45 1.0 0.45 0.4 0.7 0.65 0.4 0.35 0.75 0.95 0.8 0.4 0.35 0.4 0.8 0.95 0.35 0.65 0.45 0.55 0.4 0.95 0.15 0.9 0.35 0.4 0.9 
-152.5198741011437 0.436632728519243 0.6891655661293922 0.8 0.05 0.55 0.3 0.75 0.8 0.9 0.5 0.05 0.35 0.05 0.35 0.8 0.25 0.45 0.85 0.05 0.05 0.15 0.2 0.7 0.1 0.85 0.7 1.0 0.2 0.85 0.85 0.05 0.35 1.0 0.35 0.15 0.75 0.0 0.7 
-0.005896194244842612 0.7401780541467261 0.39566175959565564 1.0 0.3 0.75 0.95 0.65 0.5 0.95 0.55 0.1 0.45 0.0 0.4 0.95 0.7 0.65 0.4 0.05 0.3 0.95 0.4 0.3 0.4 0.4 0.8 0.8 0.8 0.65 0.5 0.8 0.35 1.0 0.25 0.8 0.9 0.7 1.0 
-0.0015658434450949324 0.616661778043789 0.3167948647129679 1.0 0.35 0.75 0.8 0.65 0.3 0.95 0.55 0.1 0.3 0.0 0.45 0.4 0.7 0.45 0.4 0.9 0.05 0.95 0.75 0.4 0.0 0.7 0.8 0.9 0.25 0.65 0.4 0.55 0.4 0.85 0.15 0.85 0.15 0.15 0.9 
-0.22317308465095848 0.4093361184246935 0.34111052269771514 0.95 0.55 0.45 1.0 0.8 0.7 0.9 0.15 0.65 0.55 0.3 0.4 0.15 0.0 0.15 1.0 0.65 0.95 0.8 0.2 0.2 0.7 0.45 0.5 0.85 0.45 0.2 0.75 0.3 0.75 0.1 0.65 0.2 0.8 0.55 0.6 
-0.003554503426448527 0.36896310735659754 0.392860463618712 0.95 0.55 0.45 1.0 0.8 0.7 0.95 0.15 0.65 0.55 0.3 0.4 0.2 0.4 0.3 1.0 0.2 0.95 0.8 0.9 0.2 0.7 0.65 0.2 1.0 0.45 0.65 0.75 0.3 0.75 0.4 0.2 0.2 0.5 0.55 0.6 
-0.5712337718373998 0.77278736357331 0.44226481331200224 1.0 0.3 0.65 0.85 0.65 0.3 1.0 0.55 0.1 0.85 0.45 0.8 0.05 0.1 0.65 0.4 0.6 0.3 0.7 1.0 0.3 0.65 1.0 0.0 1.0 0.7 0.55 0.5 0.8 0.65 1.0 0.2 0.75 0.3 0.95 1.0 
-0.03819662352039365 0.6287555804201733 0.32743798147073144 1.0 0.35 0.75 0.8 0.65 0.3 0.95 0.55 0.1 0.3 0.0 0.45 0.4 0.7 0.45 0.4 0.9 0.05 0.95 0.75 0.4 0.0 0.7 0.8 0.9 0.25 0.65 0.45 0.55 0.4 0.85 0.15 0.85 0.15 0.15 0.9 
-0.24674132487053652 0.6960916113507198 0.6719442302397927 1.0 0.3 0.75 0.75 0.65 0.35 0.85 0.55 0.1 0.35 0.5 0.4 0.55 0.7 0.95 0.4 0.05 1.0 0.95 0.75 0.3 0.35 0.4 0.8 0.95 0.8 0.65 0.05 1.0 0.2 1.0 0.35 0.85 0.45 0.95 0.95 
-0.043644844056533016 0.7400535193024824 0.40259342926900954 1.0 0.3 0.75 0.95 0.65 0.35 0.95 0.55 0.1 0.3 0.0 0.4 0.95 0.05 0.3 0.55 0.05 0.3 0.95 0.25 0.3 0.4 0.4 0.25 0.6 0.8 0.65 0.65 0.85 0.4 1.0 0.2 0.75 0.9 0.45 1.0 
-0.0915441137032536 0.7201739340003608 0.35389089842598803 1.0 0.3 0.75 0.95 0.65 0.35 0.95 0.55 0.1 0.3 0.0 0.4 0.95 0.05 0.3 0.55 0.05 0.3 0.95 0.25 0.3 0.4 0.4 0.25 0.6 0.8 0.65 0.65 0.8 0.6 1.0 0.2 0.75 0.9 0.45 1.0 
-0.017766881254091347 0.3628653382401966 0.37242144708914826 0.95 0.55 0.45 0.35 0.8 0.7 0.9 0.2 0.65 0.55 0.3 0.4 0.0 0.7 0.15 1.0 0.65 0.95 0.8 0.2 0.2 0.95 0.45 0.2 1.0 0.45 0.75 0.6 0.3 0.75 0.85 0.2 0.2 0.6 0.55 0.6 
-0.14119525249830917 0.7766536012266362 0.45950907569993477 1.0 0.3 0.65 0.85 0.65 0.3 0.95 0.55 0.1 0.85 0.45 0.8 0.05 0.1 0.65 0.4 0.6 0.3 0.7 1.0 0.3 0.65 1.0 0.0 1.0 0.7 0.55 0.5 0.8 0.65 1.0 0.2 0.75 0.3 0.95 1.0 
-0.0033094314998009223 0.5923235464077787 0.307535004091956 1.0 0.3 0.75 0.75 0.65 0.3 1.0 0.55 0.1 0.45 0.0 0.45 0.95 0.7 0.65 0.4 0.05 0.45 0.7 0.75 0.4 0.35 0.4 0.8 0.95 0.8 0.65 0.05 0.35 0.1 1.0 0.15 0.9 0.35 0.95 0.9 
-0.02485195260989169 0.6926574827839764 0.3461373011302644 0.9 0.3 0.75 0.95 0.65 0.5 0.95 0.55 0.1 0.65 0.0 0.4 0.95 0.7 0.65 0.4 0.35 0.25 0.95 0.9 0.3 0.3 0.4 0.8 0.8 0.85 0.65 0.95 0.8 0.3 1.0 0.2 0.75 0.7 0.15 1.0 
-0.019469083629340782 0.7665129795339407 0.6261909472951639 1.0 0.3 0.75 0.85 0.65 0.3 1.0 0.55 0.1 0.65 0.4 0.6 0.7 0.1 0.75 0.4 0.6 0.3 0.75 1.0 0.3 0.95 0.4 0.0 1.0 0.7 0.55 0.5 0.9 0.35 1.0 0.2 0.75 0.5 0.95 1.0 
-0.01683674001189857 0.33846358160823625 0.4680212611821259 0.95 0.55 0.45 1.0 0.8 0.7 0.55 0.15 0.5 0.55 0.3 0.4 0.2 0.0 0.15 1.0 0.65 0.95 0.8 0.2 0.55 1.0 0.45 0.2 1.0 0.45 0.2 0.75 0.3 0.8 0.8 0.2 0.2 0.55 0.55 0.6 
-0.4640105307592112 0.6631205950471986 0.31215168425339124 0.8 0.3 0.75 0.6 0.65 0.3 1.0 0.55 0.1 0.45 1.0 0.45 0.4 0.7 0.65 0.4 0.35 0.05 0.95 0.8 0.4 0.35 1.0 0.8 0.95 0.35 0.65 0.45 0.55 0.4 1.0 0.15 0.9 0.35 0.4 0.9 
-0.012460698456514839 0.37934809484552334 0.36532099901178416 0.95 0.55 0.45 0.8 0.8 0.7 0.9 0.15 0.65 0.55 0.3 0.4 0.0 0.0 0.15 1.0 0.65 0.95 0.8 0.2 0.2 0.7 0.45 0.2 1.0 0.45 0.5 0.75 0.3 0.75 0.7 0.2 0.2 0.8 0.55 0.6 
-0.22642802866592127 0.3866414275566979 0.3412418331494048 0.95 0.55 0.45 1.0 0.8 0.7 0.95 0.15 0.65 0.55 0.3 0.4 0.2 0.0 0.55 1.0 0.2 0.95 0.8 0.9 0.2 0.7 0.65 0.2 1.0 0.45 0.2 0.75 0.3 0.75 0.8 0.2 0.2 0.7 0.55 0.6 
-179.79194342959605 0.45359188121572114 0.7089470519073482 0.8 0.05 0.55 0.3 0.75 0.8 0.9 0.5 0.05 0.35 0.05 0.35 0.8 0.25 0.45 0.85 0.05 0.05 0.15 0.2 0.7 0.1 0.85 0.7 1.0 0.2 0.85 1.0 0.05 0.35 1.0 0.35 0.15 0.75 0.0 0.7 
-0.015815998281684084 0.6694389169542885 0.3275467053550284 1.0 0.35 0.75 0.6 0.65 0.3 1.0 0.55 0.15 0.45 0.0 0.45 0.4 0.7 0.45 0.15 0.1 0.9 0.95 0.1 0.4 0.35 0.7 0.8 0.9 0.25 0.45 0.55 0.65 0.4 0.95 0.15 0.9 0.35 0.15 0.9 
-0.008494869308804118 0.333423419642216 0.41745153783535566 1.0 0.55 0.45 1.0 0.8 0.7 0.8 0.15 0.65 0.6 0.3 0.4 0.0 0.0 0.15 1.0 0.35 0.9 0.8 0.2 0.2 0.7 0.45 0.2 0.95 0.45 0.2 0.45 0.3 0.75 0.8 0.2 0.75 0.5 0.55 0.6 
-18.64518118420027 0.4660439884571253 0.33454522290746924 0.95 0.55 0.45 1.0 0.8 0.45 0.9 0.15 0.65 0.55 0.3 0.4 0.15 0.0 0.15 0.5 0.15 0.65 0.15 0.0 1.0 0.7 0.15 0.65 0.55 0.45 0.2 0.75 0.3 0.75 0.85 0.15 0.25 0.5 0.3 0.5 
-0.12164817992309684 0.6090612151584678 0.3081190422478072 1.0 0.3 0.75 0.75 0.65 0.3 1.0 0.55 0.1 0.45 0.0 0.45 0.95 0.7 0.65 0.35 0.15 0.45 0.7 0.75 0.4 0.35 0.25 0.8 0.95 0.8 0.65 0.05 0.85 0.35 1.0 0.15 0.9 0.35 0.95 0.9 
-0.021764229305840842 0.38568869620089063 0.6098519432770169 0.65 0.2 0.05 0.7 0.4 0.65 0.85 0.7 0.35 0.1 0.0 0.0 0.05 0.25 0.25 0.4 0.9 0.65 0.0 0.2 0.45 0.2 0.45 0.05 0.95 0.45 0.6 0.85 0.0 0.25 0.9 0.95 0.75 0.65 0.55 0.6 
-1.9523853346301197 0.6714317229306037 0.6802144910638442 1.0 0.3 0.1 0.75 0.65 0.3 0.95 0.55 0.5 0.0 0.0 0.4 0.95 0.05 0.65 0.4 0.05 0.85 0.95 0.75 0.3 0.4 0.4 0.8 1.0 0.65 0.55 0.35 0.65 0.35 1.0 0.2 0.75 0.65 0.95 1.0 
-0.007773579751978371 0.3298264853380447 0.40840509108894196 1.0 0.55 0.45 1.0 0.8 0.7 0.9 0.15 0.65 0.6 0.3 0.4 0.0 0.0 0.15 1.0 0.35 0.9 0.8 0.2 0.2 0.7 0.45 0.2 0.95 0.45 0.2 0.45 0.3 0.75 0.8 0.2 0.75 0.5 0.55 0.6 
-0.04157418654975015 0.7606501695145024 0.48452286100063136 1.0 0.3 0.75 0.8 0.65 0.3 0.95 0.55 0.1 0.35 0.0 0.4 0.95 0.75 0.9 0.3 0.6 0.3 0.95 0.75 0.3 0.8 0.4 0.8 0.8 0.8 0.55 0.75 0.8 0.35 1.0 0.2 0.75 0.3 0.95 1.0 
-0.005630214762916084 0.7850119032605576 0.4767153419045825 1.0 0.3 0.65 0.65 0.65 0.3 1.0 0.55 0.1 0.4 0.45 0.6 0.05 0.1 0.65 0.4 0.6 0.3 0.75 0.0 0.3 0.2 0.4 0.0 1.0 0.7 0.55 0.5 0.9 0.35 1.0 0.2 0.75 0.3 0.95 1.0 
-0.0950967480975066 0.35917069121603873 0.363761440356945 0.95 0.55 0.45 1.0 0.8 0.7 0.9 0.15 0.65 0.55 0.3 0.45 0.0 0.7 0.15 1.0 0.9 0.95 0.8 0.2 0.2 0.45 0.45 0.2 1.0 0.45 0.8 0.75 0.3 0.75 0.85 0.2 0.2 0.65 0.55 0.6 
-0.0630169498536624 0.6338680724000737 0.2898304395119221 1.0 0.3 0.75 0.6 0.65 0.3 1.0 0.55 0.1 0.45 0.0 0.45 0.4 0.7 0.65 0.4 0.35 0.05 0.95 0.1 0.4 0.35 1.0 0.8 0.95 0.35 0.65 0.45 0.55 0.4 1.0 0.15 0.9 0.35 0.4 0.9 
-0.07945449146859053 0.3500271137852674 0.3778213423130909 0.95 0.55 0.45 1.0 0.8 0.7 0.95 0.15 0.65 0.55 0.3 0.4 0.2 0.0 0.3 1.0 0.2 0.95 0.8 0.9 0.2 0.7 0.65 0.2 1.0 0.45 0.2 0.75 0.3 0.75 0.8 0.2 0.2 0.5 0.55 0.6 
-0.08626882421418566 0.7333983150483738 0.652416799623651 1.0 0.3 0.75 0.75 0.65 0.35 0.85 0.55 0.1 0.35 0.5 0.55 0.95 0.85 0.6 0.4 0.05 1.0 0.5 0.75 0.3 0.35 0.4 0.8 0.95 0.8 0.65 0.05 0.8 0.25 1.0 0.35 0.85 0.45 0.95 1.0 
-0.2298996398557199 0.7626031496080774 0.3851067214177068 1.0 0.3 0.75 0.65 0.65 0.35 0.95 0.55 0.1 0.45 0.0 0.4 0.95 0.7 0.4 0.4 0.05 0.3 0.95 0.8 0.3 0.4 0.15 0.8 0.8 0.8 0.65 0.7 0.8 0.6 1.0 0.2 0.75 1.0 0.7 1.0 
-0.23887885922775945 0.7565587816638857 0.4204065159852883 1.0 0.3 0.75 0.8 0.65 0.3 0.95 0.55 0.1 0.35 0.0 0.4 0.95 0.75 0.9 0.4 0.6 0.3 0.95 0.75 0.3 0.8 0.4 0.8 0.8 0.8 0.55 0.75 0.8 0.35 1.0 0.2 0.75 0.9 0.95 1.0 
-0.02079141565447843 0.55365300290969 0.30442074873330716 1.0 0.35 0.75 0.6 0.65 0.3 0.95 0.4 0.1 0.35 0.0 0.3 0.65 0.7 0.45 0.4 0.95 0.05 0.95 0.05 0.8 0.35 0.35 0.2 0.9 0.25 0.65 0.4 0.55 0.4 0.45 0.15 0.9 0.55 0.15 0.9 
-0.1397527268532036 0.7863086819422673 0.44897092866631805 1.0 0.3 0.6 0.75 0.65 0.3 1.0 0.55 0.1 0.75 0.45 0.6 0.05 0.7 0.35 0.4 0.6 0.3 0.8 0.75 0.3 0.6 0.4 0.9 0.95 0.7 0.45 0.6 0.8 0.35 1.0 0.2 0.75 0.3 0.95 1.0 
-0.002716822578390035 0.3233110485183034 0.44575532119713124 0.95 0.55 0.45 1.0 0.8 0.7 0.95 0.15 0.65 0.6 0.3 0.4 0.0 0.3 0.15 1.0 0.45 0.95 0.8 0.2 0.2 0.0 0.45 0.5 1.0 0.45 0.2 0.6 0.3 0.75 0.8 0.2 0.65 0.25 0.55 0.55 
-0.5899546774575231 0.538857128286244 0.6828650877640497 1.0 0.3 0.75 0.65 0.7 0.4 0.85 0.0 0.25 0.35 0.6 0.0 0.15 0.7 0.95 0.8 0.45 1.0 0.9 1.0 0.85 0.35 0.4 0.8 0.95 0.8 0.2 0.05 0.9 0.05 0.9 0.3 0.85 0.45 0.95 1.0 
-5.7386433663731635 0.447016757011237 0.33257492444786396 0.95 0.55 0.45 1.0 0.8 0.5 0.9 0.15 0.65 0.55 0.3 0.4 0.15 0.0 0.15 1.0 0.65 0.95 0.8 0.6 0.2 0.7 0.45 0.5 0.55 0.45 0.2 0.75 0.3 0.75 0.1 0.45 0.2 0.95 0.55 0.6 
-0.03931758161643432 0.7809777427563269 0.5155204147241376 1.0 0.3 0.65 0.75 0.65 0.3 0.95 0.55 0.1 0.45 0.45 0.35 0.05 0.7 0.65 0.4 0.6 0.3 0.3 0.75 0.3 0.4 0.4 0.8 1.0 0.8 0.55 0.5 0.8 0.35 1.0 0.2 0.75 0.3 0.95 1.0 
-152.04934693599878 0.43540235787619463 0.689167907917129 0.8 0.05 0.55 0.3 0.75 0.8 0.9 0.5 0.05 0.35 0.05 0.35 0.8 0.25 0.45 0.85 0.05 0.05 0.15 0.2 0.7 0.1 0.85 0.7 1.0 0.2 0.85 0.85 0.05 0.35 1.0 0.35 0.15 0.75 0.0 0.7 
-0.002411771978639754 0.7489743036830495 0.3592025534679816 1.0 0.3 0.75 0.95 0.65 0.35 0.95 0.55 0.1 0.45 0.0 0.4 0.95 0.7 0.4 0.5 0.05 0.3 1.0 0.8 0.3 0.4 0.45 0.8 0.8 0.8 0.65 0.7 0.8 0.6 1.0 0.2 0.75 0.95 0.7 0.8 
-0.19946348790694518 0.3649027153477793 0.33922911731139754 1.0 0.55 0.45 1.0 0.8 0.7 0.9 0.2 0.65 0.6 0.3 0.45 0.0 0.0 0.15 1.0 0.5 0.9 0.8 0.2 0.2 0.7 0.45 0.7 0.95 0.45 0.2 0.45 0.3 0.75 0.9 0.2 0.75 0.65 0.55 0.65 
-0.03823042038507067 0.40196609675157935 0.3284234605008809 1.0 0.55 0.45 1.0 0.8 0.7 0.9 0.2 0.65 0.6 0.3 0.45 0.0 0.0 0.15 1.0 0.5 0.9 0.8 0.2 0.2 0.7 0.45 0.7 0.95 0.45 0.2 0.45 0.3 0.75 0.9 0.2 0.75 0.75 0.55 0.65 
-170.42801467697007 0.466700960217215 0.7106040876899345 0.8 0.05 0.55 0.15 0.75 0.8 0.9 0.5 0.05 0.35 0.05 0.35 0.8 0.25 0.45 0.85 0.05 0.05 0.15 0.2 0.7 0.1 0.85 0.7 1.0 0.2 0.85 0.85 0.05 0.35 1.0 0.35 0.15 0.75 0.0 0.7 
-1.1999474556916188 0.32292324802295447 0.5367437930018006 1.0 0.55 0.45 1.0 0.8 0.7 0.9 0.15 0.65 0.5 0.3 0.4 0.0 0.55 0.15 1.0 0.35 0.9 0.8 0.2 0.2 0.7 0.45 0.85 0.95 0.45 0.2 0.45 0.3 0.75 0.8 0.2 0.75 0.5 0.8 0.6 
-11.52282905469026 0.5002958936923712 0.31247454822758824 1.0 0.3 0.6 0.6 0.65 0.3 1.0 0.55 0.1 0.45 0.0 0.45 0.55 0.7 0.65 0.4 0.35 0.45 0.95 0.1 0.4 0.35 0.05 0.8 0.95 0.35 0.65 0.15 0.55 0.4 1.0 0.15 0.9 0.55 0.4 0.9 
-0.26314506774469026 0.5247272000578361 0.3051566235510528 1.0 0.35 0.75 0.6 0.65 0.3 1.0 0.55 0.1 0.45 0.0 0.45 0.4 0.7 0.6 0.4 0.35 0.05 0.95 0.1 0.4 0.35 1.0 0.8 0.95 0.75 0.65 0.45 0.55 0.4 0.9 0.15 0.9 0.35 0.15 0.9 
-1.4601250786861877 0.6844302433397362 0.3237726887738519 1.0 0.35 0.75 0.45 0.65 0.3 0.95 0.55 0.1 0.3 0.3 0.45 0.4 0.7 0.9 0.4 0.45 0.05 0.4 0.1 0.4 0.35 0.0 0.8 0.9 0.25 0.6 0.05 0.55 0.4 1.0 0.15 0.9 0.45 0.15 0.9 
-0.10815403367798734 0.5922366525942491 0.27520169833683306 1.0 0.35 0.75 0.65 0.65 0.3 0.95 0.55 0.1 0.3 0.0 0.45 0.4 0.7 0.9 0.4 0.9 0.05 0.95 0.55 0.4 0.0 0.7 0.8 0.9 0.25 0.65 0.45 0.55 0.4 0.85 0.15 0.85 0.25 0.15 0.9 
-0.22802058314933915 0.5206007062781783 0.7120679958870589 0.85 0.05 0.55 0.3 0.2 0.8 0.45 0.5 0.05 0.2 0.05 0.35 0.8 0.95 0.45 0.85 0.85 0.95 0.6 0.8 0.7 0.1 0.85 0.7 1.0 0.2 0.85 0.85 0.05 0.35 1.0 0.35 0.15 0.75 0.0 0.7 
-0.07637190220125414 0.36937025747876084 0.6017162393258736 0.65 0.2 0.05 0.5 0.4 0.65 0.85 0.7 0.35 0.1 0.0 0.4 0.9 0.25 0.25 0.55 0.9 0.65 0.0 0.2 0.45 0.2 0.45 0.05 0.95 0.45 0.65 0.85 0.0 0.25 0.9 0.95 0.75 0.65 0.55 0.6 
-0.022001215429934183 0.5350334459700229 0.26926283899674974 1.0 0.35 0.75 0.6 0.65 0.3 0.95 0.55 0.1 0.35 0.0 0.3 0.4 0.7 0.45 0.4 0.85 0.05 0.95 0.1 0.4 0.35 0.85 0.55 0.7 0.25 0.65 0.15 0.55 0.4 0.7 0.15 0.9 0.35 0.15 0.9 
-0.17269975597795398 0.6287640414357626 0.2866542660959841 1.0 0.35 0.75 0.5 0.65 0.3 0.9 0.55 0.1 0.3 0.3 0.45 0.4 0.7 0.9 0.4 0.45 0.05 0.9 0.6 0.4 0.35 0.0 0.8 0.9 0.25 0.6 0.15 0.55 0.4 0.9 0.15 0.9 0.45 0.15 0.9 
-0.10401983979026903 0.5839445700855699 0.28583743630687497 0.95 0.3 0.75 0.6 0.65 0.3 1.0 0.55 0.1 0.4 0.0 0.45 0.4 0.7 0.65 0.4 0.35 0.45 0.95 0.1 0.4 0.5 0.05 0.8 0.9 0.35 0.65 0.15 0.55 0.4 1.0 0.15 0.9 0.35 0.4 0.9 
-0.03506666882052362 0.31343620321513743 0.49371958463314486 0.95 0.55 0.45 1.0 0.8 0.7 0.95 0.15 0.65 0.6 0.3 0.4 0.0 0.3 0.15 1.0 0.45 0.95 0.8 0.2 0.2 0.0 0.45 0.5 1.0 0.45 0.3 0.65 0.3 0.75 0.8 0.2 0.65 0.25 0.55 0.4 
-1.3268207030296904 0.7152245390083083 0.6826135358771748 1.0 0.3 0.75 0.75 0.65 0.35 0.85 0.55 0.1 0.35 0.5 0.55 0.95 0.85 0.6 0.4 0.05 1.0 0.5 0.75 0.3 0.35 0.05 0.8 0.95 0.8 0.7 0.05 0.7 0.25 1.0 0.35 0.85 0.45 0.95 1.0 
-8.667263883238636 0.43598518627745886 0.3267208985702602 0.95 0.55 0.45 1.0 0.8 0.7 0.9 0.15 0.65 0.55 0.3 0.4 0.15 0.0 0.15 1.0 0.65 0.95 0.8 0.2 0.2 0.7 0.3 0.5 0.95 0.45 0.55 0.3 0.3 0.9 0.1 0.9 0.1 0.8 0.6 0.6 
-0.029678329943943375 0.5200988144091847 0.295067864173974 1.0 0.35 0.6 0.65 0.65 0.3 1.0 0.55 0.1 0.45 0.0 0.45 0.0 0.7 0.65 0.7 0.35 0.05 0.95 0.1 0.0 0.9 1.0 0.8 0.95 0.75 0.65 0.4 0.55 0.4 1.0 0.15 0.9 0.35 0.4 0.9 
-166.24289162981603 0.4963906833446171 0.72221029085625 0.8 0.05 0.55 0.15 0.75 0.8 0.9 0.5 0.05 0.35 0.05 0.35 0.8 0.25 0.45 0.85 0.05 0.05 0.15 0.2 0.7 0.1 0.85 0.7 1.0 0.2 0.85 1.0 0.05 0.35 1.0 0.35 0.15 0.75 0.0 0.7 
-1.1831001375607837 0.6662851888073213 0.6845052327700951 1.0 0.3 0.1 0.75 0.65 0.3 0.95 0.55 0.4 0.0 0.0 0.4 0.95 0.05 0.65 0.4 0.05 0.85 0.95 0.75 0.3 0.4 0.4 0.8 1.0 0.65 0.55 0.35 0.65 0.35 1.0 0.2 0.75 0.65 0.95 1.0 
-0.2378250045617694 0.550267270144515 0.2911226736628961 1.0 0.35 0.75 0.6 0.65 0.3 0.8 0.55 0.1 0.3 0.0 0.45 0.4 0.7 0.45 0.4 0.45 0.05 0.95 0.1 0.4 0.05 0.7 0.8 0.9 0.25 0.7 0.4 0.55 0.4 0.9 0.15 0.9 0.35 0.15 0.9 
-0.09501768115453825 0.5264142678898307 0.2899337427112798 1.0 0.35 0.75 0.65 0.65 0.3 1.0 0.55 0.1 0.45 0.0 0.45 0.4 0.7 0.65 0.4 0.35 0.05 0.95 0.1 0.0 0.9 1.0 0.8 0.95 0.75 0.65 0.4 0.55 0.4 1.0 0.15 0.9 0.35 0.4 0.9 
-0.8174683275488809 0.791349817855577 0.5536660323293148 1.0 0.3 0.65 0.85 0.65 0.3 1.0 0.55 0.1 0.4 0.45 0.6 0.05 0.1 0.65 0.4 0.6 0.3 0.75 1.0 0.3 0.25 0.4 0.0 1.0 0.7 0.55 0.5 0.8 0.35 1.0 0.2 0.75 0.3 0.95 1.0 
-0.2783737546029006 0.7877954546691479 0.538179300471163 1.0 0.3 0.75 0.85 0.65 0.3 1.0 0.55 0.1 0.6 0.4 0.75 0.7 0.1 0.65 0.4 0.6 0.3 0.75 1.0 0.3 1.0 0.4 0.0 1.0 0.7 0.55 0.5 0.9 0.35 1.0 0.2 0.75 0.3 0.95 1.0 
-0.017135453904274116 0.7790999101845244 0.5555270222194112 1.0 0.3 0.75 0.85 0.65 0.3 1.0 0.55 0.1 0.9 0.4 0.5 0.7 0.85 0.75 0.4 0.6 0.6 0.75 0.0 0.3 0.95 0.4 0.0 1.0 0.8 0.55 0.5 0.9 0.35 1.0 0.2 0.75 0.3 0.95 1.0 
-1.6435421343910541 0.5535903588087042 0.2615222824692516 0.95 0.35 0.75 0.6 0.65 0.3 1.0 0.55 0.1 0.4 0.0 0.45 0.4 0.7 0.65 0.4 0.35 0.45 0.95 0.1 0.4 0.5 0.8 0.8 0.9 0.35 0.65 0.15 0.55 0.4 1.0 0.15 0.9 0.35 0.4 0.9 
-0.06287574268780413 0.759106265158486 0.5913444871405431 1.0 0.3 0.75 0.85 0.65 0.3 1.0 0.55 0.1 0.6 0.4 0.05 0.7 0.1 0.65 0.4 0.6 0.3 0.75 1.0 0.3 1.0 0.4 0.0 1.0 0.7 0.55 0.5 0.9 0.55 1.0 0.2 0.75 0.3 0.95 1.0 
-0.16280724724671738 0.5591855014219345 0.2637375935556304 1.0 0.35 0.75 0.6 0.65 0.3 0.95 0.55 0.1 0.35 0.0 0.15 0.4 0.7 0.25 0.4 0.95 0.05 0.95 0.55 0.55 0.35 0.85 0.8 0.9 0.25 0.65 0.3 0.55 0.4 0.7 0.15 0.9 0.35 0.15 0.9 
-1.2212371138616338 0.7256141391064771 0.6693408621648812 1.0 0.3 0.75 0.85 0.65 0.3 1.0 0.55 0.1 0.65 0.4 0.6 0.7 0.1 0.75 0.4 0.6 0.3 0.75 1.0 0.3 0.95 0.4 0.0 1.0 0.7 0.55 0.5 0.9 0.35 1.0 0.2 0.75 0.3 0.95 1.0 
-0.08994774814786431 0.7843081221206702 0.4963266248617 1.0 0.3 0.65 0.85 0.65 0.3 1.0 0.55 0.1 0.4 0.45 0.8 0.05 0.1 0.65 0.4 0.6 0.3 0.35 1.0 0.3 0.25 0.4 0.0 0.95 0.7 0.55 0.5 0.8 0.35 1.0 0.2 0.75 0.3 0.95 1.0 
-0.45195465103730526 0.6345754881125324 0.2787925494422019 1.0 0.35 0.75 0.65 0.65 0.3 0.95 0.55 0.1 0.3 0.0 0.45 0.4 0.7 0.9 0.4 0.45 0.05 0.95 0.1 0.4 0.35 0.0 0.8 0.9 0.25 0.6 0.45 0.55 0.4 0.9 0.15 0.9 0.45 0.15 0.9 
-0.015319150759409227 0.6026926200154324 0.2822094278885442 1.0 0.35 0.7 0.65 0.65 0.3 0.95 0.55 0.1 0.3 0.0 0.45 0.4 0.7 0.9 0.4 0.9 0.05 0.95 0.1 0.4 0.0 0.7 0.8 0.9 0.25 0.65 0.45 0.55 0.4 0.85 0.15 0.85 0.2 0.15 0.9 
-0.033074600314455097 0.3149118332658566 0.40752011034341745 1.0 0.55 0.45 1.0 0.8 0.7 0.9 0.2 0.65 0.6 0.3 0.4 0.0 0.0 0.15 1.0 0.5 0.6 0.8 0.2 0.2 0.7 0.45 0.7 0.95 0.45 0.35 0.45 0.3 0.75 0.9 0.2 0.5 0.5 0.55 0.6 
-0.20634137779414727 0.7970892468691748 0.512968981301047 1.0 0.3 0.65 0.85 0.65 0.3 1.0 0.55 0.1 0.45 0.45 0.8 0.05 0.1 0.65 0.4 0.6 0.3 0.75 1.0 0.3 0.25 0.4 0.0 1.0 0.7 0.55 0.5 0.8 0.35 1.0 0.2 0.75 0.3 0.95 1.0 
-0.014690412563639095 0.3280787549921462 0.39278579196711616 1.0 0.55 0.45 1.0 0.8 0.7 0.9 0.2 0.65 0.6 0.3 0.4 0.0 0.0 0.15 1.0 0.5 0.05 0.8 0.2 0.2 0.7 0.45 0.7 0.95 0.45 0.2 0.45 0.3 0.6 0.9 0.2 0.5 0.5 0.55 0.6 
-0.17933628990521663 0.6011817620809523 0.2641942555849386 0.95 0.35 0.75 0.6 0.65 0.3 1.0 0.55 0.1 0.4 0.0 0.45 0.4 0.7 0.65 0.4 0.35 0.45 0.95 0.1 0.4 0.45 0.8 0.8 0.9 0.35 0.65 0.15 0.55 0.4 1.0 0.15 0.9 0.35 0.45 0.9 
-155.10325491567983 0.4594207147725107 0.29212802134920446 1.0 0.35 0.75 0.6 0.65 0.3 0.95 0.55 0.1 0.35 0.0 0.3 0.65 0.7 0.45 0.4 0.95 0.05 0.95 0.05 0.8 0.35 0.35 0.4 0.8 0.25 0.65 0.55 0.55 0.4 0.45 0.15 0.9 0.55 0.15 0.9 
-0.22349236097599098 0.7650151542171524 0.6070522868098686 1.0 0.3 0.75 0.75 0.65 0.35 0.85 0.55 0.1 0.85 0.5 0.55 0.95 0.85 0.6 0.4 0.05 1.0 0.5 0.75 0.3 0.35 0.4 0.8 0.95 0.8 0.7 0.15 0.8 0.25 1.0 0.35 0.85 0.45 0.95 1.0 
-0.3249584766590916 0.3440501366086855 0.35311912818350233 1.0 0.55 0.45 1.0 0.8 0.7 0.9 0.2 0.65 0.6 0.3 0.45 0.0 0.0 0.65 1.0 0.5 0.9 0.8 0.2 0.2 0.7 0.45 0.7 0.95 0.45 0.2 0.65 0.3 0.75 0.9 0.2 0.75 0.65 0.55 0.65 
-0.21038472466121108 0.5035129735663404 0.2848506738521768 1.0 0.35 0.75 0.6 0.65 0.3 0.95 0.55 0.1 0.35 0.0 0.3 0.4 0.7 0.45 0.4 0.95 0.05 0.95 0.1 0.4 0.35 0.85 0.8 0.9 0.25 0.65 0.3 0.55 0.4 0.7 0.15 0.9 0.35 0.15 0.9 
-0.2615772681159225 0.7929785540955563 0.5219986237776864 1.0 0.3 0.65 0.85 0.65 0.3 1.0 0.55 0.1 0.4 0.45 0.8 0.05 0.1 0.65 0.4 0.6 0.3 0.75 1.0 0.3 0.25 0.4 0.0 1.0 0.7 0.55 0.5 0.8 0.35 1.0 0.2 0.75 0.3 0.95 1.0 
-4.082305583075835 0.5284468891162782 0.2664112250891012 1.0 0.35 0.75 0.6 0.65 0.3 0.95 0.55 0.1 0.35 0.0 0.3 0.4 0.7 0.45 0.4 0.85 0.05 0.95 0.1 0.4 0.35 0.85 0.4 0.9 0.25 0.65 0.15 0.55 0.4 0.7 0.15 0.9 0.35 0.15 0.9 
-0.055546128402291964 0.6631164438447829 0.283912400895716 1.0 0.35 0.75 0.9 0.65 0.3 0.95 0.55 0.1 0.3 0.3 0.45 0.4 0.7 0.9 0.4 0.45 0.05 0.95 0.1 0.4 0.35 0.0 0.8 0.9 0.25 0.6 0.45 0.55 0.4 0.9 0.15 0.9 0.45 0.15 0.9 
-0.0384318387679345 0.3196770208462616 0.508567108054381 0.95 0.55 0.45 1.0 0.8 0.7 0.9 0.15 0.65 0.6 0.3 0.4 0.0 0.3 0.15 0.7 0.45 0.1 0.8 0.2 0.2 0.0 0.45 0.5 1.0 0.45 0.2 0.65 0.3 0.75 0.85 0.2 0.65 0.4 0.55 0.4 
-0.1955663446251889 0.744209225724635 0.3424925714680729 1.0 0.3 0.75 0.95 0.65 0.35 0.95 0.55 0.1 0.45 0.0 0.4 0.95 0.7 0.4 0.5 0.05 0.3 1.0 0.8 0.3 0.4 0.45 0.8 0.8 0.8 0.65 0.7 0.8 0.6 1.0 0.2 0.75 0.95 0.7 0.8 
-0.04428272023594426 0.7145047864037543 0.3348287193005005 1.0 0.35 0.75 0.65 0.65 0.3 0.95 0.55 0.1 0.3 0.05 0.45 0.4 0.7 0.9 0.4 0.45 0.05 0.4 0.1 1.0 0.35 0.0 0.45 0.9 0.25 0.6 0.65 0.55 0.4 1.0 0.15 0.9 0.45 0.15 0.9 
-0.19749556447931127 0.34347117966218554 0.5608955105386746 0.95 0.55 0.45 0.35 0.8 0.7 0.9 0.15 0.65 0.9 0.3 0.4 0.0 0.4 0.15 0.75 0.25 0.1 0.8 0.4 0.2 0.0 0.3 0.5 1.0 0.45 0.45 0.65 0.3 0.75 0.75 0.2 0.85 0.4 0.55 0.2 
-1.1183626104840538 0.5845686545243653 0.2584907790549229 1.0 0.35 0.75 0.6 0.65 0.3 0.95 0.55 0.1 0.4 0.0 0.45 0.4 0.7 0.45 0.4 0.45 0.05 0.95 0.1 0.4 0.35 0.7 0.8 0.9 0.25 0.65 0.4 0.55 0.4 0.9 0.15 0.9 0.35 0.15 0.9 
-7.779993363223893 0.34751996212314373 0.6246949840376301 1.0 0.55 0.45 1.0 0.8 0.7 0.9 0.15 0.65 0.6 0.3 0.25 0.0 0.0 0.15 1.0 0.5 0.9 0.8 0.2 0.2 0.7 0.45 0.7 0.95 0.45 0.2 0.45 0.3 0.75 0.9 0.2 0.75 0.5 0.55 0.4 
-6.2850043749479045 0.3703648945139728 0.617147915664122 1.0 0.55 0.45 1.0 0.8 0.7 0.9 0.15 0.65 0.6 0.3 0.25 0.0 0.0 0.15 0.85 0.5 0.9 0.8 0.2 0.2 0.7 0.8 0.7 0.95 0.45 0.2 0.45 0.3 0.75 0.9 0.2 0.75 0.3 0.55 0.0 
-0.566474985435893 0.7758202932074045 0.5852014548871717 1.0 0.3 0.7 0.85 0.65 0.3 1.0 0.55 0.1 0.4 0.4 0.6 0.7 0.85 0.65 0.4 0.6 0.3 0.1 1.0 0.3 0.25 0.4 0.0 1.0 0.7 0.55 0.5 0.9 0.35 1.0 0.2 0.75 0.45 0.95 0.8 
-0.3303712765936828 0.7192931967030085 0.3408923830404509 1.0 0.3 0.75 0.95 0.65 0.35 0.95 0.55 0.1 0.3 0.0 0.4 0.95 0.05 0.3 0.55 0.05 0.3 0.95 0.25 0.3 0.4 0.4 0.25 0.6 0.8 0.65 0.65 0.8 0.6 1.0 0.2 0.75 0.9 0.45 1.0 
-2.1563396138447612 0.5613986926435468 0.2469897971620802 1.0 0.35 0.75 0.65 0.65 0.3 0.95 0.55 0.1 0.3 0.0 0.45 0.4 0.7 0.9 0.4 0.45 0.05 0.95 0.1 0.4 0.35 0.7 0.8 0.9 0.25 0.65 0.45 0.55 0.4 0.9 0.15 0.9 0.35 0.15 0.9 
-0.9111047039724476 0.3487358978598255 0.6113419163015336 1.0 0.55 0.45 1.0 0.8 0.7 0.9 0.15 0.65 0.45 0.3 0.25 0.0 0.0 0.15 1.0 0.5 0.9 0.8 0.2 0.2 0.75 0.45 0.7 0.8 0.45 0.8 0.45 0.3 0.75 0.9 0.2 0.75 0.4 0.55 0.4 
-0.01307522874991313 0.31377770608238575 0.4638513833643581 1.0 0.55 0.45 1.0 0.8 0.7 0.9 0.2 0.65 0.6 0.3 0.3 0.0 0.0 0.15 1.0 0.5 0.9 0.8 0.2 0.2 0.7 0.45 0.7 0.95 0.45 0.25 0.45 0.3 0.75 0.9 0.2 0.75 0.25 0.55 0.6 
-0.10878642680856741 0.3371519177691064 0.592120135925722 1.0 0.55 0.45 0.8 0.8 0.7 0.9 0.15 0.65 0.6 0.3 0.25 0.0 0.0 0.15 1.0 0.5 0.9 0.8 0.2 0.2 0.7 0.45 0.7 0.95 0.45 0.2 0.45 0.3 0.75 0.9 0.2 0.75 0.5 0.55 0.4 
-5.289320007752738 0.5573702849477337 0.6956093057528728 0.8 0.05 0.55 0.3 0.75 0.8 0.9 0.5 0.25 0.35 0.05 0.35 0.8 0.25 0.75 0.85 0.05 0.05 0.15 0.2 0.7 0.1 0.85 0.7 1.0 0.2 0.85 0.85 0.05 0.35 1.0 0.35 0.15 0.75 0.0 0.7 
-7.7965797282589495 0.5032184998795173 0.2747036788047508 1.0 0.35 0.75 0.6 0.65 0.3 0.95 0.55 0.1 0.35 0.0 0.3 0.4 0.7 0.45 0.4 0.95 0.05 0.95 0.1 0.4 0.35 0.85 0.4 0.9 0.25 0.65 0.4 0.55 0.4 0.7 0.15 0.9 0.35 0.15 0.9 
-0.1356011786445974 0.33718500843767585 0.5930563462713963 1.0 0.55 0.45 0.85 0.8 0.7 0.9 0.15 0.65 0.6 0.3 0.25 0.0 0.0 0.15 1.0 0.5 0.9 0.8 0.2 0.2 0.6 0.45 0.7 0.8 0.45 0.25 0.45 0.3 0.75 0.9 0.2 0.75 0.4 0.55 0.4 
-17.789630877218016 0.38520995367414296 0.6354098183095039 1.0 0.55 0.45 0.8 0.8 0.7 0.9 0.15 0.3 0.6 0.3 0.25 0.0 0.0 0.15 1.0 0.5 0.9 0.8 0.2 0.2 0.7 0.7 0.7 0.95 0.45 0.2 0.45 0.3 0.75 0.9 0.2 0.75 0.5 0.55 0.4 
-0.22292932626972958 0.3289433555021628 0.5752668404035395 1.0 0.55 0.45 1.0 0.8 0.7 0.9 0.15 0.65 0.45 0.3 0.25 0.0 0.0 0.15 0.85 0.5 0.9 0.8 0.2 0.2 0.7 0.8 0.7 0.95 0.45 0.2 0.45 0.3 0.75 0.9 0.2 0.75 0.3 0.55 0.4 
-156.14873057643075 0.4577292381588497 0.3101293584080571 1.0 0.35 0.75 0.6 0.65 0.3 0.95 0.55 0.1 0.35 0.0 0.3 0.65 0.7 0.45 0.4 0.95 0.05 0.95 0.05 0.8 0.35 0.35 0.4 0.9 0.25 0.65 0.4 0.55 0.4 0.45 0.15 0.9 0.55 0.15 0.9 
-3.951903377676723 0.6301915640919821 0.2606947755911221 1.0 0.35 0.75 0.5 0.65 0.3 0.9 0.55 0.1 0.3 0.3 0.45 0.4 0.7 0.9 0.4 0.45 0.05 0.9 0.6 0.4 0.35 0.0 0.8 0.9 0.25 0.6 0.45 0.55 0.4 0.9 0.15 0.9 0.45 0.15 0.9 
-1.1239950125827767 0.7964710086166017 0.5706374941378226 1.0 0.3 0.75 0.85 0.65 0.3 1.0 0.55 0.1 0.6 0.4 0.75 0.7 0.1 0.65 0.4 0.6 0.3 0.75 1.0 0.3 1.0 0.4 0.0 1.0 0.7 0.55 0.5 0.9 0.55 1.0 0.2 0.75 0.3 0.95 1.0 
-1.4649677400364733 0.3035827101856462 0.41866654255373537 1.0 0.55 0.45 1.0 0.8 0.7 0.9 0.2 0.65 0.5 0.3 0.45 0.0 0.0 0.15 1.0 0.5 0.9 0.8 0.2 0.2 0.7 0.45 0.7 0.95 0.45 0.2 0.45 0.3 0.65 0.9 0.2 0.75 0.5 0.55 0.65 
-7.215637635647438 0.3114730654029578 0.37380924707611385 1.0 0.55 0.45 1.0 0.8 0.7 0.9 0.25 0.65 0.5 0.3 0.45 0.0 0.0 0.15 1.0 0.5 0.9 0.8 0.2 0.2 0.7 0.45 0.7 0.95 0.45 0.2 0.45 0.3 0.5 0.9 0.2 0.75 0.5 0.55 0.65 
-11.587910980300341 0.7867574770646343 0.40447575388453255 1.0 0.3 0.65 0.85 0.65 0.3 1.0 0.55 0.1 0.4 0.45 0.8 0.05 0.1 0.65 0.4 0.6 0.3 0.75 1.0 0.3 0.25 0.4 0.0 1.0 0.7 0.45 0.7 0.8 0.5 1.0 0.2 0.75 0.95 0.95 1.0 
-167.87177361989893 0.4054466029734784 0.6775160987462094 0.8 0.05 0.55 0.3 0.75 0.8 0.9 0.75 0.05 0.35 0.05 0.35 0.8 0.25 0.45 0.85 0.05 0.05 0.15 0.2 0.7 0.1 0.85 0.05 1.0 0.2 0.85 1.0 0.05 0.35 1.0 0.35 0.15 0.75 0.0 0.7 
-1.1078618617683318 0.7404559855344789 0.32297727398213827 1.0 0.3 0.75 0.95 0.65 0.35 0.95 0.55 0.1 0.45 0.0 0.4 0.15 0.7 0.4 0.4 0.05 0.3 0.95 0.8 0.3 0.4 0.15 0.7 0.9 0.8 0.65 0.7 0.8 0.6 1.0 0.2 0.75 1.0 0.7 1.0 
-3.9921760284787475 0.7794242671968615 0.63270660860054 1.0 0.3 0.7 0.85 0.65 0.3 1.0 0.55 0.1 0.4 0.4 0.6 0.7 0.1 0.65 0.4 0.6 0.3 0.75 1.0 0.3 0.25 0.4 0.0 1.0 0.7 0.55 0.5 0.9 0.35 1.0 0.2 0.75 0.3 0.95 1.0 
-0.5859673096649958 0.7649423881862208 0.6563012914551716 1.0 0.3 0.7 0.85 0.65 0.3 1.0 0.55 0.1 0.75 0.4 0.6 0.7 0.85 0.65 0.4 0.6 0.3 0.1 1.0 0.3 0.45 0.4 0.35 1.0 0.7 0.55 0.5 0.9 0.35 1.0 0.2 0.75 0.45 0.95 1.0 
-4.5875817437498325 0.6192916721494978 0.25647862169068636 1.0 0.35 0.75 0.5 0.65 0.3 0.9 0.55 0.1 0.3 0.3 0.55 0.4 0.7 0.9 0.4 0.45 0.05 0.9 0.7 0.4 0.35 0.0 0.15 0.9 0.25 0.6 0.45 0.55 0.4 0.9 0.15 0.9 0.45 0.15 0.9 
-2.155741010956891 0.7697600906851292 0.3689864510917815 1.0 0.3 0.8 0.85 0.65 0.3 1.0 0.55 0.1 0.4 0.45 0.85 0.05 0.1 0.65 0.4 0.6 0.3 0.75 1.0 0.3 0.25 0.4 0.0 1.0 0.7 0.45 0.7 0.8 0.5 1.0 0.2 0.75 0.95 0.95 1.0 
-6.579115830876574 0.786779604283862 0.6027659573688409 1.0 0.3 0.7 0.85 0.65 0.3 1.0 0.55 0.1 0.4 0.2 0.6 0.7 0.1 0.65 0.4 0.6 0.3 0.75 1.0 0.3 0.25 0.4 0.0 1.0 0.7 0.55 0.5 0.9 0.35 1.0 0.2 0.75 0.45 0.95 1.0 
-2.9104138163474675 0.7726344470664002 0.3845892018336834 1.0 0.3 0.8 0.85 0.65 0.3 1.0 0.55 0.1 0.4 0.45 0.85 0.05 0.1 0.65 0.4 0.6 0.3 0.75 1.0 0.3 0.25 0.4 0.0 1.0 0.7 0.45 0.7 0.8 0.5 1.0 0.2 0.75 0.95 0.95 0.95 
-4.841102277545446 0.6785217247816292 0.2799725835807495 1.0 0.35 0.75 0.5 0.65 0.3 0.95 0.55 0.1 0.2 0.3 0.45 0.4 0.7 0.9 0.4 0.45 0.05 0.4 0.3 0.4 0.75 0.0 0.8 0.9 0.25 0.6 0.65 0.55 0.4 1.0 0.15 0.9 0.45 0.15 0.9 
-1.0824252890575834 0.7190046638250227 0.31404399758873625 1.0 0.3 0.75 0.95 0.65 0.35 0.95 0.55 0.1 0.45 0.0 0.4 0.95 0.7 0.4 0.4 0.05 0.3 0.95 0.8 0.3 0.4 0.15 0.8 0.8 0.8 0.65 0.7 0.8 0.6 1.0 0.2 0.75 1.0 0.7 1.0 
-1.7084647286338075 0.6821986132338249 0.29863857170559616 1.0 0.35 0.75 0.65 0.65 0.3 0.95 0.55 0.1 0.3 0.3 0.45 0.4 0.7 0.9 0.4 0.45 0.05 0.4 0.1 0.4 0.35 0.0 0.8 0.9 0.25 0.6 0.65 0.55 0.4 1.0 0.15 0.9 0.45 0.15 0.9 
-12.894272219318843 0.6680633916870853 0.2527614350852334 1.0 0.35 0.75 0.7 0.65 0.3 0.95 0.55 0.1 0.3 0.3 0.45 0.4 0.7 0.9 0.4 0.45 0.05 0.4 0.1 0.4 0.35 0.0 0.8 0.9 0.25 0.6 0.45 0.55 0.4 1.0 0.15 0.9 0.45 0.15 0.9 
-0.8312378582613745 0.691085514058151 0.2803340217504138 1.0 0.35 0.75 0.65 0.65 0.3 0.95 0.55 0.1 0.2 0.3 0.45 0.4 0.7 0.9 0.4 0.45 0.05 0.4 0.3 0.4 0.75 0.0 0.8 0.9 0.25 0.6 0.65 0.55 0.4 1.0 0.15 0.9 0.45 0.15 0.9 
-0.7153643586042359 0.7805168104899305 0.6459090672757263 1.0 0.3 0.75 0.85 0.65 0.3 1.0 0.55 0.1 0.6 0.4 0.6 0.7 0.1 0.75 0.4 0.6 0.3 0.75 1.0 0.3 0.95 0.4 0.0 1.0 0.7 0.55 0.5 0.9 0.35 1.0 0.2 0.75 0.3 0.95 1.0 
-12.095051069779135 0.6693910330698635 0.712411569013556 1.0 0.3 0.75 0.85 0.65 0.3 0.55 0.55 0.1 0.6 0.4 0.1 0.7 0.1 0.75 0.4 0.6 0.3 0.75 1.0 0.45 0.95 0.4 0.0 1.0 0.7 0.55 0.5 0.9 0.35 1.0 0.2 0.75 0.3 0.95 1.0 
-160.9072723763206 0.4669830632649843 0.27194908868020784 1.0 0.35 0.75 0.6 0.65 0.3 0.95 0.55 0.1 0.35 0.0 0.3 0.65 0.7 0.45 0.4 0.95 0.05 0.95 0.05 0.1 0.35 0.35 0.4 0.7 0.25 0.65 0.55 0.55 0.4 0.7 0.15 0.9 0.55 0.15 0.9 
-7.970001344346044 0.7434045933104098 0.6831159952514917 1.0 0.3 0.75 0.85 0.65 0.3 0.95 0.55 0.1 0.6 0.4 0.1 0.7 0.1 0.75 0.4 0.6 0.3 0.75 1.0 0.45 0.95 0.4 0.0 1.0 0.7 0.55 0.5 0.9 0.35 1.0 0.2 0.75 0.3 0.95 1.0 
-11.591982298192086 0.6851513587334243 0.6966209546773284 1.0 0.3 0.75 0.85 0.65 0.3 0.55 0.55 0.1 0.6 0.4 0.1 0.7 0.1 0.75 0.4 0.6 0.3 0.75 1.0 0.45 0.95 0.4 0.0 1.0 0.7 0.55 0.5 0.9 0.35 1.0 0.2 0.75 0.45 0.95 1.0 
-162.6523328045814 0.45829390949377774 0.27925386175026967 1.0 0.35 0.75 0.6 0.65 0.3 0.95 0.55 0.1 0.35 0.0 0.3 0.65 0.7 0.45 0.4 0.95 0.05 0.95 0.05 0.8 0.35 0.35 0.4 0.85 0.25 0.65 0.4 0.55 0.4 0.45 0.15 0.9 0.55 0.15 0.9 
-5.016415566769854 0.657310461341519 0.7113303010572182 1.0 0.3 0.75 0.85 0.65 0.3 1.0 0.55 0.0 0.6 0.4 0.6 0.7 0.1 0.75 0.4 0.6 0.3 0.75 1.0 0.3 0.95 0.4 0.0 1.0 0.7 0.55 0.5 0.9 0.35 1.0 0.2 0.75 0.3 0.95 1.0 
