-0.004392405869459447 0.5354244089045588 0.4497568204444523 0.2 0.15 0.95 0.3 0.85 0.55 1.0 0.7 0.45 0.85 0.6 0.7 0.85 0.65 0.05 0.0 0.0 0.8 0.8 0.1 0.05 0.7 0.85 0.25 0.8 0.65 0.85 0.85 0.8 0.5 0.05 0.0 0.15 0.3 0.45 0.25 
-0.0014095394365169242 0.5297685323283273 0.4863104918283362 0.2 0.4 0.95 0.3 0.85 0.55 0.45 0.7 0.3 0.85 0.6 0.7 0.85 0.65 0.25 0.0 0.0 0.8 0.8 0.1 0.05 0.7 0.85 0.25 0.8 0.65 0.85 0.85 0.8 0.5 0.05 0.0 0.15 0.3 0.45 0.25 
-0.025704954748745765 0.48717827663611973 0.4969883991877677 0.5 0.0 0.9 0.55 0.9 0.65 1.0 0.9 0.15 0.05 0.85 0.5 0.0 0.15 0.45 0.25 0.25 0.85 1.0 0.65 1.0 0.05 0.95 0.6 0.4 0.55 0.85 0.15 0.25 0.1 0.9 0.85 0.95 1.0 0.05 1.0 
-0.0009424984352950135 0.5115302542033372 0.5001714041854974 0.55 0.95 0.75 0.15 0.6 0.35 0.45 0.5 0.8 0.55 0.7 0.4 0.55 0.25 0.9 0.95 0.25 0.5 0.65 0.15 1.0 0.45 0.7 0.0 0.7 1.0 0.45 0.6 0.7 0.85 0.05 0.6 0.2 0.75 0.3 0.15 
-0.0013057311687626949 0.5347325494958894 0.47075368137506113 1.0 0.15 0.15 0.05 0.95 0.8 1.0 0.5 0.85 0.6 0.65 0.75 0.05 0.3 0.4 0.25 0.25 0.5 0.1 0.2 0.75 0.15 0.15 0.35 0.95 1.0 0.4 0.15 0.75 0.35 1.0 0.05 0.35 0.25 0.6 0.65 
-0.014763648068762654 0.5326424121675589 0.518480424047984 0.15 0.65 0.1 0.3 1.0 0.7 0.2 0.5 0.2 0.55 0.8 0.7 0.55 0.9 0.8 0.9 0.65 0.75 0.5 0.9 0.0 0.4 0.85 0.45 0.85 0.15 0.15 0.75 0.95 0.85 0.0 0.75 0.25 0.2 0.05 0.7 
-0.0014362061412672399 0.5507726582762279 0.5088065841479943 0.95 0.25 0.25 0.65 0.85 0.1 0.65 0.8 0.5 0.3 0.85 0.65 0.1 0.65 0.3 0.0 1.0 0.8 0.8 1.0 0.7 0.7 1.0 0.9 0.15 0.45 0.85 0.2 0.2 0.5 0.55 0.0 0.25 0.3 0.5 0.35 
-0.040481798021449814 0.49600497913295516 0.5265217085886007 0.9 0.05 0.7 0.75 0.5 0.7 0.2 0.4 0.75 0.0 0.75 0.55 0.0 0.65 0.05 0.4 0.25 0.7 0.7 1.0 0.45 0.25 0.55 0.1 0.85 0.4 0.3 0.75 1.0 0.25 0.4 0.9 0.1 0.35 0.8 0.9 
-0.006346603685153277 0.5006787386592456 0.5095984721270342 0.4 0.1 0.25 0.15 0.0 1.0 1.0 0.0 0.15 0.55 0.35 0.45 0.25 0.2 0.2 0.25 0.9 0.5 0.95 1.0 0.45 0.15 1.0 0.35 0.95 0.85 0.4 0.05 0.8 0.8 1.0 0.65 0.6 0.75 0.6 0.25 
-0.026447640637358032 0.4319513655912278 0.50132346347389 0.9 0.05 0.75 0.65 0.5 0.7 0.2 0.4 0.75 0.85 0.75 0.55 0.0 0.65 0.05 0.5 0.25 0.7 0.7 1.0 0.45 0.25 0.55 0.1 0.1 0.4 0.65 0.75 1.0 0.25 0.4 0.9 0.1 0.35 0.8 0.9 
-0.0020109039274902943 0.46619716608307504 0.5018840644036137 0.9 0.05 0.75 0.65 0.5 0.7 0.2 0.4 0.75 0.85 0.75 0.7 0.0 0.65 0.05 0.5 0.25 0.7 0.7 1.0 0.75 0.25 0.55 0.2 0.1 0.4 0.65 0.75 1.0 0.25 0.4 0.9 0.1 0.35 0.8 0.9 
-0.010910622976960655 0.4645420359754366 0.5503032971045424 0.55 0.8 1.0 0.15 0.8 0.95 0.1 0.5 0.8 0.15 0.75 0.95 0.55 0.95 0.65 0.2 0.5 0.5 0.8 0.2 0.5 0.25 0.85 0.1 1.0 0.1 0.1 0.55 1.0 0.15 1.0 1.0 0.7 0.4 0.9 0.2 
-0.04534358659331111 0.5905324295508367 0.5443116440030186 0.75 0.15 0.65 0.55 0.95 0.8 0.05 0.5 0.4 1.0 0.35 0.75 0.2 0.7 0.1 0.35 0.2 0.5 0.1 0.2 0.5 0.7 0.95 0.7 0.95 0.9 0.65 0.05 0.4 0.1 0.7 0.05 0.35 0.55 0.65 0.65 
-0.0012640951386276179 0.5281494513468533 0.4450857309390342 0.2 0.4 0.95 0.3 0.85 0.55 1.0 0.7 0.3 0.85 0.6 0.7 0.85 0.65 0.25 0.7 0.0 0.8 0.8 0.1 0.05 0.7 0.85 0.25 0.8 0.4 0.75 0.85 0.8 0.5 0.05 0.35 0.15 0.3 0.45 0.25 
-0.0022647512333078433 0.6127894498492427 0.5760997593527311 0.95 0.1 0.65 0.15 0.75 0.1 1.0 0.55 0.4 0.05 0.15 0.45 0.25 0.25 0.3 0.25 0.45 0.5 0.2 0.45 0.25 0.2 0.4 0.3 0.95 0.8 0.5 0.05 0.7 0.8 1.0 0.05 0.35 0.45 0.6 0.6 
-0.007468525948456523 0.5217227719159347 0.5134868558696273 0.15 0.65 0.5 0.3 1.0 0.7 0.2 0.5 0.2 0.55 0.8 0.7 0.55 0.9 0.8 0.9 0.65 0.75 0.45 0.9 0.0 0.4 0.85 0.45 0.85 0.15 0.15 0.75 0.95 0.85 0.0 0.75 0.25 0.2 0.05 0.7 
-0.021169833449328608 0.48001181385731506 0.4804271473237529 1.0 0.45 0.2 0.05 0.0 0.65 1.0 0.9 0.2 0.7 0.45 0.65 0.25 0.5 0.65 0.35 0.9 0.0 0.2 0.0 0.75 0.65 0.85 0.2 0.35 0.2 0.1 0.85 0.25 1.0 0.35 0.85 0.3 0.55 0.15 0.55 
-0.01949534135962704 0.5086943958894995 0.4740345592485892 0.2 0.4 0.95 0.3 0.85 0.55 1.0 0.7 0.3 0.85 0.6 0.7 0.85 0.65 0.25 0.0 0.0 0.8 0.8 0.1 0.05 0.25 0.85 0.25 0.8 0.65 0.75 0.85 0.4 0.5 0.05 0.35 0.0 0.3 0.45 0.05 
-0.05581197306499385 0.5062271985508642 0.5370091241214747 0.9 0.1 0.65 0.15 0.1 0.25 0.95 0.0 0.65 0.55 0.6 0.95 0.25 0.8 0.25 0.25 0.9 0.85 0.35 0.0 0.35 0.75 1.0 0.05 0.95 0.15 0.7 0.05 0.8 0.25 1.0 0.6 0.6 0.9 0.6 0.25 
-0.0023822542994088886 0.6339805115719778 0.5150650554034932 1.0 0.15 0.25 0.55 0.25 0.8 0.9 0.5 0.2 0.8 0.35 0.75 0.8 0.15 0.4 0.25 0.25 0.5 0.1 0.2 0.75 0.2 0.3 0.35 0.65 0.8 0.4 0.15 0.55 0.35 1.0 0.1 0.25 0.7 0.6 0.65 
-0.056203493096970154 0.5087311996368897 0.4069235413917423 0.95 0.25 0.3 0.65 0.6 0.55 1.0 0.7 0.4 0.6 0.6 0.7 0.1 0.65 0.45 0.0 0.45 0.8 0.8 0.5 0.7 0.7 0.65 0.9 0.8 0.75 1.0 0.85 0.2 0.55 0.05 0.35 0.95 0.3 0.45 0.3 
-0.07673573220074636 0.5020475271792643 0.5550797357172226 0.75 0.6 0.25 0.15 0.4 0.1 0.9 0.35 0.15 0.1 0.35 0.6 0.6 0.2 0.85 0.25 0.2 0.15 0.95 1.0 0.85 0.95 1.0 0.35 0.95 0.2 0.8 0.05 0.75 0.8 0.85 0.9 0.6 0.9 0.55 0.2 
-0.0035121166911545178 0.5923236906892416 0.45997250726002636 0.2 0.4 0.95 0.3 0.85 0.55 1.0 0.7 0.3 0.85 0.6 0.7 0.85 0.65 0.25 0.0 0.0 0.8 0.8 0.1 0.05 0.7 0.85 0.25 0.8 0.65 0.75 0.85 0.8 0.5 0.05 0.35 0.15 0.3 0.45 0.25 
-0.0001920174702604928 0.5669819501309686 0.48406949129989385 0.9 0.1 0.4 0.15 0.95 0.1 0.95 0.95 0.65 0.65 0.6 0.45 0.25 0.8 0.6 0.25 0.9 0.9 0.95 0.05 0.35 0.75 1.0 0.05 1.0 0.15 0.7 0.05 0.5 0.65 1.0 0.35 0.6 0.9 0.6 0.25 
-0.008968605752142084 0.5470306496519346 0.5393495653147723 1.0 0.1 0.4 0.15 0.95 0.4 0.95 0.95 0.65 0.65 1.0 0.45 0.7 0.8 0.4 0.25 0.9 0.85 0.95 0.35 0.35 0.75 1.0 0.65 0.95 0.15 0.7 0.05 0.8 0.2 1.0 0.8 0.4 0.9 0.6 0.25 
-0.002497135691029865 0.4572949727130822 0.5310694830520466 0.55 0.8 1.0 0.15 0.85 0.45 0.5 0.5 0.8 0.15 0.75 0.95 0.8 0.95 0.7 0.2 0.5 0.5 0.8 0.55 0.2 0.25 0.85 0.1 1.0 0.1 0.1 0.55 1.0 0.15 0.25 1.0 0.7 0.35 0.15 0.2 
-0.007452669877188636 0.5450945652580782 0.4243692431711985 0.95 0.25 0.25 0.65 0.85 0.55 1.0 0.8 0.6 0.75 0.55 0.65 0.1 0.65 0.6 0.85 1.0 0.95 0.8 0.5 0.15 0.7 0.5 0.9 0.45 0.45 1.0 0.65 0.0 0.9 0.55 0.0 0.0 0.3 0.45 0.7 
-0.004538473998061297 0.5732955043406003 0.5274072503510066 0.9 0.1 0.4 0.15 0.1 0.25 0.95 0.0 0.65 0.55 0.6 0.45 0.25 0.8 0.25 0.25 0.9 0.85 0.35 0.0 0.35 0.75 0.0 0.05 0.95 0.15 0.7 0.05 0.8 0.25 0.05 0.6 0.6 0.9 0.6 0.25 
-0.0026217828987166376 0.5835978798570971 0.4893954951109487 0.95 0.1 0.25 0.4 0.65 0.1 1.0 0.4 0.4 0.55 0.15 0.45 1.0 0.25 0.3 0.25 0.45 0.5 0.15 0.3 0.55 0.2 0.6 0.3 0.95 0.8 0.5 0.05 0.35 0.95 0.9 1.0 0.35 0.25 0.6 0.25 
-0.12255964199938056 0.49910176746501866 0.41814343157572376 1.0 0.45 0.2 0.15 0.9 0.25 0.7 0.05 0.35 0.7 0.45 0.65 0.25 0.2 0.65 0.1 0.2 1.0 0.3 0.15 0.9 0.8 0.45 0.85 0.75 0.05 0.55 0.85 0.4 0.6 0.95 0.7 0.25 0.9 0.35 0.55 
-0.005223764223047028 0.45025093616396034 0.5180769745310836 0.9 0.05 0.45 0.65 0.5 0.7 0.2 0.4 0.75 0.85 0.75 0.55 0.0 0.65 0.05 0.5 0.25 0.7 0.7 1.0 0.45 0.25 0.55 0.1 0.1 0.8 0.65 0.65 1.0 0.25 0.4 0.9 0.1 0.55 0.8 0.9 
-0.0032223026965391486 0.576138862850123 0.5194186981527061 0.35 0.4 0.25 0.45 0.95 0.8 0.55 0.5 0.4 0.2 0.35 0.75 1.0 0.4 0.5 0.15 0.25 0.5 0.1 0.2 0.75 0.2 0.65 0.35 0.95 0.75 0.65 0.4 0.65 0.1 1.0 0.05 0.35 0.8 0.6 0.4 
-0.007516542163394637 0.5047543839276863 0.44183312348923814 0.75 0.3 0.55 0.45 0.1 0.25 0.8 1.0 0.75 0.55 0.85 0.1 1.0 0.5 1.0 0.0 0.85 0.7 0.35 0.05 0.15 0.25 0.7 0.1 0.6 0.2 0.35 0.6 0.85 0.6 0.05 0.55 0.4 0.55 0.4 0.4 
-0.013600256382772284 0.46285412887613553 0.44164296383551144 0.55 0.45 0.2 0.15 0.45 0.25 1.0 0.95 0.3 0.7 0.55 0.65 0.25 0.6 0.65 0.5 0.45 0.25 0.3 0.15 0.95 0.4 0.75 0.55 0.05 0.05 0.7 0.35 0.4 1.0 0.2 0.25 0.4 0.35 0.35 0.4 
-0.01340101832455001 0.4717672139851726 0.45640545191452236 0.25 0.2 0.4 0.05 0.95 1.0 0.95 0.7 0.6 0.95 0.95 0.45 0.8 0.4 0.65 0.9 0.95 0.3 0.9 0.3 0.15 0.8 0.25 0.7 0.3 0.15 0.75 0.0 0.25 0.7 0.55 0.95 0.8 0.85 0.25 0.75 
-0.005006821156587709 0.5353693222566296 0.5618226825310361 0.4 0.1 0.25 0.15 0.0 0.7 1.0 0.0 0.15 0.55 0.35 0.45 0.6 0.2 0.2 0.25 0.9 0.5 0.95 1.0 0.45 0.15 1.0 0.35 0.8 0.85 0.4 0.05 0.2 0.8 1.0 0.65 0.6 0.75 0.6 0.25 
-0.007104228814084774 0.5347946695977941 0.5417310417407136 0.3 0.4 0.3 0.55 0.45 0.3 0.9 1.0 0.2 0.15 0.75 0.95 0.55 0.6 0.65 0.55 0.0 0.95 0.95 0.9 0.9 1.0 0.15 0.65 0.85 0.55 0.6 0.3 0.85 0.75 1.0 0.2 0.85 0.55 0.6 0.8 
-0.004073009751482722 0.4636212585880508 0.4344489939797562 1.0 0.45 0.2 0.15 0.0 0.25 0.7 0.05 0.35 0.7 0.45 0.65 0.95 0.2 0.65 0.1 0.2 1.0 0.3 0.15 0.9 0.8 0.45 0.85 0.75 0.05 0.7 0.85 0.4 0.6 0.15 0.7 0.25 0.25 0.35 0.6 
-0.002005618787922571 0.42336242203992663 0.4469566224989916 0.5 0.45 0.15 0.15 0.65 0.25 1.0 0.05 0.35 0.35 0.4 0.65 0.55 0.5 0.65 0.1 0.2 1.0 0.3 0.3 0.9 0.8 0.6 0.15 1.0 0.05 0.7 0.25 0.35 0.3 0.7 0.85 0.9 0.9 0.35 0.6 
-0.006359975196468436 0.5369591832225673 0.41736217500715567 0.85 0.15 0.65 0.55 0.95 0.9 1.0 0.5 0.4 0.95 0.35 0.75 0.2 0.85 0.1 0.35 0.25 0.5 0.1 0.15 1.0 0.7 0.9 0.7 0.8 0.15 0.65 0.15 0.25 0.05 0.95 0.15 0.25 0.65 0.65 0.65 
-0.002417386015841475 0.5992414906589753 0.50409686671558 0.95 0.1 0.35 0.15 0.75 0.1 1.0 0.55 0.4 0.05 0.15 0.45 0.25 0.25 0.3 0.25 0.45 0.5 0.2 0.45 0.25 0.2 0.4 0.6 0.95 0.8 0.8 0.05 0.7 0.8 1.0 0.05 0.35 0.45 0.6 0.6 
-0.0016941616573030937 0.5951646649480081 0.5282417089216633 0.75 0.1 0.7 0.15 0.25 1.0 1.0 0.5 0.4 0.65 0.35 0.45 1.0 0.7 0.4 0.25 0.25 0.5 0.95 0.2 0.25 0.2 0.6 0.35 0.1 0.8 0.65 0.05 0.75 0.35 1.0 0.65 0.35 0.25 0.6 0.6 
-0.0011145101792061178 0.44641370208314024 0.47080764319820606 1.0 0.45 0.2 0.15 0.65 0.25 1.0 0.05 0.35 0.35 0.4 0.65 0.8 0.5 0.65 0.1 0.2 1.0 0.3 0.3 0.9 0.8 0.6 0.15 1.0 0.05 0.7 0.65 0.4 0.3 0.7 0.85 0.85 0.9 1.0 0.6 
-0.015328536059792808 0.5677532057836929 0.4565754579822413 0.2 0.4 0.95 0.3 0.85 0.8 1.0 0.7 0.3 0.2 0.6 0.7 0.85 0.65 0.25 0.0 0.0 0.8 0.8 0.1 0.65 0.7 0.85 0.25 0.8 0.65 0.75 0.85 0.85 0.5 0.05 0.35 0.15 0.3 0.45 0.25 
-1.99863286421117e-05 0.420883502105018 0.47072872718298614 0.1 0.05 0.0 0.45 0.2 0.2 0.95 0.95 0.35 0.7 0.1 0.2 0.6 0.2 0.15 0.6 0.9 0.85 0.65 0.7 0.4 0.45 0.35 0.05 1.0 0.1 0.3 0.55 0.9 0.6 0.3 0.15 0.25 0.75 0.5 0.45 
-0.0026767469095815744 0.4231079988305272 0.504618668257735 0.9 0.05 0.75 0.75 1.0 0.7 0.05 0.25 0.4 0.85 0.75 0.65 0.1 0.65 0.05 0.5 0.25 0.7 0.7 1.0 0.45 0.25 0.55 0.1 0.85 0.4 0.55 0.75 0.9 0.25 0.4 0.9 0.75 0.4 0.8 0.9 
-0.014087647425326246 0.5740446461082995 0.5541655437258133 0.9 0.1 0.4 0.15 0.95 0.1 0.95 0.95 0.65 0.65 1.0 0.45 0.7 0.8 0.25 0.25 0.9 0.85 0.95 0.35 0.35 0.75 1.0 0.05 0.95 0.15 0.7 0.05 0.8 0.2 0.55 0.8 0.6 0.9 0.6 0.25 
-0.014516372369858765 0.6166785069187509 0.47005606057937677 0.5 0.1 0.15 0.15 0.0 0.05 1.0 0.5 0.15 0.55 0.35 0.45 0.25 0.2 0.5 0.25 0.25 0.45 0.65 0.2 0.25 0.45 0.6 0.6 0.95 0.8 0.65 0.55 1.0 0.8 0.55 0.05 0.35 0.25 0.6 0.6 
-0.005425895760382147 0.4373014979653994 0.4718413357752919 1.0 0.45 0.2 0.15 0.65 0.25 1.0 0.05 0.35 0.35 0.4 0.65 0.8 0.5 0.65 0.1 0.2 1.0 0.3 0.3 0.9 0.8 0.6 0.15 1.0 0.05 0.7 0.65 0.4 0.3 0.7 0.85 0.9 0.9 1.0 0.6 
-0.036679168915041464 0.5703238138563377 0.5784143947027425 0.95 0.3 0.1 0.4 0.9 0.35 1.0 0.7 0.8 0.65 0.35 0.5 0.25 0.15 1.0 0.25 0.25 0.8 0.1 0.2 0.25 0.8 0.6 0.35 0.95 0.8 0.65 0.15 0.75 0.35 1.0 0.05 0.35 0.25 0.5 0.65 
-0.0008293684816581131 0.4383581744538336 0.552994040914556 0.45 0.45 0.0 0.25 0.95 0.7 0.75 0.4 0.05 0.35 0.0 0.6 0.25 0.5 0.85 0.6 0.8 0.25 1.0 0.55 1.0 1.0 0.0 0.5 0.9 0.75 0.3 0.55 0.55 0.75 0.7 0.2 0.45 0.1 0.45 0.85 
-0.0014622812315620306 0.5261435342087066 0.39817243386637263 0.75 0.15 0.65 0.2 0.95 0.8 1.0 0.5 0.4 0.95 0.35 0.3 0.2 0.7 0.35 0.35 0.25 0.5 0.1 0.2 0.75 0.7 0.7 0.7 0.95 0.85 0.65 0.1 0.35 0.05 0.95 0.15 0.25 0.65 0.65 0.85 
-0.019464055451382512 0.6194020429093339 0.5189640751126394 0.35 0.15 0.25 0.45 0.95 0.8 0.55 0.5 0.4 0.2 0.35 0.75 1.0 0.4 0.5 0.25 0.25 0.5 0.1 0.2 0.75 0.2 0.65 0.35 0.95 0.75 0.65 0.4 0.65 0.1 1.0 0.05 0.35 0.8 0.6 0.4 
-0.011803136075359669 0.4617670965465464 0.5499873255193938 0.55 0.8 1.0 0.15 0.8 0.95 0.1 0.5 0.8 0.15 0.75 0.95 0.55 0.95 0.6 0.2 0.5 0.5 0.8 0.2 0.5 0.25 0.85 0.1 1.0 0.1 0.1 0.55 1.0 0.15 1.0 1.0 0.7 0.35 0.9 0.2 
-0.0009027581459251114 0.5577868935813386 0.4099333014737334 0.95 0.25 0.3 0.65 0.85 0.55 1.0 0.8 0.5 0.3 0.6 0.8 0.1 0.65 0.6 0.0 1.0 0.8 0.8 0.5 0.7 0.85 0.5 0.9 0.6 0.45 1.0 0.65 0.2 0.45 0.55 0.0 0.95 0.55 0.45 0.35 
-0.0010644438128770565 0.5609669922365107 0.4257928847400893 0.95 0.25 0.25 0.65 0.85 0.55 1.0 0.55 0.35 0.75 0.55 0.65 0.1 0.65 0.6 0.2 1.0 0.2 0.8 0.9 0.9 0.7 0.5 0.05 0.4 0.95 0.1 0.35 0.2 0.4 0.55 0.0 0.85 0.15 0.45 0.5 
-0.008905361320924189 0.5811382049183955 0.4612147989246285 0.95 0.25 0.25 0.65 0.85 0.55 0.65 0.8 0.6 0.3 0.85 0.65 0.1 0.65 0.3 0.0 1.0 0.8 0.8 1.0 0.7 0.7 1.0 0.9 0.15 0.45 0.85 0.3 0.2 0.5 0.55 0.0 0.25 0.3 0.5 0.35 
-0.005971612156144299 0.3719603641660756 0.5112239456468716 0.9 0.05 0.75 0.75 0.5 0.7 0.55 0.55 0.75 0.8 0.75 0.6 0.5 0.25 0.9 1.0 0.25 0.7 0.7 1.0 0.9 0.25 0.55 0.1 0.9 0.4 0.75 0.75 0.9 0.35 0.55 0.1 0.95 0.25 0.2 0.9 
-0.0004735935593549814 0.4428633892764271 0.4348995412008352 1.0 0.45 0.2 0.05 0.0 0.65 0.45 0.9 0.2 0.7 0.45 0.65 0.25 0.5 0.65 0.35 0.9 0.0 0.75 0.0 0.75 0.65 0.85 0.2 0.2 0.35 0.1 0.85 0.25 1.0 0.05 0.85 0.3 0.55 0.35 0.55 
-0.018202593773252364 0.4899610495236479 0.4135885506240249 1.0 0.45 0.2 0.15 0.9 0.4 0.7 0.0 0.35 0.7 0.45 0.65 0.25 0.2 0.65 0.1 0.2 1.0 0.3 0.15 0.9 0.8 0.45 0.85 0.75 0.05 0.55 0.85 0.4 0.6 0.95 0.7 0.25 0.9 0.35 0.55 
-0.010763600899923873 0.4073683277918751 0.5299980322009782 0.9 0.05 0.75 0.8 0.5 0.7 0.2 0.4 0.25 0.4 0.75 0.55 0.0 0.95 0.05 0.5 0.25 0.7 0.7 1.0 0.45 0.25 0.45 0.1 0.45 0.4 0.6 0.75 0.9 0.25 0.4 0.9 0.3 0.35 0.8 0.95 
-0.015304858686219114 0.5930718019502371 0.4419487714848539 0.5 0.1 0.15 0.15 0.0 0.05 1.0 0.5 0.15 0.55 0.35 0.45 0.25 0.2 0.5 0.25 0.25 0.45 0.65 0.2 0.25 0.45 0.6 0.15 0.95 0.8 0.65 1.0 0.95 0.8 0.55 1.0 0.35 0.25 0.6 0.6 
-0.004804232330547806 0.6052316522742415 0.4451073078319231 0.9 0.15 0.65 0.55 0.95 0.8 1.0 0.85 0.45 0.95 0.35 0.45 0.2 0.7 0.2 0.9 0.25 0.5 0.2 0.2 0.75 0.7 0.95 0.75 0.8 0.85 0.65 0.05 0.35 0.25 1.0 0.05 0.35 0.2 0.6 0.05 
-0.048932868040967775 0.5201436877265739 0.5949855957077343 0.3 0.4 0.3 0.55 0.45 0.3 0.9 1.0 0.2 0.15 0.75 0.95 0.55 0.6 0.65 0.55 0.0 0.55 0.95 0.9 0.9 1.0 0.2 0.65 0.95 0.55 0.6 1.0 0.85 0.75 1.0 0.2 0.85 0.55 0.6 0.8 
-0.022118195729240835 0.5499433952191066 0.3918291334587946 0.95 0.25 0.25 0.65 0.85 0.55 0.65 0.8 0.6 0.3 0.6 0.65 0.1 0.65 0.3 0.0 1.0 0.8 0.8 0.5 0.7 0.7 1.0 0.9 0.15 0.45 0.85 0.65 0.2 0.5 0.55 0.0 0.35 0.3 0.5 0.35 
-0.024654523612448333 0.5768082752623797 0.5611490184267638 0.85 0.15 0.65 0.05 0.95 0.8 0.05 0.5 0.4 1.0 0.35 0.75 0.2 0.7 0.1 0.35 0.2 0.5 0.1 0.2 0.5 0.7 0.95 0.7 0.95 0.9 0.65 0.05 0.4 0.1 0.7 0.05 0.35 0.55 0.65 0.65 
-3.014921243540363e-05 0.618727679479106 0.5088334229886277 0.75 0.1 0.25 0.15 0.25 0.5 1.0 0.5 0.4 0.65 0.35 0.45 1.0 0.7 0.4 0.25 0.25 0.5 0.95 0.2 0.25 0.2 0.6 0.35 0.1 0.8 0.65 0.05 0.75 0.35 1.0 0.65 0.35 0.25 0.6 0.6 
-0.015240946228011447 0.41412156329998034 0.5374888104555909 0.9 0.05 0.25 0.75 0.5 0.7 0.55 0.55 0.75 0.8 0.75 0.6 0.35 0.25 0.9 1.0 0.25 0.7 0.7 1.0 0.9 0.25 0.55 0.1 0.9 0.4 0.75 0.75 0.9 0.35 0.55 0.1 0.95 0.25 0.2 0.9 
-0.18319848730472046 0.5020540941642424 0.5970979984259117 0.75 0.05 0.1 0.15 0.4 0.1 1.0 0.35 0.15 0.1 0.7 0.45 0.95 0.2 0.85 0.25 0.2 0.95 0.95 1.0 0.85 0.2 1.0 0.35 0.95 0.2 0.8 0.05 0.75 0.8 0.85 0.9 0.6 0.9 0.55 0.2 
-0.005261900492068729 0.6629127329430542 0.48904663174830515 0.9 0.15 0.65 0.0 0.95 0.8 1.0 0.5 0.55 0.95 0.35 0.75 0.85 0.7 0.1 0.05 0.25 0.5 0.1 0.05 0.75 0.7 0.35 0.5 0.95 0.85 0.65 0.1 0.15 0.05 1.0 0.15 0.25 0.65 0.65 0.65 
-0.0404264284815698 0.5519434325917851 0.5761994119767176 0.1 0.15 0.25 0.45 0.95 0.75 0.9 0.2 0.4 0.6 0.85 0.75 0.65 0.65 0.4 0.25 0.25 0.5 0.85 0.2 0.75 0.2 0.3 0.35 0.95 0.8 0.25 0.55 0.15 0.35 1.0 0.05 0.35 0.25 0.6 0.65 
-0.006202694687625783 0.6085133620236508 0.5662769440037165 0.95 0.1 0.25 0.15 0.4 0.1 1.0 0.5 0.75 0.0 0.15 0.45 0.25 0.25 0.3 0.25 0.45 0.5 0.2 0.45 0.25 0.2 0.6 0.3 0.95 0.8 0.5 0.05 0.7 0.95 1.0 0.05 0.35 0.25 0.6 0.6 
-0.005947425278139029 0.6381535117330214 0.553131326583501 0.65 0.15 0.25 0.15 0.75 0.1 0.85 0.5 0.65 0.6 0.15 0.45 0.25 0.25 0.3 0.05 0.45 0.5 0.2 0.45 0.25 0.2 0.2 0.3 0.95 0.8 0.5 0.05 0.7 0.65 1.0 0.05 0.35 0.85 0.6 0.6 
-0.0036585668173253283 0.609890833779735 0.5574041209611802 1.0 0.15 0.1 0.0 0.95 0.75 1.0 0.6 0.45 0.2 0.25 0.75 1.0 0.6 0.8 0.75 0.25 0.5 0.75 0.85 0.75 0.2 0.65 0.35 0.9 0.75 0.5 0.4 0.75 0.0 0.45 0.05 0.35 0.8 0.6 0.65 
-0.1525687701495282 0.4874957235598864 0.5775158706289232 0.9 0.05 0.75 0.8 0.45 0.7 0.65 0.9 0.2 1.0 0.75 0.55 0.0 0.45 0.05 0.5 0.25 0.7 0.7 1.0 0.45 0.25 0.65 0.1 1.0 0.4 0.55 0.75 0.9 0.25 0.4 0.9 0.3 0.7 0.2 0.2 
-0.023361189361959668 0.5109911814317423 0.37758011016020304 0.95 0.25 0.25 0.85 0.85 0.55 1.0 0.8 0.45 0.75 0.55 0.65 0.5 0.65 0.65 0.0 1.0 0.55 0.8 0.5 0.9 0.8 0.5 0.9 0.85 0.45 0.3 0.35 0.15 0.5 0.55 0.0 0.85 0.3 0.5 0.35 
-0.0021103521309778148 0.5850276352457653 0.5913166547015973 0.9 0.1 0.4 0.15 0.95 0.0 0.95 0.95 0.65 0.65 0.6 0.45 0.7 0.8 0.25 0.25 0.9 0.85 0.95 0.05 0.35 0.75 1.0 0.05 1.0 0.15 0.7 0.5 0.5 0.65 1.0 0.9 0.6 0.9 0.6 0.25 
-0.006172359280001597 0.41177882157763945 0.5648011375083394 0.9 0.05 0.75 0.8 0.5 0.7 0.35 0.4 0.2 1.0 0.85 0.55 0.2 0.05 0.05 0.5 0.25 0.7 0.7 1.0 0.45 0.25 0.65 0.1 0.85 0.4 0.6 0.75 0.9 0.25 0.4 0.9 0.8 0.7 0.8 0.9 
-0.011515194679425625 0.520706467358546 0.603558150189816 0.75 0.05 0.1 0.15 0.4 0.1 1.0 0.35 0.15 0.1 0.3 0.3 0.6 0.2 0.85 0.25 0.2 0.15 0.95 1.0 0.85 0.2 1.0 0.35 0.95 0.2 0.8 0.05 0.75 0.8 0.85 0.9 0.6 0.9 0.55 0.2 
-0.005808313167168719 0.5239204380948904 0.36943743155383685 0.95 0.25 0.2 0.65 0.85 0.55 1.0 0.8 0.6 0.35 0.55 0.65 0.1 0.65 0.6 0.85 1.0 0.8 0.8 0.5 0.95 0.7 0.5 0.9 0.45 0.45 1.0 0.65 0.2 0.5 0.55 0.5 0.15 0.3 0.45 0.7 
-0.0481004527910677 0.6026388330946417 0.4361090083197604 0.5 0.1 0.25 0.15 0.0 0.05 1.0 0.5 0.15 0.55 0.35 0.45 0.25 0.2 0.5 0.25 0.25 0.5 0.65 0.2 0.25 0.2 0.6 0.35 0.95 0.8 0.65 0.05 0.05 0.8 1.0 0.05 0.35 0.25 0.6 0.6 
-0.0018410014795186053 0.3670681144223366 0.5675791083655901 0.85 0.05 0.3 0.85 0.5 0.7 0.95 0.4 0.25 0.2 0.75 0.55 0.7 0.5 0.05 0.5 0.7 0.45 0.1 0.65 1.0 0.25 0.8 0.1 0.95 0.55 0.75 0.75 0.9 0.25 0.9 0.95 0.5 0.7 0.8 0.9 
-0.011567726252523836 0.6323466353393283 0.4484181875928073 0.7 0.15 0.25 0.45 0.95 0.8 0.75 0.5 0.4 0.2 0.35 0.75 1.0 0.3 0.5 0.25 1.0 0.5 0.75 0.2 0.4 0.2 1.0 0.35 0.95 0.75 0.4 0.25 0.75 0.35 0.05 0.05 0.35 0.35 0.6 0.65 
-0.006381002453419871 0.36903147957225724 0.5171821228029682 0.9 0.05 0.75 0.75 0.5 0.7 0.55 0.55 0.75 0.85 0.75 0.6 0.5 0.65 0.05 1.0 0.25 0.7 0.7 1.0 0.9 0.25 0.55 0.1 0.9 0.4 0.75 0.75 0.9 0.35 0.55 0.1 0.95 0.25 0.2 0.9 
-0.02436138426305615 0.6407875298965252 0.407040279020987 0.85 0.15 0.65 0.55 0.95 0.8 1.0 0.65 0.4 0.95 0.35 0.45 0.2 0.7 0.2 0.9 0.25 0.5 0.1 0.5 0.75 0.7 0.5 0.75 0.3 0.85 0.35 0.05 0.65 0.05 1.0 0.05 0.35 0.05 0.6 0.65 
-0.07241183668472251 0.450066411712817 0.41112326276231775 1.0 0.45 0.15 0.05 0.0 0.75 1.0 0.9 0.2 0.7 0.45 0.65 0.25 0.6 0.65 0.75 0.1 0.5 1.0 0.4 0.9 0.4 0.45 0.55 0.9 0.05 0.75 0.25 0.5 1.0 0.4 0.45 0.6 0.55 0.35 0.55 
-0.017461788885497775 0.40109500241619744 0.5516483170340588 0.85 0.0 0.95 0.85 0.5 0.7 0.95 0.4 0.2 0.85 1.0 0.7 0.2 0.25 0.55 0.4 0.6 0.05 0.35 0.65 0.75 0.15 0.8 0.85 0.5 0.45 0.75 0.75 0.9 0.85 1.0 0.9 0.4 0.85 0.8 0.85 
-0.04006348924991928 0.6369355794449699 0.4742256827488119 0.55 0.1 0.5 0.15 0.25 0.85 1.0 0.5 0.4 0.65 0.35 0.45 1.0 0.25 0.4 0.05 0.25 0.3 1.0 0.2 1.0 0.2 0.75 0.35 0.95 0.8 0.65 0.05 0.85 0.3 1.0 0.05 0.1 0.9 0.6 0.65 
-0.007936095999631698 0.5810697673442797 0.41109897238733195 0.85 0.15 0.65 0.4 0.95 0.8 1.0 0.5 0.4 0.95 0.35 0.75 0.2 0.7 0.1 0.9 0.25 0.5 0.1 0.2 0.75 0.7 0.95 0.75 0.3 0.85 0.65 0.05 0.35 0.1 1.0 0.05 0.55 0.65 0.65 0.65 
-0.022611995141706198 0.39745301525517107 0.4320752817834015 0.55 0.45 0.2 0.15 0.85 0.15 1.0 0.05 0.35 0.85 0.4 0.65 0.8 0.5 0.65 0.1 0.2 1.0 0.6 0.3 0.9 0.9 0.55 0.15 1.0 0.05 0.7 1.0 0.4 0.3 0.4 1.0 0.9 0.9 0.35 0.65 
-0.05659568212787607 0.5033881742794648 0.3741097862630586 0.95 0.25 0.25 0.65 0.85 0.55 1.0 0.8 0.6 0.75 0.55 0.6 0.1 0.65 0.6 0.85 1.0 0.95 0.8 0.5 0.15 0.05 0.5 0.9 0.45 0.45 1.0 0.65 0.2 0.5 0.35 0.0 0.0 0.3 0.45 0.8 
-0.009743774293159094 0.4001215336856283 0.5261596940683179 0.9 0.05 0.75 0.85 0.25 0.7 0.75 0.4 0.2 0.65 0.75 0.55 0.0 0.6 1.0 0.5 0.9 0.45 0.7 0.65 1.0 0.9 0.8 0.1 0.85 0.45 0.6 0.75 0.9 0.25 0.7 0.9 0.15 0.5 0.8 0.9 
-0.003986768880389048 0.5407632746750303 0.5992863094383308 0.75 0.05 0.25 0.15 0.4 0.1 0.9 0.35 0.15 0.1 0.35 0.45 0.6 0.2 0.85 0.25 0.2 0.15 0.95 1.0 0.85 0.95 1.0 0.35 0.95 0.2 0.8 0.05 0.75 0.8 0.85 0.9 0.6 0.9 0.55 0.2 
-0.009273221819924307 0.6472670968220642 0.5377093181216802 0.95 0.1 0.25 0.15 0.5 0.1 0.35 0.5 0.4 0.55 0.15 0.45 0.25 0.25 0.3 0.25 0.45 0.5 0.2 0.45 0.25 0.2 0.6 0.55 0.95 0.8 0.5 0.05 0.6 0.9 1.0 0.05 0.35 0.25 0.6 0.6 
-0.0009185937894842563 0.3642084845085788 0.5539477466020368 0.9 0.05 0.75 0.8 0.5 0.7 0.2 0.4 0.25 0.8 0.75 0.55 0.0 0.95 0.05 0.5 0.25 0.7 0.7 1.0 0.45 0.25 0.7 0.1 0.85 0.4 0.6 0.75 0.9 0.25 0.4 0.9 0.3 0.35 0.8 0.95 
-0.008527471269782046 0.46491061106240567 0.578772684300523 0.9 0.05 0.75 0.8 0.45 0.7 0.65 0.9 0.2 1.0 0.75 0.55 0.0 0.45 0.05 0.5 0.25 0.7 0.7 1.0 0.45 0.25 0.65 0.1 1.0 0.4 0.6 0.75 0.9 0.25 0.4 0.9 0.3 0.7 0.8 0.2 
-0.011683811888978112 0.5639562638595093 0.5936494099544929 0.8 0.1 0.95 0.15 1.0 0.4 1.0 0.0 0.15 0.55 0.35 0.6 0.25 0.25 0.25 0.25 0.05 0.5 0.2 0.0 0.45 0.75 0.2 0.9 0.95 0.15 0.7 0.05 0.95 0.65 1.0 0.9 0.6 0.9 0.6 0.25 
-0.03024405965465068 0.6486410806234416 0.4034921059238477 0.85 0.15 0.65 0.55 0.95 0.8 1.0 0.65 0.4 0.95 0.35 0.45 0.2 0.7 0.65 0.9 0.25 0.5 0.95 0.5 0.75 0.7 0.5 0.75 0.95 0.85 0.35 0.05 0.65 0.05 1.0 0.05 0.35 0.05 0.75 0.65 
-0.003780357381362529 0.6311549936108054 0.4250611442020088 0.6 0.15 0.25 0.45 0.95 0.8 0.95 0.5 0.4 0.2 0.35 0.75 0.55 0.3 0.5 0.25 1.0 0.5 0.75 0.2 0.75 0.2 1.0 0.35 0.95 0.75 0.4 0.25 0.75 0.35 0.05 0.05 0.35 0.35 0.6 0.65 
-0.05683849131289422 0.4683055026208449 0.3696074833295584 1.0 0.45 0.2 0.05 0.0 0.65 1.0 0.9 0.2 0.7 0.45 0.65 0.25 0.5 0.65 0.35 0.2 0.0 0.2 0.0 0.9 0.65 0.85 0.2 0.2 0.05 0.1 0.85 0.4 1.0 0.35 0.85 0.3 0.65 0.35 0.55 
-0.007665697630607435 0.6697473749139653 0.5343632222805715 0.85 0.65 0.65 0.5 0.95 0.8 1.0 0.5 0.4 0.95 0.35 0.75 0.2 0.75 0.3 0.35 0.25 0.2 0.85 0.2 0.75 0.7 0.9 0.7 0.95 0.85 0.65 0.1 0.35 0.05 0.95 0.15 0.25 0.65 0.65 0.65 
-0.014400085891878245 0.6387072063382083 0.4829019490112958 0.75 0.15 0.65 0.55 0.95 0.8 0.45 0.5 0.4 1.0 0.35 0.75 0.2 0.7 0.1 0.35 0.2 0.5 0.1 0.2 0.5 0.7 0.3 0.7 0.95 0.9 0.65 0.05 0.4 0.1 0.7 0.05 0.35 0.55 0.65 0.65 
-0.02128306572258904 0.6062970707526472 0.3937280129404749 0.85 0.15 0.65 0.55 0.95 0.65 1.0 0.5 0.4 0.95 0.35 0.75 0.2 0.7 0.1 0.35 0.25 0.5 0.1 0.15 0.75 0.7 0.9 0.7 0.8 0.85 0.65 0.15 0.25 0.05 0.95 0.15 0.25 0.65 0.65 0.65 
-0.006433529497282559 0.5290269568936805 0.3172336919771179 0.95 0.25 0.25 0.7 0.85 0.55 1.0 0.8 0.45 0.55 0.55 0.65 0.1 0.65 0.65 0.0 0.8 0.2 0.8 0.5 0.9 0.8 0.5 0.5 0.85 0.45 1.0 0.35 0.2 0.5 0.55 0.0 0.85 0.3 0.5 0.35 
-0.00047479334274699446 0.46372570504343924 0.37682817938597923 0.95 0.45 0.2 0.05 0.55 0.4 1.0 0.9 0.2 0.7 0.45 0.65 0.25 0.6 0.65 0.35 0.1 0.5 1.0 0.15 0.2 0.4 0.45 0.55 0.9 0.05 0.75 0.1 0.95 1.0 0.4 0.8 0.5 0.55 0.35 0.55 
-0.010730291159878468 0.5662590951236722 0.4030183251365734 0.95 0.25 0.25 0.65 0.85 0.55 1.0 0.8 0.35 0.75 0.55 0.65 0.1 0.65 0.6 0.2 0.15 0.2 0.1 0.9 0.9 0.45 0.5 0.25 0.25 0.3 0.1 0.35 0.2 0.4 0.05 0.0 0.85 0.15 0.2 0.5 
-0.01358081433685474 0.6842041099642128 0.5056340042155587 0.95 0.1 0.45 0.1 0.7 0.2 0.5 0.5 0.5 0.55 0.15 0.45 0.55 0.65 0.45 0.25 0.75 0.5 0.2 1.0 0.25 0.2 1.0 0.3 0.95 0.8 0.5 0.05 0.6 0.25 1.0 0.0 0.35 0.4 0.6 0.65 
-0.03273542026304296 0.6648773558676329 0.4752343119974066 0.95 0.3 0.35 0.15 0.25 0.35 1.0 0.7 0.8 0.65 0.35 0.5 1.0 0.15 1.0 0.25 0.25 0.8 0.1 0.2 0.25 0.8 0.6 0.35 0.95 0.8 0.65 0.15 0.75 0.35 1.0 0.05 0.35 0.25 0.5 0.65 
-0.1145874552021075 0.4684674218303065 0.5962483782384913 0.9 0.05 0.75 0.8 0.45 0.7 0.65 0.9 0.2 1.0 0.75 0.55 0.0 0.45 0.05 0.5 0.25 0.7 0.7 1.0 0.45 0.25 0.65 0.1 1.0 0.4 0.6 0.75 0.9 0.25 0.4 0.9 0.3 0.7 0.2 0.2 
-0.002333752117701803 0.5571115918170112 0.3924959618855627 0.75 0.15 0.65 0.2 0.95 0.8 1.0 0.5 0.4 0.95 0.35 0.3 0.2 0.05 0.35 0.35 0.25 0.5 0.1 0.2 0.75 0.7 0.7 0.7 0.95 0.85 0.65 0.1 0.35 0.05 0.95 0.15 0.3 0.35 0.65 0.85 
-0.012935112243336754 0.5484634132020015 0.35697558363743087 0.95 0.25 0.25 0.65 0.85 0.55 1.0 0.8 0.6 0.2 0.55 0.65 0.1 0.65 0.6 0.85 1.0 0.8 0.8 0.5 0.15 0.7 0.5 0.9 0.6 0.9 0.9 0.65 0.2 0.5 0.55 0.0 0.2 0.3 0.45 0.8 
-0.002401160780466372 0.40695396432634195 0.44198490298075993 1.0 0.45 0.2 0.15 0.85 0.1 1.0 0.05 0.35 0.85 0.4 0.65 0.8 0.5 0.65 0.1 0.2 1.0 0.6 0.3 0.9 0.9 0.55 0.15 1.0 0.05 0.7 0.05 0.4 0.3 0.4 1.0 0.9 0.9 0.35 0.3 
-0.016944232475557527 0.38375668741610736 0.5035928910877558 0.9 0.05 0.75 0.75 0.6 0.7 0.2 0.4 0.8 0.85 0.75 0.55 0.0 0.65 0.05 0.45 0.25 0.7 0.75 1.0 0.45 0.25 0.55 0.1 0.85 0.4 0.75 0.75 0.9 0.25 0.45 0.15 0.95 0.35 0.8 0.9 
-0.045664415044537596 0.44679725408132714 0.36279255805859567 1.0 0.45 0.25 0.05 0.5 0.75 1.0 0.9 0.2 0.7 0.45 0.65 0.25 0.6 0.45 0.45 0.1 0.5 1.0 0.4 0.9 0.4 0.75 0.0 0.6 0.05 0.45 0.25 0.4 1.0 0.4 0.85 0.85 0.65 0.35 0.55 
-0.0019780334263947356 0.5059277151188485 0.618033457957044 0.75 0.1 0.95 0.15 0.0 0.7 0.0 0.0 0.15 0.55 0.35 0.6 0.25 0.25 0.95 0.25 0.05 0.5 0.2 0.0 0.45 0.75 0.8 0.9 0.95 0.15 0.7 0.05 0.95 0.65 1.0 0.9 0.6 0.9 0.6 0.25 
-0.042439254294259106 0.47454406151401574 0.6224945760818357 0.95 0.8 0.25 0.85 0.5 0.7 0.65 0.4 0.2 0.85 1.0 0.55 0.2 0.25 0.55 0.4 0.3 0.85 0.35 0.65 0.75 0.0 0.8 0.1 1.0 0.45 0.75 0.75 0.9 0.25 1.0 0.9 0.4 0.6 0.8 0.85 
-0.004955475893963232 0.6821321281458275 0.5223044787398716 0.75 0.1 0.25 0.15 0.0 0.55 1.0 0.7 0.4 0.5 0.35 0.35 0.25 0.25 0.25 0.6 0.25 0.5 0.95 0.2 0.25 0.2 0.35 0.35 0.95 0.8 0.65 0.05 0.15 0.7 1.0 0.05 0.35 0.5 0.6 0.6 
-0.1719804251189235 0.47774640594510703 0.39518298033623783 1.0 0.45 0.2 0.15 0.4 0.15 1.0 0.95 0.3 0.7 0.45 0.65 0.25 0.6 0.65 0.5 0.45 0.5 0.95 0.15 0.95 0.8 0.75 0.55 0.05 0.85 0.45 0.3 0.4 1.0 0.2 0.25 0.4 0.8 0.35 0.4 
-0.4419919143450015 0.4679652050087292 0.6334313793083641 0.95 0.8 0.25 0.85 0.5 0.7 0.65 0.4 0.2 0.85 1.0 0.7 0.2 0.25 1.0 0.4 0.7 0.05 0.35 0.65 0.75 0.15 0.8 0.1 1.0 0.45 0.75 0.65 0.9 0.25 1.0 0.9 0.4 0.7 0.8 0.85 
-0.17062864835887634 0.5001994836517271 0.3393902018846628 0.95 0.25 0.25 0.65 0.85 0.55 1.0 0.8 0.6 0.35 0.55 0.65 0.1 0.65 0.6 0.85 1.0 0.8 0.8 0.5 0.15 0.7 0.5 0.9 0.45 0.45 1.0 0.65 0.2 0.5 0.55 0.0 0.15 0.3 0.45 0.8 
-0.12388179820188742 0.5008515958275488 0.35664195239957575 0.95 0.25 0.25 0.65 0.85 0.55 1.0 0.8 0.6 0.75 0.55 0.65 0.1 0.65 0.6 0.85 1.0 0.95 0.8 0.5 0.15 0.7 0.5 0.9 0.45 0.45 1.0 0.65 0.2 0.5 0.55 0.0 0.0 0.3 0.45 0.8 
-0.029678007873798457 0.4491257377850743 0.6274250773036 0.9 0.05 0.1 0.85 0.5 0.7 0.65 0.4 0.2 0.85 1.0 0.7 0.2 0.25 0.45 0.5 0.3 0.05 0.35 0.65 0.75 0.15 0.8 0.1 0.85 0.45 0.7 0.75 0.9 0.25 1.0 0.9 0.45 0.6 0.8 0.85 
-0.0002505254707394485 0.6391368067710579 0.5566329781697252 0.95 0.1 0.1 0.15 0.25 0.05 0.4 0.7 0.4 0.65 0.35 0.5 1.0 0.5 1.0 0.25 0.25 0.5 0.55 0.2 0.25 0.8 0.6 0.35 0.95 0.8 0.65 0.15 0.75 0.3 1.0 0.05 0.35 0.25 0.6 0.65 
-0.0115832517622896 0.5379094557305892 0.6231041743700118 0.4 0.2 0.25 0.15 0.0 0.1 1.0 0.0 0.15 0.55 0.15 0.45 0.25 0.1 0.2 0.25 0.9 0.5 0.95 1.0 0.7 0.15 1.0 0.35 0.95 0.85 0.4 0.05 0.2 0.05 1.0 0.9 0.6 0.9 0.6 0.25 
-0.03196067999175739 0.7288226554480488 0.5129032363866676 0.85 0.15 0.65 0.25 0.95 0.8 1.0 0.5 0.35 0.95 0.35 0.65 0.2 0.7 0.2 0.9 0.25 0.5 0.1 0.2 0.75 0.7 0.95 0.75 0.95 0.85 0.65 0.2 0.35 0.05 1.0 0.05 0.35 0.65 0.6 0.65 
-0.022078352252357485 0.38624136111777463 0.47779907780761416 1.0 0.45 0.2 0.15 0.85 0.15 1.0 0.05 1.0 0.35 0.4 0.65 0.2 0.5 0.65 0.1 0.2 1.0 0.8 0.3 0.9 0.8 0.6 1.0 1.0 0.05 0.7 1.0 0.4 0.3 0.9 0.85 0.9 0.9 0.35 0.6 
-0.03023121704282489 0.6741018929795354 0.43794678966157613 0.95 0.3 0.35 0.15 0.25 0.35 1.0 0.7 0.4 0.65 0.35 0.5 1.0 0.15 1.0 0.25 0.25 0.8 0.1 0.2 0.25 0.8 0.6 0.35 0.95 0.8 0.65 0.15 0.75 0.35 1.0 0.05 0.35 0.25 0.5 0.65 
-0.016543729915432775 0.43833206477617237 0.5706937293028123 0.9 0.05 0.75 0.9 0.5 0.7 0.95 0.4 0.25 0.45 0.75 0.55 0.15 0.5 0.05 0.5 0.7 0.45 0.35 0.65 1.0 0.25 0.5 0.1 0.95 0.55 0.75 0.9 0.9 0.25 0.9 0.95 0.75 0.95 0.8 0.9 
-0.011806926745373439 0.6115803398817575 0.37309751007195635 0.75 0.15 0.65 0.2 0.95 0.8 1.0 0.5 0.8 0.95 0.35 0.75 0.2 0.7 0.1 0.9 0.25 0.5 0.6 0.2 0.75 0.05 0.7 0.7 0.95 0.85 0.65 0.1 0.35 0.2 0.95 0.15 0.25 0.65 0.65 0.65 
-0.011761398077297636 0.6739015097257479 0.38633286915837334 0.9 0.15 0.65 0.55 0.95 0.8 1.0 0.5 0.45 0.95 0.35 0.45 0.2 0.7 0.2 0.9 0.25 0.5 0.2 0.2 0.75 0.7 0.95 0.75 0.8 0.85 0.65 0.05 0.35 0.25 1.0 0.05 0.35 0.2 0.6 0.65 
-0.006181947290480776 0.44344230344641045 0.4043139849420257 1.0 0.45 0.2 0.05 0.0 0.65 0.85 0.9 0.2 0.7 0.45 0.65 0.25 0.5 0.65 0.35 0.9 0.0 0.75 0.0 0.75 0.65 0.85 0.7 0.2 0.35 0.2 0.85 0.4 1.0 0.8 0.85 0.35 0.55 0.35 0.55 
-0.03539898946289072 0.44952158399831665 0.6135321462098452 0.95 0.2 0.25 0.85 0.5 0.7 0.65 0.4 0.2 0.85 1.0 0.55 0.2 0.25 0.55 0.4 0.3 0.85 0.35 0.65 0.75 0.0 0.8 0.1 1.0 0.45 0.75 0.6 0.9 0.25 1.0 0.9 0.4 0.6 0.8 0.85 
-0.00997785935203515 0.6905852996076677 0.5265806284059315 0.95 0.1 0.45 0.1 0.7 0.2 0.5 0.5 0.5 0.5 0.15 0.45 0.55 0.35 0.45 0.25 0.75 0.5 0.2 1.0 0.25 0.2 1.0 0.3 0.95 0.8 0.5 0.05 0.6 0.25 1.0 0.0 0.35 0.4 0.6 0.65 
-0.03201606917598287 0.6924286888672261 0.49103673117202334 1.0 0.15 0.25 0.45 0.95 0.8 1.0 0.5 0.4 0.2 0.35 0.75 1.0 0.3 0.85 0.25 0.25 0.5 0.75 0.2 0.75 0.7 0.65 0.35 0.95 0.75 0.4 0.4 0.75 0.35 1.0 0.05 0.5 0.35 0.6 0.55 
-0.014394342284627869 0.5559899400539291 0.34545919683281495 0.95 0.25 0.25 0.7 0.85 0.55 1.0 0.8 0.45 0.75 0.55 0.65 0.1 0.65 0.65 0.0 0.8 0.2 0.8 0.5 0.9 0.8 0.5 0.5 0.85 0.45 1.0 0.35 0.2 0.55 0.6 0.0 0.85 0.3 0.5 0.35 
-0.006808129338305745 0.62709801282352 0.6018634692731829 0.85 0.1 0.4 0.15 0.95 0.0 0.95 0.95 0.65 0.95 0.6 0.45 0.25 0.8 0.25 0.25 0.9 0.35 0.95 0.85 0.35 0.75 1.0 0.05 1.0 0.15 0.7 0.05 0.5 0.5 0.95 0.9 0.6 0.9 0.6 0.25 
-0.017442627629744988 0.5723007749623596 0.37070580609291415 0.95 0.25 0.25 0.65 0.85 0.55 1.0 0.8 0.35 0.75 0.55 0.65 0.1 0.65 0.6 0.2 0.15 0.2 0.1 0.9 0.9 0.1 0.5 0.25 0.25 0.3 0.1 0.35 0.2 0.4 0.55 0.0 0.85 0.15 0.5 0.5 
-0.020740825766169337 0.559619987417227 0.6420160418287593 0.35 0.1 0.25 0.15 0.1 0.1 0.95 0.0 0.65 0.55 0.6 0.45 0.25 0.8 0.25 0.25 0.9 0.6 0.95 0.0 0.35 0.75 1.0 0.05 0.95 0.15 0.7 0.05 0.8 0.2 1.0 0.9 0.6 0.9 0.6 0.25 
-0.1700990070831564 0.48855318731285424 0.6340933483409782 0.95 0.8 0.25 0.95 0.5 0.7 0.65 0.4 0.2 0.85 1.0 0.7 0.2 0.25 0.1 0.25 0.7 0.05 0.35 0.15 0.75 0.15 0.3 0.1 1.0 0.45 0.75 0.85 0.8 0.25 1.0 0.9 0.4 0.7 0.8 0.85 
-0.0008152738149090623 0.4507614558803407 0.4031032211517513 1.0 0.4 0.2 0.15 0.6 0.05 1.0 0.95 0.3 0.7 0.45 0.7 0.25 0.6 0.65 0.5 0.2 0.5 0.2 0.15 0.95 0.8 0.75 0.85 0.3 0.9 0.35 0.8 0.4 1.0 0.2 0.85 0.8 0.9 0.35 0.4 
-0.0069530919033641315 0.4011853623324112 0.46882425712092113 0.95 0.45 0.15 0.15 0.65 0.25 0.4 0.05 0.35 0.35 0.4 0.65 0.55 0.5 0.65 0.1 0.2 1.0 0.3 0.3 0.9 0.15 0.6 0.15 1.0 0.05 0.7 0.25 0.35 0.3 0.7 0.85 0.9 0.9 0.35 0.6 
-4.353408482428142e-06 0.6873935294366885 0.5418402023375388 0.95 0.1 0.25 0.15 0.65 0.1 1.0 0.5 0.4 0.55 0.15 0.45 1.0 0.25 0.3 0.25 0.45 0.5 0.2 0.3 0.55 0.2 0.6 0.3 0.95 0.8 0.5 0.05 0.35 0.95 0.9 0.05 0.35 0.4 0.6 0.6 
-0.01198156671775541 0.62313571639 0.33925872949878305 0.85 0.15 0.65 0.4 0.95 0.8 1.0 0.5 0.4 0.95 0.35 0.75 0.2 0.7 0.1 0.9 0.25 0.5 0.1 0.2 0.75 0.7 0.95 0.75 0.95 0.85 0.65 0.05 0.35 0.1 1.0 0.05 0.35 0.65 0.65 0.6 
-0.005403596271540827 0.7105511545157627 0.506136179678138 1.0 0.1 0.65 0.55 0.95 0.95 0.85 0.5 0.4 0.95 0.35 0.45 0.2 0.7 0.2 0.9 0.25 0.5 0.3 0.2 0.75 0.7 0.95 0.3 0.8 0.85 0.65 0.05 0.25 0.05 1.0 0.1 0.35 0.65 0.6 0.65 
-0.032401224535616856 0.5687961812848455 0.6140698474583494 0.9 0.1 0.4 0.15 0.95 0.1 0.95 0.95 0.65 0.65 1.0 0.45 0.7 0.8 0.25 0.25 0.9 0.85 0.95 0.35 0.35 0.75 1.0 0.05 0.95 0.15 0.7 0.05 0.8 0.2 1.0 0.8 0.6 0.9 0.6 0.25 
-0.011367418436003963 0.6920474851212344 0.4640044941595696 1.0 0.15 0.25 0.45 0.95 0.8 0.55 0.5 0.4 0.2 0.35 0.75 1.0 0.4 0.5 0.25 0.25 0.5 0.1 0.2 0.75 0.2 0.65 0.35 0.95 0.75 0.65 0.4 0.65 0.1 1.0 0.05 0.35 0.25 0.6 0.65 
-0.01537583864491947 0.7065630246529621 0.5673784743806936 1.0 0.15 0.1 0.45 0.95 0.75 1.0 0.45 0.3 0.2 0.35 0.75 0.85 0.3 0.8 0.55 0.25 0.5 0.75 0.2 0.75 0.2 0.6 0.35 0.75 0.75 0.4 0.45 0.9 0.1 1.0 0.05 0.35 0.55 0.6 0.5 
-0.005335057248499132 0.43363639310866736 0.43047708082941777 1.0 0.45 0.2 0.25 0.0 0.5 1.0 0.95 0.45 0.7 0.45 0.65 0.25 0.9 0.65 0.4 0.2 0.5 0.25 0.8 0.9 0.8 0.45 0.55 0.15 0.1 0.7 0.6 0.4 1.0 0.4 0.85 0.6 0.55 0.35 0.3 
-0.012686338787093514 0.6862370573295747 0.43136024010935425 0.9 0.15 0.45 0.5 0.95 0.8 1.0 0.5 0.15 0.65 0.35 0.75 1.0 0.3 0.4 0.25 0.25 0.5 0.1 0.2 0.75 0.2 0.3 0.35 0.95 0.8 0.8 0.55 0.75 0.35 1.0 0.05 0.35 0.25 0.6 0.65 
-0.00032216014700489366 0.6278613965418582 0.3874749102538777 0.85 0.15 0.65 0.55 0.95 0.65 1.0 0.5 0.4 0.95 0.35 0.75 0.2 0.7 0.1 0.35 0.25 0.5 0.1 0.0 0.75 0.7 0.9 0.7 0.8 0.85 0.65 0.15 0.0 0.05 0.95 0.15 0.25 0.65 0.65 0.65 
-0.05257654674407932 0.6569909888383184 0.5759500636677993 0.85 0.65 0.65 0.5 0.95 0.8 0.85 0.5 0.4 0.95 0.35 0.75 0.2 0.75 0.3 0.35 0.25 0.2 0.85 0.2 0.75 0.7 0.5 0.7 0.95 0.85 0.65 0.1 0.35 0.05 0.95 0.15 0.25 0.65 0.65 0.65 
-0.004372258286130464 0.620795093563463 0.3678709529430787 0.95 0.25 0.25 0.6 0.85 0.6 1.0 0.8 0.3 0.75 0.55 0.65 0.85 0.65 0.6 0.0 0.55 0.8 0.8 0.75 0.55 0.7 0.5 1.0 0.6 0.45 0.05 0.55 0.2 0.5 0.75 0.0 0.85 0.15 0.45 0.35 
-0.0017909804549163166 0.7010077607714479 0.44274247923598725 1.0 0.15 0.25 0.45 0.95 0.8 1.0 0.75 0.55 0.2 0.35 0.9 0.0 0.3 0.9 0.25 0.3 0.5 0.75 0.2 0.75 0.2 0.95 0.35 0.9 0.75 0.4 0.4 0.95 0.35 1.0 0.05 0.35 1.0 0.6 0.65 
-0.014229483230497834 0.6541466532730956 0.584267065500427 0.95 0.15 0.25 0.45 0.95 0.7 0.95 0.5 0.65 0.85 0.3 0.9 0.1 1.0 0.8 0.25 0.3 0.5 0.15 0.2 0.75 0.2 0.95 0.35 1.0 0.75 0.4 0.4 0.95 0.35 1.0 0.05 0.35 0.5 0.6 0.85 
-0.008191175739082264 0.7144439953898012 0.4821067966189412 1.0 0.15 0.25 0.45 0.95 0.75 1.0 0.5 0.4 0.2 0.35 0.8 1.0 0.3 0.5 0.25 0.25 0.5 0.75 0.2 0.75 0.2 0.65 0.35 0.7 0.75 0.45 0.4 0.75 0.35 1.0 0.05 0.35 0.55 0.6 0.65 
-0.0026699638317085246 0.5045674177140747 0.6706995010940161 0.65 0.1 0.4 0.15 0.35 0.15 0.85 0.95 0.1 0.0 0.6 0.5 0.55 0.9 0.25 0.25 0.9 0.85 0.95 0.05 0.35 0.35 1.0 0.6 1.0 0.15 0.7 0.1 0.25 0.85 1.0 0.9 0.6 0.9 0.6 0.25 
-0.018016456677596642 0.6808621161534547 0.4190441403259294 0.95 0.1 0.25 0.5 0.25 0.1 1.0 0.5 0.4 0.95 0.35 0.45 1.0 0.25 0.4 0.25 0.25 0.5 0.1 0.2 0.25 0.2 0.6 0.35 0.25 0.8 0.7 0.15 0.75 0.75 1.0 0.05 0.35 0.25 0.6 0.65 
-0.06551034692716232 0.5345962512707302 0.3113509532631862 0.95 0.25 0.25 0.7 0.85 0.55 1.0 0.8 0.45 0.75 0.55 0.65 0.1 0.65 0.65 0.0 0.8 0.2 0.8 0.5 0.9 0.8 0.5 0.5 0.85 0.45 1.0 0.35 0.2 0.5 0.55 0.0 0.85 0.3 0.5 0.35 
-0.0770126455623217 0.5349395968125463 0.6321612849789455 0.5 0.1 0.55 0.15 0.1 0.3 0.95 0.0 0.65 0.55 0.6 0.45 0.25 0.8 0.25 0.25 0.9 0.6 0.95 0.0 0.35 0.75 1.0 0.1 0.95 0.15 0.7 0.05 0.8 0.9 1.0 0.9 0.6 0.9 0.6 0.25 
-0.0028514600606031034 0.6662316559900768 0.41944561395118074 1.0 0.1 0.25 0.5 0.25 0.2 1.0 0.5 0.4 0.95 0.35 0.45 1.0 0.25 0.4 0.25 0.25 0.5 0.1 1.0 0.25 0.2 0.6 0.35 0.95 0.8 0.7 0.05 0.75 0.7 1.0 0.05 0.35 0.25 0.6 0.65 
-0.009027855915591262 0.41640020007885487 0.5885671797713146 0.9 0.05 0.1 0.85 0.5 0.7 0.65 0.4 0.2 0.85 1.0 0.7 0.2 0.25 0.45 0.5 0.3 0.05 0.35 0.65 0.75 0.15 0.2 0.1 0.7 0.45 0.8 0.75 0.9 0.25 1.0 0.9 0.45 0.6 0.8 0.85 
-0.02043032565817313 0.702452128712493 0.5528750640104003 0.85 0.15 0.65 0.25 0.95 0.3 1.0 0.5 0.35 0.9 0.35 0.65 0.2 0.7 0.2 0.9 0.25 0.5 0.1 0.85 0.75 0.8 0.95 0.75 0.95 0.85 0.65 0.2 0.35 0.05 1.0 0.05 0.35 0.65 0.6 0.65 
-0.005924751747779233 0.5120767997595879 0.6470870016145134 0.2 0.1 0.4 0.15 0.35 0.15 0.85 0.95 0.65 0.65 0.6 0.5 0.55 0.9 0.25 0.25 0.9 0.85 0.95 0.05 0.35 0.75 0.15 0.6 1.0 0.15 0.7 0.1 0.25 0.85 0.95 0.9 0.6 0.9 0.6 0.25 
-0.004555641455099827 0.6610368792832191 0.5582315587223131 0.85 0.65 0.65 0.5 0.95 0.8 0.85 0.5 0.4 0.95 0.35 0.75 0.2 0.75 0.3 0.35 0.25 0.2 0.85 0.0 0.75 0.7 0.5 0.7 0.9 0.85 0.65 0.1 0.35 0.05 0.95 0.15 0.25 0.65 0.65 0.65 
-8.491078306954929e-05 0.389248178101812 0.4351432394573068 0.95 0.45 0.15 0.15 0.65 0.25 1.0 0.05 0.35 0.35 0.4 0.65 0.55 0.5 0.65 0.1 0.2 1.0 0.3 0.3 0.9 0.8 0.6 0.15 1.0 0.05 0.7 0.25 0.35 0.3 0.7 0.85 0.9 0.9 0.35 0.6 
-0.008718282957139913 0.6933684919813788 0.5977726958153315 1.0 0.15 0.1 0.45 0.95 0.75 1.0 0.6 0.45 0.2 0.35 0.75 1.0 0.6 0.8 0.45 0.25 0.5 0.75 0.85 0.75 0.2 0.65 0.35 0.9 0.75 0.65 0.4 0.75 0.0 1.0 0.05 0.35 0.55 0.6 0.65 
-0.03955884732698982 0.6527158973463978 0.6151610267795291 0.95 0.1 0.25 0.15 0.75 0.1 1.0 0.5 0.4 0.25 0.15 0.45 0.25 0.25 0.3 0.25 0.45 0.5 0.2 0.45 0.25 0.2 0.2 0.3 0.95 0.8 0.5 0.05 0.7 0.8 1.0 0.05 0.35 0.45 0.6 0.6 
-0.03879339715096936 0.632970119663347 0.6176460666002279 0.95 0.3 0.1 0.4 0.25 0.35 1.0 0.7 0.8 0.65 0.35 0.5 1.0 0.15 1.0 0.25 0.25 0.8 0.1 0.2 0.25 0.8 0.6 0.35 0.95 0.8 0.65 0.15 0.75 0.35 1.0 0.05 0.35 0.25 0.5 0.65 
-0.02361152708032111 0.38209646984310053 0.4326717620934943 0.8 0.4 0.2 0.15 0.7 0.05 1.0 0.05 0.5 0.2 0.4 0.65 0.7 0.5 0.0 0.1 0.2 1.0 0.3 0.3 0.9 0.25 0.65 0.55 1.0 0.05 0.7 0.8 0.4 0.3 0.25 0.3 0.6 0.9 0.35 0.6 
-0.01580164968359317 0.6690485941378607 0.6244056840399195 0.95 0.3 0.85 0.2 0.5 0.9 0.9 0.7 0.3 0.55 0.5 0.45 0.6 0.25 0.05 0.6 0.25 0.5 0.85 0.35 0.25 0.8 1.0 0.35 0.95 0.85 0.7 0.8 0.95 0.25 1.0 0.05 0.35 0.25 0.6 0.7 
-0.0034800567887365817 0.43001481369047234 0.39987961749777057 1.0 0.45 0.2 0.25 0.0 0.5 1.0 0.95 0.25 0.7 0.45 0.65 0.25 0.5 0.65 0.4 0.2 0.5 0.25 0.15 0.9 0.8 0.45 0.55 0.85 0.1 0.3 0.6 0.4 1.0 0.4 0.85 0.6 0.55 0.35 0.3 
-0.024989610190948645 0.35133468363628084 0.46433453059276325 0.8 0.45 0.2 0.15 0.5 0.55 1.0 0.05 0.35 0.2 0.4 0.65 0.8 0.5 0.0 0.1 0.2 0.05 0.3 0.3 0.9 0.25 0.65 0.55 1.0 0.05 0.7 1.0 0.4 0.3 0.45 0.45 0.6 0.9 0.35 0.6 
-0.00732586570870288 0.7233434216066568 0.4392520308333475 1.0 0.15 0.4 0.45 0.95 0.8 1.0 0.5 0.35 0.2 0.3 0.65 0.1 0.05 0.9 0.25 0.2 0.5 0.75 0.1 0.75 0.25 0.6 0.35 0.15 0.75 0.4 0.45 0.95 0.35 0.95 0.0 0.3 0.6 0.6 0.85 
-0.00040485888690876525 0.6774981990383667 0.5588762264208086 0.9 0.3 0.35 0.05 0.25 0.9 1.0 0.7 0.3 0.55 0.5 0.45 0.6 0.8 0.05 0.6 0.0 0.3 0.85 0.2 0.25 0.8 1.0 0.35 1.0 0.85 0.65 0.75 0.05 0.25 0.9 0.2 0.4 0.25 0.6 0.7 
-0.03545558268416835 0.6097580920464603 0.6097672068758895 0.65 0.15 0.25 0.15 0.75 0.1 0.85 0.5 0.65 0.25 0.15 0.45 0.25 0.25 0.3 0.05 0.45 0.2 0.2 0.45 0.25 0.2 0.2 0.3 0.95 0.8 0.5 0.05 0.75 0.65 1.0 0.05 0.35 0.85 0.6 0.6 
-0.09207723871081883 0.5700023930959844 0.31125264858595314 0.85 0.15 0.85 0.6 0.95 0.8 1.0 0.5 0.4 0.95 0.35 0.75 0.2 0.75 0.1 0.35 0.25 0.2 0.85 0.2 0.75 0.7 0.05 0.7 0.95 0.85 0.65 0.1 0.35 0.05 0.4 0.2 0.25 0.65 0.65 0.65 
-0.06721742744881457 0.5158635603185839 0.7215077920840767 0.65 0.1 0.4 0.05 0.35 0.15 0.85 0.95 0.65 0.65 0.6 0.5 0.55 0.9 0.25 0.25 0.9 0.85 0.95 0.05 0.35 0.75 1.0 0.6 1.0 0.15 0.7 0.1 0.25 0.85 1.0 0.9 0.6 0.9 0.6 0.25 
-0.019186562404343417 0.41506194447824946 0.6313145488719141 0.4 0.0 0.25 0.85 0.5 0.7 0.85 0.4 0.3 0.85 1.0 0.7 0.2 0.75 0.55 0.4 0.7 0.05 0.35 0.65 0.75 0.15 0.8 0.1 1.0 0.45 0.55 0.75 0.1 0.25 1.0 0.9 0.4 0.85 0.8 0.85 
-0.0126717984222039 0.6335137758139264 0.38008417758276275 0.75 0.15 0.65 0.2 0.95 0.8 1.0 0.5 0.45 0.95 0.35 0.75 0.2 0.7 0.1 0.9 0.25 0.5 0.6 0.2 0.75 0.7 0.7 0.7 0.95 0.85 0.65 0.1 0.35 0.05 0.95 0.15 0.25 0.65 0.65 0.65 
-0.015294758932837748 0.39588664975939813 0.4233211097373919 1.0 0.4 0.2 0.15 0.3 0.15 1.0 0.05 0.35 0.95 0.4 0.65 1.0 0.5 0.5 0.45 0.2 1.0 0.0 0.35 0.9 0.8 1.0 0.15 0.9 0.05 0.7 0.6 0.4 0.3 0.7 0.1 0.9 0.95 0.35 0.6 
-0.17325757319028084 0.43548768709123614 0.6560225424979127 0.85 0.0 0.25 0.85 0.5 0.7 0.65 0.4 0.2 0.85 1.0 0.7 0.2 0.25 0.55 0.4 0.7 0.05 0.35 0.65 0.75 0.15 0.8 0.85 1.0 0.45 0.75 0.75 0.9 0.25 1.0 0.9 0.4 0.85 0.8 0.85 
-0.00920114984849883 0.374379728885763 0.5892232362506253 0.9 0.05 0.75 0.8 0.5 0.7 0.35 0.4 0.2 1.0 0.75 0.55 0.2 0.05 0.05 0.5 0.25 0.7 0.7 1.0 0.45 0.25 0.65 0.1 0.85 0.4 0.6 0.75 0.9 0.25 0.4 0.9 0.8 0.7 0.8 0.9 
-0.0111414779279346 0.5883655400204727 0.3683663534518252 0.95 0.25 0.25 0.65 0.85 0.55 1.0 0.8 0.35 0.75 0.55 0.65 0.1 0.65 0.6 0.2 1.0 0.2 0.8 0.9 0.9 0.7 0.5 0.05 0.25 0.95 0.1 0.35 0.2 0.4 0.55 0.0 0.85 0.15 0.45 0.5 
-0.01348548620390274 0.6019366523324333 0.3353736685337325 0.85 0.15 0.6 0.9 0.95 0.85 1.0 0.5 0.4 0.95 0.35 0.75 0.2 0.75 0.1 0.35 0.25 0.2 0.85 0.2 0.75 0.7 0.05 0.7 0.95 0.85 0.65 0.1 0.35 0.05 0.95 0.15 0.25 0.65 0.65 0.65 
-0.0037746904853496925 0.41956801809902633 0.6232017141567516 0.4 0.0 0.6 0.85 0.5 0.7 0.85 0.35 0.2 0.85 1.0 0.7 0.2 0.75 0.55 0.4 0.7 0.05 0.35 0.65 0.75 0.25 0.9 0.6 1.0 0.45 0.55 0.7 0.1 0.25 1.0 0.9 0.4 0.85 0.8 0.85 
-0.7962756232305487 0.4635190507017663 0.6560741932556332 0.95 0.8 0.25 0.95 0.5 0.7 0.65 0.4 0.2 0.85 1.0 0.7 0.2 0.25 0.1 0.25 0.7 0.05 0.35 0.15 0.75 0.15 0.3 0.1 1.0 0.45 0.75 0.75 0.8 0.25 1.0 0.9 0.4 0.7 0.8 0.85 
-0.025815731041903565 0.44446666126522255 0.5872422800231308 0.4 0.0 0.6 0.85 0.5 0.7 0.85 0.4 0.4 0.85 1.0 0.7 0.2 0.75 0.55 0.4 0.7 0.05 0.35 0.65 0.75 0.25 0.45 0.6 1.0 0.45 0.55 0.7 0.1 0.25 1.0 0.9 0.4 0.25 0.8 0.85 
-0.0268870486170261 0.5467026059084118 0.340122032489049 0.95 0.25 0.25 0.85 0.85 0.6 1.0 0.8 0.45 0.75 0.55 0.65 0.1 0.65 0.65 0.0 0.55 0.2 0.8 0.5 0.9 0.8 0.5 0.5 0.85 0.45 1.0 0.35 0.2 0.5 0.55 0.0 0.85 0.3 0.5 0.35 
-0.04785381938011292 0.43493256668030955 0.3719637136678716 0.95 0.45 0.2 0.05 0.0 0.4 1.0 0.9 0.2 0.7 0.45 0.65 0.25 0.6 0.65 0.35 0.1 0.5 1.0 0.15 0.2 0.4 0.45 0.55 0.9 0.05 0.75 0.1 0.95 1.0 0.4 0.8 0.5 0.55 0.35 0.55 
-0.013150872135162972 0.5033044712942228 0.6767563388253545 0.65 0.15 0.4 0.15 0.35 0.15 0.95 0.95 0.65 0.75 0.65 0.55 0.55 0.9 0.25 0.25 0.7 0.85 0.25 0.3 0.75 0.75 1.0 0.15 1.0 0.15 0.7 0.1 0.25 0.85 1.0 0.9 0.6 0.9 0.6 0.25 
-0.05114338667758434 0.43818697358014264 0.6448625618497071 0.95 0.2 0.25 0.85 0.5 0.7 0.65 0.4 0.2 0.85 1.0 0.7 0.2 0.25 1.0 0.4 0.7 0.85 0.35 0.55 0.75 0.15 0.8 0.1 1.0 0.45 0.75 0.75 0.9 0.25 1.0 0.9 0.4 0.85 0.8 0.85 
-0.03281224442741098 0.6188316456998034 0.6340045080811844 0.95 0.3 0.85 0.2 0.5 0.9 0.35 0.7 0.3 0.55 0.5 0.45 0.6 0.25 0.05 0.6 0.25 0.5 0.85 0.35 0.25 0.8 1.0 0.35 0.95 0.85 0.7 0.8 0.95 0.25 1.0 0.05 0.35 0.25 0.6 0.7 
-0.0021543047287128454 0.33197877305794565 0.5257356408935074 0.9 0.45 0.75 0.85 0.5 0.7 0.9 0.4 0.2 0.65 0.75 0.45 0.2 0.6 0.2 0.5 0.7 0.05 0.35 0.65 1.0 0.25 0.8 0.1 0.8 0.45 0.7 0.6 0.9 0.25 0.9 0.9 0.45 0.6 0.8 0.85 
-0.013032474407597427 0.5475296320201787 0.3091508593222858 0.95 0.25 0.25 0.7 0.85 0.55 1.0 0.8 0.45 0.75 0.55 0.65 0.1 0.65 0.65 0.0 0.8 0.2 0.8 0.5 0.9 0.8 0.5 0.5 0.85 0.45 1.0 0.35 0.2 0.5 0.6 0.0 0.85 0.3 0.5 0.35 
-0.008633869451569135 0.37713093457755476 0.45976106227564684 0.55 0.45 0.2 0.15 0.65 0.25 1.0 0.05 0.35 0.35 0.4 0.65 0.8 0.5 0.65 0.1 0.2 1.0 0.3 0.3 0.9 0.8 0.6 0.15 1.0 0.05 0.7 1.0 0.4 0.3 0.95 0.85 0.9 0.9 0.35 0.6 
-0.04044610401344167 0.41330421256678856 0.3867463798053213 0.95 0.4 0.2 0.2 0.4 0.15 1.0 1.0 0.35 0.85 0.4 0.65 0.1 1.0 0.95 0.1 0.2 1.0 0.8 0.0 0.9 0.8 1.0 0.7 0.9 0.05 0.9 0.25 0.4 0.3 0.7 0.85 0.45 0.95 0.35 0.6 
-0.0052166522081289095 0.5747201066634731 0.6239132159553947 0.65 0.1 0.4 0.15 0.35 0.15 0.95 0.8 0.65 0.75 0.65 0.55 0.55 0.9 0.25 0.25 0.9 0.85 0.25 0.05 0.75 0.75 1.0 0.15 1.0 0.15 0.7 0.0 0.25 0.85 1.0 0.9 0.6 0.9 0.6 0.25 
-0.015438345615370557 0.6796001044430723 0.5965131651006801 0.95 0.1 0.1 0.1 0.45 0.1 0.95 0.5 0.4 0.65 0.15 0.45 0.25 0.25 0.3 0.25 0.45 0.5 0.35 0.65 0.8 0.2 1.0 0.3 0.95 0.8 0.5 0.05 0.6 0.95 1.0 0.05 0.35 0.4 0.6 0.65 
-0.043816998818984015 0.5181234386638012 0.6691780956193343 0.5 0.1 0.25 0.15 0.1 0.1 0.95 0.0 0.65 0.55 0.6 0.45 0.25 0.8 0.25 0.25 0.9 0.6 0.95 0.0 0.35 0.75 1.0 0.1 0.95 0.15 0.7 0.05 0.8 0.9 1.0 0.9 0.6 0.9 0.6 0.25 
-0.0033129682782397194 0.34188893680483634 0.47425463275839264 0.8 0.4 0.2 0.15 0.7 0.05 1.0 0.05 0.35 0.2 0.4 0.65 0.7 0.5 0.0 0.1 0.2 1.0 0.3 0.3 0.9 0.25 0.65 0.55 1.0 0.05 0.7 0.8 0.4 0.3 0.7 0.5 0.35 0.9 0.35 0.6 
-0.021251701979782524 0.5403135085004086 0.6588952440698993 0.75 0.1 0.25 0.15 0.8 0.2 1.0 0.0 0.7 0.55 0.4 0.45 0.25 0.8 0.45 0.25 0.9 0.5 0.2 0.95 0.45 0.75 0.8 0.35 0.95 0.15 0.7 0.05 0.55 0.35 1.0 0.9 0.6 0.9 0.6 0.25 
-0.041637513610368236 0.5872638258859381 0.33089234972152237 0.85 0.15 0.65 0.55 0.95 0.9 1.0 0.5 0.4 0.95 0.35 0.75 0.2 0.7 0.1 0.35 0.2 0.5 0.1 0.2 0.85 0.7 0.9 0.7 0.95 0.85 0.65 0.1 0.4 0.1 0.95 0.05 0.15 0.65 0.65 0.65 
-0.013841961854848431 0.6627558228723849 0.37597039375557356 0.85 0.15 0.65 0.7 0.95 0.8 1.0 0.5 0.4 0.95 0.35 0.8 0.2 0.75 0.1 0.35 0.25 0.2 0.85 0.2 0.75 0.7 0.05 0.7 0.95 0.85 0.65 0.1 0.75 0.05 0.95 0.15 0.25 0.65 0.65 0.65 
-0.013154637749650672 0.7373317131526449 0.4661112373795505 1.0 0.15 0.25 0.45 0.95 0.75 1.0 0.5 0.4 0.2 0.35 0.8 1.0 0.3 0.5 0.25 0.25 0.5 0.75 0.2 0.75 0.2 0.65 0.35 0.7 0.75 0.45 0.4 0.75 0.35 1.0 0.05 0.35 0.7 0.6 0.65 
-0.017778952940705212 0.7354567426131058 0.5077828164887985 0.95 0.1 0.35 0.15 0.25 0.05 1.0 0.7 0.4 0.65 0.35 0.5 0.35 0.85 1.0 0.25 0.25 0.5 0.1 0.2 0.25 0.8 0.6 0.35 0.95 0.8 0.65 0.05 0.75 0.35 1.0 0.05 0.35 0.2 0.6 0.65 
-0.10611156001885369 0.5059088260354064 0.6974306425123858 0.65 0.1 0.4 0.15 0.35 0.15 0.85 0.95 0.65 0.0 0.6 0.5 0.55 0.9 0.25 0.25 0.9 0.85 0.95 0.05 0.35 0.35 1.0 0.6 1.0 0.15 0.7 0.1 0.25 0.85 1.0 0.9 0.6 0.9 0.6 0.25 
-0.007245637414988964 0.532028768956558 0.6813406271143071 0.65 0.1 0.4 0.15 0.35 0.15 0.95 0.8 0.65 0.75 0.65 0.55 0.55 0.9 0.25 0.25 0.9 0.85 0.25 0.05 0.75 0.75 1.0 0.15 1.0 0.15 0.7 0.1 0.25 0.85 1.0 0.9 0.6 0.9 0.6 0.25 
-0.10896211498893267 0.6994364344189479 0.3913259653626336 0.85 0.15 0.65 0.6 0.95 0.6 1.0 0.5 0.65 1.0 0.35 0.75 0.2 0.75 0.1 0.35 0.95 0.2 0.85 0.2 0.55 0.4 0.4 0.6 0.95 0.85 0.65 0.1 0.75 0.3 1.0 0.15 0.25 0.65 0.65 0.65 
-0.009351919342195845 0.7229989613973153 0.5681191818049393 1.0 0.15 0.25 0.45 0.95 0.8 1.0 0.75 0.6 0.05 0.35 0.9 0.1 0.3 0.9 0.25 0.3 0.5 0.75 0.2 0.75 0.2 0.95 0.35 0.9 0.75 0.4 0.4 0.95 0.35 1.0 0.05 0.35 1.0 0.6 0.65 
-0.03815067564078081 0.5085769407308727 0.6837462739795575 0.65 0.1 0.4 0.15 0.0 0.15 0.85 0.95 0.65 0.5 0.6 0.5 0.55 0.9 0.25 0.25 0.1 0.85 0.95 0.3 0.35 0.75 1.0 0.3 1.0 0.15 0.7 0.1 0.35 0.85 1.0 0.9 0.6 0.9 0.6 0.25 
-0.0036895707367828852 0.32986026649813105 0.4883108699781345 0.95 0.45 0.75 0.85 0.5 0.7 0.9 0.4 0.55 0.65 0.75 0.55 0.2 0.6 1.0 0.5 0.7 0.05 0.5 0.5 1.0 0.25 0.8 0.1 0.8 0.45 0.7 0.95 0.9 0.25 0.8 0.9 0.45 0.5 0.4 0.85 
-0.026017395040827743 0.585525893383938 0.6510701419328588 0.7 0.15 0.15 0.5 0.95 0.35 1.0 0.5 0.15 0.65 0.35 0.75 1.0 0.3 0.3 0.25 0.25 0.1 0.1 0.2 0.75 0.2 0.8 0.35 0.95 0.8 0.4 0.15 0.75 0.35 1.0 0.05 0.35 0.45 0.6 0.65 
-0.0016077067839166076 0.6951448022301131 0.36541259692429595 0.85 0.15 0.65 0.6 0.95 0.8 1.0 0.5 0.65 0.95 0.35 0.75 0.2 0.75 0.1 0.35 0.25 0.2 0.85 0.2 0.55 0.4 0.05 0.6 0.95 0.85 0.65 0.1 0.75 0.3 0.95 0.15 0.25 0.65 0.65 0.65 
-0.0031251510538754393 0.3660806097801552 0.44438090288541526 1.0 0.45 0.15 0.15 0.85 0.15 1.0 0.05 0.35 0.85 0.4 0.65 0.8 0.5 0.5 0.1 0.2 1.0 0.35 0.0 0.45 0.8 1.0 0.15 0.9 0.05 0.7 0.6 0.4 0.3 0.7 0.85 0.9 0.95 0.35 0.6 
-0.15113204999654045 0.5685126989496648 0.6605854869934632 0.1 0.1 0.4 0.15 0.95 0.3 0.95 0.95 0.65 0.65 0.6 0.45 0.25 0.9 0.25 0.25 0.9 0.85 0.35 0.05 0.35 1.0 1.0 1.0 1.0 0.15 0.7 0.05 0.65 0.95 1.0 0.9 0.6 0.9 0.6 0.25 
-0.0003238481723879493 0.7202450042494384 0.41951241904296455 1.0 0.1 0.65 0.55 0.95 0.8 0.85 0.5 0.4 0.95 0.35 0.45 0.2 0.7 0.2 0.9 0.25 0.5 0.1 0.2 0.75 0.7 0.95 0.3 0.8 0.85 0.65 0.05 0.25 0.05 1.0 0.1 0.35 0.65 0.65 0.65 
-0.00636685003422412 0.6656844161305796 0.5960756241867793 1.0 0.15 0.15 0.5 0.95 0.8 1.0 0.5 0.15 0.65 0.35 0.75 1.0 0.3 0.3 0.25 0.25 0.1 0.1 0.2 0.75 0.2 0.8 0.35 0.95 0.8 0.4 0.15 0.75 0.2 1.0 0.05 0.35 0.45 0.6 0.65 
-0.15679349773398812 0.36282485141515725 0.42482674620276334 1.0 0.45 0.2 0.15 0.85 0.15 1.0 0.05 0.35 0.85 0.4 0.65 0.8 0.5 0.65 0.1 0.2 1.0 0.6 0.3 0.9 0.8 0.55 0.15 1.0 0.05 0.7 1.0 0.4 0.3 0.4 0.85 0.9 0.9 0.35 0.3 
-0.19101850619097835 0.5094297789127289 0.732270726215734 0.65 0.1 0.4 0.15 0.35 0.15 0.85 0.95 0.65 0.65 0.6 0.5 0.55 0.9 0.25 0.25 0.9 0.85 0.95 0.05 0.35 0.75 1.0 0.6 1.0 0.15 0.7 0.1 0.25 0.85 1.0 0.9 0.6 0.9 0.6 0.25 
-0.013795824177649752 0.5700391405990844 0.6809897705440496 0.9 0.1 0.4 0.4 0.95 0.1 0.95 0.95 0.65 0.65 0.6 0.45 0.65 0.8 0.25 0.25 0.9 0.85 0.95 0.05 0.35 0.75 1.0 0.05 1.0 0.15 0.7 0.05 0.5 0.65 1.0 0.9 0.6 0.9 0.6 0.25 
-0.015505553370136555 0.5914377034658418 0.6843988559315074 0.9 0.1 0.4 0.15 0.1 0.25 1.0 0.0 0.65 0.55 0.6 0.45 0.25 0.8 0.25 0.25 0.9 0.85 0.35 0.0 0.35 0.75 1.0 0.05 0.95 0.15 0.7 0.05 0.8 0.9 1.0 0.9 0.6 0.9 0.6 0.25 
-0.017401337010526034 0.6876150253922503 0.3833999382079609 0.7 0.1 0.65 0.55 0.95 0.8 1.0 0.5 0.4 0.95 0.35 0.45 0.2 0.7 0.2 0.9 0.25 0.5 0.1 0.2 0.75 0.7 0.95 0.3 0.8 0.85 0.65 0.05 0.3 0.05 1.0 0.1 0.35 0.65 0.6 0.65 
-0.030954292805337697 0.6724147814916973 0.35036761562720464 0.9 0.15 0.65 0.3 0.95 0.8 1.0 0.5 0.4 0.95 0.35 0.75 0.2 0.7 0.1 0.35 0.25 0.5 0.1 0.2 0.75 0.7 0.2 0.7 0.95 0.85 0.65 0.1 0.25 0.05 0.95 0.15 0.25 0.65 0.65 0.65 
-0.015473423484795364 0.7535310538690071 0.48511907595914633 1.0 0.15 0.25 0.45 0.95 0.75 1.0 0.5 0.4 0.2 0.35 0.8 1.0 0.3 0.5 0.25 0.25 0.5 0.75 0.2 0.75 0.2 0.65 0.35 0.95 0.75 0.45 0.4 0.75 0.35 1.0 0.05 0.35 0.55 0.6 0.65 
-0.01837588474842504 0.661130712762369 0.33194868420105417 0.85 0.15 0.6 0.6 0.95 0.8 1.0 0.5 0.85 0.95 0.35 0.75 0.2 0.75 0.1 0.35 0.25 0.2 0.85 0.1 0.75 0.7 0.05 0.7 0.95 0.85 0.65 0.1 0.35 0.05 0.95 0.15 0.25 0.65 0.65 0.65 
-0.2805358474611182 0.6728691242662538 0.3336412110581223 1.0 0.1 0.6 0.55 0.95 0.8 0.85 0.5 0.4 0.95 0.35 0.45 0.2 0.25 0.2 0.9 0.25 0.5 0.1 0.2 0.75 0.65 0.95 0.3 0.8 0.85 0.65 0.05 0.25 0.05 1.0 0.1 0.35 0.65 0.6 0.65 
-0.020124821404777594 0.6375272249075618 0.6304097393300765 0.95 0.3 0.85 0.35 0.25 0.9 0.65 0.7 0.3 0.55 0.5 0.45 0.6 0.25 0.05 0.6 0.7 0.5 0.85 0.2 0.25 0.15 1.0 0.35 0.95 0.85 0.6 0.75 0.95 0.25 0.9 0.05 0.35 0.25 0.6 1.0 
-0.03142040755114414 0.7269733995846681 0.5946068881239484 1.0 0.15 0.1 0.45 0.95 0.75 1.0 0.5 0.45 0.2 0.35 0.75 1.0 0.6 0.8 0.45 0.25 0.5 0.75 0.85 0.75 0.2 0.65 0.35 0.9 0.75 0.4 0.4 0.95 0.0 1.0 0.05 0.35 0.55 0.55 0.65 
-0.01372976726972293 0.7078516017052386 0.4277527111614031 1.0 0.15 0.2 0.45 0.95 0.8 0.85 0.5 0.4 0.5 0.3 0.7 1.0 0.3 0.5 0.2 0.25 0.8 0.45 0.45 0.75 0.55 0.65 0.95 0.95 0.75 0.4 0.15 0.75 0.35 1.0 1.0 0.3 0.25 0.6 0.5 
-154.11429527197436 0.43368534342323684 0.6826602356076388 0.4 0.1 0.25 0.15 0.0 1.0 0.35 0.0 0.15 0.5 0.35 0.45 0.25 0.2 0.2 0.6 0.9 0.5 0.95 1.0 0.45 0.15 1.0 0.8 0.95 0.85 0.4 0.05 0.1 0.4 1.0 0.9 0.6 0.9 0.6 0.25 
-0.003183996547105536 0.3388498175572007 0.4636984730441977 0.8 0.45 0.2 0.15 0.7 0.05 1.0 0.05 0.35 0.2 0.4 0.65 0.3 0.5 0.0 0.1 0.2 1.0 0.3 0.3 0.9 0.25 0.65 0.55 1.0 0.05 0.7 0.8 0.4 0.3 0.7 0.5 0.6 0.9 0.35 0.5 
-17.691979074173947 0.46268509498653493 0.3442435662632767 1.0 0.45 0.2 1.0 0.75 0.4 1.0 0.9 0.2 0.7 0.45 0.65 0.85 0.6 0.3 0.45 0.1 0.1 1.0 0.15 0.05 0.15 0.45 0.55 0.9 0.3 0.75 0.7 0.4 0.9 0.6 0.85 0.6 0.55 0.35 0.55 
-16.885996672695246 0.5006496542703913 0.3144057239076077 0.95 0.25 0.25 0.65 0.85 0.55 1.0 0.7 0.4 0.6 0.6 0.7 0.1 0.65 0.25 0.0 0.45 0.8 0.8 0.95 0.7 0.7 0.85 0.65 1.0 0.7 0.85 0.95 0.2 0.5 0.4 0.0 0.35 0.3 0.45 0.3 
-0.09272141490717005 0.7567210033535816 0.46209703111118605 1.0 0.15 0.25 0.45 0.95 0.8 1.0 0.5 0.4 0.2 0.35 0.75 1.0 0.3 0.85 0.2 0.25 0.5 0.75 0.2 0.75 0.2 0.65 0.35 0.95 0.75 0.4 0.4 0.75 0.35 0.95 0.05 0.35 0.35 0.6 0.55 
-0.012595166184740113 0.7291118566982295 0.3875054584728435 1.0 0.15 0.25 0.55 0.95 0.8 1.0 0.5 0.2 0.5 0.35 0.7 1.0 0.3 0.5 0.25 0.25 0.5 0.1 0.2 0.35 0.2 0.5 0.35 0.95 0.75 0.4 0.7 0.75 0.35 1.0 0.05 0.4 0.25 0.55 0.3 
-145.1857218706855 0.47391932387080415 0.6941708360603227 0.75 0.1 0.25 0.15 0.15 0.4 1.0 0.0 0.15 0.55 0.35 0.45 0.25 0.8 0.25 0.25 0.9 0.5 0.85 0.45 0.45 0.6 0.05 0.35 0.95 0.15 0.7 0.05 0.85 0.65 0.85 0.9 0.6 0.9 0.6 0.25 
-0.04734997045801367 0.3797607382494228 0.4003022792948965 1.0 0.45 0.2 0.15 0.85 0.45 1.0 0.05 0.35 0.85 0.4 0.65 0.8 0.5 0.5 0.1 0.2 1.0 0.0 0.0 0.1 0.8 1.0 0.15 0.9 0.05 0.7 0.6 0.4 0.3 0.7 0.85 0.9 0.95 0.35 0.6 
-0.005461305930149675 0.33999187873481806 0.4714751502780583 0.8 0.4 0.2 0.15 0.7 0.05 1.0 0.05 0.35 0.2 0.4 0.65 0.7 0.5 0.0 0.1 0.2 1.0 0.3 0.3 0.9 0.25 0.65 0.55 1.0 0.05 0.7 0.8 0.4 0.3 0.7 0.5 0.55 0.9 0.35 0.6 
-0.12434722231904338 0.365088913791099 0.39389762125481453 1.0 0.45 0.75 0.85 0.5 0.7 0.8 0.4 0.2 0.65 0.75 0.55 0.2 0.5 0.45 0.5 0.7 0.6 0.95 0.65 1.0 0.0 0.75 1.0 0.8 0.3 0.7 1.0 0.9 0.25 0.9 0.05 0.4 0.6 0.8 0.85 
-0.0572298814273601 0.6170893077645287 0.6695923212616566 1.0 0.15 0.1 0.45 0.95 0.75 1.0 0.5 0.3 0.25 0.7 0.75 1.0 0.3 0.8 0.5 0.25 0.5 0.75 0.2 0.75 0.2 0.4 0.35 0.95 0.75 0.4 0.4 0.8 0.1 1.0 0.05 0.35 0.3 0.6 0.7 
-0.0016560303892377047 0.5945892489217351 0.689790124264797 0.9 0.1 0.4 0.15 0.5 0.3 0.95 0.0 0.65 0.55 0.6 0.45 0.25 0.8 0.25 0.25 0.9 0.85 0.35 0.0 0.35 0.75 1.0 0.05 0.95 0.15 0.7 0.05 0.8 0.2 1.0 0.9 0.6 0.9 0.6 0.25 
-0.01230223812659918 0.40157246111316136 0.6180494960125826 0.9 0.05 0.75 0.8 0.5 0.7 0.05 0.4 0.2 1.0 0.75 0.55 0.35 0.05 0.6 0.5 0.25 0.7 0.15 0.05 0.45 0.25 0.65 0.35 1.0 0.4 0.6 0.85 0.9 0.25 0.75 0.9 0.3 0.7 0.8 0.8 
-0.007069108447917385 0.5616820569012654 0.7002317040931242 0.9 0.1 0.4 0.05 0.5 0.85 0.95 0.0 0.65 0.9 0.6 0.45 0.25 0.8 0.5 0.25 0.9 0.2 0.35 0.0 0.35 0.75 1.0 0.05 0.95 0.15 0.7 0.05 0.3 0.2 1.0 0.9 0.6 0.9 0.6 0.25 
-0.0002233674849068362 0.5954447268670103 0.6796160218000381 0.9 0.1 0.25 0.15 0.1 0.1 0.95 0.0 0.65 0.55 0.6 0.45 0.25 0.8 0.25 0.25 0.9 0.6 0.95 0.0 0.35 0.75 1.0 0.05 0.95 0.15 0.7 0.05 0.8 0.2 1.0 0.9 0.6 0.9 0.6 0.25 
-0.003080901914394481 0.37508080748086914 0.6219322936032583 0.4 0.0 0.6 0.85 0.5 0.7 0.85 0.4 0.2 0.85 1.0 0.7 0.2 0.75 0.55 0.4 0.7 0.05 0.35 0.65 0.75 0.25 0.8 0.6 1.0 0.45 0.55 0.7 0.1 0.25 1.0 0.9 0.4 0.85 0.8 0.85 
-0.02632196232023636 0.7512785685423846 0.5281895046662319 1.0 0.15 0.6 0.45 0.95 0.8 0.95 0.5 0.55 0.2 0.2 0.9 0.2 0.3 0.8 0.1 0.3 0.5 0.95 0.9 0.75 0.2 0.95 0.35 0.9 0.75 0.4 0.75 0.95 0.35 1.0 0.05 0.35 0.45 0.6 0.8 
-0.09414209907688968 0.40453992436557673 0.6513903874886212 0.85 0.0 0.95 0.85 0.5 0.7 0.95 0.4 0.2 0.85 1.0 0.7 0.2 0.25 0.55 0.4 0.7 0.05 0.35 0.65 0.75 0.15 0.8 0.85 1.0 0.45 0.75 0.75 0.9 0.25 1.0 0.9 0.4 0.85 0.8 0.85 
-0.04088316901153281 0.5891866902033505 0.31641325134837595 0.85 0.15 0.85 0.6 0.95 0.8 1.0 0.5 0.4 0.95 0.35 0.75 0.2 0.75 0.1 0.45 0.25 0.2 0.85 0.2 0.75 0.7 0.05 0.7 0.95 0.85 0.65 0.1 0.55 0.05 0.4 0.2 0.25 0.65 0.65 0.65 
-0.008395322153176465 0.620756096686482 0.3351296992738716 0.85 0.15 0.85 0.6 0.95 0.8 1.0 0.5 0.65 0.95 0.35 0.75 0.75 0.75 0.1 0.35 0.25 0.2 0.85 0.2 0.75 0.7 0.05 0.7 0.95 0.85 0.65 0.1 0.35 0.05 0.8 0.2 0.25 0.65 0.65 0.65 
-21.917160830406043 0.4672448099821911 0.3254704006962924 1.0 0.45 0.2 1.0 0.75 0.4 1.0 0.9 0.2 0.7 0.45 0.65 0.5 0.7 0.3 0.45 0.1 0.1 1.0 0.2 0.05 0.15 0.45 0.55 0.9 0.3 0.75 0.4 0.4 0.9 0.6 0.85 0.6 0.55 0.35 0.55 
-0.0064911154335202574 0.3293650618936719 0.5341895711566472 0.9 0.05 0.8 0.85 0.5 0.7 0.95 0.4 0.25 0.7 0.75 0.55 0.55 0.5 0.05 0.5 0.7 0.45 0.1 0.9 1.0 0.25 0.8 0.1 0.95 0.55 0.75 0.75 0.05 0.25 0.9 0.95 0.6 0.6 0.8 0.9 
-0.007000573855845319 0.637923177366093 0.3392211928473513 0.85 0.15 0.65 0.55 0.95 0.8 1.0 0.5 0.4 0.95 0.35 0.45 0.2 0.1 0.2 0.9 0.25 0.8 0.1 0.2 0.75 0.7 1.0 0.75 0.75 0.85 0.65 0.15 0.35 0.05 1.0 0.05 0.4 0.25 0.6 0.65 
-0.13377874027663 0.31204488934293306 0.49605821380594783 0.9 0.45 0.75 0.85 0.5 0.7 0.85 0.4 0.2 0.15 0.75 0.55 0.2 0.3 0.2 0.5 0.7 0.05 0.95 0.45 1.0 0.0 0.75 1.0 0.8 0.25 0.45 0.85 0.9 0.25 0.9 0.9 0.8 0.75 0.8 0.85 
-0.015880085122834058 0.36669965967007595 0.5887901104665817 0.4 0.0 0.25 0.85 0.5 0.7 0.85 0.4 0.2 0.85 1.0 0.7 0.2 0.75 0.55 0.4 0.7 0.05 0.35 0.65 0.75 0.15 0.8 0.6 1.0 0.45 0.55 0.7 0.1 0.25 0.9 0.9 0.4 0.85 0.8 0.65 
-4.57625458782595 0.4578150247851112 0.6703561404177603 0.95 0.8 0.25 0.95 0.5 0.7 0.65 0.4 0.2 0.85 1.0 0.7 0.2 0.25 0.1 0.25 0.75 0.05 0.35 0.15 0.75 0.15 0.3 0.1 1.0 0.45 0.75 0.55 0.8 0.25 1.0 0.9 0.4 0.7 0.8 0.85 
-0.028844071275681456 0.7050016724404534 0.6074992967212037 0.9 0.3 0.35 0.05 0.25 0.9 1.0 0.7 0.3 0.55 0.5 0.45 0.6 0.8 0.05 0.6 0.0 0.5 0.85 0.2 0.25 0.8 1.0 0.35 1.0 0.85 0.65 0.75 0.95 0.25 0.9 0.2 0.35 0.25 0.6 0.7 
-0.029749854656672306 0.6918916945239135 0.6169400834532234 0.95 0.3 0.65 0.35 0.5 0.9 0.9 0.7 0.3 0.55 0.5 0.45 0.6 0.25 0.05 0.6 0.25 0.5 0.85 0.35 0.25 0.8 1.0 0.35 0.95 0.85 0.7 0.8 0.95 0.25 0.95 0.05 0.35 0.25 0.6 0.65 
-0.0034238318138985146 0.666342235947088 0.6421142645564835 0.95 0.3 0.85 0.35 0.5 0.9 0.9 0.7 0.3 0.55 0.5 0.45 0.6 0.25 0.05 0.6 0.25 0.5 0.85 0.35 0.25 0.8 1.0 0.35 0.95 0.85 0.7 0.8 0.95 0.25 1.0 0.05 0.35 0.25 0.6 0.7 
-0.0030583399495902686 0.3115932946276615 0.5170322883894676 0.9 0.45 0.8 0.85 0.5 0.7 0.85 0.4 0.2 0.65 0.75 0.55 0.2 0.3 0.2 0.5 0.7 0.25 0.95 0.65 1.0 0.2 0.75 1.0 1.0 0.3 0.45 0.25 0.9 0.25 0.9 0.9 0.8 0.75 0.8 0.85 
-0.01004073063120576 0.41166609519228226 0.36933694705461506 1.0 0.4 0.2 0.2 0.95 0.15 1.0 1.0 0.35 0.85 0.4 0.65 0.05 0.5 0.95 0.1 0.2 1.0 0.8 0.0 0.9 0.8 1.0 0.7 0.9 0.05 0.9 0.7 0.4 0.3 0.7 0.85 0.45 0.95 0.35 0.6 
-0.014874530854188819 0.3392956127213962 0.5604112529894305 0.9 0.05 0.75 0.85 0.5 0.7 0.75 0.4 0.2 0.65 0.75 0.55 0.0 0.6 0.05 0.5 0.9 0.45 0.7 0.65 1.0 0.9 0.8 0.1 0.85 0.45 0.6 0.75 0.9 0.25 0.7 0.9 0.15 0.5 0.8 0.9 
-0.02020292557961222 0.6331520390655971 0.6520208190256478 1.0 0.15 0.15 0.5 0.95 0.8 1.0 0.5 0.85 0.6 0.35 0.75 0.05 0.3 0.4 0.25 0.25 0.5 0.1 0.2 0.75 0.35 0.15 0.35 0.95 0.8 0.4 0.15 0.75 0.35 1.0 0.05 0.35 0.25 0.6 0.65 
-0.04875945301415612 0.7469317266292194 0.36499530997626484 1.0 0.15 0.2 0.45 0.95 0.8 1.0 0.5 0.5 0.35 0.35 0.7 1.0 0.3 0.5 0.2 0.25 0.5 0.45 0.2 0.75 0.2 0.65 0.35 0.85 0.75 0.4 0.15 0.75 0.35 1.0 1.0 0.3 0.2 0.6 0.5 
-0.00137811787889022 0.34356250570849256 0.56713060132415 0.9 0.05 0.75 0.85 0.5 0.7 0.9 0.4 0.2 0.65 0.75 0.55 0.2 0.6 1.0 0.5 0.7 0.05 0.55 0.65 1.0 0.25 0.8 0.1 0.85 0.45 0.7 0.75 0.9 0.25 0.8 0.9 0.45 0.6 0.8 0.85 
-0.021693970057158177 0.7469116963016234 0.44359920937690545 0.95 0.15 0.25 0.55 0.95 0.8 1.0 0.5 0.2 0.5 0.35 0.7 1.0 0.3 0.5 0.25 0.25 0.5 0.1 0.2 0.75 0.2 0.65 0.35 0.7 0.75 0.4 0.7 0.75 0.35 1.0 0.05 0.35 0.25 0.6 0.3 
-0.03712518206116867 0.6996445642424302 0.34898370794418904 0.85 0.15 0.65 0.6 0.95 0.8 1.0 0.5 0.35 0.95 0.35 0.75 0.2 0.75 0.1 0.35 0.25 0.2 0.85 0.2 0.55 0.4 0.05 0.6 0.95 0.85 0.65 0.1 0.75 0.3 0.95 0.15 0.25 0.65 0.65 0.65 
-0.23771838305738396 0.32142510351482034 0.5442394851961379 0.9 0.05 0.75 0.85 0.5 0.7 0.9 0.4 0.2 0.85 0.75 0.55 0.2 0.6 0.05 0.5 0.7 0.45 0.7 0.65 1.0 0.25 0.8 0.1 0.85 0.45 0.75 0.75 0.9 0.25 0.8 0.9 0.45 0.6 0.6 0.85 
-0.018675567613276753 0.6954450052505341 0.31676589026577606 0.9 0.15 0.65 0.55 0.95 0.8 1.0 0.5 0.45 0.95 0.35 0.45 0.2 0.7 0.2 0.9 0.25 0.5 0.2 0.2 0.75 0.7 0.95 0.75 0.8 0.85 0.65 0.05 0.35 0.25 1.0 0.05 0.35 0.65 0.6 0.65 
-0.08511248912117711 0.6097837846722078 0.6945220979372404 0.9 0.15 0.3 0.15 0.1 0.85 0.95 0.0 0.65 0.55 0.6 0.45 0.25 0.8 0.25 0.25 0.9 0.6 0.95 0.0 0.35 0.75 1.0 0.05 1.0 0.15 0.7 0.05 0.8 0.2 1.0 0.9 0.6 0.9 0.6 0.25 
-0.1260818712583039 0.7484703366854276 0.4215534023138083 1.0 0.15 0.25 0.55 0.95 0.8 1.0 0.5 0.2 0.55 0.35 0.7 1.0 0.3 0.5 0.25 0.25 0.5 0.1 0.2 0.75 0.2 0.4 0.35 0.95 0.75 0.4 0.7 0.75 0.35 1.0 0.05 0.35 0.25 0.6 0.35 
-0.012472360919796132 0.7346833457391964 0.3936673909146678 1.0 0.15 0.55 0.45 0.95 0.85 1.0 0.5 0.4 0.85 0.35 0.75 0.35 0.3 0.2 0.25 0.25 0.5 0.75 1.0 0.75 0.2 0.65 0.35 0.95 0.7 0.4 0.4 0.7 0.35 1.0 0.05 0.35 0.75 0.6 0.65 
-0.008349476881874304 0.6475353406964259 0.3234360093352784 0.85 0.15 0.65 0.6 0.95 0.8 1.0 0.5 0.35 0.95 0.35 0.75 0.2 0.75 0.1 0.35 0.25 0.2 0.85 0.2 0.55 0.4 0.05 0.6 0.95 0.85 0.8 0.1 0.75 0.3 0.95 0.15 0.25 0.65 0.65 0.65 
-0.049406348499804804 0.5393227046203484 0.7420344103173593 0.65 0.1 0.4 0.15 0.95 0.3 0.95 0.95 0.65 0.65 0.6 0.45 0.25 0.9 0.25 0.25 0.9 0.85 0.35 0.05 0.35 1.0 1.0 0.6 1.0 0.15 0.7 0.05 0.65 0.95 1.0 0.9 0.6 0.9 0.6 0.25 
-0.020438843925713653 0.7837334215937373 0.46563534785282434 1.0 0.15 0.2 0.45 0.95 0.85 1.0 0.5 0.35 0.5 0.35 0.7 0.2 0.3 0.25 0.2 0.25 0.5 0.45 0.8 0.55 0.2 0.2 0.35 0.9 0.75 0.4 0.15 0.75 0.35 1.0 1.0 0.3 0.25 0.6 0.75 
-0.0027449838475733564 0.633363310979633 0.2971749237331409 0.85 0.15 0.65 0.6 0.95 0.8 1.0 0.5 0.4 0.95 0.35 0.75 0.2 0.75 0.1 0.35 0.25 0.2 0.85 0.2 0.75 0.7 0.05 0.7 0.95 0.85 0.65 0.05 0.75 0.05 0.95 0.15 0.25 0.65 0.65 0.65 
-0.05463842472910575 0.7408301523335207 0.57315653849116 0.85 0.15 0.3 0.25 0.95 0.8 1.0 0.5 0.35 0.95 0.35 0.65 0.2 0.7 0.2 0.9 0.25 0.5 0.1 0.2 0.75 0.7 0.95 0.75 0.95 0.85 0.65 0.2 0.35 0.05 1.0 0.05 0.35 0.45 0.6 0.65 
-0.3934427777981144 0.5169246040016751 0.3058843635382714 0.95 0.25 0.25 0.65 0.85 0.55 1.0 0.8 0.5 0.75 0.55 0.65 0.1 0.55 0.65 0.0 1.0 0.55 0.8 0.5 0.9 0.8 0.5 0.9 0.85 0.45 1.0 0.35 0.2 0.5 0.55 0.0 0.85 0.3 0.5 0.35 
-0.01930846662218975 0.7610288591600978 0.4250141967205215 0.95 0.15 0.25 0.55 0.95 0.8 1.0 0.5 0.2 0.5 0.35 0.7 0.7 0.3 0.5 0.25 0.25 0.5 0.1 0.2 0.75 0.2 0.2 0.35 0.9 0.75 0.4 0.7 0.75 0.35 1.0 0.05 0.35 0.25 0.6 0.3 
-0.9445007572156454 0.5961158951322181 0.7320402133894699 0.9 0.1 0.4 0.15 0.95 0.0 0.95 0.95 0.65 0.95 0.6 0.45 0.25 0.8 0.25 0.25 0.9 0.85 0.95 0.05 0.35 0.75 1.0 0.05 1.0 0.15 0.7 0.05 0.5 0.5 0.95 0.9 0.6 0.9 0.6 0.25 
-0.07370957894418435 0.7766650911291875 0.40722689461354367 1.0 0.15 0.25 0.55 0.95 0.8 1.0 0.5 0.2 0.5 0.35 0.7 1.0 0.3 0.5 0.25 0.25 0.5 0.1 0.2 0.75 0.2 0.65 0.35 0.95 0.75 0.4 0.65 0.75 0.35 1.0 0.05 0.35 0.25 0.6 0.65 
-0.002448584713076267 0.6818790383066619 0.655771619175793 0.95 0.3 0.85 0.2 0.5 0.9 0.9 0.7 0.3 0.55 0.5 0.45 0.6 0.25 0.6 0.6 0.25 0.5 0.85 0.35 0.25 0.8 1.0 0.35 0.95 0.85 0.7 0.8 0.95 0.25 1.0 0.2 0.35 0.25 0.6 0.7 
-0.9613884878703278 0.761605382102864 0.3785417167330786 1.0 0.15 0.25 0.55 0.95 0.8 1.0 0.5 0.2 0.5 0.35 0.7 1.0 0.3 0.5 0.25 0.25 0.5 0.1 0.2 0.75 0.2 0.65 0.35 0.95 0.75 0.4 0.55 0.75 0.35 1.0 0.05 0.35 0.25 0.6 0.35 
-0.04070033706463916 0.7133144323887294 0.355125323080272 1.0 0.15 0.2 0.45 0.95 0.8 1.0 0.5 0.4 0.35 0.35 0.7 1.0 0.3 0.5 0.2 0.25 0.5 0.45 0.2 0.75 0.2 0.65 0.35 0.85 0.75 0.4 0.15 0.75 0.35 1.0 1.0 0.3 0.25 0.6 0.5 
-0.06358718181898343 0.6605227243143366 0.6770616966345311 1.0 0.15 0.1 0.45 0.95 0.75 1.0 0.5 0.3 0.2 0.75 0.75 1.0 0.3 0.8 0.5 0.85 0.5 0.75 0.2 0.75 0.2 0.4 0.35 0.95 0.75 0.4 0.4 0.8 0.1 1.0 0.05 0.35 0.3 0.6 0.7 
-0.061085232109195406 0.3463399411306044 0.5911007746084541 0.9 0.05 0.75 0.85 0.5 0.7 0.95 0.35 0.2 0.55 0.75 0.55 0.55 0.6 0.05 0.3 0.7 0.45 0.7 0.65 1.0 0.25 0.8 0.1 0.95 0.5 0.7 0.75 0.9 0.25 0.9 0.95 0.5 0.6 0.8 0.9 
-0.7226711261813693 0.7213155550962868 0.3428749254693453 1.0 0.15 0.2 0.45 0.95 0.8 1.0 0.55 0.4 0.35 0.35 0.7 1.0 0.3 0.15 0.2 0.25 0.0 0.45 0.2 0.75 0.5 0.65 0.35 0.95 0.75 0.4 0.15 0.85 0.0 1.0 1.0 0.3 0.25 0.6 0.5 
-0.01891430069877793 0.32599037530807207 0.5758096355667941 0.9 0.05 0.75 0.85 0.5 0.7 0.9 0.4 0.2 0.85 0.75 0.55 0.2 0.6 0.05 0.5 0.7 0.45 0.7 0.65 1.0 0.25 0.8 0.1 0.85 0.45 0.75 0.8 0.9 0.25 0.8 0.9 0.6 0.65 0.8 0.9 
-0.030962394962583514 0.675973510373408 0.6696414331451472 1.0 0.15 0.1 0.45 0.95 0.75 1.0 0.5 0.4 0.2 0.35 0.85 1.0 0.3 0.8 0.25 0.25 0.5 0.75 0.2 0.5 0.2 0.65 0.35 0.95 0.75 0.4 0.3 0.75 0.0 1.0 0.05 0.35 0.25 0.6 0.65 
-0.11443494945569414 0.5634948338732776 0.7347000220959878 0.65 0.2 0.4 0.15 0.35 0.15 0.95 0.95 0.65 0.65 0.6 0.3 0.55 0.9 0.25 0.25 0.9 0.85 0.95 0.6 0.35 0.75 1.0 0.6 1.0 0.15 0.7 0.1 0.35 0.85 1.0 0.9 0.6 0.9 0.6 0.25 
-2.2776536605850666 0.7403635686897092 0.3504000043541071 1.0 0.15 0.2 0.45 0.95 0.8 1.0 0.5 0.6 0.35 0.35 0.7 1.0 0.3 0.5 0.2 0.25 0.5 0.45 0.2 0.75 0.2 0.65 0.35 0.85 0.75 0.4 0.15 0.75 0.35 1.0 1.0 0.3 0.25 0.6 0.5 
-0.019880477348748916 0.5685277157838686 0.7186530481781125 0.65 0.2 0.4 0.15 0.35 0.15 0.85 0.95 0.65 0.65 0.6 0.35 0.55 0.9 0.25 0.25 0.9 0.85 0.95 0.6 0.45 0.75 1.0 0.6 1.0 0.15 0.7 0.1 0.05 0.85 1.0 0.9 0.6 0.9 0.6 0.25 
-0.09013073231146737 0.7603616734783771 0.497604330136309 1.0 0.15 0.25 0.45 0.95 0.75 1.0 0.7 0.4 0.2 0.35 0.6 1.0 0.3 0.4 0.25 0.25 0.5 0.75 0.2 0.75 0.65 0.65 0.35 0.95 0.75 0.4 0.4 0.75 0.3 1.0 0.05 0.35 0.55 0.6 0.65 
-147.99440073245793 0.4661233010549787 0.7137274507447336 0.75 0.1 0.25 0.15 0.15 0.4 1.0 0.0 0.15 0.55 0.35 0.45 0.25 0.8 0.35 0.25 0.9 0.5 0.85 0.0 0.45 0.75 0.65 0.35 0.95 0.15 0.7 0.05 0.85 0.75 1.0 0.9 0.6 0.9 0.6 0.25 
-0.02227603238097969 0.7671634451829394 0.5278575573710791 1.0 0.15 0.25 0.45 0.95 0.75 1.0 0.5 0.4 0.2 0.35 0.8 1.0 0.3 0.5 0.25 0.25 0.5 0.75 0.2 0.75 0.2 0.65 0.35 0.95 0.75 0.4 0.4 0.75 0.35 1.0 0.05 0.35 0.55 0.6 0.65 
-0.3842783947346237 0.779449834263567 0.4451854555979753 1.0 0.15 0.2 0.45 0.95 0.8 1.0 0.45 0.3 0.5 0.35 0.7 1.0 0.3 0.5 0.2 0.25 0.5 0.45 0.2 0.75 0.2 0.2 0.35 0.9 0.75 0.4 0.15 0.75 0.4 1.0 1.0 0.3 0.25 0.6 0.7 
-0.08097987462078343 0.5820978499537256 0.29539300399392887 0.85 0.15 0.6 0.6 0.95 0.8 1.0 0.5 0.4 0.95 0.35 0.75 0.2 0.75 0.1 0.35 0.25 0.2 0.85 0.2 0.75 0.7 0.05 0.7 0.95 0.85 0.65 0.1 0.35 0.05 0.75 0.15 0.25 0.7 0.65 0.65 
-4.331515453663946 0.4356067424072741 0.3480293586889641 1.0 0.45 0.25 0.05 0.0 0.75 1.0 0.9 0.2 0.7 0.45 0.65 0.25 0.6 0.45 0.45 0.1 0.5 1.0 0.4 0.9 0.4 0.45 0.55 0.6 0.05 0.75 0.25 0.4 1.0 0.4 0.85 0.85 0.65 0.35 0.55 
-0.1519670192876364 0.574300157637596 0.7175448688277583 0.8 0.1 0.4 0.15 0.95 0.05 0.95 0.0 0.65 0.55 0.6 0.45 0.25 0.8 0.25 0.25 0.0 0.85 0.1 0.0 0.35 0.9 1.0 0.05 0.95 0.15 0.7 0.05 0.6 0.9 1.0 0.9 0.6 0.9 0.6 0.25 
-0.1175978592754877 0.6319741682029733 0.3186745912172122 0.85 0.15 0.65 0.6 0.95 0.8 1.0 0.5 0.65 0.95 0.35 0.75 0.2 0.75 0.1 0.35 0.25 0.2 0.85 0.2 0.55 0.4 1.0 0.6 0.95 0.85 0.65 0.1 0.75 0.7 0.95 0.15 0.25 0.65 0.65 0.65 
-0.010941540335609184 0.7566989153390562 0.5421068469262023 1.0 0.15 0.5 0.6 0.95 0.8 0.35 0.5 0.35 0.4 0.35 0.65 0.4 0.05 0.9 0.25 0.2 0.5 0.75 0.15 0.75 0.2 0.15 0.35 0.9 0.75 0.25 0.45 0.95 0.8 1.0 0.0 0.3 0.8 0.6 0.85 
-0.0644069036573617 0.7533354704274584 0.5010058924798746 1.0 0.15 0.2 0.45 0.95 0.9 1.0 0.5 0.3 0.5 0.35 0.7 0.85 0.3 1.0 0.2 0.25 0.5 0.45 0.7 0.75 0.2 0.2 0.35 0.9 0.75 0.4 0.15 0.75 0.25 1.0 1.0 0.3 0.25 0.6 0.65 
-0.05201184929046712 0.7751165557151232 0.5390165811724189 1.0 0.15 0.8 0.45 0.95 0.75 1.0 0.5 0.4 0.2 0.35 0.6 1.0 0.3 0.5 0.25 0.25 0.5 0.75 0.2 0.75 0.65 0.65 0.35 0.95 0.75 0.4 0.4 0.75 0.3 1.0 0.05 0.35 0.55 0.6 0.65 
-0.006801419805241223 0.736309438929988 0.5435995565375158 0.85 0.15 0.65 0.25 0.95 0.8 1.0 0.5 0.35 0.95 0.35 0.65 0.2 0.7 0.2 0.9 0.25 0.5 0.1 0.2 0.75 0.7 0.95 0.75 0.95 0.85 0.65 0.2 0.35 0.05 1.0 0.05 0.35 0.45 0.6 0.65 
-0.014608614310246695 0.6131199030451218 0.3088610972475331 0.85 0.15 0.6 0.9 0.95 0.8 1.0 0.5 0.4 0.95 0.35 0.75 0.2 0.75 0.1 0.35 0.25 0.2 0.85 0.2 0.75 0.7 0.05 0.7 0.95 0.85 0.65 0.1 0.35 0.05 0.95 0.15 0.25 0.65 0.65 0.65 
-0.5753138474384517 0.7821556441048518 0.4704265028722619 1.0 0.15 0.65 0.45 0.95 0.8 1.0 0.5 0.35 0.2 0.3 0.45 0.1 0.85 0.9 0.25 0.2 0.15 0.75 0.15 0.75 0.2 0.6 0.35 0.6 0.65 0.4 0.45 0.95 0.35 1.0 0.0 0.3 0.6 0.6 0.9 
-0.0464625525729264 0.7579323032614582 0.574804914280045 1.0 0.15 0.1 0.45 0.95 0.75 1.0 0.5 0.4 0.2 0.35 0.75 1.0 0.3 0.8 0.65 0.6 0.5 0.75 0.2 0.05 0.2 0.65 0.7 1.0 0.8 0.4 0.45 0.75 0.35 1.0 0.15 0.35 0.95 0.6 0.65 
-0.06275480113859006 0.5501600114299873 0.29909869997505134 0.95 0.25 0.25 0.65 0.85 0.55 1.0 0.7 0.6 0.6 0.6 0.7 0.1 0.65 0.25 0.0 0.45 0.8 0.8 0.95 0.7 0.7 0.8 0.65 1.0 0.45 0.85 0.95 0.2 0.5 0.4 0.0 0.35 0.35 0.45 0.3 
-0.0712874351137729 0.7434276068182913 0.5931562105413428 1.0 0.15 0.25 0.5 0.95 0.8 0.65 0.5 0.65 0.2 0.3 0.9 0.1 0.3 0.9 0.25 0.3 0.5 0.75 0.2 0.75 0.2 0.95 0.45 1.0 0.75 0.4 0.4 0.95 0.35 1.0 0.05 0.35 0.45 0.6 0.85 
-0.06184063998738561 0.417480191606744 0.365520818759831 0.95 0.4 0.2 0.2 0.4 0.15 1.0 0.95 0.35 0.85 0.4 0.65 0.05 0.5 0.95 0.1 0.2 1.0 0.8 0.0 0.9 0.8 1.0 0.7 0.9 0.05 0.9 0.7 0.4 0.3 0.7 0.85 0.45 0.95 0.35 0.6 
-0.1763223684958409 0.6523776858970236 0.7020277414167659 1.0 0.15 0.1 0.45 0.95 0.75 1.0 0.5 0.4 0.2 0.35 0.85 0.45 0.3 0.8 0.25 0.25 0.5 0.75 0.2 0.5 0.2 0.65 0.35 0.95 0.75 0.4 0.4 0.75 0.0 1.0 0.05 0.35 0.4 0.6 0.65 
-0.0631134031728118 0.729676109578795 0.6275271776107497 1.0 0.15 0.1 0.45 0.95 0.75 1.0 0.6 0.45 0.2 0.35 0.75 1.0 0.6 0.8 0.75 0.25 0.5 0.75 0.85 0.75 0.2 0.65 0.35 0.9 0.75 0.4 0.4 0.75 0.0 1.0 0.05 0.35 0.8 0.6 0.65 
-0.004764089767136645 0.30109930071869495 0.5039697236644075 0.95 0.05 0.75 0.75 0.5 0.7 0.95 0.8 0.7 0.85 0.75 0.6 0.5 0.65 0.85 0.9 0.25 0.7 0.7 0.15 0.9 0.25 0.15 0.1 0.95 0.4 0.55 0.65 0.9 0.35 0.8 0.95 0.9 0.2 0.75 0.8 
-0.05436849509852581 0.6144531088919494 0.26580284465979764 0.9 0.15 0.65 0.65 0.95 0.8 1.0 0.5 0.4 0.95 0.35 0.75 0.2 0.7 0.1 0.35 0.25 0.5 0.1 0.2 0.75 0.7 0.2 0.7 0.95 0.85 0.65 0.1 0.25 0.05 0.95 0.15 0.25 0.65 0.65 0.65 
-0.05325793760074588 0.549593077340214 0.28181139854850046 0.85 0.15 0.65 0.7 0.95 0.8 1.0 0.5 0.4 0.95 0.35 0.75 0.2 0.75 0.1 0.35 0.25 0.2 0.85 0.2 0.75 0.7 0.05 0.7 0.95 0.85 0.65 0.1 0.75 0.05 0.95 0.15 0.25 0.65 0.65 0.65 
-0.07264168922024902 0.34179405454055145 0.5987792637760605 0.8 0.05 0.75 0.85 0.5 0.7 0.95 0.4 0.2 0.55 0.75 0.55 0.55 0.6 0.05 0.2 0.7 0.45 0.7 0.65 1.0 0.25 0.55 0.1 0.95 0.5 0.7 0.75 0.9 0.25 0.9 0.95 0.5 0.6 0.8 0.9 
-0.023594772247415092 0.6678109955145047 0.3131982225196983 1.0 0.1 0.65 0.55 0.95 0.8 0.85 0.5 0.4 0.95 0.35 0.45 0.2 0.7 0.2 0.9 0.25 0.5 0.1 0.2 0.75 0.7 0.95 0.3 0.8 0.85 0.65 0.05 0.25 0.05 1.0 0.1 0.35 0.65 0.6 0.65 
-0.11225432318476078 0.28644060113212266 0.5514910560561898 0.95 0.05 0.75 0.85 0.5 0.7 0.95 0.4 0.25 0.85 0.7 0.55 0.55 0.5 0.05 0.5 0.7 0.45 0.1 0.65 1.0 0.25 0.8 0.1 0.95 0.55 0.75 0.75 0.9 0.25 0.9 0.95 0.5 0.6 0.8 0.9 
-1.0186758770092974 0.7700667475078307 0.3554459574256943 1.0 0.15 0.25 0.55 0.95 0.8 1.0 0.5 0.2 0.5 0.35 0.7 1.0 0.3 0.5 0.25 0.25 0.5 0.1 0.2 0.75 0.2 0.65 0.35 0.95 0.75 0.4 0.7 0.75 0.35 1.0 0.05 0.35 0.25 0.6 0.35 
-0.050994387707506424 0.6025918956320553 0.2878613277687736 0.8 0.15 0.65 0.55 0.95 0.8 1.0 0.5 0.4 1.0 0.35 0.75 0.3 0.7 0.1 0.35 0.2 0.5 0.1 0.2 0.2 0.4 0.9 0.7 0.95 0.85 0.65 0.1 0.4 0.05 0.95 0.05 0.15 0.65 0.65 0.65 
-0.09220479916841524 0.784723288905935 0.4996204819240084 1.0 0.15 0.25 0.45 0.95 0.8 1.0 0.5 0.4 0.2 0.35 0.75 1.0 0.3 0.5 0.25 0.25 0.5 0.75 0.2 0.75 0.2 0.65 0.35 0.95 0.75 0.4 0.4 0.75 0.35 1.0 0.05 0.35 0.35 0.6 0.65 
-0.0009786987213869528 0.7840375124235572 0.5580953487661662 1.0 0.15 0.8 0.4 0.95 0.75 1.0 0.5 0.4 0.2 0.35 0.6 1.0 0.3 0.5 0.25 0.25 0.5 0.75 0.2 0.75 0.65 0.65 0.35 0.95 0.75 0.4 0.4 0.75 0.3 1.0 0.05 0.35 0.55 0.6 0.65 
-0.0020883060798064907 0.7124316304952494 0.647495697377821 1.0 0.15 0.1 0.45 0.95 0.75 1.0 0.4 0.45 0.15 0.35 0.75 1.0 0.4 0.8 0.45 0.25 0.5 0.6 0.8 0.75 0.2 0.4 0.35 0.95 0.75 0.4 0.4 0.8 0.1 1.0 0.05 0.35 0.45 0.6 0.75 
-0.12900674973867454 0.8019323680973343 0.5174174523451154 1.0 0.15 0.65 0.45 0.95 0.8 1.0 0.5 0.35 0.2 0.3 0.45 0.1 0.85 0.9 0.25 0.2 0.15 0.75 0.15 0.75 0.2 0.6 0.35 0.9 0.65 0.4 0.45 0.95 0.35 1.0 0.0 0.3 0.6 0.6 0.9 
-0.16192871911359963 0.5760922236528492 0.2701801402216155 0.95 0.15 0.65 0.65 0.95 0.8 1.0 0.5 0.4 0.95 0.35 0.75 0.2 0.7 0.1 0.35 0.25 0.6 0.1 0.2 0.75 0.7 0.2 0.7 0.95 0.85 0.65 0.1 0.25 0.05 0.95 0.15 0.25 0.65 0.65 0.65 
-0.1406271262529093 0.2807393603249646 0.5291428146497509 0.85 0.05 0.3 0.85 0.5 0.7 0.95 0.4 0.25 0.85 0.75 0.55 0.7 0.5 0.05 0.5 0.7 0.45 0.1 0.65 1.0 0.25 0.8 0.1 0.95 0.55 0.75 0.75 0.9 0.25 0.9 0.95 0.4 0.7 0.8 0.9 
-0.45344179718207067 0.6196235636049392 0.2870552562522035 0.85 0.15 0.65 0.6 0.95 0.8 1.0 0.5 0.35 0.95 0.35 0.75 0.2 0.75 0.1 0.35 0.25 0.2 0.85 0.2 0.55 0.7 0.05 0.7 0.95 0.85 0.65 0.1 0.75 0.05 0.95 0.15 0.25 0.65 0.65 0.65 
-0.6071989370907546 0.5968328683751003 0.2713659621017237 0.85 0.15 0.65 0.6 0.95 0.8 1.0 0.5 0.4 0.95 0.35 0.75 0.2 0.75 0.1 0.35 0.25 0.2 0.85 0.2 0.75 0.7 0.05 0.7 0.95 0.85 0.65 0.1 0.75 0.05 0.95 0.15 0.25 0.65 0.65 0.65 
-0.20437700127674382 0.7144533097471311 0.33790860076217033 1.0 0.15 0.5 0.55 0.95 0.8 1.0 0.5 0.4 0.95 0.35 0.45 0.2 0.7 0.2 0.9 1.0 0.5 0.1 0.2 0.75 0.7 0.2 0.3 0.9 0.85 0.65 0.05 0.1 0.05 0.9 0.05 0.35 0.65 0.6 0.65 
-0.011767500676451569 0.6944072710901142 0.6584109804786396 1.0 0.15 0.1 0.45 0.95 0.75 1.0 0.45 0.3 0.2 0.35 0.75 0.45 0.3 0.8 0.55 0.25 0.5 0.75 0.2 0.75 0.2 0.65 0.35 0.75 0.75 0.4 0.45 0.55 0.1 1.0 0.05 0.35 0.55 0.6 0.65 
-0.05690999937350551 0.5405263858721595 0.2864011681202583 0.85 0.15 0.65 0.55 0.95 0.8 1.0 0.5 0.4 0.95 0.35 0.75 0.2 0.7 0.1 0.35 0.2 0.5 0.1 0.2 0.2 0.7 0.9 0.7 0.95 0.85 0.65 0.1 0.4 0.1 0.95 0.05 0.15 0.65 0.65 0.65 
-0.007286537478726156 0.6626328731461624 0.689627951914237 1.0 0.15 0.1 0.45 0.95 0.75 1.0 0.6 0.45 0.2 0.35 0.75 1.0 0.6 0.8 0.45 0.25 0.5 0.75 0.85 0.75 0.2 0.65 0.35 0.9 0.75 0.4 0.4 0.75 0.0 1.0 0.05 0.35 0.55 0.6 0.65 
-0.1344491817266506 0.4344458882231185 0.35923828081967657 1.0 0.45 0.25 0.05 0.5 0.75 1.0 0.9 0.2 0.7 0.45 0.65 0.25 0.6 0.45 0.45 0.1 0.5 1.0 0.4 0.9 0.4 0.75 0.55 0.6 0.05 0.75 0.25 0.4 1.0 0.4 0.85 0.85 0.65 0.35 0.55 
-0.013749636810637487 0.7209212483746276 0.6825189547191544 1.0 0.15 0.1 0.45 0.95 0.75 1.0 0.5 0.45 0.2 0.35 0.75 1.0 0.6 0.8 0.45 0.8 0.5 0.75 0.85 0.75 0.2 0.65 0.35 0.9 0.75 0.4 0.4 0.95 0.0 1.0 0.05 0.35 0.6 0.6 0.65 
-0.233187868115262 0.3234332916242463 0.5888534004419421 0.9 0.05 0.75 0.85 0.5 0.7 0.85 0.4 0.2 0.85 0.75 0.55 0.55 0.6 0.05 0.5 0.7 0.45 0.7 0.65 1.0 0.25 0.8 0.1 0.95 0.5 0.75 0.75 0.9 0.25 0.9 0.95 0.25 0.6 0.8 0.9 
-0.000533770379846678 0.6701756470929956 0.6778079940633503 1.0 0.15 0.1 0.45 0.95 0.75 1.0 0.5 0.5 0.2 0.35 0.75 0.7 0.3 0.8 0.45 0.25 0.5 0.75 0.2 0.75 0.2 0.65 0.35 0.95 0.75 0.2 0.4 0.8 0.1 1.0 0.05 0.35 0.5 0.6 0.7 
-0.016075725077392983 0.7287437567406398 0.6606947648831347 1.0 0.15 0.25 0.45 0.95 0.8 1.0 0.5 0.55 0.2 0.35 0.9 0.1 0.6 0.9 0.25 0.2 0.5 0.75 0.15 0.75 0.5 0.15 0.35 0.9 0.75 0.4 0.45 0.95 0.5 0.9 0.05 0.3 0.5 0.6 0.9 
-0.046915515989861406 0.755879823717394 0.609805182671078 0.95 0.15 0.25 0.45 0.95 0.7 0.95 0.5 0.65 0.2 0.3 0.9 0.1 1.0 0.8 0.25 0.3 0.5 0.15 0.2 0.75 0.2 0.95 0.35 0.9 0.75 0.4 0.4 0.95 0.35 1.0 0.05 0.35 0.5 0.6 0.85 
-0.06459272927491592 0.5266185265728337 0.7503807974502537 0.65 0.1 0.4 0.15 0.35 0.15 0.95 0.95 0.65 0.75 0.65 0.55 0.55 0.9 0.25 0.25 0.9 0.85 0.25 0.05 0.75 0.75 1.0 0.15 1.0 0.15 0.7 0.1 0.25 0.85 1.0 0.9 0.6 0.9 0.6 0.25 
-3.4119601169714806 0.7042022528287474 0.3064065289926542 1.0 0.15 0.2 0.45 0.95 0.8 1.0 0.55 0.4 0.35 0.35 0.7 1.0 0.3 0.5 0.2 0.25 0.5 0.45 0.2 0.75 0.2 0.65 0.35 0.95 0.75 0.4 0.15 0.75 0.35 1.0 1.0 0.3 0.25 0.6 0.5 
-0.39697258478857445 0.6543315775777723 0.2882402328553836 1.0 0.1 0.65 0.55 0.95 0.8 1.0 0.5 0.4 0.95 0.35 0.45 0.2 0.7 0.2 0.9 0.25 0.5 0.1 0.2 0.75 0.7 0.95 0.3 0.8 0.85 0.65 0.05 0.65 0.05 1.0 0.1 0.35 0.65 0.6 0.65 
-0.47728850871728695 0.7919469042160237 0.41928772875187625 0.95 0.15 0.2 0.45 0.95 0.8 1.0 0.5 0.3 0.5 0.35 0.7 1.0 0.3 0.5 0.2 0.25 0.5 0.45 0.2 0.75 0.2 0.2 0.35 0.9 0.75 0.4 0.15 0.75 0.35 1.0 1.0 0.3 0.25 0.6 0.65 
-0.10775887561348728 0.7643532603529404 0.5760917662920055 1.0 0.15 0.25 0.45 0.95 0.8 0.55 0.5 0.55 0.2 0.35 0.9 0.1 0.6 0.9 0.25 0.2 0.5 0.75 0.15 0.75 0.2 0.15 0.35 0.9 0.75 0.4 0.45 0.95 0.25 0.9 0.05 0.3 0.5 0.6 0.85 
-0.09782223700547175 0.691575513728999 0.7010201926619194 1.0 0.15 0.1 0.45 0.95 0.75 1.0 0.5 0.5 0.2 0.35 0.75 1.0 0.6 0.8 0.45 0.25 0.5 0.75 0.2 0.75 0.2 0.65 0.35 0.95 0.75 0.4 0.4 0.8 0.1 1.0 0.05 0.35 0.55 0.6 0.65 
-0.10458633896677327 0.7286437743334747 0.6379631507512243 1.0 0.15 0.1 0.45 0.95 0.75 1.0 0.4 0.45 0.15 0.35 0.75 1.0 0.95 0.8 0.45 0.25 0.5 0.75 0.8 0.75 0.2 0.4 0.35 0.95 0.75 0.4 0.4 0.8 0.1 1.0 0.05 0.35 0.55 0.6 0.75 
-0.06227863764075537 0.34218281631882574 0.6192152080409621 0.95 0.0 0.25 0.85 0.5 0.7 0.85 0.4 0.2 0.85 0.95 0.7 0.55 0.75 0.55 0.4 0.7 0.05 0.35 0.65 0.75 0.15 0.8 0.1 1.0 0.45 0.55 0.75 0.1 0.25 1.0 0.9 0.2 0.6 0.8 0.85 
-0.024089836052250423 0.31092022224332116 0.43353803474018343 1.0 0.45 0.75 0.85 0.5 0.7 0.9 0.4 0.45 0.65 0.75 0.55 0.2 0.6 1.0 0.5 0.7 1.0 0.5 0.5 1.0 0.25 0.8 0.1 0.8 0.45 0.7 0.95 0.9 0.25 0.8 0.9 0.45 0.5 0.4 0.85 
-0.11025454316238446 0.5011934938279957 0.7332928313697744 0.65 0.1 0.4 0.15 0.35 0.15 0.85 0.95 0.65 0.65 0.6 0.5 0.55 0.9 0.25 0.25 0.9 0.85 0.95 0.05 0.35 0.75 1.0 0.6 1.0 0.15 0.7 0.1 0.35 0.85 1.0 0.9 0.6 0.9 0.6 0.25 
-35.572381474093646 0.46502923438495036 0.2849043620131456 1.0 0.45 0.2 0.95 0.75 0.4 1.0 0.9 0.2 0.9 0.45 0.65 1.0 0.35 0.3 0.45 0.1 0.1 1.0 0.65 0.05 0.15 0.45 0.55 0.9 0.3 0.85 0.7 0.3 0.9 0.55 0.85 0.6 0.5 0.35 0.55 
-0.08687732043384047 0.7633713412715611 0.6064935871505 1.0 0.15 0.25 0.45 0.95 0.8 0.95 0.5 0.55 0.2 0.45 0.95 0.8 0.3 0.8 0.25 0.05 0.5 0.95 0.2 0.75 0.2 0.15 0.35 0.9 0.75 0.4 0.85 0.95 0.35 1.0 0.05 0.35 0.45 0.6 0.9 
-0.01965658105293894 0.3678733363230652 0.6360089930774799 0.3 0.0 0.25 0.85 0.5 0.7 0.85 0.4 0.2 0.85 1.0 0.7 0.2 0.75 0.55 0.4 0.55 0.05 0.35 0.65 0.75 0.15 0.8 0.1 1.0 0.45 0.55 0.75 0.1 0.25 1.0 0.9 0.4 0.85 0.8 0.85 
-0.08934299622305275 0.3622036249190126 0.6145498636743567 0.4 0.0 0.25 0.85 0.5 0.7 0.85 0.4 0.2 0.85 1.0 0.7 0.2 0.75 0.55 0.4 0.7 0.05 0.2 0.9 0.75 0.15 0.8 0.6 1.0 0.45 0.5 0.7 0.1 0.25 0.75 0.9 0.4 0.85 0.8 0.85 
-0.4356379935639987 0.7553423430110031 0.6365995304700804 1.0 0.15 0.35 0.45 0.95 0.75 0.95 0.5 0.55 0.2 0.3 0.9 0.1 0.3 0.8 0.25 0.3 0.25 0.95 0.2 0.75 0.2 0.95 0.35 0.9 0.75 0.4 0.4 0.95 0.25 0.95 0.05 0.3 0.45 0.6 0.85 
-0.19353728377358878 0.7305871638829076 0.6704667742693712 1.0 0.15 0.1 0.45 0.95 0.75 1.0 0.5 0.5 0.2 0.35 0.75 1.0 0.6 0.8 0.45 0.25 0.5 0.75 0.2 0.75 0.2 0.65 0.35 0.95 0.75 0.4 0.4 0.6 0.1 1.0 0.05 0.35 0.55 0.6 0.65 
-0.8233199191642006 0.7828873652484009 0.3788587427147309 1.0 0.15 0.25 0.55 0.95 0.8 1.0 0.5 0.2 0.5 0.35 0.7 1.0 0.3 0.5 0.25 0.25 0.5 0.1 0.2 0.75 0.2 0.65 0.35 0.95 0.75 0.4 0.65 0.75 0.35 1.0 0.05 0.35 0.25 0.6 0.35 
-6.748361847603882 0.4276262323999237 0.3445113370960875 1.0 0.45 0.25 0.05 0.0 0.75 1.0 0.9 0.2 0.7 0.45 0.65 0.25 0.6 0.65 0.75 0.1 0.5 1.0 0.4 0.9 0.4 0.45 0.55 0.9 0.05 0.75 0.25 0.4 1.0 0.4 0.85 0.6 0.55 0.35 0.55 
-0.19725825604406205 0.6853369027099067 0.2913119436080316 1.0 0.15 0.65 0.55 0.95 0.8 1.0 0.5 0.4 0.95 0.35 0.45 0.2 0.7 0.2 0.9 1.0 0.5 0.1 0.2 0.75 0.7 0.95 0.3 0.9 0.85 0.65 0.05 0.1 0.05 1.0 0.05 0.35 0.65 0.6 0.65 
-0.033389634955276457 0.7276283971443631 0.6986203799284513 1.0 0.15 0.25 0.45 0.95 0.8 0.95 0.5 0.55 0.2 0.45 0.95 0.8 0.3 0.8 0.25 0.3 0.5 0.95 0.2 0.75 0.2 0.25 0.35 0.9 0.75 0.4 0.75 0.95 0.35 1.0 0.05 0.35 0.45 0.6 0.9 
-2.3224179774070866 0.8026151504339478 0.43353915048309566 1.0 0.15 0.2 0.45 0.95 0.8 1.0 0.5 0.3 1.0 0.4 0.7 0.2 0.3 0.5 0.2 0.15 0.5 0.45 0.8 0.55 0.2 0.2 0.35 0.9 0.75 0.4 0.15 0.7 0.35 1.0 1.0 0.3 0.45 0.6 0.75 
-0.04741081566816397 0.7439009539787227 0.6468054959998266 1.0 0.15 0.5 0.45 0.95 0.8 1.0 0.65 0.55 0.2 0.3 0.65 0.1 0.05 0.1 1.0 1.0 0.5 0.75 0.85 0.05 0.85 0.25 0.35 0.9 0.75 0.4 0.8 0.95 0.35 1.0 0.0 0.3 0.6 0.6 0.85 
-5.199176297348177 0.7724106763165726 0.39418005727599703 1.0 0.15 0.2 0.45 0.95 0.8 1.0 0.5 0.3 1.0 0.4 0.7 0.2 0.3 0.5 0.2 0.25 0.05 0.45 0.8 0.55 0.2 0.2 0.35 0.9 0.75 0.4 0.8 0.75 0.35 1.0 1.0 0.3 0.45 0.6 0.75 
-0.0007646576184455935 0.29825564021631357 0.4700340824913849 0.9 0.45 0.75 0.85 0.5 0.7 0.9 0.4 0.2 0.65 0.75 0.55 0.2 0.6 0.2 0.5 0.7 0.05 0.35 0.65 1.0 0.25 0.8 0.1 0.8 0.45 0.7 0.6 0.9 0.25 0.9 0.9 0.45 0.6 0.8 0.85 
-156.50479167927753 0.44265229636408177 0.697120800945374 0.4 0.1 0.25 0.15 0.0 1.0 0.6 0.0 0.15 0.5 0.35 0.45 0.25 0.2 0.2 0.6 0.9 0.5 0.95 1.0 0.45 0.15 1.0 0.8 0.95 0.85 0.4 0.05 0.1 0.4 1.0 0.9 0.6 0.9 0.6 0.25 
-0.13145379492498493 0.2922264714518171 0.4520770076615743 0.9 0.45 0.75 0.85 0.5 0.8 0.85 0.4 0.2 0.65 0.75 0.55 0.2 0.3 0.2 0.5 0.7 0.05 0.95 0.65 1.0 0.2 0.75 1.0 0.8 0.3 0.45 0.85 0.9 0.25 0.9 0.9 0.8 0.75 0.8 0.85 
-0.42182289026079056 0.6490847996341315 0.7146136121174884 1.0 0.15 0.1 0.45 0.95 0.75 1.0 0.5 0.5 0.2 0.35 0.75 0.8 0.3 0.8 0.45 0.25 0.5 0.75 0.2 0.75 0.2 0.65 0.35 0.8 0.75 0.4 0.4 0.8 0.1 1.0 0.05 0.35 0.5 0.6 0.7 
-20.34241674731143 0.43419010865548324 0.3284210834042621 1.0 0.45 0.2 0.95 0.75 0.4 1.0 0.9 0.2 0.7 0.45 0.65 1.0 0.35 0.3 0.45 0.1 0.1 1.0 0.15 0.05 0.15 0.45 0.55 0.9 0.3 0.5 0.7 0.3 0.9 0.6 0.85 0.6 0.5 0.35 0.55 
-0.06487194322341033 0.7813324869337612 0.5910614305054148 1.0 0.15 0.5 0.45 0.95 0.75 0.85 0.5 0.55 0.2 0.3 0.9 0.1 0.3 0.8 0.25 0.3 0.5 0.95 0.2 0.75 0.2 0.95 0.35 0.8 0.75 0.4 0.4 0.95 0.35 0.95 0.05 0.3 0.45 0.6 0.85 
-0.6213581525411408 0.5603648136189024 0.2547822179029934 0.85 0.15 0.65 0.6 0.95 0.8 1.0 0.5 0.35 0.95 0.35 0.75 0.2 0.75 0.1 0.35 0.25 0.2 0.85 0.2 0.55 0.7 0.05 0.15 0.95 0.85 0.65 0.1 0.4 0.05 0.95 0.15 0.25 0.65 0.65 0.65 
-0.001472694948575772 0.3225147243812191 0.42913013472257333 0.95 0.45 0.75 0.85 0.5 0.7 0.9 0.4 0.45 0.65 0.75 0.55 0.2 0.6 1.0 0.5 0.7 1.0 0.5 0.5 1.0 0.25 0.8 0.1 0.8 0.45 0.7 0.95 0.9 0.25 0.8 0.9 0.45 0.5 0.4 0.85 
-0.09772962899353445 0.33977337817130027 0.400865178766857 1.0 0.45 0.75 0.75 0.5 0.65 0.85 0.4 0.2 0.65 0.75 0.55 0.2 0.6 0.2 0.5 0.25 0.05 0.95 0.1 1.0 0.35 0.75 1.0 0.8 0.35 0.7 0.85 0.9 0.25 0.9 0.85 0.2 0.8 0.8 0.85 
-8.231833460470009 0.5158940188859811 0.28652097917024055 0.95 0.25 0.25 0.65 0.85 0.55 1.0 0.7 0.7 0.6 0.6 0.7 0.1 0.65 0.25 0.0 0.45 0.8 0.8 0.95 0.7 0.7 0.8 0.65 1.0 0.45 0.85 0.95 0.2 0.5 0.4 0.0 0.35 0.35 0.45 0.3 
-0.026130769089123363 0.8078035791922811 0.46118312359793373 1.0 0.15 0.2 0.45 0.95 0.8 1.0 0.5 0.3 0.5 0.35 0.7 0.2 0.3 0.5 0.2 0.25 0.5 0.45 0.8 0.55 0.2 0.2 0.35 0.9 0.75 0.4 0.15 0.75 0.35 1.0 1.0 0.3 0.45 0.6 0.75 
-0.30497905664607744 0.6747168518429492 0.7118329451484906 1.0 0.15 0.1 0.45 0.95 0.75 1.0 0.5 0.5 0.2 0.35 0.75 0.8 0.3 0.8 0.45 0.25 0.5 0.75 0.2 0.75 0.2 0.65 0.35 0.95 0.75 0.4 0.4 0.8 0.1 1.0 0.05 0.35 0.5 0.6 0.7 
-19.149925730841016 0.4456337098688668 0.3213001496042055 1.0 0.45 0.2 0.95 0.75 0.4 1.0 0.9 0.2 0.7 0.45 0.65 1.0 0.35 0.3 0.45 0.1 0.1 1.0 0.65 0.05 0.15 0.45 0.55 0.8 0.3 0.75 0.7 0.3 0.9 0.55 0.85 0.6 0.5 0.35 0.55 
-1.0254770111400537 0.6374701788219268 0.27976238671120535 0.9 0.15 0.65 0.65 0.95 0.8 1.0 0.5 0.3 0.95 0.35 0.75 0.2 0.7 0.1 0.35 0.25 0.5 0.1 0.2 0.75 0.7 0.2 0.7 0.95 0.85 0.65 0.1 0.25 0.05 0.95 0.15 0.25 0.65 0.65 0.65 
-1.156878946936142 0.35444241879613103 0.3864367076598 1.0 0.45 0.75 0.85 0.5 0.7 0.85 0.4 0.2 0.7 0.75 0.55 0.2 0.5 0.45 0.5 0.7 0.6 0.15 0.65 1.0 0.55 0.75 1.0 0.8 0.3 0.7 0.85 0.9 0.25 0.8 0.9 0.4 0.6 0.8 0.95 
-0.012876610650120275 0.31263321920687426 0.4079174564021094 1.0 0.45 0.75 0.65 0.5 0.7 0.85 0.4 0.2 0.65 0.75 0.55 0.2 0.5 0.45 0.5 0.7 0.6 0.95 0.65 1.0 0.35 0.75 1.0 0.8 0.3 0.45 1.0 0.9 0.25 0.9 0.9 0.4 0.35 0.8 0.85 
-0.5193462298536853 0.38180743019468233 0.6557509344874024 0.95 0.0 0.25 0.85 0.5 0.7 0.85 0.4 0.2 0.85 1.0 0.7 0.2 0.25 0.55 0.4 0.7 0.05 0.35 0.65 0.75 0.15 0.8 0.1 1.0 0.45 0.75 0.75 0.9 0.25 1.0 0.9 0.4 0.85 0.8 0.85 
-1.4976131234856946 0.2838302906730864 0.48226047352637563 0.9 0.45 0.75 0.85 0.5 0.7 0.85 0.4 0.2 0.65 0.75 0.55 0.2 0.3 0.2 0.5 0.7 0.05 0.95 0.65 1.0 0.2 0.75 1.0 0.8 0.3 0.45 0.85 0.95 0.25 0.9 0.9 0.8 0.75 0.8 0.85 
-4.379710328764188 0.33093099622847777 0.3805457210043601 1.0 0.45 0.75 0.8 0.5 0.7 0.85 0.4 0.2 0.65 0.75 0.55 0.7 0.5 0.45 0.5 0.7 0.6 0.25 0.65 1.0 0.35 0.75 0.5 0.9 0.3 0.7 1.0 0.9 0.25 0.9 0.9 0.5 0.6 0.8 0.85 
-0.6002824578293675 0.6325406025790804 0.7253835417836307 1.0 0.15 0.1 0.45 0.95 0.75 1.0 0.5 0.5 0.2 0.35 0.75 1.0 0.3 0.8 0.45 0.25 0.5 0.75 0.2 0.75 0.2 0.65 0.35 0.95 0.75 0.4 0.35 0.8 0.1 1.0 0.05 0.35 0.5 0.6 0.7 
-0.2954692029869618 0.3002101138872819 0.5770632989324557 0.95 0.0 0.75 0.85 0.5 0.7 0.95 0.4 0.25 0.9 0.7 0.55 0.55 0.5 0.05 0.5 0.7 0.45 0.1 0.65 1.0 0.25 0.8 0.1 0.95 0.55 0.75 0.75 0.9 0.25 0.9 0.95 0.5 0.6 0.8 0.9 
-2.1200890244837267 0.574150658928862 0.745490457047089 0.9 0.1 0.4 0.15 0.95 0.0 0.95 0.95 0.65 0.65 0.6 0.45 0.25 0.8 0.25 0.25 0.9 0.85 0.95 0.05 0.35 0.75 1.0 0.05 1.0 0.15 0.7 0.05 0.5 0.65 1.0 0.9 0.6 0.9 0.6 0.25 
-0.8175328701231854 0.2936887251721133 0.43997992872821734 0.9 0.45 0.75 0.85 0.5 0.7 0.85 0.4 0.2 0.65 0.75 0.55 0.7 0.6 0.2 1.0 0.7 0.05 0.95 0.65 1.0 0.45 0.75 1.0 0.8 0.3 0.5 0.85 0.9 0.25 1.0 0.9 0.8 0.6 0.8 0.85 
-0.5224492192085378 0.310618236816931 0.6158374028356131 0.95 0.0 0.25 0.85 0.5 0.7 0.85 0.4 0.2 0.85 0.95 0.7 0.2 0.75 0.55 0.4 0.7 0.05 0.35 0.65 0.75 0.15 0.8 0.1 1.0 0.45 0.55 0.75 0.1 0.25 1.0 0.9 0.4 0.85 0.8 0.85 
-2.7630242488908223 0.2972469698753356 0.391147804247574 1.0 0.45 0.75 0.8 0.5 0.7 0.85 0.4 0.2 0.65 0.75 0.55 0.2 0.5 0.45 0.5 0.7 0.6 0.95 0.65 1.0 0.35 0.75 1.0 0.8 0.3 0.45 1.0 0.9 0.25 0.9 0.9 0.6 0.35 0.8 0.85 
-0.19212965422162462 0.37998200059287573 0.3788314458727783 1.0 0.4 0.2 0.2 0.65 0.15 1.0 1.0 0.35 0.85 0.4 0.65 0.05 0.5 0.95 0.1 0.2 1.0 0.15 0.0 0.9 0.8 1.0 0.35 0.9 0.05 0.9 0.75 0.4 0.3 0.7 0.85 0.45 0.95 0.55 0.6 
-1.2962534462156237 0.28527752227074654 0.5587821303850206 0.9 0.05 0.7 0.85 0.5 0.7 0.95 0.4 0.25 0.9 0.75 0.55 0.15 0.5 0.05 0.5 0.7 0.45 0.35 0.65 1.0 0.75 0.5 0.1 0.95 0.55 0.75 0.75 0.9 0.25 0.9 0.9 0.75 0.55 0.8 0.9 
-0.23293247615507007 0.2888887924744554 0.4257959041570547 0.9 0.45 0.75 0.85 0.5 0.7 0.85 0.4 0.2 0.65 0.75 0.55 0.2 0.6 0.2 1.0 0.7 0.05 0.95 0.65 1.0 0.35 0.75 1.0 0.8 0.3 0.5 0.85 0.9 0.25 1.0 0.9 0.25 0.6 0.8 0.85 
-0.07492455690905646 0.36105664799671433 0.6375722255891103 0.4 0.0 0.25 0.85 0.5 0.7 0.85 0.4 0.2 0.85 1.0 0.7 0.2 0.75 0.55 0.4 0.7 0.05 0.35 0.65 0.75 0.15 0.8 0.6 1.0 0.45 0.55 0.7 0.1 0.25 1.0 0.9 0.4 0.85 0.8 0.85 
-8.616525812025236 0.8202348996734339 0.44540050864228886 1.0 0.15 0.5 0.55 0.95 0.8 0.9 0.5 0.35 0.4 0.35 0.65 0.4 0.05 0.9 0.25 0.2 0.45 0.75 0.15 0.75 0.45 0.8 0.35 0.9 0.75 0.45 0.45 0.95 0.35 0.85 0.0 0.3 0.8 0.6 0.85 
-1.1882959806378444 0.5261057221545198 0.7604360320804526 0.65 0.15 0.4 0.15 0.35 0.15 0.95 0.95 0.65 0.75 0.6 0.55 0.55 0.9 0.25 0.25 0.9 0.85 0.25 0.05 0.75 0.75 1.0 0.15 1.0 0.15 0.7 0.1 0.25 0.85 1.0 0.9 0.6 0.9 0.6 0.25 
-0.00425808434209375 0.7633339317035055 0.6598792231986521 1.0 0.15 0.25 0.45 0.95 0.8 1.0 0.5 0.55 0.2 0.35 0.9 0.1 0.6 0.9 0.25 0.2 0.5 0.75 0.15 0.75 0.2 0.15 0.35 0.9 0.75 0.4 0.45 0.95 0.25 0.9 0.05 0.3 0.5 0.6 0.85 
-14.492363818702465 0.702050137453744 0.7138630783097004 1.0 0.15 0.25 0.45 0.95 0.8 0.95 0.5 0.55 0.2 0.3 0.9 0.1 0.3 0.8 0.25 0.3 0.5 0.95 0.2 0.75 0.2 0.95 0.35 0.9 0.75 0.4 0.4 0.95 0.35 1.0 0.05 0.3 0.45 0.6 0.85 
-0.6736311465416306 0.7794973480085621 0.6690100163538327 1.0 0.15 0.25 0.45 0.95 0.8 1.0 0.5 0.6 0.2 0.35 0.9 0.1 0.6 0.45 0.25 0.2 0.5 0.75 0.15 0.9 0.2 0.95 0.05 0.9 0.75 0.4 0.45 0.95 0.35 0.9 0.05 0.3 0.55 0.6 0.85 
-0.1574132782379392 0.7440629824210543 0.680176525911233 1.0 0.15 0.25 0.5 0.95 0.8 1.0 0.5 0.55 0.2 0.35 0.9 0.1 0.6 0.9 0.25 0.0 0.5 0.75 0.15 0.75 0.2 0.15 0.3 0.9 0.75 0.4 0.45 0.95 0.25 0.9 0.05 0.3 0.5 0.6 0.85 
-25.946186004888645 0.45160425935680976 0.31091252153035365 1.0 0.45 0.2 0.95 0.75 0.4 1.0 0.9 0.2 0.7 0.45 0.65 1.0 0.35 0.3 0.45 0.1 0.1 1.0 0.65 0.05 0.15 0.45 0.55 0.9 0.3 0.75 0.7 0.3 0.9 0.55 0.85 0.6 0.5 0.35 0.55 
-0.8228760418278022 0.833748408710413 0.5601594762470885 1.0 0.15 0.5 0.45 0.95 0.8 0.9 0.5 0.45 0.4 0.35 0.65 0.4 0.05 0.9 0.25 0.2 0.45 0.75 0.15 0.75 0.2 0.8 0.35 0.9 0.75 0.45 0.45 0.95 0.35 1.0 0.0 0.3 0.8 0.6 0.85 
-20.303127169195264 0.7429897987493329 0.3147809052962629 1.0 0.15 0.2 0.45 0.95 0.8 1.0 0.5 0.35 0.5 0.35 0.7 0.2 0.3 0.5 0.2 0.25 0.5 0.45 0.8 0.55 0.2 0.2 0.35 0.9 0.75 0.45 0.9 0.75 0.35 1.0 1.0 0.3 0.45 0.6 0.75 
-1.5837738742239436 0.7522808045081988 0.6807482797474089 1.0 0.15 0.6 0.45 0.95 0.8 0.95 0.5 0.55 0.2 0.45 0.9 0.2 0.3 0.8 0.25 0.3 0.5 0.95 0.9 0.75 0.2 0.95 0.35 0.9 0.75 0.4 0.75 0.95 0.35 1.0 0.05 0.35 0.45 0.6 0.8 
-0.04448590708032939 0.2833558825638036 0.520552595377017 0.85 0.05 0.3 0.85 0.5 0.7 0.95 0.4 0.3 0.85 0.75 0.55 0.7 0.5 0.05 0.5 0.7 0.45 0.1 0.65 0.65 0.25 0.8 0.1 0.95 0.55 0.75 0.75 0.9 0.25 0.9 0.95 0.4 0.75 0.8 0.9 
-173.36875652926747 0.4899961801129403 0.7490492470446357 0.65 0.15 0.4 0.25 0.35 0.15 0.95 0.95 0.65 0.55 0.6 0.55 0.55 0.9 0.25 0.25 0.35 0.9 0.25 0.05 0.75 0.75 1.0 0.45 1.0 0.15 0.7 0.1 0.25 0.85 1.0 0.9 0.6 0.9 0.6 0.25 
-0.06226934637423442 0.7416236738991846 0.7123759929363794 1.0 0.15 0.6 0.45 0.95 0.8 0.95 0.5 0.55 0.2 0.45 0.9 0.2 0.3 0.8 0.25 0.3 0.5 0.95 0.9 0.75 0.2 0.25 0.35 1.0 0.75 0.4 0.75 0.95 0.35 1.0 0.05 0.35 0.45 0.6 0.8 
-0.40058509010307586 0.7832867867492812 0.6193498513991569 1.0 0.15 0.25 0.45 0.95 0.8 0.85 0.5 0.55 0.2 0.35 0.9 0.1 0.6 0.9 0.75 0.2 0.5 0.75 0.75 0.75 1.0 0.15 0.35 0.9 0.75 0.35 0.45 0.95 0.35 0.9 0.05 0.3 0.5 0.6 0.85 
-0.06317006851329109 0.7996415468276041 0.5990724045167732 1.0 0.15 0.5 0.45 0.95 0.8 1.0 0.5 0.65 0.2 0.3 0.65 0.1 0.05 0.9 0.25 0.2 0.5 0.75 0.15 0.75 0.2 0.25 0.35 0.9 0.75 0.4 0.45 0.9 0.35 1.0 0.0 0.3 0.6 0.6 0.85 
-0.04847142714456365 0.799594657239677 0.5556932185784474 1.0 0.15 0.5 0.45 0.95 0.8 1.0 0.45 0.55 0.2 0.3 0.65 0.1 0.05 0.1 1.0 1.0 0.5 0.75 0.85 0.05 0.2 0.25 0.35 0.9 0.75 0.4 0.8 0.95 0.35 1.0 0.0 0.3 0.6 0.6 0.85 
-0.050983945560494466 0.8026721069532963 0.5360205478128516 1.0 0.15 0.25 0.45 0.95 0.8 0.65 0.5 0.35 0.2 0.35 0.6 0.1 0.35 0.9 0.25 0.2 0.5 0.75 0.15 0.75 0.2 0.95 0.35 0.9 0.75 0.4 0.5 0.95 0.35 0.9 0.05 0.3 0.5 0.6 0.85 
-0.36471487678944386 0.8081584184396828 0.572297876579248 1.0 0.15 0.5 0.45 0.95 0.8 0.85 0.5 0.35 0.2 0.3 0.65 0.1 0.05 0.9 0.25 0.2 0.5 0.75 0.15 1.0 0.2 0.25 0.35 0.9 0.75 0.4 0.45 0.95 0.35 0.9 0.0 0.3 0.6 0.6 0.85 
-4.846036104748301 0.8033924725604098 0.623657035804568 1.0 0.15 0.25 0.45 0.95 0.8 0.8 0.5 0.6 0.2 0.35 0.9 0.1 0.6 0.45 0.25 0.2 0.5 0.75 0.15 0.9 0.2 0.95 0.05 0.9 0.75 0.4 0.45 0.95 0.35 0.9 0.05 0.3 0.55 0.6 0.85 
-1.586426725404279 0.8319445582555232 0.4989113457923689 1.0 0.15 0.5 0.45 0.95 0.8 1.0 0.5 0.35 0.2 0.3 0.65 0.1 0.05 0.9 0.25 0.2 0.5 0.75 0.15 0.75 0.2 0.25 0.35 0.9 0.75 0.4 0.45 0.95 0.35 1.0 0.0 0.3 0.6 0.6 0.85 
-0.1937328389255256 0.8028949328572873 0.5776969801512544 1.0 0.15 0.5 0.45 0.95 0.8 1.0 0.45 0.55 0.2 0.3 0.65 0.1 0.05 0.9 0.25 0.35 0.5 0.75 0.15 0.05 0.2 0.25 0.35 0.7 0.75 0.4 0.45 0.95 0.35 1.0 0.0 0.3 0.6 0.6 0.85 
-5.160034287294112 0.7172163784402003 0.7188765113001137 1.0 0.15 0.25 0.55 0.95 0.8 1.0 0.5 0.6 0.2 0.35 0.9 0.1 0.6 0.45 0.25 0.2 0.5 0.75 0.15 1.0 0.2 0.95 0.05 0.9 0.75 0.4 0.45 0.95 0.35 0.9 0.05 0.3 0.5 0.6 0.85 
-0.2558215795258473 0.8182312517308052 0.4976330704284155 1.0 0.15 0.45 0.45 0.95 0.8 1.0 0.5 0.35 0.2 0.3 0.65 0.1 0.05 0.9 0.25 0.2 0.5 0.75 0.15 0.75 0.25 0.6 0.35 0.9 0.75 0.45 0.45 0.95 0.35 0.95 0.0 0.3 0.75 0.6 0.85 
-14.825388165132072 0.7565217728081 0.3350902839416581 1.0 0.15 0.25 0.55 0.95 0.8 1.0 0.5 0.25 0.55 0.35 0.7 1.0 0.3 0.5 0.25 0.25 0.5 0.1 0.2 0.75 0.2 0.4 0.35 0.95 0.75 0.4 0.7 0.75 0.3 1.0 0.05 0.35 0.25 0.6 0.35 
-11.30514098767325 0.6932533470399059 0.7248993548346079 1.0 0.15 0.5 0.45 0.95 0.8 1.0 0.5 0.65 0.2 0.95 0.85 0.55 0.3 0.9 0.05 0.2 0.5 0.15 0.15 0.75 0.2 0.95 0.35 0.95 0.75 0.4 0.45 0.95 0.35 1.0 0.05 0.3 0.45 0.6 0.85 
-0.20437074042494607 0.7869801733119004 0.6450666767256015 1.0 0.15 0.25 0.45 0.95 0.8 1.0 0.5 0.6 0.2 0.35 0.9 0.1 0.55 0.45 0.1 0.2 0.5 0.75 0.15 0.9 0.2 0.95 0.05 0.8 0.75 0.4 0.45 0.95 0.35 0.9 0.05 0.3 0.55 0.6 0.85 
-0.06149601310781732 0.37140531812604005 0.6557970738434635 0.55 0.0 0.25 0.85 0.5 0.7 0.85 0.4 0.2 0.85 1.0 0.7 1.0 0.75 0.55 0.4 0.55 0.05 0.35 0.65 0.75 0.15 0.8 0.1 1.0 0.45 0.55 0.75 0.1 0.25 1.0 0.9 0.4 0.85 0.8 0.85 
-1.0275315526897733 0.8093128475674103 0.4725155973479145 1.0 0.15 0.2 0.45 0.95 0.85 1.0 0.5 0.35 0.5 0.35 0.7 0.2 0.3 0.5 0.2 0.25 0.5 0.45 0.8 0.55 0.2 0.2 0.35 0.9 0.75 0.4 0.15 0.75 0.35 1.0 1.0 0.3 0.45 0.6 0.75 
-0.7739937572947221 0.8162549005832271 0.5869492001162417 1.0 0.15 0.5 0.45 0.95 0.8 0.85 0.5 0.35 0.2 0.3 0.65 0.1 0.05 0.9 0.25 0.2 0.5 0.75 0.15 1.0 0.2 0.25 0.35 0.9 0.75 0.4 0.45 0.95 0.35 1.0 0.0 0.3 0.6 0.6 0.85 
-8.1073747907826 0.33357036586620015 0.36547087628338787 0.85 0.45 0.75 0.8 0.5 0.7 0.85 0.4 0.2 0.65 0.75 0.55 0.7 0.5 0.45 0.5 0.7 0.6 0.25 0.65 1.0 0.35 0.75 0.5 0.9 0.3 0.7 1.0 0.9 0.25 0.9 0.9 0.5 0.6 0.8 0.85 
-0.07620112660391362 0.34872258997759875 0.6494238421605717 0.9 0.0 0.25 0.85 0.5 0.7 0.85 0.4 0.2 0.85 1.0 0.7 0.2 0.75 0.55 0.4 0.55 0.05 0.35 0.65 0.75 0.15 0.8 0.1 1.0 0.45 0.55 0.75 0.1 0.25 1.0 0.9 0.4 0.85 0.8 0.85 
-0.058950865855549046 0.8275696153571322 0.5168468170837838 1.0 0.15 0.5 0.45 0.95 0.8 1.0 0.5 0.35 0.2 0.3 0.65 0.1 0.05 0.9 0.25 0.2 0.5 0.75 0.15 0.75 0.2 0.25 0.35 0.95 0.75 0.4 0.45 0.95 0.35 1.0 0.0 0.3 0.6 0.6 0.85 
-0.01337596866845116 0.8181860982697899 0.5361600551329562 1.0 0.15 0.5 0.4 0.95 0.8 1.0 0.5 0.25 0.3 0.3 0.65 0.1 0.05 0.9 0.25 0.2 0.5 0.75 0.15 0.75 0.2 0.25 0.35 0.9 0.75 0.4 0.45 0.95 0.35 1.0 0.0 0.3 0.6 0.6 0.85 
-2.300889902948168 0.7299976809079806 0.3245783742212033 1.0 0.15 0.2 0.45 0.95 0.8 1.0 0.55 0.4 0.35 0.35 0.7 1.0 0.3 0.15 0.2 0.25 0.5 0.45 0.2 0.75 0.5 0.65 0.35 0.95 0.75 0.4 0.15 0.85 0.35 1.0 1.0 0.3 0.25 0.6 0.5 
-1.852559277624358 0.5330827370511938 0.7600964920814579 0.65 0.15 0.4 0.15 0.35 0.15 0.95 0.95 0.85 0.75 0.6 0.55 0.55 0.9 0.25 0.25 0.9 0.85 0.25 0.05 0.75 0.45 1.0 0.15 1.0 0.15 0.7 0.1 0.25 0.85 1.0 0.9 0.6 0.9 0.6 0.25 
-1.2277518007245976 0.3741587111454002 0.6643131483533119 0.45 0.0 0.25 0.95 0.5 0.7 0.85 0.4 0.2 0.85 1.0 0.7 0.2 0.75 0.75 0.65 0.7 0.05 0.35 0.9 0.75 0.15 0.95 0.1 1.0 0.45 0.55 0.8 0.1 0.25 1.0 0.9 0.4 0.85 0.8 0.85 
-14.301389801348458 0.32150728387658123 0.3620058664367555 1.0 0.45 0.75 0.8 0.5 0.7 0.85 0.4 0.2 0.65 0.75 0.55 0.7 0.5 0.45 0.5 0.7 0.6 0.95 0.65 1.0 0.35 0.75 1.0 0.8 0.3 0.7 1.0 0.9 0.25 0.9 0.9 0.4 0.6 0.8 0.85 
-0.07613887630455028 0.8474069423351056 0.5283360122070674 1.0 0.15 0.65 0.45 0.95 0.8 0.9 0.5 0.35 0.7 0.35 0.65 0.4 0.05 0.4 0.25 0.2 0.45 0.6 0.15 0.75 0.2 0.8 0.0 0.9 0.75 0.3 0.45 0.95 0.35 1.0 0.0 0.3 0.8 0.6 0.85 
-1.0773539135195576 0.8332889410927266 0.4773021152793139 1.0 0.15 0.5 0.55 0.95 0.8 0.9 0.5 0.35 0.4 0.35 0.65 0.4 0.05 0.9 0.25 0.2 0.45 0.75 0.15 0.75 0.2 0.8 0.35 0.9 0.75 0.45 0.45 0.95 0.35 0.9 0.0 0.3 0.8 0.6 0.85 
-3.4081249603372705 0.8154449188804354 0.5974344386985506 1.0 0.15 0.5 0.45 0.95 0.8 1.0 0.45 0.55 0.2 0.3 0.65 0.1 0.05 0.9 0.25 0.35 0.5 0.75 0.15 0.05 0.2 0.25 0.35 0.9 0.75 0.4 0.45 0.95 0.35 1.0 0.0 0.3 0.6 0.6 0.85 
-0.2937549737740475 0.29207154988203343 0.3977961074177639 1.0 0.45 0.75 0.8 0.5 0.7 0.85 0.4 0.2 0.65 0.75 0.55 0.2 0.5 0.45 0.5 0.7 0.6 0.95 0.65 1.0 0.35 0.75 1.0 0.8 0.3 0.45 1.0 0.9 0.25 0.9 0.9 0.4 0.35 0.8 0.85 
-171.91443938144835 0.47709501943555577 0.7337405284157855 0.65 0.1 0.4 0.15 0.35 0.15 0.85 0.95 0.55 0.5 0.6 0.5 0.55 0.9 0.25 0.25 0.0 0.85 0.95 0.05 0.35 0.75 1.0 0.3 1.0 0.15 0.7 0.1 0.35 0.85 1.0 0.9 0.6 0.9 0.6 0.25 
-1.8224355301984274 0.3357376096074649 0.6321776262699632 0.95 0.0 0.25 0.85 0.5 0.7 0.85 0.4 0.2 0.85 0.95 0.7 0.55 0.75 0.55 0.4 0.7 0.05 0.35 0.65 0.75 0.15 0.8 0.1 1.0 0.45 0.55 0.75 0.1 0.25 1.0 0.9 0.2 0.85 0.8 0.85 
-9.717609850750899 0.826814220225754 0.4541440361830284 1.0 0.15 0.5 0.45 0.95 0.8 1.0 0.5 0.35 0.2 0.35 0.65 0.1 0.05 0.9 0.25 0.2 0.5 0.75 0.15 0.75 0.2 0.25 0.35 0.9 0.75 0.45 0.45 0.95 0.35 1.0 0.0 0.3 1.0 0.6 0.85 
-5.240679390774571 0.27667287632181936 0.5241108446573276 0.85 0.05 0.3 0.85 0.5 0.7 0.95 0.4 0.3 0.85 0.75 0.55 0.7 0.25 0.05 0.5 0.7 0.45 0.1 0.65 0.65 0.25 0.4 0.1 0.95 0.55 0.7 0.75 0.9 0.25 0.9 0.95 0.4 0.75 0.8 0.9 
-11.079561203146799 0.5013091591797616 0.2887438327437557 0.95 0.25 0.25 0.65 0.85 0.55 1.0 0.7 0.5 0.6 0.6 0.7 0.1 0.65 0.25 0.0 0.45 0.8 0.8 0.95 0.7 0.7 0.8 0.65 1.0 0.45 0.85 0.95 0.2 0.5 0.4 0.0 0.35 0.35 0.45 0.3 
-2.803108663384927 0.28399749920377093 0.5775689530674197 0.9 0.05 0.75 0.85 0.5 0.7 0.95 0.4 0.25 0.9 0.75 0.55 0.15 0.5 0.05 0.5 0.7 0.45 0.35 0.65 1.0 0.25 0.5 0.1 0.95 0.55 0.75 0.75 0.9 0.25 0.9 0.9 0.75 0.65 0.8 0.9 
-0.2021729305598679 0.8404660006502238 0.554359789000284 1.0 0.15 0.5 0.45 0.95 0.8 0.9 0.5 0.35 0.4 0.35 0.65 0.4 0.05 0.9 0.25 0.2 0.45 0.75 0.15 0.75 0.2 0.8 0.35 0.9 0.75 0.45 0.45 0.95 0.35 1.0 0.0 0.3 0.8 0.6 0.85 
-3.7535129405112055 0.5515847704483448 0.25608730076407016 0.85 0.15 0.65 0.6 0.95 0.8 1.0 0.5 0.35 0.95 0.35 0.75 0.2 0.75 0.95 0.35 0.25 0.45 0.85 0.2 0.55 0.7 0.6 0.15 0.95 0.85 0.65 0.1 0.4 0.05 0.95 0.15 0.25 0.7 0.65 0.65 
-4.4037383029164205 0.8512054326459586 0.5166075009815156 1.0 0.15 0.5 0.55 0.95 0.8 0.9 0.5 0.35 0.4 0.35 0.65 0.4 0.05 0.9 0.25 0.2 0.45 0.75 0.15 0.75 0.2 0.8 0.35 0.9 0.75 0.45 0.45 0.95 0.35 1.0 0.0 0.3 0.8 0.6 0.85 
-4.643418600272123 0.5801691752573837 0.2510065441479281 0.85 0.15 0.65 0.7 0.95 0.8 1.0 0.5 0.4 0.95 0.35 0.75 0.2 0.75 0.1 0.35 0.25 0.2 0.85 0.2 0.75 0.7 0.05 0.7 0.95 0.85 0.65 0.1 0.75 0.05 1.0 0.15 0.25 0.65 0.65 0.65 
-1.0562000430449328 0.8533965752626471 0.549508788720571 1.0 0.15 0.65 0.45 0.95 0.8 0.9 0.5 0.25 0.4 0.35 0.65 0.4 0.05 0.9 0.25 0.2 0.45 0.75 0.15 0.75 0.2 0.8 0.0 0.9 0.75 0.45 0.45 0.95 0.35 1.0 0.0 0.3 0.8 0.6 0.85 
-13.093591382370464 0.795157295446617 0.6582122419443389 0.95 0.15 0.5 0.45 0.95 0.8 1.0 0.5 0.65 0.2 0.3 0.65 0.1 0.7 0.9 0.25 0.2 0.5 0.75 0.15 0.75 0.2 0.25 0.35 0.9 0.75 0.4 0.45 0.9 0.35 1.0 0.0 0.3 0.6 0.6 0.85 
-1.8533844568346365 0.8468069159913776 0.5839409911354475 1.0 0.15 0.65 0.45 0.95 0.8 0.9 0.5 0.35 0.7 0.35 0.65 0.4 0.05 0.9 0.25 0.2 0.45 0.75 0.15 0.75 0.2 0.8 0.0 0.9 0.75 0.45 0.45 0.95 0.35 1.0 0.0 0.3 0.8 0.6 0.85 
-7.378785461622364 0.8368470548366944 0.4706092184147625 1.0 0.15 0.5 0.55 0.95 0.8 1.0 0.5 0.25 0.4 0.35 0.65 0.4 0.05 0.85 0.25 0.2 0.45 0.75 0.15 0.75 0.45 0.8 0.35 0.9 0.75 0.45 0.45 0.95 0.35 0.85 0.0 0.3 0.8 0.6 0.85 
-158.16373875299527 0.4512286291421102 0.7043158758912973 0.5 0.1 0.25 0.15 0.0 1.0 0.6 0.0 0.15 0.5 0.35 0.45 0.25 0.2 0.2 0.6 0.9 0.5 0.95 1.0 0.45 0.15 1.0 0.8 0.95 0.85 0.4 0.05 0.1 0.4 1.0 0.9 0.6 0.9 0.6 0.25 
