1.0 0.5000187774672135 0.5000310872656758 0.5208683759530351 0.4823671152337756 
1.0 0.6312491621409323 0.3828446404844424 0.8731843205317682 0.46961457924610206 
1.0 0.5780698299360998 0.48399315148125216 0.8945047736202995 0.34424850959385167 
1.0 0.5165250267505748 0.5316030761270795 0.25882898372590846 0.5216913180674989 
1.0 0.5654012731272072 0.4645246792904972 0.8916464457103014 0.5537475001855887 
1.0 0.5201695639670548 0.40133134807516346 0.7661111714856397 0.16828731912851624 
1.0 0.5094306964946573 0.5897105115251606 0.24362154558483007 0.5907761163708959 
1.0 0.5771265894860349 0.47968596874697944 0.8817379610474244 0.3365964022392173 
1.0 0.49923349570645786 0.5363297173784775 0.30483525583539595 0.5764134105722841 
1.0 0.435197237443107 0.7219031629230857 0.2778312642665637 0.8254970924575612 
1.0 0.5013088876064635 0.3704345021875345 0.7101887091897009 0.1495142674007659 
1.0 0.394093258150464 0.5322095130808323 0.4048616910498464 0.843588845499063 
1.0 0.566506622401271 0.6055397137753915 0.21055912764485474 0.7721705310222953 
1.0 0.6881424728462336 0.5318442250556641 0.008065829119108692 0.4794438117724126 
1.0 0.45512841990877273 0.39005633710707555 0.6561614081798862 0.0818458387606934 
1.0 0.3558708819036046 0.46334529097618604 0.5592568294190059 0.11578413736780402 
1.0 0.44914362920917844 0.5309247574687883 0.36458812421157716 0.7597184110639277 
1.0 0.47311158713332 0.5309942063499619 0.3898768851057479 0.01550653633221366 
1.0 0.4282819976154402 0.4780450273082547 0.5554167954557121 0.16794347289717126 
1.0 0.5151831148598417 0.5057591989764858 0.9817249541547213 0.6734147750711927 
1.0 0.6110095431143636 0.41271341013963175 0.9000876331352587 0.47207605385381535 
1.0 0.5909732550709503 0.2900712873721254 0.7718801968951867 0.3366848121966596 
1.0 0.48519087555430107 0.35169658926921893 0.7332742007019467 0.35148734963488615 
1.0 0.34094507845077804 0.5381047408526706 0.43374294375853395 0.8907397080785188 
1.0 0.6131150753181773 0.3025699795378386 0.776054690995117 0.3562495048990518 
1.0 0.4426497813572314 0.48058561344248923 0.5484984502277992 0.18119807322375614 
1.0 0.49391132011017025 0.40396820345806717 0.7101698796442959 0.12218779314132622 
1.0 0.6015899841179155 0.4473955104900711 0.9357841569846072 0.5155338017522229 
1.0 0.3835695001786671 0.5155921659855943 0.4638823753913288 0.05844657829768729 
1.0 0.5560851799100215 0.30738030321863796 0.760183313235713 0.36109556507550866 
1.0 0.385506503037749 0.6569833270830057 0.27852966891730335 0.7676253619185268 
1.0 0.5279944553309152 0.4910507536696973 0.8721706918524159 0.2806383049999831 
1.0 0.4643629937514668 0.5564843295747872 0.3414327642824714 0.7109276778890301 
1.0 0.4591546387808469 0.4846999107196783 0.5297619599622746 0.19285708384475442 
1.0 0.42249744884705087 0.5275543578994994 0.38269883854644704 0.8084480803352387 
1.0 0.47078521458197997 0.37419422074579944 0.7047139143024999 0.3422041625926413 
1.0 0.5575967298896846 0.517005272663055 0.0722043275927522 0.4292165224218235 
1.0 0.5890358799175417 0.45410396688546456 0.89951445880807 0.553922132044184 
1.0 0.49644036579501655 0.6225982790951416 0.2465896022764199 0.6280317480220045 
1.0 0.4973547500960402 0.39797204398763447 0.692506433096246 0.3746990470351401 
1.0 0.5143945049123352 0.4942798521199269 0.9271283030536859 0.2797874282375181 
1.0 0.34428033531508234 0.31943383293888494 0.6604252143305492 0.1792277832041057 
1.0 0.5070608252151847 0.5633712893274897 0.2882065432754082 0.5747054787350895 
1.0 0.691958499178751 0.5938482958442295 0.09277064208461128 0.5495896720376612 
1.0 0.34110052924686673 0.33527546487117976 0.6505972831015131 0.16613267582117075 
1.0 0.31035785985687203 0.563403149162813 0.41713202780220626 0.9681277586078924 
1.0 0.5629693130217087 0.2753592812636495 0.7573247693903731 0.270453480226828 
1.0 0.30746544015125366 0.4956741120281884 0.49356106169694325 0.9924653541915741 
1.0 0.5515135366054329 0.4939931930359591 0.9648185964525062 0.3552037000843695 
1.0 0.3252634947455578 0.6339969213579637 0.36573283978594473 0.8796505001816634 
1.0 0.3971950440016876 0.6766837765848889 0.2649263840986671 0.7663033738458429 
1.0 0.5264485054949231 0.5305976260642219 0.10724098681849192 0.4861074478445355 
1.0 0.4155795145295139 0.3573929445515248 0.6401121356275936 0.07876803841339597 
1.0 0.5406594979449562 0.6016448647657927 0.15181926448595906 0.5663007562817213 
1.0 0.3551437408343815 0.5400007314367871 0.410049232359582 0.8753711403887409 
1.0 0.4902829011136735 0.547671833248165 0.27385151539111396 0.9147585697787597 
1.0 0.4256742320212851 0.40423010765392087 0.662428207418919 0.24068412786326232 
1.0 0.3157531397402459 0.4649719627518204 0.5315525990398066 0.9976035037830464 
1.0 0.5305894008060599 0.34981072337712105 0.7411010694462161 0.19266481846621786 
1.0 0.618529386967879 0.5403759358304455 0.10519541298980561 0.6449436834939962 
1.0 0.3193412892495844 0.5028910817387815 0.49452592836907316 0.9573276334180713 
1.0 0.44178788303771693 0.49975794640823185 0.5799684513141277 0.8757760894400924 
1.0 0.5765475344408826 0.6303418285681718 0.13531825724386715 0.5770154210070036 
1.0 0.48077118283301185 0.4907296510722185 0.5094193926283964 0.21618701280837038 
1.0 0.33246376002170663 0.6734993987318036 0.321666573502672 0.8480504285373103 
1.0 0.47134774187506756 0.6070244107698861 0.2897263360164142 0.6511517518455451 
1.0 0.46093505379822264 0.2657012263653168 0.7061867707846899 0.22935901552172655 
1.0 0.5179154305132183 0.613529288160258 0.2066050936282816 0.59771118286804 
1.0 0.5301474595771088 0.6208853580121206 0.18063861428006323 0.5922538531569287 
1.0 0.5140614264584159 0.5495871653729486 0.2725988930865594 0.5498899230982968 
1.0 0.4662322930651153 0.5137564610570903 0.45863908276963117 0.7871397467421658 
1.0 0.5405335750858906 0.483713199102091 0.9048255994723844 0.5813515395062944 
1.0 0.4979829324812061 0.2652425141303405 0.7289242931497759 0.25734280589349123 
1.0 0.6637216986636528 0.3368642504944731 0.8124912789499357 0.3972108115177102 
1.0 0.6125182162530829 0.3856624229296925 0.891102466095482 0.4734810962319712 
1.0 0.3799971230939314 0.5375880919162827 0.39253426677030057 0.8521835174730363 
1.0 0.3688927844493294 0.4924826753629404 0.5178445140087231 0.08343604467466814 
1.0 0.310029398390796 0.4810770162617964 0.5058318827872169 0.9999785954998796 
1.0 0.3618851820721219 0.4171656220809741 0.6149520460454886 0.0075738140231947915 
1.0 0.3259614452976507 0.42610298162044646 0.5935933784200103 0.014388605151527845 
1.0 0.5753267344709474 0.521208500921458 0.09572268661849126 0.6616065646221525 
1.0 0.5023973693820527 0.4324448683736962 0.7120356363926479 0.4148726601415019 
1.0 0.418866410501085 0.5058479775280024 0.44505203205135824 0.08120730555304967 
1.0 0.549544818981739 0.3390867738998943 0.7761778978295085 0.3968248833026644 
1.0 0.4046952580915057 0.6575864250929506 0.31167290677226234 0.7435944375463789 
1.0 0.523869241458418 0.6340187873862695 0.1948976463544395 0.6088931770500903 
1.0 0.3936751675892343 0.5748950123600802 0.36437174897654445 0.8073116679598596 
1.0 0.6618544977897486 0.3565044019694329 0.8408779268276187 0.4304523269872661 
1.0 0.6832583110212075 0.4332694233120665 0.8861742708948449 0.40513594022135924 
1.0 0.5073609835985682 0.6714201683563941 0.19589928922188538 0.6551710334696419 
1.0 0.4901485623914186 0.6309199172825884 0.25371468334012404 0.6400054039636529 
1.0 0.3451300798244852 0.4914055197806129 0.5098060266271134 0.938175685990042 
1.0 0.7069336623276498 0.4838933782603516 0.9641756662046717 0.46859891954434885 
1.0 0.7059894647122845 0.560532740708602 0.0338101196569347 0.550855873108395 
1.0 0.5255751517473957 0.3325015565881656 0.7619624119481769 0.37612240822604426 
1.0 0.5736238199010848 0.4002758965187485 0.8310785174464856 0.4706787532499753 
1.0 0.32707686546306636 0.4619669249315236 0.5610339703345348 0.9835763007558692 
1.0 0.42908282016150323 0.6628344422853715 0.27248811420511265 0.7207526062551219 
1.0 0.5404582525988453 0.6546894731167867 0.16625116808523643 0.6176725473391684 
1.0 0.3849574944732058 0.4696380394307996 0.5584729125138629 0.13480730145050068 
1.0 0.36023190943457606 0.44062760509298204 0.5853799697898822 0.9847533360358256 
1.0 0.5162467086006747 0.46599139217504304 0.7434672565289846 0.4833627712756089 
1.0 0.3093724756487509 0.4394047169273751 0.5788470350745574 0.0629173696641886 
1.0 0.511822878378928 0.46047874383904963 0.7218467544977384 0.46186014581574353 
1.0 0.6399111433979787 0.47024413976120427 0.9040517333790066 0.3869012579717386 
1.0 0.5727148921231827 0.5350063153345943 0.14672902302995217 0.6970252542048596 
1.0 0.6769486365749571 0.5950718888240031 0.11722834638519253 0.6164456725737498 
1.0 0.47435575018268433 0.44534371802067985 0.6802637938726691 0.057926291256153783 
1.0 0.6092482357204345 0.32913453733116405 0.8036623017035381 0.3984430136185756 
1.0 0.46489455083730774 0.28324831276715023 0.7198115826340763 0.2826484914004771 
1.0 0.43431065989912787 0.6813019920131199 0.23921056507274996 0.7279974336379798 
1.0 0.7135862560453032 0.511293392027032 0.002160885455178896 0.5242918886556133 
1.0 0.6537743340162708 0.31564368112692875 0.8014354393400598 0.3601829176220943 
1.0 0.46554340665183536 0.6549853626900961 0.2706367285457657 0.6785706637095215 
1.0 0.36412600164059394 0.3204040998580874 0.6448063836525396 0.11196291619271259 
1.0 0.48073994529382413 0.6023129529994505 0.30483851988364996 0.635412644774898 
1.0 0.49162650644504974 0.5800739209016958 0.30980292494742356 0.6106078887939741 
1.0 0.46917713684926127 0.4546146682172591 0.673271832333837 0.30608939344688824 
1.0 0.5443873226497266 0.5623760160911823 0.11810087519040657 0.519351719284047 
1.0 0.6857797438533847 0.33543477749647277 0.8234588273519092 0.37122175766456855 
1.0 0.4693289602525097 0.4285359848783739 0.6903315243524816 0.34029662108913905 
1.0 0.512992801712708 0.43574771743993074 0.7450738977913215 0.44082594460913893 
1.0 0.3584028071124921 0.509600495984492 0.48634227218380344 0.05341899567255215 
1.0 0.5632520171391333 0.3383563253571694 0.7693980549761028 0.23018693888121222 
