0.0993069553797174 0.21257276054750313 
0.47963776983589257 0.632053173171942 
0.6702845111846043 0.03337498333763872 
0.8559328251150411 0.55479132619073 
0.40510812525557843 0.7986388501520983 
0.07884300663965232 0.6811202859292799 
0.6136205655099451 0.8040838242793139 
0.4816311144296184 0.27737966239233985 
0.9487728268886291 0.2483218155150717 
0.8562793894856536 0.9889551302572663 
0.2159325643642928 0.43614715918592706 
0.07109668262650198 0.9481302412149681 
0.638604406640979 0.3547271316465334 
0.5056569448849578 0.0610696296336769 
0.9863680971633447 0.6948209751108232 
0.3025803848492509 0.15044287574822768 
0.8512776099415279 0.1506539865662619 
0.651891525409406 0.5536200337577474 
0.7912754232765574 0.6972420416348707 
0.2490729305211492 0.7239974224605261 
0.40754141203614314 0.4507211889541971 
0.3396722169381421 0.9231519590696362 
0.8050744617733814 0.40231953424297995 
0.0077766377922746655 0.41608045010445094 
0.10239745059914768 0.045000406984364194 
0.5198165116807667 0.9855530238288643 
0.6167432295587513 0.18254239386889282 
0.8663818224015903 0.835054406460729 
0.27555188335226266 0.34409984440345087 
0.6361261832830245 0.947031820314898 
0.9223831767962507 0.03765217574846358 
0.07494046306381186 0.7678126091922557 
0.32186388793144904 0.6335847255142905 
0.12054383453115614 0.5506023973276456 
0.8239527476115835 0.2340430659622308 
0.1071299070357854 0.34653374652151125 
0.962398718686708 0.5163465444565533 
0.1595779341178537 0.8928401681318693 
0.7738201095035937 0.830538796675381 
0.6501596693242397 0.6768851869097581 
0.5170487455460674 0.5067538924889551 
0.36668757584723244 0.013319678190835682 
0.38891577016263473 0.21284111295747976 
0.5667017996394702 0.41973504079597257 
0.9575719302105454 0.8302739457961805 
0.774077570077812 0.1747974141779693 
0.7694380480623166 0.0852193103168809 
0.9276434713661732 0.40847666609889954 
0.23745495002631384 0.06778036277166094 
0.7503089071774243 0.45471816861045744 
0.5002001535655182 0.7519078509242376 
0.32377411311468696 0.5133701164940333 
0.6690342423593649 0.2545666888568565 
0.5414954356234937 0.8617402108514545 
0.7368418949133988 0.6191107471447044 
0.3090013565106344 0.8318030292282974 
0.7424968552763952 0.9352376360667654 
0.4340118993628459 0.16611693585259035 
0.5399466337545329 0.6417942742636176 
0.2078385793934801 0.23686388640258038 
0.09535262440586112 0.10574041151098262 
0.2432230491271779 0.5361680344423363 
0.8675847300686418 0.6628889996978771 
0.15998059255894864 0.6260947941931466 
0.03875947359073495 0.4667012100259215 
0.2571060557540834 0.9068963461212165 
0.16215584876306555 0.7794195844914027 
0.010924415457768621 0.2950733233821034 
0.9088653910892367 0.9053215629382506 
0.44875730637844125 0.3521349570679705 
0.5642499193625572 0.1204012741862816 
0.738184432792145 0.3462799177945036 
0.9970436353007687 0.10805366255526322 
0.868673316027107 0.7579384406599758 
0.39816227089907474 0.922759592892097 
0.5632584415376449 0.3075470166288726 
0.3326530898154319 0.3293745594125387 
0.39904290245902946 0.5798326018903417 
0.6819609310074023 0.14077141309354385 
0.9371432743263248 0.34986055752252576 
0.29786196924256086 0.42593788211145744 
0.339231662353084 0.7572340600255489 
0.1591712814985582 0.9944403035626987 
0.019861027493431327 0.6134068945067018 
0.051407794721094524 0.8683062241500284 
0.03966557601089965 0.15025644323585147 
0.28838171727848694 0.2335024228495216 
0.8612200034266349 0.3035989254076631 
0.18379826425969076 0.6717560232761327 
0.7249128469968662 0.7659551304240515 
0.9454371128025845 0.6209274966519919 
0.6307773638867088 0.4747650097537519 
0.4291947554329507 0.04982641237125096 
0.36335689213309075 0.10878712787927175 
0.7695840364776192 0.5533306163984463 
0.1729144544507608 0.16827722309780668 
0.10579902934181762 0.44262180138689083 
0.39358589292464957 0.6998717026430289 
0.8381363873158513 0.007138716418330471 
0.9968678522860965 0.915089647373768 
0.5699349929131885 0.23501102350232622 
0.028550980366288836 0.025575317554565435 
0.8702701418636197 0.4569817283241958 
0.13137779721970805 0.2844164459399807 
0.7065872141560536 0.8741745217776058 
0.17996837726298004 0.3304586543603388 
0.4861377407885578 0.9145889577100514 
0.8311245438995084 0.9395123366379288 
0.606553673017953 0.701046461692323 
0.261952320718862 0.9906149608858432 
0.8915726865371563 0.15934489279259517 
0.7352977674923952 0.2936931731434468 
0.49335121045701713 0.13002389261805664 
0.24172967089822112 0.6338736167750127 
0.6065625214308709 0.029172056261227042 
0.9805154435127756 0.7704636714627053 
0.46238947599531977 0.5526699419727751 
0.9315561345940939 0.9512469118257999 
0.4782693739427213 0.8451265969733597 
0.5696941113475977 0.9207190508889938 
0.9614376376267728 0.16306590111306934 
0.6200405212159554 0.6012780232402741 
0.5108772933819182 0.21670418255066015 
0.6817403010678305 0.43944526020271607 
0.48790612464382466 0.4179817056886873 
0.48365425953893626 0.6798886724143339 
0.9055201674846478 0.7153358930285851 
0.3931902053934314 0.2865057248866303 
0.2951116284971621 0.06099930946463622 
0.1522963381080769 0.07299047334178199 
0.03907998468952706 0.5377134531719573 
0.03229842681978773 0.7322045743167203 
0.5846202062032764 0.4949610894543141 
0.20954784530226728 0.8542054888821136 
0.6012106399141968 0.8775434347842568 
0.8255761218037403 0.4412986176876622 
0.11923008480944808 0.8437572311657346 
0.7134954988944839 0.17044351532337026 
0.3499315465236936 0.8628073471869149 
0.5373033620716602 0.5934447799880562 
0.42397766781023943 0.9803490281691094 
0.7222780611895941 0.5590949124187973 
0.9844990904867179 0.4019239825187027 
0.3715453244221556 0.4101103135183103 
0.7994826133290651 0.9893420984257425 
0.7479608357234282 0.01594045702063268 
0.027500281619039224 0.3688160631212244 
0.3051808530200327 0.6878216156509516 
0.2587890316779823 0.2791650517992016 
0.07180811797984721 0.3077255008822001 
0.6909955658799216 0.6350982493791888 
0.23622440906518644 0.013050917599981837 
0.19163736986060742 0.9348508659731796 
0.5396733507135213 0.7224559582510032 
0.24452770914139493 0.7818120220447495 
0.16184298592286983 0.7144393966166586 
0.8425115913398379 0.5019439966050324 
0.11506801596745309 0.6402221891621693 
0.7878439923271326 0.3098632810378256 
0.046330693671545076 0.22409047790084297 
0.6830316356045363 0.9618195843589743 
0.8299705658005838 0.7706243229719794 
0.653209333464768 0.739744041975319 
0.012698102615524953 0.9486832380549821 
0.3383560648997618 0.9718339353101615 
0.8791945338523361 0.26486334636412834 
0.8811812837636913 0.04714195790217557 
0.7201299649566869 0.3911154423327653 
0.2643711577849369 0.5802542360882903 
0.8329954057382981 0.38738657758178385 
0.19366369354743335 0.12171820616527657 
0.686117263929572 0.8091538658707083 
0.8083072177405215 0.6118057316136378 
0.17292992147370229 0.5161700757129559 
0.8970188233510933 0.0914463366363536 
0.21170028983470252 0.40602988228786496 
0.5507690310680303 0.023181109650204756 
0.6835633096191311 0.10026661759884342 
0.08370093130563666 0.3898839825583901 
0.8778417754137107 0.6028776113381807 
0.43798570355788974 0.22420484258749324 
0.5636364838646352 0.7705129912141198 
0.4309130354605993 0.8579402529817639 
0.7326284948595342 0.6667649483162822 
0.9679226984098241 0.31784737165883986 
0.49149001977278817 0.337485129271062 
0.342087647844878 0.2532270990163483 
0.11843550273449666 0.7232880383255818 
0.9212655915686698 0.4701919470529648 
0.11628372675629833 0.9185811340791741 
0.2606526926611674 0.4750856934377785 
0.37774882511656405 0.5384227105634006 
0.7987226455869373 0.8465971406282444 
0.8428245307622073 0.20905395308439056 
0.312435255777085 0.5774146936016241 
0.9795584198178793 0.007708223226883859 
0.9702329733245598 0.5609198075119297 
0.7515410540813896 0.2341370424332161 
0.8331404048672284 0.079299215987014 
0.41796216294268596 0.4922315588683154 
0.05707914547642362 0.094004979772075 
0.453572359118691 0.1082174674037727 
0.03371540930787292 0.8101544655887059 
0.15563010177108727 0.39014615459951774 
0.5488309476707665 0.15742285838278608 
0.6203459857228731 0.0980596547786074 
0.4613411820839985 0.7220555303301708 
0.64739575731634 0.4195574417317337 
0.13985887518976575 0.009200437628069436 
0.42821391245397766 0.7543626287909856 
0.7045093683028535 0.49684274313398613 
0.2312123138146865 0.20625963644342787 
0.5850024352741894 0.9804483619221159 
0.34912524860236077 0.6728146602765326 
0.9367091612140102 0.09212732736683693 
0.18929935927031055 0.5707875916790381 
0.6024370421605159 0.27648551392038245 
0.8942757059586659 0.5643217263911683 
0.9334839297868492 0.18848194040256355 
0.536099883318339 0.45105472418473475 
0.6692852210059965 0.321364308251616 
0.106075738198592 0.5911401016385023 
0.8904254194599406 0.35932234237275207 
0.11332457155164422 0.9781300433999074 
0.7522367032637157 0.8878441829210844 
0.9174442870837105 0.8086707484244582 
0.11968977771437123 0.5295651224503808 
0.740981551784549 0.9907581892971206 
0.953701105959442 0.9882916354303652 
0.9707515824713301 0.7392348170189199 
0.3528203786156594 0.1788203905483688 
0.347125897268536 0.4466845604326447 
0.6780892416031497 0.17971634338974662 
0.20423232547339581 0.04952706549711422 
0.28381803082738744 0.008903183577317897 
0.23776447061786682 0.34760745280399097 
0.9307870415680346 0.6670495064235882 
0.5781759861259375 0.3790532714435736 
0.5685179710700315 0.5397046973771746 
0.8515529409502358 0.701306058530067 
0.45560984698553886 0.43074957259657404 
0.35431139166668646 0.0758884938643461 
0.5266817110917554 0.8145797268475448 
0.7852059555572785 0.7410154678053571 
0.7256884412246521 0.1296907001362036 
0.4794839615202456 0.5970271930183942 
0.8305020947660544 0.8975356924849227 
0.2015187121969752 0.2859113897940354 
0.4705301258196294 0.9678655387144428 
0.8106511575041048 0.49455731907700023 
0.010500340163980049 0.9245711639986421 
0.2745610837395269 0.12800867475708977 
0.9161673709954855 0.31156082242410527 
0.03763306502392422 0.6756302752469443 
0.1630585490507957 0.2310088933563269 
0.45469581596594744 0.0431368856419011 
0.3918840733839669 0.6180725591586494 
0.31675206125811817 0.37831420572441793 
0.15736853630534337 0.84412749807116 
0.09556052238130958 0.14747750316426544 
0.6560079591984349 0.5893493529739294 
0.7865344733906442 0.9180238257053176 
0.6346560601023257 0.14832996448420505 
0.051594034441370284 0.021422340596491174 
0.2571270069658518 0.8671379481723542 
0.7182090739309799 0.7117520851129202 
0.4118297847961432 0.33390169629342376 
0.34330509399456144 0.8063463457938171 
0.9563773255665755 0.22155811140785775 
0.5196710245972685 0.26791347242573427 
0.5104858984313748 0.114377356722487 
0.9715806852950432 0.45121222183878895 
0.7863992632378838 0.13647101699819025 
0.9882077435223049 0.06343373083821013 
0.6685204357815451 0.5339637303475671 
0.6520478012574399 0.8410762965738972 
0.3394705580095512 0.30892532124828553 
0.6649022549279309 0.8994203628155866 
0.2103731249233322 0.7758073422702443 
0.9656895827336592 0.8771071455105268 
0.2895314420866434 0.9609370879044826 
0.26383912076479676 0.6827881411096242 
0.21343815311815206 0.9913166439044083 
0.2414645675204713 0.44250792007573453 
0.4791315907311001 0.802780805321005 
0.6358912107299209 0.6379967690776518 
0.02821978566092631 0.24404787450432475 
0.6282366185697382 0.2345110709798457 
0.5759751564036093 0.6598182786161852 
0.3967761046750751 0.8631743506768921 
0.07782790488001551 0.8702094000335381 
0.9210834355608204 0.5131709321092001 
0.27414448007888415 0.8133737753297685 
0.7574970726948168 0.390587398690413 
0.5274874690160039 0.3676410847482402 
0.18644194275448905 0.47710613839586713 
0.8827056695200559 0.9117503446275639 
0.8034607670508 0.6422247179692071 
0.4149031734794658 0.0077258800867708866 
0.0840781654035932 0.4338568095999894 
0.14282896813809842 0.11853759013646975 
0.8858234120607092 0.9569395591737063 
0.7898436963822766 0.3574416100804678 
0.7046732392039685 0.3681140757835001 
0.5361025918231394 0.9263052094228004 
0.6504321135623143 0.7766411119621537 
0.008449794297956614 0.8560644273262586 
0.2318191404430871 0.9149990195069262 
0.4704601137027908 0.8954124365213422 
0.641097429673727 0.9929284126839422 
0.30753705087508587 0.4766917014484714 
0.607865207831924 0.3357703138504217 
0.2987828729305596 0.8998561069177522 
0.4520992883452111 0.47334442997995124 
0.7166120040608044 0.2012738394730118 
0.8141639502425819 0.546270132181743 
0.3657314707611462 0.9679182591990729 
0.1051882741559817 0.7804867996022011 
0.44336131444071936 0.9457065685800452 
0.7669776613737316 0.04734267678707871 
0.980714836156811 0.6477780432715895 
0.7403976766597422 0.50680761926818 
0.3138474690675853 0.7538123371404184 
0.5764748954667646 0.8200225737660918 
0.6935938993160172 0.08588577568469297 
0.42265199496623485 0.6680442726883769 
0.29011112603117784 0.31540718320581373 
0.899364291486805 0.1957623500250898 
0.685952118683977 0.750339873047114 
0.3842939664539051 0.38037016550574665 
0.8667833928043296 0.3994040332049446 
0.3430595844309615 0.7257312625091503 
0.821768062538812 0.2700628692159528 
0.054196846804917986 0.7193471480099444 
0.7301402203288806 0.08118310387263244 
0.6069743707830207 0.42277479694612613 
0.00962231842777389 0.10108034879191413 
0.17439311257297113 0.43775674386579316 
0.056958343290193114 0.8251003769820373 
0.9691721781440251 0.33807539861932306 
0.2596055440521329 0.4235423786062 
0.20902472654075777 0.7076568758189343 
0.9744484718331867 0.26765201628390123 
0.6032839706118763 0.7538555525581045 
0.4587217700007759 0.25839794140312905 
0.054901523256611795 0.3154784206755272 
0.4438632439452084 0.5275631877442465 
0.9517102066184701 0.907526680608457 
0.2874845128179261 0.537332367824603 
0.6051179954101635 0.14949501509048585 
0.3832161421428667 0.12481032269166337 
0.12027658149622833 0.25468457797961475 
0.77673744567116 0.5946055413468616 
0.3524792234194449 0.48696751687983597 
0.4347718458387715 0.6003106956534722 
0.06251443753887148 0.5818411946220445 
0.38551999442748325 0.09953106519103849 
0.6862621931835072 0.5627760586075317 
0.5013107829235732 0.013652871723337956 
0.29349419902805557 0.20025718566597256 
0.41801809222102654 0.18207479478104888 
0.5730281785201714 0.07923596606512917 
0.6986279566469034 0.9826488364763382 
0.14812538222517818 0.9610716024556373 
0.28967410915806213 0.6088426025524288 
0.4601630127473488 0.19865825037178203 
0.5004559954484843 0.5640520185353036 
0.4083308918784164 0.25890703414498223 
0.8338692870065159 0.33106794430884046 
0.15149321940545118 0.4528302137339287 
0.9360411114582516 0.5672778947142819 
0.16551072112086557 0.5916942166236189 
0.08338741669320626 0.5142586019765916 
0.9280762890292942 0.7561502731726122 
0.34419575493475596 0.034589885449771596 
0.05423900609129101 0.255161946423748 
0.7828914393717166 0.9739713120696512 
0.07002858154869296 0.9752270121235647 
0.6151653717083337 0.5303056307210743 
0.3820987993628757 0.039224531977708366 
0.2092081161042718 0.103443155069183 
0.8905668393453485 0.8707301523961382 
0.9569027115911477 0.7989262771869943 
0.21641714178414367 0.5152229560569412 
0.009440918642667495 0.17100879295463361 
0.910465077808865 0.008295302254362868 
0.4352412830442776 0.7928385141710697 
0.3155858994803536 0.13079927995761165 
0.5300415963213684 0.19143255775261642 
0.3508351841668902 0.6013786737911545 
0.31903841539130096 0.026550793080087065 
0.474698363470919 0.392556216959807 
0.18653541272180602 0.6414496166553316 
0.5602218254295878 0.8501720686427612 
0.862198769340009 0.78343870473696 
0.7377112424730139 0.8233135236583696 
0.6693595056473896 0.2861542954762307 
0.1354380202529183 0.1621659985217962 
0.6395012636268016 0.05723138022005547 
0.5587779570422338 0.27498792020302393 
0.11862213963939605 0.687447168171955 
0.8138240887631141 0.1575801795349306 
0.03165779994057699 0.6424893016318137 
0.48583036125904966 0.46447869334812847 
0.9726676242259975 0.42725323749589017 
0.773392742711265 0.7952087176222674 
0.6851696341771898 0.9101074043064059 
0.40140112866866917 0.8878232549229674 
0.4360600197036844 0.3825536753502877 
0.18883509152637107 0.8435571964335385 
0.7578594634757194 0.2538770975216751 
0.03147242254106197 0.48863133971393286 
0.7536854545296203 0.6749893545490777 
0.3603512861622124 0.5627278113679441 
0.007709658102840022 0.33072220341813197 
0.8862495813511077 0.11377169440983687 
0.21874832631602892 0.15809419785876544 
0.2988082788140244 0.28078556256028264 
0.029297044871257782 0.40499053720950123 
0.9915008432440154 0.5976762992434648 
0.6222873473796964 0.9276980518205351 
0.06911663663732998 0.8921279627731298 
0.9388125882921197 0.11422235426096633 
0.9249837099934195 0.9913928371391385 
0.5115257183838007 0.7241731110260371 
0.26929896327042724 0.3706533464654326 
0.6666826550631214 0.706639756926931 
0.35224567789521866 0.4207192771923446 
0.5075771665697661 0.6729559961292513 
0.7734485330275811 0.8674801899782989 
0.09750346186803333 0.47714968140689407 
0.5030288291040186 0.9446139289820459 
0.9741859842531237 0.9588974695820541 
0.5192640130961235 0.8993792248202386 
0.6822164756421621 0.41683347847703617 
0.8761319690015485 0.5362031981420423 
0.007063051817123522 0.760845431205336 
0.825925945559894 0.8378637719015875 
0.38201509425761937 0.7873468180285983 
0.012735913538115151 0.6931087023460945 
0.2258321677507596 0.3203928691523146 
0.5333464612399142 0.7801641857161346 
0.6803112552008239 0.6027146205740944 
0.24734837646354935 0.24317017200048946 
0.10950506862522963 0.31327954790493184 
0.9900141751043514 0.8187557680098553 
0.1623675625748856 0.005915878692709764 
0.656578087847419 0.19943197357899667 
0.6776196140679659 0.010557704892190711 
0.13183861876545627 0.03244399252522484 
0.6144239628096401 0.9553728414707829 
0.5975688647252065 0.6388238877736178 
0.2340563196713526 0.9577419251616902 
0.5703686181014751 0.4448283689857366 
0.07396388906954471 0.5631946730814262 
0.9256053886730862 0.2870246970510212 
0.0993973726597932 0.07773580480795594 
0.9609170880439681 0.012519041450354373 
0.43886486497321214 0.30463523840361917 
0.5010979539390291 0.306669742413187 
0.8877700558790026 0.6387771304286148 
0.7128415686252613 0.02621135453211859 
0.19340280215608663 0.0807030281543264 
0.14390294256229325 0.6604931123399393 
0.3183555254253736 0.07793911368788231 
0.3651626358434509 0.3644356042959259 
0.2190347277247856 0.8335365992773294 
0.5326752842941177 0.42476953813025065 
0.10387477819059954 0.3738842884190693 
0.8899652318428131 0.2352510147919279 
0.16184893660665833 0.29141390275368856 
0.43301504486535825 0.5676082745208957 
0.027415610510012012 0.771204167200788 
0.4374807525674421 0.9040828063623303 
0.7679341705625762 0.3169318844831579 
0.9287463700496895 0.7193370650662073 
0.8213210648238379 0.10248898460592581 
0.3683864057397969 0.30943153689617453 
0.9882607616737449 0.19483410228111414 
0.9114955060670631 0.4416924871211694 
0.8251461478362236 0.6740239972024535 
0.8099838854302256 0.5788343398786507 
0.33178271442607477 0.225848955632098 
0.8391584805620526 0.6222132940766939 
0.18111092222332692 0.8841850778846976 
0.1516919630257058 0.3474243742358074 
0.37839460899388117 0.2693100753197657 
0.8485862353335214 0.721919383146776 
0.49552455129613493 0.24030040585822487 
0.8384164698540902 0.802469123001391 
0.7787524097233496 0.10745274511617298 
0.08172792443739757 0.33787720063619914 
0.5507428586106987 0.7415525251528625 
0.449825635006321 0.08080721831109972 
0.764481152878867 0.7749860517785732 
0.5150068402807382 0.608294350077461 
0.3224007297108362 0.8858415345706454 
0.9700952654205017 0.1275949061681746 
0.09256082094528567 0.2738603229549951 
0.7080801902960655 0.22452852835718068 
0.14765838499059225 0.41522987946224194 
0.29066220954014743 0.7106906090750011 
0.1982787387126887 0.3711451705542937 
0.7851146201616654 0.20619030227834645 
0.7642329852240538 0.6431424567316077 
0.648778488137736 0.5050966183840156 
0.6956792824310839 0.0632146157669713 
0.6185981318794211 0.38622875914015325 
0.08609281582161177 0.9066254688924945 
0.22715865985753847 0.6670505339005095 
0.39280269497682874 0.8403500517945328 
0.6606157776130306 0.3938228442766049 
0.05084444202745292 0.1757786238404324 
0.9579591896579498 0.3803779052719937 
0.7184119274591538 0.2675733722675385 
0.1405931144056754 0.7631941160729613 
0.837125581463367 0.869278875187097 
0.513985688579741 0.1574886155052579 
0.5897871019641624 0.787610630395679 
0.29727181506634326 0.6566984358401942 
0.9189690375015719 0.8677534938548062 
0.7090008979199167 0.404446653556891 
0.19279970667982282 0.7455532693253202 
0.47526730919755766 0.5063182101456791 
0.5481341083287077 0.6973657363630268 
0.7067895002061126 0.3148244454321297 
0.8831208069894617 0.016214710336871496 
0.2047835545552656 0.5935915887121945 
0.38887122876105273 0.47408634801506017 
0.5617057001421749 0.4878158756377413 
0.15463475091058554 0.20310791097996034 
0.979028620149728 0.5068307848016789 
0.09039931036373544 0.8080781815115052 
0.09466951187938344 0.6249193155302329 
0.961036899684843 0.29352407997928043 
0.45795952150733554 0.756762049340377 
0.7711538257108876 0.4887702593384934 
0.2739185067240439 0.5078106378897751 
0.8676211994015564 0.3482392038940401 
0.06444548373451653 0.04142929028716924 
0.7161188147385396 0.4414684333105153 
0.2898849321494252 0.8657116852598332 
0.2395365874780609 0.13844672637550615 
0.7319639754620371 0.8568282949358694 
0.6167673009203661 0.5746280552485731 
0.5924814192715164 0.5837141863443159 
0.6040302905174153 0.8399684567934558 
0.2439673159508866 0.03665704754325644 
0.22980577800565444 0.49364322653967496 
0.5712473840980665 0.8997254794263073 
0.8424126855373733 0.4760433318557773 
0.7321060465059854 0.956415198162659 
0.02200481713823027 0.06363835240882038 
0.8852353141200692 0.7225484944917522 
0.6248066651678145 0.31190425105964487 
0.02409263154132124 0.5535968905990307 
0.7628078593837071 0.7236578414304675 
0.6092647037423455 0.05690992095067399 
0.007256527481297292 0.5198887179620751 
0.9584518608892142 0.4813762265482105 
0.8320876766735424 0.13117461148806453 
0.1316826495904208 0.7953234330988979 
0.8539868268319253 0.037086737612147536 
0.36652613880091944 0.8918808905538209 
0.8138752415552851 0.8822781012285124 
0.8758685224160836 0.42852799227157756 
0.13086107453526058 0.5105134822164139 
0.4094187299115854 0.41602859388388896 
0.9123396396328478 0.6268716353905714 
0.11817366492274833 0.8730205352348954 
0.7286442750740947 0.5779372596636418 
0.4392567374219956 0.665555899917374 
0.4507337316785405 0.02138458211874411 
0.5991860824253434 0.20012556007700721 
0.2686401875956995 0.10380669320954089 
0.7228392464490533 0.8922924802794159 
0.9185781161461991 0.20870768473086265 
0.04999102459370419 0.9883328025801987 
0.0860830419216908 0.19746537329779001 
0.892556556070248 0.40031088649977303 
0.5957170758099646 0.1739688578797578 
0.23151247487032728 0.7375184050798868 
0.20337603116873898 0.006593077531650227 
0.6698584028021927 0.7712418037702868 
0.38615483838083114 0.9918919980152991 
0.3295661945916748 0.55540450230526 
0.5542529357583912 0.6066644442966226 
0.44389955824719657 0.8194218309245216 
0.31501708082469637 0.4425198054088402 
0.7825055015553889 0.28871016397372556 
0.8284327939344438 0.965355710447546 
0.24284800226978998 0.8233025341495681 
0.011116772855158108 0.4637765872138088 
0.40566330068688305 0.7279767423734627 
0.02126774876843096 0.8987566311088465 
0.16715514631993506 0.5643602135665134 
0.572717780042155 0.9583493658414481 
0.5382093242017998 0.11734798034344174 
0.7979486104333785 0.451848367910651 
0.3536335235192559 0.9906308207192889 
0.6650791341056508 0.09110662127639707 
0.5261530787705255 0.009281068870340359 
0.4364129934272937 0.6969326340617794 
0.14227749583159066 0.9220031965514717 
0.18300315367193398 0.8028464008213776 
0.36302042944459967 0.6465269840568899 
0.48620711412359446 0.3650306105474769 
0.4172248133770043 0.12988333111187444 
0.6740181971255521 0.4753970880374876 
0.12579693639140732 0.5777273652104835 
0.7648684164542859 0.031010455132225445 
0.166489056227561 0.6649378299619277 
0.5404992543331381 0.9896275530859301 
0.8179372892469687 0.04946689897994394 
0.5150169526926596 0.5305340291340431 
0.9872834772046211 0.23265608176950242 
0.5998713487187934 0.663924982633697 
0.25230177866368675 0.19406247088944628 
0.5799551385642623 0.26943954389741753 
0.5463309110118362 0.23763894039535488 
0.31806444042852017 0.27353964416725685 
0.8563479929579656 0.274340624400095 
0.5545751471743394 0.05700902313441408 
0.6917031296973803 0.6989394224163638 
0.6182429143678805 0.46575180489992657 
0.03215256872856581 0.2825655052179063 
0.08075994351932825 0.13915088390280905 
0.6932368245978198 0.8424990509766466 
0.4020393935846364 0.0625321738042619 
0.5054456362951036 0.8285978900101332 
0.3413272740136676 0.3774371153027228 
0.8879124759859678 0.4895803788454179 
0.8970884344348754 0.6625213151302541 
0.7531060789029272 0.4144838807675556 
0.23447661140776305 0.39205522267807874 
0.8274914753113913 0.19101670286179728 
0.6525613891035772 0.008296324971105495 
0.6406632262414609 0.8003713767176579 
0.7349421080182563 0.18934131059349057 
0.48423081835557585 0.21647283038022747 
0.42396809433700144 0.5244881824037723 
0.3386499303454677 0.5004307192814881 
0.1439639657325854 0.5534666670802364 
0.501507650839141 0.630574809384773 
0.05116715763353097 0.4937779884091723 
0.6386351428642143 0.8672246937682873 
0.9687638066756976 0.03252767032875198 
0.1614447207500636 0.099414475624577 
0.12228087962838802 0.9536813470192318 
0.0744039399828712 0.7308746738783798 
0.7609755931332125 0.9712737942250937 
0.27915275145335966 0.843104986794063 
0.422491456673843 0.6426374961401407 
0.9879644479536795 0.8441412668778775 
0.891834511694831 0.7715735330604143 
0.3513910285183772 0.22561057276722268 
0.8658901945070261 0.9032447105238893 
0.37624844352591064 0.7651299417591266 
0.29485147178930693 0.3350457063301418 
0.04632180616642506 0.12396175706632556 
0.4105367996493737 0.3755131784415175 
0.6852953353689121 0.6503386427481388 
0.060742067242169795 0.35465285832143423 
0.023601251189075023 0.9863279582668013 
0.6414628926376361 0.447709985361951 
0.35191156030740367 0.8400030880554152 
0.74334683999625 0.1175138889892301 
0.43346662135530595 0.20385579731485814 
0.582364493459402 0.7096586754007601 
0.7183375504622729 0.7418544149194459 
0.39995498108851263 0.9561838072237303 
0.8581214853986272 0.5887167002570511 
0.18182318108179246 0.9088550778132265 
0.4608906333819688 0.31156604522321096 
0.9814964148942396 0.08630425796426228 
0.5476568015360052 0.3355293418231543 
0.7468087504804911 0.16882796203842348 
0.24222176168170517 0.8923527854125082 
0.49163564339214466 0.034801686167373 
0.6043881489554669 0.22878191181924762 
0.6931755943561888 0.22136283249425437 
0.913320676067978 0.1427684680164487 
0.37381671127811694 0.714812421638789 
0.2908677295092624 0.9246939183199598 
0.2139621255307262 0.1860423787331475 
0.5311759952421634 0.40118985758963477 
0.658731021071121 0.9250200209530479 
0.511444295581743 0.8759679952176098 
0.32713826371301885 0.18003739461472917 
0.3315235144446258 0.7958225038165404 
0.8607908299446962 0.24080081142009896 
0.2008199116615717 0.5009629206351625 
0.3497615909632211 0.7002336340499239 
0.18060115339804678 0.021929111431545134 
0.8759193000157028 0.0689864929425752 
0.9938738193998201 0.283496958516983 
0.49155710963615107 0.1608055939182641 
0.05939058431737443 0.45442866801761705 
0.2682576192689337 0.77120285669942 
0.08045360449536926 0.007448560002300986 
0.11602819494247835 0.015263031400309435 
0.15588750851084116 0.47615744705654023 
0.22705909799884677 0.6480492701649782 
0.1425756975767321 0.32538646169050767 
0.3294096509772803 0.15311136258757435 
0.4017356915885595 0.166989902457303 
0.2710167543828925 0.25457494137417025 
0.8904531112190823 0.6933949150798813 
0.8238902359129485 0.6398846118506308 
0.5051739020830011 0.7848263961157154 
0.1708299752617985 0.260580340284459 
0.488581193861018 0.07346414442450255 
0.21780128622876743 0.2560468308449225 
0.17011503759254754 0.9496697780726848 
0.24651308822420404 0.2195752020663927 
0.8889154856729415 0.29318553301321776 
0.051932178018133324 0.416923354179783 
0.8004088026208678 0.7214433074317539 
0.6284470439314657 0.7025528440055995 
0.8452267495409527 0.43284598824247106 
0.4816048245821085 0.6575450230308155 
0.6250709175683558 0.9856773000092744 
0.9176782652128816 0.37318767540024417 
0.7867786959246643 0.019429248550678513 
0.8144208030549152 0.7578589657823598 
0.5940592504196528 0.35172516977366663 
0.6145306410162766 0.48904607369461234 
0.7924531947263638 0.49570014943937407 
0.3331462883531099 0.8584182098078262 
0.14049688130962074 0.2291065464592602 
0.30376683960213113 0.7927987709030023 
0.43228254793119825 0.08763335368306235 
0.38734534095795026 0.5491971281172174 
0.03723947360648716 0.2078377426080984 
0.519428551836584 0.6917674235434128 
0.013798191737530718 0.12390182072760803 
0.4703861638359452 0.13082009835450803 
0.6397877590640908 0.25669247111913474 
0.12816831139982682 0.6153392522069553 
0.3281802031749548 0.9404636443550354 
0.626402011478458 0.7599449204640387 
0.06459337979742824 0.744429079396282 
0.5160669371163199 0.5843897077788747 
0.9923855841226106 0.5409800158180471 
0.548578852059274 0.5076783815317757 
0.23095708290380457 0.09792022782000864 
0.11542427454532045 0.13760719058188142 
0.6457226692930376 0.12828227196816994 
0.04996245983709818 0.908717213649525 
0.8817301758756364 0.18402228538811383 
0.7854249774343014 0.24390074543929147 
0.28287721180056236 0.6401335655060261 
0.26492454895301093 0.3172571237425955 
0.962922256063415 0.05443934935865963 
0.9801164525430985 0.48966359228269624 
0.915524856138656 0.6029138038708319 
0.5553495868943751 0.79120254119234 
0.8522255203556272 0.9610021680318712 
0.07393302191780643 0.7110245333434928 
0.014136182848568934 0.8264759788688448 
0.7560027440499082 0.5332114528918047 
0.9001271373093469 0.82491675724648 
0.25684594083867585 0.5960081423667032 
0.9168453341841051 0.24987572066333985 
0.5885820173875385 0.3043082674631493 
0.55900577009381 0.8782055468492952 
0.7680456612271804 0.3719240230929211 
0.7682408414277313 0.7580942393217021 
0.08526470951096038 0.3562324019263309 
0.8339408259157683 0.34704854867747603 
0.7874587960820005 0.337258456915534 
0.20894007696767108 0.6304163775493489 
0.5217139633725142 0.13227848589091973 
0.046967519525250356 0.5997702887071946 
0.932091127263696 0.9195838113507577 
0.9921858866348956 0.994697518515011 
0.7836107127147216 0.8962662510848864 
0.26366747845348115 0.028215277750177792 
0.7151261235596 0.5173336115914817 
0.9630207931678234 0.7751737985719377 
0.6750734186928307 0.5093485343005564 
0.38383638862510944 0.2511650126892587 
0.648871637946051 0.1856260693903647 
0.16764832065585883 0.9774145246777909 
0.5712101463567885 0.1512726272449333 
0.7125413134883245 0.8026978832133862 
0.3271138325279358 0.36152159192129535 
0.7347245144807129 0.05869169395081786 
0.9910121771115997 0.4445750213361753 
0.4244611939463504 0.9243186799230718 
0.0367158613844899 0.9483699467468101 
0.5932497439980728 0.9300011546113975 
0.4634144108844912 0.9939833970530776 
0.1620547406309712 0.8646009677944211 
0.22147207545994363 0.5933512359255603 
0.5971023343494033 0.037570897029144956 
0.288904985735295 0.4592713175987005 
0.3668105442864146 0.7951164683430362 
0.2982232174179821 0.36539575961103055 
0.9010685655270984 0.983649550282314 
0.11288914601108807 0.39989339330412443 
0.9490138064020219 0.39608445850386076 
0.15147258050564072 0.14419532112466293 
0.016772781899932865 0.5790666320458081 
0.036957163477745913 0.7032810110273362 
0.36266943393928786 0.9231062915439322 
0.7045755422628348 0.26121277410486116 
0.9947726158255403 0.6655124552660876 
0.011304769959369187 0.6556220256791063 
0.9204124190065429 0.11355413734598285 
0.6426649089597394 0.322395342088749 
0.3437021129389288 0.10193262904763584 
0.7264611174865824 0.9171031468842632 
0.5227339228135612 0.3109070097166482 
0.5339940694400049 0.08028725090863686 
0.1223109265679142 0.09172669945685008 
0.3803792517205914 0.5908157036157822 
0.28235077767986194 0.5655578455674819 
0.15343099558552292 0.5296583898341402 
0.11746941058515536 0.22851365890022518 
0.5834118221398039 0.5241895690850515 
0.753015666579577 0.570348511413904 
0.2544311157539845 0.14239131244911907 
0.6815993321573969 0.9903191056564322 
0.5444276602745637 0.572811295270441 
0.5143090460238442 0.03308885153167462 
0.07118550550158603 0.6624377689919283 
0.7999846867251326 0.8204191465506345 
0.7132064534637543 0.10900511456038925 
0.6117922877091286 0.7302345598844752 
0.11238107500057665 0.20281820154729552 
0.2570883003094521 0.4054743488040296 
0.8329332692610556 0.3087914086925547 
0.9327153335062637 0.4449928242851376 
0.3872006545939545 0.50760404691766 
0.9414103331939137 0.5523830699987348 
0.5045120966377779 0.4723059241418672 
0.9630642481042065 0.7037604964407176 
0.7578451350339006 0.2749655463908975 
0.5261631908109657 0.9433548251819153 
0.09462456928284468 0.2486889171560187 
0.2525342651626756 0.8446005111505133 
0.8473868438898176 0.8292657917776908 
0.514657375168517 0.7511806016500333 
0.9332119272452472 0.3229566809911506 
0.5563912038684009 0.35789867882372983 
0.7085729851369619 0.1556141841211845 
0.6242237490565905 0.014247378815636036 
0.3844739294362995 0.6421311352278423 
0.7648601410062853 0.6996014208943742 
0.10502360092206797 0.4615850409735523 
0.6687272423523927 0.8574027207831967 
0.045673166196890824 0.3805708048696607 
0.97053286704225 0.7191694161881802 
0.7094927709266914 0.07735050832740026 
0.5811493982125804 0.12472087059586212 
0.9685928273142649 0.9319347578038693 
0.1214671157697555 0.7444015193615344 
0.5706285681264733 0.17962491839906886 
0.7422467856964907 0.4881127113037603 
0.6623640677415568 0.6121920358806298 
0.15140436693523646 0.8177081193731539 
0.17943015357400166 0.42010835485623826 
0.6986569123535811 0.6141308615911483 
0.290244154293851 0.40534604818238706 
0.37400245276642835 0.43340400236061205 
0.8106447261117529 0.6877435527779103 
0.8803101111001261 0.20997267395960784 
0.8494138201385938 0.09637426849605057 
0.4572424566137571 0.4972436799648735 
0.08799192035525916 0.9944618176458433 
0.185435550402283 0.045349363938236686 
0.20205943030913504 0.8800090169434207 
0.013221904036916532 0.1473233455216949 
0.16941221361773118 0.35564220997169116 
0.8368231128837966 0.5577324984001463 
0.4974857553807285 0.717524841890123 
0.988070718290557 0.17015190814651526 
0.30936450106971924 0.97252900864483 
0.2325256341179402 0.3019404689383496 
0.3580612574041794 0.2736234311069492 
0.3359925202596211 0.0499618288407403 
0.5847817434326019 0.5508732407874783 
0.5608154884762521 0.006604587314076649 
0.18682728552929334 0.21874431146099454 
0.27461309063478656 0.046550406377001474 
0.36538387489691837 0.6211672288575338 
0.655562347531442 0.8189456694757563 
0.8928072405057329 0.5418877831809912 
0.44988716159550735 0.6360823764332323 
0.32058309017283615 0.6003482458387459 
0.3254868953455366 0.7356019835075421 
0.6672880656770389 0.11273576668462487 
0.46390390533391607 0.8731753602134633 
0.6620046670221357 0.49083661867312794 
0.5157406044716231 0.6534353450471598 
0.21195612617627274 0.5668260427309711 
0.27888802277426394 0.6970768983732293 
0.42170413142147933 0.3469217082781426 
0.5790347510203451 0.4036666011040687 
0.7053406165795544 0.9446567967998278 
0.5621840309023951 0.6447578250333795 
0.6978739909318619 0.3322269317100276 
0.2599172065912822 0.9543670830966458 
0.04952857344939776 0.7937610839574345 
0.305332611037045 0.17281884857138086 
0.2823880534091652 0.16325261752320142 
0.28633259661088767 0.5868394336814833 
0.07790952799145362 0.8369619017366807 
0.9715600384166965 0.588122226147342 
0.3258018189050444 0.9055228139725233 
0.5919235837232439 0.48046208630976905 
0.47665803277256114 0.11194584032401639 
0.41914440587092266 0.06863574543893353 
0.4325084182996596 0.32383633979607196 
0.5054709909418754 0.44568820769717243 
0.8036310344562724 0.17043968377081692 
0.23128863849681808 0.7023803346995714 
0.2689526992584682 0.7260132213213192 
0.8773564898897626 0.8137172768274454 
0.9761032125378036 0.36664624339257507 
0.4244977031682448 0.9631492515356116 
0.9405918518347798 0.8107074413639686 
0.4579699472243437 0.6168899639976573 
0.09981742928720783 0.5697333565060813 
0.48285037689230936 0.547407352706266 
0.7604024922556352 0.9227097755406135 
0.98593530211743 0.8894043357320391 
0.701629085509388 0.4564469784163214 
0.47817857308509537 0.44484329997486577 
0.3832890081985928 0.013723466384079341 
0.7027714133037751 0.7598857335871827 
0.3098384029636686 0.4561482155912788 
0.9828804143771679 0.7963211831708701 
0.9088428578737878 0.3401444213164484 
0.6559818377834764 0.6569995528982675 
0.5152865501286006 0.959374514757375 
0.01398535047867766 0.20944249975039347 
0.7000750438553945 0.5457449021824677 
0.04727424557058757 0.6232301702033729 
0.070107396644639 0.6131141318927056 
0.9330570310464523 0.1434488112021018 
0.6577982274727594 0.14395941224848524 
0.8397191772610049 0.1742119893942402 
0.24675714785354652 0.5624883286635087 
0.7182498261680974 0.6007536005198859 
0.5091715929424717 0.33391656919941154 
0.3083197069726309 0.2552117493654681 
0.9490727927598476 0.8721693866770619 
0.7943373006202971 0.4765052990063958 
0.855645993640381 0.5158100523479711 
0.1999319416811181 0.15672402748406405 
0.9470948718087016 0.5013490772458653 
0.5844123667747516 0.8576905064726802 
0.6973410079559296 0.195509236587254 
0.22031842785635375 0.4546902119774223 
0.42017321454848655 0.581109130656272 
0.10123440575889908 0.896964709162388 
0.02850951191674128 0.08782925656409957 
0.42765342828267605 0.7323748310690013 
0.7710707025286513 0.4256186708299282 
0.6334881529712596 0.8873137738172838 
0.5770594260680935 0.10032345351218486 
0.9289450511680506 0.8276627613435976 
0.8735876172767794 0.3774862488046627 
0.47013872894665093 0.360371894915376 
0.5406589849186256 0.4792899148429651 
0.2024423365449689 0.6513475088248245 
0.3139496417142138 0.4928044341989173 
0.40520038529674707 0.771434506951739 
0.9078569727573883 0.7398881912235061 
0.14427444809619538 0.04122097863421181 
0.6799095994825425 0.4017383306809815 
0.35798916731222896 0.5391234139666333 
0.798662917715997 0.9376966003558052 
0.4279972113823324 0.24500884952479585 
0.49475364984981246 0.3870322499802296 
0.6750877170024585 0.2096659306387217 
0.5984472565897302 0.37430080401428634 
0.7898024602902542 0.06325087003878022 
0.5375944846918691 0.8367171749629083 
0.6168514496944961 0.8615881000986306 
0.9946321969997732 0.024344546119541843 
0.9843303273945114 0.6132439331757785 
0.30330292605643994 0.03764727938777279 
0.4103116212166331 0.20195435637303183 
0.47836660542841614 0.1726717897185272 
0.3763028310159442 0.16975100120534836 
0.2644965542227645 0.6590883135765466 
0.14316345251952867 0.8784128498985146 
0.032735098877477165 0.004253756989877289 
0.28611102708452424 0.8252665502054854 
0.10564938260096834 0.672630151557897 
0.591651801978107 0.43919448283897794 
0.37102923945071264 0.34445286300929584 
0.7736735292442332 0.6636599703610534 
0.8633785338500575 0.9432891645593742 
0.04521634790147955 0.5570478886530752 
0.9028115829833208 0.9407991991005229 
0.4200235405062885 0.8023990718997513 
0.2864922603977276 0.10372723907782022 
0.5082426720685166 0.18849223944233906 
0.24186590836250643 0.7629791549743741 
0.3962173606511141 0.6830039332828043 
0.7030572977806758 0.2894775493159154 
0.5158427381038765 0.8506073212700087 
0.8092316186925099 0.42621439735378364 
0.7229082073473516 0.646996020456039 
0.7571623225896872 0.6213695833079319 
0.5560800638842271 0.2558448198597141 
0.8534574923379784 0.6496764694388989 
0.6993538116394687 0.7295954003672303 
0.3222647094428412 0.6717591375714471 
0.1796590047055956 0.14560087116920978 
0.5635196485640894 0.9904871539036721 
0.5498265261420486 0.5265206479062011 
0.39781293149812874 0.025988316099428144 
0.10287261983295898 0.8338349919302092 
0.9882705661567477 0.3311770496524975 
0.4824760309640227 0.47777283778669966 
0.8301163961626548 0.5113270735831348 
0.6571018566697724 0.37142520690516484 
0.9185540449503184 0.06372315095589348 
0.5942966822126156 0.7242041145332305 
0.3498305850259922 0.20445422091425164 
0.2086828618462902 0.9259972218648924 
0.18114954999372818 0.720634176031683 
0.6601161479698732 0.9814432441305929 
0.20313962862865104 0.5242433032357475 
0.8004481904182006 0.5178810858801383 
0.6356329262353417 0.20275037047755895 
0.9232596794469452 0.8898269286454683 
0.5869546068559347 0.6832993127927207 
0.0418749525635182 0.04523619541429613 
0.5524753853319684 0.972454910678267 
0.30358952279336016 0.5419287975698294 
0.762427234207889 0.15429511747663704 
0.007161511700239709 0.43780508674064206 
0.3649271673331294 0.2501117383784197 
0.870449280967045 0.32504361206792726 
0.34896659838734756 0.8824120231226198 
0.5034904032746284 0.2791142357035593 
0.377541986243983 0.06159434503527128 
0.4897982378748317 0.9771944393840575 
0.744375140105597 0.3708000708159469 
0.08563629843991999 0.08916601052013651 
0.42282786724136234 0.4310387515675533 
0.6644360451894873 0.4309370189935385 
0.6310190404589859 0.8498447072730906 
0.06569098844266913 0.5430879125751886 
0.41695679193370816 0.47466403236662874 
0.7435595175089624 0.2026912996648631 
0.1992707710192193 0.3170398107307353 
0.8288799693507918 0.21427357807685093 
0.014196442318128222 0.38882032181517534 
0.42345231642802195 0.8786456067429902 
0.6543009243896505 0.053376156927954 
0.26796030192430004 0.23359469998952637 
0.06364862085777784 0.06476651625904006 
0.14266133722998248 0.7477608123743016 
0.7325922912965315 0.6813604216299749 
0.9483272311549633 0.5867003456049503 
0.8560921018682386 0.8611176781265999 
0.13795101878110078 0.3739288516836842 
0.870598036399595 0.5644311298166742 
0.7289875801888082 0.21968664117494086 
0.7825416508563843 0.6214889482067396 
0.5851596093934709 0.8937839375993508 
0.9553657146369408 0.6618617318718656 
0.4533724873945524 0.9572481227949494 
0.6964792330021163 0.037026122598355415 
0.6522591615908118 0.2792957600430826 
0.426805540583443 0.6174902920771174 
0.9002846539990743 0.27064832742482803 
0.34222375744897304 0.5880196910289308 
0.3305779746911728 0.8352362798046158 
0.36390133954212545 0.736812713672266 
0.7569217184400804 0.296659255997335 
0.9497776686596299 0.45600419195321673 
0.8047777984329866 0.5602696441028088 
0.45987393104950747 0.5268626436141243 
0.06267482013694492 0.1424032944106155 
0.4817965999849989 0.9476976248001376 
0.4134061169495715 0.8400659523984015 
0.4597163566526207 0.804883831813985 
0.4767322726678665 0.23612496485725837 
0.6059924696125177 0.2511759587801259 
0.007671942582899993 0.4915340440292011 
0.20112520623835062 0.42313408116932094 
0.6292248380527741 0.4259759421740905 
0.46289979279682336 0.7365262674877942 
0.7109386513652038 0.1320727587349012 
0.5837802017743837 0.7713262221593251 
0.4384975927336411 0.13228713612174103 
0.6720147454947186 0.6743496101672797 
0.48098056155602603 0.7878621813451876 
0.6523607419117713 0.23711878808954684 
0.3270326867389982 0.7098678102353198 
0.07163164992291476 0.9172166577857286 
0.13953784015283016 0.4771004843103314 
0.7513891265733637 0.7574254396132538 
0.8161486584993052 0.383863491169361 
0.03027054877886326 0.3049308668192119 
0.9140904780490672 0.5548098395115765 
0.19566714782836192 0.45240440034033813 
0.18363989668519237 0.3871317201167864 
0.6829459866140024 0.940301396268336 
0.8156919158471767 0.004294088873687207 
0.8384537441968452 0.40686597425339777 
0.8445726899705326 0.7549429850550267 
0.8257855197989563 0.9898824705212097 
0.03831581184622218 0.4414811561240029 
0.9411828616280683 0.23520316687840487 
0.06030345134224552 0.23756502598397122 
0.21255360580598337 0.06618400050601603 
0.8987331528243012 0.6755196864387472 
0.08047530689026333 0.5314220819161916 
0.495538523187236 0.5289080528728861 
0.8292419722706434 0.7531921866590188 
0.16879253829950147 0.5455317491446303 
0.6793780352320513 0.8774276257164455 
0.7371296802855113 0.4725411597680322 
0.8927721613373071 0.7947455849080514 
0.09740000247119812 0.7306069715427927 
0.6262951051931676 0.5523412833520428 
0.838084152231795 0.7124064831390347 
0.9537800317542782 0.18193674350329003 
0.900231222524668 0.042321584932557166 
0.9001984799408801 0.5872449512931985 
0.2949374306118222 0.9932265660498365 
0.07335372424116238 0.2711569465485347 
0.02813383277142878 0.2656176946687093 
0.3361128967820808 0.39834265426483884 
0.24363401008592311 0.6801999632214162 
0.21955753461643435 0.7936049679227595 
0.8840838749196152 0.13311895605817425 
0.004685220971606285 0.049875042615353804 
0.8950050967547624 0.47234483291064006 
0.4986223546431861 0.49980921991391963 
0.636714126509591 0.0921658389853085 
0.6089714714167731 0.7781825724045137 
0.4799774306685138 0.053843141064991995 
0.5836618220586297 0.5960611543929697 
0.18513594090213598 0.9583386277632591 
0.416812035327366 0.5521915671148446 
0.6699765512278538 0.16160215851357024 
0.16102352306662027 0.7620091909395412 
0.9631259182160946 0.07603156809720163 
0.7936959965771253 0.5812039264202382 
0.45109166179512455 0.38982666692815465 
0.5825723351559982 0.21490467020285237 
0.3189273174019138 0.008384107980459743 
0.014762215136800427 0.6308321834513371 
0.8781469854921486 0.738518338605576 
0.0997588430959942 0.7078472178693058 
0.4844481744950456 0.6140470344143995 
0.5351947333282693 0.6634466725809666 
0.8691648770580526 0.9232676241006721 
0.6682152278591619 0.5663687172381074 
0.7560968683429279 0.8623501755545315 
0.9164442443521489 0.7797670028120394 
0.15537833770144033 0.5043616326875794 
0.7709878146540214 0.5069289116412689 
0.3728328425764523 0.19966043957216284 
0.030597456393937517 0.8365817812038769 
0.0895488913469848 0.4134627812267383 
0.6193861857290124 0.13992341590944124 
0.4697619005277923 0.7005378679228833 
0.7808760934424406 0.9560035018134458 
0.18953633551268123 0.865592774887642 
0.24841619095491707 0.9754171509927678 
0.47884156694691055 0.0036973430150729625 
0.4582236903331725 0.782014236788116 
0.6246590794561933 0.6255533031468261 
0.007018138863609913 0.2600291278142093 
0.07888149230106989 0.4850120526877543 
0.6135969769439832 0.4453130999042795 
0.14144481311850593 0.7256263532971989 
0.7358035518780516 0.43789945147202003 
0.21331061630359954 0.7547069284887442 
0.14511785369498376 0.9378138347588723 
0.621128413328017 0.6795507910265661 
0.7689635545370952 0.19330059455467302 
0.6267264486771267 0.406207133010401 
0.5621594425982948 0.7110897639130928 
0.18773944505244178 0.5896522176366505 
0.375803527326758 0.8126332964580125 
0.9878322958832808 0.7254521272038849 
0.13840622422373644 0.4400965329708117 
0.8215267349576993 0.3617108770778541 
0.36323129329589393 0.1314398557992263 
0.23652155318973728 0.36973139450859016 
0.46290419436357766 0.8262525324926131 
0.7695084723102883 0.9401411540764599 
0.9960507791730001 0.5632458198304534 
0.012236518490537196 0.789531793090289 
0.18219080605304838 0.2961823008228083 
0.5376326235900382 0.38918457368059667 
0.0522226869375923 0.29618211638415703 
0.14448936073949092 0.27389498147698016 
0.9429121149384165 0.4254071180584303 
0.13676185535694974 0.06964171084098397 
0.17032013256074602 0.9262982278165498 
0.7669757507670971 0.98938946123262 
0.9814717468268814 0.9777744497843465 
0.5281179467462254 0.05615287209620223 
0.4085487205785442 0.09222460381536679 
0.43285646145854334 0.4499127369080589 
0.8499777924136407 0.06406818566492362 
0.04052811752695318 0.778054575193175 
0.5525739010866807 0.4373213224701324 
0.8039796280028384 0.25973523670211285 
0.8099546399462569 0.46815265549598845 
0.7961314308375238 0.8702588373139599 
0.8736430129241299 0.9879230976444431 
0.4974048472560712 0.699365490593291 
0.5790956899006933 0.8010953155537601 
0.06272452231627756 0.3982000144690978 
0.571012671205185 0.6220215654203128 
0.09169739594126564 0.8545644134135485 
0.5755669827740686 0.3297290816576164 
0.43941548554074294 0.4102918066536761 
0.6748316552366457 0.34230285707854846 
0.9896653187393959 0.46884456854330187 
0.8053603529314897 0.23891247845668945 
0.027994660081956946 0.507991521941952 
0.9043383519264585 0.8509629842267632 
0.4361777995486115 0.013189026252486191 
0.13002325790076297 0.19124750537811536 
0.9757609201599745 0.9089574549090895 
0.9298888519985627 0.49045593147394867 
0.49748495271328 0.5838285482064993 
0.19131844993060254 0.7684035112913832 
0.3238090481722452 0.7765200955156347 
0.33479895481024946 0.5729441842797349 
0.19355833674477008 0.17905993127433645 
0.19416114933620587 0.6900496809489293 
0.2954594116131649 0.1322759942031207 
0.6044820243621818 0.5666517353086375 
0.18306515055107736 0.1967924457325359 
0.2415203349382019 0.6135368819042788 
0.40514115833175046 0.5228600358803844 
0.5503226315178948 0.13622312978059142 
0.24816973654604746 0.1592715157650446 
0.1984652779786925 0.8320409189839706 
0.10729470844378941 0.2905318379859454 
0.16642543383413977 0.6912615046066628 
0.4078660360000732 0.30145784739587367 
0.20036335218284462 0.028478974369569254 
0.2909236197619559 0.801073249842833 
0.8295867355903324 0.5996852672314003 
0.8505082564500237 0.4893832092943269 
0.9497707009127994 0.9336173105143901 
0.9523652176591244 0.725065365774841 
0.3178882967524881 0.8132948015081747 
0.2640001928267337 0.06229537679303271 
0.09899033049872913 0.9560588934010464 
0.6444972490207594 0.9056650398780299 
0.23354723637313374 0.4133054283305328 
0.0665288895637619 0.810230531433763 
0.8068365582647234 0.1880369116604118 
0.9832156871743991 0.3021093334919961 
0.10512998384144351 0.9361051028957147 
0.4127059461999818 0.9397751140133217 
0.2880889998333022 0.0833285608227548 
0.30830215553577284 0.31946387808418086 
0.8227840114754295 0.7834135711288985 
0.9376094037420266 0.9716047145253621 
0.19310118681355481 0.9832244118282083 
0.591424354653092 0.05611575630908766 
0.35899669422629554 0.39082802089855007 
0.7687278054485958 0.3448593952973432 
0.44254823100966423 0.18843259908611326 
0.8086466574747059 0.666015607628482 
0.518416466845411 0.9178719415766448 
0.9423236715756227 0.5232613225405006 
0.7214685108329102 0.3048289488130874 
0.11899084864700032 0.815091803214277 
0.8339186493736357 0.030169150925800137 
0.22909092689612393 0.26510440319775597 
0.7467727438215008 0.6484174342416147 
0.9387584492356135 0.013061659789021629 
0.9906015235053023 0.7522469231187159 
0.27955477930887035 0.9044856729733131 
0.23848255665663148 0.5192632732574767 
0.6679488696303224 0.7980721630081565 
0.8020375402355792 0.11780100832744417 
0.12033406492582122 0.896345008420441 
0.22648589646234663 0.8956126212336413 
0.13894774999850995 0.3014420952121761 
0.6689838478045788 0.6411326996400601 
0.7075258920873464 0.005109747672454201 
0.3428834662572141 0.6224321043687389 
0.7291084523859988 0.010268697627899337 
0.8608927855611619 0.1869756938926886 
0.8408105106916552 0.24449605362786164 
0.8149365971472543 0.32291995776414684 
0.40219070571152243 0.666018127989408 
0.08527779953474213 0.038076374886273856 
0.9381773583980458 0.6460235420250533 
0.31365915673127076 0.6514237491717043 
0.8153439948449172 0.9534853071332641 
0.4810693133057873 0.8748467141511267 
0.012374990323045065 0.7131989370791484 
0.44201592090429537 0.7752572017728139 
0.31482776319305583 0.9197904236842356 
0.053783034750503 0.6973801911568751 
0.9279997965565403 0.6818081522177661 
0.8535509807371751 0.36587700319077743 
0.8757047235294471 0.8523928233021776 
0.28478319846382927 0.7527752652256962 
0.26128886847991795 0.6300271259370742 
0.5206278195816911 0.5555975579590237 
0.2662982167636838 0.44387257360690413 
0.9887360485807335 0.867232195381118 
0.5495196366048686 0.9164903141005167 
0.7774401550249685 0.3854886550151076 
0.36795152261222397 0.4684891213968898 
0.6380366802427577 0.576079061282082 
0.31920211313897806 0.34484201553464866 
0.36288224162986815 0.3257679290730334 
0.10023908930319331 0.755413832842901 
0.09197413724042913 0.7917795327185573 
0.20447741381179724 0.6161810361780478 
0.9580820526812478 0.5436289430803908 
0.5060453652219672 0.36015380454694135 
0.8070645007024287 0.911236246700255 
0.8352400424891815 0.5786463733067279 
0.9605020981909698 0.10481570633144321 
0.9754310997092369 0.6721313864162551 
0.008097966288892144 0.3126906280230762 
0.750131419358331 0.07520239440695797 
0.5330348346828964 0.1734057890484933 
0.49766722294651194 0.9607630128935529 
0.6021958020920701 0.819354119549199 
0.5268902328637285 0.4638254915902882 
0.7869655767341757 0.09039661059257781 
0.35815906415289545 0.05593963437465255 
0.5406317876418537 0.6214702506328466 
0.35156186336163464 0.7744268428888088 
0.2357026840887887 0.18278741129388293 
0.7878009712898383 0.04093715588905206 
0.7093204839358652 0.5723931642075346 
0.8110284101139715 0.08552849794572653 
0.23878316775421593 0.8034248513293247 
0.7266612947915878 0.3739451321269427 
0.6408548804866532 0.6074509636272429 
0.9790015657634707 0.21879112456154548 
0.1657955783748023 0.3203069459775596 
0.7666815318307013 0.2184812927349869 
0.8705870226994777 0.5026081716325451 
0.873034059416539 0.687795827635871 
0.8935602431020881 0.6140407305345303 
0.2985109684155747 0.5114830981192479 
0.5481738460288423 0.22129292101649978 
0.06885081590632958 0.021021590872265628 
0.03368727563942736 0.8808586506618823 
0.24173670755985605 0.11063258538869536 
0.9428413288099786 0.7728024434502656 
0.5653452151383673 0.726530635817425 
0.7847396675292002 0.7134579052307813 
0.7690647771018713 0.00886561159286281 
0.7056177284403853 0.9015961510319297 
0.7500002135392668 0.8404720494822102 
0.40510357216379556 0.8169621802004082 
0.0549712287506538 0.5237987851469833 
0.8091927811196793 0.14248067975312845 
0.2229896015565912 0.3383127588725776 
0.23520262549846904 0.854273651166847 
0.5089668225715117 0.2448392377744742 
0.32791836322427453 0.9904252158510893 
0.09941895311661003 0.4984890473319355 
0.9189851147230508 0.9656431354928205 
0.7522961199085736 0.5957922111451602 
0.6016482832007125 0.518312772206603 
0.8017597459505144 0.27945198264377374 
0.4624661766533249 0.2833487473956111 
0.9851479722278211 0.11497775200798954 
0.712947214243824 0.9954837422524774 
0.41435734731654694 0.9020887505412145 
0.646733047927091 0.695943377879267 
0.41490734813955205 0.22201614591846752 
0.2376785868774512 0.47182694739840114 
0.1417534702969523 0.5915499136177581 
0.9499256937372775 0.27510899737703176 
0.47561337213387295 0.5802200786024884 
0.4342384017991012 0.5044776322790308 
0.929894003302904 0.7361805438094232 
0.12573546211610281 0.7715648669728193 
0.3402017395648453 0.2797054617559602 
0.8997128184963151 0.06384527087226949 
0.13160475474215227 0.8419988427497838 
0.6545101974737121 0.07532894715622285 
0.08017357128183522 0.05971585273865171 
0.03823273355299506 0.5784347564010226 
0.7035986690068622 0.6845496249453848 
0.1627775525035512 0.21400250984567976 
0.4515797874607488 0.8469562779056269 
0.9111376345896098 0.4126653499367991 
0.2252300443855108 0.12469084130806263 
0.3705602833895778 0.2169926551116933 
0.99308658517296 0.13130884041890367 
0.24464429014835443 0.9333871914719387 
0.049590230580277284 0.7507473524178955 
0.9002296143899031 0.8868072931698421 
0.5333595917054016 0.5386286719405103 
0.39289466166356724 0.187403157285308 
0.8375367580253235 0.6636642696218702 
0.17990388274921487 0.06734046087479584 
0.21092753181533813 0.47911450479172035 
0.8729455542161518 0.1627723799499453 
0.7605452894570193 0.7384979442867678 
0.4507268275492541 0.3264970097704596 
0.33753805192121306 0.08211299650484893 
0.7184237974986458 0.8212775814212838 
0.43232323215440277 0.2669077212987303 
0.35690983010576666 0.9484738071672639 
0.009131956518752482 0.8131040887250708 
0.9647053103471737 0.6378733418482829 
0.845325204573272 0.9180244804361508 
0.006902030566233952 0.979056762210267 
0.012824559263133473 0.34477129800049977 
0.5685017101926126 0.5091821922505756 
0.6238657690756957 0.16713396004288045 
0.5653581980242941 0.5862521012382882 
0.7621264715135623 0.47421844544783276 
0.9172317289798144 0.6476837056912679 
0.943596425116352 0.6035727336448998 
0.0949681541727268 0.1871811174240272 
0.18908610688153454 0.5555607096054855 
0.23058935944855424 0.9860025016970172 
0.8410131005130996 0.4562861846131437 
0.5926650408969488 0.908125150662782 
0.07166221104701648 0.636884276515254 
0.6864001735298214 0.5249174328976831 
0.4179228369576952 0.7153166343739661 
0.6778538538978853 0.06915169253180825 
0.6637994339514772 0.44955253174790316 
0.556843971720394 0.10241626773022788 
0.2830327450163588 0.9771839445351967 
0.3461717778624854 0.9041788748352055 
0.07931217688690506 0.161317056782102 
0.34047957009805485 0.6470416018443788 
0.2738910904918517 0.3919327763497093 
0.4762771124286357 0.32752721722009215 
0.2994153824993695 0.6357909697968473 
0.4238714078087751 0.1503435451943354 
0.9930577173422119 0.2485786802377688 
0.8697239167718787 0.10367145574880121 
0.5596488043253977 0.8318179941452679 
0.44078938275407026 0.6192678383035485 
0.16177786810046496 0.6091357669364007 
0.605844174247015 0.07397422166692491 
0.8507098373978945 0.891610324865793 
0.7398473598265565 0.8775255522374862 
0.9422430476207235 0.07116949876352435 
0.30350834941949545 0.9441857672438103 
0.8921534490681906 0.5221846192790058 
0.6321489052220888 0.7845412596278761 
0.5315072447410959 0.5027961116890006 
0.06574327279490244 0.2146196187508243 
0.992291273659395 0.35390009873211736 
0.9889082680765584 0.3848894696914544 
0.9467699454209215 0.69011239583079 
0.8298815122918664 0.720378156888083 
0.8030067578769093 0.5325136951731484 
0.45765788043437305 0.6854376117608898 
0.14830488931546054 0.7070376004541113 
0.5690514206720966 0.045738406660159714 
0.787510212567882 0.15898455868344885 
0.42901629239120365 0.8167026341580761 
0.14212202200381835 0.09489545151705542 
0.627414547632933 0.07346877695279219 
0.541705896640416 0.7600256161612452 
0.8717589141587346 0.6284526652961824 
0.5904138234227876 0.017676456336184698 
0.6700403381518962 0.7396898854679846 
0.2023313249107372 0.9029321861714464 
0.7883373291444691 0.5589333069229158 
0.07458982838197536 0.11667326096659919 
0.4275125497754364 0.11299655716809803 
0.3298254800823397 0.4689769078406146 
0.3900520035692 0.4283758220145955 
0.4499951225060396 0.155111504063148 
0.5256075377080114 0.7094404879976612 
0.25560304080564894 0.7042640266374725 
0.11092659848325193 0.610016050694642 
0.6219381862912697 0.2663373675465239 
0.9152144125580977 0.0927044778596326 
0.2788371085428102 0.736808795076678 
0.8420693506648458 0.5296075663721227 
0.45932466045681064 0.22082324544718673 
0.5156352958476029 0.48578394638543215 
0.7668190537983863 0.8152279308299624 
0.40476105677311247 0.5958004063766436 
0.13169120699073544 0.3572495825612306 
0.459247207582295 0.44886505153982553 
0.22559525634009092 0.6271116415384685 
0.7321824683415794 0.3276803602374028 
0.6297410494534301 0.04048447662632104 
0.41514644921717103 0.39378356532488185 
0.18298789196002052 0.8220849875957236 
0.8957003891034658 0.7564513043053358 
0.5264595599423709 0.29201187760364644 
0.2537844397043706 0.38680392395242014 
0.12366129595185088 0.7056673191787044 
0.8526431445286887 0.3865671986113588 
0.3086531862032629 0.21480017365235549 
0.27717483762471556 0.6219254041215047 
0.16104065838568238 0.02920864280442842 
0.5995488015392539 0.3947858989095542 
0.9079921514141172 0.38796336689012295 
0.3995527960511153 0.49108327094826665 
0.13468322404330713 0.6518164499119847 
0.7430117766248822 0.9721593738022681 
0.06962910327493721 0.37651649211971533 
0.281656491184064 0.4823031152288177 
0.7349562414763917 0.154049474027461 
0.011830034461415895 0.23343235900472015 
0.4035298232380422 0.6385450776981212 
0.2570073926862384 0.010155740055302509 
0.40113644274424015 0.7504934366354186 
0.14422320951920886 0.9060805876512985 
0.7040480654497554 0.9268489032631979 
0.7414435949031728 0.26722608458248476 
0.7826094999552922 0.6828750486593901 
0.7049551840802848 0.4235359889575752 
0.36597075131065177 0.03848620492776955 
0.11459698500523519 0.4264014557477106 
0.48615699331907486 0.1905516680305745 
0.19744368699584908 0.34539350242315997 
0.00597702863088051 0.5610351678777111 
0.9819658969967529 0.1513569878220234 
0.8633181734558588 0.8022058293325911 
0.7673837924070861 0.12799075579263486 
0.27924216231083887 0.18184452038855187 
0.827808777502197 0.7379649425259432 
0.9224345640858855 0.42380515406165176 
0.03098536759823617 0.9150164954252142 
0.8271299793885161 0.530543574657539 
0.26084649648231817 0.45904631732809614 
0.1849675394257178 0.09939331765913073 
0.7284928857517324 0.4552916050978968 
0.019888357303379067 0.3247857672290563 
0.6706996794499023 0.9716672111509468 
0.061585331423376244 0.1961639016638584 
0.5898100765119823 0.9465953123565694 
0.6317897433121347 0.7374886508675582 
0.40305390111184786 0.0462554768374413 
0.5584189812797108 0.9322936580697091 
0.9041472778935646 0.494980553151022 
0.7204088740604557 0.35303813922375393 
0.9855021128332263 0.5740657435447605 
0.5867468909407367 0.23738600109261238 
0.7725199557593228 0.06442680156723701 
0.27301741650962585 0.5403273806618679 
0.5803690565586802 0.7472156583011913 
0.3829893698342989 0.7293481695199893 
0.6760598933762778 0.8266045247305931 
0.25722886780376464 0.12193460426417757 
0.28256747290183104 0.7707641571227943 
0.611284611345578 0.12828743129238596 
0.3979422058328254 0.361120321660765 
0.4008540158875562 0.10680157714666755 
0.906781718299416 0.35313427347020543 
0.689235500792285 0.7777640382957551 
0.7610981842929208 0.10730716985961147 
0.8978843736004926 0.9235624192851049 
0.7936550817287051 0.7617553651062607 
0.7800279814990756 0.8478528448506468 
0.1479338067609906 0.677975940290487 
0.12250201082298495 0.32842846574934714 
0.912884332637243 0.6965646988569885 
0.8189689010238189 0.8612224545869787 
0.9883675190445057 0.936700982832137 
0.8484202119929749 0.3377611721179679 
0.5995062366720176 0.9636764322972425 
0.0868463329942159 0.5547093884430134 
0.4985099689128529 0.8572201793227097 
0.7750887126887731 0.4581529959877677 
0.25863061044918334 0.5081054458794004 
0.3492112535102205 0.3593354390962449 
0.9870842709036465 0.04694439344185536 
0.6662751695643716 0.22549259801753124 
0.6558680377285928 0.3402879866224464 
0.9186789383054383 0.1816863322118918 
0.9022798048142071 0.11783995109856382 
0.9518026430630255 0.7426380743777872 
0.17383246258499985 0.46445640658560505 
0.37010616101418486 0.8561315890033397 
0.9078328477069606 0.29480885928858 
0.5613354612215176 0.6792151095915413 
0.1387959848607569 0.5419288729534734 
0.5503722271920881 0.18437308494208338 
0.21464310812905768 0.7262142060393018 
0.6282150662981837 0.2857617887159774 
0.007218618344886019 0.3631109124102677 
0.680268085114512 0.3033375199730399 
0.2075599158062545 0.2050099271282893 
0.9917946323502782 0.4223183186579832 
0.705226627728585 0.8555929911113942 
0.4466565769184761 0.9235957514313556 
0.771200490753631 0.568981909250997 
0.28945046119551354 0.35114323256606095 
0.8333951950610226 0.29110987456254966 
0.444893241168805 0.5851588315136755 
0.5796555528049466 0.46923656172753636 
0.005166680500941601 0.8961795686257372 
0.1716583377626969 0.7387524237345344 
0.09379077501468003 0.32616712102009837 
0.16960792317309248 0.12161241161504044 
0.17362177470084522 0.4037782691241194 
0.03980150086707418 0.07097501684501872 
0.14762206541757905 0.25543053093301094 
0.1258540180162005 0.9843031512797371 
0.8162239246325766 0.7063346905374983 
0.5196079794921882 0.628773454019244 
0.3701644891121417 0.8346134486287147 
0.01065558056632937 0.8795157434734437 
0.9441162500925847 0.3086837745170921 
0.20487910499830753 0.2553475371436664 
0.4802365153882409 0.7196420452461796 
0.740868311870319 0.7794886842510635 
0.16371648204784922 0.6451734603631318 
0.717051380557702 0.6272468479813985 
0.2754143257865213 0.14839514991440816 
0.36066846784378304 0.4402280408699435 
0.5264585400613552 0.7404796277541009 
0.7362687264375795 0.757008823374445 
0.22024650821595165 0.030735199649844336 
0.5624095407706405 0.864470604145174 
0.07947713780761179 0.4586601160425103 
0.46883945606116884 0.08270699222153016 
0.3036730978319955 0.7385799458028021 
0.11743426140838831 0.06240930669027556 
0.7797856207317846 0.2634814700589415 
0.6307934343034809 0.5175853880760812 
0.3825265365692837 0.3384945368284675 
0.6387746650759374 0.9661042841428944 
0.8229522499078166 0.4600168703732244 
0.24100187362731873 0.27370115968026987 
0.9726751299949472 0.1866646084105088 
0.7187290154563547 0.48698082395146275 
0.6994857432258124 0.48415654933012264 
0.8767608395075426 0.8823679372493967 
0.5451881300822237 0.31501477203786044 
0.47631777582366536 0.3024072653842752 
0.7579818916426591 0.43678070186815454 
0.7170164212334217 0.052461163005213585 
0.3938850113619258 0.2331488819955298 
0.32534885179685546 0.6924306261024076 
0.5364439663081785 0.03441024761000078 
0.4269969961525744 0.36437210415521926 
0.23067094766164037 0.0512907185241831 
0.4497954731199503 0.8879888890471663 
0.07498994335236936 0.2505786475715029 
0.06631957211574596 0.08330688074748066 
0.8619734197436262 0.012774917335862945 
0.6293591759474788 0.33318381338171077 
0.8218717240089821 0.2524605652875156 
0.4955715194271646 0.09684631464776128 
0.619229044484333 0.36323521249012747 
0.9531627944744074 0.02513100079216285 
0.9214196775542403 0.1623100863169974 
0.8598986085783733 0.2128056593663325 
0.38919541623187937 0.39750882480679806 
0.3104138249884392 0.39923661024324597 
0.4118199605722813 0.28086074445450626 
0.4700375931519844 0.02230331953703779 
0.7306200585513783 0.036006981907312774 
0.5344968055894466 0.6819456473201964 
0.7211701890930314 0.5406002121141257 
0.12894476861264093 0.4080142278903607 
0.5458340903437939 0.9475977221682393 
0.9158448232958586 0.5729069008338097 
0.15200317236661154 0.5719305766363749 
0.7044329076227074 0.386767681397711 
0.25170292110608455 0.3329021023193277 
0.217639270603805 0.2962940964107162 
0.6321716125784842 0.49597580847442996 
0.6586528006703682 0.9435101098594473 
0.7364889230649461 0.6978460066331912 
0.3766682617588849 0.14811872554120925 
0.18094324286722913 0.6062904994384771 
0.03849078131790756 0.10326951535293227 
0.38085198757263095 0.45368914978505614 
0.5597393480908206 0.20362332298666713 
0.6233812330348696 0.8290391310954683 
0.44369540105297156 0.9851409623833753 
0.052361475107864985 0.9361793172619777 
0.9954898172203777 0.5043797750164392 
0.4765552563902446 0.14608938369361124 
0.36312319291547984 0.29101204846646866 
0.049353564529369676 0.9641930594060513 
0.41814888692962954 0.031042986776742332 
0.46541691663261076 0.6449300974559348 
0.008573911231678832 0.7293919939651833 
0.54893420530782 0.41831492250897334 
0.2512506853431662 0.7470207272063158 
0.7420109788434169 0.7134300157134854 
0.839988848013201 0.6867770942824684 
0.3028581548048164 0.6132777617159759 
0.6956125250920031 0.02174347617438538 
0.7996039029892064 0.3228631423909949 
0.06136347209644899 0.4793144681018782 
0.410384842195101 0.6140919787027858 
0.31462999374709244 0.11364539484226865 
0.2712048816153493 0.20439502175190988 
0.8787412267783205 0.5846367984292516 
0.17514069861803822 0.6257332773476736 
0.6066339280665357 0.9841594865086523 
0.7477705680053067 0.9100331474251093 
0.7976219280552298 0.7848981506448546 
0.8954531810955062 0.43167989674022644 
0.7259958983404592 0.2512343665868779 
0.9271160886064391 0.8481918370383392 
0.807351076809983 0.2143134575101991 
0.48815400181445395 0.8214859032455986 
0.6784715758252786 0.37370548169062134 
0.9372741510440807 0.21009067934021958 
0.9220371908554728 0.9325933012926735 
0.21497077478166754 0.9697675294680517 
0.6172079983169697 0.2114897322116182 
0.6788957872820063 0.7195196278520883 
0.8168903929496305 0.8092315406138278 
0.3731061023741912 0.6618132426034596 
0.37140737650655004 0.5002816881817804 
0.3968174808448253 0.564926117434694 
0.7450160745742761 0.7913480437931655 
0.7874952169312565 0.6490915304096279 
0.6423225097087213 0.7186555533587362 
0.11156153014341846 0.27426550905216146 
0.9196723779286076 0.5343005140682313 
0.8643678748715364 0.47858866864321326 
0.9632312753282539 0.6093416930708504 
0.3556185312458514 0.5139889199711662 
0.9530040098311224 0.3454682791571894 
0.868386216027571 0.7075203614824995 
0.1579815215139898 0.4292028006242784 
0.9576123702683697 0.40970036679140476 
0.10999379039352591 0.1740295649662858 
0.08786246708973383 0.6000014093000365 
0.20251521564775538 0.7934051735479324 
0.7777582070973608 0.525468414293058 
0.32303975883756086 0.1985709159854685 
0.2831469892368944 0.026142247675866537 
0.2657163835083093 0.8896722873534049 
0.08560468719301662 0.9328073343397401 
0.7876618096976031 0.8081177953094634 
0.8914848041513699 0.3765964860814648 
0.9410468540898036 0.7103125577093162 
0.38961892759331207 0.3131575917526397 
0.782885132916515 0.41090536251662 
0.6173139070714189 0.88551252987268 
0.3217472311721237 0.5266233258177386 
0.07420057711120986 0.9925403621428786 
0.3032086483883961 0.5593084258983905 
0.21126622852285132 0.5439743667449104 
0.5498425346041266 0.2897525147794321 
0.06194384779184453 0.8420868015518485 
0.02509696139485612 0.7524074172550661 
0.21364084507970793 0.6840416738603589 
0.07702258587235361 0.1789388530127533 
0.9182856158770357 0.22803749292667885 
0.4077812900665415 0.9906033244300312 
0.3260147064415918 0.2440603179470594 
0.15793458174046943 0.37039266368084633 
0.2123605697637661 0.38393128323221737 
0.38652959880756727 0.9037818882982988 
0.4541349800803526 0.09475397398139168 
0.5306763974919918 0.24975915165667006 
0.46195885601917114 0.6008354917512175 
0.7012868560410876 0.6591587037580916 
0.09525642341573376 0.5371070197416234 
0.45398116200806615 0.3714770035990636 
0.5113530834589644 0.4146481465654764 
0.4700274185879112 0.9330775090493095 
0.7093439860410702 0.9584543611825427 
0.24523167509656463 0.310309271024408 
0.2226205702153789 0.9379387908609247 
0.5362664477234549 0.8777065581295389 
0.30499821334847643 0.710341834557437 
0.2359890273131905 0.5776270885873651 
0.7376044575945597 0.3977173545763395 
0.09269130929071823 0.6571950075150215 
0.026725187561026875 0.8637938328409644 
0.5965650082708044 0.600746451529529 
0.6947496487532137 0.5897399568463657 
0.29040105402216637 0.4410713739211657 
0.305363157558765 0.7657072754064316 
0.6434870739208927 0.5375201064862746 
0.38146917728974683 0.9355730339182967 
0.06434632193796885 0.4336513403083598 
0.9564309569446066 0.7570479099277906 
0.26262387620699207 0.7967425735560649 
0.9500240487825067 0.14948102886384468 
0.8869060061049985 0.449708877681609 
0.03432532274207728 0.9333754478007139 
0.5762246789483064 0.2885033722290876 
0.9077854156470906 0.4588649390645828 
0.08846150302163464 0.29769598388339963 
0.5164591746009506 0.09638104236306372 
0.5554338724678052 0.07843484920751331 
0.10630616437429768 0.03138171470265144 
0.5182582747598279 0.43861261998374523 
0.03922836574400512 0.33852103116674426 
0.7429008511621652 0.09680739556097079 
0.21405607245595526 0.36134286502552015 
0.2804046964007616 0.2767830852086419 
0.8949384879239419 0.32017240354854026 
0.14470662112190552 0.7782869772073483 
0.6538222449777176 0.8786238273383236 
0.029729688744019267 0.42324508941376504 
0.9926505086644539 0.9657771834205566 
0.4982550719667309 0.8935329362251785 
0.18383487011200822 0.5277507379481637 
0.2190898293900121 0.08634221779549578 
0.8838321917335182 0.8348834952866041 
0.46577827120050813 0.4115731080953789 
0.6863220648925792 0.11976105552683725 
0.3796931227505091 0.8786575278673445 
0.007815070422128756 0.6745015393838847 
0.27921263667182905 0.29664007813769766 
0.16390608645859267 0.8288483753455846 
0.23426299399726153 0.5475445383108092 
0.9555927016873833 0.43748146341733063 
0.5426685131832798 0.8981005938052629 
0.7960020766178748 0.37277945665692525 
0.8331599121834514 0.15935479499100225 
0.6384383098530961 0.38233169761934194 
0.461762056709805 0.6625951772328592 
0.21969806175323225 0.8715182061607212 
0.3817086327043855 0.9755500024066468 
0.9283635747839425 0.38908314576757863 
0.11729527501961334 0.47570871036361556 
0.33589950586867223 0.133567914118361 
0.8121345611796723 0.07226625451079 
0.25576700237625516 0.09310712629206425 
0.5547124196765201 0.46286609992356303 
0.8529318375339446 0.11963942861064508 
0.44839263603594803 0.7066603704240564 
0.6712304802915935 0.05337650086449314 
0.3466555189359515 0.010175127349390023 
0.6915414892859494 0.35499161551397684 
0.47838331252094596 0.7642464859119193 
0.5104431706510282 0.17397756269301523 
0.7854923525922616 0.1881717495639525 
0.09915031178652572 0.9814904950949164 
0.6967214736702062 0.4701241235025416 
0.02832159472198248 0.1844313155897231 
0.636567933326109 0.8156856846286953 
0.6021846316564982 0.11223985414526322 
0.9349591322547346 0.7945956166007996 
0.9916218428235448 0.6321231587599367 
0.5187423997649192 0.7834806994051753 
0.2577299005580915 0.5583065870305968 
0.8423549425402026 0.9844056586824224 
0.19947929201136783 0.9591404694583653 
0.9353062703732186 0.2595089733420225 
0.7196816483722199 0.9774367003233707 
0.5029380425975275 0.1459184531684794 
0.2842183091816543 0.6734244231008386 
0.11884395412839827 0.1151146480789948 
0.5570460618614166 0.5568416553713352 
0.620519546875293 0.9087057648219785 
0.3398555055820563 0.5373188077730441 
0.2743415749699225 0.8686628045184965 
0.28062548701788426 0.9473864781073911 
0.19048800283650857 0.23662173576916068 
0.6485920389669706 0.033332399087519504 
0.8672763894304163 0.41813728759345176 
0.49896435755024754 0.8055505251609701 
0.07203645903796102 0.7857581731016483 
0.5865493300007102 0.4223558834964385 
0.6515933047066025 0.2989411202187194 
0.1482276125288976 0.17999745382506072 
0.5933190676663883 0.4621787702191715 
0.37070025310296845 0.6855108028867617 
0.6472594055015592 0.16382641131002523 
0.6916698981928995 0.15395514776169045 
0.5513624283442212 0.37415771329481823 
0.458422263183846 0.1734974805233626 
0.8069596507235828 0.29772760843992846 
0.9453204834972724 0.884962886848198 
0.9662956961838118 0.2430731937054978 
0.9498914398953187 0.13361645622128226 
0.6127495225799326 0.6551389388863678 
0.9759011726801141 0.5303985321819695 
0.655297055777742 0.7623814360091514 
0.5941273865802275 0.09222909189995598 
0.6378831681222363 0.6656150791696367 
0.012987479558635329 0.5972885560510506 
0.4175856900209067 0.31613574001630385 
0.5370050539545909 0.2726153350828875 
0.37191264911525485 0.5770545378582476 
0.8247423236953857 0.9206280697059316 
0.05088443600382264 0.16182803002362706 
0.9955365842313824 0.7873303789010037 
0.10103477110852482 0.8683250666563558 
0.6543927903955893 0.6363426797220482 
0.8134330259748976 0.022119850013876508 
0.8557173121595438 0.5395178459408915 
0.7976984782553613 0.961041262854653 
0.9224369771631098 0.3363168446968087 
0.5148254664393496 0.3848987332816416 
0.14285170082916898 0.8581179632064508 
0.5929770276511097 0.1413855407570177 
0.7232124692842797 0.23485309976113877 
0.32854340404225546 0.9574009755809703 
0.30568846557545315 0.8566301597276808 
0.9316555249085114 0.3617976588695351 
0.7998272869901323 0.7409670104243299 
0.17963015228630813 0.365418499932316 
0.4409128858039138 0.29050780339180027 
0.9275200017311536 0.6181297571684996 
0.3663370912265551 0.6011884435607548 
0.24754656995910918 0.6504351922619315 
0.22770260002511944 0.2418183446610006 
0.824217467703136 0.4907825748368343 
0.9282142518879826 0.5836337456531719 
0.8459920300665082 0.19477638541961317 
0.5843791055386771 0.18668728214403457 
0.6530810781814271 0.4747203514017214 
0.44813817434490755 0.24208665659711154 
0.1490904071620207 0.6109308961138471 
0.39379708980969497 0.5296299072867012 
0.17749256724469742 0.7862060796642718 
0.7291606005062929 0.4177238553831805 
0.8609855223746594 0.7318345957601666 
0.8749158178745204 0.9721083633322392 
0.6077294602179768 0.2947916222298119 
0.4325460948837467 0.5476411011818545 
0.1275468698408197 0.6670357657446421 
0.6890478933772077 0.25633036200278353 
0.6060422143720099 0.012711284219234398 
0.5553587286165385 0.3964213102579228 
0.40117212452577317 0.007999762591168358 
0.9632969602691852 0.2036770241200389 
0.13734766103863216 0.6365396479171181 
0.35275288188677323 0.3409532436013075 
0.3170437360768008 0.2971147352296428 
0.5279362518728442 0.3290470702473399 
0.018846428688584604 0.5343802808903015 
0.5343633325022736 0.3554445921775392 
0.9679865306115636 0.9814728183240172 
0.17828170803048704 0.3431544026769614 
0.6805125142601355 0.23691840346414128 
0.7464816307735126 0.551706073313023 
0.736209359019008 0.5277532465222665 
0.30362203225991913 0.1115461074714022 
0.4910700885486969 0.9944315774164676 
0.008807438985187432 0.015289626324836547 
0.3026098220597278 0.8760696604707212 
0.18790278868335242 0.5023692209386901 
0.03224749452113951 0.13644570275344692 
0.7182636099250066 0.7833541154020086 
0.957011520361863 0.9556033592676627 
0.18717786784081014 0.270793798716019 
0.4829713806504065 0.25926774111865225 
0.5034612643664442 0.9247679822226387 
0.041933765388547706 0.6571776979883855 
0.7720978758189603 0.2389259318587838 
0.20967329740749963 0.1373001052704953 
0.29302791581894116 0.3834856476804812 
0.1565788076933618 0.8041754894621342 
0.07304423243920394 0.5002290182848504 
0.39160948035194443 0.0799005755744015 
0.5764389491324834 0.025728594451392472 
0.20466236517112935 0.663508000705338 
0.7469176100090229 0.041639688561137034 
0.5832000208296236 0.24968141785491071 
0.055699400694747436 0.27490595309551086 
0.6416110746975638 0.10674299780886903 
0.8697461914962359 0.08277652865275764 
0.8880063998948964 0.6541050260403547 
0.3275283316396078 0.42261067414876746 
0.6880951075657066 0.2717185490332156 
0.9722076082896862 0.8385483073976661 
0.08745565679689382 0.22763906137063822 
0.41697564409897225 0.6934023456451606 
0.11941409823765498 0.3889592379985898 
0.25204230196757094 0.36126638999397764 
0.15751048378713872 0.047122435395786255 
0.5996108236926454 0.6167926297023325 
0.12317131599500247 0.45358725606536643 
0.39744106895798903 0.13618091212407912 
0.955193491627284 0.8520997805835804 
0.42359675145986897 0.7830469255682847 
0.09397379739011963 0.1205096726112454 
0.5267419697869451 0.22620383380126474 
0.44416450698937865 0.0675049365042536 
0.9409513844688953 0.0462707217624751 
0.3523618296749345 0.7501876099524458 
0.16550030447862285 0.1870337936565425 
0.4456675691698243 0.7224594005939216 
0.5340296236934634 0.9622180486506854 
0.5400095267036571 0.10135162265230696 
0.26651283832309886 0.9259379514014108 
0.06759282930218258 0.6907060007610075 
0.06223936023194815 0.3306682835682626 
