-0.0020272700170744407 0.5142110051476323 0.5302269494908524 0.5 0.65 0.55 0.4 0.55 0.35 0.65 0.6 0.4 0.75 0.1 0.5 0.65 0.6 0.45 0.8 0.05 0.9 0.8 0.65 0.5 0.55 0.2 0.7 1.0 0.95 0.6 0.45 0.95 0.55 0.4 0.05 0.45 0.1 0.6 0.8 
-0.005329711992021821 0.45507831594271253 0.5113707298822654 0.6 0.7 0.7 1.0 0.9 0.7 0.95 0.35 0.55 0.9 0.55 0.65 1.0 0.0 0.5 0.15 0.0 0.2 0.25 0.85 0.9 0.0 0.5 0.2 1.0 0.75 0.5 0.0 0.4 0.3 0.25 0.9 0.5 0.35 0.8 0.55 
-0.0021031524576814445 0.48028991618236205 0.5201901680963854 0.05 0.25 0.45 0.25 0.05 0.85 0.6 0.25 0.6 1.0 0.15 0.35 0.55 0.9 0.75 0.9 0.55 0.4 0.55 0.55 0.0 0.0 0.8 0.95 1.0 0.55 0.35 1.0 0.15 0.5 0.25 0.15 0.8 0.9 0.6 0.5 
-0.015702932099063642 0.5098828804091514 0.5197707159812652 0.2 0.5 0.75 1.0 0.1 0.25 1.0 0.7 0.65 0.75 0.35 0.05 0.8 0.8 0.65 0.75 0.0 0.65 0.85 0.7 1.0 0.7 0.1 0.05 0.7 0.7 0.55 0.65 0.95 0.75 0.8 0.55 0.85 0.85 0.2 0.55 
-0.0031766395654462113 0.517766618036039 0.4911662450145835 1.0 0.55 0.85 0.0 0.6 0.4 0.5 0.45 0.4 0.85 0.15 0.65 0.6 0.9 0.95 0.6 0.8 0.55 0.45 0.55 1.0 0.8 0.7 0.25 0.75 0.7 0.05 1.0 0.25 0.45 0.35 0.45 0.8 0.05 0.65 0.2 
-0.012904565345994575 0.47603470651434565 0.48843379372171136 0.05 0.25 0.4 0.1 0.95 0.55 0.45 0.3 0.6 0.35 0.25 0.35 0.55 0.1 0.25 1.0 0.4 0.45 0.3 0.55 0.75 0.5 0.7 0.8 0.5 0.55 0.35 0.95 0.3 0.4 0.55 0.15 0.1 0.85 0.75 0.5 
-0.01681541534991731 0.5300992526575727 0.5407078098443814 0.3 0.7 0.15 0.1 0.95 0.8 0.5 0.95 0.7 1.0 0.3 0.65 0.0 0.8 0.05 0.95 0.5 0.7 0.35 0.4 0.3 0.3 0.3 0.9 0.8 0.9 0.4 0.05 0.95 0.85 0.45 0.4 0.6 0.6 0.75 0.55 
-0.005307448560174817 0.5139336866771973 0.508348862564265 0.6 0.15 0.65 0.15 0.9 0.35 0.15 0.95 0.75 0.8 0.75 0.75 0.1 0.8 0.55 0.85 0.75 0.45 0.1 0.05 0.65 0.25 0.85 0.2 0.9 0.55 0.35 0.05 0.55 0.15 0.3 0.85 0.8 0.3 0.5 0.9 
-0.0030763677622467627 0.5077614868990471 0.46745430214557543 1.0 0.55 0.15 0.0 0.6 0.95 0.95 0.45 0.4 0.6 0.15 0.65 0.8 0.65 1.0 0.6 0.8 0.55 0.45 0.55 1.0 0.1 0.4 0.05 0.75 0.15 0.05 0.1 0.35 0.4 0.85 1.0 0.5 0.8 0.7 0.3 
-0.002267954035575011 0.45775419412985596 0.484551041272556 0.75 0.7 0.45 0.2 0.9 0.7 0.95 0.35 0.7 0.7 0.9 0.7 1.0 0.25 0.5 0.15 0.2 0.15 0.4 0.2 0.8 0.1 0.5 1.0 1.0 0.8 0.6 0.85 0.35 0.3 0.85 0.95 0.5 0.95 0.5 0.55 
-0.0020782393880629034 0.5924416357367444 0.5168091148363819 0.2 0.55 0.75 0.25 0.1 0.6 0.95 0.7 0.75 0.7 0.35 0.2 0.8 0.4 0.65 0.75 0.85 0.85 0.4 0.45 0.2 0.55 0.0 0.05 0.55 0.7 0.55 0.85 0.05 0.35 0.65 0.5 0.8 0.45 0.2 0.6 
-0.0037548408788870597 0.5465956310388289 0.5564097875883125 0.3 0.7 0.15 0.1 0.95 0.9 0.5 0.95 0.7 1.0 0.3 0.65 0.0 0.8 1.0 0.95 0.5 0.45 0.35 0.4 0.3 0.3 0.3 0.9 0.8 0.9 0.4 0.05 0.25 0.95 0.45 0.4 0.5 0.6 0.75 0.65 
-0.0101092216189325 0.5427739709136349 0.4732973438090229 0.75 0.85 0.7 0.05 0.65 0.9 0.8 0.05 0.4 0.85 0.4 0.15 0.75 0.75 0.75 0.75 0.25 0.45 0.85 0.8 0.85 0.85 0.4 0.8 0.0 0.75 0.65 0.25 0.7 0.1 1.0 0.8 0.7 0.75 0.0 0.2 
-0.007548487451498629 0.45459052378914927 0.5151551535550447 0.2 0.6 0.75 0.25 0.1 0.0 1.0 0.7 0.65 0.7 1.0 0.15 0.45 0.35 0.4 0.7 0.0 0.45 0.35 1.0 0.2 0.6 0.0 0.05 1.0 0.4 0.55 0.85 0.95 0.35 0.8 0.15 0.0 0.0 0.2 0.6 
-0.0005300793105880815 0.5537002680606519 0.4822143670444103 1.0 0.85 0.7 0.05 0.65 0.25 0.8 0.05 0.4 0.85 0.4 0.15 0.75 0.75 0.75 0.75 0.25 0.45 0.85 0.8 0.85 0.85 0.4 0.8 0.7 0.75 0.65 0.25 0.7 0.1 1.0 0.8 0.7 0.75 0.0 0.2 
-0.004446571510311936 0.42675009473760767 0.4720356541513469 0.7 0.6 0.3 0.1 0.7 0.5 0.5 0.85 0.6 0.8 0.15 0.35 0.55 0.2 0.25 0.95 0.45 0.45 0.4 0.55 0.75 0.0 0.4 0.15 0.95 0.55 0.2 0.95 0.25 0.35 0.1 1.0 0.15 1.0 0.75 0.5 
-0.0007662674362651289 0.5600466686092862 0.49837385166689346 0.0 0.45 0.6 0.45 0.1 0.25 1.0 0.7 0.8 0.8 0.35 0.75 0.7 0.3 0.6 1.0 0.0 0.65 0.2 0.9 0.2 0.55 0.35 0.75 0.7 0.7 0.25 0.7 0.95 0.35 0.65 0.55 0.85 0.75 0.2 0.2 
-0.0028329557887937585 0.47206145440145736 0.47613638895178606 0.7 0.25 0.4 0.1 0.7 0.5 0.5 0.95 0.6 0.9 0.2 0.35 0.55 0.1 0.25 1.0 0.4 0.2 0.3 0.55 0.75 0.0 0.55 0.8 0.5 0.55 0.2 0.85 0.25 0.35 0.9 1.0 0.15 1.0 0.3 0.5 
-0.04267218354695458 0.39813603787172225 0.4964530492798997 0.7 1.0 0.4 0.1 0.7 0.5 0.1 0.7 0.6 0.9 0.15 0.35 0.55 0.1 0.25 1.0 0.4 0.45 0.3 0.55 0.75 0.0 0.8 0.8 0.5 0.55 0.2 0.95 0.25 0.05 0.7 0.9 0.15 1.0 0.75 0.5 
-0.0014036059517793225 0.4231252788042747 0.4764377485357784 0.9 0.25 0.4 0.1 0.95 0.55 0.65 0.95 0.85 1.0 0.15 0.35 0.55 0.1 0.25 1.0 0.4 0.45 0.3 0.5 0.5 0.0 0.85 0.8 0.5 0.55 0.2 0.95 0.95 0.4 0.85 1.0 0.75 1.0 0.75 0.5 
-0.003518942092570507 0.526555322911708 0.458593809683709 1.0 0.55 0.85 0.0 0.6 0.4 1.0 0.45 0.4 0.85 0.15 0.65 0.6 0.9 0.95 0.6 0.8 0.55 0.45 0.55 1.0 0.8 0.7 0.25 0.75 0.7 0.05 0.45 0.25 0.45 0.35 0.45 0.8 0.05 0.65 0.2 
-0.00020205775877288698 0.5443597787598522 0.5193930624904504 0.15 0.15 0.65 0.15 0.9 0.45 0.35 0.95 0.4 0.8 0.75 0.75 0.95 0.8 0.55 0.85 0.75 0.45 0.15 0.7 0.65 0.25 0.45 0.0 0.9 0.55 0.5 0.05 0.55 0.05 0.3 0.85 0.8 0.75 0.5 0.9 
-0.03382640507359633 0.43753155434696545 0.5465328860818154 0.7 0.6 0.3 0.1 0.7 0.5 0.5 0.85 0.6 0.8 0.1 1.0 0.6 0.1 0.05 0.95 0.45 0.45 0.3 0.55 0.75 0.9 0.4 0.55 0.95 0.5 0.2 0.85 0.25 0.35 0.9 1.0 0.15 1.0 0.75 0.5 
-0.002458812961227021 0.5041579931289748 0.44216571786317926 1.0 0.1 0.15 0.0 0.6 0.95 0.95 0.45 0.4 0.55 0.15 0.65 0.8 0.9 0.35 0.6 0.8 0.55 0.45 0.55 1.0 0.1 0.7 0.05 0.5 0.35 0.05 0.1 0.35 0.05 0.5 1.0 0.5 0.8 0.7 0.3 
-0.01640360835691232 0.566360256751766 0.5082876249297928 0.2 0.95 0.75 0.25 0.1 0.25 0.7 0.7 0.75 0.7 0.35 0.45 0.75 0.4 0.7 0.75 0.85 0.0 0.3 0.45 0.2 0.55 0.0 0.05 0.7 0.7 0.55 0.85 0.95 0.35 0.55 0.95 0.8 0.45 0.2 0.6 
-0.0027304466093525303 0.43701971562280195 0.5241153294227072 0.0 0.25 0.4 0.45 0.85 0.35 0.3 0.75 0.65 1.0 0.15 0.35 0.15 0.55 0.0 1.0 0.55 0.45 0.15 0.2 0.75 0.6 0.8 0.05 0.95 0.55 0.45 1.0 0.25 0.45 1.0 0.6 0.85 0.75 0.75 0.9 
-0.0031024272349525132 0.5950663301529463 0.48893627065196715 0.95 0.1 0.5 0.05 0.7 0.25 0.8 0.05 0.3 0.05 0.4 0.0 0.25 0.75 0.55 0.75 0.25 0.45 0.85 0.8 0.85 0.55 0.7 0.25 0.95 0.75 0.65 0.55 0.55 0.05 0.35 0.8 0.4 0.75 0.0 0.0 
-0.03508697925190437 0.48776759736367303 0.5486238464697242 0.05 0.25 0.15 0.25 0.95 0.55 0.7 0.3 0.6 0.05 0.25 0.35 0.55 0.05 0.2 0.85 0.95 0.2 0.6 0.35 0.75 0.0 0.05 0.25 1.0 0.35 0.2 0.95 0.3 0.25 0.7 0.15 0.65 0.9 0.75 0.5 
-0.01235821043589313 0.5541589624484917 0.45870838927490154 0.85 0.85 0.5 0.75 0.1 0.35 1.0 0.35 0.5 0.0 0.0 0.55 0.95 0.75 0.4 0.65 0.5 0.65 0.95 0.85 0.8 0.4 0.35 0.75 0.3 0.9 0.7 0.65 0.2 0.3 0.85 0.3 0.05 0.25 0.25 0.05 
-0.025117357072026433 0.3762972980753651 0.523941687268589 0.05 0.25 0.0 0.1 0.5 0.1 0.15 0.3 0.4 1.0 0.9 0.05 0.85 0.1 0.9 1.0 0.4 0.5 0.6 0.15 0.15 0.0 0.75 0.3 0.4 0.55 0.35 1.0 0.3 0.4 0.7 0.0 0.55 0.85 0.75 0.5 
-0.007617665981438675 0.44178686814127344 0.48835221928205524 0.75 0.7 0.45 0.2 0.9 0.7 0.95 0.35 0.0 0.7 0.9 0.7 1.0 0.25 0.5 0.15 0.2 0.15 0.25 0.2 0.8 0.1 0.5 1.0 1.0 0.8 0.6 0.85 0.35 0.3 0.85 0.95 0.5 0.45 0.5 0.55 
-0.0036172681608578365 0.4505227844571872 0.4465246769002954 0.65 0.7 1.0 1.0 0.4 0.7 0.65 0.35 0.55 0.8 0.55 0.65 1.0 0.0 0.5 0.9 0.0 0.35 0.25 0.85 0.65 0.0 0.5 0.4 0.65 0.8 0.6 0.65 0.4 0.3 0.95 0.9 0.5 0.35 0.4 0.45 
-0.0017338982493056375 0.5764454917231493 0.4555789100810103 0.85 0.85 0.5 0.75 0.1 0.35 1.0 0.35 0.55 0.0 0.0 0.55 0.95 0.75 0.4 0.65 0.5 0.65 0.95 0.85 0.8 0.4 0.35 0.75 0.3 0.9 0.7 0.65 0.75 0.3 0.85 0.3 0.05 0.25 0.8 0.05 
-0.07948924508185788 0.4892295521865727 0.4500578415355164 0.75 0.25 0.4 0.25 0.95 0.55 0.6 0.95 0.8 0.45 0.15 0.35 0.85 0.1 0.25 1.0 0.45 0.45 0.3 0.5 0.2 0.65 0.05 0.4 0.2 0.55 0.2 0.9 0.25 0.35 0.85 0.15 0.15 1.0 0.75 0.5 
-0.019945964726745688 0.49128823932757726 0.4164717917427882 0.6 0.7 0.7 1.0 0.9 0.7 0.95 0.35 0.55 0.9 0.55 0.65 1.0 0.0 0.5 0.15 0.0 0.2 0.25 0.85 0.9 0.0 0.5 0.2 1.0 0.75 0.5 0.95 0.4 0.3 0.25 0.9 0.5 0.35 0.8 0.55 
-0.008540410284238723 0.5222563081082744 0.576529824018696 0.15 0.65 0.6 0.6 0.25 0.7 0.8 0.2 0.95 0.35 0.25 0.7 0.9 0.95 0.85 0.9 0.75 0.45 0.75 0.9 0.6 0.35 0.2 0.7 0.55 0.95 0.7 0.35 0.1 0.8 0.95 0.7 0.6 0.9 0.0 0.85 
-0.00032583854833930827 0.41680395961632366 0.5437004025879777 0.55 0.25 0.4 0.45 0.85 0.5 0.3 0.75 0.6 1.0 0.15 0.4 0.15 0.55 0.1 1.0 0.55 0.45 0.55 0.2 0.75 0.95 0.05 0.05 0.9 0.55 0.35 0.85 0.25 0.45 0.55 0.2 0.45 0.05 0.7 0.5 
-0.0023420217202048664 0.5129558590056149 0.4439047887851053 1.0 0.55 0.15 0.3 0.6 0.95 0.95 0.45 0.4 0.6 0.15 0.65 0.8 0.9 0.35 0.6 0.8 0.55 0.25 0.55 1.0 0.1 0.7 0.05 0.5 0.35 0.95 0.1 0.0 0.4 0.35 1.0 0.5 0.8 0.7 0.3 
-0.0006850638453269865 0.4901151812391624 0.5510104027252418 0.05 0.25 0.15 0.25 0.95 0.55 0.7 0.3 0.6 0.05 0.25 0.35 0.55 0.05 0.2 0.85 0.95 0.2 0.6 0.35 0.75 0.1 0.8 0.25 1.0 0.35 0.2 0.95 0.3 0.25 0.8 0.15 0.65 0.9 0.75 0.5 
-0.008595412526867552 0.41845280147554015 0.528319801178792 0.9 0.25 0.4 0.1 0.95 0.55 0.65 0.95 0.85 1.0 0.15 0.35 0.55 0.1 0.25 1.0 0.4 0.2 0.3 0.5 0.5 0.0 0.85 0.8 0.5 0.55 0.2 0.95 0.95 0.4 0.85 1.0 0.75 1.0 0.75 0.5 
-0.00895271622181395 0.5761690262067738 0.5276436562674878 0.95 0.1 0.5 0.05 0.7 0.25 0.8 0.05 0.3 0.05 0.4 0.0 0.25 0.75 0.95 0.75 0.25 0.45 0.85 0.85 0.85 0.55 0.7 0.25 0.95 0.75 0.65 0.55 0.55 0.05 0.2 0.8 0.4 0.8 0.1 0.2 
-0.0005728814804418852 0.41662024635519496 0.4417245817990102 0.75 0.25 0.95 0.45 0.35 1.0 0.95 0.0 0.8 0.15 0.45 0.9 0.9 0.8 0.75 0.95 0.85 0.8 0.05 0.05 0.1 0.05 0.25 0.6 0.85 1.0 0.55 0.65 0.95 0.4 0.65 0.85 0.7 0.85 0.7 0.15 
-0.0015539276115961427 0.5724460359685166 0.4472342379405896 0.85 0.95 0.5 0.75 0.1 0.35 1.0 0.35 0.55 0.0 0.0 0.55 0.95 0.75 0.4 0.65 0.5 0.65 0.95 0.85 0.8 0.4 0.35 0.75 0.3 0.9 0.7 0.65 0.75 0.3 0.85 0.3 0.05 0.25 0.25 0.05 
-0.00779001995972054 0.42883057549183845 0.45964306097118673 0.75 0.8 0.2 0.05 0.35 0.05 0.75 0.0 0.8 0.15 0.15 0.3 0.55 0.8 0.75 0.4 0.85 0.8 0.05 0.1 0.9 0.85 0.2 0.7 0.85 1.0 0.65 0.4 0.45 0.35 0.9 0.85 0.7 0.65 0.7 0.15 
-0.005689864662425381 0.44595488149531765 0.42727651240740994 0.6 0.7 0.45 1.0 0.9 0.7 0.95 0.35 0.55 0.7 0.55 0.7 1.0 0.0 0.5 0.15 0.2 0.15 0.25 0.85 0.8 0.0 0.5 1.0 1.0 0.8 0.6 0.85 0.4 0.3 0.85 0.95 0.5 0.45 0.5 0.55 
-0.007257148518165267 0.4538428527463196 0.5556161427390126 0.05 0.25 0.4 1.0 0.5 0.55 0.8 0.35 0.6 1.0 0.25 0.35 0.55 0.1 0.2 0.85 0.9 0.05 0.6 0.35 0.75 0.85 0.45 0.8 1.0 0.35 0.35 0.8 0.3 0.5 0.55 0.15 0.55 0.85 0.75 0.4 
-0.009260595452902694 0.3707170822626371 0.4687266918955709 0.4 0.25 0.7 0.1 0.85 0.5 0.25 0.25 0.6 1.0 0.15 0.35 0.7 0.1 0.25 1.0 0.4 0.45 0.55 0.55 0.7 0.3 0.8 0.25 0.65 0.55 0.35 0.95 0.25 0.6 0.55 0.1 0.85 0.85 0.6 0.5 
-0.001385206367298567 0.5798811797169007 0.5544242108540883 0.5 0.55 0.85 0.0 0.6 0.8 0.2 0.7 0.6 0.9 0.2 0.7 0.9 0.65 0.85 1.0 0.75 0.45 0.9 1.0 0.05 0.15 0.45 0.7 0.75 0.5 0.75 0.15 0.85 0.85 0.45 0.7 0.6 0.9 0.95 0.85 
-0.016889208056668086 0.4078209841705976 0.4225534291432497 0.05 0.25 0.4 0.1 0.95 0.55 0.45 0.3 0.6 1.0 0.25 0.5 0.6 0.1 0.25 1.0 0.4 0.45 0.3 0.9 0.75 0.5 0.0 0.95 0.5 0.55 0.35 0.95 0.3 0.4 0.55 0.15 0.9 0.85 0.75 0.55 
-0.002172458876847621 0.5368162721021427 0.5841554976848433 0.65 0.85 0.95 0.5 0.65 0.8 1.0 0.1 0.55 0.6 0.25 0.7 0.9 0.95 0.85 0.9 0.75 0.65 0.6 0.05 0.75 0.35 0.2 0.35 0.85 0.5 0.7 0.15 0.1 0.75 1.0 0.7 0.6 0.9 0.0 0.9 
-0.007813580810275033 0.5952078025646124 0.5633475490887313 0.2 0.6 0.75 0.55 0.1 0.25 1.0 0.7 0.65 0.7 0.35 0.3 0.55 0.3 0.85 0.4 0.0 0.65 0.1 0.9 0.2 0.55 0.7 0.05 0.7 0.8 0.55 0.8 0.95 0.35 0.8 0.5 0.85 0.25 0.2 0.65 
-0.004348649700032685 0.5525027399627062 0.5403236859788625 0.15 0.6 0.4 0.1 0.8 0.5 0.1 0.0 0.8 0.9 0.15 0.35 0.55 0.45 0.25 0.95 0.4 0.35 0.35 0.55 0.75 0.0 0.8 0.8 0.8 0.45 0.25 0.95 1.0 0.35 0.55 0.9 0.15 1.0 0.3 0.5 
-0.002659484351885193 0.39948028817741243 0.4636130688917092 0.7 0.15 0.65 0.1 0.95 0.85 0.8 0.05 0.6 1.0 0.15 0.45 0.85 0.1 0.25 1.0 0.4 0.45 0.05 0.5 0.35 0.0 0.95 0.5 0.6 0.7 0.45 0.8 0.25 0.4 0.6 0.8 0.95 1.0 0.7 0.5 
-0.02301575381519653 0.4894198287468579 0.5835531875813467 0.05 0.7 0.7 0.55 0.95 0.55 0.55 0.75 0.6 0.7 0.25 0.35 0.45 0.05 0.7 0.8 0.95 0.25 0.6 0.35 0.75 0.0 0.8 0.15 1.0 0.4 0.35 0.95 0.0 0.1 0.9 0.2 0.55 0.9 0.75 0.5 
-0.005374623777672844 0.6280898975514452 0.5263507686837652 0.2 0.45 0.6 0.45 0.05 0.35 1.0 0.7 0.65 0.8 0.25 0.3 0.95 0.3 0.6 0.85 0.0 0.65 0.4 0.8 0.4 0.55 0.95 0.6 0.8 0.7 0.55 0.85 0.95 0.35 0.15 0.55 0.85 0.9 0.2 0.7 
-0.002553422596034995 0.3937004487731022 0.48857487653042897 0.75 0.8 0.2 0.35 0.35 0.0 0.85 0.95 0.8 0.15 0.15 0.3 0.55 0.8 0.75 0.4 0.85 0.8 0.05 0.1 0.9 0.85 0.25 0.35 0.05 1.0 0.55 0.4 0.95 0.35 0.9 0.9 0.7 0.65 0.7 0.15 
-0.0044454932075605625 0.47342361877084643 0.425946697943097 0.75 0.25 0.65 0.45 0.5 0.65 0.95 0.05 0.8 0.15 0.1 1.0 0.9 0.85 0.85 0.95 0.85 0.8 0.05 0.15 0.1 0.05 0.25 0.1 0.7 1.0 0.6 0.45 0.95 0.4 0.4 0.85 0.7 0.75 0.7 0.15 
-0.002113946479204503 0.35767696683399386 0.5156878381749932 0.05 0.25 0.45 0.25 0.05 0.85 0.75 0.25 0.1 1.0 0.15 0.35 0.55 0.0 0.25 0.9 0.25 0.4 0.55 0.6 0.0 0.0 0.8 0.95 1.0 0.55 0.35 1.0 0.15 0.15 0.55 0.15 0.85 0.9 0.6 0.5 
-0.002821301182828044 0.39823720092742226 0.5485970086957502 0.8 0.95 0.4 0.45 0.15 0.5 0.3 0.75 0.6 1.0 0.15 0.35 0.15 0.4 0.35 1.0 0.55 0.45 0.15 0.2 0.75 0.95 0.8 0.05 0.95 0.55 0.35 0.85 0.25 0.45 0.55 0.6 0.85 0.75 0.75 0.5 
-0.013474737801339766 0.4085462352675777 0.5783284260593418 0.0 0.25 0.4 0.45 0.85 0.1 0.3 0.75 0.6 1.0 0.15 0.35 0.15 0.55 0.8 1.0 0.55 0.45 0.15 0.2 0.75 0.95 0.8 0.05 0.95 0.55 0.35 0.4 0.25 0.45 1.0 0.6 0.85 0.75 0.75 0.5 
-0.0013830205481953205 0.370139741148581 0.47414979642499094 0.05 0.25 0.45 0.25 0.05 0.5 0.75 0.25 0.6 0.7 0.15 0.3 0.55 0.0 0.25 0.85 0.25 0.45 0.55 0.55 0.0 0.0 0.0 0.35 1.0 0.55 0.35 1.0 0.15 0.25 0.8 0.15 0.85 0.9 0.6 0.5 
-0.014134822157613726 0.42688365975302367 0.42462761095679313 0.6 0.7 0.45 1.0 0.9 0.7 0.95 0.35 0.55 0.7 0.55 0.65 1.0 0.0 0.5 0.15 0.2 0.15 0.25 0.85 0.8 0.0 0.5 1.0 1.0 0.8 0.6 0.85 0.4 0.3 0.85 0.9 0.5 0.45 0.5 0.75 
-0.0026330834650090656 0.5667639789689483 0.5800688984293577 0.5 0.55 0.35 0.6 0.6 0.8 0.8 0.2 0.35 0.8 0.6 0.7 1.0 0.1 0.7 0.7 0.75 0.45 0.35 0.35 0.25 0.3 0.4 0.6 0.55 0.5 0.75 0.2 0.85 0.95 0.6 0.7 0.6 0.9 0.95 0.85 
-0.009545095674394901 0.3764455545827452 0.55498303583549 0.0 0.25 0.4 0.45 0.85 0.35 0.3 0.75 0.1 1.0 0.15 0.35 0.15 0.35 0.0 1.0 0.55 0.45 0.15 0.2 0.75 0.6 0.8 0.05 0.95 0.55 0.45 1.0 0.25 0.45 1.0 0.6 0.85 0.75 0.75 0.5 
-0.0061459492383779905 0.6123714857471252 0.49615489515423145 0.2 0.6 0.75 0.25 0.15 0.25 1.0 0.7 0.75 0.75 0.35 0.25 0.3 0.1 0.45 0.7 0.85 1.0 0.35 1.0 0.2 0.55 0.0 0.05 0.75 0.85 0.55 0.85 0.95 0.35 0.8 0.15 0.8 0.45 0.2 0.6 
-0.00035658007353101364 0.5833291852473419 0.5684980763859786 0.5 0.55 0.85 0.0 0.6 0.8 0.2 0.2 0.6 0.9 0.2 0.7 0.7 0.65 0.85 1.0 0.75 0.45 0.9 1.0 0.05 0.15 0.45 0.7 0.75 0.5 0.75 0.15 0.85 0.85 0.45 0.7 0.6 0.9 0.95 0.85 
-0.045074466422525106 0.35118217878692476 0.5474604787587577 0.05 0.25 0.45 0.25 0.05 0.85 0.6 0.25 0.6 1.0 0.15 0.35 0.55 0.9 0.75 0.9 0.25 0.4 0.55 0.55 0.0 0.0 0.8 0.95 1.0 0.55 0.35 1.0 0.15 0.5 0.25 0.15 0.8 0.9 0.6 0.5 
-0.0014888385287003766 0.43379270841108963 0.41349658438262826 0.6 0.7 0.45 1.0 0.9 0.7 0.95 0.35 0.55 0.7 0.55 0.65 1.0 0.0 0.5 0.15 0.2 0.15 0.25 0.85 0.8 0.0 0.5 1.0 1.0 0.8 0.7 0.85 0.4 0.3 0.85 0.9 0.5 0.45 0.5 0.55 
-0.002150806465726544 0.40974331760873217 0.5139731689791193 0.05 0.25 0.45 0.25 0.05 0.85 0.75 0.1 0.6 1.0 0.15 0.35 0.6 0.1 0.25 0.7 0.25 0.65 0.55 0.55 0.75 0.0 0.8 0.95 0.7 0.55 0.35 1.0 0.15 0.35 0.55 0.15 0.85 0.95 0.6 0.45 
-0.021263723648968523 0.389562203241698 0.44995703642797713 0.45 0.35 0.45 0.85 0.85 0.6 0.85 0.15 0.6 1.0 0.15 0.3 0.35 0.0 0.05 0.85 0.3 0.0 0.95 0.55 0.0 0.0 0.8 0.15 0.95 0.55 1.0 1.0 0.05 0.3 0.5 0.0 0.85 1.0 0.6 0.5 
-0.0015456814391387565 0.6211677584156059 0.5489556202630886 0.2 0.6 0.75 0.8 0.55 0.25 1.0 0.7 0.75 0.7 0.35 0.3 0.8 0.2 0.85 0.9 0.0 0.65 0.1 0.2 0.85 0.0 0.05 0.7 0.3 0.65 0.45 0.8 0.95 0.35 0.75 0.55 0.85 0.45 0.35 0.6 
-0.005779535426806305 0.4667076507228559 0.41691093841747745 0.6 0.7 0.7 1.0 0.9 0.7 0.95 0.35 0.55 0.9 0.55 0.65 1.0 0.0 0.5 0.5 0.0 0.35 0.95 0.85 0.75 0.0 0.4 0.7 1.0 0.75 0.5 0.65 0.4 0.3 0.9 0.9 0.5 0.35 0.65 0.55 
-9.852118762061132e-05 0.37999009431570335 0.49349085422487365 0.05 0.25 0.0 1.0 0.5 0.1 1.0 0.3 0.4 1.0 0.9 0.05 0.85 0.1 0.9 1.0 0.4 0.5 0.6 0.15 0.15 0.0 0.75 0.3 0.4 0.55 0.35 1.0 0.3 0.4 0.7 0.0 0.55 0.85 0.75 0.5 
-0.008378755707161895 0.42890118472696515 0.40092161870369586 0.7 0.15 0.65 0.1 0.95 0.55 0.7 0.85 0.6 1.0 0.15 0.35 0.55 0.1 0.25 1.0 0.4 0.45 0.9 0.55 0.75 0.0 0.85 0.0 0.65 0.0 0.2 0.95 0.25 0.4 0.4 0.8 0.15 0.95 0.7 0.5 
-0.006813653600601211 0.526132159671913 0.42589576116595756 1.0 0.55 0.15 0.0 0.6 0.95 0.95 0.45 0.4 0.6 0.15 0.65 0.6 0.9 0.35 0.6 0.8 0.55 0.25 0.55 1.0 0.1 0.7 0.05 0.5 0.35 0.05 0.1 0.0 0.4 0.35 0.45 0.5 0.8 0.7 0.3 
-0.0048711214976069625 0.3575887371529806 0.4593385444530246 0.1 0.65 0.45 0.1 0.85 0.5 0.55 0.15 0.6 1.0 0.15 0.6 0.7 0.0 0.25 0.9 0.3 0.45 0.55 0.55 0.0 0.0 0.95 0.0 0.65 0.55 0.35 0.65 0.15 0.3 0.55 0.15 0.85 0.8 0.6 0.5 
-0.38994266314154075 0.5289549081982181 0.3733823652357069 0.2 0.6 0.35 0.0 0.65 0.2 1.0 0.7 0.75 0.5 0.35 0.25 0.95 0.35 0.85 0.95 0.75 0.8 0.55 0.9 0.3 0.4 0.15 0.35 0.6 0.6 0.95 0.75 0.95 0.35 1.0 0.85 0.3 0.1 0.2 0.6 
-0.0020196827222196964 0.5455025520459946 0.4326919602807986 0.2 0.6 0.9 0.25 0.1 0.25 1.0 0.7 0.75 0.7 0.6 0.25 0.95 0.35 0.7 0.95 0.85 0.85 0.35 0.95 0.2 0.25 0.35 0.05 0.95 0.4 0.85 1.0 0.95 0.35 0.7 0.15 0.45 0.3 0.2 0.6 
-0.0029464465774924173 0.5107911036496557 0.5958554636435903 0.65 0.85 0.95 0.5 0.65 0.8 1.0 0.1 0.55 0.6 0.25 0.7 0.9 0.95 0.85 0.9 0.75 0.65 0.6 0.05 0.75 0.35 0.2 0.35 0.85 0.5 0.7 0.15 0.1 0.75 1.0 0.7 0.6 0.9 0.0 0.45 
-0.00046820202582875924 0.3965607633303322 0.5922393452341255 0.0 0.25 0.4 0.4 0.85 0.35 0.3 0.75 0.65 1.0 0.15 0.35 0.15 0.55 0.0 1.0 0.55 0.45 0.15 0.2 0.75 0.6 0.8 0.05 1.0 0.55 0.45 1.0 0.25 0.45 1.0 0.6 0.85 0.75 0.75 0.5 
-0.00015273483177523933 0.4992322853827618 0.41017633222260125 0.6 0.7 0.7 1.0 0.9 0.7 0.95 0.35 0.55 0.9 0.55 0.65 1.0 0.0 0.5 0.15 0.0 0.3 0.25 0.85 0.9 0.0 0.5 0.2 1.0 0.75 0.5 0.95 0.4 0.3 0.25 0.9 0.6 0.35 0.8 0.55 
-0.01628851730093612 0.5707833860303725 0.3718796796550622 0.45 0.6 0.75 0.35 0.35 0.25 1.0 0.7 0.75 0.85 0.35 0.2 1.0 0.4 0.6 1.0 0.9 0.85 0.5 1.0 0.2 0.5 0.0 0.85 0.9 0.6 0.8 0.85 0.95 0.35 0.3 0.1 0.15 0.5 0.2 0.6 
-0.01763187186639436 0.5330450785922828 0.5929933762131093 0.5 0.75 0.6 0.95 1.0 0.2 0.65 0.85 0.8 0.9 0.05 0.65 0.5 0.85 0.85 1.0 0.65 0.25 0.9 1.0 0.75 0.35 0.45 0.7 1.0 0.5 0.75 0.1 0.55 1.0 0.5 0.7 0.35 0.9 0.95 0.85 
-0.010130321901111912 0.4270457290883509 0.5805158729824215 0.05 0.7 0.7 0.55 0.95 0.55 0.55 0.15 0.6 1.0 0.25 0.35 0.85 0.05 0.7 0.8 0.95 0.55 0.6 0.35 0.75 0.0 0.8 0.15 1.0 0.4 0.35 0.95 0.0 0.1 0.9 0.2 0.55 0.9 0.75 0.5 
-0.0069960689288094445 0.3502962853980754 0.5813859315079806 0.7 0.05 0.7 0.75 0.7 0.5 0.9 0.85 0.6 0.75 0.15 0.35 0.45 0.3 0.8 0.95 0.5 0.45 0.3 0.05 0.8 0.0 0.4 0.7 0.95 0.55 0.2 0.85 0.25 0.25 0.9 1.0 0.15 1.0 0.75 0.5 
-0.027873429685400325 0.39083453008719055 0.42772917142645867 0.75 0.25 0.95 0.45 0.35 1.0 0.95 0.0 0.8 0.15 0.45 0.3 0.9 0.8 0.75 0.95 0.85 0.8 0.05 0.05 0.1 0.5 0.25 0.6 0.85 1.0 0.55 0.65 0.95 0.4 0.65 0.85 0.7 0.85 0.7 0.15 
-0.012206638380205446 0.54646738442286 0.3966606129372344 0.8 0.25 0.2 0.65 0.6 0.15 1.0 0.35 0.6 0.0 0.55 0.45 0.85 0.75 0.7 0.65 0.45 0.5 0.95 0.85 0.85 0.25 0.35 1.0 0.95 1.0 0.45 0.2 0.75 0.3 0.95 0.3 0.05 0.25 1.0 0.85 
-0.004248634080760174 0.5705399354128673 0.5932021683871972 0.55 0.85 0.6 0.6 0.1 0.8 0.45 0.25 0.55 0.6 0.25 0.7 0.9 0.95 0.25 0.9 0.75 0.65 0.6 0.1 0.75 0.35 0.2 0.7 0.5 0.1 0.3 0.2 0.1 0.35 0.95 0.7 0.6 0.9 0.0 0.85 
-0.015722042893116576 0.5168025731218597 0.6196777689360802 0.6 0.65 0.45 0.6 0.5 0.8 1.0 0.25 0.1 0.65 0.25 0.7 0.9 0.95 0.85 0.9 0.75 0.45 0.75 0.1 0.75 0.35 0.2 0.7 0.55 0.5 0.7 0.2 0.1 0.8 0.95 0.7 0.6 0.95 0.0 0.85 
-0.001302020486311327 0.5234026280321379 0.41755996050105304 0.8 0.95 0.9 0.9 0.6 0.3 1.0 0.35 0.6 0.0 0.55 0.95 0.95 0.7 0.4 0.45 0.45 0.5 0.95 1.0 0.55 0.25 0.35 1.0 0.8 0.95 0.45 0.2 0.75 0.3 0.85 0.3 0.1 0.25 1.0 0.85 
-0.008673656620112635 0.397472564507999 0.3867712281944051 0.8 0.3 0.45 0.85 0.85 0.25 0.85 0.15 0.6 1.0 0.15 0.3 0.15 0.0 0.5 0.7 0.3 0.45 0.95 0.55 0.0 0.0 0.85 0.15 0.95 0.55 1.0 1.0 0.05 0.2 0.6 0.0 0.95 1.0 0.6 0.5 
-0.017115074351462565 0.5513083163964301 0.4197679356163248 0.8 0.7 0.2 0.65 0.6 0.15 1.0 0.35 0.6 0.0 0.55 0.45 0.85 0.75 0.7 0.65 0.45 0.5 0.95 0.85 0.85 0.25 0.35 1.0 0.95 1.0 0.45 0.2 0.75 0.3 0.95 0.3 0.05 0.25 0.75 0.85 
-0.011706040450668479 0.6306845152685165 0.4739009660352014 0.4 0.05 0.75 0.25 0.1 1.0 1.0 0.7 0.75 0.7 0.35 0.2 0.4 0.4 0.6 0.75 0.85 0.85 0.5 1.0 0.2 0.55 0.0 0.25 0.55 0.7 0.65 0.85 0.0 0.35 0.95 0.15 0.8 0.3 0.2 0.25 
-0.008213599790620989 0.5796583767296196 0.44199256741663434 0.85 0.95 0.8 0.7 0.1 0.9 1.0 0.35 0.1 0.0 0.7 0.15 0.95 0.75 0.55 0.65 0.45 0.65 0.75 0.85 0.8 0.4 0.35 0.1 0.6 0.9 0.7 0.5 0.75 0.4 0.8 0.3 0.4 0.25 1.0 0.2 
-0.01044858999629379 0.5880923948775354 0.6058289109482076 0.8 0.55 0.85 0.9 0.6 0.8 0.85 0.2 0.6 0.85 0.2 0.7 0.7 0.2 0.85 1.0 0.75 0.45 0.9 1.0 0.7 0.7 0.45 0.7 0.75 0.5 0.75 0.35 0.85 0.85 0.45 0.7 0.6 0.9 0.95 0.85 
-0.005715615591048472 0.35830684878931884 0.38888463338531476 0.05 0.55 0.45 0.6 0.8 0.85 0.75 0.1 0.6 1.0 0.15 0.35 1.0 0.1 0.25 0.9 0.25 0.35 0.55 0.55 0.0 0.0 0.8 0.95 0.05 0.55 0.35 1.0 0.15 0.5 0.55 0.15 0.85 0.85 0.6 0.45 
-0.0015892509677614421 0.6272801551846074 0.5121564852559636 0.0 0.9 0.75 0.05 0.1 0.1 1.0 0.7 0.75 0.7 0.35 0.2 0.45 0.4 0.65 0.75 0.85 0.85 0.8 0.65 0.9 0.55 0.0 0.1 0.55 0.7 0.55 0.85 0.95 0.35 0.5 0.5 0.3 0.7 0.2 0.8 
-0.0014533173652264096 0.597665226259088 0.592977198257453 0.5 0.55 0.85 1.0 1.0 0.8 0.75 0.25 0.5 0.9 0.05 0.7 0.9 0.65 0.85 1.0 0.65 0.25 0.9 0.8 0.75 0.35 0.45 0.7 1.0 0.5 0.75 0.2 0.85 0.8 0.55 0.7 0.35 0.9 0.95 0.85 
-0.0038101916784593266 0.39801149074658787 0.4008575519857145 0.9 0.25 0.4 0.85 0.95 0.55 0.6 0.95 0.6 0.85 0.15 0.35 0.55 0.05 0.25 1.0 0.4 0.45 0.3 0.55 0.75 0.0 0.05 0.8 0.5 0.55 0.2 0.95 0.25 0.4 0.55 0.15 0.15 1.0 0.75 0.5 
-0.001257176403332107 0.5525431430544209 0.6168849715025805 0.55 0.85 0.6 0.6 0.65 0.8 0.45 0.25 0.55 0.6 0.25 0.7 0.75 0.95 0.85 0.9 0.75 0.65 0.6 0.1 0.75 0.35 0.2 0.7 0.5 0.1 0.3 0.2 0.1 0.35 0.95 0.7 0.6 0.9 0.0 0.85 
-0.007287521184403273 0.6458393011318657 0.5284276482436171 0.2 0.7 0.8 0.25 0.1 0.25 1.0 0.7 0.75 0.7 0.35 0.3 0.9 0.35 0.7 0.7 0.0 0.65 0.1 1.0 0.2 0.55 0.0 0.05 1.0 0.85 0.55 0.95 0.95 0.35 0.3 0.65 0.85 0.45 0.2 0.6 
-0.0028535354348768424 0.5865367014288836 0.46666814970045867 0.2 0.6 0.9 0.25 0.55 0.25 1.0 0.7 0.75 0.7 0.35 0.25 0.9 0.35 0.85 0.95 0.85 0.85 0.05 0.2 0.2 0.4 0.3 0.65 0.9 0.4 0.9 0.85 0.95 0.35 0.65 0.15 0.8 0.55 0.95 0.6 
-0.03310551061745388 0.538090108681188 0.6241521150427043 0.35 0.85 0.6 0.6 0.65 0.8 0.6 0.25 0.65 0.6 0.3 0.7 0.9 0.95 0.85 0.9 0.75 0.65 0.6 0.1 0.75 0.35 0.2 0.7 0.55 0.1 0.7 0.2 0.15 0.8 0.95 0.7 0.6 0.9 0.0 0.7 
-0.03015850772863927 0.5351722890139375 0.6294361595727872 0.55 0.85 0.6 0.6 0.65 0.8 0.6 0.25 0.65 0.6 0.3 0.7 0.9 0.95 0.85 0.9 0.75 0.65 0.6 0.1 0.75 0.35 0.2 0.7 0.55 0.1 0.7 0.2 0.15 0.8 0.95 0.7 0.6 0.9 0.0 0.85 
-0.0005660667363185432 0.5640146458486421 0.4248433738055486 0.55 0.6 0.55 0.0 0.1 0.25 1.0 0.7 0.75 0.7 0.35 0.25 0.0 0.35 0.85 0.95 0.85 0.8 0.1 0.2 0.2 0.4 0.4 0.05 0.95 0.65 0.95 0.95 0.95 0.35 0.3 0.8 0.8 0.5 0.2 0.6 
-0.017388202403748318 0.4599704372911434 0.5795856082918126 0.05 0.7 0.7 0.55 0.95 0.55 0.55 0.75 0.8 0.7 0.4 0.35 0.45 0.2 0.7 0.8 0.95 0.25 0.6 0.35 0.95 0.0 0.8 0.15 1.0 0.4 0.35 0.95 0.0 0.1 0.9 0.2 0.55 0.9 0.75 0.5 
-0.05494725998951908 0.5675010511447693 0.620727478689433 0.5 0.65 0.6 0.6 0.6 0.8 0.8 0.2 0.1 0.65 0.25 0.7 0.9 0.95 1.0 0.9 0.75 0.45 0.75 1.0 0.75 0.35 0.2 0.7 0.55 0.5 0.7 0.2 0.1 0.8 0.95 0.7 0.6 0.9 0.0 0.85 
-0.0007888993230096969 0.5806647893851001 0.4203133262675322 0.85 0.85 0.5 0.75 0.1 0.35 1.0 0.35 0.55 0.0 0.0 0.55 0.95 0.75 0.4 0.65 0.45 0.65 0.95 0.85 0.8 0.4 0.35 0.75 0.3 0.9 0.7 0.65 0.75 0.3 0.85 0.3 0.05 0.25 0.25 0.05 
-0.005862273034440582 0.479612658565493 0.4050167894483361 0.6 0.7 0.7 1.0 0.9 0.7 0.95 0.35 0.55 0.8 0.55 0.65 1.0 0.0 0.5 0.15 0.0 0.2 0.25 0.85 0.75 0.0 0.5 0.7 1.0 0.75 0.6 0.65 0.4 0.3 0.8 0.95 0.5 0.35 0.55 0.65 
-0.018754427604908964 0.6055898333291369 0.6181173805377556 0.5 0.75 0.6 1.0 1.0 0.85 0.2 0.85 0.8 0.9 0.05 0.65 0.3 0.5 0.85 1.0 0.65 0.25 0.9 1.0 0.75 0.35 0.45 0.7 1.0 0.5 0.75 0.1 0.55 1.0 0.5 0.75 0.35 0.9 0.95 0.85 
-0.012203604678330671 0.6293096705513391 0.5383624488966503 0.2 0.15 0.5 0.45 0.1 0.45 0.65 0.7 0.8 0.65 0.55 0.3 0.95 0.35 0.85 0.7 0.0 0.65 0.1 0.1 0.2 0.55 0.7 0.05 0.8 0.85 0.55 0.85 0.95 0.35 0.7 0.65 0.9 0.5 0.1 0.55 
-7.169157185211929e-05 0.3491753353067226 0.3975069064083116 0.05 0.25 0.45 0.15 0.05 0.6 0.75 0.6 0.6 0.5 0.15 0.4 0.95 0.15 0.4 0.9 0.25 0.45 0.55 0.55 0.75 0.0 0.8 0.45 1.0 0.55 0.35 1.0 0.15 0.5 0.55 0.15 0.85 0.9 0.55 0.5 
-0.0012843474484877584 0.361627879477717 0.4164995418842543 0.95 0.25 0.25 0.85 0.85 0.5 0.85 0.1 0.8 1.0 0.15 0.3 0.4 0.0 0.9 0.75 0.3 0.65 0.55 0.55 0.0 0.0 0.8 0.7 0.65 0.55 0.35 1.0 0.15 0.55 0.55 0.15 0.9 0.9 0.6 0.5 
-0.0152444476982447 0.6048487292025145 0.43517822679043366 0.2 0.55 0.75 0.25 0.1 0.25 1.0 0.7 0.75 0.7 0.35 0.2 0.4 0.95 0.6 0.7 0.85 0.85 0.5 1.0 0.2 0.55 0.55 0.6 0.75 0.6 0.75 0.85 0.85 0.35 0.8 0.15 0.8 0.45 0.2 0.6 
-0.026090408189114275 0.3451160466049532 0.48364199527580237 0.6 0.25 0.25 0.95 0.05 0.85 0.9 0.25 0.1 1.0 0.1 0.35 0.8 0.45 0.5 0.85 0.45 0.45 0.45 0.85 0.75 0.0 0.7 0.95 1.0 0.55 0.35 0.95 0.15 0.5 0.7 0.15 0.8 0.85 0.6 0.5 
-0.02284502477697307 0.3239264212217293 0.5069083232218193 0.05 0.25 0.45 0.25 0.05 0.85 0.75 0.1 0.6 1.0 0.15 0.35 1.0 0.1 0.25 0.7 0.25 0.65 0.55 0.55 0.75 0.0 0.8 0.95 1.0 0.55 0.35 1.0 0.15 0.5 0.55 0.15 0.85 0.95 0.6 0.45 
-0.01485065964062977 0.6158269816036319 0.4518186400582829 0.75 0.95 0.9 0.25 0.1 0.25 1.0 0.7 0.75 0.7 0.35 0.25 0.95 0.35 0.35 0.95 0.05 0.85 0.35 0.45 0.2 0.4 0.4 0.05 0.7 0.4 0.9 0.85 0.95 0.35 0.7 0.15 0.5 0.5 0.2 0.6 
-0.007234465492873825 0.6257151757621743 0.5652800830049808 0.95 0.6 0.5 0.75 0.1 0.25 0.65 0.7 0.75 0.65 0.55 0.3 0.95 0.35 0.85 0.95 0.0 0.65 0.1 0.1 0.2 0.55 0.25 0.3 0.8 0.85 0.55 0.85 0.95 0.35 1.0 0.65 0.9 0.4 0.15 0.6 
-0.08298215275258468 0.5246769378649152 0.6234653480514071 0.5 0.65 0.6 0.6 0.6 0.8 0.8 0.2 0.1 0.65 0.25 0.7 0.85 0.95 0.85 0.9 0.75 0.45 0.75 0.6 0.75 0.35 0.2 0.7 0.55 0.5 0.7 0.2 0.1 0.8 0.95 0.7 0.6 0.9 0.0 0.85 
-0.006973810247074624 0.32197992973221445 0.4725693844117008 0.7 0.25 0.4 0.15 0.7 0.5 0.5 0.95 0.9 0.9 0.15 0.35 0.85 0.1 0.25 1.0 0.4 0.45 0.3 0.55 0.75 0.0 0.8 0.8 0.5 0.55 0.2 0.95 0.25 0.35 0.9 1.0 0.15 1.0 0.75 0.5 
-0.007677157841526349 0.6554892952443278 0.49750154613573694 0.8 0.6 0.4 0.95 0.3 0.25 1.0 0.7 0.75 0.85 0.35 0.25 0.35 0.35 0.45 0.7 0.85 0.85 0.0 0.2 0.2 0.55 0.15 0.05 0.75 0.85 0.55 0.95 0.95 0.35 0.8 0.15 0.8 0.3 0.35 0.6 
-0.00825534555760363 0.6261792024248084 0.6031738590174699 0.2 0.6 0.35 0.45 0.1 0.25 0.2 0.7 0.65 0.7 0.35 0.3 0.55 0.3 0.65 0.75 0.0 0.65 0.1 0.9 0.2 0.55 0.35 0.05 0.7 0.7 0.55 0.85 0.95 0.35 0.8 0.55 0.85 0.8 0.2 0.6 
-0.006789067334492813 0.4429079493666709 0.3881745504129667 0.75 0.1 0.95 0.45 0.35 1.0 0.95 0.0 0.8 0.15 0.45 0.3 0.9 0.8 0.85 0.95 0.85 0.8 0.05 0.1 0.1 0.05 0.25 0.9 0.7 1.0 0.55 0.45 0.95 0.4 0.8 0.85 0.55 0.9 0.7 0.15 
-0.034212736104571435 0.3160144687482259 0.4152112361638419 0.15 0.95 0.35 0.2 0.4 0.5 0.75 0.15 0.6 1.0 1.0 0.3 0.9 0.25 0.25 0.7 0.3 0.5 0.95 0.45 0.05 0.25 0.85 0.15 0.8 0.55 1.0 1.0 0.05 0.3 1.0 0.0 0.85 1.0 0.6 0.55 
-0.010170413148735966 0.45967136760693056 0.3814932933812302 0.75 0.1 0.95 0.45 0.35 1.0 0.95 0.0 0.8 0.15 0.45 0.3 0.9 0.8 0.85 0.95 0.85 0.8 0.05 0.1 0.1 0.05 0.25 0.9 0.7 1.0 0.55 0.45 0.95 0.4 0.8 0.85 0.7 0.9 0.7 0.15 
-0.03620416560393437 0.34536931819803396 0.4464115811350815 0.9 0.05 0.4 0.1 0.95 0.55 0.6 0.95 0.6 1.0 0.25 0.35 0.55 0.1 0.25 1.0 0.4 0.5 0.3 0.55 0.75 0.0 0.05 0.8 0.5 0.55 0.2 0.95 0.25 0.4 0.85 0.15 0.75 1.0 0.75 0.5 
-0.0034302358860463316 0.3157423306345164 0.44734417127697507 0.05 0.25 0.45 0.25 0.6 0.85 0.75 0.1 0.6 1.0 0.15 0.35 1.0 0.1 0.25 0.9 0.25 0.35 0.65 0.55 0.0 0.0 0.8 0.95 1.0 0.2 0.35 1.0 0.15 0.5 0.9 0.15 0.85 0.85 0.6 0.45 
-0.06372728681020652 0.32902995420807624 0.4982767223289016 0.7 0.25 0.4 0.1 0.7 0.5 0.5 0.95 0.6 0.9 0.15 0.35 0.55 0.1 0.25 1.0 0.4 0.45 0.3 0.55 0.75 0.0 0.8 0.8 0.5 0.55 0.2 0.95 0.25 0.35 0.9 1.0 0.15 1.0 0.75 0.5 
-0.0009728000480790898 0.6179161986858417 0.6269382271589026 0.5 0.75 0.6 1.0 1.0 0.2 0.65 0.15 0.45 0.9 0.05 0.65 0.3 0.45 0.85 1.0 0.65 0.25 0.85 1.0 0.75 0.35 0.45 0.7 1.0 0.5 0.75 0.1 0.55 0.85 0.9 0.7 0.35 0.9 0.95 0.85 
-0.0010904330697372076 0.6445852928991145 0.4641797392032802 0.65 0.6 0.75 0.25 0.3 0.25 1.0 0.7 0.75 0.85 0.35 0.25 0.35 0.35 0.45 0.7 0.85 0.85 0.35 0.2 0.2 0.55 0.15 0.1 0.75 0.85 0.55 0.95 0.95 0.35 0.8 0.95 0.8 0.3 0.2 0.6 
-0.10854489336838272 0.4124246444092736 0.5837638772404892 0.05 0.25 1.0 0.25 0.05 0.85 0.75 0.25 0.1 1.0 0.15 0.35 0.55 0.0 0.25 0.9 0.25 0.15 0.55 0.6 0.0 0.0 0.8 0.95 1.0 0.55 0.35 1.0 0.15 0.15 0.55 0.15 0.85 0.9 0.6 0.5 
-0.0006771124793114803 0.655932108487001 0.539022317437136 0.2 0.5 0.75 0.55 0.1 0.25 1.0 0.7 0.8 0.7 0.35 0.3 0.25 0.3 0.45 0.75 0.0 0.65 0.1 0.7 1.0 0.0 0.7 0.05 0.7 0.75 0.55 0.8 0.95 0.35 0.8 0.55 0.2 0.8 0.2 0.55 
-0.07646261340246065 0.3611340014565593 0.5921427339560499 0.7 0.6 0.3 0.1 0.7 0.4 0.5 0.95 0.85 0.8 0.15 0.35 0.4 0.1 0.25 0.9 0.45 0.45 0.55 0.55 0.75 0.0 0.4 0.2 0.95 0.55 0.2 0.3 0.25 0.35 0.9 1.0 0.15 1.0 0.75 0.5 
-0.01259735975592894 0.6680237538373688 0.5628052363166536 0.2 0.45 0.6 0.45 0.05 0.35 1.0 0.7 0.65 0.8 0.25 0.3 0.95 0.3 0.6 0.85 0.0 0.65 0.2 0.8 0.2 0.55 0.95 0.6 0.8 0.7 0.55 0.85 0.95 0.35 0.85 0.55 0.85 0.9 0.2 0.7 
-0.008101190275753106 0.6301999302956203 0.45031579104047126 0.2 0.4 0.75 0.4 0.1 0.25 0.7 0.7 0.75 0.7 0.35 0.2 0.75 0.4 0.6 0.75 0.85 0.85 0.4 0.45 0.2 0.55 0.0 0.05 0.7 1.0 0.55 0.85 0.95 0.35 0.55 0.95 0.65 0.45 0.2 0.6 
-0.014293711894472663 0.4818687926886428 0.3818179041847422 0.75 0.35 0.95 0.45 0.05 0.05 1.0 0.05 0.8 0.15 0.65 0.4 0.9 0.85 0.85 0.95 0.9 0.8 0.05 0.15 0.1 0.4 0.75 0.1 0.7 0.35 0.8 0.45 0.95 0.85 0.8 0.85 0.7 0.8 0.7 0.15 
-0.08860563973642484 0.4950323908893011 0.601547033581442 0.05 0.25 0.15 0.1 0.95 0.55 0.7 0.3 0.6 1.0 0.25 0.35 0.55 0.05 0.2 0.85 0.95 0.25 0.6 0.35 0.75 0.0 0.8 0.25 1.0 0.35 0.35 0.95 0.3 0.25 0.8 0.15 0.65 0.9 0.75 0.5 
-0.0051197039842633685 0.4553318119681286 0.5837917858839532 0.2 0.7 0.7 0.55 0.95 0.55 0.55 0.75 0.8 0.7 0.4 0.35 0.45 0.2 0.7 0.8 0.95 0.25 0.6 0.35 0.95 0.0 0.8 0.15 1.0 0.4 0.35 0.95 0.0 0.1 0.9 0.2 0.55 0.75 0.75 0.5 
-0.012073566920574805 0.6690378815436602 0.44814945821062013 0.4 0.05 0.75 0.25 0.1 1.0 1.0 0.7 0.75 0.7 0.35 0.2 0.4 0.4 0.6 0.75 0.85 0.85 0.5 1.0 0.2 0.55 0.0 0.25 0.55 0.7 0.65 0.85 0.0 0.35 0.95 0.15 0.8 0.3 0.2 0.55 
-0.007804291200967076 0.6339361571882394 0.42893821019375467 0.85 0.95 0.5 0.7 0.1 0.9 1.0 0.35 0.55 0.0 0.55 0.15 0.95 0.75 0.4 0.65 0.45 0.65 0.2 0.85 0.8 0.35 0.35 0.1 0.6 0.9 0.7 0.5 0.75 0.4 0.8 0.3 0.55 0.25 1.0 0.2 
-0.03348460899491703 0.2932938277309055 0.48028299978984834 0.05 0.25 0.45 0.25 0.05 0.85 0.6 0.1 0.6 1.0 0.15 0.35 1.0 0.1 0.25 0.7 0.35 0.65 0.55 0.55 0.0 0.0 0.8 0.95 1.0 0.55 0.35 1.0 0.15 0.5 0.55 0.15 0.85 0.95 0.6 0.45 
-0.06908315981671312 0.3269515061488233 0.5296592928466926 0.7 0.05 0.0 0.1 0.7 0.5 0.4 0.95 0.6 0.9 0.2 0.35 0.55 0.1 0.25 1.0 0.4 0.45 0.3 0.55 0.75 0.0 0.6 0.8 0.5 0.55 0.2 0.85 0.25 0.35 0.9 0.0 0.15 1.0 0.75 0.5 
-0.01014635278237708 0.4911028216092984 0.5889271344402492 0.05 0.25 0.15 0.25 0.95 0.55 0.7 0.3 0.6 1.0 0.25 0.35 0.55 0.05 0.2 0.85 0.95 0.2 0.6 0.35 0.75 0.0 0.8 0.25 1.0 0.35 0.2 0.95 0.3 0.25 0.8 0.15 0.65 0.9 0.75 0.5 
-0.00487537660954849 0.5958318318677918 0.4122079066005798 0.85 0.95 0.8 0.7 0.1 0.9 1.0 0.35 0.55 0.0 0.55 0.15 0.95 0.75 0.4 0.65 0.45 0.65 0.75 0.55 0.8 0.4 0.35 0.1 0.6 0.9 0.7 0.5 0.75 0.4 0.75 0.3 0.4 0.25 1.0 0.2 
-0.007466228916694293 0.5837498512229267 0.3997000871366564 0.0 0.6 0.0 0.0 0.1 0.25 1.0 0.7 0.75 0.7 0.35 0.25 0.95 0.25 0.85 0.95 0.85 0.8 0.1 0.2 0.2 0.45 0.5 0.05 0.65 0.6 0.85 0.65 0.95 0.35 0.7 0.15 0.3 0.65 0.2 0.6 
-0.009686130435266558 0.42418837783347507 0.3950097627809862 0.7 0.15 0.65 0.1 0.95 0.55 0.7 0.85 0.6 1.0 0.15 0.35 0.55 0.1 0.25 1.0 0.4 0.45 0.9 0.55 0.75 0.0 0.85 0.0 0.65 0.0 0.2 0.95 0.25 0.4 0.4 0.8 0.15 1.0 0.7 0.5 
-0.026381557452595284 0.3179432770746088 0.515501256572028 0.05 0.25 0.45 0.25 0.05 0.85 0.75 0.25 0.6 0.8 0.15 0.35 0.85 0.15 0.25 0.9 0.95 0.45 0.55 0.55 0.0 0.0 0.8 0.45 1.0 0.55 0.35 1.0 0.15 0.5 0.55 0.15 0.85 0.9 0.6 0.5 
-4.517745487845102e-06 0.45615901672582304 0.3692313651548703 0.75 0.0 0.95 0.0 1.0 0.05 1.0 0.05 0.8 0.15 0.1 0.4 0.5 0.85 0.85 0.95 0.9 0.8 0.65 0.8 0.1 0.05 0.75 0.1 0.7 1.0 0.5 0.45 0.95 0.7 1.0 0.85 0.65 0.75 0.7 0.15 
-0.009246890584409254 0.5549957530656521 0.6504064265441484 0.75 0.3 0.6 0.1 0.65 0.8 1.0 0.15 0.4 0.6 0.25 0.7 0.65 0.95 0.75 0.9 0.8 0.7 0.6 0.2 0.35 0.65 0.05 0.65 0.85 0.55 0.7 0.15 0.1 0.8 1.0 0.7 0.6 0.9 0.0 0.85 
-0.01722628708549523 0.3063146427038528 0.5408463556180784 0.05 0.25 0.35 0.25 0.05 0.85 0.75 0.25 0.6 1.0 0.1 0.35 1.0 0.15 0.25 0.9 0.25 0.45 0.55 0.9 0.0 0.25 0.8 0.95 1.0 0.55 0.35 0.9 0.15 0.5 0.3 0.15 0.85 0.85 0.6 0.5 
-0.041290875972922365 0.3996341444046734 0.5929604948603017 0.0 0.25 0.4 0.45 0.85 0.35 0.3 0.75 0.65 1.0 0.15 0.35 0.15 0.55 0.0 1.0 0.55 0.45 0.15 0.2 0.75 0.6 0.8 0.05 0.95 0.55 0.45 1.0 0.25 0.45 1.0 0.6 0.85 0.75 0.75 0.5 
-0.009138875712458479 0.4940358129404605 0.3827399948992065 0.75 0.25 0.45 0.45 0.05 0.05 1.0 0.05 0.8 0.35 0.1 0.4 1.0 0.85 0.85 0.95 0.9 0.8 0.05 0.5 0.15 0.2 0.75 0.1 0.7 1.0 0.5 0.45 0.0 0.7 0.45 0.85 0.7 0.75 0.7 0.1 
-0.04058221634189783 0.3686751229012988 0.37231332114153975 0.8 0.95 0.45 0.85 0.85 0.5 0.9 0.15 0.6 1.0 0.15 0.3 0.35 0.0 0.25 0.85 0.3 0.45 0.15 0.55 0.0 0.0 0.85 0.15 0.95 0.5 0.8 1.0 0.05 0.2 0.6 0.0 0.85 1.0 0.6 0.5 
-0.00039142891373639507 0.6517748835719267 0.4141076098473112 0.85 0.75 0.4 0.7 0.1 0.9 1.0 0.35 0.55 0.0 0.55 0.15 0.95 0.75 0.65 0.85 0.45 0.65 0.2 0.4 0.8 0.4 0.35 0.1 0.6 0.9 0.7 0.5 0.75 0.4 0.8 0.3 0.55 0.25 1.0 0.2 
-0.028097586197000986 0.6134889306124801 0.647555000167987 0.2 0.5 0.75 0.55 0.1 0.25 1.0 0.7 0.65 0.75 0.35 0.3 0.25 0.05 0.9 0.75 0.0 0.65 0.85 0.7 1.0 0.7 0.9 0.4 0.7 0.7 0.55 0.7 0.95 0.35 0.8 0.55 0.85 0.8 0.2 0.55 
-0.0133340913155522 0.6339448492994503 0.41184915466474753 0.2 0.6 0.5 0.25 0.55 0.25 1.0 0.7 0.75 0.7 0.35 0.25 0.4 0.35 0.45 0.95 0.85 0.85 0.35 0.2 0.2 0.4 0.4 0.65 0.9 0.4 0.9 0.85 0.95 0.35 0.7 1.0 0.8 0.55 0.2 0.6 
-0.043613801652979255 0.3432318305615941 0.6254579086802248 0.7 0.6 0.3 0.1 0.7 0.5 0.5 0.85 0.8 0.8 0.15 0.35 0.6 0.1 0.25 0.95 0.45 0.45 0.3 0.9 0.75 0.0 0.4 0.25 0.7 0.55 0.2 0.85 0.25 0.6 0.9 1.0 0.55 1.0 0.75 0.5 
-0.0038935034542804847 0.3187001391045393 0.499051875685586 0.05 0.15 0.45 0.25 0.05 0.85 0.75 0.1 0.6 1.0 0.15 0.3 1.0 0.1 0.25 0.85 0.15 0.35 0.55 0.55 0.0 0.0 0.8 0.95 1.0 0.55 0.35 1.0 0.15 0.2 0.85 0.15 0.85 0.85 0.6 0.45 
-0.010947843205370936 0.6625344066725876 0.5129726886374604 0.2 0.6 0.75 0.8 0.55 0.25 1.0 0.7 0.75 0.7 0.35 0.3 0.8 0.35 0.85 0.9 0.0 0.65 0.1 0.2 0.85 0.0 0.05 0.7 0.3 0.65 0.45 0.8 0.95 0.35 0.75 0.55 0.85 0.45 0.35 0.6 
-0.035611870192839096 0.3347630024961892 0.5603228810718409 0.9 0.05 0.4 0.1 0.95 0.55 0.6 0.95 0.6 1.0 0.25 0.35 0.55 0.6 0.25 1.0 0.4 0.3 0.3 0.55 0.75 0.0 0.05 0.8 0.5 0.55 0.2 0.95 0.25 0.4 0.85 0.15 0.75 1.0 0.75 0.5 
-0.05945174719497694 0.42121533213842743 0.36974154315415964 0.75 0.25 0.4 0.25 0.95 0.55 0.6 0.95 0.8 0.85 0.15 0.35 0.85 0.1 0.25 1.0 0.4 0.45 0.3 0.75 0.2 0.65 0.05 0.4 0.2 0.55 0.2 0.9 0.25 0.35 0.85 0.15 0.15 1.0 0.75 0.5 
-0.013054530031174417 0.45677796759694506 0.6058855145873185 0.3 0.25 0.15 0.25 0.95 0.55 0.7 0.3 0.6 1.0 0.55 0.35 0.55 0.05 0.2 0.85 0.95 0.2 0.6 0.35 0.75 0.85 0.8 0.25 1.0 0.35 0.2 0.95 0.3 0.25 0.8 0.15 0.65 0.9 0.75 0.5 
-0.05161172304658825 0.32452911740493173 0.5943643503340248 0.7 0.05 0.7 0.75 0.7 0.5 0.2 0.85 0.6 0.75 0.15 0.35 0.45 0.3 0.8 0.95 0.5 0.45 0.3 0.05 0.8 0.0 0.4 0.7 0.95 0.55 0.2 0.85 0.25 0.25 0.9 1.0 0.15 1.0 0.75 0.5 
-0.009639429684956197 0.674749417063188 0.4927145902520159 1.0 0.55 0.75 0.95 0.1 0.1 1.0 0.7 0.75 0.7 0.35 0.2 0.9 0.4 0.6 0.75 0.85 0.85 0.4 0.45 0.65 0.95 0.0 0.4 0.55 0.7 0.55 0.85 0.95 0.35 0.85 0.5 0.45 0.6 0.25 0.6 
-0.010239112719639478 0.671834791118941 0.4655158505731466 0.75 0.6 0.0 0.25 0.1 0.25 1.0 0.7 0.75 0.75 0.35 0.25 0.35 0.35 0.45 0.7 0.85 0.8 0.35 0.2 0.2 0.55 0.15 0.05 0.45 0.85 0.55 0.85 0.95 0.35 0.8 0.15 0.5 0.3 0.2 0.6 
-0.004660562420855223 0.6906544556404207 0.5647775962717873 0.2 0.6 0.75 0.95 0.5 0.25 0.75 0.7 0.75 0.7 0.35 0.3 0.55 0.35 0.15 0.6 0.0 0.65 0.95 0.8 0.2 0.55 0.55 0.05 0.7 0.75 0.55 0.65 0.95 0.35 1.0 0.55 0.85 0.45 0.2 0.6 
-0.01231916313002557 0.5163071732751682 0.6485137167504287 0.85 0.85 0.7 0.5 0.8 0.8 0.95 0.25 0.6 0.5 0.3 0.7 0.7 0.95 0.85 0.9 0.75 0.65 0.6 0.1 1.0 0.35 0.2 0.55 0.85 0.55 0.8 0.15 0.05 0.8 1.0 0.65 0.6 0.9 0.0 0.85 
-0.025919247367782658 0.4949680626976656 0.6175882438037265 0.05 0.7 0.7 0.35 0.95 0.55 0.55 0.25 0.8 1.0 0.25 0.35 0.45 0.0 0.1 0.6 0.95 0.25 0.3 0.35 0.75 0.9 0.8 0.3 1.0 0.4 0.35 0.85 0.0 0.1 0.9 0.1 0.55 0.9 0.95 0.3 
-0.00708908315082537 0.29237716176886397 0.5241236868412356 0.05 0.25 0.25 0.25 0.05 0.85 0.75 0.25 0.6 1.0 0.1 0.35 1.0 0.15 0.25 0.9 0.25 0.45 0.55 0.9 0.0 0.0 0.8 0.95 1.0 0.55 0.35 1.0 0.15 0.5 0.55 0.15 0.85 0.85 0.6 0.5 
-0.012084583951378977 0.29470837383797976 0.49775126337327874 0.9 0.25 0.45 0.25 0.05 0.85 0.95 0.25 0.6 1.0 0.15 0.35 0.55 0.4 0.7 0.9 0.25 0.4 0.55 0.55 0.0 0.0 0.8 0.95 1.0 0.55 0.35 1.0 0.15 0.5 0.6 0.15 0.85 0.6 0.6 0.5 
-0.0014892675977974785 0.3005896331895459 0.5679816425328322 0.05 0.25 0.35 0.25 0.05 0.85 0.75 0.25 0.6 1.0 0.1 0.35 1.0 0.15 0.25 0.9 0.25 0.45 0.55 0.9 0.0 0.0 0.8 0.95 1.0 0.55 0.35 1.0 0.15 0.5 0.3 0.15 0.85 0.85 0.6 0.5 
-0.027600398461705766 0.5413611972042829 0.6780833311061106 0.55 0.85 0.1 0.5 0.65 0.8 0.95 0.25 0.3 0.6 0.3 0.7 0.85 0.95 0.85 0.9 0.75 0.65 0.2 0.1 0.75 0.35 0.2 0.55 0.85 0.55 0.7 0.15 0.05 0.8 0.95 0.7 0.6 0.9 0.0 0.85 
-0.026267042704091664 0.6786638484436313 0.5260193584589584 0.2 0.15 0.75 0.45 0.5 0.25 1.0 0.7 0.75 0.7 0.35 0.3 0.8 0.35 0.85 0.9 0.0 0.65 0.1 0.2 0.85 0.0 0.05 0.7 0.3 0.65 0.55 0.8 0.95 0.35 0.75 0.55 0.85 0.45 0.3 0.6 
-0.0177739689082032 0.41129351216008897 0.36969683233521466 0.15 0.95 0.35 0.2 0.4 0.5 0.75 0.15 0.6 1.0 1.0 0.3 0.9 0.0 0.25 0.7 0.3 0.5 0.95 0.45 0.05 0.25 0.85 0.15 0.8 0.55 1.0 0.95 0.15 0.3 1.0 0.0 0.85 1.0 0.6 0.55 
-0.008387553392035625 0.6605683813413699 0.5935745505640353 0.2 0.6 0.75 0.55 0.85 0.65 1.0 0.7 0.55 0.7 0.35 0.3 0.65 0.3 0.85 0.35 0.0 0.65 0.1 0.9 0.2 0.55 0.7 0.05 0.85 0.8 0.55 1.0 0.95 0.35 0.8 0.55 0.85 0.8 0.2 0.6 
-0.00423179968035391 0.6969544824945347 0.5175662574253749 0.2 0.55 0.75 0.25 0.1 0.6 0.95 0.7 0.75 0.7 0.35 0.2 0.8 0.4 0.6 0.75 0.85 0.85 0.4 0.45 0.2 0.55 0.0 0.05 0.55 0.7 0.55 0.85 0.95 0.35 0.5 0.5 0.6 0.45 0.2 0.6 
-0.03196599794146682 0.3060322575147615 0.6020599894524021 0.3 0.6 0.3 0.1 0.7 0.5 0.5 0.85 0.6 0.8 0.15 0.35 0.6 0.1 0.25 0.95 0.45 0.45 0.3 0.55 0.75 0.0 0.4 0.15 0.95 0.55 0.2 0.85 0.2 0.35 0.9 1.0 0.15 1.0 0.75 0.5 
-0.04999480834573111 0.2680202305848247 0.5595919655729849 0.7 0.25 0.45 0.25 0.05 0.85 0.75 0.25 0.6 1.0 0.15 0.35 0.65 0.4 0.0 0.9 0.25 0.4 0.5 0.55 0.0 0.0 0.8 0.95 1.0 0.55 0.35 1.0 0.15 0.5 0.55 0.15 0.85 0.85 0.6 0.5 
-0.010767097481018196 0.6851805844337947 0.5504339177542708 0.2 0.6 0.75 0.45 0.5 0.25 0.75 0.7 0.75 0.7 0.35 0.3 0.55 0.35 0.15 0.5 0.0 0.65 0.95 0.8 0.2 0.55 0.55 0.05 0.7 0.75 0.55 0.65 0.95 0.3 1.0 0.55 0.85 0.45 0.2 0.6 
-0.0417073353091965 0.3527887361621109 0.6204164919283862 0.7 0.6 0.3 0.1 0.4 0.5 0.5 0.85 0.5 0.8 0.15 0.35 0.6 0.1 0.95 0.95 0.45 0.45 0.3 0.55 0.75 0.0 0.4 0.15 0.95 0.55 0.2 0.7 0.25 0.35 0.9 1.0 0.15 1.0 0.75 0.5 
-0.3955327626009145 0.2791823344086547 0.5745940254625902 0.7 0.6 0.2 0.1 0.7 0.5 0.5 1.0 0.85 0.8 0.15 0.35 0.6 0.15 0.25 0.8 0.45 0.45 0.55 0.55 0.1 0.3 0.4 0.25 0.7 0.55 0.2 0.95 0.25 0.35 0.85 1.0 0.2 1.0 0.75 0.5 
-0.01812309481289967 0.32094800753911434 0.5697310264802242 0.7 0.25 0.15 0.1 0.7 0.5 0.55 0.2 1.0 0.95 0.15 0.35 0.6 0.1 0.15 0.9 0.45 0.45 0.55 0.55 0.45 0.0 0.4 0.15 0.7 0.55 0.2 0.95 0.25 0.35 0.7 1.0 0.2 1.0 0.75 0.5 
-0.013035586890980824 0.28348183984926156 0.4712376860111932 0.05 0.25 0.45 0.25 0.05 0.85 1.0 0.1 0.6 1.0 0.15 0.35 1.0 0.1 0.25 0.7 0.35 0.65 0.55 0.55 0.0 0.0 0.8 0.95 1.0 0.55 0.35 1.0 0.15 0.5 0.55 0.15 0.85 0.95 0.6 0.45 
-0.012649409293704323 0.29336681669814446 0.4540334632758582 0.7 0.6 0.25 0.8 0.7 0.7 0.1 0.2 0.5 0.9 0.15 0.3 0.65 0.1 0.25 0.9 0.4 0.45 1.0 0.3 0.75 0.0 0.15 0.8 0.95 0.55 0.25 0.95 0.25 0.35 0.25 0.95 0.15 0.95 0.75 0.5 
-0.11679437846204146 0.3960013157994497 0.6389958481587491 0.05 0.7 0.7 0.55 0.95 0.55 0.55 0.3 0.6 1.0 0.25 0.35 0.55 0.05 0.7 0.8 0.95 0.25 0.6 0.35 0.75 0.0 0.8 0.15 1.0 0.35 0.35 0.95 0.0 0.1 0.9 0.2 0.55 0.9 0.75 0.15 
-0.06843944163113636 0.33085957911387487 0.584734103712938 0.05 0.25 0.45 0.25 0.05 0.85 0.6 0.25 0.6 1.0 0.15 0.35 0.55 0.9 0.75 0.9 0.25 0.4 0.55 0.55 0.0 0.0 0.8 0.95 1.0 0.55 0.35 1.0 0.15 0.5 0.55 0.15 0.8 0.85 0.6 0.5 
-0.0024027948174534445 0.4794650957065064 0.6163123680826297 0.05 0.7 0.7 0.35 0.95 0.55 0.55 0.25 0.8 1.0 0.25 0.35 0.45 0.0 0.1 0.6 0.95 0.25 0.3 0.35 0.75 0.9 0.8 0.3 1.0 0.4 0.35 0.85 0.0 0.1 0.9 0.1 0.4 0.9 0.95 0.3 
-0.0001016313443338758 0.6693296942560407 0.5845646285653602 0.2 0.45 0.6 0.45 0.05 0.35 1.0 0.7 0.65 0.8 0.25 0.25 0.95 0.3 0.6 0.75 0.0 0.65 0.2 0.8 0.2 0.55 0.7 0.6 1.0 0.7 0.55 0.85 0.95 0.35 0.95 0.55 0.85 0.05 0.2 0.6 
-0.024422074753699848 0.3055196652365384 0.6139645748303328 0.7 0.6 0.2 0.1 0.7 0.5 0.45 0.9 0.85 0.8 0.15 0.35 0.6 0.15 0.25 0.8 0.45 0.45 0.55 0.55 0.1 0.3 0.4 0.15 0.7 0.55 0.2 1.0 0.25 0.55 0.95 1.0 0.2 1.0 0.75 0.5 
-0.010876404086351342 0.31833008756594205 0.5844177241425792 0.3 0.6 0.3 0.1 0.7 0.5 0.5 0.85 0.6 0.8 0.15 0.35 0.6 0.1 0.25 0.95 0.45 0.45 0.3 0.55 0.75 0.0 0.4 0.15 0.65 0.55 0.2 0.85 0.2 0.35 0.9 1.0 0.15 1.0 0.75 0.5 
-0.01694610201380932 0.591801525874051 0.6543973736302195 0.1 0.3 0.8 0.1 0.65 0.8 1.0 0.15 0.3 0.6 0.25 0.7 0.65 0.25 0.75 0.9 0.8 0.7 0.25 0.15 0.75 0.65 0.05 0.65 0.85 0.55 0.7 0.15 0.1 0.8 1.0 0.7 0.6 0.9 0.0 0.85 
-0.0005111780322542761 0.6583482640510719 0.5980310118089309 0.2 0.6 0.75 0.55 0.25 0.25 1.0 0.7 0.55 0.7 0.35 0.3 0.55 0.3 0.85 0.4 0.0 0.65 0.1 0.9 0.2 0.55 0.7 0.05 0.85 0.8 0.55 1.0 0.95 0.35 0.8 0.55 0.85 0.8 0.2 0.6 
-0.007134245648342243 0.659275847827721 0.6146823069256985 0.2 0.5 0.75 0.55 0.1 0.25 1.0 0.7 0.55 0.7 0.35 0.3 0.25 0.3 0.45 0.75 0.0 0.65 0.1 0.7 1.0 0.0 0.7 0.05 0.7 0.75 0.55 0.8 0.95 0.35 0.8 0.55 0.85 0.8 0.2 0.55 
-0.03126643789860999 0.3122677139519442 0.6087280551705403 0.7 0.6 0.3 0.1 0.7 0.5 0.5 0.85 0.6 0.8 0.15 0.35 0.6 0.1 0.25 0.95 0.45 0.45 0.3 0.55 0.75 0.0 0.4 0.15 0.95 0.55 0.2 0.85 0.25 0.35 0.9 1.0 0.15 1.0 0.75 0.5 
-0.009484934614752564 0.438199823767079 0.6351916295830471 0.05 0.7 0.7 0.6 0.95 0.55 0.55 0.9 0.6 1.0 0.25 0.4 0.55 0.05 0.7 0.8 0.95 0.25 0.6 0.2 0.75 0.75 0.1 0.15 1.0 0.35 0.35 0.85 0.0 0.1 0.9 0.2 0.55 0.9 0.75 0.15 
-0.010275950777409589 0.34800258251239524 0.3887922009136161 0.05 0.25 0.65 0.15 0.05 0.6 1.0 0.6 0.6 0.5 0.15 0.4 0.95 0.15 0.4 0.9 0.25 0.45 0.55 0.55 0.75 0.0 0.8 0.45 1.0 0.55 0.35 1.0 0.15 0.5 0.55 0.15 0.85 0.9 0.55 0.5 
-0.012915615946071896 0.6569796644477583 0.43158236988534054 0.2 0.6 0.5 0.25 0.55 0.25 1.0 0.7 0.75 0.7 0.35 0.25 0.4 0.2 0.45 0.95 0.85 0.85 0.35 0.2 1.0 0.4 0.4 0.65 0.9 0.4 0.9 0.85 0.95 0.35 0.7 1.0 0.8 0.55 0.2 0.6 
-0.003691658110292462 0.6323206482427213 0.6304351823601267 0.5 0.75 0.6 1.0 1.0 0.2 0.65 0.9 0.45 0.9 0.05 0.65 0.3 0.45 0.85 1.0 0.65 0.25 0.9 1.0 0.75 0.35 0.45 0.7 1.0 0.5 0.75 0.1 0.55 0.85 0.9 0.7 0.35 0.9 0.95 0.85 
-0.007266850447257333 0.42654314903211477 0.6225163275031415 0.05 0.65 0.7 0.55 0.95 0.55 0.75 0.25 0.55 1.0 0.2 0.35 0.35 0.1 0.7 0.6 0.95 0.25 0.3 0.35 0.75 0.3 0.8 0.3 0.95 0.4 0.35 0.85 0.0 0.1 0.6 0.1 0.55 0.5 0.95 0.4 
-0.0292157381150337 0.2721277238206963 0.44346453491602483 0.35 0.25 0.25 0.3 0.05 0.85 0.75 0.25 0.6 1.0 0.1 0.35 0.85 0.6 0.7 0.7 0.25 0.45 0.55 0.85 0.0 0.25 0.95 0.2 1.0 0.55 0.5 1.0 0.15 0.5 0.55 0.15 0.5 0.85 0.6 0.5 
-0.004369396654015687 0.4776288688691107 0.3638230811106079 0.75 0.35 0.95 0.45 0.05 0.05 1.0 0.05 0.8 0.15 0.1 0.4 0.9 0.85 0.85 0.95 0.9 0.8 0.05 0.15 0.1 0.4 0.75 0.1 0.7 0.35 0.8 0.45 0.95 0.85 0.8 0.85 0.7 0.8 0.7 0.15 
-0.06399697151668957 0.3012219638261455 0.4187290421308756 0.05 0.25 0.15 0.25 0.05 0.85 0.75 0.25 0.9 1.0 0.15 0.35 0.55 0.4 0.65 0.9 0.25 0.4 0.55 0.55 0.0 0.0 0.8 0.95 1.0 0.55 0.35 1.0 0.15 0.5 0.55 0.15 0.85 0.85 0.6 0.5 
-0.002235454468580712 0.3269992101782081 0.40094048337647864 0.15 0.95 0.45 0.2 0.8 0.5 1.0 0.15 0.65 1.0 0.05 0.3 0.9 0.0 0.25 0.7 0.3 0.5 0.95 0.45 0.05 0.25 0.85 0.15 0.95 0.55 0.65 0.6 0.05 0.3 1.0 0.0 0.6 1.0 0.6 0.55 
-0.06734759353106673 0.6934073313690637 0.5693249994546957 0.2 0.6 0.75 0.45 0.5 0.25 0.75 0.7 0.75 0.7 0.35 0.3 0.55 0.35 0.8 0.7 0.0 0.65 0.95 0.8 0.2 0.55 0.55 0.05 0.7 0.75 0.55 0.65 0.95 0.35 1.0 0.55 0.85 0.45 0.2 0.6 
-0.017145510657517907 0.4027073180076056 0.3479387681335942 0.45 0.25 0.65 0.85 0.85 0.5 0.9 0.1 0.6 0.95 1.0 0.3 1.0 0.0 0.25 0.85 0.3 0.45 0.95 0.6 0.0 0.0 0.8 0.15 0.5 0.55 1.0 1.0 0.05 0.3 0.35 0.95 0.85 0.9 0.6 0.5 
-0.0004021038218171186 0.6948203323821753 0.4861276664406076 0.2 0.6 0.75 0.25 0.15 0.25 1.0 0.7 0.75 0.75 0.35 0.25 0.3 0.1 0.45 0.7 0.85 0.85 0.35 1.0 0.9 0.55 0.0 0.05 0.75 0.85 0.55 0.85 0.95 0.35 0.8 0.15 0.8 0.45 0.2 0.6 
-0.015763149909761992 0.6593322719532012 0.6084083566583498 0.2 0.6 1.0 0.55 0.1 0.25 1.0 0.7 0.65 0.7 0.35 0.3 0.55 0.3 0.5 0.4 0.0 0.65 0.1 0.9 0.05 0.55 0.7 0.05 0.7 0.75 0.55 0.85 0.95 0.35 0.95 0.55 0.85 0.8 0.2 0.6 
-0.006428905865397117 0.64747337073437 0.6414222306780976 0.2 0.5 0.75 0.55 0.1 0.25 1.0 0.7 0.65 0.7 0.35 0.3 0.25 0.3 0.45 0.75 0.0 0.65 0.1 0.7 1.0 0.0 0.7 0.05 0.7 0.75 0.55 0.8 0.95 0.35 0.8 0.55 0.85 0.8 0.2 0.55 
-0.005322285491254311 0.4774189860192073 0.63534736267581 0.05 0.7 0.7 0.35 0.95 0.55 0.55 0.25 0.8 1.0 0.25 0.35 0.45 0.0 0.7 0.6 0.95 0.25 0.3 0.35 0.75 0.9 0.8 0.3 1.0 0.4 0.35 0.85 0.0 0.1 0.9 0.1 0.55 0.9 0.95 0.3 
-0.00793516178547126 0.7112904804016941 0.5300902110018526 0.2 0.55 0.95 0.25 0.1 0.25 1.0 0.7 0.75 0.7 0.35 0.2 0.55 0.4 0.55 0.75 0.85 0.85 0.35 0.45 0.2 0.55 0.0 0.05 0.7 0.7 0.55 0.85 0.95 0.35 0.7 0.55 0.8 0.45 0.2 0.4 
-0.03878904139389042 0.7144990527284313 0.5829941002603389 0.2 0.45 0.6 0.45 0.05 0.35 1.0 0.65 0.25 0.8 0.25 0.25 0.95 0.3 0.6 0.9 0.0 0.65 0.2 0.8 0.2 0.55 0.7 0.3 1.0 0.7 0.55 0.85 0.95 0.35 0.95 0.55 0.85 0.9 0.2 0.55 
-0.0040138239163751204 0.6985015362569461 0.4595732065556573 0.2 0.55 0.4 0.25 0.1 1.0 1.0 0.7 0.75 0.7 0.35 0.2 0.4 0.4 0.65 0.75 0.85 0.85 0.5 1.0 0.2 0.7 0.0 0.25 0.55 0.7 0.65 0.75 0.95 0.35 0.95 0.15 0.8 0.45 0.2 0.6 
-0.011306556134755829 0.6924312705620379 0.5003309551672259 0.2 0.55 0.75 0.25 0.1 0.6 0.95 0.7 0.75 0.7 0.35 0.2 0.8 0.4 0.6 0.75 0.85 0.85 0.4 0.45 0.2 0.75 0.0 0.05 0.55 0.65 0.55 0.85 0.95 0.35 0.5 0.5 0.6 0.45 0.2 0.6 
-0.051099258636276054 0.34398998941094605 0.6334613355074883 0.7 0.6 0.3 0.1 0.4 0.5 0.5 0.85 0.5 0.8 0.15 0.35 0.6 0.1 0.25 0.95 0.45 0.45 0.3 0.55 0.75 0.0 0.4 0.15 0.95 0.55 0.2 0.7 0.25 0.35 0.9 1.0 0.15 1.0 0.75 0.5 
-0.006714560693687734 0.2882705455062129 0.39658417945697855 0.45 0.65 0.45 0.1 0.85 0.5 0.55 0.15 0.6 1.0 0.15 0.3 0.7 0.0 0.25 0.9 0.3 0.45 0.55 0.55 0.0 0.0 0.95 0.0 0.65 0.55 0.35 1.0 0.15 0.3 0.55 0.15 0.85 0.9 0.6 0.5 
-0.003387723372315016 0.7127162338686547 0.5610466703552284 0.0 0.45 0.6 0.45 0.1 0.25 1.0 0.7 0.8 0.8 0.35 0.3 1.0 0.3 0.45 1.0 0.0 0.65 0.2 0.9 0.35 0.55 0.4 0.75 0.7 0.7 0.55 0.7 0.95 0.35 0.65 0.55 0.85 0.75 0.2 0.6 
-0.03457578183511828 0.6927068864943304 0.58540887270694 0.5 0.55 0.75 0.55 0.1 0.1 1.0 0.7 0.75 0.7 0.35 0.2 0.45 0.7 0.6 0.75 0.85 0.85 0.4 0.65 0.9 0.55 0.0 0.4 0.55 0.7 0.55 0.85 0.95 0.35 0.65 0.5 0.8 0.8 0.2 0.6 
-0.007155383110870126 0.6786671992259988 0.5823591710330077 0.2 0.6 0.75 0.8 0.25 0.25 1.0 0.7 0.55 0.7 0.35 0.3 0.55 0.3 0.8 0.4 0.0 0.65 0.1 0.9 0.2 0.55 0.7 0.05 0.85 0.8 0.55 0.75 0.95 0.35 0.8 0.55 0.85 0.8 0.2 0.6 
-0.004728193675121442 0.33804064027274716 0.6290023042996988 0.7 0.65 0.7 0.5 0.7 0.5 0.9 0.85 0.6 0.75 0.15 0.35 0.6 0.1 0.8 0.95 0.5 0.45 0.3 0.05 0.8 0.0 0.4 0.7 0.95 0.55 0.2 0.85 0.25 0.25 0.9 1.0 0.15 1.0 0.75 0.5 
-0.09659145795758063 0.44161674871555323 0.35486371382903037 0.75 0.0 0.95 0.0 1.0 0.05 1.0 0.05 0.8 0.15 0.1 0.4 0.9 0.85 0.85 0.95 0.9 0.8 0.65 0.15 0.1 0.05 0.75 0.1 0.7 1.0 0.5 0.45 0.95 0.7 1.0 0.85 0.65 0.75 0.7 0.15 
-0.02516377077389792 0.3794725905504134 0.3587899729724117 0.15 0.95 0.35 0.2 0.35 0.5 0.9 0.15 0.6 1.0 0.05 0.05 0.7 0.0 0.25 0.7 0.3 0.5 0.95 0.45 0.05 0.25 0.85 0.15 0.95 0.55 1.0 0.95 0.1 0.3 1.0 0.0 0.85 1.0 0.6 0.55 
-0.03927058243908389 0.27863087245732165 0.6031097089772431 0.7 0.6 0.2 0.1 0.7 0.5 0.45 0.9 0.85 0.8 0.15 0.35 0.6 0.15 0.25 0.8 0.45 0.45 0.55 0.55 0.1 0.3 0.4 0.15 0.7 0.55 0.2 1.0 0.25 0.35 0.95 1.0 0.2 1.0 0.75 0.5 
-0.04100087895920927 0.27289041313601436 0.5151352089579873 0.7 0.6 0.4 0.0 0.7 0.5 0.3 0.85 0.8 0.9 0.15 0.3 0.65 0.1 0.25 0.9 0.4 0.45 1.0 0.3 0.75 0.0 0.15 0.8 0.95 0.55 0.25 0.95 0.25 0.35 0.55 0.95 0.15 0.95 0.75 0.5 
-0.21387873151905482 0.3224294591431367 0.6429578121677834 0.6 0.6 0.3 0.1 0.7 0.5 0.8 0.7 0.6 0.8 0.15 0.35 0.75 0.1 0.25 0.95 0.45 0.45 0.3 0.9 0.75 0.0 0.45 0.15 1.0 0.55 0.2 0.95 0.25 0.35 0.9 1.0 0.2 1.0 0.8 0.5 
-0.004783385089844512 0.31132068881150854 0.38740367886777216 0.45 0.25 0.45 0.85 0.85 0.5 0.85 0.15 0.6 1.0 0.2 0.3 0.8 0.0 0.25 0.75 0.3 0.45 0.55 0.55 0.0 0.0 0.8 0.95 0.65 0.55 0.3 1.0 0.15 0.3 0.55 0.15 0.7 0.9 0.6 0.5 
-0.0026862885776573293 0.40174429559319336 0.646484011415914 0.05 0.7 0.7 0.55 0.95 0.55 0.85 0.25 0.55 1.0 0.25 0.35 0.45 0.05 0.7 0.6 0.95 0.25 0.3 0.35 0.75 0.3 0.8 0.3 1.0 0.4 0.35 0.85 0.0 0.1 0.6 0.1 0.55 0.9 0.95 0.4 
-0.030680601356584538 0.2935193714798435 0.3845369711651712 0.1 0.65 0.45 0.1 0.85 0.5 0.55 0.15 0.6 1.0 0.15 0.3 0.7 0.0 0.25 0.9 0.3 0.45 0.55 0.55 0.0 0.0 0.95 0.0 0.65 0.55 0.35 1.0 0.15 0.3 0.55 0.15 0.85 0.8 0.6 0.5 
-0.03023957183737939 0.27291729353272765 0.5278982654245503 0.7 0.6 0.4 0.8 0.7 0.65 0.1 0.2 0.8 0.9 0.15 0.3 0.65 0.1 0.25 0.9 0.4 0.45 1.0 0.3 0.75 0.0 0.15 0.8 0.95 0.55 0.25 0.95 0.25 0.35 0.55 0.95 0.15 0.95 0.75 0.5 
-0.036066529184426224 0.27618345915657694 0.37780551982882227 0.45 0.25 0.45 0.85 0.85 0.5 0.85 0.15 0.6 1.0 0.15 0.45 0.8 0.0 0.25 0.85 0.3 0.5 0.55 0.55 0.0 0.0 0.8 0.0 0.65 0.55 0.35 1.0 0.15 0.3 0.55 0.15 0.85 0.9 0.6 0.5 
-0.0263208824302667 0.3837690803313697 0.6363535280415704 0.7 0.65 0.7 0.5 0.7 0.5 0.9 0.85 0.6 0.75 0.15 0.35 0.45 0.1 0.8 0.95 0.5 0.45 0.3 0.2 0.8 0.0 0.4 0.7 1.0 0.55 0.2 0.85 0.25 0.6 0.9 1.0 0.4 1.0 0.75 0.5 
-0.015051139064085913 0.43393688082732634 0.6467597779461897 0.05 0.7 0.7 0.6 0.95 0.35 0.3 0.9 0.9 1.0 0.25 0.4 0.55 0.05 0.7 0.8 0.95 0.25 0.6 0.4 0.75 0.75 0.1 0.15 1.0 0.35 0.35 0.85 0.0 0.1 0.9 0.2 0.55 0.9 0.9 0.15 
-0.01735652041621353 0.26352396567819014 0.4163952598501847 0.05 0.25 0.45 0.25 0.05 0.85 0.75 0.1 0.6 1.0 0.15 0.35 1.0 0.1 0.25 0.7 0.25 0.35 0.55 0.55 0.0 0.0 0.8 0.95 1.0 0.55 0.35 1.0 0.15 0.5 0.5 0.15 0.85 0.95 0.6 0.45 
-0.07316939502831694 0.684400009861382 0.4423996773974028 1.0 0.6 0.75 0.2 0.1 0.25 1.0 0.7 0.75 0.7 0.35 0.25 0.95 0.35 0.35 0.95 0.85 0.85 0.35 0.45 0.2 0.65 0.4 0.05 0.7 0.4 0.9 0.85 0.95 0.35 0.7 0.15 0.5 0.5 0.2 0.6 
-0.004243519134737708 0.2542680760297499 0.4206387938781919 0.05 0.25 0.45 0.25 0.65 0.85 0.75 0.1 0.6 0.85 0.15 0.3 1.0 0.1 0.25 0.9 0.25 0.35 0.55 0.55 0.0 0.0 0.8 0.95 1.0 0.55 0.35 1.0 0.15 0.2 0.85 0.15 0.85 0.85 0.6 0.45 
-0.18065648683803293 0.3375281353439073 0.6424542092560248 0.7 0.6 0.3 0.1 0.4 0.5 0.5 0.85 0.5 0.8 0.15 0.35 0.6 0.15 0.25 0.95 0.45 0.45 0.3 0.55 0.75 0.0 0.4 0.15 0.95 0.55 0.2 0.6 0.25 0.35 0.9 1.0 0.2 1.0 0.75 0.5 
-0.010115895870781292 0.6646447692994211 0.658147116973364 0.05 0.5 0.75 0.1 0.1 0.25 1.0 0.7 0.65 0.7 0.35 0.3 0.5 0.3 0.65 0.75 0.0 0.65 0.1 0.7 1.0 0.0 0.7 0.05 0.7 0.75 0.55 0.8 0.95 0.35 0.8 0.55 0.85 0.8 0.2 0.55 
-0.04489501711634534 0.3090114596439437 0.35859039777681856 0.45 0.25 0.45 0.85 0.85 0.5 0.85 0.15 0.6 1.0 0.2 0.3 0.8 0.0 0.25 0.75 0.3 0.45 0.55 0.55 0.0 0.0 0.8 0.95 0.65 0.55 0.35 1.0 0.15 0.3 0.55 0.15 0.7 0.9 0.6 0.5 
-0.028316641397473176 0.343784894310779 0.34306416861535893 0.95 0.25 0.25 0.85 0.85 0.5 0.65 0.15 0.75 1.0 0.15 0.3 0.8 0.0 0.25 0.75 0.3 0.45 0.55 0.55 0.0 0.0 0.8 1.0 0.65 0.55 0.35 1.0 0.15 0.55 0.55 0.15 0.9 0.9 0.6 0.5 
-0.05311281055848325 0.28446132235407795 0.371252842254565 0.45 0.25 0.45 0.85 0.85 0.5 0.85 0.15 0.6 1.0 0.15 0.45 0.8 0.0 0.25 0.85 0.3 0.5 0.55 0.55 0.25 0.0 0.8 0.0 0.6 0.55 0.35 1.0 0.15 0.3 0.55 0.15 0.85 0.9 0.6 0.5 
-0.05417536811291304 0.3567507226041535 0.3609916319624852 0.95 0.25 0.25 0.85 0.85 0.5 0.85 0.1 0.8 1.0 0.15 0.3 0.8 0.0 0.25 0.75 0.3 0.45 0.55 0.55 0.0 0.0 0.8 0.0 0.65 0.55 0.35 1.0 0.15 0.55 0.55 0.15 0.9 0.9 0.6 0.5 
-0.12458059706232603 0.6884435088008068 0.6642937714255501 0.2 0.6 0.35 0.45 0.1 0.25 1.0 0.7 0.65 0.7 0.35 0.3 0.55 0.3 0.65 0.75 0.0 0.65 0.1 0.9 0.2 0.55 0.35 0.05 0.7 0.7 0.55 0.85 0.95 0.35 0.8 0.55 0.85 0.8 0.2 0.6 
-0.009393200555393992 0.44378189260445194 0.6513806321890752 0.05 0.7 0.7 0.35 0.95 0.55 0.55 0.25 0.8 1.0 0.25 0.35 0.45 0.0 0.65 0.6 0.95 0.25 0.3 0.35 0.75 0.2 0.8 0.3 1.0 0.4 0.35 0.85 0.0 0.1 0.9 0.1 0.55 0.9 0.95 0.3 
-0.008734450418939292 0.31183654933133254 0.34085246422644644 0.45 0.25 0.45 0.85 0.85 0.5 0.85 0.15 0.6 1.0 0.15 0.3 0.8 0.0 0.25 0.75 0.3 0.45 0.55 0.55 0.0 0.0 0.8 0.0 0.65 0.55 0.35 1.0 0.15 0.3 0.55 0.15 0.7 0.9 0.6 0.5 
-0.004354037003314125 0.7201246292322125 0.4878032712119509 0.2 0.55 0.75 0.25 0.1 1.0 1.0 0.7 0.75 0.7 0.35 0.2 0.1 0.4 1.0 0.75 0.85 0.85 0.5 1.0 0.2 0.7 0.0 0.25 0.55 0.7 0.65 0.85 0.95 0.35 0.95 0.15 0.8 0.45 0.2 0.6 
-0.021708069107417675 0.6722323962640996 0.6458578088865604 0.2 0.6 0.35 0.45 0.45 0.25 1.0 0.7 0.65 0.7 0.35 0.3 0.55 0.3 0.65 0.75 0.0 0.65 0.1 0.9 0.2 0.55 0.35 0.05 0.7 0.7 0.55 0.85 0.95 0.35 0.7 0.55 0.85 0.8 0.2 0.6 
-0.016835550229701166 0.7047611631892312 0.4569036946095001 0.2 0.55 0.75 0.25 0.1 1.0 1.0 0.7 0.75 0.7 0.35 0.2 0.4 0.4 0.65 0.75 0.85 0.85 0.5 1.0 0.2 0.7 0.0 0.25 0.55 0.7 0.65 0.8 0.95 0.35 0.95 0.15 0.8 0.45 0.2 0.6 
-0.013994423080931713 0.7153242092119807 0.49798886270325077 0.2 0.95 0.75 0.25 0.1 0.25 0.7 0.7 0.75 0.7 0.35 0.2 0.75 0.4 0.7 0.75 0.85 0.85 0.3 0.45 0.2 0.55 0.0 0.05 0.7 0.7 0.55 0.85 0.95 0.35 0.55 0.95 0.8 0.45 0.2 0.6 
-0.0539564603036563 0.6972448095671248 0.6153094622760642 0.2 0.45 0.6 0.45 0.05 0.35 1.0 0.7 0.65 0.65 0.25 0.25 0.95 0.3 0.1 0.85 0.0 0.65 0.8 0.8 0.2 0.55 0.7 0.6 1.0 0.7 0.55 0.85 0.95 0.4 0.95 0.55 0.85 0.75 0.2 0.6 
-0.010513082343124489 0.6839322410411341 0.4261942907299435 0.3 1.0 0.5 0.05 0.0 0.35 1.0 0.35 0.75 0.2 0.7 0.15 0.95 0.75 0.9 0.85 0.45 0.65 0.6 0.0 0.3 0.05 0.35 0.75 0.85 0.9 0.75 0.55 0.75 0.4 0.9 0.3 0.55 0.25 0.6 0.05 
-0.026720283282564376 0.7158920989602272 0.6255324305367775 0.2 0.45 0.6 0.45 0.05 0.35 1.0 0.7 0.65 0.65 0.25 0.25 0.95 0.3 0.1 0.85 0.0 0.65 0.8 0.8 0.2 0.55 0.7 0.6 1.0 0.7 0.55 0.85 0.95 0.35 0.95 0.55 0.85 0.75 0.2 0.6 
-0.04958203531399972 0.6977200607563567 0.4235941434338317 0.3 1.0 0.5 0.05 0.0 0.35 1.0 0.35 0.75 0.2 0.7 0.15 0.95 0.75 0.9 0.95 0.45 0.65 0.6 0.0 0.05 0.05 0.35 0.75 0.85 0.9 0.75 0.55 0.75 0.4 1.0 0.3 0.55 0.25 0.6 0.05 
-0.043779537883423425 0.6156069395290426 0.38333709364649854 0.2 0.6 0.75 0.25 0.1 0.25 1.0 0.7 0.75 0.85 0.35 0.2 0.75 0.45 0.95 0.75 0.85 0.85 0.5 0.3 0.2 0.55 0.35 0.1 0.95 0.6 0.8 0.85 0.95 0.35 0.2 0.15 0.25 0.65 0.2 0.6 
-0.004800524296613585 0.6495550217237829 0.3973082190834551 0.2 0.6 0.9 0.25 0.55 0.25 1.0 0.7 0.75 0.7 0.35 0.25 0.35 0.35 0.45 0.95 0.85 0.85 0.35 0.2 0.2 0.4 0.4 0.65 0.9 0.4 0.9 0.85 0.95 0.35 0.75 0.15 0.8 0.55 0.2 0.6 
-0.20576363989391563 0.745726131006322 0.5544250610056501 0.5 0.55 0.75 0.55 0.1 0.1 1.0 0.7 0.75 0.7 0.35 0.2 0.45 0.4 0.6 0.75 0.85 0.85 0.4 0.65 0.9 0.55 0.05 0.4 0.75 0.7 0.55 0.85 0.95 0.35 0.65 0.5 0.8 0.8 0.2 0.6 
-0.03192194109059515 0.6059709030142644 0.37810042945373873 0.2 0.6 0.6 0.25 0.1 0.25 1.0 0.7 0.75 0.85 0.35 0.2 0.8 0.4 0.95 0.75 0.85 0.85 0.5 0.2 0.2 0.55 0.35 0.1 0.95 0.6 0.9 0.85 0.95 0.35 0.4 0.15 0.25 0.65 0.2 0.6 
-0.07192095001983809 0.6463007562752863 0.661762692635891 0.2 0.5 0.75 0.55 0.1 0.25 1.0 0.7 0.65 0.7 0.35 0.3 0.25 0.3 0.45 0.75 0.0 0.65 0.1 0.7 1.0 0.0 0.7 0.05 0.7 0.7 0.55 0.8 0.95 0.35 0.8 0.55 0.85 0.8 0.2 0.55 
-0.016881823106574784 0.6000895784938793 0.36761273089529756 0.2 0.6 0.75 0.25 0.1 0.25 1.0 0.7 0.75 0.85 0.35 0.2 0.75 0.4 0.95 0.75 0.85 0.85 0.5 0.3 0.2 0.55 0.35 0.1 0.95 0.6 0.8 0.85 0.95 0.35 0.4 0.15 0.25 0.6 0.2 0.6 
-0.005364824738920137 0.25760743996416036 0.4524260523327559 0.05 0.25 0.15 0.25 0.05 0.85 0.75 0.25 0.6 1.0 0.15 0.35 0.55 0.4 0.65 0.9 0.25 0.4 0.55 0.55 0.0 0.0 0.8 0.95 1.0 0.55 0.35 1.0 0.15 0.5 0.55 0.15 0.85 0.85 0.6 0.5 
-0.04191802134405531 0.5124786580901174 0.6614610949154199 0.85 0.85 0.7 0.5 0.65 0.8 0.95 0.25 0.6 0.5 0.3 0.7 0.7 0.95 0.85 1.0 0.75 0.65 0.6 0.1 1.0 0.35 0.2 0.55 0.85 0.55 0.8 0.15 0.05 0.8 1.0 0.65 0.6 0.9 0.0 0.85 
-0.06604178035227426 0.6643300254337305 0.3645334833931999 0.2 0.9 0.9 0.25 0.1 0.25 1.0 0.7 0.75 0.7 0.35 0.25 0.95 0.35 0.9 0.95 0.85 0.85 0.35 0.95 0.2 0.25 0.4 0.2 0.6 0.4 0.85 0.95 0.95 0.35 0.7 0.15 0.45 0.8 0.2 0.6 
-0.01748050512128397 0.43528173907691864 0.6519084198383395 0.05 0.65 0.7 0.55 0.5 0.55 0.75 0.25 0.55 1.0 0.2 0.35 0.3 0.05 0.7 0.6 0.95 0.25 0.3 0.35 0.75 0.3 0.8 0.3 0.95 0.4 0.35 0.85 0.0 0.1 0.6 0.1 0.55 0.9 0.95 0.4 
-1.6985307048123888 0.2937800125748192 0.6396459264992813 0.7 0.6 0.3 0.1 0.7 0.5 0.8 0.7 0.6 0.8 0.15 0.35 0.75 0.1 0.25 0.95 0.45 0.45 0.3 0.9 0.75 0.0 0.45 0.15 1.0 0.55 0.2 0.95 0.25 0.35 0.9 1.0 0.2 1.0 0.75 0.5 
-0.05521668916748979 0.6594628969210331 0.39787770420971813 0.2 0.6 0.9 0.25 0.1 0.25 1.0 0.7 0.75 0.7 0.35 0.25 0.3 0.35 0.85 0.95 0.85 0.85 0.35 0.2 0.2 0.2 0.4 0.05 0.7 0.4 0.9 0.85 0.95 0.35 0.7 0.15 0.8 0.5 0.2 0.6 
-0.04697564719452773 0.5587243987758725 0.6653591267612389 0.45 0.85 0.4 0.5 0.65 0.8 1.0 0.2 0.45 0.6 0.25 0.7 0.7 1.0 0.9 0.95 0.75 0.65 0.6 0.55 0.75 0.15 0.2 0.55 0.85 0.55 0.7 0.15 0.1 0.8 0.9 0.7 0.6 0.9 0.0 0.85 
-0.057079545376384704 0.4876594122552446 0.6294965489137939 0.05 0.7 0.7 0.35 0.95 0.55 0.55 0.25 0.8 1.0 0.25 0.35 0.45 0.0 0.75 0.6 0.95 0.25 0.3 0.35 0.75 0.9 0.8 0.3 1.0 0.4 0.35 0.85 0.0 0.1 0.95 0.1 0.55 0.9 0.95 0.3 
-0.059941882298952 0.3879025598299264 0.3238043202336979 0.8 0.95 0.45 0.85 0.85 0.3 0.85 0.15 0.75 0.9 0.15 0.3 1.0 0.0 0.25 0.7 0.3 0.45 0.95 0.7 0.0 0.6 0.85 0.15 0.75 0.55 1.0 1.0 0.05 0.2 0.65 0.2 0.85 1.0 0.6 0.5 
-0.04967439835143963 0.5665490615337981 0.6637199864703712 0.75 0.3 0.8 0.1 0.65 0.8 1.0 0.15 0.3 0.6 0.25 0.7 0.65 0.95 0.75 0.9 0.8 0.7 0.6 0.15 0.75 0.65 0.05 0.65 0.85 0.55 0.7 0.15 0.1 0.8 1.0 0.7 0.6 0.9 0.0 0.85 
-0.007877727616530016 0.41134350850239737 0.33634456108003363 0.8 0.95 0.45 0.85 0.85 0.5 0.85 0.15 0.6 1.0 0.15 0.3 0.35 0.0 0.25 0.85 0.3 0.45 0.95 0.55 0.0 0.0 0.85 0.15 0.95 0.55 1.0 1.0 0.05 0.2 0.6 0.0 0.85 1.0 0.6 0.5 
-0.031766130874241544 0.3978056280221722 0.3250366707122403 0.8 0.95 0.45 0.85 0.85 0.5 0.85 0.15 0.6 1.0 0.15 0.3 0.35 0.0 0.25 0.7 0.3 0.45 0.95 0.55 0.0 0.0 0.85 0.15 0.95 0.55 1.0 1.0 0.05 0.2 0.6 0.0 0.85 1.0 0.6 0.5 
-0.06853565923143458 0.7165153869620876 0.6151429790161539 0.2 0.45 0.6 0.45 0.05 0.35 1.0 0.7 0.65 0.8 0.25 0.25 1.0 0.3 0.6 0.85 0.0 0.65 0.65 0.8 0.2 0.55 0.7 0.6 1.0 0.7 0.55 0.85 0.95 0.35 0.5 0.55 0.85 0.75 0.25 0.6 
-0.058264925245252834 0.7209114631962403 0.45504967104931626 0.2 0.55 0.75 0.25 0.1 1.0 1.0 0.7 0.75 0.7 0.35 0.2 0.4 0.4 0.65 0.75 0.85 0.85 0.5 1.0 0.2 0.7 0.0 0.25 0.55 0.7 0.65 0.85 0.95 0.35 0.95 0.15 0.8 0.45 0.2 0.6 
-0.11449000157956686 0.5730446417598172 0.37022193604431175 0.0 0.6 0.0 0.0 0.1 0.25 1.0 0.7 0.75 0.7 0.35 0.25 0.95 0.35 0.85 0.95 0.85 0.8 0.1 0.2 0.2 0.45 0.5 0.05 0.65 0.6 0.85 0.65 0.95 0.35 0.7 0.15 0.3 0.65 0.2 0.6 
-0.008650869220328875 0.7400297729184568 0.5012125266046737 1.0 0.55 0.75 0.95 0.1 0.7 1.0 0.7 0.75 0.7 0.35 0.2 0.9 0.4 0.6 0.75 0.85 0.85 0.4 0.45 0.2 0.95 0.0 0.4 0.55 0.7 0.55 0.85 0.95 0.35 0.65 0.5 0.8 0.6 0.25 0.6 
-0.011928338377313764 0.2475615437892834 0.48614026902748775 0.05 0.25 0.45 0.25 0.05 0.85 0.75 0.25 0.6 1.0 0.15 0.35 0.25 0.0 0.25 0.9 0.25 0.45 0.55 0.55 0.0 0.0 0.8 0.95 1.0 0.55 0.35 1.0 0.15 0.5 0.6 0.15 0.85 0.9 0.6 0.5 
-0.08335119296351508 0.6478536307891847 0.6641936068095377 0.2 0.5 0.75 0.55 0.1 0.25 1.0 0.7 0.65 0.7 0.35 0.3 0.25 0.3 0.65 0.75 0.0 0.65 0.1 0.7 1.0 0.0 0.7 0.05 0.7 0.65 0.55 0.8 0.95 0.35 0.8 0.55 0.85 0.8 0.2 0.55 
-0.04873687194484232 0.25134858543396 0.4413624802475109 0.05 0.25 0.45 0.25 0.05 0.85 0.75 0.25 0.6 1.0 0.15 0.35 0.55 0.0 0.25 0.9 0.25 0.45 0.55 0.55 0.0 0.0 0.8 0.95 1.0 0.55 0.35 1.0 0.15 0.5 0.55 0.15 0.85 0.9 0.6 0.5 
-0.0356131991203154 0.746615424463242 0.5356812947891372 0.2 0.55 0.75 0.25 0.1 0.6 0.95 0.7 0.75 0.7 0.35 0.2 0.8 0.4 0.65 0.75 0.85 0.8 0.4 0.45 0.75 0.55 0.0 0.05 0.55 0.7 0.55 0.85 0.95 0.35 0.65 0.5 0.8 0.45 0.2 0.6 
-0.04773239108912163 0.4978564818241793 0.35859993561493675 0.75 0.35 0.95 0.45 0.05 0.05 1.0 0.05 0.8 0.15 0.1 0.4 0.9 0.85 0.85 0.95 0.9 0.8 0.05 0.15 0.1 0.4 0.75 0.1 0.65 1.0 0.85 0.45 0.95 1.0 0.8 0.85 0.7 0.8 0.7 0.15 
-0.08527139502846219 0.5274377837839964 0.3678872923249157 0.2 0.6 0.35 0.0 0.65 0.2 1.0 0.7 0.75 0.5 0.35 0.25 0.95 0.35 0.85 0.95 0.75 0.8 0.55 0.9 0.3 0.4 0.15 0.35 0.85 0.6 0.95 0.75 0.95 0.35 1.0 0.85 0.3 0.45 0.2 0.6 
-0.028365843728365012 0.7407779673988752 0.5326753150866201 0.5 0.55 0.75 0.55 0.1 0.1 1.0 0.7 0.75 0.7 0.35 0.2 0.45 0.4 0.6 0.75 0.85 0.85 0.4 0.65 0.9 0.55 0.0 0.4 0.55 0.7 0.55 0.85 0.95 0.35 0.65 0.5 0.8 0.8 0.2 0.6 
-0.38130293676721194 0.7255442286085211 0.4624955252464965 0.2 0.55 0.75 1.0 0.1 0.1 1.0 0.7 0.75 0.7 0.35 0.25 0.9 0.4 0.6 0.6 0.85 0.85 0.4 0.45 0.2 0.8 0.0 0.4 0.55 0.7 0.55 0.85 0.95 0.35 0.65 0.5 0.9 0.65 0.2 0.6 
-0.03299578052200811 0.6828233943472471 0.403117242830762 0.2 0.9 0.9 0.25 0.1 0.25 1.0 0.7 0.75 0.7 0.35 0.25 0.95 0.35 0.9 0.95 0.85 0.85 0.35 0.95 0.2 0.25 0.4 0.2 0.6 0.4 0.85 0.95 0.95 0.35 0.7 0.15 0.45 0.7 0.2 0.6 
-0.02535718268415851 0.2543878328203172 0.508968039195908 0.05 0.25 0.45 0.25 0.05 0.85 0.6 0.25 0.6 1.0 0.15 0.35 0.2 0.0 0.25 0.9 0.25 0.45 0.55 0.55 0.0 0.0 0.8 0.95 1.0 0.55 0.35 1.0 0.15 0.5 0.55 0.15 0.85 0.9 0.6 0.5 
-0.036112449271495504 0.7356052215695439 0.4832242618376196 0.2 0.55 0.75 1.0 0.1 0.1 1.0 0.7 0.75 0.7 0.35 0.2 0.9 0.4 0.6 0.75 0.85 0.85 0.4 0.45 0.2 0.8 0.0 0.4 0.55 0.7 0.55 0.85 0.95 0.35 0.65 0.5 0.9 0.65 0.2 0.6 
-0.028432777684401073 0.6270490914713911 0.367816003141897 0.2 0.6 0.75 0.25 0.1 0.25 1.0 0.7 0.75 0.85 0.35 0.2 0.75 0.4 0.95 0.85 0.85 0.85 0.5 0.3 0.2 0.55 0.35 0.1 0.95 0.6 0.8 0.85 0.95 0.35 0.4 0.15 0.25 0.6 0.2 0.6 
-0.187851649587947 0.7504644533231657 0.5070677522690797 0.2 0.15 0.75 0.25 0.1 0.6 1.0 0.7 0.75 0.7 0.35 0.2 0.8 0.4 0.6 0.75 0.85 0.85 0.65 0.45 0.2 0.55 0.0 0.2 0.55 0.7 0.55 0.85 0.95 0.35 0.65 0.5 0.8 0.45 0.2 0.6 
-0.011796603158352256 0.34996244161452045 0.6508619349574936 0.7 0.6 0.3 0.1 0.7 0.5 0.35 0.65 0.6 0.8 0.15 0.35 0.45 0.1 0.25 0.95 0.45 0.45 0.3 0.9 0.75 0.0 0.45 0.6 0.95 0.55 0.2 0.95 0.25 0.35 0.9 1.0 0.2 1.0 0.75 0.5 
-0.04019393908718858 0.730798535699156 0.607232566392766 0.2 0.45 0.6 0.45 0.05 0.35 1.0 0.7 0.65 0.8 0.25 0.25 1.0 0.3 0.2 0.85 0.0 0.65 0.65 0.8 0.2 0.55 0.7 0.6 1.0 0.7 0.55 0.85 0.95 0.35 0.8 0.55 0.85 0.75 0.25 0.6 
-0.13644583897149348 0.6250244747097204 0.34836559278488 1.0 0.6 0.9 0.25 0.1 0.25 1.0 0.7 0.75 0.7 0.35 0.2 0.95 0.35 0.8 0.95 0.85 0.85 0.7 0.95 0.2 0.25 0.4 0.05 1.0 0.4 0.7 1.0 0.95 0.35 0.7 0.15 0.45 0.8 0.2 0.6 
-0.0511026744909548 0.2306940066510877 0.4621418404784896 0.35 0.25 0.25 0.3 0.05 0.85 0.75 0.25 0.6 1.0 0.1 0.35 0.85 0.6 0.7 0.7 0.25 0.45 0.55 0.85 0.0 0.25 0.95 0.2 1.0 0.55 0.35 1.0 0.15 0.5 0.55 0.15 0.5 0.85 0.6 0.5 
-0.026532449757362866 0.6158605729170771 0.6892884411354848 0.2 0.5 0.75 0.55 0.1 0.25 1.0 0.7 0.65 0.75 0.35 0.3 0.25 0.05 0.65 0.75 0.0 0.65 0.85 0.7 1.0 0.7 0.9 0.4 0.7 0.7 0.55 0.7 0.95 0.35 0.8 0.55 0.85 0.8 0.2 0.55 
-0.15342924823269774 0.6296814505712001 0.6907297751637577 0.2 0.45 0.6 0.45 0.05 0.35 1.0 0.7 0.65 0.8 0.25 0.25 0.95 1.0 0.6 0.9 0.0 0.65 0.2 0.8 0.2 0.55 0.7 0.3 1.0 0.7 0.55 0.85 0.95 0.35 0.95 0.55 0.85 0.9 0.2 0.5 
-0.5292584072439181 0.7351207138847015 0.6049943093811144 0.2 0.45 0.6 0.45 0.05 0.35 1.0 0.7 0.65 0.8 0.25 0.25 1.0 0.3 0.2 0.95 0.0 0.65 0.65 0.8 0.2 0.55 0.7 0.6 1.0 0.7 0.55 0.85 0.95 0.35 0.8 0.55 0.85 0.75 0.25 0.6 
-0.015773745667188515 0.2196186500023592 0.49237000497505434 0.6 0.55 0.25 0.25 0.05 0.85 0.9 0.25 0.6 1.0 0.15 0.35 0.75 0.45 0.5 0.85 0.25 0.4 0.55 0.85 0.55 0.95 0.7 0.95 1.0 0.55 0.35 1.0 0.15 0.5 0.7 0.15 0.85 0.85 0.6 0.45 
-0.007192507787880003 0.6497666768745516 0.34308982593557946 0.2 0.6 0.9 0.25 0.1 0.25 1.0 0.7 0.75 0.7 0.35 0.25 0.95 0.35 0.85 0.95 0.85 0.85 0.35 0.95 0.2 0.25 0.4 0.05 0.7 0.4 0.85 1.0 0.95 0.35 0.7 0.15 0.45 0.8 0.2 0.6 
-0.05304941095854051 0.3995418215718646 0.3000259062821774 0.45 0.25 0.65 0.85 0.85 0.5 0.9 0.1 0.6 0.95 0.05 0.3 1.0 0.0 0.25 0.85 0.3 0.45 0.95 0.9 0.0 0.0 0.8 0.15 0.95 0.55 0.85 1.0 0.05 0.3 0.35 0.0 0.85 0.9 0.6 0.5 
-1.0408937616208662 0.5945198305273192 0.688159813585162 0.2 0.5 0.75 0.5 0.1 0.25 1.0 0.7 0.65 0.75 0.35 0.3 0.8 0.05 0.65 0.75 0.0 0.65 0.85 0.7 1.0 0.7 0.7 0.05 0.7 0.7 0.55 0.65 0.95 0.35 0.8 0.55 0.85 0.8 0.2 0.55 
-0.03782912181342651 0.5891961901648669 0.6644421577653882 0.2 0.4 0.75 0.5 0.1 0.25 1.0 0.7 0.65 0.75 0.35 0.3 0.8 0.05 0.15 0.75 0.0 0.65 0.85 0.7 1.0 0.7 0.7 0.05 0.7 0.7 0.55 0.65 0.95 0.35 0.8 0.55 0.85 0.8 0.2 0.55 
-0.04735336683430841 0.25114129518471917 0.5396252799052919 0.05 0.25 0.45 0.25 0.05 0.85 0.75 0.25 0.6 1.0 0.15 0.35 0.55 0.4 0.25 0.9 0.25 0.4 0.55 0.55 0.0 0.0 0.8 0.95 1.0 0.55 0.35 1.0 0.15 0.5 0.55 0.15 0.85 0.85 0.6 0.5 
-1.0847575362289608 0.2311730837855867 0.43833880938940506 0.05 0.25 0.45 0.25 0.6 0.85 0.75 0.05 0.6 1.0 0.15 0.35 1.0 0.1 0.25 0.9 0.25 0.35 0.65 0.55 0.0 0.0 0.8 0.95 1.0 0.55 0.35 1.0 0.15 0.5 0.9 0.15 0.85 0.85 0.6 0.45 
-0.027414224200004396 0.35755191994298435 0.33732624851109044 0.15 0.95 0.45 0.2 0.35 0.5 1.0 0.15 0.65 1.0 0.05 0.3 0.8 0.0 0.25 0.7 0.3 0.5 0.55 0.45 0.75 0.25 0.85 0.15 0.5 0.55 0.8 1.0 0.05 0.3 1.0 0.0 0.85 1.0 0.6 0.55 
-0.2834334548973953 0.24359592447311323 0.5175051634092458 0.05 0.95 0.45 0.25 0.05 0.85 0.6 0.25 0.6 1.0 0.15 0.35 0.2 0.25 0.25 0.9 0.25 0.45 0.55 0.55 0.0 0.0 0.5 0.95 1.0 0.55 0.35 1.0 0.15 0.5 0.65 0.15 0.85 0.9 0.6 0.5 
-0.12189352087776925 0.740262193444693 0.5771680401741094 0.2 0.9 0.6 0.45 0.1 0.35 1.0 0.7 0.65 0.7 0.25 0.3 0.95 0.3 0.6 0.85 0.05 0.65 0.25 0.8 0.2 0.55 0.95 0.6 0.8 0.7 0.55 0.95 0.95 0.35 1.0 0.55 0.85 0.75 0.2 0.65 
-6.2392675052523305 0.7570634577815064 0.4962132782156964 0.3 0.45 0.95 0.45 0.95 0.35 1.0 0.7 0.85 0.8 0.25 0.25 0.85 0.3 0.6 0.9 0.0 0.65 0.65 0.8 0.25 0.55 0.7 0.6 1.0 0.7 0.55 0.95 0.95 0.35 1.0 0.45 0.85 0.85 0.2 0.6 
-0.04237117883158426 0.4348760160576999 0.3097670269840015 0.15 0.95 0.45 0.2 0.75 0.6 1.0 0.15 0.65 0.85 0.05 0.3 0.7 0.0 0.25 0.7 0.3 0.5 0.95 0.75 0.05 0.25 0.5 0.65 1.0 0.55 1.0 1.0 0.05 0.3 0.6 0.0 0.85 1.0 0.6 0.5 
-0.04168851808982433 0.4535750029661433 0.31918835829474 0.45 0.25 0.65 0.85 0.85 0.5 0.9 0.1 0.6 0.95 1.0 0.3 1.0 0.0 0.25 0.85 0.3 0.45 0.95 0.9 0.0 0.0 0.8 0.15 0.95 0.55 1.0 1.0 0.05 0.3 0.35 0.0 0.85 0.9 0.6 0.5 
-0.10536352307404993 0.7435620457643854 0.4705125214500775 0.2 0.6 0.9 0.25 0.1 0.25 1.0 0.7 0.75 0.7 0.35 0.25 0.95 0.35 0.85 0.95 0.85 0.85 0.85 0.95 0.2 0.0 0.4 0.15 0.7 0.4 0.3 1.0 0.95 0.35 0.7 0.15 0.45 0.75 0.2 0.6 
-0.0009595933435322795 0.43291262211752046 0.34063153706519766 0.45 0.25 0.45 0.85 0.85 0.5 1.0 0.15 0.6 0.85 1.0 0.3 1.0 0.0 0.25 0.85 0.3 0.45 0.95 0.9 0.0 0.0 0.8 0.15 0.95 0.55 0.85 1.0 0.15 0.4 0.35 0.05 0.85 0.9 0.6 0.5 
-0.01341097153746018 0.7507745217540407 0.524101578884028 0.2 0.55 0.75 0.25 0.1 0.6 0.95 0.7 0.75 0.7 0.35 0.2 0.8 0.4 0.65 0.75 0.85 0.85 0.4 0.45 0.2 0.55 0.0 0.05 0.55 0.7 0.55 0.85 0.95 0.35 0.65 0.5 0.8 0.45 0.2 0.6 
-0.049670652208063 0.247205715713592 0.3846156460883359 0.05 0.25 0.45 0.3 0.05 0.85 0.75 0.1 0.6 1.0 0.15 0.35 1.0 0.1 0.25 0.9 0.25 0.35 0.55 0.55 0.0 0.0 0.8 0.95 1.0 0.55 0.35 1.0 0.15 0.5 0.55 0.15 0.75 0.85 0.6 0.45 
-0.028531507119751418 0.7410289869985094 0.5740110300293076 0.2 0.9 0.6 0.45 0.05 0.35 1.0 0.7 0.65 0.7 0.25 0.3 0.95 0.3 0.6 0.85 0.05 0.65 0.25 0.8 0.2 0.55 0.95 0.6 0.8 0.7 0.55 0.9 0.95 0.35 1.0 0.55 0.85 0.75 0.2 0.65 
-0.4611999525197012 0.718045800193234 0.6493586451152634 0.6 0.65 0.6 0.45 0.05 0.35 1.0 0.7 0.65 0.75 0.25 0.25 1.0 0.3 0.6 0.9 0.0 0.65 0.2 0.8 0.2 0.55 0.75 0.6 1.0 0.7 0.55 0.7 0.95 0.35 0.8 0.55 0.85 0.75 0.2 0.6 
-0.007769535379563087 0.3234262604952244 0.32060687357306206 0.15 0.95 0.45 0.2 0.35 0.5 1.0 0.15 0.65 1.0 0.05 0.3 0.9 0.0 0.25 0.7 0.3 0.5 0.95 0.45 0.05 0.25 0.85 0.15 0.95 0.55 0.8 0.6 0.05 0.3 1.0 0.0 0.85 1.0 0.6 0.55 
-0.03622050932815359 0.350585217109708 0.3220277489220603 0.15 0.95 0.45 0.2 0.35 0.5 1.0 0.15 0.65 0.9 0.05 0.35 0.9 0.0 0.25 0.7 0.3 0.5 0.45 0.15 0.05 0.25 0.85 0.55 0.95 0.65 0.8 1.0 0.0 0.3 1.0 0.0 0.85 1.0 0.6 0.55 
-0.16047778092692933 0.24078316953363244 0.38848737027843655 0.05 0.25 0.45 0.3 0.05 0.85 0.75 0.1 0.6 1.0 0.15 0.35 1.0 0.1 0.25 0.9 0.25 0.35 0.55 0.55 0.0 0.0 0.8 0.95 1.0 0.55 0.35 1.0 0.15 0.5 0.55 0.15 0.75 0.85 0.6 0.45 
-0.33533046081760576 0.2471256429523982 0.45237832016670854 0.05 0.25 0.45 0.25 0.05 0.85 0.85 0.25 0.6 1.0 0.15 0.35 0.55 0.0 0.25 0.9 0.25 0.45 0.55 0.55 0.0 0.0 0.8 0.95 1.0 0.55 0.35 1.0 0.15 0.5 0.55 0.15 0.75 0.9 0.6 0.5 
-0.04725280928855184 0.24721060460226257 0.5487362418619429 0.05 0.25 0.45 0.25 0.05 0.85 0.75 0.25 0.6 1.0 0.15 0.35 0.55 0.4 0.25 0.9 0.25 0.4 0.55 0.55 0.0 0.0 0.8 0.95 1.0 0.55 0.35 1.0 0.15 0.5 0.55 0.15 0.8 0.85 0.6 0.5 
-0.06101976609552653 0.7244506477166387 0.6438664178126074 0.2 0.45 0.6 0.45 0.05 0.35 1.0 0.7 0.65 0.75 0.25 0.25 0.95 0.3 0.6 0.75 0.0 0.65 0.2 0.8 0.2 0.55 0.5 0.6 1.0 0.7 0.55 0.7 0.95 0.35 0.8 0.55 0.85 0.75 0.2 0.6 
-0.004026582981032405 0.37740735621829763 0.32517528927555295 0.15 0.95 0.45 0.1 0.35 0.5 1.0 0.1 0.6 1.0 0.05 0.3 0.8 0.0 0.25 0.75 0.3 0.5 0.65 0.45 0.05 0.9 0.85 0.45 0.85 0.75 0.7 1.0 0.05 0.3 1.0 0.0 0.85 1.0 0.6 0.55 
-0.01835064896464817 0.3725219101043715 0.29358579800799645 0.15 0.95 0.45 0.2 0.35 0.5 1.0 0.15 0.65 0.9 0.05 0.3 0.9 0.0 0.25 0.7 0.3 0.5 0.45 0.15 0.05 0.25 0.85 0.1 0.95 0.65 0.8 1.0 0.0 0.3 1.0 0.0 0.85 1.0 0.6 0.55 
-0.01633857287987466 0.6818670722543421 0.38668975765910696 0.2 0.15 0.9 0.25 0.1 0.25 1.0 0.7 0.75 0.7 0.35 0.25 0.95 0.35 0.85 0.95 0.85 0.85 0.35 0.2 0.2 0.4 0.4 0.05 0.7 0.4 1.0 0.85 0.95 0.35 0.7 0.15 0.45 0.5 0.2 0.6 
-0.07624557452115628 0.2597917590933111 0.37553185855430715 0.05 0.25 0.45 0.6 0.8 0.85 0.75 0.1 0.6 1.0 0.15 0.35 1.0 0.1 0.25 0.9 0.25 0.35 0.55 0.55 0.0 0.0 0.8 0.95 1.0 0.55 0.35 1.0 0.15 0.5 0.55 0.15 0.85 0.85 0.6 0.45 
-0.0479306709995513 0.47596932627048527 0.34984008709578784 0.75 0.35 0.95 0.45 0.05 0.05 1.0 0.05 0.8 0.15 0.1 0.4 0.9 0.85 0.85 0.95 0.9 0.8 0.05 0.15 0.1 0.4 0.75 0.1 0.7 1.0 0.85 0.45 0.95 0.85 0.8 0.85 0.7 0.8 0.7 0.15 
-0.007942114752300548 0.41043832657354684 0.30243864957770294 0.15 0.95 0.45 0.2 0.75 0.1 1.0 0.15 0.6 0.9 0.05 0.3 0.7 0.0 0.25 0.7 0.3 0.5 0.75 0.75 0.05 0.25 0.85 0.15 0.75 0.55 1.0 1.0 0.05 0.3 0.1 0.0 0.85 1.0 0.6 0.5 
-0.7919545041411995 0.37838536275104057 0.6611563631265979 0.3 0.65 0.7 0.5 0.7 0.5 0.9 0.85 0.6 0.75 0.15 0.35 0.85 0.1 0.8 0.95 0.5 0.5 0.5 0.2 0.8 0.0 0.4 0.7 0.95 0.55 0.2 0.85 0.25 0.6 0.9 1.0 0.45 1.0 0.75 0.5 
-0.05448592179464201 0.6835351117882066 0.6698998761922345 0.2 0.5 0.75 0.6 0.1 0.25 1.0 0.7 0.55 0.75 0.35 0.3 0.7 0.25 0.8 0.85 0.0 0.65 0.4 0.7 1.0 0.7 0.2 0.4 1.0 0.7 0.55 0.7 0.95 0.35 0.8 0.55 0.85 0.8 0.2 0.55 
-0.039917842502134704 0.22713052100393533 0.5461018888833343 0.6 0.25 0.25 0.25 0.05 0.85 0.9 0.25 0.6 1.0 0.1 0.35 1.0 0.45 0.35 0.85 0.25 0.45 0.55 0.9 0.55 0.0 0.7 0.95 1.0 0.55 0.35 1.0 0.15 0.5 0.7 0.15 0.75 0.85 0.6 0.5 
-0.8232746843388435 0.4580481906910085 0.3296873780295726 0.45 0.25 0.65 0.85 0.85 0.5 0.9 0.15 0.6 0.95 1.0 0.3 1.0 0.0 0.25 0.85 0.3 0.45 0.95 0.9 0.0 0.0 0.8 0.15 0.95 0.55 1.0 1.0 0.05 0.3 0.35 0.0 0.85 0.9 0.6 0.5 
-0.045673992917571814 0.2502159308709363 0.41528385907001425 0.05 0.25 0.45 0.3 0.95 0.85 0.75 0.1 0.6 0.95 0.15 0.45 1.0 0.1 0.25 0.9 0.25 0.4 0.55 0.55 0.2 0.0 0.8 0.95 1.0 0.55 0.35 1.0 0.15 0.5 0.55 0.15 0.75 0.85 0.6 0.45 
-0.07471628578889714 0.2764839842413819 0.32869178990656034 0.15 0.95 0.45 0.2 0.35 0.5 1.0 0.15 0.65 1.0 1.0 0.3 0.8 0.0 0.25 0.7 0.3 0.5 0.95 0.75 0.05 0.2 0.85 0.15 0.85 0.55 0.8 0.75 0.95 0.3 1.0 0.0 0.85 0.9 0.6 0.55 
-0.025147764878459516 0.5972407591141271 0.3442990966166569 0.2 0.6 0.9 0.25 0.1 0.25 1.0 0.7 0.75 0.5 0.35 0.25 0.95 0.35 0.95 0.95 0.85 0.85 0.35 0.6 0.2 0.25 1.0 0.05 0.95 0.4 0.85 1.0 0.95 0.35 0.7 0.2 0.55 0.5 0.2 0.6 
-0.009254183986377701 0.25258122416575524 0.5743708499248449 0.05 0.25 0.25 0.25 0.05 0.85 0.75 0.25 0.6 1.0 0.1 0.35 1.0 0.45 0.35 0.8 0.25 0.45 0.55 0.9 0.55 0.0 0.8 0.95 1.0 0.55 0.35 1.0 0.15 0.5 0.55 0.15 0.75 0.85 0.6 0.5 
-0.09121381962693934 0.5115504270392759 0.6717733029002866 0.6 0.85 0.7 0.5 0.65 0.8 0.95 0.25 0.6 0.5 0.3 0.7 0.85 0.95 0.85 1.0 0.75 0.65 0.6 0.1 1.0 0.35 0.2 0.55 0.85 0.55 0.8 0.15 0.1 0.8 1.0 0.65 0.6 0.9 0.0 0.85 
-0.03677492478678577 0.5737252936551529 0.3434864077973111 0.2 0.6 0.9 0.25 0.1 0.25 1.0 0.7 0.75 0.5 0.35 0.25 0.95 0.35 0.95 0.95 0.85 0.85 0.35 0.6 0.2 0.25 0.35 0.05 0.95 0.4 0.85 1.0 0.95 0.35 0.7 0.15 0.55 0.5 0.2 0.6 
-0.21666157585048676 0.7471310111367578 0.6262247039347907 0.2 0.45 0.6 0.45 0.05 0.35 1.0 0.7 0.6 0.75 0.25 0.25 0.95 0.3 0.6 0.85 0.0 0.65 0.6 0.8 0.2 0.55 0.5 0.6 1.0 0.7 0.55 0.85 0.95 0.35 0.8 0.55 0.85 0.75 0.2 0.6 
-0.03310059046658403 0.4053183019220809 0.2860057812023217 0.15 0.95 0.45 0.35 0.35 0.5 1.0 0.15 0.6 0.9 0.05 0.3 0.9 0.0 0.25 0.7 0.3 0.5 0.45 0.15 0.05 0.2 0.85 0.7 0.95 0.65 1.0 0.95 0.0 0.3 1.0 0.0 0.85 1.0 0.6 0.55 
-0.021364149148687454 0.7326382494778448 0.6512954838550952 0.2 0.45 0.6 0.45 0.05 0.35 1.0 0.7 0.65 0.8 0.25 0.25 0.95 0.3 0.6 0.75 0.0 0.65 0.2 0.8 0.2 0.55 0.5 0.15 1.0 0.7 0.55 0.85 0.95 0.35 0.95 0.55 0.85 0.9 0.2 0.6 
-0.2576891603973384 0.5306519505664443 0.6792153965674019 0.55 0.85 0.1 0.5 0.65 0.8 0.95 0.25 0.3 0.6 0.3 0.7 0.85 0.95 0.85 0.9 0.75 0.65 0.6 0.1 0.75 0.35 0.2 0.55 0.85 0.55 0.7 0.15 0.05 0.8 0.95 0.65 0.6 0.9 0.0 0.85 
-0.14067617420443243 0.5589953965133021 0.34768410695162766 0.2 0.6 0.35 0.0 0.1 0.2 1.0 0.7 0.75 0.5 0.35 0.25 0.95 0.35 0.85 0.95 0.75 0.8 0.55 0.9 0.3 0.4 0.15 0.35 0.85 0.6 0.95 0.95 0.95 0.35 0.7 0.1 0.85 0.4 0.2 0.6 
-0.07295740701088714 0.4241455271529244 0.2674574503381363 0.15 0.95 0.45 0.2 0.35 0.5 1.0 0.15 0.6 1.0 0.05 0.3 0.9 0.0 0.25 0.7 0.3 0.5 0.95 0.45 0.05 0.25 0.85 0.15 0.95 0.55 1.0 1.0 0.05 0.3 1.0 0.0 0.85 1.0 0.6 0.55 
-0.5758640999683082 0.6627278719981949 0.3572771093326925 0.2 0.9 0.9 0.25 0.1 0.25 1.0 0.7 0.75 0.7 0.35 0.25 0.95 0.35 0.85 0.95 0.85 0.85 0.35 0.95 0.2 0.25 0.4 0.2 0.6 0.4 0.85 0.95 0.95 0.35 0.7 0.15 0.45 0.8 0.2 0.6 
-0.09337616247234193 0.5438587686340972 0.35818123415127656 0.2 0.3 0.35 0.0 0.1 0.2 1.0 0.7 0.75 0.5 0.35 0.25 0.95 0.35 0.55 0.95 0.75 0.8 0.55 0.9 0.3 0.4 0.15 0.35 0.85 0.6 0.95 0.75 0.95 0.35 0.7 0.1 0.85 0.4 0.2 0.6 
-0.010466150809046287 0.30941412069164653 0.3073237329510896 0.15 0.95 0.45 0.2 0.35 0.5 1.0 0.15 0.65 1.0 0.05 0.3 0.8 0.0 0.25 0.7 0.3 0.5 0.95 0.45 0.05 0.25 0.85 0.15 0.95 0.55 0.8 1.0 0.05 0.3 1.0 0.0 0.85 1.0 0.6 0.55 
-0.04018698429276088 0.43629522001455134 0.3055865984757399 0.15 0.95 0.45 0.2 0.75 0.1 1.0 0.15 0.65 0.9 0.05 0.3 0.7 0.0 0.25 0.7 0.3 0.5 0.95 0.75 0.05 0.25 0.5 0.15 1.0 0.55 1.0 1.0 0.05 0.3 0.6 0.0 0.85 1.0 0.6 0.5 
-0.7456104203177908 0.33142208559486397 0.3005788834825689 0.15 0.95 0.45 0.2 0.35 0.5 1.0 0.15 0.65 1.0 0.05 0.3 0.8 0.0 0.25 0.9 0.3 0.5 0.5 0.45 0.05 0.25 0.85 0.15 0.95 0.55 0.8 1.0 0.05 0.3 1.0 0.0 0.85 1.0 0.6 0.55 
-0.19329537261494165 0.38121789208475915 0.2985512129570883 0.8 0.95 0.45 0.85 0.85 0.3 0.85 0.15 0.6 0.9 0.15 0.3 1.0 0.0 0.25 0.7 0.3 0.45 0.95 0.7 0.0 0.0 0.85 0.15 0.75 0.55 1.0 1.0 0.05 0.2 0.65 0.2 0.85 1.0 0.6 0.5 
-0.03296534814858093 0.7285735497194491 0.4142311250082226 0.2 0.6 0.9 0.25 0.1 0.25 1.0 0.7 0.75 0.7 0.35 0.25 0.95 0.35 0.85 0.95 0.85 0.85 0.35 0.95 0.2 0.0 0.4 0.05 0.7 0.4 0.3 1.0 0.95 0.35 0.75 0.15 0.45 0.2 0.2 0.6 
-0.12016356355111057 0.7061661245692532 0.3956311322639719 0.2 0.6 0.9 0.25 0.1 0.25 1.0 0.7 0.75 0.7 0.35 0.25 0.95 0.35 0.85 0.95 0.85 0.85 0.35 0.2 0.2 0.4 0.4 0.05 0.75 0.4 0.85 0.85 0.95 0.35 0.7 0.15 0.45 0.5 0.2 0.6 
-1.3129711966177477 0.7728685225288874 0.5373818138956438 0.3 0.45 0.9 0.45 0.95 0.35 1.0 0.7 0.85 0.8 0.25 0.25 1.0 0.3 0.6 0.9 0.0 0.65 0.65 0.8 0.25 0.55 0.7 0.6 1.0 0.7 0.55 0.95 0.95 0.35 1.0 0.45 0.85 0.75 0.2 0.6 
-0.09549461245779209 0.24258043268877943 0.6155242470885324 0.65 0.85 0.25 0.25 0.9 0.85 0.9 0.25 0.6 1.0 0.1 0.35 0.75 0.45 0.5 0.9 0.3 0.45 0.6 0.85 0.55 0.0 0.7 0.95 1.0 0.55 0.35 1.0 0.15 0.5 0.8 0.15 0.8 0.85 0.6 0.5 
-0.09935364567540339 0.36237972247925127 0.289479206009305 0.15 0.95 0.45 0.1 0.35 0.5 1.0 0.1 0.6 1.0 0.05 0.3 0.9 0.0 0.25 0.75 0.3 0.5 0.65 0.45 0.05 0.9 0.85 0.45 0.85 0.65 0.7 1.0 0.05 0.3 1.0 0.0 0.85 1.0 0.6 0.55 
-0.021682940508488374 0.3514889725892001 0.2936344171409506 0.15 0.95 0.45 0.2 0.35 0.5 1.0 0.15 0.65 1.0 0.05 0.3 0.8 0.0 0.25 0.9 0.3 0.5 0.5 0.45 0.05 0.25 0.85 0.15 0.95 0.55 0.8 1.0 0.05 0.25 1.0 0.0 0.85 1.0 0.6 0.55 
-0.26481805656027885 0.7619200626268995 0.5719800085927269 0.2 0.9 0.6 0.45 0.05 0.35 1.0 0.7 0.65 0.7 0.25 0.3 0.95 0.3 0.6 0.95 0.05 0.65 0.1 0.8 0.2 0.55 0.95 0.6 0.85 0.7 0.55 0.85 0.95 0.35 1.0 0.55 0.85 0.75 0.2 0.6 
-0.14060260008357064 0.7053338418479154 0.3672802301105863 0.2 0.6 0.9 0.25 0.1 0.25 1.0 0.7 0.75 0.7 0.35 0.25 0.95 0.35 0.85 0.95 0.85 0.85 0.35 0.65 0.95 0.4 0.4 0.05 0.75 0.4 0.85 0.95 0.95 0.35 0.7 0.15 0.45 0.5 0.2 0.6 
-0.1020307087683947 0.687797186363739 0.3510579516114223 0.2 0.6 0.9 0.05 0.1 0.25 1.0 0.7 0.75 0.7 0.35 0.25 0.95 0.35 0.85 0.95 0.85 0.85 0.35 0.95 0.2 0.25 0.4 0.05 0.7 0.4 0.85 1.0 0.95 0.35 0.7 0.15 0.45 0.5 0.2 0.6 
-0.3999872591208221 0.3991554062427708 0.2757644241270719 0.15 0.95 0.35 0.2 0.4 0.5 0.75 0.15 0.6 1.0 1.0 0.3 0.9 0.0 0.25 0.7 0.3 0.5 0.95 0.45 0.05 0.25 0.85 0.15 0.8 0.55 1.0 1.0 0.05 0.3 1.0 0.0 0.85 1.0 0.6 0.55 
-0.39815652313587085 0.3096451285645233 0.6483550921515965 0.7 0.6 0.3 0.1 0.7 0.5 0.8 0.7 0.6 0.8 0.15 0.35 0.75 0.1 0.2 0.95 0.45 0.45 0.3 0.9 0.75 0.0 0.45 0.15 1.0 0.55 0.2 0.95 0.25 0.35 0.9 1.0 0.2 1.0 0.75 0.5 
-5.61816459342468 0.5474188736744213 0.3425980741826835 0.2 0.6 0.9 0.25 0.1 0.25 1.0 0.7 0.75 0.5 0.35 0.25 0.95 0.35 0.5 0.95 0.85 0.85 0.35 0.6 0.2 0.25 0.35 0.05 0.95 0.4 0.8 1.0 0.95 0.35 0.7 0.15 0.55 0.5 0.2 0.6 
-3.736070287686863 0.44255587511418887 0.28357300991328804 0.15 0.95 0.35 0.2 0.35 0.5 0.95 0.15 0.6 1.0 0.05 0.25 0.9 0.0 0.25 0.7 0.3 0.5 0.95 0.65 0.05 0.25 0.85 0.15 0.95 0.55 1.0 0.95 0.1 0.3 1.0 0.0 0.85 1.0 0.6 0.55 
-0.000967383186172981 0.23501852057140177 0.5601015753658702 0.6 0.25 0.25 0.25 0.05 0.85 0.9 0.25 0.6 1.0 0.1 0.35 1.0 0.45 0.35 0.85 0.25 0.45 0.55 0.9 0.55 0.0 0.7 0.55 0.9 0.55 0.35 1.0 0.15 0.5 0.7 0.15 0.75 0.85 0.6 0.5 
-1.2124868740854053 0.21120627844256007 0.4910076992561739 0.35 0.25 0.25 0.3 0.05 0.85 0.75 0.25 0.6 1.0 0.1 0.35 0.85 0.6 0.7 0.7 0.25 0.45 0.55 0.85 0.0 0.25 0.95 0.2 1.0 0.55 0.35 1.0 0.15 0.5 0.55 0.15 0.65 0.85 0.6 0.5 
-0.5787209818862524 0.7615292928531872 0.5765197994896021 0.2 0.9 0.6 0.45 0.05 0.35 1.0 0.7 0.65 0.7 0.25 0.3 0.95 0.3 0.6 0.85 0.05 0.65 0.1 0.8 0.2 0.55 0.95 0.6 0.85 0.7 0.55 0.85 0.95 0.35 1.0 0.55 0.85 0.75 0.2 0.6 
-0.9664394327271553 0.7789269277488955 0.5313443296836977 0.3 0.45 0.9 0.45 0.95 0.35 1.0 0.7 0.85 0.8 0.25 0.25 1.0 0.3 0.75 0.9 0.0 0.65 0.65 0.8 0.25 0.55 0.7 0.6 1.0 0.7 0.55 0.95 0.95 0.35 1.0 0.45 0.85 0.75 0.2 0.6 
-1.8016199178986407 0.5923193131104412 0.6993848332082231 0.25 0.45 0.6 0.45 0.05 0.35 1.0 0.7 0.65 0.8 0.25 0.2 0.65 1.0 0.6 0.9 0.0 0.65 0.2 0.8 0.2 0.55 0.7 0.05 1.0 0.7 0.55 0.85 0.95 0.35 0.95 0.55 0.85 0.9 0.2 0.55 
-0.19231722507253124 0.7665874524903378 0.5573698634901232 0.2 0.9 0.6 0.45 0.05 0.35 1.0 0.7 0.65 0.7 0.25 0.3 0.95 0.3 0.6 0.85 0.05 0.65 0.1 0.8 0.2 0.55 0.95 0.6 0.85 0.7 0.55 0.85 0.95 0.35 1.0 0.55 0.85 0.75 0.25 0.6 
-0.0028864669042337017 0.2406745570492939 0.591801678317739 0.6 0.25 0.25 0.25 0.05 0.85 0.9 0.25 0.6 1.0 0.1 0.35 0.75 0.45 0.35 0.85 0.25 0.45 0.55 0.9 0.55 0.0 0.7 0.95 1.0 0.55 0.35 1.0 0.15 0.5 0.7 0.15 0.75 0.85 0.6 0.5 
-0.23938834343072624 0.259653717750282 0.6343550394333921 0.6 0.25 0.25 0.25 0.05 0.85 0.9 0.25 0.6 1.0 0.1 0.35 0.8 0.45 0.5 0.85 0.45 0.45 0.55 0.85 0.75 0.0 0.7 0.95 1.0 0.55 0.35 0.95 0.15 0.5 0.7 0.15 0.8 0.85 0.6 0.5 
-0.5406978041456213 0.755934875904327 0.653024184668393 0.2 0.45 0.6 0.45 0.35 0.35 1.0 0.7 0.65 0.8 0.25 0.25 1.0 0.3 0.6 0.85 0.0 0.65 0.65 0.8 0.25 0.55 0.7 0.6 1.0 0.7 0.55 0.95 0.95 0.35 1.0 0.55 0.85 0.75 0.2 0.6 
-0.25394091305150723 0.2559608555463866 0.32611209634246485 0.15 0.95 0.45 0.2 0.35 0.5 1.0 0.15 0.65 1.0 0.05 0.3 0.9 0.0 0.25 0.7 0.3 0.5 0.45 0.45 0.05 0.25 0.85 0.1 0.95 0.55 0.8 1.0 0.0 0.3 1.0 0.0 0.85 1.0 0.6 0.55 
-0.008214504113544347 0.6959103663630657 0.3523785573913448 0.2 0.6 0.9 0.05 0.1 0.25 1.0 0.7 0.75 0.7 0.35 0.25 0.95 0.35 0.85 0.95 0.85 0.85 0.35 0.95 0.2 0.25 0.4 0.05 0.7 0.4 0.85 1.0 0.95 0.35 0.7 0.15 0.45 0.5 0.2 0.6 
-0.030708450965098378 0.28003206118942203 0.31530299162497255 0.15 0.5 0.85 0.75 0.35 0.5 1.0 0.15 0.65 1.0 1.0 0.3 0.9 0.0 0.25 0.8 0.3 0.5 0.45 0.45 0.15 0.25 0.85 0.1 1.0 0.55 0.75 1.0 0.0 0.3 1.0 0.0 0.85 0.85 0.6 0.55 
-0.4085095843445843 0.3143656595516674 0.2902971818811003 0.65 0.95 0.45 0.2 0.35 0.15 1.0 0.15 0.65 1.0 0.05 0.3 1.0 0.0 0.25 0.9 0.3 0.5 0.45 0.45 0.05 0.25 0.85 0.2 0.65 0.55 0.8 1.0 0.0 0.35 1.0 0.0 0.85 1.0 0.6 0.55 
-0.6565121716709755 0.28427360412896363 0.30025458605927247 0.15 0.5 0.85 0.75 0.35 0.5 1.0 0.15 0.65 1.0 1.0 0.3 0.9 0.0 0.25 0.8 0.3 0.5 0.45 0.45 0.15 0.25 0.85 0.1 1.0 0.55 0.75 1.0 0.0 0.3 1.0 0.0 0.85 1.0 0.6 0.55 
-2.3733506609422066 0.6238188817952381 0.7080418116110685 0.2 0.5 0.75 0.55 0.1 0.25 0.95 0.7 0.65 0.75 0.35 0.3 0.95 0.25 0.5 0.85 0.0 0.65 0.55 0.7 1.0 0.7 0.2 0.4 0.95 0.7 0.55 0.7 0.95 0.35 0.8 0.55 0.85 0.8 0.2 0.55 
-0.6957353941376254 0.3167959707756378 0.28088995995708044 0.65 0.95 0.45 0.2 0.35 0.5 1.0 0.15 0.65 1.0 0.05 0.3 1.0 0.0 0.25 0.9 0.3 0.5 0.45 0.45 0.05 0.25 0.85 0.2 0.95 0.55 0.8 1.0 0.0 0.35 1.0 0.0 0.85 1.0 0.6 0.55 
-2.6550834078164067 0.23271411070402442 0.37194329491316824 0.05 0.25 0.45 0.3 0.95 0.85 0.75 0.1 0.6 1.0 0.15 0.45 1.0 0.1 0.25 0.7 0.25 0.4 0.55 0.55 0.0 0.0 0.8 0.95 1.0 0.55 0.35 1.0 0.15 0.5 0.55 0.15 0.75 0.85 0.6 0.45 
-0.24531194325378583 0.2171370545212375 0.5252666847146781 0.6 0.25 0.25 0.25 0.05 0.85 0.95 0.25 0.6 1.0 0.1 0.35 0.8 0.45 0.5 0.85 0.25 0.45 0.55 0.85 0.55 0.0 0.7 0.95 1.0 0.55 0.35 0.95 0.15 0.5 0.85 0.15 0.8 0.85 0.6 0.5 
-2.6942275447794044 0.3196928816009793 0.6620851901849105 0.6 0.25 0.25 0.25 0.05 0.85 0.9 0.7 0.6 1.0 0.1 0.35 0.8 0.45 0.5 0.85 0.45 0.45 0.55 0.85 0.75 0.0 0.7 0.95 1.0 0.55 0.35 0.95 0.15 0.5 0.7 0.15 0.8 0.85 0.6 0.5 
-1.058687040420652 0.7454759865953662 0.4460909347662852 0.2 0.6 0.9 0.0 0.1 0.25 1.0 0.7 0.75 0.7 0.35 0.25 0.95 0.35 0.85 0.7 0.85 0.85 0.35 0.65 0.95 0.4 0.4 0.05 0.75 0.4 0.25 0.95 0.95 0.35 0.7 0.15 0.45 0.5 0.2 0.6 
-0.0332387718051055 0.269756735922266 0.3440340704778263 0.15 0.95 0.45 0.2 0.35 0.5 1.0 0.15 0.65 1.0 1.0 0.3 0.8 0.0 0.25 0.7 0.3 0.5 0.95 0.75 0.05 0.2 0.85 0.15 0.85 0.55 0.8 0.75 0.95 0.3 0.7 0.0 0.85 0.9 0.6 0.55 
-0.1360916950602416 0.2039201875127487 0.5864527684997562 0.65 0.85 0.25 0.25 0.9 0.85 0.95 0.25 0.6 1.0 0.1 0.35 0.75 0.45 0.5 0.85 0.3 0.45 0.6 0.85 0.55 0.0 0.7 0.95 1.0 0.55 0.35 1.0 0.15 0.5 0.8 0.15 0.8 0.85 0.6 0.5 
-0.07553725840601161 0.6607217168660867 0.6899756317193161 0.2 0.5 0.75 0.55 0.0 0.25 0.95 0.7 0.4 0.75 0.35 0.3 0.75 0.25 0.5 0.85 0.0 0.65 0.4 0.7 1.0 0.7 0.2 0.4 0.95 0.7 0.55 0.7 0.95 0.35 0.8 0.55 0.85 0.8 0.2 0.55 
-0.01795275590753586 0.6763213424678313 0.3338716249038016 0.2 0.6 0.9 0.25 0.1 0.25 1.0 0.7 0.75 0.7 0.35 0.25 0.95 0.35 0.6 0.95 0.85 0.85 0.35 0.95 0.2 0.25 0.2 0.05 0.95 0.4 0.85 1.0 0.95 0.35 0.7 0.15 0.45 0.5 0.2 0.6 
-4.124987107352107 0.2386154289912807 0.6243263987733958 0.6 0.25 0.25 0.45 0.05 0.85 0.9 0.25 0.6 1.0 0.1 0.35 1.0 0.45 0.35 0.75 0.25 0.45 0.55 0.65 1.0 0.0 0.7 0.95 1.0 0.55 0.35 1.0 0.15 0.5 0.65 0.15 0.75 0.85 0.6 0.5 
-0.08717612875338193 0.37318338997438183 0.2755507579410148 0.15 0.95 0.45 0.2 0.35 0.5 1.0 0.1 0.6 1.0 0.05 0.3 0.9 0.0 0.25 0.85 0.3 0.5 0.65 0.45 0.05 0.25 0.85 0.45 0.85 0.65 0.7 1.0 0.05 0.3 1.0 0.0 0.85 1.0 0.6 0.55 
-0.08919828726974845 0.6364512947470077 0.32913576064531447 0.2 0.6 0.9 0.25 0.1 0.25 0.9 0.7 0.75 0.7 0.35 0.25 0.95 0.35 0.75 0.95 0.85 0.85 0.35 0.95 0.25 0.75 0.2 0.05 0.95 0.4 0.85 1.0 0.95 0.35 0.7 0.15 0.55 0.5 0.2 0.6 
-3.7941967241902956 0.7620699729850886 0.6043581562478058 0.2 0.45 0.6 0.45 0.35 0.35 1.0 0.7 0.65 0.8 0.25 0.25 1.0 0.3 0.6 0.85 0.0 0.65 0.65 0.8 0.15 0.55 0.7 0.6 0.85 0.7 0.55 0.95 0.95 0.35 0.95 0.55 0.85 0.75 0.2 0.6 
-12.001921522616234 0.7646217021896853 0.4715070583410452 0.2 0.45 0.6 0.45 0.05 0.35 1.0 0.7 0.6 0.8 0.25 0.25 0.95 0.3 0.6 0.65 0.95 0.65 0.2 0.9 0.2 0.55 0.7 0.9 1.0 0.7 0.55 0.85 1.0 0.35 0.8 0.55 0.85 0.9 0.2 0.6 
-3.288746135175048 0.35427516191948477 0.2568741649678016 0.15 0.95 0.85 0.2 0.35 0.5 1.0 0.15 0.65 1.0 1.0 0.3 0.9 0.0 0.25 0.8 0.3 0.5 0.45 0.45 0.15 0.25 0.85 0.1 1.0 0.6 0.8 1.0 0.0 0.3 1.0 0.0 0.85 1.0 0.6 0.55 
-0.6822649647935326 0.21848015046622143 0.5324089530080409 0.6 0.25 0.25 0.25 0.05 0.85 0.9 0.25 0.6 1.0 0.1 0.35 0.75 0.45 0.5 0.85 0.25 0.45 0.55 0.85 0.55 0.0 0.7 0.95 1.0 0.55 0.35 0.95 0.15 0.5 0.7 0.15 0.8 0.85 0.6 0.5 
-6.784284185135594 0.7730588413424015 0.5892297415182608 0.2 0.45 0.6 0.45 0.35 0.35 1.0 0.7 0.65 0.95 0.25 0.25 1.0 0.3 0.7 0.85 0.95 0.65 0.0 0.8 0.25 0.55 0.7 0.6 1.0 0.7 0.55 0.95 0.95 0.35 1.0 0.55 0.85 0.75 0.2 0.6 
-2.784108172311253 0.7312971402232056 0.6669400387876186 0.2 0.45 0.6 0.45 0.05 0.35 1.0 0.7 0.65 0.8 0.25 0.25 0.95 0.3 0.6 0.9 0.0 0.65 0.2 0.8 0.2 0.55 0.7 0.3 1.0 0.7 0.55 0.85 0.95 0.35 0.95 0.55 0.85 0.9 0.2 0.6 
-0.8549609776124715 0.20987967501252686 0.5762508102947195 0.65 0.85 0.25 0.25 0.9 0.85 0.9 0.25 0.6 1.0 0.1 0.35 0.75 0.45 0.5 0.85 0.3 0.45 0.6 0.85 0.55 0.0 0.8 0.95 0.9 0.55 0.35 1.0 0.15 0.5 0.8 0.15 0.8 0.85 0.6 0.5 
-4.858604420435439 0.23687654636521865 0.6164153478760489 0.6 0.55 0.25 0.25 0.05 0.85 0.9 0.25 0.6 1.0 0.1 0.35 0.75 0.45 0.5 0.85 0.25 0.4 0.55 0.85 0.6 0.0 0.7 0.95 1.0 0.55 0.35 1.0 0.15 0.5 0.7 0.15 0.8 0.85 0.6 0.4 
-0.062038698890374104 0.3372514614785521 0.2655249351156518 0.15 0.95 0.85 0.2 0.35 0.5 1.0 0.15 0.65 1.0 1.0 0.3 1.0 0.0 0.25 0.8 0.3 0.5 0.45 0.45 0.15 0.25 0.85 0.1 1.0 0.6 0.8 1.0 0.0 0.3 1.0 0.0 0.85 1.0 0.6 0.55 
-0.7955785828058701 0.2319536863657483 0.3872899675576968 0.05 0.25 0.45 0.3 0.95 0.85 0.6 0.1 0.65 1.0 0.15 0.45 1.0 0.1 0.25 0.7 0.25 0.4 0.55 0.55 0.0 0.0 0.8 0.95 1.0 0.55 0.35 1.0 0.15 0.5 0.55 0.15 0.75 0.85 0.6 0.45 
-31.08169365287698 0.22470589314920597 0.41173660962237923 0.05 0.25 0.2 0.75 0.05 0.0 0.9 0.25 0.6 1.0 0.1 0.35 1.0 0.3 0.35 0.8 0.3 0.45 0.55 0.45 0.25 0.2 0.7 0.95 1.0 0.55 0.35 0.95 0.15 0.5 0.75 0.0 0.75 0.95 0.6 0.45 
-6.753433252193559 0.20397685565515433 0.5133878276793583 0.6 0.55 0.25 0.25 0.05 0.85 0.9 0.25 0.6 1.0 0.15 0.35 0.75 0.45 0.5 0.85 0.25 0.4 0.55 0.85 0.55 0.0 0.7 0.95 1.0 0.55 0.35 1.0 0.15 0.5 0.7 0.15 0.8 0.85 0.6 0.45 
-3.1596882176608068 0.6164276343412459 0.31509585328213774 0.2 0.6 0.9 0.25 0.1 0.25 1.0 0.7 0.75 0.7 0.35 0.25 0.95 0.35 0.75 0.95 0.85 0.85 0.35 0.95 0.2 0.75 0.2 0.05 0.95 0.4 0.85 1.0 0.95 0.35 0.7 0.15 0.55 0.5 0.2 0.6 
-19.133299267109738 0.7624230746761984 0.4282884632094569 0.2 0.9 0.8 0.45 0.25 0.35 1.0 0.7 0.65 0.8 0.25 0.3 0.95 0.4 0.6 0.85 0.05 0.65 0.25 0.8 0.2 0.55 0.95 0.6 0.8 0.7 0.55 0.9 0.95 0.35 1.0 0.55 0.85 0.75 0.2 0.6 
-0.34543306962966447 0.35957158624494184 0.2676653987278733 0.15 0.95 0.85 0.2 0.35 0.5 1.0 0.15 0.65 1.0 1.0 0.3 1.0 0.0 0.25 0.8 0.3 0.5 0.9 0.45 0.15 0.25 0.85 0.15 1.0 0.6 0.6 1.0 0.0 0.3 1.0 0.0 0.85 1.0 0.6 0.55 
-0.7712878663856718 0.7274544933187 0.4132927946205331 0.2 0.6 0.9 0.25 0.1 0.25 1.0 0.7 0.75 0.7 0.35 0.25 0.95 0.35 0.85 0.95 0.85 0.85 0.35 0.95 0.2 0.0 0.4 0.05 0.65 0.4 0.3 1.0 0.95 0.35 0.75 0.15 0.45 0.2 0.2 0.6 
-0.6224349444347326 0.732360604903281 0.6845314739834046 0.2 0.45 0.6 0.45 0.05 0.35 1.0 0.7 0.65 0.8 0.25 0.25 0.95 0.3 0.6 0.9 0.0 0.65 0.2 0.8 0.2 0.55 0.7 0.3 1.0 0.7 0.55 0.85 0.95 0.35 0.95 0.55 0.85 0.9 0.2 0.55 
-0.9963250656817162 0.20748513818718395 0.604269822925254 0.65 0.85 0.25 0.25 0.9 0.85 0.9 0.25 0.6 1.0 0.1 0.35 0.75 0.45 0.5 0.85 0.3 0.45 0.6 0.85 0.55 0.0 0.7 0.95 1.0 0.55 0.35 1.0 0.15 0.5 0.8 0.15 0.8 0.85 0.6 0.5 
-3.7539120905494614 0.593430253396814 0.32072331723760084 0.2 0.6 0.9 0.25 0.1 0.9 0.95 0.7 0.75 0.5 0.35 0.25 0.95 0.35 0.75 0.95 0.85 0.85 0.35 0.6 0.2 0.25 0.35 0.05 0.95 0.4 0.85 1.0 0.95 0.35 0.7 0.15 0.55 0.5 0.2 0.6 
-0.004582744710984687 0.5690629869232104 0.32573350691278324 0.2 0.6 0.9 0.25 0.1 0.25 1.0 0.7 0.75 0.5 0.35 0.25 0.95 0.35 0.5 0.95 0.85 0.85 0.35 0.6 0.2 0.25 0.35 0.05 0.95 0.4 0.85 1.0 0.95 0.35 0.7 0.15 0.55 0.5 0.2 0.6 
-6.000818969207293 0.6069948016483685 0.3148862655226625 0.2 0.6 0.9 0.25 0.1 0.25 1.0 0.7 0.75 0.7 0.35 0.25 0.95 0.35 0.6 0.95 0.85 0.85 0.35 0.95 0.2 0.75 0.2 0.05 0.95 0.4 0.85 1.0 0.95 0.35 0.7 0.15 0.55 0.5 0.2 0.6 
-0.2970541400554878 0.3717015829641834 0.6642021728318319 0.3 0.65 0.7 0.5 0.7 0.5 0.9 0.85 0.6 0.75 0.15 0.35 0.7 0.1 0.8 0.95 0.5 0.5 0.5 0.55 0.8 0.9 0.4 0.7 0.95 0.55 0.2 0.85 0.25 0.6 0.9 1.0 0.45 1.0 0.75 0.5 
-6.280046713269889 0.6638055226368458 0.715120923985653 0.2 0.45 0.6 0.45 0.05 0.35 1.0 0.65 0.65 0.8 0.25 0.25 0.95 0.3 0.6 0.9 0.0 0.65 0.2 0.8 0.2 0.55 0.7 0.3 1.0 0.7 0.55 0.85 0.95 0.35 0.95 0.55 0.85 0.9 0.2 0.55 
-3.0916338956890885 0.6520549049862184 0.7155912153267491 0.2 0.45 0.6 0.45 0.05 0.35 1.0 0.7 0.65 0.8 0.25 0.25 0.95 1.0 0.6 0.9 0.0 0.65 0.2 0.8 0.2 0.55 0.7 0.3 1.0 0.7 0.55 0.85 0.95 0.35 0.95 0.55 0.85 0.9 0.2 0.55 
-0.3533638886706827 0.6936489098580306 0.707027344848258 0.2 0.45 0.25 0.45 0.05 0.35 1.0 0.7 0.65 0.8 0.3 0.25 0.95 0.3 0.6 0.9 0.0 0.65 0.2 0.8 0.2 0.55 0.7 0.3 1.0 0.7 0.55 0.85 0.95 0.35 0.95 0.55 0.85 0.9 0.2 0.55 
-3.1901437460424247 0.7183098178718287 0.7043436192897321 0.1 0.45 0.6 0.45 0.05 0.35 1.0 0.7 0.65 0.8 0.25 0.25 0.8 0.3 0.6 0.9 0.0 0.65 0.2 0.8 0.2 0.55 0.7 0.3 1.0 0.7 0.55 0.85 0.95 0.35 0.95 0.55 0.85 0.9 0.2 0.55 
-1.6801615539859616 0.6344814704039646 0.718140039238022 0.25 0.45 0.6 0.45 0.05 0.35 1.0 0.7 0.65 0.8 0.25 0.25 0.65 1.0 0.6 0.9 0.0 0.65 0.2 0.8 0.2 0.55 0.7 0.05 1.0 0.7 0.55 0.85 0.95 0.35 0.95 0.55 0.85 0.9 0.2 0.55 
-3.229228397020214 0.3762316647864641 0.25505452970385967 0.15 0.95 0.45 0.2 0.35 0.5 1.0 0.1 0.6 1.0 1.0 0.3 0.9 0.0 0.25 0.85 0.3 0.5 0.65 0.45 0.05 0.25 0.85 0.75 0.85 0.65 0.7 1.0 0.05 0.3 1.0 0.0 0.85 1.0 0.6 0.55 
-18.517776478557376 0.25663598735568494 0.6456447342694808 0.6 0.25 0.25 0.45 0.05 0.85 0.9 0.25 0.6 1.0 0.1 0.35 1.0 0.45 0.35 0.75 0.25 0.45 0.55 0.65 1.0 0.0 0.7 0.95 1.0 0.55 0.35 1.0 0.15 0.5 0.95 0.15 0.75 0.85 0.6 0.5 
-16.178227925900067 0.1874946453521132 0.5340223870480496 0.05 0.25 0.2 0.75 0.05 0.0 0.9 0.25 0.6 1.0 0.1 0.35 1.0 0.3 0.35 0.8 0.3 0.45 0.55 0.45 0.25 0.2 0.7 0.95 1.0 0.55 0.35 0.95 0.15 0.5 0.75 0.15 0.75 0.95 0.6 0.45 
-7.035559460366374 0.679689582111437 0.7268075436620877 0.2 0.45 0.6 0.45 0.05 0.35 1.0 0.7 0.65 0.8 0.25 0.25 0.95 1.0 0.25 0.9 0.0 0.65 0.2 0.8 0.2 0.55 0.7 0.3 1.0 0.7 0.55 0.85 0.95 0.35 0.95 0.55 0.85 0.9 0.2 0.55 
-19.447590189090324 0.21441732746727132 0.4617457756638227 0.05 0.25 0.2 0.75 0.05 0.0 0.9 0.25 0.6 1.0 0.1 0.35 1.0 0.3 0.35 0.8 0.3 0.45 0.55 0.45 0.25 0.2 0.7 0.95 1.0 0.55 0.35 0.95 0.15 0.5 0.3 0.15 0.75 0.95 0.6 0.45 
