-0.005212073370731522 0.4837666385806658 0.48971510793083284 0.15 0.8 0.3 0.1 0.4 0.2 0.95 0.85 0.55 0.1 0.3 0.2 0.75 0.35 0.25 0.45 0.95 0.7 0.35 0.2 0.35 0.25 0.2 0.55 1.0 0.15 0.85 0.1 0.35 0.65 0.5 0.4 0.25 0.55 0.65 0.25 
-0.004257034150440616 0.44683483589608675 0.49407229602056735 0.0 0.4 0.75 0.3 0.25 0.2 0.85 0.2 0.95 0.95 0.85 1.0 0.35 0.7 0.6 0.1 0.0 0.5 0.1 0.35 0.0 0.75 0.2 0.15 0.6 0.9 0.5 0.45 0.35 1.0 0.9 0.5 0.95 0.65 0.85 0.4 
-0.009382912136785333 0.5124269695453394 0.5103708700384787 0.5 0.65 0.95 1.0 0.9 0.35 0.85 0.75 1.0 0.8 0.8 0.6 0.8 0.35 0.35 0.25 0.5 0.1 0.55 0.7 0.65 0.6 0.95 0.5 0.95 0.85 0.75 0.15 0.05 0.35 0.75 0.75 0.1 0.9 0.45 0.35 
-0.005051839268633272 0.48577782404044045 0.5110784619604419 0.5 0.65 0.05 0.55 0.1 0.75 0.7 0.2 0.75 0.7 0.55 0.45 0.85 0.6 0.95 0.2 0.85 0.15 0.85 0.6 0.8 0.05 0.05 0.5 0.85 1.0 0.45 0.65 0.95 0.3 0.7 0.9 0.5 0.9 0.3 0.5 
-0.0015231608990473363 0.5182380252105344 0.49393545922657967 0.05 0.8 0.65 0.1 0.0 0.9 0.95 0.65 0.55 0.65 0.3 0.4 0.45 0.55 0.0 0.75 0.9 0.7 0.85 0.3 0.35 0.9 0.3 0.25 1.0 0.6 0.9 0.1 0.35 0.0 0.8 0.4 0.45 0.55 0.5 0.45 
-0.000434556528192527 0.44782360825583173 0.46301019086715217 0.5 0.2 0.6 0.2 0.3 0.95 0.6 0.45 0.3 0.1 0.5 0.75 0.6 1.0 0.75 0.95 0.3 0.6 0.45 0.15 0.45 0.1 0.75 0.0 0.95 0.15 0.65 0.9 0.05 0.6 0.8 0.55 0.1 0.75 0.9 0.2 
-0.0019854538727824664 0.41502187001837354 0.5263670573020046 0.35 0.85 0.4 0.65 0.65 0.6 1.0 0.3 1.0 0.75 0.1 0.35 0.75 0.1 0.8 0.45 0.95 0.15 0.85 0.7 0.15 0.6 0.45 0.2 1.0 0.3 0.45 0.65 0.85 0.3 1.0 0.5 0.5 0.6 0.3 0.5 
-0.002921434149763296 0.45034521547964546 0.5243407007171808 0.5 0.65 0.05 0.3 0.65 0.75 0.65 0.3 0.75 0.9 0.55 0.35 0.5 0.15 0.95 0.6 0.85 1.0 0.2 0.7 0.5 0.05 0.2 0.2 0.55 0.3 0.45 0.65 0.95 0.3 0.8 0.9 0.5 0.9 0.3 0.5 
-0.009558083760141948 0.5187411866153765 0.5059081892528751 0.35 0.3 0.25 0.8 0.45 0.3 0.75 0.2 0.2 0.1 0.6 0.7 0.0 0.0 0.65 0.0 0.6 0.0 0.25 0.45 0.8 0.65 0.0 0.3 0.5 1.0 0.55 0.1 0.15 0.4 0.1 0.75 0.75 0.05 0.85 0.05 
-0.000389926939454048 0.5349450708257615 0.46675816852512486 0.0 0.9 0.55 0.35 0.9 0.7 1.0 0.1 0.35 0.25 0.4 0.95 0.4 0.9 0.15 1.0 0.35 0.4 0.7 0.75 0.15 0.3 0.55 0.75 1.0 0.15 1.0 0.75 0.2 0.15 0.85 0.4 1.0 0.85 0.85 0.05 
-0.0005860551319919553 0.47363845851340114 0.5065201996014115 0.45 0.15 0.75 0.35 0.1 1.0 0.8 0.1 0.35 0.25 0.4 0.0 0.95 0.9 0.9 0.9 0.35 0.95 0.05 0.15 0.6 0.55 0.55 0.75 1.0 0.15 0.2 0.3 0.2 0.15 0.85 0.4 0.3 0.85 0.85 0.4 
-0.0024832078054495303 0.39759964656920765 0.5700259180619189 0.5 0.65 0.65 0.6 0.65 0.7 0.6 0.5 0.75 0.75 0.55 0.35 0.0 0.1 0.8 0.65 0.95 0.15 0.85 0.7 0.6 0.2 0.7 0.2 1.0 0.3 0.45 0.65 0.85 0.3 0.8 0.55 0.5 0.35 0.3 0.5 
-0.019659798445592 0.5137137708270928 0.4663018518499832 0.45 0.8 0.8 0.35 0.9 1.0 0.6 0.1 0.35 0.6 0.4 0.05 0.95 0.9 0.9 0.9 0.35 0.4 0.05 0.15 0.15 0.55 0.55 0.75 0.95 0.15 0.2 0.45 0.2 0.15 0.85 0.4 0.8 0.85 0.85 0.4 
-0.0012305529336035753 0.46875501580921963 0.5479334630574071 0.5 0.6 0.05 0.65 0.4 0.75 0.6 0.1 0.85 0.65 0.55 0.35 0.0 0.15 0.95 0.25 0.85 0.65 0.0 0.4 0.3 0.05 0.05 0.05 0.65 0.3 0.45 0.65 0.95 0.3 0.8 0.9 1.0 0.85 0.3 0.5 
-0.01384656667499739 0.521127274855146 0.5325106479892968 0.5 0.65 0.1 1.0 0.35 0.5 0.85 0.75 0.5 0.55 0.75 0.2 0.15 0.35 0.55 0.95 0.45 0.75 0.7 0.45 0.65 0.0 1.0 0.5 0.85 0.85 0.7 1.0 0.85 0.6 0.75 0.75 0.0 1.0 0.65 0.35 
-0.0005898358741063932 0.5452714850748875 0.5236395226878324 0.45 0.15 0.35 0.35 0.9 0.25 0.05 0.55 0.35 0.25 1.0 0.0 0.65 0.9 0.1 0.3 0.35 0.7 0.45 0.15 0.0 0.95 0.55 0.35 0.9 0.15 0.65 0.95 0.2 0.15 0.8 0.4 0.3 0.85 0.8 0.7 
-0.004118220880948246 0.4829955555843743 0.4655962054269198 0.5 0.65 0.1 1.0 0.35 0.5 0.85 0.75 0.5 0.55 0.75 0.2 0.15 0.35 0.55 0.95 0.9 0.75 0.7 0.45 0.65 0.0 1.0 0.5 0.85 0.85 0.7 1.0 0.85 0.6 0.75 0.75 0.0 0.2 0.65 0.35 
-0.009168865761565262 0.4287600529932986 0.46841673434000386 0.0 0.55 0.3 0.1 0.0 0.35 0.95 0.15 0.6 0.95 0.3 0.4 0.55 0.85 0.3 0.1 0.75 0.7 0.1 0.75 0.45 0.25 0.3 0.25 0.9 0.6 0.9 0.1 0.35 0.7 1.0 0.85 0.25 0.4 0.65 0.9 
-0.009330968122541038 0.5353355014305354 0.47727620091835166 0.5 0.7 0.7 0.85 0.25 0.05 0.8 0.25 0.2 0.8 0.05 0.45 0.5 1.0 0.5 0.35 0.1 0.9 0.3 0.8 0.4 0.15 0.2 0.3 0.8 0.85 0.45 0.5 0.5 0.3 0.75 0.2 0.85 0.1 0.35 0.8 
-0.0021333382720998178 0.41730644358119734 0.5019256154061457 0.15 0.55 0.3 0.1 0.0 0.35 0.95 0.15 0.55 0.65 0.3 0.4 0.7 0.9 0.05 0.75 0.1 0.55 0.85 0.75 0.25 0.25 0.3 0.25 0.85 0.6 0.9 0.1 0.35 0.2 0.85 0.75 0.25 0.55 0.65 0.2 
-0.13177652591678485 0.5056893963019137 0.5325408765333969 0.7 0.65 0.35 0.35 0.4 1.0 1.0 0.1 0.05 0.35 0.2 0.05 0.95 0.9 0.15 0.9 0.0 0.4 0.05 0.6 0.15 0.35 0.0 0.75 1.0 0.9 0.2 0.3 0.55 0.15 0.85 0.4 0.3 0.85 0.85 0.5 
-0.009806387806407905 0.545055632877888 0.5096253917174339 0.45 0.2 0.35 0.55 0.45 0.25 0.95 0.1 0.35 0.25 0.2 0.0 0.05 0.6 0.9 0.9 0.35 0.05 0.05 0.15 0.15 0.55 0.65 0.75 0.8 0.15 0.65 0.75 0.2 0.15 0.7 0.4 0.9 0.85 0.1 0.7 
-0.0006489117817443562 0.43616813109449615 0.5200513332449631 0.3 0.55 0.05 0.1 0.55 0.2 0.05 0.15 0.55 0.65 0.9 0.2 0.65 0.8 0.2 0.55 0.9 0.7 0.7 0.3 0.85 0.25 0.45 0.05 0.8 0.0 0.9 0.9 0.35 0.7 0.7 0.3 0.5 0.5 0.65 0.2 
-0.0022993967776245654 0.5800173009578615 0.4509695047049225 0.45 0.8 0.35 0.5 0.9 1.0 0.95 0.1 0.35 0.25 0.4 0.05 0.95 0.55 0.4 0.9 0.35 0.4 0.05 0.15 0.15 0.55 0.55 1.0 0.95 0.15 0.2 0.45 0.2 0.15 0.85 0.7 0.3 0.85 0.85 0.4 
-0.0029553704967057123 0.4134871812122606 0.5084880231340566 1.0 0.8 0.55 0.85 0.55 0.2 0.95 0.15 0.6 0.7 0.3 0.35 0.75 0.45 0.25 0.95 0.0 0.15 0.6 0.2 0.8 0.25 0.1 0.05 1.0 0.6 0.85 0.1 0.85 0.3 1.0 0.4 0.65 0.7 0.65 0.25 
-0.006530372475383734 0.5869221132727734 0.45598733132910896 0.15 0.65 0.35 0.8 0.15 1.0 1.0 0.1 0.3 0.35 0.2 0.05 0.65 0.45 0.75 0.9 0.35 0.4 0.3 0.6 0.15 0.0 0.0 0.3 0.95 0.9 0.2 0.3 0.85 0.15 0.3 0.4 0.3 0.9 0.85 0.2 
-0.0004008010351470054 0.5631407504816239 0.5497734077874734 0.4 0.15 1.0 0.6 0.35 0.6 0.45 0.15 0.55 0.45 0.7 0.15 0.0 0.2 0.2 0.55 0.65 0.8 0.95 0.1 0.75 0.85 0.45 0.45 1.0 0.8 0.3 0.55 0.35 0.85 0.2 0.95 0.85 0.65 0.5 0.85 
-0.017865199502824097 0.5341894393203788 0.54593800510564 0.45 0.8 0.65 0.35 0.9 1.0 0.3 0.1 0.35 0.25 0.4 0.25 0.95 0.9 0.9 0.9 0.15 0.0 0.55 0.15 0.15 0.55 0.55 0.75 1.0 0.1 0.65 0.75 0.2 0.15 0.3 0.4 0.3 0.65 0.85 0.7 
-0.025048164854727405 0.4742800830592245 0.4571893003361207 0.5 0.65 0.1 1.0 0.9 0.35 0.3 0.85 0.35 0.8 0.8 0.15 0.8 0.35 0.55 0.95 0.55 0.35 0.55 0.45 0.65 0.0 0.45 0.5 0.7 0.85 0.7 0.9 0.05 0.3 0.65 0.15 0.1 1.0 0.45 0.35 
-0.0774912806677285 0.4927669202869858 0.44123809247411416 0.5 0.65 0.1 1.0 0.75 0.35 0.8 0.75 0.35 0.8 0.8 0.25 0.85 0.35 0.55 0.8 0.5 0.4 0.55 0.45 0.65 0.6 0.45 0.5 0.8 0.85 0.65 0.8 0.05 0.65 0.75 0.25 0.1 1.0 0.45 0.35 
-0.024352010114244985 0.564435259712414 0.4798287671570601 0.2 0.55 0.05 0.45 0.75 0.35 0.95 0.6 0.6 0.1 0.3 0.4 0.6 0.85 0.55 0.75 0.8 0.7 0.85 0.75 0.35 0.25 0.0 0.25 0.7 0.6 0.9 0.35 0.3 0.5 1.0 0.8 0.25 0.55 0.5 0.9 
-0.009543981072480074 0.5485298854343977 0.5859131123474408 0.0 0.55 0.05 0.1 0.0 0.35 0.6 0.6 0.6 0.95 0.3 0.4 0.85 0.85 0.4 0.75 1.0 0.7 0.85 0.75 0.35 0.75 0.3 0.25 0.7 0.6 0.9 0.1 0.3 0.7 1.0 0.8 0.25 0.55 0.5 0.9 
-0.00017790479544652668 0.41754744539644884 0.4578719596979626 0.0 0.55 0.3 0.1 0.0 0.35 0.95 0.15 0.6 0.95 0.3 0.4 0.55 0.85 0.3 0.1 0.1 0.7 0.85 0.75 0.35 0.25 0.3 0.25 0.7 0.6 0.9 0.1 0.35 0.7 1.0 0.85 0.25 0.55 0.65 0.9 
-0.00033775138689609086 0.5782136727294805 0.5071039445205217 0.45 0.2 0.35 0.55 0.45 0.25 0.95 0.1 0.35 0.25 0.2 0.0 0.0 0.6 0.9 0.9 0.35 0.05 0.1 0.15 0.15 0.55 0.65 0.4 1.0 0.15 0.65 0.1 0.2 0.15 0.7 0.4 0.9 0.85 0.1 0.7 
-0.003051840261975406 0.47533980160887657 0.43299330893614074 1.0 0.8 0.3 0.4 0.0 0.2 0.95 0.15 0.55 0.7 0.3 0.15 0.75 0.35 0.25 0.5 0.95 0.4 0.6 0.2 0.8 0.25 0.1 0.45 1.0 0.6 0.8 0.1 0.35 0.6 1.0 0.9 0.6 0.7 0.5 0.25 
-0.00892422304499242 0.5401215676992142 0.46347166504919085 0.0 0.8 0.55 0.35 0.9 1.0 1.0 0.1 0.35 0.25 0.4 0.95 0.35 0.9 0.15 1.0 0.35 0.4 0.7 0.75 0.15 0.3 0.55 0.75 1.0 0.15 0.55 0.75 0.2 0.15 0.85 0.4 1.0 1.0 0.85 0.05 
-0.0010183021665763966 0.5718838624562452 0.49912036132673726 0.8 0.2 0.35 0.6 0.45 0.25 0.95 0.1 0.35 0.25 1.0 0.0 0.05 0.6 0.9 0.9 0.35 0.05 0.05 0.15 0.15 0.55 0.65 0.75 0.8 0.15 0.65 0.1 0.2 0.15 0.7 0.4 0.9 0.85 0.1 0.7 
-0.011814461680022571 0.40616415135747225 0.4749816700581933 0.25 0.1 0.7 0.6 0.65 0.9 1.0 0.0 0.7 0.95 0.3 0.4 1.0 0.85 0.7 0.85 0.95 0.9 0.35 0.9 0.9 0.35 0.85 0.2 0.35 0.6 0.8 0.65 0.35 0.8 1.0 0.4 0.7 0.85 0.8 0.7 
-0.0014444348848751092 0.550131147676778 0.5268002329503507 0.45 0.15 0.35 0.35 0.9 0.25 0.05 0.55 0.35 0.25 1.0 0.0 0.65 0.9 0.1 0.9 0.35 0.7 0.45 0.15 0.0 0.95 0.55 0.35 0.9 0.15 0.65 0.95 0.2 0.15 0.8 0.4 0.3 0.85 0.05 0.7 
-0.011338317035161366 0.5994402994130872 0.5281334076645078 0.45 0.8 0.35 0.35 0.9 1.0 0.5 0.15 0.55 0.2 0.4 0.0 0.95 0.05 0.55 0.85 0.35 0.6 0.05 0.15 0.15 1.0 0.3 0.75 1.0 0.15 0.65 0.85 0.2 0.45 0.85 0.4 0.25 0.85 0.95 0.7 
-0.00011894448907877563 0.5245948109081542 0.44475161331415575 0.9 0.7 0.25 0.85 0.9 0.95 0.85 0.05 0.45 0.35 0.8 0.2 0.85 0.25 0.85 0.6 0.15 0.15 0.55 0.0 0.05 0.2 0.3 0.8 0.3 0.4 0.2 0.85 0.3 0.3 0.55 0.6 0.9 0.3 0.15 0.45 
-0.04780660271754775 0.4736996471835395 0.4162673021531648 0.5 0.65 0.1 1.0 0.75 0.35 0.8 0.75 0.05 0.8 0.8 0.25 0.85 0.35 0.55 0.8 0.5 0.4 0.55 0.45 0.65 0.6 0.45 0.5 0.8 0.85 0.65 0.8 0.05 0.65 0.75 0.75 0.1 1.0 0.45 0.35 
-0.002347445012358404 0.5813541285516236 0.5899020467680048 0.4 0.55 0.75 0.75 0.6 0.6 0.55 0.85 0.15 0.35 0.0 0.55 0.55 0.1 0.3 0.9 0.6 0.55 0.1 0.2 0.15 0.4 0.1 0.7 0.85 0.25 0.75 0.95 0.05 0.2 0.9 0.1 0.2 0.25 0.15 0.75 
-0.002479907504649281 0.45217909217178764 0.4537898659772444 0.0 0.55 0.3 0.1 0.0 0.35 0.95 0.15 0.6 0.7 0.3 0.35 0.85 0.8 0.4 0.75 0.1 0.7 0.2 0.75 0.35 0.25 0.3 0.25 1.0 0.6 0.9 0.95 0.85 0.9 0.25 0.05 0.2 0.55 0.7 0.2 
-0.005177636702634954 0.5348630525790942 0.44494284831299885 0.55 0.65 0.35 0.25 0.1 1.0 1.0 0.1 0.25 0.35 0.85 0.05 0.75 0.9 0.55 0.85 0.35 0.4 0.05 0.6 0.15 0.35 0.0 0.75 1.0 0.9 0.2 0.3 0.85 0.15 0.65 0.4 0.3 0.7 0.5 0.5 
-0.010482318740564349 0.45655269697590517 0.5643328436726206 0.5 0.65 0.05 0.55 0.1 0.3 0.8 0.3 0.75 0.7 0.55 0.55 0.2 0.3 0.95 0.65 0.85 0.15 0.2 0.6 0.3 0.05 0.05 0.5 0.85 0.3 0.45 0.65 0.95 0.3 0.7 0.9 0.5 0.9 0.3 0.5 
-0.0018235278009964256 0.5613745293644686 0.435224622459749 0.45 0.1 0.0 0.35 0.9 0.45 0.95 0.1 0.35 0.25 0.4 0.0 0.95 0.05 0.9 0.8 0.35 0.25 0.05 0.15 0.15 0.6 0.55 0.55 1.0 0.15 0.65 0.1 0.25 0.8 0.85 0.1 0.35 0.2 0.95 0.1 
-0.0549350776918363 0.49325003229508485 0.5611867136303762 0.5 0.6 0.05 0.65 0.65 0.75 0.8 0.1 0.85 0.65 0.55 0.35 0.0 0.75 0.95 0.25 0.9 0.15 0.0 0.4 0.3 0.8 0.05 0.5 0.65 0.3 0.45 0.65 0.95 0.3 0.9 0.4 0.6 0.85 0.3 0.5 
-0.007796405003623984 0.44293084573492936 0.5492638796516504 0.5 0.65 0.05 0.55 0.1 0.75 0.8 0.3 0.3 0.15 0.9 0.45 0.2 0.3 0.95 0.65 0.85 0.15 0.85 0.6 0.3 0.05 0.05 0.5 0.85 0.3 0.45 0.65 0.95 0.3 0.35 0.9 0.5 0.9 0.3 0.5 
-0.0005330508941014482 0.4656965437249004 0.5798057381690918 0.5 0.65 0.1 0.65 0.1 0.75 0.3 0.25 0.9 0.85 0.55 0.45 0.1 0.9 0.95 0.65 0.85 0.15 0.85 0.6 0.3 0.55 0.25 0.75 0.85 0.3 0.45 0.65 0.95 0.45 0.7 0.9 0.5 0.9 0.3 0.5 
-0.000912121993472632 0.5906256630992923 0.5411973232753494 0.85 0.65 0.35 0.35 0.4 1.0 1.0 0.1 0.25 0.35 0.2 0.05 0.95 0.9 0.15 0.9 0.7 0.4 0.05 0.6 0.1 0.35 0.0 0.75 1.0 0.9 0.2 0.3 0.55 0.15 0.85 0.4 0.3 0.85 0.85 0.5 
-0.007586050978946574 0.5734855433740897 0.4491290669128347 0.45 0.1 0.75 0.35 0.9 0.45 0.95 0.1 0.35 0.25 0.4 0.0 0.95 0.05 0.9 0.8 0.35 0.25 0.05 0.15 0.15 0.6 0.55 0.55 1.0 0.15 0.65 0.1 0.25 0.8 0.85 0.45 0.35 0.85 0.95 0.1 
-0.11047283499750563 0.49179888875230726 0.42915945710877124 0.5 0.65 0.05 1.0 0.35 0.75 0.85 0.75 0.35 0.8 0.75 0.15 0.45 0.35 0.55 0.7 0.45 0.25 0.55 0.3 0.65 0.0 1.0 0.7 0.75 0.85 0.7 0.9 0.05 0.3 0.55 0.75 0.0 1.0 0.45 0.35 
-0.00042471699239765635 0.37922521043433216 0.48880584219119355 0.05 0.3 0.9 0.1 0.7 0.9 0.95 0.15 0.6 0.4 0.3 0.6 0.9 0.35 0.0 0.75 0.1 0.85 0.85 0.75 0.35 0.25 1.0 0.25 0.9 0.6 0.7 0.1 0.35 0.7 0.5 0.4 0.25 0.55 0.65 0.2 
-0.005694838479045978 0.5995765568264477 0.5095592097082948 0.4 0.55 0.75 0.75 0.8 0.5 0.55 0.4 0.15 0.7 0.0 0.55 0.65 0.9 0.3 0.9 0.6 0.55 0.05 0.2 0.05 0.2 0.4 0.7 0.85 0.55 0.75 0.95 0.0 0.2 0.9 0.1 0.2 0.25 0.35 0.75 
-0.0018760094046730209 0.5325044973280497 0.5623211273797085 0.45 0.8 0.35 0.3 0.9 1.0 0.95 0.1 0.35 0.25 0.4 0.0 0.95 0.9 0.9 0.9 0.75 0.4 0.05 0.15 0.15 0.55 0.55 0.75 1.0 0.15 0.65 0.75 0.2 0.15 0.85 0.4 0.3 0.65 0.85 0.7 
-0.025772861274662606 0.6025185641123466 0.5578368531595141 0.0 0.85 0.1 0.95 1.0 0.1 1.0 0.9 0.7 0.3 0.65 0.2 0.2 0.9 0.9 0.75 0.6 0.35 0.05 0.85 0.4 0.9 1.0 0.8 0.25 0.1 0.65 1.0 0.2 0.25 0.4 0.8 0.55 0.9 0.9 0.9 
-0.029626286759665454 0.48867680210424425 0.5827911436268696 0.35 0.85 0.65 0.65 0.65 0.7 1.0 0.3 0.75 0.75 0.55 0.2 0.75 0.1 0.2 0.45 0.95 0.15 0.85 0.7 0.15 0.2 0.45 0.2 1.0 0.3 0.45 0.65 0.85 0.3 1.0 0.55 0.5 0.6 0.3 0.5 
-0.0040455963110984094 0.5654232378374549 0.4139476342578141 0.45 0.8 0.35 0.35 0.9 1.0 0.6 0.1 0.35 0.25 0.4 0.05 0.95 0.9 0.9 0.9 0.35 0.4 0.05 0.15 0.15 0.55 0.55 0.75 0.95 0.15 0.2 0.45 0.2 0.15 0.85 0.4 0.3 0.85 0.85 0.4 
-0.005938236372195991 0.3893890729055782 0.47674454270197747 0.25 0.85 0.7 0.1 0.65 0.9 1.0 0.15 0.85 0.8 0.3 0.4 1.0 0.85 0.3 0.4 0.95 0.8 0.35 1.0 0.9 0.1 0.85 0.2 0.35 0.6 0.3 0.3 0.35 0.8 0.8 0.4 0.7 0.85 0.65 0.3 
-0.012942442225791774 0.4560304912611241 0.5816683950332572 0.5 0.65 0.1 0.65 0.1 0.75 0.3 0.25 0.6 0.85 0.55 0.45 0.1 0.9 0.95 0.65 0.85 0.15 0.85 0.6 0.3 0.05 0.25 0.75 0.85 0.3 0.45 0.65 0.95 0.45 0.7 0.9 0.5 0.9 0.3 0.5 
-3.093677994638948e-05 0.40510810887553955 0.45337815843424967 0.0 0.55 0.3 0.1 0.0 0.35 0.95 0.15 0.6 0.95 0.3 0.4 0.55 0.85 0.3 0.1 0.1 0.7 0.85 0.75 0.35 0.25 0.3 0.25 0.9 0.6 0.9 0.1 0.35 0.7 1.0 0.85 0.25 0.55 0.65 0.9 
-0.006965486122012778 0.4095115784362708 0.46820874195872014 0.15 0.85 0.55 0.6 0.75 0.05 0.9 0.25 0.7 0.4 0.3 0.35 1.0 0.1 0.85 0.7 0.25 0.9 0.8 0.05 0.0 0.0 0.9 0.5 0.65 0.0 0.15 0.9 0.9 0.35 0.75 0.45 1.0 0.55 0.05 0.25 
-0.006444637008931723 0.5912318221182209 0.42515302341140726 0.85 0.55 0.75 0.65 0.15 0.8 0.8 0.4 0.4 0.65 0.0 0.55 0.8 0.9 0.4 0.6 0.55 0.55 0.1 0.2 0.35 0.25 0.75 0.55 0.65 0.75 1.0 0.35 0.0 0.3 0.8 0.3 0.3 0.4 1.0 0.15 
-0.00830858662533362 0.3678281686102383 0.5666063588474493 0.15 0.8 0.3 0.55 0.0 0.2 0.95 0.15 0.15 0.65 0.3 0.2 0.75 0.55 0.25 0.0 0.4 0.7 0.85 0.2 0.2 0.25 0.2 0.55 0.9 0.6 0.85 0.1 0.2 0.75 0.85 0.4 0.45 0.55 0.65 0.25 
-0.014055784090430467 0.3744414198076701 0.5165025238505917 0.15 0.8 0.6 0.1 0.0 0.2 1.0 0.15 0.55 0.8 0.25 0.2 0.55 0.35 0.8 1.0 0.95 0.8 0.6 0.4 0.35 0.25 0.3 0.25 0.6 0.6 0.85 0.1 0.35 0.75 0.85 0.4 0.45 0.3 0.65 0.85 
-0.0012493176733171082 0.622951011416886 0.476600415040596 0.15 0.65 0.35 0.0 0.4 1.0 1.0 0.1 0.3 0.55 0.2 0.05 0.45 0.05 0.6 0.9 0.35 0.4 0.05 0.6 0.15 0.35 0.0 0.75 1.0 0.75 0.2 0.3 0.85 0.15 0.65 0.4 0.3 0.95 0.65 0.5 
-0.010482695113376527 0.5165858172994451 0.42022323963788266 0.45 0.15 0.75 0.35 0.1 0.2 0.8 0.1 0.35 0.25 0.4 0.15 0.95 0.9 0.9 0.9 0.35 0.4 0.05 0.15 0.05 0.55 0.55 0.75 1.0 0.15 0.2 0.3 0.2 0.15 0.85 0.4 0.3 0.85 0.85 0.4 
-0.0051959600758571855 0.36000999037003734 0.5505869265051817 1.0 0.8 0.55 0.3 0.55 0.2 0.95 0.15 0.0 0.9 0.3 0.3 0.75 0.45 0.25 0.15 0.0 0.8 0.2 0.2 0.8 0.25 0.1 0.1 0.95 0.6 0.85 0.1 0.45 0.2 1.0 0.4 0.65 0.7 0.65 0.25 
-0.00127730187329583 0.44952122458744564 0.434488667157947 0.35 0.95 0.7 0.1 0.1 0.9 1.0 0.15 0.9 0.9 0.3 0.4 1.0 0.85 0.7 0.9 0.95 1.0 0.65 1.0 0.6 0.35 0.05 0.2 0.2 0.6 0.75 1.0 0.35 0.8 0.2 0.4 0.8 0.9 0.9 0.3 
-0.002338757656719688 0.3857958585314354 0.5380375697524843 0.5 0.8 0.65 0.65 0.65 0.7 0.3 0.3 0.5 0.75 0.55 0.35 0.6 0.1 0.8 0.7 0.8 0.15 0.45 0.7 0.3 0.2 0.7 0.85 0.55 0.3 0.45 0.65 0.85 0.3 0.75 0.55 0.55 0.6 0.3 0.5 
-0.0157148348873906 0.5634791018203453 0.5659113276744602 0.3 0.65 0.75 0.75 0.25 0.05 0.55 0.65 0.9 0.25 0.0 0.55 0.65 0.3 0.35 0.75 0.55 0.55 0.25 0.0 0.5 0.3 0.4 0.7 0.85 0.2 0.75 0.95 0.0 0.4 0.9 0.1 0.2 0.2 0.95 0.1 
-0.008773706381765002 0.4360416479685867 0.418054161077883 0.85 0.65 0.9 1.0 0.9 0.85 0.5 0.85 0.35 0.8 0.8 0.15 0.8 0.35 0.55 1.0 0.55 0.4 0.55 0.1 0.65 0.0 0.45 0.5 0.6 0.85 0.7 0.9 0.05 0.55 0.45 0.75 0.05 1.0 0.45 0.35 
-0.011549564575003972 0.4879556414610924 0.590980830011921 0.5 0.65 0.05 0.55 0.1 0.75 0.8 0.2 0.75 0.7 0.55 0.45 0.85 0.6 0.95 0.65 0.85 0.15 0.85 0.6 0.8 0.05 0.05 0.5 0.85 0.3 0.45 0.65 0.95 0.3 0.7 0.9 0.5 0.9 0.3 0.5 
-0.038741247339397475 0.6040252432604414 0.5313446272344686 0.25 0.55 0.35 0.35 0.9 1.0 0.95 0.2 0.6 0.25 0.3 0.0 0.95 0.9 0.9 0.9 0.3 0.4 0.1 0.15 0.15 0.25 0.6 0.75 1.0 0.0 0.75 0.6 0.2 0.15 0.85 0.4 0.3 0.95 0.85 0.7 
-0.08375720814228929 0.500669244184244 0.6128548188368285 0.2 0.55 0.05 0.45 0.75 0.55 0.3 0.85 0.1 0.95 0.3 0.4 0.5 0.85 0.45 0.9 0.75 0.7 0.15 0.25 0.8 0.25 0.5 0.25 0.9 0.6 0.9 0.05 0.95 0.55 0.8 0.8 0.25 0.7 0.5 0.9 
-0.02577650920464403 0.6196746073930368 0.488951056217313 0.15 0.65 0.35 0.0 0.4 1.0 1.0 0.1 0.3 0.6 0.2 0.05 0.45 0.9 0.6 0.25 0.35 0.4 0.05 0.6 0.15 0.35 0.0 0.75 1.0 0.75 0.2 0.3 0.85 0.15 0.65 0.4 0.3 1.0 0.65 0.5 
-0.00692439119416294 0.4612715465989191 0.4162717952359133 0.5 0.05 0.4 1.0 0.9 0.35 0.3 0.75 0.35 0.8 0.0 0.15 0.9 0.35 0.55 0.4 0.1 0.1 0.55 0.45 0.65 0.0 0.45 0.5 0.8 0.85 0.7 0.2 0.05 0.3 0.75 0.75 0.1 1.0 0.45 0.35 
-0.002642057279725517 0.43487460307058595 0.5729651225245554 0.5 0.7 0.65 0.85 0.65 0.7 0.55 0.3 0.8 0.75 0.55 0.35 0.6 0.1 0.15 0.65 0.95 0.15 0.85 0.6 0.6 0.15 0.7 0.9 1.0 0.3 0.45 0.65 0.85 0.3 0.8 0.55 0.5 0.35 0.3 0.45 
-0.0015642058249254937 0.3916616059382145 0.4418041942323774 0.15 0.7 0.45 0.1 0.85 0.2 0.95 0.15 0.55 0.1 0.3 0.15 0.75 0.35 0.25 0.3 0.95 0.7 0.6 0.2 0.4 0.25 0.3 0.55 1.0 0.6 0.85 0.1 0.35 0.4 0.5 0.4 0.45 0.55 0.65 0.25 
-0.011546894043396533 0.3486596093608205 0.5881744321840093 0.15 0.85 0.7 0.1 0.8 0.9 0.55 0.15 0.65 0.8 0.3 0.4 1.0 0.05 0.85 0.9 0.95 0.75 0.95 1.0 0.65 0.4 0.3 0.0 0.15 0.6 0.55 0.5 0.35 0.75 1.0 0.4 0.9 0.85 0.7 0.25 
-0.013627930560840848 0.41886368415432357 0.5485845371837296 0.2 0.65 0.35 0.25 0.65 1.0 0.6 0.3 0.85 0.8 0.55 0.35 0.75 0.1 0.8 0.65 0.95 0.15 0.85 0.7 0.85 0.2 0.9 0.9 1.0 0.3 1.0 0.85 0.85 0.1 1.0 0.8 0.5 0.6 0.3 0.5 
-0.002781503736385405 0.43098902536660383 0.42780781334315676 0.5 0.65 0.95 1.0 0.9 0.35 0.85 0.75 1.0 0.8 0.8 0.25 0.8 0.35 0.55 0.25 0.5 0.1 0.55 0.7 0.65 0.6 0.45 0.5 0.95 0.85 0.75 0.9 0.05 0.55 0.75 0.75 0.1 0.9 0.45 0.35 
-0.0021196446958703773 0.40337428631317623 0.5917130979934649 0.5 0.7 0.65 0.85 0.65 0.7 0.6 0.3 0.75 0.75 0.55 0.35 0.6 0.1 0.8 0.65 0.95 0.15 0.85 0.6 0.6 0.15 0.7 0.9 1.0 0.3 0.45 0.65 0.85 0.3 0.8 0.55 0.5 0.35 0.3 0.5 
-0.0004602402237406375 0.4537614425258802 0.3907397115747405 0.5 0.65 0.9 1.0 0.6 0.1 1.0 0.85 0.35 0.85 0.8 0.15 0.8 0.35 0.55 1.0 0.55 0.4 0.5 0.1 0.5 0.0 0.45 0.0 0.05 0.85 0.7 0.9 0.05 0.55 1.0 0.75 0.65 1.0 0.45 0.35 
-0.007958626343398284 0.37400790262013317 0.598126117505697 0.2 0.65 0.65 1.0 0.65 0.5 0.6 0.3 0.75 0.8 0.55 0.35 0.5 0.1 0.8 0.45 0.95 0.2 0.85 0.7 0.8 0.2 0.35 0.2 1.0 0.3 0.45 1.0 0.85 0.25 0.8 0.8 0.5 0.5 0.3 0.5 
-0.007510988341081957 0.3714648048547422 0.45652610199712046 1.0 0.8 0.55 0.3 0.5 0.2 0.95 0.15 0.55 0.75 0.3 0.3 0.75 0.45 0.25 0.95 0.0 0.8 0.2 0.2 0.75 1.0 0.1 0.1 1.0 0.6 0.65 0.1 0.85 0.25 1.0 0.4 0.2 0.3 0.65 0.25 
-0.002393734659370609 0.3776600912773338 0.4265773144422961 1.0 0.8 0.3 0.4 0.0 0.2 0.95 0.15 0.55 0.55 0.3 0.15 0.85 0.35 0.25 0.5 0.95 0.8 0.6 0.9 0.8 0.25 0.1 0.45 1.0 0.6 0.8 0.1 0.35 0.6 0.1 0.4 0.5 0.7 0.65 0.25 
-0.04292093388089469 0.42021659871548345 0.43209401610862297 0.2 0.75 0.1 0.8 0.65 0.2 1.0 0.1 0.55 1.0 0.35 0.45 0.4 0.35 0.25 0.9 0.95 0.8 0.9 0.8 0.4 0.25 0.3 0.55 1.0 0.6 0.85 0.8 0.35 0.95 0.7 0.4 0.35 0.9 0.65 0.25 
-0.005055230530473544 0.364135447524229 0.4406855745585922 0.3 0.55 0.05 0.1 0.55 0.2 0.95 0.15 0.55 0.65 0.3 0.2 0.8 0.55 0.2 0.75 0.9 0.7 0.7 0.3 0.85 0.25 0.3 0.25 0.8 0.0 0.9 0.9 0.35 0.7 0.7 0.3 0.5 0.5 0.65 0.2 
-0.02964763292136693 0.5181130985303015 0.6183122488535584 0.75 0.25 0.05 0.45 0.75 0.9 0.75 0.6 0.05 0.95 0.3 0.4 0.55 0.8 0.25 0.8 0.8 0.75 0.4 0.4 0.35 0.25 0.5 0.45 0.75 0.6 0.9 0.1 0.2 0.55 0.9 0.8 0.25 0.7 0.5 0.9 
-0.004119687073685736 0.40730055987785746 0.5836393763521572 0.0 0.85 0.85 0.8 0.25 0.9 0.55 0.95 0.85 0.8 0.3 0.4 1.0 0.05 0.85 0.6 0.95 0.75 0.95 1.0 0.65 0.4 0.5 0.0 1.0 0.6 0.4 0.05 0.35 0.75 0.45 0.4 0.9 0.85 0.7 0.25 
-0.01989365499470838 0.5187204913315633 0.5851934993500423 0.2 0.55 0.75 0.6 0.55 0.35 0.7 0.6 0.6 0.95 0.3 0.4 0.3 0.85 0.4 0.1 1.0 0.7 0.95 1.0 0.35 0.25 0.5 0.25 0.7 0.6 0.9 0.1 0.3 0.6 0.9 0.8 0.25 0.75 0.5 0.9 
-0.0011128139549229706 0.3863293536004288 0.5859433040253565 0.2 0.65 0.65 1.0 0.65 0.5 0.6 0.3 0.75 0.8 0.45 0.35 0.5 0.1 0.8 0.45 0.95 0.2 0.85 0.7 0.8 0.2 0.35 0.2 1.0 0.3 0.45 1.0 0.85 0.25 0.8 0.8 0.5 0.5 0.3 0.5 
-0.006303743001974748 0.549421095949991 0.6030338224057463 0.2 0.55 0.05 0.45 0.0 0.35 0.6 0.35 0.35 0.95 0.3 0.4 0.35 0.85 0.35 1.0 0.8 0.7 0.85 0.65 0.65 0.25 0.5 0.25 0.7 0.6 0.9 0.1 0.3 0.45 1.0 0.8 0.25 0.6 0.5 0.9 
-0.02016383157951105 0.35198241651020046 0.4114448449553202 0.2 0.8 0.3 0.8 0.65 0.2 0.35 0.1 0.55 0.6 0.35 0.45 0.75 0.7 0.25 1.0 0.95 0.8 0.9 0.8 0.7 0.25 0.3 0.55 1.0 0.6 0.85 0.8 0.35 0.75 0.8 0.4 0.35 1.0 0.65 0.25 
-0.004445569535141198 0.3471623570081701 0.5052293436645428 0.3 0.55 0.05 0.1 0.55 0.2 0.95 0.15 0.7 0.65 0.3 0.2 0.8 0.8 0.2 0.75 0.9 0.7 0.7 0.3 0.85 0.25 0.3 0.25 0.8 0.0 0.9 0.9 0.35 0.7 0.7 0.4 0.5 0.5 0.65 0.2 
-0.004450947699108782 0.4353229444125955 0.3828357938602158 0.75 0.65 0.9 1.0 0.9 0.35 0.3 0.85 0.35 0.8 0.8 0.15 0.8 0.35 0.55 0.7 0.55 0.6 0.55 0.45 0.65 0.4 0.45 0.1 1.0 0.85 0.7 0.9 0.05 0.55 0.65 0.75 0.2 1.0 0.45 0.35 
-0.006134574565954941 0.35798795141658457 0.39347325710588565 0.35 0.85 0.7 0.1 0.1 0.9 0.05 0.15 0.9 0.9 0.3 0.4 1.0 0.85 0.7 0.55 0.95 0.8 0.65 1.0 0.9 0.1 0.25 0.2 0.8 0.6 0.7 1.0 0.35 0.8 0.2 0.4 0.45 1.0 0.65 0.3 
-0.0033884024818313313 0.36023581556600176 0.48076678354834673 0.15 0.85 0.7 0.1 0.5 0.9 0.8 0.15 0.9 0.8 0.3 0.4 1.0 0.05 0.85 0.9 0.6 0.8 0.35 1.0 0.9 0.4 0.3 0.85 0.75 0.95 0.55 0.55 0.35 0.75 0.9 0.4 0.7 0.85 0.7 0.25 
-0.01339179541076968 0.3905626901784865 0.3877634590076408 0.15 0.8 0.3 0.1 0.0 0.2 1.0 0.15 0.55 0.8 0.3 0.35 0.7 0.35 0.25 0.7 0.95 0.8 0.6 0.75 0.35 0.25 0.9 0.05 0.45 0.6 0.55 0.65 0.35 0.75 0.0 0.45 0.45 0.85 0.65 0.25 
-0.0017153644796960217 0.3993580819097293 0.40831065034088165 0.15 0.35 0.5 0.1 0.1 0.2 1.0 0.15 0.55 0.8 0.3 0.2 0.75 0.35 0.05 0.7 0.95 0.8 0.6 0.2 0.35 0.25 0.3 0.05 0.7 0.6 0.85 0.1 0.35 0.75 0.85 0.8 0.45 0.7 0.65 0.3 
-0.008978610124425848 0.6051899355735486 0.44881124867066857 0.95 0.8 0.45 1.0 0.9 1.0 0.6 0.1 0.4 0.25 0.35 0.0 0.5 0.9 0.25 0.85 0.35 0.4 0.05 0.65 0.15 0.55 0.55 0.75 0.7 0.15 0.65 0.6 0.2 0.15 1.0 0.4 1.0 0.85 0.85 0.3 
-0.0004993583311322563 0.6107957152157395 0.4347927513333919 0.15 0.65 0.35 0.0 0.4 1.0 1.0 0.1 0.3 0.35 0.2 0.05 0.8 0.9 0.75 0.9 0.35 0.4 0.3 1.0 0.15 0.0 0.0 0.8 0.8 0.95 0.2 0.3 0.85 0.15 0.3 0.4 0.3 0.55 0.85 0.5 
-0.006922865824309682 0.46833988666637166 0.38286690208402074 0.85 0.65 0.9 1.0 0.9 0.85 0.5 0.85 0.55 0.8 0.8 0.15 0.8 0.35 0.55 1.0 0.55 0.4 0.55 0.1 0.65 0.0 0.45 0.5 0.6 0.85 0.7 0.9 0.05 0.55 1.0 0.75 0.05 1.0 0.45 0.35 
-0.019753536759114763 0.6416713636288613 0.5018596678338344 0.45 0.8 0.35 0.35 0.9 1.0 0.95 0.1 0.75 0.25 0.4 0.0 0.35 0.9 0.9 0.9 0.3 0.4 0.05 0.15 0.15 0.25 0.55 0.75 0.35 0.15 0.7 0.65 0.2 0.1 0.85 0.4 0.3 0.65 0.85 0.7 
-0.0021203626213620926 0.4229572413527017 0.40776106844268883 0.15 0.8 0.6 0.2 0.0 0.25 0.9 0.15 0.55 0.35 0.3 0.2 0.65 0.35 0.25 0.35 0.95 0.8 0.65 0.2 0.35 0.25 0.3 0.2 0.8 0.6 0.5 0.75 0.35 0.75 0.85 0.4 0.35 0.6 0.65 0.3 
-0.0012695585412064914 0.6393690970391048 0.43439685234286785 0.15 0.65 0.35 0.9 0.4 1.0 1.0 0.1 0.2 0.35 0.0 0.05 0.75 0.9 0.15 0.9 0.35 0.4 0.55 0.6 0.15 0.35 0.0 0.9 1.0 0.9 0.2 0.3 0.85 0.05 0.65 0.4 0.3 0.85 0.85 0.5 
-0.0018426567619467986 0.33987082999862 0.45985524313301895 0.35 0.85 0.7 0.95 0.1 0.9 1.0 0.15 1.0 0.9 0.3 0.4 1.0 0.85 0.7 0.9 0.35 0.8 0.65 1.0 0.9 0.1 0.25 0.2 0.8 0.6 0.7 1.0 0.35 0.8 0.55 0.4 0.7 1.0 0.65 0.3 
-0.013574352472711422 0.6277894700816733 0.5574389735892284 0.15 0.8 0.35 0.35 0.9 1.0 0.5 0.15 0.55 0.2 0.4 0.0 0.95 0.05 0.55 0.35 0.35 0.6 0.05 0.15 1.0 1.0 0.3 0.75 1.0 0.15 0.65 0.35 0.2 0.45 0.85 0.4 0.25 0.85 0.95 0.7 
-0.003719416557415222 0.3528396845576125 0.47783471201347066 1.0 0.8 0.3 0.4 0.55 0.2 0.95 0.15 0.55 0.7 0.3 0.15 0.75 0.45 0.25 0.95 0.0 0.8 0.6 0.2 0.1 0.25 0.1 0.55 1.0 0.6 0.85 0.1 0.85 0.15 1.0 0.4 0.4 0.35 0.65 0.25 
-0.005364220006523148 0.41617110127165513 0.6060634480056117 0.5 0.15 0.15 0.45 0.65 0.75 0.75 0.25 0.75 0.75 0.55 0.35 0.5 0.15 0.65 0.65 0.85 0.15 0.85 0.55 0.3 0.05 0.05 0.2 0.85 0.3 0.45 0.65 0.95 0.3 0.8 0.9 0.5 0.9 0.3 0.5 
-0.02948955772194812 0.43780635574214855 0.3639763319915946 0.75 0.3 0.9 1.0 0.9 0.35 0.3 0.85 0.35 0.8 0.8 0.15 0.8 0.35 0.55 0.95 0.55 0.6 0.55 0.45 0.65 0.4 0.45 0.1 1.0 0.85 0.7 0.9 0.05 0.55 0.65 0.75 0.2 1.0 0.45 0.35 
-0.009703416053576453 0.6707795899667622 0.5001470409583438 0.45 0.8 0.35 0.35 0.9 1.0 0.45 0.15 0.5 0.25 0.4 0.0 0.95 0.05 0.25 0.85 0.35 0.25 0.1 0.15 0.15 0.45 0.3 0.75 1.0 0.1 0.65 0.35 0.2 0.45 0.85 0.4 0.3 0.85 0.95 0.7 
-0.00553336331987423 0.32976329135840543 0.5859035900819778 0.35 0.1 0.65 0.25 0.25 0.7 1.0 0.3 0.75 0.75 0.55 0.35 0.95 0.1 0.8 0.65 0.95 0.15 0.85 0.7 0.15 0.2 0.45 0.2 1.0 0.3 0.45 0.65 0.85 0.3 0.9 0.55 0.5 0.6 0.3 0.5 
-0.0077741869835045415 0.5947657398706129 0.5828664706542893 0.0 0.65 0.85 0.9 0.1 0.35 0.55 0.4 0.95 0.3 0.0 0.75 0.65 0.7 0.1 0.95 0.55 0.55 0.8 0.75 0.5 0.4 0.4 0.7 1.0 0.2 0.8 0.95 0.0 0.15 0.8 0.1 0.2 0.0 0.1 0.45 
-0.0006855430238860157 0.6579909237190174 0.4583746477810889 0.15 0.65 0.35 0.9 0.4 1.0 1.0 0.1 0.4 0.35 0.0 0.05 0.75 0.9 0.15 0.9 0.35 0.4 0.55 0.6 0.15 0.35 0.0 0.9 1.0 0.9 0.2 0.3 0.85 0.05 0.65 0.4 0.3 0.85 0.85 0.5 
-0.0010367371663980772 0.6688954960756275 0.5144444610366845 0.45 0.8 0.35 0.35 0.85 1.0 0.5 0.15 0.5 0.15 0.4 0.0 0.95 0.05 0.85 0.85 0.35 0.25 0.05 0.95 0.15 0.55 0.3 0.75 1.0 0.15 0.65 0.65 0.2 0.3 0.95 0.5 0.3 0.9 0.95 0.7 
-0.0016582978962165601 0.6412513317612558 0.5282211851490364 0.45 0.7 0.35 0.35 0.9 0.25 0.95 0.1 0.35 0.25 0.2 0.0 0.35 1.0 0.95 0.9 0.35 0.4 0.05 0.15 0.15 0.55 0.65 0.75 1.0 0.15 0.65 0.75 0.2 0.15 0.5 0.35 0.3 0.85 0.8 0.7 
-0.022970015140224856 0.6418942162576795 0.5379697470021276 0.45 0.8 0.35 0.35 0.9 0.25 0.95 0.1 0.35 0.25 0.2 0.0 0.35 0.4 0.9 0.9 0.35 0.4 0.05 0.15 0.15 0.55 0.6 0.75 1.0 0.15 0.65 0.9 0.2 0.15 0.7 0.4 0.3 0.85 0.8 0.7 
-0.0003788196650955379 0.626409353022971 0.5924586164355836 0.4 0.55 0.75 0.75 0.6 0.6 0.55 0.85 0.15 0.9 0.0 0.55 0.55 0.9 0.3 0.9 0.6 0.55 0.1 0.6 0.15 0.4 0.1 0.7 0.85 0.25 0.75 0.95 0.05 0.2 0.9 0.1 0.2 0.25 0.15 0.75 
-0.042509074303663824 0.4382633852364958 0.6181443591772489 0.5 0.65 0.05 0.55 0.1 0.75 0.7 0.2 0.75 0.7 0.55 0.45 0.85 0.6 0.95 0.65 0.85 0.15 0.85 0.6 0.8 0.05 0.05 0.5 0.85 0.3 0.45 0.65 0.95 0.35 0.7 0.9 0.5 0.9 0.3 0.5 
-0.001552832607974377 0.5704979307758636 0.6017415053349862 0.2 0.55 0.05 0.45 0.0 0.35 0.6 0.6 0.6 0.95 0.3 0.4 0.4 0.85 0.05 0.8 0.8 0.8 0.85 0.75 0.95 0.25 0.5 0.25 0.7 0.6 0.9 0.1 0.75 0.5 0.8 0.8 0.25 0.7 0.5 0.9 
-0.0006950944540712872 0.5647757329757143 0.6242294048088534 0.2 0.55 0.05 0.45 0.0 0.35 0.6 0.6 0.6 0.95 0.3 0.4 0.4 0.85 0.05 0.8 0.8 0.8 0.85 0.75 0.95 0.25 0.5 0.25 0.7 0.6 0.9 0.1 0.3 0.5 0.8 0.8 0.25 0.7 0.5 0.9 
-0.022175976715795624 0.33209410917645177 0.5297521766242664 1.0 0.8 0.95 0.4 0.55 0.2 0.7 0.15 0.55 0.7 0.3 0.15 0.95 0.5 0.25 0.95 0.0 0.8 0.55 0.95 0.8 0.25 0.1 0.1 0.95 0.6 0.55 0.1 0.5 0.5 1.0 0.4 0.65 0.7 0.65 0.25 
-0.05059801671694714 0.6893545741059272 0.47371862189084757 0.25 0.2 0.2 0.15 0.6 0.0 0.95 0.4 0.35 0.25 0.0 0.55 0.95 0.9 0.4 0.95 0.55 0.55 0.7 0.75 0.4 0.25 0.75 0.7 0.5 0.85 0.5 1.0 0.0 0.15 0.7 0.1 0.3 0.6 1.0 0.15 
-0.0073374015040963084 0.4336845561611443 0.6041058750570226 0.0 0.85 0.05 0.8 0.25 0.9 0.55 0.95 0.85 0.8 0.3 0.4 1.0 0.05 0.85 0.9 0.95 0.75 0.95 1.0 0.65 0.4 0.9 0.0 1.0 0.6 0.55 0.05 0.35 0.75 0.45 0.4 0.9 0.85 0.7 0.25 
-0.003544285069421104 0.5501509407533237 0.629637651310673 0.2 0.55 0.05 0.45 0.55 0.25 0.6 0.6 0.6 0.95 0.3 0.4 0.4 0.4 0.05 0.8 0.8 0.8 0.85 0.75 0.35 0.25 0.5 0.25 0.7 0.6 0.9 0.1 0.3 0.0 0.9 0.8 0.25 0.7 0.5 0.9 
-0.035449138770052166 0.4817412446197667 0.38063483107850604 0.5 0.65 0.1 1.0 0.75 0.35 0.8 0.75 0.35 0.8 0.8 0.25 0.85 0.35 0.55 0.7 0.5 0.4 0.55 0.45 0.65 0.6 0.45 0.85 0.8 0.85 0.65 0.8 0.05 0.65 0.75 0.75 0.1 1.0 0.45 0.35 
-0.009636772576698593 0.687334767938721 0.5231176934481426 0.45 0.8 0.35 0.35 0.9 1.0 0.45 0.15 0.5 0.25 0.4 0.0 0.95 0.05 0.25 0.85 0.35 0.25 0.05 0.15 0.15 0.55 0.3 0.75 1.0 0.15 0.65 0.35 0.2 0.45 0.85 0.4 0.3 0.85 0.95 0.7 
-0.01744251832735138 0.33352651862767635 0.4968279888138746 0.3 0.55 0.05 0.1 0.05 0.2 0.95 0.15 0.55 0.65 0.3 0.2 0.8 0.8 0.2 0.75 0.9 0.7 0.7 0.3 0.85 0.25 0.3 0.25 0.8 0.6 0.9 0.1 0.35 0.7 0.7 0.4 0.5 0.5 0.65 0.2 
-0.002468798071015111 0.3320263272404538 0.479058352562978 0.15 0.85 0.3 0.0 0.4 0.2 0.65 0.15 0.55 0.6 0.3 0.2 0.75 0.35 0.25 0.75 0.95 0.75 0.95 0.2 0.35 0.25 0.2 0.4 1.0 0.6 0.85 0.1 0.15 0.9 0.85 0.4 0.45 0.55 0.65 0.25 
-0.011010315075718454 0.6553617362350429 0.602292545631932 0.4 0.55 0.75 0.75 0.6 0.6 0.55 0.4 0.15 0.7 0.0 0.55 0.55 0.9 0.3 0.9 0.6 0.55 0.1 0.2 0.15 0.7 0.1 0.7 0.85 0.25 0.75 0.95 0.05 0.2 0.9 0.1 0.2 0.25 0.7 0.75 
-0.005070847036634177 0.4621061208061424 0.35206870168072757 0.85 0.65 0.9 1.0 0.9 0.85 0.5 0.85 0.35 0.8 0.8 0.15 0.8 0.35 0.55 1.0 0.55 0.4 0.55 0.1 0.65 0.0 0.45 0.5 0.6 0.85 0.7 0.9 0.05 0.55 1.0 0.75 0.05 1.0 0.45 0.35 
-0.002338929071016931 0.5816853572511953 0.6143394750039846 0.5 0.65 0.75 0.9 0.25 0.75 0.4 0.4 0.9 0.3 0.0 0.65 0.65 0.3 0.65 0.95 0.55 0.55 0.1 0.0 0.5 0.3 1.0 0.7 0.9 0.2 0.7 0.95 0.0 0.15 0.8 0.1 0.2 0.35 0.35 0.45 
-0.016629060619179813 0.5208894908036117 0.4069669529600101 0.45 0.4 0.35 0.35 0.9 0.7 0.95 0.1 0.35 0.25 0.4 0.05 0.95 0.9 0.9 0.9 0.35 0.4 0.05 0.15 0.15 0.55 0.95 0.75 0.95 0.15 0.2 0.3 0.2 0.15 0.8 0.4 0.3 0.85 0.85 0.4 
-0.002697508070306636 0.3298956386215496 0.5124670942994063 1.0 0.8 0.3 0.4 0.55 0.2 0.95 0.15 0.55 0.7 0.3 0.15 0.75 0.45 0.25 0.95 0.0 0.8 0.6 0.2 0.8 0.25 0.1 0.1 1.0 0.6 0.85 0.1 0.85 0.15 1.0 0.4 0.65 0.35 0.65 0.25 
-0.1013342460103637 0.4852251709962626 0.3787350875412035 0.5 0.65 0.1 1.0 0.75 0.35 0.8 0.75 0.35 0.8 0.8 0.25 0.9 0.35 0.55 0.7 0.5 0.4 0.55 0.45 0.65 0.6 0.45 0.85 0.8 0.85 0.65 0.8 0.05 0.65 0.75 0.75 0.1 1.0 0.45 0.35 
-0.017191128572231755 0.3187450329291117 0.5415251651566269 0.15 0.8 0.3 0.1 0.0 0.2 0.9 0.15 0.55 0.65 0.3 0.25 0.75 0.55 0.25 0.0 0.4 0.7 0.85 0.4 0.35 0.25 0.2 0.55 1.0 0.6 0.85 0.1 0.35 0.75 0.7 0.25 0.45 0.55 0.65 0.25 
-0.006855290791313091 0.6528686576826493 0.5377961818615116 0.45 0.8 0.35 0.15 0.9 1.0 0.5 0.15 0.5 0.25 0.45 0.0 0.95 0.05 0.25 0.85 0.35 0.25 0.05 0.15 0.15 0.55 0.1 0.75 1.0 0.15 0.65 0.75 0.2 0.45 0.85 0.4 0.3 0.75 0.95 0.75 
-0.003930302354277751 0.5949748322663962 0.4065157655433304 0.45 0.8 0.35 0.35 0.9 0.15 0.95 0.1 0.25 0.25 0.4 0.05 0.95 0.9 0.9 1.0 0.35 0.4 0.05 0.15 0.15 0.55 0.4 0.75 0.2 0.15 0.2 0.8 0.2 0.15 0.85 0.4 0.3 0.85 0.85 0.4 
-0.01575144099746536 0.3012949627864929 0.5159073073250434 0.1 0.85 0.7 0.1 0.65 0.9 1.0 0.15 0.9 0.8 0.3 0.4 0.9 0.05 0.85 0.95 0.95 0.8 0.35 1.0 0.9 0.1 0.3 0.4 0.8 0.75 0.45 0.8 0.35 0.75 0.9 0.25 0.7 0.85 0.65 0.25 
-0.00020062409068854686 0.3054772149696028 0.4665553281073265 0.2 0.85 0.0 0.1 0.65 0.9 1.0 0.15 0.9 0.8 0.3 0.4 1.0 0.85 0.7 0.9 1.0 1.0 0.35 1.0 0.9 1.0 0.3 0.2 0.85 0.6 0.7 0.55 0.35 0.8 0.9 0.4 0.7 0.9 0.65 0.25 
-0.024579368086572406 0.6525366136587794 0.5678789842662463 0.4 0.55 0.75 0.75 0.5 0.35 0.6 0.4 0.3 0.7 0.0 0.55 0.2 0.9 0.25 0.9 0.55 0.55 0.1 0.2 0.5 0.55 0.4 0.7 1.0 0.05 0.75 0.95 0.05 0.15 0.65 0.15 0.8 0.3 0.55 0.75 
-0.007230167144051001 0.297686865451959 0.5579674918806563 1.0 0.8 0.95 0.4 0.55 0.2 0.95 0.15 0.55 0.7 0.3 0.15 0.95 0.5 0.25 0.95 0.0 0.8 0.3 0.95 0.8 0.25 0.1 0.8 0.95 0.6 0.8 0.1 0.5 0.2 1.0 0.4 0.65 0.7 0.65 0.25 
-0.04434274743924725 0.316099368107588 0.5796880590487565 1.0 0.8 0.95 0.4 0.55 0.2 0.3 0.15 0.55 0.7 0.3 0.3 0.95 0.5 0.25 0.95 0.0 0.8 0.3 0.95 0.8 0.95 0.1 0.8 0.5 0.6 0.8 0.1 0.5 0.4 1.0 0.4 0.8 0.7 0.65 0.25 
-28.012455186425452 0.5267104094531567 0.3920722994196267 0.0 0.65 0.95 0.85 1.0 0.35 0.85 0.4 0.45 0.8 0.8 0.25 0.85 0.05 0.55 0.85 0.5 0.1 0.55 0.65 0.55 0.7 0.35 0.5 1.0 0.85 0.95 0.8 0.05 0.55 0.9 0.75 0.1 0.85 0.5 0.3 
-0.00973522083034005 0.6656505190288455 0.4706845104878463 0.45 0.8 0.35 0.35 0.9 1.0 0.95 0.1 0.35 0.25 0.4 0.0 0.95 0.9 0.25 0.95 0.35 0.4 0.05 0.15 0.15 0.55 0.55 0.75 1.0 0.15 0.65 0.8 0.2 0.15 0.85 0.4 0.3 0.65 0.85 0.7 
-0.014366021604953956 0.30868460162868094 0.48359914488893896 1.0 0.8 0.3 0.4 0.55 0.2 0.95 0.15 0.55 0.7 0.3 0.15 0.95 0.5 0.25 0.95 0.0 0.8 0.55 0.5 0.8 0.25 0.75 0.4 0.75 0.6 0.85 0.1 0.35 0.5 0.6 0.4 0.9 0.75 0.65 0.25 
-0.0014201279304208957 0.6142761850252781 0.6182986193321869 0.5 0.65 0.75 0.65 0.25 0.35 0.55 0.4 0.15 0.95 0.0 0.55 0.45 0.8 0.1 0.95 0.55 0.55 0.1 0.4 0.5 0.2 0.3 0.85 0.85 0.2 0.75 0.95 0.05 0.15 0.8 0.1 0.2 0.2 0.35 0.45 
-0.012750003309477497 0.6715923271708399 0.5626722257762107 0.45 0.8 0.35 0.35 0.9 1.0 0.95 0.1 0.75 0.25 0.4 0.0 0.35 0.9 0.9 0.9 0.3 0.4 0.05 0.15 0.15 0.25 0.55 0.75 1.0 0.15 0.7 0.65 0.2 0.1 0.85 0.4 0.3 0.65 0.85 0.7 
-0.0024296017431005867 0.32732802426837204 0.5488998236396956 0.15 0.8 0.3 0.1 0.0 0.2 0.9 0.15 0.55 0.65 0.3 0.25 0.75 0.55 0.25 0.0 0.4 0.7 0.85 0.4 0.35 0.25 0.2 0.55 1.0 0.6 0.85 0.1 0.35 0.75 0.7 0.4 0.45 0.55 0.65 0.25 
-0.0029326571720131554 0.6839831603697623 0.49643104538206745 0.45 0.8 0.55 0.35 0.35 1.0 0.85 0.1 0.35 0.25 0.4 0.0 0.9 0.9 0.9 0.9 0.35 0.4 0.05 0.15 0.15 0.55 0.0 0.75 1.0 0.1 0.65 0.75 0.2 0.15 0.85 0.4 0.3 0.55 0.85 0.7 
-0.00026986676190934443 0.6206971616684176 0.5770154821473592 0.4 0.55 0.75 0.75 0.6 0.6 0.55 0.85 0.15 0.7 0.0 0.55 0.55 0.9 0.3 0.9 0.6 0.55 0.1 0.2 0.15 0.4 0.1 0.7 0.85 0.25 0.75 0.95 0.05 0.2 0.9 0.1 0.2 0.25 0.15 0.75 
-0.00537435774407815 0.5388811277863823 0.6207596069473705 0.2 0.55 0.05 0.45 0.0 0.35 0.6 0.6 0.6 0.95 0.3 0.4 0.4 0.85 0.4 0.8 0.8 0.7 0.85 0.75 0.35 0.25 0.5 0.25 0.7 0.6 0.9 0.1 0.3 0.4 1.0 0.8 0.25 0.55 0.5 0.9 
-0.0005013570835760937 0.4528015734269523 0.36211470422622294 0.2 0.8 0.3 0.8 0.65 0.2 1.0 0.1 0.55 0.6 0.35 0.45 0.9 0.35 0.25 0.7 0.95 0.75 0.0 0.8 0.0 0.25 0.1 0.55 1.0 1.0 0.85 0.9 0.35 0.75 0.4 0.4 0.1 1.0 0.65 0.25 
-0.00810404558643656 0.3037110414706936 0.4512900231677205 0.5 0.85 0.7 0.6 0.65 0.9 1.0 0.1 0.9 0.9 0.3 0.4 1.0 0.85 0.7 0.45 0.95 0.85 0.35 0.9 0.45 0.35 0.85 0.2 0.35 0.6 0.5 0.8 0.4 0.8 0.9 0.4 0.7 0.85 0.65 0.3 
-0.0005386168260480297 0.28790705607304845 0.5215092744257546 1.0 0.8 0.3 0.4 0.55 0.2 0.95 0.15 0.55 0.7 0.3 0.15 0.95 0.5 0.25 0.95 0.0 0.8 0.55 0.1 0.8 0.4 0.1 0.4 0.9 0.6 0.85 0.1 0.35 0.4 0.6 0.4 0.65 0.75 0.65 0.25 
-0.06829043266648305 0.46855800141011034 0.6023802487742426 0.5 0.65 0.05 0.55 0.1 0.75 0.7 0.2 0.75 0.7 0.55 0.45 0.85 0.6 0.95 0.65 0.85 0.15 0.85 0.6 0.8 0.05 0.05 0.5 0.85 0.3 0.45 0.65 0.95 0.3 0.7 0.9 0.5 0.9 0.3 0.5 
-0.023513709104096298 0.5520921198015314 0.4052360278868214 0.45 0.8 0.35 0.35 0.9 1.0 0.95 0.1 0.35 0.25 0.4 0.05 0.95 0.9 0.9 0.9 0.35 0.4 0.05 0.15 0.15 0.55 0.55 0.75 0.7 0.15 0.2 0.45 0.2 0.15 0.85 0.4 0.3 1.0 0.85 0.4 
-0.004511098787620482 0.6192609006574349 0.6251105602872246 0.5 0.65 0.75 0.9 0.25 0.75 0.4 0.4 0.9 0.3 0.0 0.65 0.65 0.3 0.95 0.95 0.55 0.55 0.1 0.0 0.5 0.3 1.0 0.7 0.9 0.2 0.7 0.95 0.0 0.15 0.8 0.1 0.2 0.0 0.35 0.45 
-0.0034071960494195764 0.6418793683174376 0.4318314329949613 0.55 0.65 0.35 0.25 0.1 1.0 1.0 0.1 0.25 0.35 0.85 0.05 0.75 0.9 0.55 0.85 0.35 0.4 0.05 0.6 0.15 0.35 0.0 0.75 1.0 0.9 0.2 0.3 0.85 0.15 0.65 0.4 0.3 0.85 0.75 0.5 
-0.014302195196612914 0.6544178056291119 0.5776389401917233 0.4 0.55 0.75 0.75 0.5 0.35 0.6 0.4 0.3 0.7 0.0 0.55 0.2 0.9 0.25 0.9 0.55 0.55 0.3 0.2 0.5 0.3 0.4 0.7 1.0 0.2 0.75 0.95 0.05 0.15 0.65 0.15 0.2 0.3 0.55 0.75 
-0.0045545230366872145 0.40656556186751774 0.3630162161534619 0.2 0.8 0.3 0.8 0.65 0.2 0.35 0.1 0.55 0.6 0.35 0.45 0.75 0.35 0.25 1.0 0.95 0.8 0.9 0.8 0.7 0.25 0.3 0.55 1.0 0.6 0.85 0.8 0.35 0.75 0.85 0.4 0.35 1.0 0.65 0.25 
-0.0018525217879072884 0.589167943966436 0.657011701125473 0.2 0.55 0.05 0.2 0.75 0.35 0.85 0.6 0.4 0.95 0.3 0.4 0.9 0.85 0.4 0.8 0.75 0.7 0.15 0.25 1.0 0.25 0.8 0.25 0.9 0.6 0.85 0.15 0.95 0.25 0.65 0.8 0.25 0.7 0.5 0.9 
-0.0 0.43141407042448726 0.3496283121436152 0.2 0.4 0.3 0.8 0.65 0.2 1.0 0.1 0.55 0.6 0.35 0.3 0.9 0.35 0.25 0.6 0.95 0.8 0.9 0.8 0.35 0.25 0.3 0.15 1.0 0.6 0.45 0.8 0.35 0.75 0.7 0.4 0.35 0.9 0.65 0.25 
-97.67387445354592 0.5055702498449527 0.3669204888800055 0.5 0.65 0.95 1.0 0.5 0.35 0.85 0.1 0.85 0.8 0.8 0.25 0.8 0.45 0.55 0.85 0.5 0.1 0.25 0.65 0.55 0.85 0.35 0.5 1.0 0.85 0.95 1.0 0.05 0.55 0.9 0.75 0.1 0.85 0.5 0.3 
-0.0012411969113099864 0.6050539665187866 0.6526683720382442 0.2 0.55 0.05 0.45 0.75 0.35 0.85 0.6 0.75 0.95 0.3 0.4 0.9 0.85 1.0 0.8 0.75 0.7 0.15 0.25 0.15 0.25 0.45 0.75 0.9 0.6 0.9 0.15 0.95 0.55 0.9 0.8 0.25 0.7 0.5 0.9 
-0.007001570670362354 0.40654693179635165 0.36306600955996343 0.2 0.8 0.7 0.8 0.65 0.2 0.35 0.1 0.55 0.6 0.35 0.45 0.75 0.35 0.25 1.0 0.95 0.8 0.65 0.8 0.7 0.25 0.3 0.55 1.0 0.6 0.85 0.8 0.35 0.75 0.85 0.4 0.35 1.0 0.65 0.25 
-0.005434443969352088 0.5860565718521736 0.42178612929381837 0.45 0.8 0.35 0.35 0.9 1.0 0.95 0.1 0.35 0.25 0.4 0.05 0.95 0.9 0.9 0.9 0.35 0.4 0.05 0.15 0.15 0.55 0.55 0.75 0.95 0.15 0.2 0.45 0.2 0.15 0.85 0.4 0.3 0.95 1.0 0.4 
-0.011484953651845046 0.586708936553914 0.3873759952711303 0.15 0.1 0.35 0.55 0.4 1.0 0.8 0.15 0.3 0.35 0.85 0.05 0.7 0.9 0.6 0.8 0.35 0.4 0.85 0.6 0.15 0.5 0.75 0.75 0.8 0.9 0.2 0.3 0.85 0.15 0.5 0.4 0.05 1.0 0.65 0.5 
-0.02501664605286702 0.4948964625701101 0.34776764924774706 0.2 0.65 0.7 0.6 0.6 0.85 1.0 0.85 0.35 0.85 0.8 0.15 1.0 0.35 0.55 1.0 0.55 0.45 0.5 0.1 0.8 0.65 0.45 0.5 0.05 0.85 0.75 0.95 0.05 0.6 0.9 0.75 0.2 1.0 0.45 0.35 
-0.008233216309184355 0.6957552758243861 0.5136876430409036 0.25 0.55 0.35 0.35 0.9 1.0 0.95 0.1 0.75 0.25 0.3 0.0 0.95 0.9 0.85 0.9 0.3 0.3 0.05 0.15 0.15 0.25 0.9 0.75 1.0 0.15 0.75 0.45 0.2 0.15 0.85 0.4 0.3 0.95 0.85 0.7 
-0.03281350734643953 0.5721505477837455 0.3749347973784003 1.0 0.65 0.35 0.0 0.3 1.0 1.0 0.1 0.3 0.55 0.2 0.05 0.75 0.9 0.6 0.65 0.35 0.4 0.05 0.6 0.15 0.35 0.0 0.75 1.0 0.75 0.5 0.3 0.8 0.15 0.65 0.4 0.3 1.0 0.65 0.3 
-0.03101372691124611 0.6831273871080941 0.5340011177683104 0.45 0.8 0.35 0.35 0.9 1.0 0.5 0.15 0.5 0.15 0.4 0.0 0.95 0.05 0.85 0.85 0.35 0.25 0.05 0.95 0.15 0.55 0.3 0.75 1.0 0.15 0.65 0.05 0.95 0.3 0.85 0.4 0.3 0.85 0.95 0.7 
-0.016595355667591734 0.6976784336329789 0.5701969683536645 0.45 0.8 0.2 0.35 0.9 1.0 0.55 0.15 0.55 0.0 0.5 0.0 0.95 0.05 0.55 0.95 0.35 0.25 0.05 0.15 0.15 0.55 0.3 0.75 1.0 0.15 0.65 0.5 0.2 0.45 0.95 0.4 0.3 0.85 0.95 0.7 
-0.013460276292528835 0.29770618777365143 0.5111730795613697 1.0 0.8 0.4 0.4 0.55 0.2 0.85 0.15 0.55 0.7 0.3 0.3 0.95 0.5 0.25 0.95 0.0 0.8 0.3 0.95 0.1 0.95 0.1 0.8 0.95 0.6 0.8 0.1 0.5 1.0 1.0 0.4 0.95 0.7 0.65 0.25 
-0.04555778371290536 0.7012539040868246 0.5494510084652373 0.45 0.8 0.35 0.35 0.9 1.0 0.55 0.15 0.55 0.2 0.4 0.0 0.95 0.05 0.55 0.85 0.35 0.25 0.05 0.15 0.15 0.55 0.3 0.75 1.0 0.15 0.65 0.75 0.2 0.45 0.85 0.4 0.3 0.85 0.95 0.7 
-0.008249495914417 0.29068139214550304 0.4604684046574094 0.2 0.85 0.3 0.75 0.65 0.25 1.0 0.95 0.9 0.95 0.3 0.4 1.0 0.85 0.7 0.9 0.95 0.9 0.35 0.9 0.9 0.35 0.85 0.2 0.6 0.05 0.9 0.7 0.35 0.8 1.0 0.4 0.7 1.0 0.65 0.3 
-0.08563857986717271 0.6972620098834067 0.48940482275292985 0.45 0.8 0.35 0.35 0.9 1.0 0.95 0.1 0.35 0.25 0.4 0.0 0.95 0.9 0.9 0.95 0.35 0.4 0.05 0.15 0.15 0.55 0.55 0.75 1.0 0.15 0.65 0.75 0.2 0.15 0.85 0.4 0.3 0.65 0.85 0.7 
-0.028384646914775217 0.6496228414713742 0.6220075742878315 0.95 0.55 0.75 0.9 0.6 0.35 0.65 0.4 0.3 0.7 0.0 0.55 0.65 0.9 0.15 1.0 0.55 0.45 0.1 0.2 0.5 0.3 0.45 0.7 1.0 0.2 0.75 0.95 0.0 0.15 0.9 0.15 0.2 0.05 0.65 0.2 
-0.020703640123478733 0.6510757231223695 0.4428122630134694 0.15 0.65 0.35 0.0 0.4 1.0 1.0 0.1 0.3 0.35 0.2 0.05 0.65 0.9 0.75 0.9 0.35 0.4 0.3 0.6 0.15 0.0 0.0 0.8 0.95 0.9 0.2 0.3 0.85 0.15 0.3 0.4 0.3 0.9 0.85 0.5 
-0.0026476094812847937 0.6395747171561512 0.6361956592296584 0.5 0.65 0.75 0.95 0.25 0.35 0.55 0.4 0.45 0.95 0.0 0.55 0.75 0.2 0.1 0.95 0.55 0.55 0.1 0.4 0.5 0.1 0.3 0.7 0.9 0.2 0.75 0.95 0.05 0.35 0.8 0.1 0.2 0.2 0.35 0.45 
-0.0004610812461405617 0.3135756559612368 0.41950228954059887 1.0 0.8 0.3 0.4 0.0 0.2 0.95 0.15 0.55 0.5 0.3 0.15 0.85 0.35 0.25 0.5 0.95 0.8 0.6 0.2 0.8 0.25 0.1 0.45 1.0 0.6 0.8 0.1 0.35 0.6 1.0 0.4 0.45 0.7 0.65 0.25 
-0.0492468683823214 0.6621509947397461 0.6039978574801644 0.2 0.55 0.6 0.9 0.75 1.0 1.0 0.6 0.35 0.95 0.3 0.4 0.9 0.5 0.6 0.8 0.75 0.7 0.15 0.25 0.35 0.25 0.85 0.25 0.9 0.6 0.85 0.15 1.0 0.05 0.9 0.8 0.25 0.55 0.5 0.9 
-0.050262516212456344 0.6628975217428985 0.5902648730983648 0.4 0.55 0.75 0.75 0.6 0.6 0.55 0.4 0.15 0.7 0.0 0.55 0.55 0.9 0.3 0.9 0.6 0.55 0.1 0.2 0.15 0.4 0.1 0.7 0.85 0.25 0.75 0.95 0.05 0.2 0.9 0.1 0.2 0.25 0.15 0.75 
-0.016987754555584385 0.5444115309899422 0.6310753276973161 0.2 0.55 0.05 0.45 0.0 0.65 0.6 0.6 0.6 0.95 0.3 0.4 0.4 0.8 0.05 0.8 0.8 0.8 0.85 0.75 0.35 0.25 0.5 0.25 0.7 0.6 0.9 0.1 0.3 0.5 0.9 0.8 0.25 0.7 0.5 0.9 
-0.012091690631237545 0.6520678667562657 0.6502603751120292 0.2 0.55 0.05 0.9 0.75 0.35 1.0 0.6 0.7 0.95 0.3 0.4 0.9 0.25 0.65 0.8 0.75 0.7 0.9 0.25 1.0 0.25 0.85 0.25 0.9 0.6 0.85 0.15 1.0 0.25 0.9 0.8 0.25 0.85 0.5 0.85 
-0.018793576284125757 0.2973739981239901 0.43405025904242783 1.0 0.8 0.3 0.4 0.0 0.2 0.95 0.15 0.65 0.75 0.3 0.2 0.8 0.35 0.25 0.65 0.95 0.8 1.0 0.2 0.8 0.1 0.1 0.3 1.0 0.6 0.5 0.1 0.35 0.65 1.0 0.4 0.65 0.7 0.65 0.25 
-0.007980210129469194 0.30354522636211 0.4243392015366987 1.0 0.8 0.3 0.05 0.0 0.2 0.95 0.15 0.55 0.75 0.3 0.2 1.0 0.35 0.25 0.5 0.95 0.8 0.6 0.2 0.8 0.25 0.1 0.45 0.55 0.6 0.85 0.1 0.35 0.75 1.0 0.4 0.6 0.7 0.65 0.25 
-0.02826332939077968 0.5152190593805352 0.6364113551986976 0.2 0.55 0.1 0.45 0.75 0.35 0.15 0.6 0.75 0.95 0.3 0.4 0.9 0.85 0.4 0.8 0.75 0.7 0.15 0.0 0.35 0.25 0.5 0.25 0.9 0.6 0.8 0.2 0.95 0.25 0.9 0.8 0.25 0.7 0.45 0.9 
-0.013973396896482615 0.3550523897245913 0.3743336262198411 0.35 0.45 0.7 0.1 0.1 0.9 0.05 0.15 0.5 0.9 0.3 0.4 1.0 0.85 0.7 0.9 0.95 0.8 0.65 1.0 0.9 0.1 0.55 0.2 0.95 0.0 0.9 1.0 0.35 0.8 0.1 0.4 0.8 1.0 0.65 0.25 
-0.010367491766691356 0.3109624389923046 0.39188184140278043 0.15 0.35 0.6 0.1 0.0 0.2 1.0 0.15 0.55 0.8 0.3 0.2 0.75 0.35 0.25 0.7 0.95 0.8 0.6 0.2 0.35 0.25 0.3 0.05 0.7 0.6 0.85 0.1 0.35 0.75 0.85 0.4 0.45 0.7 0.65 0.3 
-0.014262491877099453 0.6355938134713673 0.6684000282193411 0.5 0.65 0.75 0.65 0.25 0.35 0.8 0.4 0.9 0.95 0.0 0.55 0.15 0.2 0.1 0.95 0.55 0.55 0.1 0.4 0.5 0.2 0.3 0.7 0.9 0.2 0.75 0.95 0.05 0.15 1.0 0.1 0.2 0.35 0.35 0.45 
-0.021914971571345646 0.6974298568765818 0.5973969310842446 0.45 0.8 0.2 0.35 0.9 1.0 0.55 0.15 0.5 0.0 0.5 0.0 0.95 0.05 0.55 0.95 0.35 0.25 0.05 0.15 0.15 0.5 0.3 0.75 1.0 0.15 0.65 0.6 0.2 0.45 0.95 0.4 0.3 0.85 0.95 0.7 
-0.010498561789388312 0.34628724589867144 0.39796323465491423 0.15 0.8 0.3 0.1 0.0 0.2 0.85 0.15 0.55 0.8 0.3 0.2 0.65 0.35 0.25 0.7 0.95 0.8 0.6 0.2 0.05 0.25 0.1 0.15 0.9 0.6 0.45 0.1 0.35 0.75 0.85 0.4 0.35 0.7 0.65 0.25 
-0.04180337576736843 0.6338980774106475 0.4008900104827494 0.15 0.65 0.35 0.0 0.4 1.0 1.0 0.1 0.3 0.55 0.2 0.05 0.45 0.9 0.65 0.9 0.35 0.4 0.05 0.6 0.15 0.35 0.0 0.75 1.0 0.75 0.2 0.3 0.85 0.15 0.65 0.4 0.3 1.0 0.65 0.5 
-0.011387331034361436 0.6896701327021426 0.5827080224562593 0.45 0.8 0.2 0.35 0.9 1.0 0.55 0.15 0.55 0.0 0.5 0.0 0.95 0.05 0.55 0.95 0.35 0.25 0.05 0.15 0.15 0.55 0.3 0.75 1.0 0.15 0.65 0.6 0.2 0.45 0.95 0.4 0.3 0.85 0.95 0.7 
-0.001652188118380939 0.3107655992602276 0.6042462500142902 1.0 0.8 0.95 0.4 0.55 0.2 0.95 0.15 0.65 0.7 0.3 0.15 0.95 0.5 0.25 0.95 0.0 0.8 0.3 0.95 0.8 0.25 0.0 0.8 0.95 0.6 0.8 0.1 0.5 0.2 1.0 0.4 0.65 0.7 0.65 0.25 
-0.026410721035942022 0.3151594033974098 0.3904274765524117 0.2 0.85 0.1 0.1 0.4 0.9 1.0 0.15 0.9 0.8 0.3 0.4 1.0 0.85 0.7 0.9 1.0 0.8 0.35 1.0 0.9 0.4 0.3 0.2 0.25 0.6 0.7 0.55 0.35 0.8 0.9 0.4 0.7 0.9 0.65 0.25 
-0.014900222457767447 0.5483582357186675 0.39543140216363476 0.45 0.8 0.35 0.35 0.9 1.0 1.0 0.1 0.35 0.25 0.4 0.05 0.95 0.9 0.9 0.9 0.35 0.4 0.05 0.15 0.15 0.55 0.55 0.75 0.95 0.15 0.2 0.45 0.2 0.15 0.85 0.4 0.3 1.0 0.85 0.4 
-0.005306866477778356 0.33308324849652016 0.3476740054435783 0.2 0.8 0.3 0.8 0.65 0.2 1.0 0.1 0.55 0.6 0.35 0.45 0.75 0.35 0.25 0.6 0.95 0.8 1.0 0.8 0.35 0.25 0.3 0.55 1.0 0.6 0.85 0.7 0.35 0.75 0.7 0.4 0.65 0.9 0.65 0.25 
-0.0060020847835030875 0.5203459551065343 0.6474922083661359 0.2 0.55 0.25 0.3 0.1 0.35 0.45 0.6 0.75 0.95 0.3 0.4 0.15 0.85 0.55 0.9 0.75 0.7 0.15 0.05 0.85 0.25 0.45 0.55 0.9 0.6 0.9 0.1 0.95 0.55 0.8 0.8 0.25 0.7 0.5 0.9 
-0.039553450152868534 0.26010000394732813 0.5153309108536384 0.85 0.8 0.95 0.4 0.55 0.2 0.9 0.15 0.55 0.7 0.3 0.3 0.95 0.5 0.25 0.95 0.0 0.8 0.3 0.95 0.8 0.25 0.1 0.8 0.95 0.6 0.8 0.1 0.0 0.2 1.0 0.4 0.65 0.7 0.6 0.25 
-0.023379129481751432 0.36568313145727704 0.3654922651612227 0.15 0.8 0.6 0.1 0.0 0.25 0.9 0.15 0.55 0.8 0.3 0.2 0.75 0.35 0.25 0.7 0.95 0.8 0.6 0.2 0.35 0.25 0.3 0.05 0.8 0.6 0.9 0.75 0.35 0.75 0.85 0.4 0.35 0.7 0.65 0.25 
-0.002748959565742581 0.3100569586393317 0.38477741622446376 0.2 0.85 0.7 0.1 0.65 0.9 1.0 0.15 0.9 0.8 0.3 0.4 1.0 0.85 0.7 0.9 0.95 0.8 0.35 1.0 0.9 0.4 0.3 0.2 0.85 0.6 0.9 0.55 0.35 0.8 0.45 0.4 0.7 0.85 0.65 0.25 
-0.006934782897168288 0.34436910084422256 0.6147477154900646 0.35 0.85 0.65 0.65 0.65 0.7 1.0 0.3 0.75 0.75 0.55 0.35 0.75 0.1 0.8 0.45 0.95 0.15 0.85 0.7 0.15 0.2 0.45 0.2 1.0 0.3 0.45 0.65 0.85 0.3 1.0 0.55 0.5 0.6 0.3 0.5 
-0.013516958824289271 0.5036097586645564 0.6179500720389745 0.2 0.55 0.05 0.45 0.75 0.55 0.35 0.7 0.1 0.95 0.3 0.4 0.5 0.85 0.45 0.9 0.75 0.7 0.15 0.25 0.8 0.25 0.5 0.25 0.9 0.6 0.9 0.1 0.95 0.55 0.8 0.8 0.25 0.7 0.5 0.9 
-0.033428974021224966 0.36611100751043213 0.6145082943487838 0.2 0.65 0.0 1.0 0.65 0.5 0.6 0.3 0.75 0.8 0.55 0.35 0.5 0.1 0.8 0.6 0.95 0.2 0.85 0.7 0.8 0.2 0.35 0.2 1.0 0.3 0.45 1.0 0.85 0.25 0.8 0.8 0.5 0.5 0.3 0.5 
-0.004148635147229941 0.44500037042326984 0.3361850642603734 0.2 0.8 0.3 0.8 0.65 0.2 1.0 0.1 0.55 0.6 0.35 0.45 0.9 0.35 0.25 0.6 0.95 0.8 0.9 0.8 0.35 0.25 0.3 0.55 1.0 0.6 0.4 0.8 0.35 0.75 0.7 0.4 0.35 0.9 0.65 0.25 
-0.007370674374389612 0.3408699509504681 0.5965587268508301 1.0 0.8 0.95 0.4 0.55 0.2 0.0 0.15 0.55 0.7 0.3 0.15 0.95 0.5 0.25 0.25 0.0 0.8 0.9 0.95 0.2 0.25 0.1 0.1 0.95 0.6 0.55 0.1 0.5 0.5 1.0 0.4 0.65 0.7 0.65 0.25 
-0.02120953242212796 0.36030899379206516 0.37011137711941977 0.15 0.8 0.3 0.1 0.3 0.2 1.0 0.15 0.55 0.8 0.3 0.35 0.75 0.35 0.1 0.6 0.95 0.8 0.6 0.75 0.3 0.25 0.3 0.5 1.0 0.6 0.35 0.8 0.35 0.75 0.55 0.4 0.4 0.9 0.65 0.25 
-0.012062822451619552 0.29752987952896814 0.5986637757051723 1.0 0.8 0.95 0.4 0.55 0.2 0.7 0.15 0.55 0.7 0.3 0.3 0.95 0.5 0.25 0.95 0.0 0.8 0.3 0.95 0.8 0.25 0.1 0.8 0.95 0.6 0.35 0.1 0.5 1.0 1.0 0.4 0.65 0.7 0.65 0.25 
-0.007684157574810193 0.5094097326920642 0.6493122662541523 0.2 0.55 0.05 0.3 0.75 0.35 0.45 0.6 0.75 0.95 0.3 0.4 0.45 0.85 0.6 0.9 0.75 0.7 0.15 0.05 0.85 0.25 0.7 0.55 0.9 0.6 0.9 0.1 0.95 0.55 0.8 0.8 0.25 0.7 0.5 0.9 
-0.0010486780438670202 0.29034097020221616 0.4044193699284462 0.2 0.85 0.7 0.1 0.65 0.9 1.0 0.15 0.9 0.8 0.25 0.4 1.0 0.85 0.7 0.9 0.95 0.8 0.35 1.0 0.9 0.1 0.85 0.2 0.35 0.6 0.8 1.0 0.35 0.8 0.9 0.15 0.7 0.85 0.65 0.3 
-0.07604068908967387 0.3448557523746407 0.6437018775969097 0.15 0.2 0.7 0.25 0.7 0.8 0.85 0.15 0.6 0.95 0.3 0.35 1.0 0.05 0.85 0.65 0.95 0.8 0.65 0.05 0.85 0.85 0.95 0.2 0.85 0.6 0.25 0.45 0.35 0.75 0.85 0.45 0.8 1.0 0.8 0.25 
-0.013058858126737748 0.6613124943354661 0.4335769213579749 0.15 0.65 0.35 0.0 0.4 1.0 1.0 0.1 0.3 0.35 0.2 0.05 0.65 0.9 0.75 0.9 0.35 0.4 0.3 0.6 0.15 0.0 0.0 0.8 0.95 0.9 0.2 0.3 0.85 0.15 0.65 0.4 0.3 0.9 0.85 0.5 
-0.016479309785012695 0.6533077454901 0.43013804272978584 0.55 0.65 0.35 0.25 0.4 1.0 1.0 0.1 0.25 0.35 0.85 0.05 0.75 0.9 0.55 0.85 0.35 0.4 0.05 0.6 0.15 0.35 0.0 0.75 1.0 0.9 0.2 0.3 0.85 0.15 0.65 0.4 0.3 0.85 0.85 0.5 
-0.008755224960200158 0.27043655182194704 0.5463786678069698 1.0 0.8 0.95 0.4 0.55 0.2 0.95 0.15 0.55 0.7 0.3 0.3 0.95 0.5 0.25 0.95 0.0 0.8 0.3 0.95 0.8 0.25 0.1 0.7 1.0 0.6 0.75 0.1 0.55 0.35 1.0 0.4 0.75 0.7 0.65 0.25 
-0.01738281630331291 0.33403984941527254 0.6142686822478268 0.15 0.85 0.7 0.1 0.65 1.0 0.85 0.15 0.8 0.8 0.3 0.4 1.0 0.05 0.85 0.9 0.95 0.8 0.35 1.0 0.9 0.4 0.3 0.65 0.8 0.95 0.55 0.45 0.35 0.75 0.9 0.4 0.7 0.85 0.7 0.25 
-0.0960678037977362 0.6909498316691262 0.6252329099569315 0.6 0.55 0.85 0.9 0.6 0.0 0.75 0.4 0.35 0.8 0.0 0.55 0.9 0.0 0.4 1.0 0.55 0.55 0.3 0.15 1.0 0.85 0.75 0.7 0.6 0.85 0.5 1.0 0.0 0.15 0.9 0.2 0.3 0.35 0.0 0.1 
-0.08312119628999667 0.4166654519807033 0.6463056107671141 0.0 0.85 0.85 0.1 0.25 0.9 0.55 0.95 0.85 0.8 0.3 0.4 1.0 0.05 0.85 0.9 0.95 0.75 0.95 1.0 0.65 0.4 0.9 0.0 1.0 0.6 0.55 0.5 0.35 0.75 1.0 0.4 0.9 0.85 0.7 0.25 
-0.03529509962368182 0.36810820933250743 0.631770616155382 0.15 0.2 0.7 0.25 0.7 0.8 0.85 0.15 0.6 0.95 0.3 0.35 1.0 0.05 0.85 0.65 0.95 0.8 0.65 0.05 0.85 0.85 0.95 0.2 0.85 0.6 0.25 0.45 0.35 0.75 0.85 0.45 0.5 1.0 0.8 0.25 
-0.0005674352049464468 0.2695404346926711 0.5498600738909337 1.0 0.8 0.4 0.4 0.55 0.2 0.85 0.15 0.55 0.7 0.3 0.3 0.95 0.5 0.25 0.95 0.0 0.8 0.3 0.95 0.8 0.95 0.1 0.8 0.95 0.6 0.8 0.1 0.5 0.35 1.0 0.4 0.8 0.7 0.65 0.25 
-0.00011846551603619354 0.39049972299633323 0.3495459130235482 0.2 0.05 0.3 0.1 0.3 1.0 0.85 0.1 0.55 0.95 0.3 0.35 0.75 0.35 0.25 0.8 0.95 0.8 0.6 0.65 0.35 0.25 0.85 1.0 0.6 0.6 0.85 0.95 0.35 0.75 0.7 0.3 0.4 0.9 0.65 0.25 
-0.007701496309158139 0.3753685930293315 0.6198263859751547 0.2 0.65 0.65 1.0 0.65 0.7 0.6 0.3 0.75 0.8 0.55 0.35 0.5 0.1 0.8 0.45 0.95 0.15 0.85 0.7 0.8 0.2 0.9 0.2 1.0 0.3 0.45 0.75 0.85 0.25 0.8 0.8 0.5 0.6 0.3 0.5 
-0.002492714798727434 0.2747999517005436 0.47394110769248904 1.0 0.8 0.3 0.4 0.55 0.2 0.95 0.15 0.55 0.7 0.3 0.15 0.75 0.45 0.25 0.95 0.0 0.8 0.25 0.2 0.8 0.25 0.1 0.1 1.0 0.6 0.85 0.2 0.4 0.15 1.0 0.4 0.75 0.7 0.65 0.25 
-0.029254635460448562 0.2612162394765779 0.4735711014212979 1.0 0.8 0.65 0.75 0.0 0.2 1.0 0.15 0.55 0.7 0.3 0.2 0.8 0.35 0.25 0.5 0.95 0.8 0.6 0.55 0.65 0.15 0.9 0.85 1.0 0.6 0.85 0.1 0.95 0.2 1.0 0.4 0.65 0.7 0.65 0.25 
-0.0015441475357247719 0.2708704518584333 0.4627544576798164 1.0 0.8 0.3 0.4 0.0 0.2 0.95 0.15 0.55 0.7 0.3 0.15 0.75 0.35 0.25 0.5 0.95 0.8 0.6 0.2 0.8 0.25 0.1 0.45 1.0 0.6 0.85 0.1 0.35 0.6 1.0 0.4 0.6 0.7 0.65 0.25 
-0.02348043084496941 0.6095410160771909 0.6801918693939228 0.8 0.15 0.75 0.7 0.25 1.0 0.8 0.45 0.5 0.8 0.0 0.55 0.9 0.2 0.1 1.0 0.55 0.55 0.3 0.0 0.5 0.2 0.7 0.7 0.9 0.15 0.7 0.95 0.05 0.15 0.8 0.1 0.2 0.2 0.05 0.45 
-0.0021707577347088304 0.5676073357198405 0.6533392514190935 0.2 0.55 0.1 0.45 0.75 0.35 0.85 0.6 0.75 0.95 0.3 0.4 0.9 0.85 0.4 0.8 0.75 0.7 0.15 0.25 0.35 0.25 0.5 0.25 0.9 0.6 0.8 0.2 0.95 0.25 0.9 0.8 0.25 0.7 0.45 0.9 
-0.01537733925482358 0.5414739207841257 0.6779506747775451 0.2 0.55 0.05 0.9 0.35 0.35 1.0 0.6 0.35 0.95 0.3 0.25 0.9 0.8 0.5 0.75 0.75 0.7 0.15 0.25 1.0 0.25 0.85 0.25 0.9 0.6 0.85 0.3 1.0 0.25 0.9 0.8 0.25 0.45 0.5 0.9 
-1.1522806888134878 0.5015560838977742 0.6396161870252767 0.2 0.55 0.05 0.3 0.75 0.35 0.45 0.6 0.75 0.95 0.3 0.4 0.45 0.85 0.6 0.75 0.75 0.7 0.15 0.05 0.85 0.25 0.7 0.55 0.9 0.6 0.9 0.1 0.95 0.55 0.8 0.8 0.25 0.7 0.5 0.9 
-0.026565011838163115 0.5961780694700689 0.6742434012368078 0.5 0.15 0.75 0.0 0.25 0.1 0.55 0.45 0.9 0.95 0.0 0.55 0.75 0.2 0.1 0.95 0.55 0.55 0.1 0.0 0.5 0.2 0.7 0.7 0.9 0.2 0.75 0.95 0.05 0.15 0.8 0.1 0.2 0.2 0.35 0.45 
-0.005440244403069475 0.26698664461034516 0.4098939044906694 0.2 0.85 0.1 0.1 0.65 0.9 1.0 0.15 0.9 0.8 0.3 0.4 1.0 0.85 0.7 0.9 1.0 0.8 0.35 1.0 0.9 0.4 0.3 0.2 0.85 0.6 0.7 0.55 0.35 0.8 0.9 0.4 0.7 0.9 0.65 0.25 
-0.003987889057624486 0.24522498630479062 0.4594382008200804 1.0 0.8 0.55 0.85 0.55 0.2 0.95 0.15 0.6 0.7 0.3 0.35 0.75 0.45 0.25 0.95 0.0 0.8 0.6 0.1 0.8 0.25 0.1 0.05 0.65 0.6 0.85 0.1 0.85 0.3 1.0 0.4 0.7 0.7 0.65 0.25 
-0.023218193949554298 0.24528164103253386 0.49618541666279714 1.0 0.8 0.55 0.85 0.55 0.2 0.8 0.15 0.6 0.7 0.3 0.35 0.75 0.45 0.25 0.95 0.0 0.8 0.9 0.2 0.8 0.0 0.1 0.05 0.9 0.6 0.85 0.1 0.15 0.1 1.0 0.4 0.65 0.7 0.65 0.25 
-0.006536666620301462 0.5475619715061882 0.6406812871929142 0.2 0.55 0.05 0.2 0.75 0.35 0.85 0.6 0.4 0.95 0.3 0.4 0.9 0.85 0.4 0.8 1.0 0.7 0.15 0.25 1.0 0.25 0.8 0.25 0.9 0.6 0.85 0.15 0.95 0.25 0.95 0.8 0.25 0.7 0.5 0.9 
-0.0472974841108724 0.6065161109551661 0.3903507844883053 0.8 0.8 0.95 0.35 0.9 0.55 0.95 0.1 0.3 0.45 0.75 0.05 0.95 0.9 0.9 1.0 0.35 0.4 0.05 0.15 0.15 0.2 0.4 0.5 0.9 0.15 0.2 0.8 0.2 0.15 0.45 0.4 0.3 1.0 0.85 0.4 
-0.06544961275153324 0.6979141015367298 0.44946520961722375 0.5 0.65 1.0 0.15 0.6 0.0 1.0 0.4 0.35 0.35 0.0 0.55 0.95 0.9 0.4 1.0 0.55 0.55 0.7 0.45 0.4 0.25 0.75 0.1 0.5 0.85 0.5 1.0 0.0 0.15 0.85 0.15 0.3 0.6 1.0 1.0 
-0.003190962184749198 0.2690319730523849 0.4343962505568332 1.0 0.8 0.3 0.4 0.0 0.2 0.95 0.15 0.6 0.75 0.3 0.2 0.8 0.35 0.25 0.65 0.95 0.8 1.0 0.2 0.8 0.1 0.1 0.3 1.0 0.6 0.5 0.1 0.35 0.65 1.0 0.4 0.65 0.7 0.65 0.25 
-0.005954606518444701 0.7193677909303073 0.49956754449533614 0.25 0.55 0.35 0.35 0.9 1.0 0.95 0.1 0.75 0.25 0.3 0.0 0.95 0.9 0.85 0.9 0.3 0.4 0.05 0.15 0.15 0.25 0.55 0.75 1.0 0.15 0.75 0.45 0.2 0.15 0.85 0.4 0.3 0.95 0.85 0.7 
-0.13849965409264792 0.32247314678746775 0.6265938793216798 0.85 0.9 0.7 0.1 0.65 0.8 0.7 0.15 0.85 0.85 0.3 0.4 1.0 0.05 0.85 0.6 0.95 0.8 0.25 0.05 0.65 0.85 0.3 0.2 0.85 0.6 0.15 0.45 0.35 0.75 0.85 0.4 0.75 0.75 0.7 0.2 
-0.0025000459057101278 0.3642783935602413 0.657314440820601 0.15 0.2 0.7 0.25 0.65 0.8 0.85 0.15 0.6 0.8 0.3 0.35 1.0 0.05 0.85 0.65 0.95 0.8 0.65 0.05 0.85 0.85 0.3 0.2 0.85 0.6 0.25 0.45 0.35 0.75 0.85 0.45 0.75 0.85 0.8 0.25 
-0.03184375517276943 0.3079081747215906 0.36428971349491157 0.45 0.95 0.7 0.6 0.65 0.9 1.0 0.05 0.9 0.9 0.3 0.4 1.0 0.85 0.7 0.9 1.0 0.85 0.4 0.55 0.9 0.35 0.5 0.95 0.35 0.7 0.15 0.7 0.35 0.8 1.0 0.4 0.7 0.85 0.65 0.3 
-0.046255266770056855 0.30303785901578884 0.6365993284717126 0.15 0.45 0.7 0.1 0.65 0.8 0.7 0.15 0.85 0.8 0.3 0.4 1.0 0.05 0.85 0.65 0.95 0.8 0.65 0.05 0.85 0.85 0.3 0.2 0.85 0.6 0.7 0.45 0.35 0.75 0.85 0.4 0.75 0.85 0.7 0.25 
-0.0016812574289620864 0.28589431331993365 0.6131619033707703 0.15 0.85 0.7 0.1 0.65 0.9 0.7 0.15 0.9 0.8 0.3 0.4 1.0 0.05 0.85 0.9 0.95 0.8 0.35 1.0 0.6 0.4 0.3 0.85 0.75 0.95 0.65 0.45 0.35 0.75 0.9 0.4 0.7 0.85 0.7 0.25 
-0.04346288521959261 0.2827214630694319 0.5887097278910449 0.1 0.85 0.7 0.1 0.65 0.9 1.0 0.15 0.9 0.8 0.3 0.3 1.0 0.05 0.85 0.95 0.95 0.8 0.15 1.0 0.9 0.1 0.3 0.4 0.75 0.75 0.45 0.8 0.35 0.75 0.9 0.4 0.55 0.85 0.65 0.25 
-0.008213415239895145 0.6548279401805256 0.6546332855972983 0.0 0.55 1.0 0.85 0.6 0.0 0.6 0.4 0.75 0.7 0.0 0.55 0.95 0.95 0.05 1.0 0.55 0.55 0.05 0.2 0.2 0.3 0.75 0.7 1.0 0.2 0.75 0.95 0.0 0.15 0.9 0.15 0.2 0.05 0.15 0.95 
-0.0007788545116026368 0.5055711972464423 0.6773717715783487 0.2 0.85 0.05 0.45 0.6 0.3 0.45 0.65 0.75 0.95 0.3 0.35 0.65 0.85 0.6 0.8 0.75 0.7 1.0 0.25 0.45 0.1 0.5 1.0 0.9 0.6 0.9 0.6 0.95 0.25 0.9 0.8 0.25 0.7 0.5 0.9 
-0.026496573602099043 0.3475151718495949 0.3275038416522489 0.2 0.65 0.3 0.8 0.65 0.2 1.0 0.1 0.55 0.6 0.35 0.45 0.6 0.35 0.25 0.6 0.95 0.8 1.0 0.8 0.35 0.25 0.3 0.55 1.0 0.6 0.4 1.0 0.35 0.75 0.95 0.4 0.65 0.9 0.65 0.25 
-0.036051324002553224 0.24048571898927995 0.5360327494304764 1.0 0.8 0.55 0.3 0.5 0.2 0.95 0.15 0.55 0.9 0.3 0.3 0.75 0.45 0.25 0.95 0.0 0.8 0.2 0.2 0.8 0.25 0.1 1.0 1.0 0.6 0.65 0.1 0.85 0.25 1.0 0.4 0.65 0.7 0.65 0.25 
-0.04667795077834296 0.3587741060299845 0.31297840160724155 0.35 0.85 0.85 0.65 0.3 0.9 1.0 0.15 0.65 0.9 0.3 0.4 1.0 0.85 0.8 0.75 0.95 0.8 0.55 1.0 0.9 0.9 0.2 0.35 0.8 0.5 0.4 1.0 0.35 0.8 0.25 0.4 0.75 0.95 0.65 0.3 
-0.09576165167653655 0.38969261989154114 0.30482401875055243 0.35 0.85 0.7 0.1 0.1 0.0 1.0 0.15 1.0 0.9 0.4 0.5 1.0 0.85 0.7 0.9 0.95 0.8 0.65 1.0 0.9 0.1 0.25 0.2 0.95 0.6 0.7 1.0 0.35 0.8 0.15 0.75 0.7 1.0 0.65 0.3 
-0.08267245995058269 0.34052937952830464 0.6579862399382521 0.15 0.2 0.7 0.25 0.65 0.8 0.85 0.15 0.6 0.8 0.3 0.35 1.0 0.05 0.85 0.65 0.95 0.8 0.65 0.05 0.85 0.85 0.3 0.2 0.95 0.6 0.25 0.4 0.35 0.75 0.85 0.45 0.8 1.0 0.8 0.25 
-0.019410227720443284 0.2547683633035832 0.4394475041928113 1.0 0.15 0.3 0.4 0.0 0.6 0.95 0.15 0.55 0.75 0.3 0.25 0.8 0.35 0.25 0.65 0.95 0.8 0.6 0.85 0.7 0.1 0.1 0.45 0.9 0.6 0.55 0.1 0.35 0.75 1.0 0.4 0.65 0.7 0.65 0.25 
-0.03601190561458538 0.6750494412257964 0.6408263461669064 0.95 0.1 0.75 0.9 0.6 0.0 0.65 0.4 0.45 0.7 0.0 0.55 1.0 0.9 0.15 0.9 0.55 0.55 0.1 0.1 0.5 0.3 0.75 0.7 1.0 0.2 0.75 0.95 0.0 0.15 0.9 0.15 0.2 0.05 0.1 0.5 
-0.0054890644881387075 0.39224777056297283 0.32852611728783365 0.35 0.85 0.7 0.1 0.1 0.0 1.0 0.15 1.0 0.9 0.4 0.5 1.0 0.85 0.7 0.9 0.95 0.8 0.65 1.0 0.9 0.1 0.25 0.2 0.75 0.6 0.7 1.0 0.35 0.8 0.15 0.75 0.7 1.0 0.65 0.25 
-0.003375230710887736 0.4086426598915055 0.32821795206972115 0.2 0.8 0.3 0.1 0.3 1.0 0.85 0.1 0.55 0.95 0.3 0.35 0.75 0.35 0.25 0.8 0.95 0.8 0.6 0.65 0.35 0.25 0.85 1.0 0.6 0.6 0.85 0.95 0.35 0.75 0.6 0.4 0.4 0.9 0.65 0.25 
-0.001810868394924594 0.4215089814290789 0.34232016893742234 0.2 0.75 0.3 0.8 0.65 0.2 1.0 0.1 0.55 0.6 0.35 0.45 0.4 0.35 0.25 0.9 0.95 0.8 0.9 0.8 0.0 0.25 0.3 0.55 1.0 0.6 0.85 0.8 0.35 0.75 0.7 0.4 0.35 0.9 0.65 0.25 
-0.00909219714632841 0.6483386346933989 0.6646721826087219 0.2 0.55 0.05 0.9 0.75 0.35 1.0 0.6 0.35 0.95 0.3 0.4 0.9 0.25 0.65 0.8 0.75 0.7 0.15 0.25 1.0 0.25 0.85 0.25 0.9 0.6 0.85 0.15 1.0 0.25 0.9 0.8 0.25 0.85 0.5 0.85 
-0.00994584048657225 0.4358093826017406 0.3240735650264378 0.2 0.8 0.3 0.8 0.65 0.2 1.0 0.1 0.55 0.6 0.35 0.45 0.9 0.35 0.25 0.6 0.95 0.8 0.9 0.8 0.35 0.25 0.3 0.55 1.0 0.6 0.85 0.8 0.35 0.75 0.7 0.4 0.35 0.9 0.65 0.25 
-1.1422976577709 0.3141869972500291 0.6611000490707389 0.15 0.45 0.45 0.1 0.65 0.85 0.7 0.15 0.85 0.8 0.3 0.4 1.0 0.05 0.85 0.65 0.95 0.8 1.0 0.05 0.85 0.85 0.3 0.2 0.85 0.6 0.25 0.45 0.35 0.75 0.85 0.4 0.8 0.8 0.7 0.25 
-0.045964610306093064 0.4722821602296232 0.3478510297697305 0.85 0.65 0.9 1.0 0.9 0.85 0.5 0.85 0.35 0.8 0.8 0.15 0.8 0.35 0.55 1.0 0.55 0.4 0.55 0.1 0.1 0.0 0.45 0.5 1.0 0.85 0.7 0.75 0.05 0.55 1.0 0.75 0.05 1.0 0.45 0.35 
-0.0555314762020097 0.7120008839831569 0.5803268511498654 0.6 0.55 0.75 0.4 0.6 0.0 0.95 0.4 0.35 0.7 0.0 0.55 0.2 0.9 0.4 1.0 0.55 0.55 0.3 0.25 1.0 0.25 0.75 0.7 0.6 0.85 0.5 1.0 0.0 0.15 0.7 0.2 0.3 0.35 0.0 0.15 
-0.08230810657943029 0.6411503073573381 0.6902890246703632 0.2 0.55 0.05 0.9 0.75 0.35 1.0 0.6 0.35 0.95 0.3 0.4 0.9 0.25 0.65 0.8 0.75 0.7 0.15 0.25 1.0 0.25 0.85 0.25 0.9 0.6 0.85 0.15 1.0 0.25 0.9 0.8 0.25 0.85 0.5 0.9 
-0.05967252664950419 0.5623072004548353 0.6775942354962674 0.2 0.55 0.05 0.2 0.75 0.35 0.85 0.6 0.4 0.95 0.3 0.4 0.9 0.85 0.4 0.8 0.75 0.7 0.15 0.25 1.0 0.25 0.8 0.25 0.9 0.6 0.85 0.15 0.95 0.25 0.95 0.8 0.25 0.7 0.5 0.9 
-0.03704711279666856 0.405696157186059 0.6517536149830103 0.15 0.2 0.7 0.25 0.65 0.8 0.85 0.15 0.7 0.8 0.3 0.35 1.0 0.05 0.85 0.65 0.95 0.8 0.65 0.05 0.85 0.85 0.3 0.2 0.85 0.6 0.25 0.45 0.35 0.75 0.85 0.45 0.75 0.85 0.8 0.25 
-0.01724165779761679 0.7109080451927661 0.5675515663520442 0.45 0.8 0.35 0.35 0.9 1.0 0.55 0.15 0.55 0.2 0.4 0.0 0.95 0.05 0.55 0.85 0.35 0.25 0.05 0.15 0.15 0.55 0.3 0.75 1.0 0.15 0.65 0.75 0.2 0.45 0.95 0.4 0.3 0.85 0.95 0.7 
-0.03255212665470004 0.23706593321614994 0.5447730886957076 1.0 0.8 0.55 0.3 0.5 0.2 0.95 0.15 0.55 0.75 0.3 0.3 0.75 0.45 0.25 0.95 0.0 0.8 0.2 0.2 0.75 1.0 0.1 0.1 1.0 0.6 0.65 0.1 0.85 0.25 1.0 0.4 0.65 0.7 0.65 0.25 
-0.013887941848289408 0.3073759716863198 0.6515211777628234 0.15 0.45 0.45 0.1 0.65 0.85 0.7 0.15 0.85 0.8 0.3 0.4 1.0 0.05 0.85 0.65 0.95 0.8 0.65 0.05 0.85 0.85 0.3 0.2 0.85 0.6 0.25 0.45 0.35 0.75 0.85 0.4 0.75 0.8 0.7 0.25 
-0.30649315922815057 0.4638595810996153 0.6588226550697797 0.0 0.85 0.85 0.1 0.25 0.9 0.55 0.95 0.5 0.75 0.3 0.4 1.0 0.05 0.85 0.95 0.95 0.75 0.95 0.2 0.3 0.4 0.9 0.65 1.0 0.6 0.2 0.5 0.35 0.75 0.9 0.4 0.9 0.85 0.75 0.25 
-0.016402022540899924 0.2618465303567329 0.5624363199041361 1.0 0.8 0.95 0.4 0.55 0.2 0.95 0.15 0.55 0.7 0.3 0.3 0.95 0.5 0.25 0.95 0.0 0.8 0.3 0.95 0.8 0.25 0.1 0.7 1.0 0.6 0.8 0.1 0.55 0.15 1.0 0.4 0.75 0.7 0.65 0.25 
-0.39733918132208296 0.7042511081690445 0.6064515901132348 0.0 0.55 0.75 0.6 0.6 0.0 0.6 0.4 0.4 0.65 0.0 0.55 1.0 0.9 0.3 1.0 0.55 0.55 0.15 0.2 0.5 0.3 0.05 0.7 0.7 0.2 0.75 0.95 0.0 0.15 0.95 0.15 0.25 0.05 0.15 0.9 
-0.01697234967918657 0.26358140650548845 0.6024296530239424 1.0 0.8 0.95 0.4 0.55 0.2 0.85 0.15 0.55 0.7 0.3 0.3 0.95 0.5 0.25 0.95 0.0 0.8 0.3 0.95 0.8 0.95 0.1 0.8 0.95 0.6 0.8 0.1 0.5 0.4 1.0 0.4 0.65 0.7 0.65 0.25 
-0.2738182684048821 0.4655141176796732 0.6408344153318233 0.0 0.85 0.85 0.1 0.25 0.9 0.4 0.95 0.5 0.8 0.3 0.4 1.0 0.05 0.85 0.95 0.95 0.75 0.95 1.0 0.3 0.4 0.6 0.65 1.0 0.6 0.2 0.5 0.35 0.75 0.9 0.4 0.9 0.65 0.75 0.25 
-0.0016315853399547968 0.7469637992552566 0.5926675224122429 0.6 0.55 0.75 0.9 0.6 0.0 0.95 0.4 0.35 0.8 0.0 0.55 0.65 0.7 0.35 1.0 0.55 0.55 0.3 0.75 1.0 0.85 0.75 0.35 0.6 0.85 0.5 1.0 0.0 0.15 0.9 0.2 0.3 0.35 0.0 0.15 
-2.5608570150144576 0.3356834763967565 0.6805936788217104 0.3 0.85 0.85 0.1 0.25 0.9 0.85 0.0 0.7 0.9 0.3 0.35 1.0 0.05 0.85 0.75 0.95 0.75 0.95 1.0 0.65 0.4 0.3 0.0 0.95 0.6 0.35 0.5 0.35 0.75 1.0 0.4 0.8 0.85 0.75 0.35 
-8.795995987229356 0.7261584220304576 0.635720555238918 0.0 0.55 0.55 0.9 0.95 0.0 0.95 0.4 0.75 0.9 0.0 0.55 0.55 0.9 0.35 1.0 0.55 0.55 0.1 0.2 0.5 1.0 0.3 0.7 0.55 0.2 0.75 0.95 0.0 0.15 1.0 0.15 0.25 0.05 0.3 0.45 
-0.04723539864373859 0.7316477999337258 0.5544860004397784 0.6 0.55 0.75 0.9 0.5 0.0 0.95 0.4 0.35 0.8 0.0 0.55 0.9 0.9 0.4 1.0 0.55 0.55 0.3 0.25 1.0 0.85 0.75 0.7 0.6 0.85 0.5 1.0 0.0 0.15 0.9 0.2 0.3 0.35 0.75 0.15 
-0.07186013317373525 0.5019713306725351 0.6804664792590218 0.2 0.85 0.05 0.45 0.6 0.3 0.45 0.65 0.75 0.95 0.3 0.35 0.65 0.85 0.45 0.8 0.75 0.7 1.0 0.25 0.45 0.1 0.5 1.0 0.9 0.6 0.9 0.6 0.95 0.25 0.9 0.8 0.25 0.7 0.5 0.9 
-0.03898735336225642 0.4471704456504328 0.660011706747742 0.0 0.85 0.85 0.1 0.25 0.9 0.65 0.95 0.5 0.8 0.3 0.4 1.0 0.05 0.85 0.95 0.95 0.75 0.95 0.2 0.3 0.4 0.9 0.65 1.0 0.6 0.2 0.5 0.35 0.75 0.9 0.4 0.9 0.85 0.75 0.25 
-3.0920054801155827 0.7098746562719997 0.6274432897843703 0.0 0.55 0.55 0.9 0.95 0.25 0.65 0.4 0.75 0.8 0.0 0.55 0.85 0.9 0.35 1.0 0.55 0.55 0.3 0.2 0.5 1.0 0.3 0.7 0.55 0.2 0.75 0.95 0.0 0.15 1.0 0.15 0.25 0.05 0.3 0.45 
-6.368583429222712 0.7243969287504288 0.6236109317161715 0.0 0.55 0.55 0.9 0.95 0.25 0.65 0.4 0.75 0.8 0.0 0.55 0.75 0.9 0.35 1.0 0.55 0.55 0.1 0.2 0.5 1.0 0.3 0.45 0.55 0.2 0.8 0.95 0.0 0.15 1.0 0.15 0.25 0.05 0.3 0.45 
-0.29470922805304633 0.7418140256268482 0.5706586120253577 0.6 0.55 0.75 0.9 0.6 0.0 0.95 0.4 0.35 0.8 0.0 0.55 0.5 0.9 0.45 1.0 0.55 0.55 0.3 0.25 1.0 0.85 0.7 0.7 0.6 0.05 0.7 1.0 0.0 0.15 0.9 0.2 0.3 0.35 0.0 0.15 
-0.009409088119929838 0.7323771404800513 0.5263021019506477 0.45 0.55 0.75 0.9 0.6 0.0 0.95 0.4 0.35 0.2 0.95 0.55 0.9 0.9 0.4 1.0 0.55 0.55 0.3 0.25 1.0 0.85 0.75 0.7 0.6 0.85 0.5 1.0 0.0 0.15 0.9 0.2 0.3 0.35 0.0 0.15 
-0.3393613186562256 0.7231061942272347 0.474128068364977 0.25 0.6 1.0 0.15 0.6 0.0 0.95 0.4 0.35 0.7 0.0 0.55 0.95 0.9 0.4 1.0 0.55 0.55 0.7 0.25 0.4 0.25 0.75 0.7 0.5 0.85 0.5 1.0 0.0 0.15 0.7 0.1 0.3 0.6 1.0 0.15 
-0.2974776742256754 0.28521283900283234 0.6351389755004432 0.15 0.85 0.7 0.6 0.65 0.9 0.8 0.15 0.9 0.75 0.3 0.4 1.0 0.05 0.85 0.9 0.95 0.8 0.35 1.0 0.9 0.75 0.3 0.85 0.35 0.95 0.45 0.55 0.35 0.75 0.9 0.4 0.7 0.85 0.7 0.25 
-0.06324687613259271 0.25342956725460664 0.3844152208301184 0.2 0.85 0.3 0.35 0.65 0.25 1.0 0.05 0.9 1.0 0.3 0.4 1.0 0.85 0.7 0.95 0.95 0.9 0.35 0.9 0.9 0.35 0.85 0.2 0.6 0.15 0.9 1.0 0.35 0.8 0.45 0.4 0.85 1.0 0.65 0.3 
-0.12398301133385829 0.3967428621516739 0.6732985793734025 0.3 0.85 0.85 0.1 0.25 0.9 0.85 0.95 0.5 0.8 0.3 0.35 1.0 0.05 0.85 0.9 0.95 0.75 0.95 1.0 0.65 0.4 0.45 0.0 0.9 0.6 0.35 0.7 0.35 0.75 0.95 0.4 0.6 0.85 0.75 0.25 
-0.014406470569009858 0.28194711158000263 0.6153705058218562 0.15 0.85 0.7 0.1 0.25 0.9 0.7 0.15 0.85 0.8 0.3 0.4 1.0 0.05 0.85 0.9 0.95 0.8 0.8 1.0 0.6 0.4 0.3 0.85 0.75 0.95 0.65 0.45 0.35 0.75 0.9 0.4 0.7 0.85 0.7 0.25 
-0.013559051334164691 0.5999852146034556 0.7004342993621979 0.2 0.55 0.05 0.9 0.75 0.35 1.0 0.6 0.35 0.95 0.3 0.4 0.15 0.85 0.65 0.8 0.75 0.7 0.15 0.35 1.0 0.25 0.85 0.25 0.9 0.6 0.85 0.15 1.0 0.25 0.9 0.8 0.25 0.85 0.5 0.9 
-2.167911585827254 0.7470427673753753 0.6111643342634168 0.3 0.55 0.75 0.9 0.6 0.0 0.95 0.4 0.35 0.8 0.0 0.55 0.65 0.7 0.35 1.0 0.55 0.55 0.3 0.75 1.0 0.85 0.75 0.35 0.6 0.85 0.5 1.0 0.95 0.15 0.9 0.2 0.3 0.35 0.0 0.15 
-0.024342454005062266 0.23638214122973933 0.5089329226278195 0.5 0.85 0.7 0.6 0.65 0.9 1.0 0.8 0.9 0.9 0.3 0.4 1.0 0.85 0.7 0.9 0.95 0.85 0.35 0.9 0.9 0.75 0.85 0.2 0.2 0.6 0.45 0.8 0.35 0.8 1.0 0.4 0.7 0.85 0.65 0.3 
-0.04113237778343752 0.7471252083824483 0.5349207031176929 0.6 0.55 0.75 0.9 0.6 0.0 0.95 0.4 0.35 0.8 0.0 0.55 0.9 0.9 0.45 1.0 0.55 0.55 0.3 0.25 1.0 0.05 0.75 0.7 0.6 0.85 0.5 1.0 0.0 0.15 0.9 0.2 0.3 0.35 0.0 0.7 
-0.010952604847862833 0.584776488971916 0.6794188756576521 0.2 0.55 0.05 0.7 0.75 0.35 0.85 0.6 0.4 0.95 0.3 0.4 0.05 0.85 0.55 0.8 0.75 0.7 0.15 0.25 1.0 0.35 0.8 0.25 0.9 0.6 0.85 0.15 0.95 0.25 0.95 0.8 0.25 0.7 0.5 0.9 
-0.03340482542490192 0.2842595144878377 0.3810853332220724 0.35 0.85 0.7 0.1 0.1 0.9 1.0 0.15 1.0 0.9 0.3 0.4 1.0 0.85 0.7 0.9 0.95 0.8 0.65 1.0 0.9 0.1 0.25 0.2 0.8 0.6 0.7 1.0 0.35 0.8 0.55 0.4 0.7 0.8 0.65 0.3 
-7.185507909650937 0.3397834537004312 0.693927694895304 0.3 0.85 0.55 0.1 0.25 0.9 0.85 0.0 0.7 0.9 0.3 0.35 1.0 0.05 0.85 0.8 0.95 0.75 0.95 1.0 0.65 0.4 0.3 0.0 0.95 0.6 0.35 0.5 0.35 0.75 1.0 0.4 0.8 0.85 0.75 0.35 
-0.5851986833097452 0.22624545544592428 0.5731009335895102 1.0 0.8 0.55 0.3 0.5 0.2 0.95 0.15 0.6 0.9 0.3 0.3 0.75 0.45 0.25 0.95 0.0 0.8 0.2 0.2 0.8 0.25 0.1 1.0 1.0 0.6 0.65 0.5 0.85 0.25 1.0 0.4 0.65 0.7 0.65 0.25 
-0.006855180418919914 0.7479169076324816 0.5283093288964097 0.25 0.55 0.75 0.9 0.6 0.0 0.95 0.4 0.35 0.8 0.0 0.55 0.9 0.9 0.45 1.0 0.55 0.55 0.3 0.25 0.95 0.7 0.75 0.7 0.6 0.85 0.5 0.95 0.0 0.15 0.9 0.2 0.3 0.35 0.05 0.7 
-0.0077263633386595015 0.2525865946580287 0.5741934649491395 1.0 0.8 0.95 0.4 0.55 0.2 0.85 0.15 0.55 0.7 0.3 0.3 0.95 0.5 0.25 0.95 0.0 0.8 0.3 0.95 0.8 0.95 0.1 0.8 0.65 0.6 0.8 0.1 0.35 0.4 1.0 0.4 0.65 0.7 0.65 0.25 
-0.17458343134286963 0.24018298715102498 0.42747083575466743 0.2 0.85 0.4 0.6 0.8 0.7 0.8 0.05 0.9 0.95 0.3 0.4 1.0 0.85 0.7 0.9 0.95 0.85 0.35 0.9 0.9 0.15 0.85 0.4 0.35 0.2 0.45 0.8 0.35 0.8 1.0 0.4 0.7 0.85 0.65 0.3 
-0.053154028843723236 0.23491084282767039 0.49856288259419246 1.0 0.8 0.55 0.85 0.55 0.2 0.95 0.15 0.6 0.7 0.3 0.35 0.75 0.45 0.25 0.95 0.0 0.8 0.6 0.2 0.8 0.25 0.1 0.05 1.0 0.6 0.85 0.1 0.9 0.1 1.0 0.4 0.65 0.7 0.65 0.25 
-0.009500134072861321 0.5269935893477743 0.6938122653952343 0.2 0.55 0.05 0.45 0.65 0.0 0.85 0.6 0.75 0.95 0.3 0.4 0.95 1.0 0.4 0.7 0.75 0.7 0.85 0.25 0.35 0.1 0.5 1.0 0.9 0.6 0.9 0.4 0.95 0.25 0.9 0.8 0.25 0.7 0.5 0.9 
-0.08630479346567436 0.5914271240091638 0.3854716490724352 0.15 0.05 0.35 0.9 0.4 1.0 0.8 0.15 0.3 0.35 0.2 0.05 0.7 0.9 0.6 0.8 0.35 0.4 0.6 0.6 0.15 0.35 0.75 0.75 0.8 0.9 0.2 0.3 0.85 0.15 0.65 0.4 0.05 0.75 0.65 0.5 
-0.05566169443251953 0.24040467262722237 0.4731254269358984 1.0 0.8 0.55 0.85 0.55 0.2 0.95 0.15 0.6 0.7 0.3 0.35 0.75 0.45 0.25 0.95 0.0 0.8 0.6 0.2 0.8 0.25 0.1 0.05 0.65 0.6 0.85 0.1 0.85 0.3 1.0 0.4 0.65 0.7 0.65 0.25 
-0.41615813781731786 0.741382626573575 0.5027325418007267 0.6 0.55 0.75 0.8 0.6 0.0 0.95 0.4 0.35 0.8 0.0 0.55 0.9 0.9 0.4 0.55 0.55 0.55 0.3 0.25 1.0 0.85 0.75 0.7 0.6 0.85 0.5 1.0 0.0 0.15 0.9 0.2 0.3 0.35 0.0 0.15 
-0.03455053938149652 0.22600398624498613 0.3968176374382921 0.5 0.85 0.7 0.6 0.65 0.9 1.0 0.1 0.9 0.9 0.3 0.4 1.0 0.85 0.7 0.9 0.95 0.85 0.35 0.9 0.9 0.35 0.85 0.2 0.35 0.6 0.5 0.8 0.35 0.8 0.9 0.4 0.7 0.85 0.65 0.3 
-1.8498831829095057 0.37184264491950114 0.6708125826233353 0.15 0.2 0.7 0.25 0.65 0.8 0.65 0.15 0.6 0.8 0.3 0.35 1.0 0.05 0.85 0.65 0.95 0.8 0.65 0.05 0.85 0.85 0.3 0.2 0.95 0.6 0.25 0.4 0.35 0.75 0.85 0.45 0.8 1.0 0.8 0.25 
-0.1041377143235471 0.4517368951780094 0.3310771930138183 0.2 0.65 0.3 0.8 0.65 0.05 1.0 0.1 0.55 0.6 0.35 0.45 0.9 0.35 0.25 0.7 0.95 0.75 0.0 0.8 0.0 0.25 0.3 0.5 1.0 0.6 0.4 0.9 0.35 0.75 0.7 0.4 0.35 1.0 0.65 0.25 
-0.03428086352674047 0.6947280085214205 0.6614564381619217 1.0 0.55 0.55 0.45 0.95 0.0 0.7 0.4 0.65 0.9 0.0 0.55 0.8 0.9 0.25 1.0 0.55 0.55 0.1 0.2 0.5 0.3 0.8 0.1 0.85 0.2 0.75 0.95 0.0 0.1 1.0 0.15 0.25 0.05 0.3 0.5 
-0.18276740149132922 0.20875379611349976 0.43411220062982225 0.2 0.95 0.7 0.6 0.65 0.9 1.0 0.05 0.9 0.9 0.3 0.4 1.0 0.85 0.7 0.9 0.95 0.85 0.4 0.55 0.9 0.35 0.85 1.0 0.35 0.7 0.45 0.7 0.35 0.8 1.0 0.4 0.7 0.85 0.65 0.3 
-0.7575887503444125 0.4616549656423402 0.32884505374722706 0.2 0.8 0.3 0.8 0.65 0.2 1.0 0.1 0.55 0.6 0.35 0.45 0.9 0.35 0.25 0.7 0.95 0.75 0.0 0.8 0.0 0.25 0.3 0.55 1.0 0.6 0.85 0.9 0.35 0.75 0.4 0.4 0.1 1.0 0.65 0.25 
-0.1802270238450634 0.43587275493435074 0.6579354500653258 0.0 0.85 0.85 0.1 0.25 0.9 0.75 0.95 0.5 0.8 0.3 0.4 1.0 0.05 0.85 0.95 0.95 0.75 0.7 1.0 0.3 0.4 0.55 0.65 1.0 0.6 0.2 0.5 0.35 0.75 0.9 0.4 0.9 0.85 0.75 0.25 
-0.07181069035364769 0.7036388028594799 0.4535923275260057 0.25 0.65 0.7 0.15 0.6 0.0 1.0 0.4 0.35 0.7 0.0 0.55 0.95 0.9 0.4 1.0 0.55 0.55 0.7 0.25 0.4 0.25 0.75 0.1 0.5 0.85 0.5 1.0 0.8 0.15 0.7 0.2 0.3 0.6 1.0 1.0 
-0.006272351046455581 0.22870586836904427 0.4445806237130041 0.2 0.85 0.3 0.35 0.65 0.25 1.0 0.95 0.9 0.95 0.3 0.4 1.0 0.85 0.7 0.9 0.95 0.9 0.35 0.9 0.9 0.35 0.85 0.2 0.6 0.05 0.9 1.0 0.35 0.8 1.0 0.4 0.7 1.0 0.65 0.3 
-0.07265427251586136 0.7507856898236105 0.48428735972400583 0.5 0.65 1.0 0.15 0.6 0.0 1.0 0.4 0.35 0.7 0.0 0.55 0.95 0.9 0.4 1.0 0.55 0.55 0.7 0.25 0.4 0.25 0.75 0.1 0.5 0.85 0.5 1.0 0.0 0.15 0.85 0.2 0.3 0.6 1.0 1.0 
-0.03266149767934229 0.3124065353802107 0.3239428917617193 0.35 0.35 0.7 0.1 0.1 0.45 1.0 0.15 1.0 0.9 0.3 0.4 1.0 0.8 0.7 0.9 0.95 0.8 0.3 1.0 0.9 0.1 0.25 0.2 0.8 0.6 0.7 0.65 0.35 0.8 0.55 0.4 0.7 1.0 0.65 0.3 
-1.175538165904849 0.26688427444419627 0.6235188912552597 1.0 0.8 0.95 0.4 0.55 0.2 0.7 0.15 0.55 0.7 0.3 0.3 0.95 0.5 0.25 0.95 0.0 0.8 0.3 0.95 0.8 0.25 0.1 0.25 0.95 0.6 0.8 0.1 0.5 0.05 1.0 0.4 0.65 0.7 0.65 0.25 
-0.6143086606067095 0.4144996299137487 0.6722368031320488 0.3 0.85 0.85 0.1 0.25 0.9 0.85 0.95 0.5 0.8 0.3 0.35 1.0 0.05 0.85 0.9 0.95 0.75 0.95 1.0 0.65 0.4 0.45 0.0 0.9 0.6 0.35 0.5 0.35 0.75 1.0 0.4 0.6 0.85 0.75 0.25 
-0.05083057250470341 0.2434622724870647 0.3645635145750492 0.25 0.85 0.4 0.1 0.65 0.9 0.85 0.15 0.9 0.8 0.3 0.4 1.0 0.85 0.7 0.5 0.95 0.8 0.35 1.0 0.65 0.1 0.85 0.2 0.35 0.6 0.75 1.0 0.35 0.8 0.75 0.4 0.7 0.85 0.65 0.3 
-0.02769078332231053 0.27098188353340547 0.3339498891426579 0.35 0.85 0.7 0.1 0.1 0.9 1.0 0.15 1.0 0.9 0.3 0.4 1.0 0.85 0.7 0.9 0.95 0.8 0.65 1.0 0.9 0.1 0.25 0.2 0.8 0.6 0.7 1.0 0.35 0.8 0.55 0.4 0.7 1.0 0.65 0.3 
-3.2854894432645643 0.3923195330928239 0.6804947205528838 0.3 0.85 0.85 0.1 0.15 0.9 0.85 0.95 0.5 0.8 0.3 0.35 1.0 0.05 0.85 0.9 0.95 0.75 0.95 1.0 0.65 0.4 0.45 0.0 0.85 0.6 0.35 0.5 0.35 0.75 0.95 0.4 0.6 0.85 0.7 0.25 
-0.03683598440904874 0.2463387270117519 0.37435056924254345 0.2 0.95 0.7 0.6 0.65 0.9 1.0 0.05 0.9 0.9 0.3 0.4 1.0 0.85 0.7 0.9 0.95 0.85 0.4 0.55 0.9 0.35 0.85 1.0 0.35 0.7 0.25 0.7 0.35 0.8 1.0 0.4 0.7 0.85 0.65 0.3 
-0.06836244118827478 0.27518903552022267 0.3684836169987278 0.35 0.95 0.7 0.95 0.1 0.9 1.0 0.15 0.85 1.0 0.3 0.4 1.0 0.85 0.7 0.9 0.95 0.9 0.75 1.0 0.05 0.45 0.25 0.2 0.8 0.6 0.7 1.0 0.35 0.8 0.05 0.35 0.7 1.0 0.65 0.3 
-0.8399313683723529 0.7129354464414559 0.6632389014767569 1.0 0.55 0.4 0.45 0.95 0.0 0.95 0.4 0.65 0.9 0.0 0.55 0.65 0.9 0.25 1.0 0.55 0.55 0.1 0.2 0.5 0.3 0.8 0.1 0.75 0.2 0.75 0.95 0.15 0.25 1.0 0.15 0.25 0.05 0.3 0.5 
-0.004169456028674593 0.28378333922267573 0.339090919137412 0.35 0.75 0.5 0.65 0.1 0.3 1.0 0.15 0.5 0.95 0.3 0.4 1.0 0.85 0.7 1.0 0.95 0.8 0.65 1.0 0.9 0.1 0.25 0.2 0.8 0.6 0.65 0.95 0.35 0.8 0.95 0.4 0.7 1.0 0.65 0.3 
-0.014820004630305882 0.21963941207807008 0.37618865742911173 0.2 0.85 0.7 0.1 0.65 0.9 1.0 0.15 0.9 0.8 0.3 0.4 1.0 0.85 0.7 0.9 0.95 0.8 0.35 1.0 0.9 0.1 0.85 0.2 0.55 0.6 0.75 1.0 0.35 0.8 0.9 0.4 0.7 0.85 0.65 0.3 
-0.23666088944645486 0.5083967428499532 0.6970791143275324 0.2 0.55 0.05 0.4 0.75 0.2 1.0 0.6 0.35 0.95 0.3 0.25 0.9 0.8 0.3 0.8 0.7 0.7 0.75 0.25 1.0 0.25 0.85 0.25 0.9 0.6 0.85 0.3 0.1 0.25 0.9 0.8 0.25 0.7 0.5 0.9 
-0.03428761457135325 0.5717586221467787 0.7055091658281307 0.2 0.9 0.45 0.9 0.75 0.35 1.0 0.6 0.35 0.95 0.3 0.4 0.9 0.85 0.65 0.8 0.75 0.7 0.15 0.25 1.0 0.25 0.85 0.25 0.9 0.6 0.85 0.15 1.0 0.2 0.9 0.8 0.25 0.85 0.5 0.9 
-0.039512607700484814 0.21782380787779582 0.40747485566306607 1.0 0.85 0.35 0.1 0.1 0.9 0.9 0.25 0.9 0.9 0.3 0.4 1.0 0.85 0.7 0.9 0.95 0.8 0.65 0.0 0.9 0.1 0.25 0.2 0.95 0.6 0.75 1.0 0.35 0.8 1.0 0.4 0.8 0.9 0.65 0.3 
-2.54945711383322 0.673371244101539 0.6764313964739621 0.0 0.55 0.55 0.9 0.95 0.0 0.85 0.4 0.75 0.9 0.0 0.55 0.55 0.95 0.1 1.0 0.55 0.55 0.1 0.2 0.5 0.3 0.3 0.7 0.8 0.2 0.75 0.95 0.0 0.15 1.0 0.15 0.25 0.05 0.3 0.45 
-0.4254774507829131 0.20874810799785815 0.3754816889071706 1.0 0.85 0.7 0.1 0.1 0.9 0.9 0.15 0.9 0.9 0.3 0.4 1.0 0.85 0.7 0.9 0.95 0.8 0.65 0.0 0.9 0.1 0.25 0.2 0.95 0.6 0.75 1.0 0.35 0.8 1.0 0.4 0.8 0.9 0.65 0.3 
-0.13178139603286343 0.7121816637082828 0.41905462028352275 0.35 0.55 0.75 0.65 0.15 0.8 0.9 0.4 0.4 0.65 0.0 0.55 0.8 0.9 0.4 0.6 0.55 0.55 0.1 0.2 0.35 0.25 0.75 0.55 0.95 0.75 0.4 0.95 0.0 0.3 0.7 0.3 0.35 0.4 1.0 0.15 
-0.013005820913982861 0.29283863516885955 0.32450960305874865 0.35 0.85 0.7 0.1 0.1 0.9 1.0 0.15 1.0 0.9 0.3 0.4 1.0 0.85 0.7 0.9 0.95 0.8 0.65 1.0 0.9 0.1 0.25 0.2 0.8 0.6 0.7 1.0 0.35 0.8 0.55 0.4 0.5 1.0 0.65 0.3 
-0.16042680975263698 0.22256492723804538 0.5164841795788239 0.2 0.85 0.7 0.35 0.65 0.9 1.0 0.05 0.8 0.95 0.3 0.3 0.75 0.85 0.7 0.9 0.95 0.9 0.55 0.9 0.9 0.35 0.85 0.2 0.45 0.6 0.45 1.0 0.35 0.8 1.0 0.4 0.5 0.85 0.65 0.3 
-0.3793131902301232 0.2040382507860226 0.4850465189277364 0.25 0.85 0.7 0.6 0.65 0.9 1.0 0.0 0.7 0.95 0.3 0.4 1.0 0.85 0.7 0.85 0.95 0.9 0.35 0.9 0.9 0.35 0.85 0.2 0.35 0.6 0.8 0.75 0.35 0.8 1.0 0.4 0.7 0.85 0.65 0.3 
-0.19122056869613657 0.681100854472907 0.4169664509719201 1.0 0.65 0.35 0.0 0.4 1.0 1.0 0.1 0.3 0.55 0.2 0.05 0.75 0.9 0.6 0.9 0.35 0.4 0.05 0.6 0.15 0.35 0.0 0.75 1.0 0.75 0.2 0.7 0.85 0.15 0.65 0.4 0.3 1.0 0.65 0.3 
-0.833737584763189 0.6654371556883368 0.6851652534519661 1.0 0.55 0.4 0.45 0.95 0.0 0.95 0.4 0.65 0.9 0.0 0.55 0.8 0.9 0.25 1.0 0.55 0.55 0.1 0.2 0.5 0.3 0.8 0.1 0.85 0.2 0.75 0.95 0.0 0.25 1.0 0.15 0.25 0.05 0.3 0.5 
-5.292156561361158 0.20741027165691717 0.5029315527312571 0.25 0.1 0.7 0.6 0.65 0.9 1.0 0.0 0.7 0.95 0.3 0.4 1.0 0.85 0.7 0.85 0.95 0.9 0.35 0.9 0.9 0.35 0.85 0.2 0.35 0.6 0.8 0.65 0.35 0.8 1.0 0.4 0.7 0.85 0.65 0.3 
-0.1079395104772546 0.5288303667101494 0.7205133783764719 0.2 0.55 0.05 0.4 0.6 0.35 1.0 0.6 0.35 0.95 0.3 0.25 0.55 0.8 0.3 0.8 0.7 0.7 0.15 0.25 1.0 0.25 0.85 0.25 0.9 0.6 0.85 0.3 1.0 0.25 0.9 0.8 0.25 0.7 0.5 0.9 
-0.010435641101043011 0.23333245943721842 0.328189760158329 0.9 0.75 0.5 0.65 0.0 0.3 1.0 0.15 0.9 0.8 0.3 0.4 1.0 0.85 0.7 1.0 0.95 0.8 0.65 1.0 0.9 0.1 0.25 0.2 0.8 0.6 0.65 0.95 0.35 0.8 0.95 0.4 0.7 1.0 0.65 0.3 
-0.04782624350220411 0.32535277997887146 0.3023655893640941 0.35 0.45 0.7 0.1 0.1 0.9 0.75 0.15 0.9 0.7 0.3 0.4 1.0 0.85 0.7 0.9 0.95 0.8 0.65 1.0 0.9 0.1 0.25 0.2 0.95 0.6 0.9 1.0 0.35 0.8 0.1 0.4 0.8 0.95 0.65 0.3 
-0.010626603687010563 0.3164833492818371 0.318199581783992 0.35 0.95 0.7 0.1 0.1 0.9 1.0 0.15 0.9 0.9 0.3 0.4 1.0 0.85 0.7 0.9 0.95 0.8 0.65 1.0 0.9 0.1 0.25 0.2 0.8 0.6 0.75 1.0 0.35 0.8 0.2 0.4 0.8 0.9 0.65 0.3 
-0.006200503173861494 0.3443521395665096 0.31995388824124016 0.35 0.45 0.7 0.1 0.1 0.9 0.75 0.15 0.9 0.9 0.3 0.4 1.0 0.85 0.7 0.9 0.95 0.8 0.65 1.0 0.9 0.1 0.25 0.2 0.95 0.6 0.9 1.0 0.35 0.8 0.1 0.4 0.8 1.0 0.65 0.3 
-0.0366707175931011 0.37170752803298407 0.28444314945114224 0.35 0.75 0.7 0.4 0.1 0.3 1.0 0.15 0.9 0.95 0.3 0.4 1.0 0.85 0.7 1.0 0.95 0.8 0.65 1.0 0.9 0.05 0.25 0.2 0.75 0.6 0.7 0.95 0.35 0.8 0.1 0.4 0.7 1.0 0.65 0.3 
-0.009663954766413881 0.3593975581048217 0.2994335978759153 0.35 0.85 0.7 0.1 0.1 0.0 0.95 0.15 1.0 0.9 0.4 0.5 1.0 0.85 0.7 0.9 0.95 0.8 0.65 1.0 0.9 0.1 0.25 0.2 0.75 0.6 0.7 1.0 0.35 0.8 0.15 0.4 0.7 1.0 0.65 0.3 
-18.076697840199508 0.46446195983400984 0.6881433222866665 0.3 0.85 0.85 0.1 0.25 0.9 1.0 0.95 0.5 0.95 0.3 0.35 1.0 0.05 0.85 0.9 0.95 0.75 0.55 1.0 0.1 0.4 0.45 0.0 0.95 0.6 0.35 0.5 0.35 0.75 1.0 0.4 0.8 0.7 0.75 0.25 
-0.22992167018210757 0.19357798761517797 0.4523090247436173 0.5 0.85 0.7 0.6 0.65 0.55 1.0 0.1 0.9 0.85 0.3 0.4 1.0 0.85 0.7 0.9 0.95 0.85 0.35 0.9 1.0 0.35 0.85 0.2 0.35 0.6 0.55 0.95 0.35 0.8 1.0 0.4 0.7 0.85 0.65 0.3 
-0.018994941386269382 0.34726435311524706 0.28836220057688644 0.35 0.85 0.7 0.1 0.1 0.9 1.0 0.15 0.9 0.9 0.3 0.4 1.0 0.85 0.7 0.75 0.95 0.8 0.65 1.0 0.9 0.65 0.25 0.2 0.75 0.6 0.7 1.0 0.35 0.8 0.2 0.4 0.45 1.0 0.65 0.3 
-0.14414783788717211 0.2023745584782064 0.43708183931938394 0.2 0.85 0.7 0.6 0.65 0.9 1.0 0.05 0.9 0.9 0.3 0.4 1.0 0.85 0.7 0.9 0.95 0.85 0.35 0.9 0.9 0.35 0.85 0.2 0.35 0.6 0.45 0.8 0.35 0.8 1.0 0.4 0.7 0.85 0.65 0.3 
-0.19157422605008506 0.19841599467174864 0.3971595047301915 0.2 0.85 0.3 0.35 0.65 0.25 1.0 0.05 0.9 0.95 0.3 0.4 1.0 0.85 0.7 0.9 0.95 0.9 0.35 0.9 0.9 0.35 0.85 0.2 0.6 0.05 0.9 1.0 0.35 0.8 1.0 0.4 0.7 1.0 0.65 0.3 
-3.429094594191885 0.18623752827806722 0.4758663874011234 0.5 0.85 0.9 0.6 0.65 0.55 1.0 0.1 0.9 0.85 0.3 0.4 1.0 0.85 0.7 0.9 0.95 0.85 0.35 0.9 1.0 0.35 0.85 0.2 0.55 0.6 0.95 0.95 0.35 0.8 1.0 0.4 0.7 0.85 0.65 0.3 
-0.2852138303574183 0.3017460270558895 0.2925973464380338 0.35 0.75 0.7 0.8 0.1 0.3 1.0 0.15 0.9 0.95 0.3 0.4 1.0 0.85 0.7 1.0 0.95 0.8 0.65 1.0 0.9 0.05 0.25 0.7 0.75 0.6 0.7 0.95 0.35 0.8 0.4 0.4 0.7 1.0 0.65 0.3 
-0.07018946324910247 0.27102605480956476 0.3336827223250123 0.35 0.85 0.7 0.1 0.1 0.9 1.0 0.15 1.0 0.9 0.3 0.4 1.0 0.85 0.7 0.9 0.95 0.8 0.65 1.0 0.9 0.1 0.25 0.2 0.8 0.6 0.7 1.0 0.35 0.8 0.55 0.4 0.7 1.0 0.65 0.3 
-0.1945031306979592 0.22434768056169513 0.34416520460697586 0.55 0.75 0.5 0.65 0.1 0.3 1.0 0.15 0.9 0.95 0.3 0.4 1.0 0.85 0.7 1.0 0.95 0.8 0.65 1.0 0.9 0.55 0.25 0.2 0.8 0.6 0.45 0.95 0.35 0.8 0.95 0.4 0.7 1.0 0.65 0.3 
-0.10948774818661876 0.2019856867050634 0.4154149902081241 0.5 0.85 0.7 0.6 0.65 0.9 1.0 0.1 0.9 0.85 0.3 0.4 1.0 0.85 0.7 0.9 0.95 0.85 0.0 0.9 1.0 0.35 0.85 0.2 0.25 0.6 0.45 0.8 0.35 0.8 1.0 0.4 0.7 0.85 0.65 0.3 
-0.26271140801314025 0.45456637175749565 0.6888211059918342 0.3 0.85 0.85 0.1 0.25 0.9 0.85 0.95 0.5 0.8 0.3 0.35 1.0 0.05 0.85 0.9 0.95 0.75 0.95 1.0 0.65 0.4 0.45 0.6 0.9 0.6 0.35 0.5 0.35 0.75 1.0 0.4 0.55 0.85 0.75 0.25 
-0.054448010221029026 0.6563059351002232 0.40108672404723816 1.0 0.65 0.35 0.75 0.4 1.0 1.0 0.1 0.3 0.6 0.2 0.05 0.75 0.9 0.6 0.9 0.35 0.4 0.05 0.6 0.15 0.35 0.0 0.75 0.65 0.75 0.2 0.3 0.85 0.15 0.9 0.4 0.3 1.0 0.65 0.3 
-0.008727714668642738 0.379373781237005 0.28440810975165876 0.35 0.95 0.1 0.95 0.1 0.9 0.8 0.15 0.85 0.9 0.3 0.4 1.0 0.85 0.7 0.9 0.95 0.75 0.75 1.0 0.05 0.35 0.75 0.45 0.9 0.6 0.7 1.0 0.35 0.8 0.05 1.0 0.4 1.0 0.65 0.3 
-0.03991523388789689 0.2417970275843615 0.320584407936536 0.35 0.75 0.95 0.65 0.1 0.3 1.0 0.15 0.9 0.95 0.3 0.4 1.0 0.85 0.7 1.0 0.95 0.8 0.65 1.0 0.9 0.1 0.25 0.2 0.55 0.6 0.7 0.95 0.35 0.8 0.95 0.4 0.7 1.0 0.65 0.3 
-1.0184734345388184 0.1773152333991484 0.4585639150348668 0.5 0.85 0.7 0.6 0.65 0.9 1.0 0.1 0.9 0.9 0.3 0.4 1.0 0.85 0.7 0.9 0.95 0.85 0.35 0.9 0.9 0.35 0.85 0.2 0.35 0.6 0.45 0.8 0.35 0.8 1.0 0.4 0.7 0.85 0.65 0.3 
-0.045623128057063256 0.590675678002014 0.37620065666318636 0.15 0.05 0.35 0.9 0.4 1.0 0.8 0.15 0.3 0.35 0.2 0.05 0.7 0.9 0.6 0.8 0.35 0.4 0.6 0.6 0.15 0.35 0.75 0.75 0.8 0.9 0.2 0.3 0.85 0.15 0.65 0.4 0.05 1.0 0.65 0.5 
-0.2111877211713104 0.6864875562897774 0.3991041689230702 0.15 0.65 0.35 0.15 0.4 0.3 0.9 0.1 0.3 0.55 0.2 0.05 0.95 0.9 0.85 0.95 0.35 0.4 0.0 0.6 0.0 0.35 0.2 0.75 1.0 0.75 0.2 0.35 0.85 0.15 0.65 0.4 0.3 1.0 0.65 0.35 
-0.14793378453847147 0.4182699346786466 0.30526767746399064 0.35 0.85 0.7 0.1 0.1 0.9 0.75 0.15 0.65 0.9 0.3 0.4 1.0 0.85 0.8 0.9 0.95 0.8 0.45 1.0 0.9 0.1 0.85 0.2 0.8 0.5 0.95 1.0 0.35 0.8 0.0 0.4 0.7 0.95 0.65 0.3 
-0.0676166216773845 0.3760945416800303 0.28057429033863535 0.35 0.95 0.1 0.95 0.1 0.9 0.8 0.15 0.85 0.9 0.3 0.4 1.0 0.85 0.7 0.9 0.95 0.75 0.75 1.0 0.05 0.35 0.75 0.45 0.9 0.6 0.7 1.0 0.35 0.8 0.05 0.2 0.4 1.0 0.65 0.3 
-0.059344223565131415 0.2450995006407537 0.5996638389227494 1.0 0.8 0.95 0.4 0.4 0.2 0.95 0.15 0.55 0.7 0.3 0.3 0.95 0.5 0.25 0.95 0.0 0.8 0.3 0.95 0.6 0.25 0.1 0.8 0.95 0.6 0.85 0.1 0.5 0.15 1.0 0.4 0.65 0.8 0.65 0.25 
-0.006470653757711485 0.6434176658258275 0.3793257604591357 1.0 0.65 0.35 0.0 0.4 1.0 1.0 0.1 0.3 0.55 0.2 0.05 0.75 0.9 0.6 0.9 0.35 0.4 0.05 0.6 0.15 0.35 0.0 0.75 0.65 0.75 0.2 0.3 0.85 0.15 0.65 0.4 0.3 1.0 0.65 0.3 
-1.9314887212035725 0.2160118821983496 0.528509862905273 0.25 0.1 0.7 0.6 0.65 0.9 1.0 0.0 0.7 0.95 0.3 0.4 1.0 0.85 0.7 0.85 0.95 0.9 0.3 0.9 0.9 0.35 0.85 0.2 1.0 0.6 0.8 0.65 0.35 0.8 1.0 0.4 0.7 0.85 0.7 0.3 
-0.09373863355932323 0.2193664382068487 0.36151321704422223 0.35 0.75 0.7 0.65 0.1 0.3 1.0 0.15 0.9 0.95 0.3 0.4 1.0 0.85 0.7 1.0 0.95 0.8 0.65 1.0 0.9 0.1 0.25 0.2 0.8 0.6 0.7 0.95 0.35 0.8 0.95 0.4 0.7 1.0 0.65 0.3 
-0.0898039274215947 0.6539682909345067 0.3636618477071739 1.0 0.65 0.35 0.75 0.4 1.0 1.0 0.1 0.3 0.45 0.2 0.05 0.75 0.9 0.6 0.9 0.35 0.4 0.05 0.6 0.15 0.35 0.0 0.75 0.65 0.75 0.2 0.3 0.85 0.15 0.9 0.4 0.3 1.0 0.65 0.3 
-0.9006628514524828 0.19602686443627165 0.40963511607404063 0.5 0.85 0.7 0.6 0.65 0.9 1.0 0.1 0.9 0.9 0.3 0.4 1.0 0.85 0.7 0.9 0.95 0.85 0.35 0.9 0.9 0.75 0.85 0.2 0.2 0.6 0.45 0.8 0.35 0.8 1.0 0.4 0.7 0.85 0.65 0.3 
-4.105527527596248 0.7046346080147708 0.39224642924114145 0.0 0.55 0.3 0.6 0.6 0.0 1.0 0.4 0.4 0.5 0.0 0.55 1.0 0.9 0.4 1.0 0.55 0.55 0.15 0.2 0.5 0.3 0.3 0.7 0.6 0.1 0.75 0.95 0.0 0.45 0.95 0.15 0.2 0.1 0.05 1.0 
-0.10898523477530966 0.7157196382921356 0.4326456979720666 0.85 0.55 0.75 0.65 0.15 0.8 0.8 0.4 0.4 0.65 0.0 0.55 0.8 0.9 0.4 0.6 0.55 0.55 0.1 0.2 0.35 0.25 0.75 0.55 0.8 0.75 0.4 0.95 0.0 0.3 0.8 0.3 0.35 0.4 1.0 0.15 
-0.48246765207541636 0.7295702584909731 0.4352476875700674 0.85 0.55 0.75 0.65 0.15 0.8 0.8 0.4 0.4 0.65 0.0 0.55 0.8 0.9 0.4 0.6 0.55 0.55 0.1 0.2 0.05 0.25 0.75 0.55 1.0 0.75 0.4 0.95 0.0 0.3 0.8 0.3 0.35 0.4 1.0 0.15 
-0.4198108389171348 0.6804260120394524 0.3852661318816174 1.0 0.65 0.35 0.0 0.4 1.0 1.0 0.1 0.3 0.55 0.2 0.05 0.75 0.9 0.6 0.9 0.35 0.4 0.35 0.6 0.15 0.35 0.0 0.75 1.0 0.75 0.2 0.3 0.85 0.25 0.65 0.4 0.3 1.0 0.65 0.3 
-11.03995959390922 0.43963494048404433 0.30011613223976374 0.35 0.85 0.7 0.65 0.1 0.9 1.0 0.15 0.65 0.9 0.3 0.4 1.0 0.85 0.8 0.9 0.95 0.8 0.45 1.0 0.9 0.1 0.85 0.35 0.8 0.5 0.95 1.0 0.35 0.8 0.0 0.4 0.7 0.95 0.65 0.3 
-0.04217082518350268 0.6423962000215836 0.3617110242405619 1.0 0.65 0.35 0.75 0.4 1.0 1.0 0.1 0.3 0.45 0.2 0.05 0.75 0.9 0.6 0.9 0.35 0.4 0.05 0.6 0.15 0.35 0.0 0.75 0.65 0.75 0.2 0.3 0.85 0.15 0.65 0.4 0.3 1.0 0.65 0.3 
-15.21099536745604 0.18781344942794093 0.5223223016262023 0.25 0.7 0.7 0.6 0.65 0.9 1.0 0.0 0.9 0.95 0.3 0.4 1.0 0.85 0.7 0.8 0.95 0.9 0.35 0.55 0.9 0.35 0.85 0.2 0.35 0.6 0.45 1.0 0.35 0.8 1.0 0.4 0.7 0.85 0.65 0.3 
-1.5314367858187894 0.7263509702751741 0.45533713507169216 0.25 0.65 1.0 0.15 0.6 0.0 1.0 0.4 0.35 0.7 0.0 0.55 0.95 0.9 0.4 1.0 0.55 0.55 0.7 0.25 0.65 0.25 0.75 0.4 0.5 0.85 0.5 1.0 0.0 0.15 0.7 0.2 0.3 0.7 1.0 0.15 
-0.12324185029904301 0.5819113001039948 0.7069440808006126 0.5 0.15 0.75 0.9 0.75 0.7 1.0 0.45 0.9 0.9 0.0 0.55 0.9 0.2 0.1 1.0 0.55 0.55 0.6 0.4 0.5 0.95 0.75 0.7 0.9 0.15 0.75 0.95 0.05 0.15 0.9 0.1 0.2 0.2 0.35 0.45 
-0.1276525594318199 0.6555629820830966 0.3604414960643923 1.0 0.65 0.35 0.75 0.4 1.0 1.0 0.1 0.3 0.45 0.2 0.05 0.75 0.9 0.6 0.85 0.35 0.4 0.05 0.6 0.15 0.35 0.0 0.75 0.65 0.75 0.2 0.3 0.85 0.15 0.9 0.4 0.3 1.0 0.65 0.3 
-6.189985383053779 0.7444419258527829 0.41436277423785317 0.0 0.55 0.3 0.6 0.6 0.0 1.0 0.4 0.4 0.55 0.0 0.55 1.0 0.9 0.4 1.0 0.55 0.55 0.15 0.2 0.5 0.3 0.3 0.7 0.6 0.1 0.75 0.95 0.0 0.45 0.95 0.15 0.2 0.1 0.05 1.0 
-12.479146622838497 0.20662837250829552 0.5449230547389856 0.2 0.85 0.7 0.6 0.65 0.9 1.0 0.05 0.9 0.9 0.3 0.4 1.0 0.85 0.7 0.9 0.95 0.85 0.35 0.9 0.9 0.35 0.85 0.2 0.95 0.6 0.95 0.8 0.35 0.8 1.0 0.4 0.7 0.85 0.65 0.3 
-0.006307350745268066 0.6098046486000259 0.7044236365489096 0.2 0.55 0.05 0.9 0.75 0.35 1.0 0.6 0.35 0.95 0.3 0.4 0.15 0.85 0.65 1.0 0.75 0.7 0.15 0.85 1.0 0.25 0.85 0.25 1.0 0.6 0.85 0.15 1.0 0.25 0.9 0.8 0.25 0.9 0.5 0.9 
-0.042923790882747635 0.5734619713292615 0.3723317299429463 1.0 0.65 0.35 0.0 0.3 1.0 1.0 0.1 0.3 0.55 0.2 0.05 0.75 0.9 0.6 0.65 0.35 0.4 0.05 0.6 0.15 0.35 0.0 0.75 1.0 0.75 0.5 0.3 0.85 0.15 0.65 0.4 0.3 1.0 0.65 0.3 
-2.728081362454035 0.6647469348184105 0.3592434320019823 1.0 0.65 0.35 0.75 0.4 1.0 1.0 0.1 0.3 0.45 0.2 0.05 0.75 0.9 0.6 0.85 0.35 0.4 0.05 0.6 0.15 0.35 0.0 0.75 0.8 0.75 0.2 0.3 0.85 0.15 0.9 0.4 0.3 1.0 0.65 0.3 
-4.526102972434076 0.7442664089833998 0.4343785566184337 0.0 0.35 0.3 0.6 0.6 0.0 1.0 0.4 0.4 0.55 0.0 0.55 0.9 0.9 0.4 1.0 0.55 0.55 0.15 0.1 0.5 0.35 0.3 0.7 0.55 0.1 0.75 0.95 0.0 0.45 0.95 0.15 0.2 0.1 0.05 0.65 
-7.617084622170194 0.6923673371067919 0.362762381009624 0.35 0.5 0.75 0.8 0.45 0.8 0.95 0.4 0.4 0.75 0.0 0.55 0.85 0.9 0.4 0.8 0.55 0.55 0.1 0.2 0.5 0.95 0.1 0.95 0.65 0.05 0.8 0.95 0.0 0.3 1.0 0.35 0.3 0.3 1.0 0.15 
-0.2805026750180939 0.17672830437659326 0.3967827721100168 0.2 0.85 0.3 0.35 0.65 0.25 1.0 0.05 0.9 0.95 0.3 0.4 1.0 0.85 0.7 0.9 0.95 0.9 0.35 0.9 0.9 0.35 0.85 0.2 0.6 0.15 0.9 1.0 0.35 0.8 1.0 0.4 0.7 1.0 0.65 0.3 
-1.4467305452346082 0.7448883222125323 0.4632956780817225 0.25 0.65 1.0 0.15 0.6 0.0 1.0 0.4 0.35 0.7 0.0 0.55 0.95 0.9 0.4 1.0 0.55 0.55 0.7 0.25 0.4 0.25 0.75 0.4 0.5 0.85 0.5 1.0 0.0 0.15 0.7 0.2 0.3 0.6 1.0 0.15 
-0.15997092093659845 0.4001304430339417 0.29422933315126787 0.35 0.85 0.7 0.65 0.3 0.9 1.0 0.15 0.65 0.95 0.3 0.4 1.0 0.85 0.8 0.75 0.95 0.8 0.55 1.0 0.9 0.45 0.2 0.35 0.8 0.5 0.95 1.0 0.35 0.8 0.25 0.4 0.7 0.95 0.65 0.3 
-3.116156257675401 0.17827794581361656 0.44344513717413453 0.5 0.85 0.7 0.6 0.65 0.9 1.0 0.1 0.9 0.9 0.3 0.4 1.0 0.85 0.7 0.9 0.95 0.85 0.35 0.9 0.9 0.35 0.85 0.2 0.35 0.6 0.5 0.8 0.35 0.8 1.0 0.4 0.7 0.85 0.65 0.3 
-12.073850506252077 0.18118261846016664 0.5039463965727284 0.25 0.85 0.7 0.6 0.65 0.9 1.0 0.0 0.8 0.95 0.3 0.4 1.0 0.85 0.7 0.85 0.95 0.9 0.35 0.9 0.9 0.0 0.85 0.2 0.35 0.6 0.45 1.0 0.35 0.8 1.0 0.4 0.7 0.85 0.65 0.3 
-0.1096197375285066 0.7724157527196538 0.5114263327797625 0.6 0.55 0.75 0.9 0.6 0.0 0.95 0.4 0.35 0.8 0.0 0.55 0.9 0.9 0.4 1.0 0.55 0.55 0.3 0.25 1.0 0.85 0.75 0.7 0.6 0.85 0.5 1.0 0.0 0.15 0.9 0.2 0.3 0.35 0.0 0.15 
-0.03678014214527343 0.7593667646274433 0.4978986956764433 0.25 0.55 1.0 0.15 0.6 0.0 0.95 0.4 0.35 0.7 0.0 0.55 1.0 0.9 0.4 1.0 0.55 0.55 0.3 0.4 0.4 0.25 0.75 0.7 0.5 0.85 0.5 1.0 0.0 0.15 0.85 0.2 0.3 0.55 0.3 0.95 
-4.413011748377076 0.18394071882007096 0.3934113492837097 0.2 0.85 0.3 0.35 0.65 0.25 1.0 0.05 0.9 0.95 0.3 0.4 1.0 0.85 0.7 0.95 0.95 0.9 0.35 0.9 0.9 0.35 0.85 0.2 0.6 0.15 0.9 1.0 0.35 0.8 1.0 0.4 0.7 1.0 0.65 0.3 
-0.6759348511030402 0.754037512521308 0.5530906784404154 0.6 0.55 0.75 0.8 0.6 0.0 0.95 0.4 0.35 0.8 0.0 0.55 0.9 0.9 0.4 0.55 0.55 0.55 0.3 0.25 1.0 0.85 0.75 0.7 0.6 0.85 0.5 1.0 0.95 0.15 0.9 0.2 0.3 0.35 0.0 0.15 
-2.4291707386034678 0.6170827157096377 0.35903018753075583 0.35 0.5 0.75 0.8 0.6 0.6 0.95 0.4 0.4 0.85 0.0 0.55 0.85 0.9 0.4 0.55 0.55 0.55 0.1 0.2 0.5 0.95 0.75 0.95 0.4 0.05 0.8 0.95 0.0 0.3 1.0 0.35 0.3 0.3 1.0 0.15 
-0.023686335990560546 0.5675025003545215 0.7264641076439546 0.2 0.9 0.45 0.9 0.75 0.35 1.0 0.6 0.35 0.95 0.3 0.4 0.9 0.85 0.65 0.8 0.75 0.7 0.8 0.25 1.0 0.25 0.85 0.25 0.9 0.6 0.85 0.3 1.0 0.2 0.9 0.8 0.25 0.85 0.5 0.9 
-3.863633004373957 0.7657412805958574 0.4742977956048741 0.25 0.65 1.0 0.15 0.6 0.0 1.0 0.4 0.35 0.7 0.0 0.55 0.95 0.9 0.4 1.0 0.55 0.55 0.7 0.25 0.4 0.25 0.75 0.1 0.5 0.85 0.5 1.0 0.0 0.15 0.7 0.2 0.3 0.6 1.0 1.0 
-2.0793859131379753 0.769287023685739 0.5369283226023945 0.6 0.55 0.75 0.9 0.6 0.0 0.95 0.4 0.35 0.8 0.0 0.55 0.8 0.9 0.4 1.0 0.55 0.55 0.3 0.25 1.0 0.85 0.7 0.7 0.6 0.85 0.5 1.0 0.0 0.15 0.9 0.2 0.3 0.35 0.0 0.15 
-2.5892234599402424 0.2411853391807084 0.3072706891960758 0.35 0.85 0.7 0.3 0.1 0.05 1.0 0.15 0.9 0.95 0.3 0.4 1.0 0.85 0.7 0.9 0.95 0.8 0.65 0.65 0.9 0.1 0.25 0.2 0.55 0.6 0.7 1.0 0.35 0.8 1.0 0.4 0.7 1.0 0.65 0.3 
-13.234335657896741 0.1772983976008921 0.47456706867961984 0.5 0.85 0.7 0.6 0.65 0.55 1.0 0.1 0.9 0.85 0.3 0.4 1.0 0.85 0.7 0.9 0.95 0.85 0.35 0.9 1.0 0.35 0.85 0.2 0.55 0.6 0.55 0.95 0.35 0.8 1.0 0.4 0.7 0.85 0.65 0.3 
-0.46375598525281997 0.773969807613544 0.525881140079405 0.25 0.55 1.0 0.15 0.6 0.0 0.95 0.4 0.35 0.7 0.0 0.55 0.95 0.9 0.4 1.0 0.55 0.55 0.3 0.4 0.4 0.25 0.75 0.7 0.5 0.85 0.5 1.0 0.0 0.15 0.85 0.2 0.3 0.55 0.8 0.95 
-1.4050850589909238 0.4962050864435584 0.3393184354897257 0.2 0.65 0.7 0.6 0.6 0.85 0.95 0.85 0.35 0.85 0.8 0.15 1.0 0.35 0.55 1.0 0.55 0.45 0.5 0.1 0.8 0.65 0.45 0.5 0.45 0.85 0.75 0.8 0.05 0.6 0.9 0.75 0.2 1.0 0.45 0.35 
-4.26663434442758 0.36422271354845726 0.6953751894905745 0.3 0.35 0.85 0.1 0.25 0.9 0.85 1.0 0.7 0.9 0.3 0.35 0.95 0.05 0.85 0.9 0.95 0.75 0.95 1.0 0.65 0.4 0.45 0.35 0.95 0.6 0.7 0.5 0.35 0.75 1.0 0.4 0.8 0.85 0.75 0.35 
-2.0858473214715962 0.6386647585552334 0.35206208536831296 1.0 0.65 0.35 0.75 0.4 1.0 1.0 0.1 0.3 0.45 0.2 0.05 0.9 0.9 0.6 0.9 0.35 0.4 0.05 0.6 0.9 0.35 0.0 0.75 0.65 0.75 0.2 0.3 0.85 0.15 0.65 0.4 0.3 1.0 0.65 0.3 
-3.8112379671923473 0.23901479011050858 0.6279993616173224 1.0 0.8 0.55 0.3 0.5 0.2 0.95 0.15 0.55 0.75 0.3 0.3 0.75 0.45 0.25 0.95 0.0 0.8 0.45 0.2 0.75 1.0 0.1 0.1 1.0 0.6 0.65 0.5 0.85 0.25 1.0 0.4 0.65 0.7 0.65 0.25 
-9.199130122369102 0.404087976388226 0.7065235494590119 0.3 0.85 0.85 0.1 0.25 0.9 0.85 0.95 0.7 0.9 0.3 0.35 1.0 0.05 0.85 0.9 0.95 0.75 0.95 1.0 0.65 0.4 0.45 0.0 0.95 0.6 0.35 0.7 0.35 0.75 1.0 0.4 0.8 0.85 0.75 0.35 
-1.5563527019436025 0.5133781882955013 0.7210306858911661 0.2 0.55 0.05 0.4 0.75 0.35 1.0 0.6 0.35 0.95 0.3 0.25 0.9 0.8 0.3 0.8 0.7 0.7 0.15 0.25 1.0 0.25 0.85 0.25 0.9 0.6 0.85 0.3 1.0 0.25 0.9 0.8 0.25 0.7 0.5 0.9 
-15.131854819227227 0.7284996391746975 0.4006247155932323 0.5 0.65 1.0 0.15 0.6 0.0 1.0 0.4 0.35 0.7 0.0 0.55 0.95 0.9 0.4 1.0 0.55 0.55 0.0 0.25 0.4 0.25 0.75 0.1 0.5 0.85 0.5 1.0 0.0 0.15 0.85 0.2 0.15 0.55 1.0 1.0 
-2.623311014466298 0.5308739318778329 0.7281927716162977 0.2 0.55 0.05 0.4 0.75 0.35 1.0 0.6 0.35 0.95 0.3 0.25 0.9 0.8 0.65 0.8 0.7 0.7 0.15 0.25 1.0 0.25 0.85 0.25 0.9 0.6 0.85 0.3 1.0 0.25 0.9 0.8 0.25 0.7 0.5 0.9 
-3.7315264877060073 0.26287506265267546 0.6459184101602752 1.0 0.8 0.55 0.3 0.5 0.2 0.95 0.15 0.55 0.9 0.3 0.3 0.75 0.45 0.25 0.95 0.0 0.8 0.2 0.2 0.8 0.25 0.1 1.0 1.0 0.6 0.65 0.55 0.85 0.25 1.0 0.4 0.65 0.7 0.65 0.25 
-13.656862540221715 0.43928390300040415 0.7029939189058223 0.3 0.35 0.85 0.1 0.25 0.9 0.85 0.95 0.7 0.95 0.3 0.35 0.95 0.05 0.85 0.9 0.95 0.75 0.95 1.0 0.65 0.4 0.45 0.0 0.95 0.6 0.35 0.7 0.35 0.75 1.0 0.4 0.8 0.85 0.75 0.35 
-15.740294372443389 0.36000949171548247 0.7150675804122842 0.3 0.35 0.85 0.1 0.25 0.9 0.85 1.0 0.7 0.9 0.3 0.35 0.95 0.05 0.85 0.9 0.95 0.75 0.95 1.0 0.65 0.4 0.45 0.35 0.95 0.6 0.35 0.5 0.35 0.75 1.0 0.4 0.8 0.85 0.75 0.35 
-4.591036656159776 0.22893258172007142 0.6175386677811638 1.0 0.8 0.55 0.3 0.5 0.2 0.95 0.15 0.55 0.9 0.3 0.25 0.75 0.45 0.25 0.95 0.0 0.8 0.2 0.2 0.8 0.25 0.1 1.0 1.0 0.6 0.65 0.55 0.85 0.25 1.0 0.4 0.55 0.75 0.65 0.25 
-7.073525158398627 0.2477485935745502 0.6568326755336021 1.0 0.8 0.55 0.3 0.5 0.2 0.95 0.15 0.55 0.9 0.3 0.3 0.75 0.45 0.25 0.95 0.0 0.8 0.2 0.2 0.8 0.25 0.1 1.0 1.0 0.6 0.65 0.5 0.85 0.25 1.0 0.4 0.65 0.7 0.65 0.25 
-0.6932352331877845 0.29244537585658703 0.29873207174370364 0.35 0.75 0.5 0.65 0.1 0.3 1.0 0.15 0.5 0.95 0.3 0.4 1.0 0.85 0.7 1.0 0.95 0.8 0.65 1.0 0.9 0.1 0.25 0.2 0.8 0.6 0.65 0.95 0.35 0.8 0.95 0.4 0.8 1.0 0.65 0.3 
-0.1694458312556384 0.2636997715345235 0.30591231596380464 0.35 0.3 0.4 0.3 0.1 0.85 1.0 0.15 0.85 0.95 0.3 0.4 1.0 0.85 0.7 0.9 0.95 0.8 0.6 0.65 0.9 0.1 0.25 0.2 0.55 0.6 0.9 1.0 0.35 0.8 0.75 0.4 0.7 1.0 0.65 0.3 
-16.581914902745364 0.3582329837477236 0.7057885573656748 0.3 0.35 0.85 0.1 0.25 0.9 0.85 1.0 0.7 0.9 0.3 0.35 0.9 0.05 0.85 0.9 0.95 0.75 0.95 1.0 0.65 0.4 0.45 0.35 0.95 0.6 0.35 0.5 0.35 0.75 1.0 0.4 0.8 0.85 0.75 0.35 
-12.41751079380268 0.41131470926624386 0.7076041562457256 0.3 0.85 0.85 0.1 0.25 0.9 0.8 0.95 0.7 0.9 0.3 0.35 1.0 0.05 0.85 0.9 0.95 0.75 0.95 1.0 0.65 0.5 0.45 0.0 0.95 0.6 0.35 0.7 0.35 0.75 1.0 0.4 0.8 0.85 0.75 0.35 
-4.19087833328714 0.21502088150392012 0.5965741940292731 1.0 0.8 0.55 0.3 0.5 0.2 0.95 0.15 0.55 0.9 0.3 0.25 0.9 0.45 0.25 0.95 0.0 0.8 0.2 0.2 0.8 0.25 0.1 1.0 1.0 0.6 0.65 0.55 0.85 0.25 1.0 0.4 0.55 0.75 0.65 0.25 
-5.1630155350852585 0.6412287983278077 0.7236526035804861 0.2 0.9 0.45 0.9 0.75 0.35 1.0 0.6 0.35 0.95 0.3 0.4 0.9 0.15 0.65 0.8 0.75 0.7 0.8 0.25 1.0 0.25 0.85 0.25 0.9 0.6 0.85 0.3 1.0 0.2 0.9 0.8 0.25 0.85 0.5 0.9 
-23.332037276649018 0.2771777608741889 0.6555245294519019 1.0 0.8 0.55 0.3 0.5 0.2 0.95 0.15 0.55 0.9 0.3 0.3 0.05 0.45 0.25 0.95 0.0 0.8 0.2 0.2 0.8 0.25 0.1 1.0 1.0 0.6 0.65 0.55 0.85 0.25 1.0 0.4 0.65 0.75 0.65 0.25 
-9.899034138682842 0.3075368510598764 0.69357556577967 1.0 0.8 0.55 0.3 0.5 0.2 0.95 0.15 0.35 0.75 0.3 0.3 0.75 0.45 0.25 0.95 0.0 0.8 0.45 0.2 0.75 1.0 0.1 0.1 1.0 0.6 0.65 0.5 0.85 0.1 1.0 0.4 0.65 0.7 0.65 0.25 
