-0.03802200010452081 0.467855345333236 0.5189939505519312 1.0 0.3 0.5 1.0 0.35 0.8 1.0 0.85 0.6 0.55 0.1 0.1 0.95 0.35 0.15 0.2 1.0 0.5 0.8 0.4 0.55 0.35 0.75 0.85 0.9 0.7 0.95 0.4 0.0 0.8 0.2 0.3 0.35 0.3 0.0 0.8 
-0.0011685173563253776 0.5042309243247522 0.5034811857146924 0.0 0.1 0.2 1.0 0.3 0.4 0.9 0.85 0.7 0.0 0.8 0.0 0.6 0.1 0.9 0.45 0.15 0.9 0.95 0.1 0.45 0.35 0.45 0.85 0.95 0.35 0.8 0.9 0.8 0.2 0.4 0.45 0.75 0.5 0.85 0.7 
-0.0027774072945539736 0.4726942388589129 0.5113595335372253 0.55 0.3 0.85 0.1 0.7 0.55 0.7 0.7 0.7 0.5 0.75 1.0 0.7 0.2 0.45 1.0 0.35 0.7 0.0 0.15 0.95 0.0 0.45 0.15 0.6 0.55 0.6 0.25 0.45 0.6 0.15 0.25 0.1 0.0 0.7 0.65 
-3.2465858510792826e-05 0.5451427701186252 0.4711688104214602 0.9 0.8 0.85 0.75 0.6 0.15 0.7 0.95 0.7 0.65 0.45 0.4 0.0 0.6 1.0 0.95 1.0 0.8 0.25 0.1 0.0 0.35 0.5 0.7 0.15 0.9 0.8 0.95 0.0 0.2 0.9 0.2 0.35 0.0 0.55 0.7 
-0.01760421603841991 0.5675504159866517 0.5052800550280371 0.75 0.35 0.85 0.75 0.6 0.85 0.8 0.6 0.95 0.45 0.75 0.1 0.1 0.6 0.65 0.95 1.0 0.35 0.35 0.3 0.7 0.85 0.5 0.7 0.8 0.9 0.25 0.95 0.0 0.2 0.9 0.8 0.2 0.0 0.55 0.2 
-0.0018099463657538157 0.5264824742119179 0.49464904198704146 0.55 0.3 0.85 0.3 0.7 0.5 0.7 0.7 0.7 0.5 0.75 1.0 0.7 0.2 0.45 1.0 0.35 0.7 0.0 0.15 0.95 0.0 0.45 0.15 0.6 0.55 0.1 0.25 0.05 0.6 0.15 0.25 0.1 0.0 0.7 0.65 
-0.0028892368771997867 0.48568114080291785 0.5018497284240011 0.85 0.8 0.6 0.75 0.85 0.9 0.9 0.3 0.35 0.4 0.6 0.4 0.25 0.1 0.1 0.85 0.95 0.4 0.8 0.7 0.95 0.95 0.9 0.3 0.6 0.25 0.95 0.15 0.5 0.05 0.4 0.9 0.45 0.55 0.1 0.45 
-0.0030104024871151045 0.53442826953358 0.5019612261917621 0.5 0.35 0.85 0.75 0.6 0.35 0.55 0.6 0.45 0.65 0.7 0.0 0.0 0.6 1.0 0.55 0.25 0.5 0.9 0.3 0.4 1.0 0.5 0.55 0.85 0.1 0.45 0.55 0.1 0.2 0.9 0.1 0.25 0.0 0.55 0.1 
-0.0027416271067059726 0.4438255950943384 0.5245867659530532 0.7 0.25 0.75 0.15 0.7 0.75 0.7 0.1 0.85 0.55 0.1 0.25 0.35 0.6 0.5 0.15 0.2 0.45 0.7 0.7 0.75 0.45 0.15 0.4 0.3 0.95 0.7 0.3 0.85 0.15 0.85 0.4 0.25 0.9 0.0 0.35 
-0.0002242224816317476 0.5377243562547501 0.487494417290966 0.6 0.65 0.5 0.1 0.75 1.0 0.05 0.3 0.45 0.5 0.75 0.55 0.75 0.85 0.1 0.75 0.4 0.0 0.15 0.3 0.55 0.4 0.5 0.9 0.15 0.85 0.7 0.4 0.15 0.4 0.3 0.3 0.45 0.9 0.95 0.9 
-0.0005088655667213193 0.5465183679223077 0.5130749938042043 0.4 0.15 0.85 0.75 0.05 0.15 0.3 0.95 0.3 0.65 0.6 0.1 0.0 0.5 1.0 0.95 1.0 0.75 0.9 0.3 0.4 0.6 0.5 0.8 0.8 0.75 0.25 0.95 0.0 0.2 0.9 0.8 0.2 0.0 0.9 0.7 
-0.0005183299112757556 0.4838449477416307 0.510854176409372 0.8 0.8 0.25 0.25 0.25 0.4 0.9 0.1 0.15 0.4 0.55 0.8 0.7 0.7 0.8 0.8 0.15 0.25 0.5 0.6 0.25 0.15 0.5 0.4 0.5 0.0 0.85 0.05 0.2 0.4 0.35 0.55 0.55 0.25 0.8 0.25 
-0.04235948759283255 0.5129342123771827 0.5275211400694831 0.7 0.45 0.05 1.0 0.3 0.4 0.9 0.8 0.7 0.3 0.8 0.0 0.85 0.1 0.9 0.0 0.15 0.25 0.95 0.55 0.45 0.35 0.45 0.85 0.95 0.35 0.8 0.9 0.45 0.2 0.3 0.45 0.75 0.5 0.7 0.7 
-0.003178299544663057 0.5379022361249711 0.4158782120952562 1.0 0.65 0.55 0.5 0.0 0.3 0.2 0.95 0.5 0.15 0.95 0.3 0.7 0.6 0.95 0.9 0.65 0.7 0.6 0.1 0.7 0.05 0.25 0.6 0.7 1.0 0.25 0.75 0.6 0.3 0.9 0.0 0.85 0.9 0.75 0.8 
-0.004032758313919861 0.4687207592628526 0.484002120755408 0.85 0.15 0.5 0.95 0.35 0.45 1.0 0.85 0.45 0.35 0.1 0.1 0.95 0.45 0.25 0.25 0.15 0.4 0.1 0.2 0.9 0.35 0.75 0.2 0.65 0.55 0.75 0.6 0.4 0.7 0.0 0.4 1.0 0.15 0.0 0.8 
-0.0068593249162688195 0.4471469255459915 0.5054917931301512 0.8 0.8 0.25 0.1 0.0 0.6 0.9 0.1 0.85 0.95 0.7 0.8 1.0 0.6 0.8 0.8 0.7 0.65 0.7 0.85 0.35 0.15 0.35 0.4 0.5 0.35 0.65 0.0 0.4 0.0 0.2 0.55 0.55 0.25 1.0 0.25 
-0.009353577578525436 0.43470103739326327 0.4719472467807723 0.7 0.0 0.25 0.4 0.25 0.5 0.45 0.3 0.45 0.0 0.25 0.0 0.9 0.35 0.6 0.85 0.25 0.1 0.4 0.5 0.3 0.6 0.0 0.1 0.2 0.0 0.9 0.25 0.75 0.25 0.6 0.8 0.1 0.05 0.05 0.1 
-0.0052760001319104004 0.5361096162362105 0.4709929563961122 0.85 0.45 0.45 0.0 0.5 0.75 0.35 0.25 0.2 1.0 0.6 0.75 0.35 0.55 0.75 0.3 0.15 0.1 0.4 0.55 0.9 0.35 0.4 0.55 0.1 0.85 0.05 0.3 0.15 0.7 0.2 0.85 0.15 0.6 0.05 0.75 
-0.0808924637096556 0.49678107405495847 0.46038585473453136 0.95 0.1 0.65 0.75 0.3 0.4 0.9 0.8 0.7 0.4 0.8 0.7 0.0 0.1 0.9 0.0 1.0 0.9 0.05 0.55 0.4 0.35 0.45 0.85 1.0 0.15 0.7 0.7 0.3 0.2 0.45 0.3 0.75 0.5 0.85 0.15 
-0.028791920155973538 0.5155436632982172 0.4704875943623689 0.9 0.35 0.15 0.15 0.6 0.9 0.95 0.55 0.65 0.2 0.95 0.1 0.0 0.25 1.0 0.95 1.0 0.7 0.9 0.3 0.25 0.45 0.65 0.7 0.8 0.1 0.15 0.75 0.0 0.2 0.1 0.1 0.65 0.0 0.55 0.9 
-0.006424536862843619 0.4762865565779636 0.5744869047455231 0.85 0.45 0.3 0.75 0.15 0.3 0.9 0.45 0.7 0.3 0.8 0.7 0.0 0.1 0.05 0.1 0.0 0.5 1.0 0.55 0.75 0.35 0.45 0.85 0.45 0.4 0.8 0.95 0.75 0.4 0.7 0.9 0.85 0.25 0.55 0.7 
-0.0461747073151418 0.4948549465157552 0.5592799673313384 0.85 0.45 0.3 0.4 0.15 0.3 0.9 0.45 0.7 0.3 0.8 0.7 0.0 0.1 0.05 0.1 0.0 0.5 1.0 0.55 0.75 0.35 0.45 0.85 0.45 0.4 0.8 0.95 0.75 0.15 0.7 0.9 0.85 0.25 0.55 0.7 
-0.00011518669041732485 0.46004596851122104 0.4741167410752547 1.0 0.3 0.5 1.0 0.35 0.45 1.0 0.85 0.6 0.35 0.2 0.35 0.95 0.35 0.25 0.2 1.0 0.7 0.75 0.5 0.55 0.8 0.75 0.55 0.1 0.1 0.75 0.4 0.0 0.8 0.2 0.3 0.75 0.3 0.0 0.8 
-0.013563121751052523 0.4496879872213152 0.5433507654088436 1.0 0.45 0.05 0.75 0.15 0.3 0.7 0.45 0.7 0.5 0.35 0.9 0.75 0.55 0.95 0.95 0.75 0.9 0.45 0.55 0.35 0.5 0.45 0.85 0.7 0.4 0.55 0.95 0.8 0.4 0.8 0.05 1.0 0.15 0.55 1.0 
-0.01169771258371202 0.4594891093581185 0.5635742721022877 0.95 0.45 0.2 1.0 0.3 0.4 0.9 0.8 0.7 0.3 0.8 0.0 0.85 0.1 0.9 0.0 0.15 0.95 0.95 0.55 0.45 0.35 0.45 0.85 0.3 0.35 0.8 0.9 0.8 0.2 0.4 0.45 0.75 0.5 0.7 0.7 
-0.0008267826908646622 0.5444021930953834 0.545708266582061 0.65 0.35 0.75 0.25 0.6 0.25 0.75 0.6 0.3 0.2 0.75 0.45 0.85 0.9 0.8 0.05 1.0 0.8 1.0 0.85 0.5 0.95 0.05 0.65 1.0 0.95 0.3 0.8 0.95 0.2 0.55 0.05 0.2 0.65 0.85 0.7 
-0.026669265024406752 0.5398974475792677 0.5218812445952322 0.5 0.25 1.0 0.75 0.6 0.5 0.1 0.6 0.3 0.65 0.95 0.7 0.0 0.15 1.0 0.65 0.35 0.75 0.9 0.3 0.4 1.0 0.5 0.55 0.4 0.9 0.45 0.4 0.0 0.2 0.9 0.1 0.2 0.0 0.55 0.8 
-0.009278979600622649 0.530521206554788 0.4538744409326938 0.75 0.35 0.75 0.15 0.6 0.15 0.95 0.65 0.65 0.4 0.95 0.1 0.0 0.25 1.0 0.95 1.0 0.45 0.9 0.3 0.25 0.45 0.5 0.7 0.8 0.35 0.35 0.75 0.0 0.1 0.1 0.75 0.65 0.0 0.55 0.9 
-0.008209516429843385 0.5289975140650365 0.5491413592974664 0.55 0.35 0.75 0.1 0.6 0.1 0.7 0.6 0.45 0.2 0.75 0.45 0.85 0.9 0.8 1.0 1.0 0.9 0.9 0.3 0.5 1.0 0.8 0.55 1.0 0.9 0.5 0.4 0.95 0.2 0.55 0.75 0.2 0.85 0.1 0.7 
-0.0025565634203625885 0.5703452341237784 0.47083074104480216 0.9 0.8 0.85 0.75 0.6 0.15 0.7 0.6 0.7 0.65 0.45 0.75 0.0 0.6 1.0 0.95 1.0 0.8 0.2 0.1 0.15 0.35 0.5 0.7 0.25 0.9 0.25 0.95 0.0 0.2 0.9 0.2 0.35 0.0 0.55 0.7 
-0.00035701216504777024 0.48663746448702616 0.5584313125640928 0.45 0.45 0.3 0.75 0.15 0.3 0.9 0.45 0.7 0.3 0.8 0.7 0.0 0.05 0.05 0.1 0.0 0.5 1.0 0.55 0.75 0.35 0.45 0.85 0.45 0.4 1.0 0.35 0.75 0.4 0.15 0.9 0.85 0.25 0.55 0.35 
-0.01898395065965829 0.4600794357961271 0.44318424670550277 0.65 0.6 0.9 0.65 0.6 0.55 0.95 0.0 0.45 0.45 0.15 0.5 0.3 0.6 0.65 0.1 0.0 0.75 0.6 0.2 0.9 0.2 0.15 0.95 0.05 0.65 0.65 0.2 0.95 0.5 0.1 0.25 0.35 0.9 0.4 0.95 
-0.05599909909177495 0.3821559336017043 0.4774086287043746 0.6 0.1 0.15 0.8 0.3 0.3 0.9 0.8 0.7 0.4 0.85 0.15 0.0 0.3 0.55 0.0 1.0 0.9 0.95 0.55 0.65 0.45 0.45 0.85 0.8 0.35 0.15 0.25 0.8 0.25 0.25 0.9 0.2 0.05 0.85 0.55 
-0.0030666138669017138 0.5892306175308382 0.5035691491951689 0.9 0.35 0.85 0.75 0.3 0.15 0.8 0.2 0.3 0.45 1.0 0.1 0.0 0.6 0.95 0.95 1.0 0.75 0.9 0.45 0.4 0.15 0.25 0.5 0.9 0.9 0.25 0.95 0.0 0.25 0.25 0.1 1.0 0.0 0.7 0.7 
-0.020266169072369725 0.4708070386984946 0.45287536575183884 0.65 0.6 0.9 0.65 0.6 0.55 0.95 0.0 0.45 0.45 0.15 0.5 0.3 0.6 0.65 0.1 0.0 0.75 0.6 0.2 0.9 0.2 0.9 0.95 0.4 0.65 0.65 0.2 0.95 0.5 0.1 0.25 0.35 0.9 0.4 0.95 
-0.016400979667209475 0.5631178665991153 0.5265762147494255 0.55 0.35 0.35 0.75 0.6 0.15 0.75 0.6 0.3 0.15 0.5 1.0 0.0 0.6 0.85 0.95 1.0 0.75 0.9 0.15 0.0 0.35 0.5 0.55 0.8 0.9 0.6 0.7 0.95 0.2 1.0 0.1 0.95 1.0 0.55 0.7 
-0.004506595001780659 0.552096627699678 0.44325928618774413 0.7 0.35 0.25 0.15 0.6 0.35 0.95 0.55 0.65 0.4 0.95 0.1 0.0 0.9 1.0 0.95 1.0 0.65 0.5 0.3 0.3 0.7 0.65 0.7 0.1 0.35 0.15 0.5 0.0 0.2 0.6 0.1 0.65 0.0 0.55 0.4 
-0.001675799562017496 0.5231569117412629 0.5756100848740238 0.5 0.25 1.0 0.75 0.6 0.5 0.25 0.6 0.3 0.65 0.95 0.7 0.0 0.15 1.0 0.65 1.0 0.75 0.9 0.3 0.4 0.5 0.5 0.55 0.8 0.9 0.45 0.75 0.0 0.2 0.9 0.1 0.2 0.0 0.15 0.8 
-0.0038861390546918013 0.5593937433571143 0.4563343083930898 0.9 0.8 0.85 0.75 0.6 0.15 0.7 0.6 0.7 0.65 0.45 0.4 0.0 0.6 1.0 0.95 1.0 0.8 0.2 0.1 0.6 0.35 0.5 0.7 0.25 0.9 0.8 0.95 0.0 0.2 0.9 0.2 0.35 0.0 0.55 0.7 
-0.002176545168684063 0.41396936588057587 0.505676205584265 0.7 0.7 0.75 0.3 0.7 0.75 0.7 0.1 0.85 0.55 0.1 0.25 0.35 0.6 0.5 0.15 0.2 0.45 0.7 0.7 0.75 0.45 0.15 0.4 0.3 0.95 0.7 0.3 0.85 0.15 0.1 0.4 0.25 0.9 0.0 0.35 
-0.022296171508160198 0.565886558350217 0.41833020853999914 0.9 0.5 0.25 0.15 0.6 0.15 0.95 0.65 0.6 0.45 0.95 0.1 0.3 0.9 1.0 0.25 0.95 0.7 0.9 0.3 0.25 0.45 0.65 0.7 0.95 0.35 0.15 0.7 0.0 0.2 0.6 0.1 0.65 0.0 0.55 0.4 
-0.00640799484909868 0.5811101544278627 0.4536574996316849 0.9 0.35 0.25 0.15 0.6 0.35 0.95 0.55 0.65 0.4 0.95 0.1 0.0 0.9 1.0 0.95 1.0 0.65 0.5 0.25 0.3 0.95 0.65 0.7 0.95 0.35 0.15 0.5 0.0 0.2 0.6 0.1 0.65 0.0 0.55 0.4 
-0.02687347863525676 0.40964777356810045 0.4543697855028771 0.85 0.3 0.5 0.8 0.35 0.45 0.95 0.85 0.45 0.35 0.1 0.1 0.95 0.35 0.05 0.6 0.75 0.25 0.6 0.5 0.35 0.35 0.75 0.2 0.55 0.9 0.7 0.6 0.0 0.8 0.1 0.6 0.45 0.6 0.25 0.5 
-0.01198321776615917 0.4340927808604567 0.4459867020326205 1.0 0.8 0.5 0.4 0.0 0.4 0.9 0.35 0.35 0.95 0.75 0.45 0.6 0.15 0.8 0.25 0.15 0.2 1.0 0.15 0.4 0.35 0.75 0.7 0.75 0.45 0.8 0.2 0.95 0.0 0.35 0.05 0.55 0.25 1.0 0.25 
-0.00735929899668926 0.42494262651167275 0.43247869927551535 0.8 0.3 0.5 0.8 0.35 0.45 0.65 0.8 0.6 0.35 0.1 0.0 0.95 0.95 0.25 0.3 1.0 0.3 0.3 0.65 0.9 0.35 0.05 0.55 0.25 0.05 0.55 0.6 0.0 0.8 0.7 0.3 0.6 0.3 0.0 0.25 
-0.00461276905997719 0.5854903295544076 0.4665610949590101 0.9 0.35 0.85 0.75 0.6 0.15 0.8 0.6 0.95 0.45 0.75 0.1 0.1 0.5 0.65 0.95 1.0 0.35 0.35 0.3 0.7 0.85 0.5 0.7 0.8 0.9 0.25 0.95 0.0 0.2 0.9 0.8 0.2 0.0 0.55 0.2 
-8.442435700005784e-05 0.5787892394986223 0.5556223587412468 0.55 0.35 0.35 0.75 0.6 0.15 0.55 0.6 0.25 0.15 0.5 1.0 0.0 0.6 0.85 0.95 1.0 0.75 0.9 0.15 0.2 0.35 0.5 0.55 0.8 0.9 0.6 0.7 0.95 0.2 1.0 0.1 0.95 1.0 0.55 0.7 
-0.016891447194735787 0.5836558574222313 0.5305105498767355 0.9 0.35 0.85 0.95 0.6 0.55 0.8 0.55 0.3 0.05 0.95 0.1 0.0 0.6 1.0 0.95 1.0 0.75 0.9 0.3 0.4 0.35 0.7 0.95 0.8 0.9 0.25 0.9 0.0 0.2 0.9 0.1 0.2 0.0 0.55 0.7 
-0.008594943418116105 0.43254425391040485 0.5932752483212927 0.95 0.45 0.05 0.75 0.15 0.3 0.7 0.45 0.7 0.5 0.35 0.5 0.75 0.1 0.95 0.95 0.9 0.9 1.0 0.55 0.35 0.35 0.95 0.85 0.7 0.4 0.55 0.95 0.8 0.4 0.8 1.0 1.0 0.15 0.55 1.0 
-0.007927431157801573 0.4215531110592043 0.508673283171957 1.0 0.3 0.5 0.35 0.35 0.45 1.0 0.85 0.6 0.35 1.0 0.1 1.0 0.35 0.25 0.2 1.0 0.7 0.8 0.5 0.55 0.45 0.75 0.55 0.9 0.1 0.75 0.4 0.0 0.8 0.2 0.3 0.5 0.3 0.8 0.8 
-0.030039477177645903 0.6226127507928145 0.5278207069350022 0.9 0.35 0.85 0.4 0.6 0.25 0.55 0.6 1.0 0.65 0.5 0.6 0.0 0.9 0.85 0.65 1.0 0.5 0.6 0.3 0.4 0.35 0.5 0.55 0.8 0.9 0.6 0.9 0.9 0.2 0.4 0.1 0.2 1.0 0.55 0.7 
-0.0032331859015966 0.6047655972448963 0.4993105791661053 0.55 0.35 0.85 0.75 0.6 0.15 0.75 0.6 0.1 0.65 0.5 0.6 0.8 0.6 0.85 0.95 0.0 0.75 0.9 0.3 0.0 0.45 0.5 0.55 0.8 0.9 0.6 0.7 0.95 0.2 0.55 0.1 0.25 1.0 0.1 0.7 
-0.03534414473027652 0.42264547616801773 0.536408905173103 1.0 0.3 0.1 1.0 0.35 0.45 1.0 0.85 0.6 0.35 0.1 0.1 0.95 0.35 0.25 0.2 1.0 0.7 0.75 0.5 0.55 0.35 0.75 0.55 0.1 0.45 0.75 0.4 0.2 0.8 0.2 0.3 0.5 0.3 0.0 0.8 
-0.019212975936195597 0.48459907056014623 0.606089186317224 1.0 0.45 0.05 0.75 0.15 0.3 0.7 0.45 0.7 0.5 0.35 0.5 0.75 0.55 0.95 0.95 0.9 0.9 1.0 0.55 0.35 0.35 0.45 0.85 0.7 0.4 0.55 0.95 0.8 0.4 0.8 0.05 1.0 0.15 0.55 1.0 
-0.018103749295748282 0.5477547262489229 0.4170804388628935 1.0 0.6 0.55 0.5 0.0 0.3 0.45 0.95 0.5 0.15 0.95 0.3 0.7 0.6 0.95 0.45 0.65 0.7 0.6 0.1 0.7 0.05 0.95 0.6 0.5 1.0 0.25 0.75 0.6 0.3 0.9 0.0 0.85 0.9 0.75 0.8 
-0.01829940844692948 0.4513458119980863 0.44217632899983794 0.4 0.6 0.2 0.65 0.55 0.55 0.95 0.0 0.5 0.6 0.15 0.5 0.6 0.6 0.25 0.65 0.3 0.75 0.6 0.15 0.9 0.2 0.9 0.5 0.4 0.55 0.3 0.35 0.95 0.5 0.1 0.15 0.0 0.0 0.9 0.85 
-0.013787576847894226 0.6179310938793716 0.4776500769428551 0.9 0.35 0.9 0.75 0.6 0.15 0.8 0.6 0.55 0.65 1.0 0.1 0.0 0.6 1.0 0.75 0.2 0.0 0.95 0.3 0.2 0.35 0.5 0.7 0.9 0.9 0.25 0.95 0.0 0.2 0.9 0.1 0.2 0.0 0.55 0.05 
-0.009224200157470767 0.6353844694161253 0.44955554493188044 0.9 0.3 0.85 0.55 0.6 0.15 0.8 0.6 0.3 0.45 1.0 0.1 0.4 0.1 0.65 0.75 1.0 0.9 0.7 0.45 0.65 0.95 0.3 0.95 0.9 0.9 0.25 0.75 0.0 0.3 0.9 0.55 0.85 0.0 0.55 0.7 
-0.04295102285693674 0.5696190969172268 0.5660619249757705 0.55 0.35 0.35 0.75 0.6 0.15 0.1 0.6 0.85 0.15 0.5 1.0 0.0 0.6 0.85 0.95 1.0 0.75 0.9 0.15 0.2 0.35 0.5 0.55 0.8 0.9 0.6 0.7 0.95 0.2 1.0 0.1 0.95 1.0 0.55 0.7 
-0.013905569536345126 0.49390826527704257 0.5833639385672955 0.85 0.45 0.3 0.75 0.15 0.3 0.9 0.45 0.7 0.3 0.8 0.7 0.0 0.1 0.05 0.1 0.0 0.5 1.0 0.55 0.75 0.35 0.45 0.85 0.45 0.4 0.8 0.95 0.75 0.15 0.7 0.9 0.85 0.25 0.55 0.7 
-0.06301831855072972 0.6781090645993066 0.4569942482229127 0.85 0.35 0.7 0.7 0.6 0.25 0.8 0.6 0.3 0.65 0.5 0.6 0.0 0.9 0.85 0.95 0.2 0.1 0.85 0.35 0.7 0.2 0.5 0.5 1.0 0.9 0.6 0.7 0.9 0.2 0.1 0.1 0.25 1.0 0.55 1.0 
-0.007243397757174087 0.5900219643207095 0.4472739311492862 0.75 0.35 0.85 0.75 0.6 0.15 0.8 0.6 0.95 0.45 0.75 0.1 0.1 0.6 0.65 0.95 1.0 0.35 0.35 0.3 0.7 0.85 0.5 0.7 0.8 0.9 0.25 0.95 0.0 0.2 0.9 0.8 0.2 0.0 0.55 0.2 
-0.010699993608470765 0.6289108956612505 0.4901689555734471 0.9 0.35 0.85 0.6 0.6 0.25 0.45 0.6 1.0 0.65 0.5 0.6 0.0 0.9 0.85 0.95 1.0 0.5 0.25 0.3 1.0 0.35 0.5 0.55 0.8 0.9 0.6 0.7 0.9 0.2 0.9 0.1 0.2 1.0 0.55 0.7 
-0.03371132771227178 0.6054031146833856 0.45142462016211143 0.9 0.4 0.45 0.15 0.6 0.15 0.95 0.55 0.65 0.4 0.3 0.1 0.0 0.25 0.7 0.95 0.75 0.65 0.9 0.3 0.45 0.5 0.5 0.55 0.7 0.35 0.15 0.75 0.0 0.2 0.1 0.55 0.65 0.0 0.55 0.9 
-0.01343172661320109 0.5176268959561426 0.4176207541967386 1.0 0.65 0.55 0.5 0.0 0.3 0.2 0.95 0.5 0.15 0.95 0.3 0.7 0.6 0.95 0.9 0.65 0.7 0.3 0.1 0.7 0.05 0.25 0.6 0.7 1.0 0.25 0.75 0.6 0.3 0.9 0.0 0.85 0.9 0.75 0.8 
-0.01827823967606428 0.504357393559491 0.43619926363737455 1.0 0.65 0.55 0.5 0.0 0.3 0.5 0.95 0.5 0.15 0.0 0.3 0.7 0.6 0.6 0.9 0.65 0.7 0.3 0.1 0.7 0.05 0.25 0.15 0.7 1.0 0.35 0.75 0.6 0.3 0.9 0.0 0.85 0.9 0.75 0.6 
-0.020087679021233103 0.6104047817910303 0.38709444878578064 0.55 0.35 0.25 0.15 0.6 0.15 0.95 0.55 0.6 0.45 0.95 0.1 0.25 0.85 1.0 0.25 1.0 0.7 0.9 0.3 0.45 0.45 0.45 0.7 0.95 0.35 0.15 0.5 0.0 0.2 0.6 0.1 0.65 0.0 0.55 0.4 
-0.00145888607719383 0.41093266562073644 0.5381038628093133 0.9 0.8 0.5 0.4 0.1 0.4 0.35 0.65 0.05 0.95 0.7 0.7 0.6 0.9 0.8 0.25 0.15 0.2 1.0 0.15 0.3 0.45 0.75 0.05 0.95 0.55 0.65 0.05 0.2 0.0 0.95 0.95 0.55 0.25 1.0 0.25 
-0.00714487509456516 0.4138881603819693 0.4740567746138109 0.9 0.0 0.25 0.45 0.25 0.5 0.45 0.3 0.5 0.0 0.25 0.0 0.4 0.8 0.35 0.85 0.25 0.1 0.4 0.5 0.3 0.6 0.05 0.1 0.7 0.0 0.15 0.05 0.65 0.5 0.6 0.75 0.1 0.15 0.05 0.95 
-0.022474168883254236 0.6451570265245553 0.5444990899243671 0.3 0.35 0.6 0.4 0.85 0.25 1.0 0.6 0.15 0.75 0.5 0.7 0.1 0.95 0.85 0.95 0.75 0.4 0.9 0.3 0.4 0.1 0.55 0.55 0.85 0.8 0.6 0.7 0.9 0.2 0.9 0.1 0.4 1.0 0.55 0.7 
-0.016283005961322275 0.5871922194988664 0.3976543959655022 0.6 0.4 0.1 0.15 0.6 0.7 0.95 0.55 0.65 0.55 0.95 0.1 0.0 0.25 0.7 0.9 0.6 0.7 0.9 0.15 0.8 0.65 0.5 0.65 0.7 0.35 0.2 0.75 0.0 0.2 0.1 0.1 0.05 0.3 0.55 0.9 
-0.00807095146271405 0.5600602008157576 0.5612368468391018 0.5 0.15 0.8 0.75 0.6 0.35 0.25 0.6 0.9 0.65 0.0 0.55 0.0 0.9 1.0 0.65 1.0 0.4 0.9 0.3 0.4 1.0 0.5 0.55 0.8 0.9 0.45 0.8 0.0 0.2 0.9 0.1 0.2 0.0 0.55 0.8 
-0.020945638620006958 0.6284823809772038 0.4333248574398459 0.9 0.35 0.85 0.75 0.6 0.15 0.75 0.5 0.8 0.45 0.65 0.1 0.0 0.6 0.95 0.95 1.0 0.75 0.95 0.45 0.4 0.2 0.8 0.7 0.9 0.9 0.25 0.95 0.0 0.2 0.9 0.1 0.45 0.0 0.3 0.7 
-0.0012005520815791604 0.478722379413062 0.40353844181525317 1.0 0.3 0.5 1.0 0.35 0.3 1.0 0.85 0.6 0.65 0.1 0.1 0.35 0.15 0.9 0.2 1.0 0.2 0.4 0.6 0.7 0.35 0.75 0.55 0.9 0.1 0.7 1.0 0.2 0.8 0.2 0.35 0.35 0.3 0.0 0.55 
-0.0017476366987686628 0.4139402175504586 0.569420663568896 0.7 0.45 0.05 1.0 0.3 0.45 0.9 0.8 0.7 0.3 0.8 0.0 0.85 0.1 0.9 0.0 0.15 0.25 0.95 0.5 0.45 0.35 0.45 0.45 0.85 0.35 0.8 0.9 0.8 0.2 0.4 0.45 0.2 0.5 0.7 0.7 
-0.008699931595633875 0.3871608374582328 0.5290119256232877 0.95 0.1 0.2 0.75 0.35 0.4 0.9 0.8 0.65 0.45 0.8 0.25 0.0 1.0 0.45 0.0 0.15 0.9 0.95 0.55 0.65 0.2 0.45 0.65 0.95 0.35 0.8 0.7 0.8 0.2 0.9 0.45 0.75 1.0 0.85 0.7 
-0.004377799779223366 0.5948616655597875 0.3972410005684214 0.9 0.35 0.25 0.55 0.6 0.15 0.95 0.55 0.6 0.45 0.95 0.1 0.35 0.05 0.5 0.25 1.0 0.7 0.9 0.3 0.3 0.45 0.45 0.7 0.95 0.35 0.15 0.5 0.8 0.2 0.6 0.1 0.65 0.0 0.35 0.4 
-0.0020359012685558066 0.457259557266703 0.4197728214421621 0.55 1.0 0.6 0.25 0.0 0.4 0.8 0.1 0.3 0.95 0.7 0.8 0.7 0.6 0.8 0.8 0.6 0.25 0.5 0.6 0.35 0.15 0.3 0.4 0.5 0.0 0.85 0.05 0.1 0.4 0.2 0.05 0.55 0.25 0.8 0.25 
-0.027472779621796457 0.6173944992688412 0.43166649425961096 0.9 0.35 0.85 0.75 0.6 0.15 0.75 0.5 0.1 0.6 1.0 0.1 0.0 0.6 0.95 0.95 0.05 0.35 0.45 0.45 0.4 0.35 0.25 0.55 0.8 0.9 0.25 0.7 0.05 0.2 0.55 0.1 0.0 0.2 0.55 0.7 
-0.004059266959077395 0.37150748830040015 0.5295818849911892 0.15 0.75 0.2 0.75 0.3 0.3 0.9 0.8 0.7 0.4 0.8 0.7 0.0 0.7 0.6 0.0 1.0 0.75 0.95 0.55 0.65 0.35 0.45 0.85 0.7 0.35 0.7 0.25 0.8 0.45 0.25 0.05 0.85 0.65 0.85 0.7 
-0.005395201241869718 0.6167475087793834 0.5563434282217513 0.9 0.35 0.15 0.75 0.6 0.15 0.8 0.5 0.1 0.45 1.0 0.1 0.5 0.6 0.95 0.95 1.0 0.9 0.95 0.45 0.4 0.35 0.85 0.7 0.9 0.9 0.25 0.95 0.0 0.2 0.9 0.55 0.45 0.0 0.3 0.7 
-0.007928837596332271 0.3625862638173579 0.45834341191301337 0.85 0.3 0.95 0.8 0.35 0.45 1.0 0.85 0.6 0.35 0.1 0.1 0.95 0.35 0.25 0.25 1.0 1.0 0.5 0.5 0.55 0.35 0.75 0.55 0.65 0.1 0.75 0.4 0.0 0.8 0.2 0.3 0.0 0.3 0.05 0.1 
-0.013824546910841883 0.4745431609711542 0.4414077884671077 0.1 0.3 0.2 1.0 0.35 0.45 0.75 0.85 0.6 0.6 0.85 0.35 0.95 0.35 0.45 0.2 1.0 0.7 0.75 0.05 0.55 0.35 0.75 0.55 1.0 0.8 0.75 0.4 0.0 0.8 0.8 0.75 1.0 0.3 0.0 0.1 
-0.0016926570164587209 0.6818583183568638 0.47420581700098297 0.9 0.35 0.85 0.75 0.6 0.15 0.8 0.2 0.3 0.45 1.0 0.1 0.0 0.6 0.95 0.95 1.0 0.75 0.9 0.45 0.4 0.15 0.25 0.5 0.9 0.9 0.25 0.95 0.0 0.2 0.9 0.1 0.6 0.0 0.7 0.7 
-0.011525624738329777 0.3935887933242757 0.5327493818912439 0.95 0.1 0.2 1.0 0.3 0.4 0.85 0.85 0.7 0.3 0.6 0.1 0.35 0.1 0.9 0.45 0.15 0.3 0.95 0.55 0.45 0.35 0.2 0.2 0.95 0.35 0.8 0.9 0.8 0.2 0.7 0.55 0.75 0.65 0.85 0.7 
-0.0012724037596003246 0.40047271823928376 0.456817064739765 0.85 0.3 0.5 0.8 0.35 0.45 1.0 0.85 0.6 0.35 0.1 0.1 0.95 0.35 0.25 0.6 1.0 0.25 0.75 0.5 0.85 0.45 0.45 0.65 0.55 0.05 0.2 0.05 0.0 0.8 0.1 0.3 0.45 0.3 0.1 0.25 
-0.0025132678842787713 0.545780804235446 0.5687576261649461 0.2 0.35 0.75 0.1 0.6 0.5 0.35 0.8 0.45 0.25 0.75 0.45 0.85 0.9 0.8 1.0 1.0 0.9 0.9 0.3 0.3 1.0 0.5 0.55 1.0 0.9 0.5 0.8 0.95 0.2 0.55 0.75 0.2 0.85 0.1 0.95 
-0.03398426510858089 0.6402301119512671 0.5356737206752659 0.9 0.35 0.85 0.4 0.6 0.25 0.15 0.6 1.0 0.45 0.5 0.6 0.0 0.9 0.85 0.65 1.0 0.5 0.6 0.3 0.4 0.35 0.5 0.55 0.8 0.9 0.6 0.9 0.95 0.2 0.4 0.1 0.2 1.0 0.55 0.7 
-0.01087017630702479 0.5950007960657564 0.5837224275436678 0.9 0.35 0.7 0.85 0.6 0.25 1.0 0.6 0.1 0.0 0.5 0.6 0.0 0.9 0.85 0.95 0.75 0.35 0.85 0.3 0.5 0.75 0.55 0.65 0.8 0.9 0.6 0.7 0.6 0.2 0.9 0.1 0.4 1.0 0.55 0.95 
-0.012054205909411643 0.6434210174962443 0.4977119003947412 0.9 0.35 0.7 0.5 0.6 0.25 1.0 0.6 0.3 0.05 0.5 0.6 0.0 0.9 0.9 0.25 0.1 0.35 0.65 0.3 0.5 0.55 0.55 0.55 1.0 0.9 0.55 0.7 1.0 0.2 0.95 0.1 0.4 0.05 0.55 0.95 
-0.010376572293554324 0.6655680760505986 0.48418108869570425 0.9 0.35 0.85 0.25 0.6 0.15 0.75 0.5 0.1 0.45 1.0 0.1 0.0 0.6 0.95 0.95 1.0 0.75 0.95 0.45 0.4 0.7 0.8 0.7 0.9 0.9 0.25 0.95 0.0 0.2 0.9 0.1 0.45 0.0 0.3 0.7 
-0.00915709220749627 0.39655273493459264 0.5777551375852084 0.9 0.55 0.05 0.75 0.35 0.55 0.65 0.8 0.7 0.4 0.8 0.7 0.0 0.5 0.05 0.0 0.3 0.9 0.95 0.55 0.2 0.35 0.45 0.85 0.85 0.35 0.7 0.95 0.8 0.5 0.25 0.9 0.85 0.15 0.85 0.7 
-0.005040253716544899 0.3716294161155863 0.5559275203151075 1.0 0.05 0.05 0.7 0.2 0.3 0.75 0.8 0.7 0.4 0.8 0.7 0.0 0.1 0.05 0.0 0.55 1.0 0.95 0.55 0.65 0.35 0.75 0.8 0.7 0.35 0.7 0.95 0.8 0.2 0.25 0.6 0.85 0.25 0.55 0.95 
-0.011106555320398469 0.3519809401680842 0.502244754441164 1.0 0.8 0.5 0.4 0.0 0.4 0.9 0.35 0.35 0.95 0.75 0.45 0.6 0.15 0.8 0.25 0.15 0.2 1.0 0.15 0.4 0.35 0.8 0.45 0.45 0.45 0.8 0.2 0.4 0.0 0.35 0.05 0.55 0.25 1.0 0.25 
-0.004475339021187885 0.5338160648508695 0.4071667073235483 1.0 0.65 0.55 0.5 0.0 0.3 0.2 0.95 0.2 0.15 0.95 0.3 0.7 0.6 0.95 0.9 0.65 0.7 0.6 0.1 0.7 0.05 0.25 0.6 0.7 1.0 0.2 0.75 0.6 0.3 0.9 0.0 0.85 0.9 0.75 0.8 
-0.004816981153120638 0.37779715819120513 0.4909041434354726 0.85 0.3 0.5 1.0 0.35 0.45 1.0 0.85 0.6 0.9 0.1 0.1 0.95 0.35 0.25 0.2 1.0 0.7 0.95 0.7 0.55 0.5 0.75 0.4 0.9 0.1 0.75 0.25 0.0 0.8 0.2 0.0 0.35 0.3 0.0 0.8 
-0.12243832360508851 0.4969412229833313 0.625127951893975 0.9 0.45 0.05 0.75 0.15 0.3 0.95 0.45 0.7 0.4 0.45 0.75 0.7 0.3 0.05 0.15 0.0 0.9 0.95 0.55 0.75 0.35 0.45 0.85 0.6 0.4 0.8 1.0 0.8 0.4 0.6 0.25 0.85 0.1 0.55 0.7 
-0.019489949472132496 0.41994324860774446 0.6044944296972137 1.0 0.45 0.05 0.75 0.15 0.3 0.4 0.55 0.85 0.5 0.8 0.85 0.05 0.35 0.05 0.95 0.7 0.9 1.0 0.55 0.65 0.3 0.95 0.85 0.7 0.4 0.55 0.95 0.8 0.4 0.8 0.05 0.15 0.15 0.55 1.0 
-0.009519166499631623 0.6430918841732858 0.5154041844982743 0.9 0.35 0.15 0.75 0.6 0.15 0.8 0.2 0.3 0.45 1.0 0.1 0.0 0.6 0.95 0.95 1.0 0.65 0.9 0.5 0.4 0.15 0.25 0.5 0.9 0.9 0.25 0.95 0.0 0.2 0.9 0.1 0.6 0.0 0.7 0.7 
-0.001593523625851541 0.46261446879142615 0.3903830318678383 0.8 0.8 0.25 0.25 0.0 0.4 0.9 0.1 0.3 0.95 0.7 0.8 0.7 0.6 0.8 0.8 0.15 0.25 0.65 0.6 0.35 0.15 0.5 0.4 0.5 0.0 0.85 0.05 0.1 0.4 0.75 0.55 0.55 0.25 0.8 0.25 
-0.004771801631851094 0.540870964593321 0.37505671079711916 0.9 0.35 0.75 0.15 0.6 0.15 0.95 0.55 0.65 0.4 0.95 0.1 0.0 0.25 1.0 0.95 1.0 0.7 0.9 0.3 0.25 0.45 0.5 0.7 0.8 0.35 0.15 0.75 0.0 0.1 0.1 0.75 0.65 0.0 0.55 0.9 
-0.014844702988825896 0.6009414023709833 0.3846581694858376 0.9 0.35 0.15 0.15 0.6 0.7 0.95 0.55 0.65 0.4 0.95 0.1 0.0 0.25 1.0 0.95 1.0 0.7 0.9 0.3 0.25 0.45 0.5 0.7 0.8 0.35 0.15 0.75 0.0 0.2 0.1 0.1 0.65 0.0 0.55 0.9 
-0.014719218724465228 0.6624690935164885 0.4094296179003901 0.9 0.35 0.85 0.75 0.6 0.15 0.8 0.5 0.1 0.45 1.0 0.1 0.0 0.6 0.95 0.95 1.0 0.9 0.95 0.45 0.4 0.35 0.25 0.7 0.9 0.9 0.25 0.95 0.0 0.2 0.9 0.1 0.45 0.0 0.3 0.7 
-0.0006602602065196296 0.6483285175637304 0.4705097645753821 0.9 0.35 0.6 0.7 0.6 0.15 0.8 0.6 0.3 0.45 1.0 0.1 0.0 0.6 0.9 0.95 1.0 0.0 0.75 0.45 0.4 0.35 0.6 0.55 1.0 0.9 0.25 0.95 0.0 0.2 1.0 0.1 0.6 0.0 0.55 0.7 
-0.013593564657058231 0.6407863548339131 0.5741559596469815 0.9 0.35 0.4 0.65 0.6 0.25 1.0 0.6 0.45 0.7 0.9 0.75 0.1 0.9 0.9 0.95 0.1 0.35 1.0 0.3 0.5 0.95 0.6 0.35 1.0 0.9 0.55 0.7 0.9 0.2 0.95 0.1 0.65 0.1 0.55 0.95 
-0.04219345801267457 0.5731298548933248 0.4097563504444891 0.9 0.4 0.1 0.15 0.6 0.7 0.95 0.55 0.65 0.55 0.95 0.1 0.0 0.25 0.7 0.9 0.6 0.7 0.9 0.35 0.8 0.65 0.5 0.65 0.7 0.35 0.2 0.75 0.0 0.2 0.1 0.1 0.05 0.3 0.55 0.9 
-0.008741906193919513 0.34879861731880013 0.4694453022933225 0.8 0.1 0.2 0.8 0.3 0.3 0.9 0.8 0.7 0.4 0.8 0.45 0.7 0.65 0.75 0.0 1.0 0.9 0.65 0.55 0.65 0.25 0.45 0.75 0.8 0.35 0.7 0.25 0.8 0.2 0.3 0.85 1.0 0.05 0.85 0.7 
-0.008577082253918155 0.41141815332207415 0.4282446727566607 0.85 0.3 0.5 0.8 0.35 0.45 1.0 0.85 0.6 0.35 0.1 0.1 0.95 0.35 0.25 0.6 1.0 0.25 0.75 0.5 0.85 0.45 0.45 0.65 0.55 0.05 0.2 0.45 0.0 0.8 0.1 0.3 0.45 0.3 0.1 0.5 
-0.023073405200566968 0.44417080281553956 0.6313446059494023 1.0 0.45 0.05 0.75 0.15 0.3 0.4 0.55 0.85 0.5 0.8 0.85 0.0 0.35 0.05 0.95 0.7 0.9 1.0 0.55 0.65 0.3 0.45 0.85 0.7 0.4 0.55 0.95 0.8 0.4 0.8 0.05 0.15 0.15 0.55 1.0 
-0.0037736417538600385 0.5783822925469768 0.5776815876315561 0.55 0.35 0.85 0.15 0.6 0.1 0.2 0.6 0.3 0.2 0.1 0.15 0.85 0.9 0.8 0.3 1.0 0.2 0.9 0.3 0.0 0.95 0.6 0.55 0.95 0.9 0.5 0.8 0.95 0.2 0.55 0.75 0.2 1.0 0.1 0.7 
-0.01645779398535268 0.6758359376551378 0.44974200066773756 0.95 0.35 0.6 0.8 0.6 0.25 1.0 0.6 0.3 0.95 0.5 0.7 0.0 0.0 0.85 0.95 1.0 0.4 0.9 0.3 0.4 0.1 0.55 0.55 0.4 0.8 0.6 0.7 0.9 0.2 0.9 0.1 0.4 1.0 0.55 0.7 
-0.012896538565821573 0.4511455509544311 0.6133070476269111 1.0 0.45 0.05 0.75 0.15 0.3 0.2 0.4 0.7 0.5 0.8 0.85 0.0 0.1 0.05 0.65 0.9 0.9 1.0 0.55 0.6 0.35 0.45 0.65 0.7 0.4 0.55 0.95 0.8 0.4 0.5 0.05 0.95 0.15 0.55 0.1 
-0.011964281275750761 0.4839092714982313 0.6085584536727155 1.0 0.45 0.05 0.75 0.15 0.3 0.7 0.45 0.7 0.5 0.35 0.5 0.75 0.1 0.95 0.95 0.9 0.9 1.0 0.55 0.35 0.35 0.45 0.85 0.7 0.4 0.55 0.95 0.8 0.4 0.8 0.05 1.0 0.15 0.55 1.0 
-0.008142253286565699 0.5926278587594608 0.5724917826470421 0.55 0.35 0.35 0.75 0.6 0.15 0.75 0.6 0.3 0.15 0.5 1.0 0.0 0.6 0.85 0.95 1.0 0.75 0.9 0.15 0.4 0.35 0.5 0.55 0.8 0.9 0.6 0.7 0.95 0.2 1.0 0.1 0.95 1.0 0.55 0.7 
-0.009331342072518678 0.46852947068463563 0.6119697701066328 1.0 0.45 0.05 0.75 0.15 0.3 0.7 0.45 0.7 0.5 0.35 0.3 0.75 0.55 0.95 0.95 0.75 0.9 1.0 0.55 0.35 0.35 0.45 0.85 0.7 0.4 0.55 0.95 0.8 0.4 0.8 0.05 1.0 0.15 0.55 1.0 
-0.0037206986303946203 0.5129995912607302 0.6100027524080767 0.55 0.3 0.75 0.1 0.95 0.5 0.35 0.6 0.3 0.2 0.75 0.45 0.85 0.25 0.8 1.0 1.0 0.9 0.9 0.3 0.5 1.0 0.5 0.55 1.0 0.9 0.5 0.8 0.95 0.2 0.7 0.75 0.2 0.85 0.15 0.7 
-0.009493736305209966 0.6731000437610563 0.42717632802752686 0.9 0.35 0.7 0.9 0.6 0.25 1.0 0.6 0.3 0.65 0.5 0.6 0.0 0.9 0.1 0.95 0.2 0.35 0.85 0.3 0.5 0.8 0.6 0.55 1.0 0.95 0.55 0.65 1.0 0.2 0.95 0.1 0.4 0.5 0.55 0.95 
-0.00592731694705454 0.5874865236943774 0.3586868828837263 0.7 0.35 0.25 0.15 0.6 0.15 0.95 0.55 0.6 0.45 0.95 0.1 0.25 0.85 1.0 0.25 1.0 0.7 0.95 0.3 0.9 0.45 0.45 0.7 0.95 0.35 0.15 0.5 0.0 0.2 0.9 0.1 0.9 0.0 0.55 0.5 
-0.03510715992696509 0.6439547309584566 0.4032359589927418 0.9 0.35 0.25 0.15 0.6 0.15 0.95 0.65 0.6 0.45 0.95 0.1 0.3 0.9 1.0 0.25 1.0 0.7 0.9 0.3 0.25 0.45 0.65 0.7 0.95 0.35 0.15 0.7 0.0 0.2 0.6 0.1 0.65 0.0 0.55 0.4 
-0.016913391041055888 0.43417757889349395 0.4241048984098833 0.85 0.3 0.5 0.15 0.35 0.45 1.0 0.85 0.6 0.35 0.1 0.35 0.95 0.35 0.25 0.25 1.0 1.0 0.15 0.95 0.55 0.35 0.75 0.55 0.65 0.1 0.75 0.6 0.0 0.8 0.2 0.3 0.0 0.3 0.0 0.8 
-0.0119934276111689 0.5404761761174 0.5947903256765406 0.55 0.35 0.75 0.25 0.6 0.2 0.25 0.6 0.5 0.2 0.75 0.35 0.6 0.9 0.9 0.05 1.0 0.8 1.0 0.3 0.5 1.0 0.5 0.2 1.0 0.95 0.5 0.8 0.95 0.35 0.55 0.75 0.2 1.0 0.85 0.7 
-0.004086215347938065 0.39608229623453833 0.4506937606313468 0.8 0.8 0.25 0.1 0.0 0.6 0.9 0.1 0.3 0.95 0.7 0.8 1.0 0.6 0.8 0.8 0.7 0.65 0.7 0.85 0.35 0.15 0.35 0.4 0.5 0.35 0.65 0.0 0.4 0.0 0.2 0.55 0.55 0.25 1.0 0.25 
-0.016995027358938552 0.686676949077037 0.5543075574428826 1.0 0.4 0.85 0.75 0.6 0.1 0.25 0.6 0.3 0.75 0.05 0.05 0.85 0.8 0.75 0.05 1.0 0.8 0.9 0.3 0.5 0.6 0.5 0.55 1.0 0.9 0.35 0.95 0.95 0.2 0.25 0.75 0.2 0.15 0.2 0.7 
-0.022156478924664835 0.4280979527189432 0.6190160564288902 1.0 0.45 0.05 0.75 0.15 0.3 0.4 0.55 0.6 0.5 0.8 0.85 0.0 0.35 0.05 0.95 0.7 0.9 1.0 0.55 0.65 0.3 0.45 0.85 0.7 0.95 0.55 0.95 0.8 0.4 0.05 0.05 0.15 0.15 0.55 1.0 
-0.00040138259132141803 0.6185904841413884 0.5834348073196243 0.3 0.35 0.6 0.4 0.85 0.25 1.0 0.6 0.75 0.75 0.5 0.7 0.1 0.95 0.85 0.95 0.75 0.4 0.9 0.3 0.4 0.1 0.55 0.55 0.85 0.8 0.6 0.7 0.9 0.2 0.9 0.1 0.4 1.0 0.55 0.7 
-0.021994468824266894 0.33679465062079417 0.5078524381059051 1.0 0.8 0.5 0.4 0.0 0.4 0.9 0.35 0.35 0.95 0.75 0.45 0.6 0.15 0.8 0.25 0.15 0.2 1.0 0.15 0.4 0.35 0.75 0.45 0.75 0.45 0.8 0.2 0.4 0.0 0.35 0.05 0.55 0.25 1.0 0.25 
-0.007003410822767685 0.6434343343705987 0.3663374004569801 0.9 0.35 0.25 0.55 0.6 0.15 0.95 0.55 0.6 0.45 0.95 0.1 0.35 0.05 1.0 0.25 1.0 0.7 0.9 0.3 0.3 0.45 0.45 0.7 0.95 0.35 0.15 0.5 0.0 0.2 0.6 0.1 0.65 0.0 0.35 0.4 
-0.03656474051797437 0.6314837783740818 0.38793609492954534 0.55 0.35 0.25 0.15 0.6 0.15 0.95 0.55 0.6 0.45 0.95 0.1 0.25 0.85 1.0 0.25 1.0 0.7 0.9 0.3 0.3 0.45 0.45 0.7 0.95 0.35 0.15 0.5 0.0 0.2 0.6 0.1 0.65 0.0 0.55 0.4 
-0.04633358358668049 0.6564697335661258 0.397298869862738 0.9 0.35 0.85 0.7 0.6 0.15 0.8 0.6 0.3 0.45 1.0 0.1 0.0 0.6 0.9 0.95 0.45 0.2 0.75 0.45 0.4 0.35 0.55 0.55 0.85 0.9 0.25 0.9 0.0 0.2 0.25 0.1 0.6 0.0 0.55 0.7 
-0.010438612061853085 0.5142781612843234 0.5914295405717027 0.9 0.15 0.85 0.75 0.05 0.15 0.3 0.95 0.3 0.65 0.95 0.1 0.0 0.5 1.0 0.95 1.0 0.75 0.9 0.3 0.4 0.6 0.5 0.55 0.8 0.75 0.25 0.95 0.0 0.2 0.9 0.8 0.2 0.0 0.55 0.7 
-0.016564269068682046 0.5533337737812024 0.3665935624642658 0.9 0.35 0.75 0.15 0.6 0.15 0.95 0.55 0.65 0.4 0.95 0.1 0.0 0.25 1.0 0.95 1.0 0.7 1.0 0.3 0.7 0.45 0.5 0.7 0.8 0.35 0.15 0.65 0.0 0.1 0.1 0.75 0.65 0.0 0.55 0.9 
-0.009067682114829365 0.6695896665315983 0.5561067862163421 0.9 0.35 0.4 0.65 0.6 0.25 1.0 0.6 0.45 0.7 0.55 0.75 0.0 0.9 0.9 0.95 0.1 0.35 1.0 0.3 0.5 0.95 0.6 0.35 1.0 0.9 0.55 0.7 0.9 0.2 0.95 0.1 0.65 0.1 0.55 0.95 
-0.002531111008308132 0.33290512043892684 0.5399428203525216 0.9 0.1 0.15 0.8 0.3 0.3 0.9 0.8 0.7 0.4 0.75 0.7 0.0 0.1 0.05 0.0 0.3 0.9 0.95 0.55 0.65 0.35 0.45 0.85 0.8 0.35 0.9 0.25 0.8 0.05 0.25 0.9 0.2 0.5 0.85 0.7 
-0.0513106980087828 0.662019337384798 0.5323123898594158 0.85 0.4 0.85 0.75 0.6 0.1 0.2 0.6 0.75 0.3 0.05 0.05 0.25 0.8 0.75 0.05 0.7 0.8 0.9 0.3 0.5 0.6 0.5 0.55 1.0 0.9 0.35 0.35 0.95 0.2 1.0 0.75 0.75 0.15 0.2 0.7 
-0.004294582773033243 0.3894753983680558 0.6004941027120358 0.95 0.45 0.05 1.0 0.3 0.4 0.9 0.8 0.7 0.35 0.8 0.0 0.85 0.1 0.9 0.0 0.15 0.95 0.75 0.55 0.45 0.35 0.45 0.85 0.95 0.35 0.8 0.9 0.8 0.2 0.4 0.45 0.75 0.5 0.7 0.7 
-0.0032057484869791636 0.4665610596116172 0.6418886215628159 1.0 0.45 0.05 0.75 0.15 0.3 0.2 0.4 0.7 0.5 0.8 0.85 0.0 0.1 0.05 0.65 0.9 0.9 1.0 0.55 0.6 0.35 0.45 0.85 0.7 0.4 0.55 0.95 0.8 0.4 0.5 0.05 0.85 0.15 0.55 0.1 
-0.01613059427544697 0.39093827468661585 0.5776942148881424 0.95 0.1 0.0 1.0 0.3 0.4 0.95 0.85 0.7 0.3 0.6 0.1 0.35 0.1 0.2 0.45 0.15 0.3 0.25 0.55 0.45 0.35 0.45 0.85 0.95 0.35 0.8 0.9 0.8 0.3 0.7 0.0 0.75 0.65 0.85 0.7 
-0.007222367403323301 0.672720583886224 0.4102056472718514 0.9 0.35 0.7 0.7 0.6 0.25 1.0 0.6 0.3 0.65 0.5 0.6 0.0 0.9 0.85 0.95 0.2 0.1 0.85 0.35 0.95 0.2 0.5 0.55 1.0 0.9 0.6 0.7 0.9 0.2 0.1 0.1 0.4 1.0 0.55 0.1 
-0.001824923144740603 0.626336762216345 0.3541632147295873 0.9 0.35 0.85 0.75 0.6 0.15 0.8 0.6 0.3 0.45 1.0 0.1 0.0 0.1 0.65 0.95 1.0 0.9 0.05 0.45 0.65 0.95 0.4 0.95 0.9 0.9 0.25 0.75 0.0 0.3 0.9 0.55 0.0 0.0 0.55 0.7 
-0.012246861121224716 0.5494810350755343 0.6219589364901401 0.5 0.35 0.7 0.75 0.6 0.35 0.25 0.45 0.25 0.65 0.95 0.7 0.0 0.95 0.2 0.95 0.3 0.5 0.9 0.3 0.4 1.0 0.5 0.55 0.85 0.9 0.45 0.95 0.1 0.2 0.9 0.1 0.2 0.0 0.55 0.1 
-0.009828253156711193 0.6871304999325407 0.5144089343506575 0.9 0.35 0.85 0.75 0.6 0.25 0.55 0.65 0.3 0.65 0.5 0.6 0.0 0.4 0.85 0.4 0.8 0.95 0.7 0.3 0.45 0.55 0.5 0.55 0.8 0.9 0.65 0.15 0.9 0.2 0.4 0.1 0.2 0.0 0.55 0.7 
-0.018034590277890762 0.5365983472322828 0.6111007402906252 0.55 0.35 0.85 0.15 0.75 0.1 0.35 0.6 0.45 0.2 0.75 0.45 0.85 0.9 0.8 1.0 1.0 0.8 0.9 0.3 0.5 1.0 0.5 0.55 1.0 0.9 0.8 0.8 0.95 0.2 0.55 0.75 0.6 1.0 0.95 0.7 
-0.012942980416716824 0.3495446278928736 0.5688412866305018 0.6 0.1 0.15 0.8 0.3 0.3 0.9 0.8 0.7 0.4 0.85 0.7 0.0 0.1 0.55 0.0 1.0 0.9 0.95 0.55 0.65 0.45 0.45 0.85 0.8 0.35 0.9 0.25 0.8 0.25 0.25 0.9 0.2 0.05 0.85 0.7 
-0.005443752092496088 0.5847890603748997 0.6186789242012743 0.55 0.35 0.75 0.15 0.6 0.55 0.35 0.6 0.45 0.2 0.75 0.65 0.85 0.9 0.8 1.0 1.0 0.45 0.95 0.4 0.5 1.0 0.5 0.55 1.0 0.9 0.5 0.8 0.95 0.35 0.35 0.9 0.2 0.85 0.1 0.7 
-0.014503964587463567 0.5551520880585931 0.3653782817000413 0.9 0.35 0.75 0.15 0.6 0.15 0.95 0.55 0.65 0.4 0.95 0.1 0.0 0.25 1.0 0.95 1.0 0.7 0.9 0.3 0.4 0.45 0.5 0.7 0.8 0.35 0.15 0.75 0.0 0.1 0.1 0.75 0.65 0.0 0.55 0.9 
-0.014812731309289688 0.5660386201481159 0.5865816648382719 0.5 0.95 0.85 0.75 0.5 0.15 0.25 0.6 0.3 0.65 0.95 0.2 0.0 0.6 1.0 0.8 1.0 0.75 0.9 0.3 0.4 1.0 0.5 0.55 0.8 0.9 0.65 0.95 0.0 0.2 0.9 0.1 0.2 0.0 0.55 0.7 
-0.023572301637664148 0.4193834060679149 0.6399044010914852 0.95 0.1 0.2 1.0 0.3 0.4 0.8 0.25 0.7 0.3 0.55 0.55 0.35 0.1 0.9 1.0 0.15 0.9 0.95 0.5 0.45 0.35 0.45 0.85 0.95 0.35 0.5 0.9 0.8 0.2 0.4 0.45 0.75 0.5 0.8 0.7 
-0.012268140269804105 0.3724249447007903 0.42551152200708947 1.0 0.4 0.5 0.95 0.35 0.45 1.0 0.85 0.6 0.45 0.1 0.1 0.95 0.35 0.25 0.2 1.0 0.7 0.3 0.5 0.5 0.5 0.75 0.55 0.6 0.1 0.3 0.4 0.0 0.8 0.2 0.35 0.35 0.3 0.0 0.95 
-0.03157151750053912 0.41571974662453465 0.4112873663478772 0.85 0.3 0.5 0.15 0.35 0.45 1.0 0.85 0.6 0.35 0.8 0.35 0.95 0.35 0.25 0.25 0.3 1.0 0.15 0.95 0.55 0.35 0.75 0.55 0.65 0.1 0.75 0.6 0.95 0.8 0.2 0.3 0.0 0.3 0.0 0.8 
-0.00019585128271438742 0.3584513065852539 0.49756388748637537 0.85 0.3 0.5 1.0 0.35 0.45 1.0 0.85 0.6 0.9 0.1 0.1 0.95 0.35 0.25 0.2 1.0 0.7 0.95 0.7 0.55 0.5 0.75 0.4 0.9 0.1 0.75 0.4 0.0 0.8 0.2 0.0 0.35 0.3 0.0 0.8 
-0.006644958467031333 0.6985670686740876 0.515191387407392 0.9 0.35 0.85 0.75 0.6 0.25 0.55 0.65 0.3 0.65 0.5 0.6 0.0 0.4 0.85 0.4 0.8 0.2 0.95 0.3 0.45 0.35 0.5 0.55 0.8 0.9 0.65 0.15 0.9 0.2 0.9 0.1 0.2 0.0 0.55 0.7 
-0.005295592967657363 0.3598274870088556 0.44708852089070417 1.0 0.3 0.5 1.0 0.35 0.45 1.0 0.85 0.6 0.5 0.1 0.1 0.95 0.35 0.5 0.7 0.7 0.05 0.55 0.5 0.45 0.45 0.0 0.55 0.85 0.15 0.95 0.55 0.0 0.8 0.1 0.3 0.2 0.05 0.0 0.8 
-0.008658991732448777 0.3855584751830274 0.6228630567709559 0.45 0.1 0.75 0.75 0.3 0.4 0.9 0.8 0.7 0.35 0.8 0.7 0.0 0.1 0.9 0.0 0.65 0.9 0.95 0.55 0.7 0.35 0.45 0.85 0.95 0.35 0.8 0.7 0.8 0.2 0.9 0.0 0.75 0.6 0.85 0.7 
-0.03388125802208794 0.5948756390617731 0.6190626692048631 0.65 0.35 0.75 0.1 0.55 0.5 0.35 0.8 0.45 0.2 0.75 0.45 0.85 0.9 0.8 1.0 1.0 0.9 0.9 0.3 0.5 1.0 0.5 0.55 1.0 0.9 0.5 0.8 0.95 0.2 0.55 0.75 0.2 0.85 0.1 0.7 
-0.012748480756915462 0.5612340363087516 0.6370582037533807 0.55 0.35 0.85 0.15 0.6 0.1 0.35 0.6 0.3 0.2 0.75 0.45 0.85 0.9 0.8 0.05 1.0 0.8 0.9 0.3 0.5 0.85 0.5 0.55 0.95 0.9 0.5 0.8 0.95 0.2 0.55 0.75 0.2 1.0 0.1 0.7 
-0.013784116641730394 0.5727263450847468 0.34530404868593695 0.9 0.35 0.15 0.15 0.6 0.15 0.95 0.55 0.65 0.4 0.95 0.1 0.0 0.95 1.0 0.95 1.0 0.7 0.9 0.3 0.0 0.45 0.5 0.05 0.95 0.35 0.15 0.75 0.0 0.2 0.1 0.1 0.65 0.05 0.55 0.9 
-0.009134447244185974 0.33690534868703714 0.5848973881172141 0.95 0.1 0.65 0.75 0.3 0.4 0.9 0.8 0.7 0.45 0.8 0.7 0.0 0.1 0.9 0.0 1.0 0.9 0.75 0.55 0.15 0.35 0.45 0.85 0.9 0.35 0.7 0.7 0.8 0.2 0.9 0.3 0.75 0.5 0.85 0.65 
-0.011076393614166881 0.47464687623773083 0.39326792874184496 0.8 0.8 0.25 0.25 0.0 0.4 0.9 0.1 0.3 0.95 0.7 0.8 0.7 0.6 0.8 0.8 0.15 0.25 0.5 0.6 0.35 0.15 0.5 0.4 0.5 0.0 0.85 0.05 0.1 0.4 0.2 0.55 0.55 0.25 0.8 0.25 
-0.029475333242446708 0.491931698957455 0.6481083519950888 0.35 0.1 0.2 1.0 0.3 0.4 0.75 0.45 0.7 0.55 0.8 0.55 0.55 0.1 0.0 1.0 0.9 0.5 0.95 0.55 0.8 0.35 0.45 0.85 0.95 0.35 0.7 0.9 0.8 0.2 0.25 0.45 0.75 0.5 0.75 0.7 
-0.03108712255556861 0.6828587481937315 0.5601042135304302 0.9 0.35 0.7 0.65 0.6 0.1 1.0 0.6 0.45 0.95 0.55 0.35 0.1 0.9 0.9 0.95 0.1 0.35 0.9 0.3 0.5 0.4 0.2 0.65 1.0 0.9 0.55 0.6 0.9 0.2 0.95 0.1 0.65 0.3 0.55 0.95 
-0.00037089071043601635 0.5287819910205155 0.3733151378777637 0.9 0.4 0.1 0.15 0.6 0.7 0.95 0.55 0.65 0.55 0.95 0.1 0.0 0.25 0.7 0.9 0.6 0.9 0.9 0.05 0.4 0.5 0.5 0.65 0.7 0.35 0.2 0.75 0.0 0.2 0.1 0.1 0.05 0.3 0.55 0.4 
-0.00854722315646498 0.3289747183512375 0.5602164850734259 1.0 0.05 0.05 0.75 0.3 0.3 0.9 0.8 0.7 0.35 0.8 0.7 0.0 0.1 0.05 0.0 0.55 0.9 0.95 0.55 0.65 0.35 0.45 0.85 0.7 0.35 0.7 0.95 0.8 0.4 0.95 0.45 0.85 1.0 0.85 0.7 
-0.0014760645137476753 0.5442995782923898 0.35068818314963024 0.95 0.4 0.45 0.15 0.6 0.15 0.75 0.55 0.65 0.5 0.95 0.1 0.7 0.25 0.3 0.9 0.6 0.0 0.5 0.3 0.65 0.65 0.5 0.65 0.7 0.5 0.2 0.75 0.0 0.2 0.2 0.3 0.05 0.3 0.85 0.9 
-0.02381296415199821 0.30972291284355014 0.5456648455690402 0.95 0.1 0.2 0.95 0.3 0.4 0.95 0.75 0.7 0.4 0.8 0.7 0.0 0.65 0.8 0.05 1.0 0.8 0.95 0.75 0.4 0.35 0.6 0.85 0.95 0.35 0.65 0.85 0.8 0.4 0.9 0.45 0.75 0.6 0.7 0.05 
-0.004395061297784938 0.4016412271837872 0.4189376301791729 0.35 0.35 0.6 0.8 0.35 0.45 1.0 0.85 0.6 0.35 0.1 0.1 0.95 0.35 0.1 0.6 1.0 0.25 0.75 0.5 0.85 0.45 0.75 0.55 0.55 0.05 0.2 0.6 0.0 0.8 0.1 0.3 0.45 0.3 0.1 0.5 
-0.0069533772591815896 0.6668202798326286 0.5720273458343675 0.55 0.35 0.85 0.75 0.6 0.15 0.75 0.6 0.3 0.25 0.4 0.05 0.45 0.6 1.0 0.95 1.0 0.8 0.9 0.3 0.5 0.6 0.5 0.0 1.0 0.9 0.5 0.7 0.95 0.2 1.0 0.1 0.2 1.0 0.1 0.7 
-0.003984218034677537 0.6137593066915327 0.3424164375733061 0.9 0.35 0.85 0.75 0.6 0.15 0.8 0.6 0.3 0.45 1.0 0.1 0.4 0.1 0.65 0.75 1.0 0.9 0.7 0.45 0.65 0.95 0.3 0.95 0.9 0.9 0.25 0.75 0.0 0.3 0.9 0.55 0.85 0.0 0.55 0.7 
-0.02188241998686689 0.4202321859764742 0.38817410249646767 0.85 0.3 0.5 0.15 0.35 0.45 1.0 0.85 0.6 0.35 0.8 0.35 0.95 0.35 0.25 0.25 1.0 1.0 0.15 0.95 0.55 0.35 0.75 0.55 0.65 0.1 0.75 0.6 0.0 0.8 0.2 0.3 0.0 0.3 0.0 0.8 
-0.014899907331687954 0.655637546855577 0.5964764104680109 0.9 0.35 0.7 0.65 0.6 0.1 1.0 0.6 0.45 0.95 0.55 0.35 0.1 0.9 0.9 0.95 0.1 0.35 0.9 0.3 0.5 0.4 0.6 0.65 1.0 0.9 0.55 0.6 0.9 0.2 0.95 0.1 0.65 0.3 0.55 0.95 
-9.049597917888833e-05 0.36341439011646404 0.40553167395351836 1.0 0.3 0.5 1.0 0.35 0.45 1.0 0.85 0.6 0.35 0.85 0.45 0.95 0.35 0.45 0.2 0.6 0.7 0.75 0.5 0.55 0.35 0.75 0.55 0.9 0.75 0.75 0.4 0.55 0.8 0.2 0.3 0.5 0.3 0.0 0.1 
-0.02410312692116342 0.38238473361365555 0.38002600657851326 0.85 0.35 0.55 0.8 0.35 0.45 1.0 0.85 0.6 0.35 0.1 0.1 0.95 0.35 0.25 0.6 1.0 0.25 0.75 0.5 0.85 0.45 0.75 0.55 0.55 0.05 0.2 0.6 0.0 0.8 0.1 0.3 0.45 0.3 0.1 0.5 
-0.0022014702056195796 0.6875162529636678 0.5002449686812629 0.9 0.35 0.7 0.8 0.6 0.25 0.55 0.6 0.55 0.65 0.5 0.6 0.95 0.9 0.85 0.95 1.0 0.8 0.9 0.3 0.4 0.25 0.55 0.55 0.8 0.9 0.6 0.95 0.9 0.2 0.9 0.1 0.4 1.0 0.55 0.7 
-0.007905793867247015 0.31498036223137005 0.6000740375585736 0.95 0.1 0.65 0.75 0.3 0.4 0.9 0.8 0.7 0.45 0.8 0.7 0.0 0.1 0.9 0.0 1.0 0.9 0.95 0.55 0.4 0.35 0.45 0.85 1.0 0.35 0.7 0.7 0.8 0.2 0.9 0.3 0.75 0.5 0.85 0.15 
-0.006254913434672592 0.4419871752708532 0.6390239140257721 0.95 0.1 0.2 1.0 0.3 0.4 0.8 0.25 0.7 0.3 0.8 0.55 0.35 0.1 0.9 1.0 0.15 0.9 0.95 0.5 0.45 0.35 0.45 0.85 0.95 0.35 0.5 0.9 0.8 0.2 0.4 0.45 0.75 0.5 0.8 0.7 
-0.019509854318016676 0.30821648509345845 0.567235974449443 0.8 0.35 0.5 1.0 0.35 0.45 1.0 0.85 0.6 0.45 0.1 0.1 0.95 0.15 0.5 0.85 1.0 0.7 0.8 0.6 0.7 0.35 0.85 0.55 0.9 0.1 0.75 0.4 0.0 0.8 0.2 0.35 0.35 0.3 0.0 0.8 
-0.011766724457957196 0.6690508180581402 0.37551507308825666 0.9 0.35 0.7 0.85 0.6 0.25 1.0 0.6 0.3 0.65 0.5 0.6 0.0 0.9 0.85 0.95 1.0 0.35 0.85 0.3 0.5 0.75 0.55 0.65 0.8 0.9 0.6 0.7 0.6 0.2 0.9 0.1 0.4 1.0 0.55 0.95 
-0.010709539830185903 0.7120539313082588 0.4963712502743913 0.9 0.35 0.7 0.75 0.6 0.25 0.55 0.6 0.3 0.65 0.5 0.6 0.0 0.9 0.85 0.95 1.0 0.35 0.9 0.3 0.4 0.25 0.55 0.55 0.8 0.9 0.6 0.7 0.9 0.2 0.9 0.1 0.4 1.0 0.55 0.7 
-0.009794367256027203 0.3159270494405031 0.4706891344341411 0.6 0.3 0.5 1.0 0.35 0.45 1.0 0.85 0.6 0.35 0.1 0.1 0.9 0.35 0.25 0.15 1.0 0.7 0.8 0.45 0.55 0.45 0.75 0.55 0.75 0.1 0.75 0.4 0.0 0.8 0.2 0.3 0.5 0.3 0.8 0.8 
-0.034062064472513844 0.3403164815827697 0.4644498872266816 0.95 0.1 0.2 0.8 0.3 0.3 0.9 0.8 0.7 0.4 0.8 0.45 0.7 0.1 0.75 0.0 1.0 0.9 0.65 0.55 0.65 0.25 0.45 0.75 0.8 0.35 0.7 0.25 0.8 0.2 0.3 0.85 1.0 0.05 0.85 0.7 
-0.020100331697254746 0.3343899326486628 0.5026021801488558 1.0 0.8 0.5 0.4 0.0 0.4 0.9 0.35 0.35 0.95 0.75 0.45 0.6 0.15 0.8 0.25 0.15 0.2 1.0 0.15 0.4 0.35 0.8 0.45 0.75 0.45 0.8 0.2 0.4 0.0 0.35 0.05 0.55 0.25 1.0 0.25 
-0.1092804980188253 0.5038641942378511 0.39161220913944744 0.9 0.35 0.75 0.15 0.6 0.15 1.0 0.55 0.65 0.4 0.95 0.1 0.0 0.25 1.0 0.95 1.0 0.45 0.9 0.3 0.25 0.45 0.5 0.7 0.8 0.35 0.35 0.75 0.0 0.1 0.1 0.75 0.65 0.0 0.55 0.9 
-0.0037519227388425574 0.6799493674175471 0.45111616333228055 0.9 0.35 0.7 0.7 0.6 0.25 0.8 0.6 0.3 0.65 0.5 0.6 0.0 0.9 0.85 0.95 0.2 0.1 0.85 0.35 0.7 0.2 0.5 0.5 1.0 0.9 0.6 0.7 0.9 0.2 0.1 0.1 0.25 1.0 0.55 1.0 
-0.050738960345768025 0.3584764288373059 0.41592375256950453 0.85 0.3 0.5 0.5 0.35 0.45 1.0 0.85 0.55 0.35 0.1 0.1 0.95 0.35 0.25 0.6 1.0 0.25 0.75 0.5 0.85 0.35 0.75 0.55 0.9 0.05 0.2 0.6 0.0 0.8 0.1 0.3 0.45 0.3 0.8 0.7 
-0.0009505300157141836 0.403405661160973 0.6454933700218307 0.05 0.1 0.75 0.75 0.3 0.4 0.9 0.8 0.7 0.35 0.8 0.7 0.4 0.1 0.9 0.0 0.65 0.9 0.95 0.55 0.7 0.35 0.45 0.85 0.95 0.35 0.8 0.7 0.8 0.2 0.9 0.05 0.75 0.6 0.85 0.7 
-0.0011162446403081578 0.321156999380558 0.5064167990184799 1.0 0.3 0.6 1.0 0.35 0.45 1.0 0.85 0.55 0.35 0.1 0.1 0.9 0.25 0.25 0.2 1.0 0.85 0.9 0.45 0.55 0.45 0.75 0.55 0.75 0.15 0.5 0.4 0.0 0.8 0.1 0.3 0.5 0.3 0.45 0.8 
-0.002662521143850368 0.7139118160601038 0.43472152782135765 0.9 0.35 0.7 0.8 0.6 0.25 1.0 0.6 0.55 0.65 0.5 0.6 0.0 0.9 0.85 0.95 0.2 0.35 0.3 0.3 0.5 0.75 0.55 0.55 1.0 0.9 0.55 0.65 0.9 0.2 0.95 0.1 0.4 1.0 0.85 0.95 
-0.00038565911052291157 0.3281643636458055 0.5918827329624876 0.95 0.1 0.2 0.5 0.3 0.4 0.95 0.85 0.7 0.3 0.8 0.35 0.5 0.1 0.9 0.45 0.15 0.9 0.95 0.55 0.3 0.35 0.45 0.85 0.95 0.35 0.8 0.9 0.8 0.2 0.0 0.55 0.75 0.65 0.85 0.7 
-0.0234540713361861 0.44593479013646226 0.3653444857592132 1.0 0.3 0.5 1.0 0.35 0.45 1.0 0.85 0.6 0.8 1.0 0.45 0.1 0.05 0.7 0.2 0.6 0.7 0.0 0.5 0.55 0.35 0.75 0.55 0.95 0.75 0.75 0.4 0.0 0.8 0.2 0.3 0.5 0.45 0.0 0.1 
-0.01543698572502111 0.4647355712757763 0.381905716947679 1.0 0.3 0.5 0.85 0.35 0.45 1.0 0.85 0.6 0.6 0.05 0.1 0.65 0.15 0.5 0.1 1.0 0.85 0.9 0.95 0.05 0.35 0.75 0.55 0.6 1.0 0.75 0.9 0.0 0.95 0.15 0.3 0.95 0.3 0.0 0.8 
-0.0008627390088344711 0.37128660059278507 0.5976360624632068 0.95 0.1 0.3 1.0 0.3 0.4 0.8 0.25 0.7 0.3 0.8 0.55 0.7 0.1 0.9 1.0 0.15 0.9 0.95 0.5 0.45 0.35 0.45 0.85 0.95 0.35 0.5 0.9 0.8 0.2 0.4 0.45 0.75 0.5 0.8 0.7 
-0.03699776438032068 0.3031891404870324 0.5664657787858561 1.0 0.35 0.5 1.0 0.35 0.45 1.0 0.85 0.6 0.45 0.1 0.1 0.95 0.15 0.5 0.85 1.0 0.7 0.8 0.6 0.7 0.35 0.85 0.55 0.9 0.1 0.75 0.4 0.0 0.8 0.2 0.35 0.35 0.3 0.0 0.8 
-0.00755271210678522 0.5554179649356703 0.32743782798153587 0.9 0.4 0.75 0.15 0.6 0.15 0.95 0.55 0.65 0.4 0.9 0.1 0.0 0.9 0.0 0.95 0.05 0.8 0.95 0.85 0.9 0.3 0.5 0.7 0.7 0.35 0.15 0.75 0.0 0.2 0.45 0.35 0.65 0.0 0.05 0.9 
-0.04593799493297133 0.3980636910558858 0.36375811133684854 1.0 0.3 0.65 1.0 0.35 0.45 1.0 0.85 0.6 0.65 0.85 0.35 0.95 0.3 0.45 0.2 1.0 0.7 0.65 0.5 0.35 0.35 0.75 0.55 1.0 0.8 0.75 0.4 0.0 0.8 0.05 0.75 1.0 0.3 0.0 0.1 
-0.02076837838786966 0.5787307681551704 0.3234622422020539 0.9 0.4 0.45 0.15 0.6 0.15 0.95 0.55 0.65 0.4 0.95 0.1 0.0 0.25 0.7 0.95 0.75 0.5 0.55 0.25 0.45 0.5 0.5 0.7 0.7 0.35 0.15 0.75 0.0 0.2 0.1 0.35 0.0 0.0 0.55 0.9 
-0.0002136158042210457 0.31232629362818654 0.48677035072087466 0.8 0.1 0.2 0.8 0.3 0.3 0.95 0.8 0.7 0.2 0.8 0.45 0.7 0.1 0.9 0.0 1.0 0.9 0.95 0.55 0.35 0.35 0.9 0.1 0.85 0.35 0.7 0.8 0.8 0.2 0.4 0.85 0.5 0.8 0.6 0.7 
-0.003181942677771757 0.7096358550135384 0.5038678601548792 0.9 0.35 0.7 0.75 0.6 0.25 0.55 0.6 0.3 0.65 0.5 0.6 0.0 0.9 0.85 0.95 1.0 0.35 0.9 0.3 0.4 0.25 0.55 0.55 0.8 0.9 0.7 0.7 0.9 0.2 0.9 0.1 0.4 1.0 0.55 0.7 
-0.0024837359807550756 0.7216678197479497 0.4436182312793661 0.9 0.35 0.7 0.8 0.6 0.25 1.0 0.6 0.55 0.65 0.5 0.6 0.0 0.9 0.85 0.95 0.2 0.35 0.85 0.3 0.5 0.75 0.55 0.55 1.0 0.9 0.4 0.65 0.9 0.2 0.95 0.1 0.4 1.0 0.85 0.95 
-0.0007588607015541745 0.5106337261710503 0.3482570328292506 0.95 0.4 0.45 0.15 0.6 0.15 1.0 0.55 0.65 0.5 0.95 0.1 0.7 0.25 0.3 0.9 0.6 0.0 0.75 0.3 0.65 0.65 0.5 0.65 0.5 0.5 0.2 0.75 0.0 0.2 0.75 0.3 0.05 0.3 0.3 0.9 
-0.020216338847021807 0.40285004472630387 0.34996661150066954 1.0 0.3 0.5 1.0 0.35 0.45 1.0 0.85 0.6 0.5 0.1 0.1 0.95 0.35 0.5 0.7 1.0 0.6 0.35 0.1 0.85 0.35 0.75 0.55 0.65 0.1 0.75 0.65 0.0 0.8 0.15 0.85 0.0 0.3 0.0 0.8 
-0.008070244625156575 0.3763300830882792 0.3761376494319695 0.85 0.3 0.5 0.8 0.35 0.45 1.0 0.85 0.6 0.35 0.1 0.1 0.95 0.35 0.25 0.6 1.0 0.25 0.75 0.5 0.85 0.45 0.75 0.55 0.55 0.05 0.2 0.6 0.0 0.8 0.1 0.3 0.45 0.3 0.1 0.5 
-0.011490954114232822 0.31194824459507786 0.4763137303542075 0.9 0.1 0.2 0.75 0.3 0.3 0.9 0.8 0.7 0.4 0.8 0.45 0.7 0.1 0.5 0.0 1.0 0.9 0.95 0.55 0.45 0.35 0.25 0.25 0.85 0.35 0.7 0.8 0.8 0.2 0.3 0.85 0.65 0.5 0.85 0.7 
-0.04011361615380679 0.4273933277917964 0.36105061863399857 1.0 0.3 0.65 1.0 0.35 0.45 1.0 0.85 0.6 0.65 0.85 0.35 0.95 0.3 0.8 0.2 1.0 0.7 0.5 0.5 0.35 0.35 0.75 0.55 1.0 0.8 0.75 0.6 0.0 0.8 0.05 0.75 1.0 0.3 0.0 0.1 
-0.01862071117642143 0.3451115398704257 0.6023694642846136 0.95 0.1 0.55 1.0 0.3 0.4 0.9 0.85 0.7 0.0 0.8 0.0 0.6 0.1 0.9 0.45 0.15 0.9 0.95 0.55 0.45 0.3 0.95 0.2 0.95 0.35 0.8 0.9 0.8 0.2 0.4 0.45 0.75 0.5 0.85 0.7 
-0.0008906983079125348 0.35863082443205 0.6114498270414082 0.35 0.1 0.95 0.75 0.3 0.4 1.0 0.8 0.65 0.4 0.8 0.7 0.75 0.8 0.9 0.0 0.15 0.9 0.95 0.75 0.65 0.35 0.45 0.2 0.95 0.35 0.8 0.7 0.8 0.2 0.4 0.35 0.75 0.5 0.85 0.7 
-0.014845516344341562 0.3767583639062124 0.6486791682746029 0.95 0.1 0.0 1.0 0.3 0.4 0.95 0.85 0.7 0.3 0.6 0.1 0.35 0.1 0.2 0.45 0.15 0.3 0.95 0.55 0.45 0.35 0.45 0.85 0.95 0.35 0.8 0.9 0.8 0.3 0.7 0.55 0.75 0.65 0.85 0.7 
-0.0381284131055502 0.4560966397882803 0.3584365148633366 1.0 0.3 0.5 0.85 0.35 0.45 1.0 0.85 0.6 0.6 0.05 0.1 0.65 0.35 0.5 0.1 1.0 0.85 0.55 0.8 0.05 0.35 0.75 0.55 0.7 1.0 0.4 0.65 0.0 0.8 0.15 0.3 0.0 0.3 0.15 0.8 
-0.004535369608070223 0.3234027151604204 0.45310145737183033 1.0 0.3 0.5 1.0 0.35 0.45 1.0 0.85 0.6 0.45 0.1 0.75 0.95 0.15 0.3 0.2 0.45 0.2 0.95 0.6 0.65 0.35 0.75 0.55 0.9 0.1 0.3 0.4 0.0 0.8 0.15 0.35 0.35 0.3 0.0 0.8 
-0.00513661843927479 0.6917948557922816 0.5768773308073095 0.55 0.35 0.85 0.75 0.6 0.15 0.95 0.6 0.3 0.25 0.75 0.0 0.45 0.6 1.0 0.95 1.0 0.8 0.9 0.3 0.5 0.6 0.5 0.55 1.0 0.9 0.5 0.8 0.95 0.2 0.5 0.75 0.15 1.0 0.1 0.2 
-0.014625023903543652 0.5662175967760553 0.3286271610020113 0.9 0.4 0.25 0.15 0.6 0.15 0.95 0.55 0.65 0.4 0.95 0.1 0.0 0.85 0.5 0.95 0.05 0.8 0.95 0.75 0.85 0.2 0.45 0.7 0.7 0.35 0.15 0.75 0.0 0.2 0.1 0.65 0.65 0.0 1.0 0.8 
-0.016553187675800777 0.6379279858686266 0.35072793986048967 0.9 0.35 0.25 0.15 0.6 0.15 0.95 0.55 0.65 0.5 0.95 0.1 0.0 0.55 0.95 0.55 1.0 0.7 0.95 0.3 0.3 0.3 0.65 0.75 0.95 0.35 0.2 0.5 0.0 0.2 0.6 0.1 0.65 0.0 0.55 0.4 
-0.05124214223297796 0.47688545941350985 0.37182526888927114 0.8 0.8 0.25 0.1 0.0 0.4 0.9 0.1 0.3 0.95 0.7 0.8 0.7 0.6 0.8 0.8 0.5 0.65 0.5 0.3 0.35 0.15 0.4 0.4 0.5 0.35 0.65 0.0 0.4 0.0 0.2 0.55 0.55 0.5 1.0 0.25 
-0.000789783079580408 0.6002057990330757 0.3109912033577832 0.9 0.35 0.25 0.15 0.6 0.15 0.8 0.55 0.65 0.5 0.95 0.1 0.0 0.9 0.95 0.55 1.0 0.7 0.9 0.3 0.3 0.6 0.65 0.7 0.95 0.45 0.2 0.5 0.0 0.2 0.6 0.1 0.65 0.0 0.55 0.4 
-0.012970871171136484 0.3361901955949591 0.4003257204399247 1.0 0.3 0.5 1.0 0.35 0.45 1.0 0.85 0.6 0.35 0.6 0.1 0.9 0.35 0.25 0.2 0.55 0.7 0.8 0.6 0.55 0.45 0.75 0.55 0.75 0.1 0.35 0.4 0.0 0.8 0.2 0.3 0.5 0.3 0.95 0.8 
-0.04030548600916346 0.4342392835074654 0.3456018369724506 1.0 0.3 0.5 1.0 0.35 0.45 1.0 0.85 0.6 0.5 0.05 0.1 0.95 0.35 0.5 0.7 1.0 0.15 0.0 0.45 0.55 0.35 0.75 0.55 0.4 0.1 0.4 0.65 0.0 0.8 0.2 0.3 0.0 0.3 0.0 0.8 
-0.06441589593620202 0.7352710008132266 0.46777080639045554 0.9 0.35 0.7 0.7 0.6 0.25 1.0 0.6 0.3 1.0 0.5 0.6 0.0 0.9 0.85 0.95 0.2 0.1 0.85 0.35 0.45 0.4 0.5 0.55 1.0 0.9 0.6 0.7 0.9 0.25 0.1 0.1 0.4 1.0 0.55 0.1 
-0.013414882116093051 0.7061955568328409 0.5541343468990281 0.95 0.35 0.6 0.6 0.6 0.25 1.0 0.6 0.3 0.95 0.5 0.7 0.95 0.0 0.85 0.25 1.0 0.4 0.9 0.2 0.4 0.1 0.55 0.55 0.9 0.8 0.6 0.7 0.9 0.2 0.9 0.8 0.4 1.0 0.55 0.7 
-0.004894862051424267 0.3981576951338915 0.33173094214337007 1.0 0.3 0.5 1.0 0.35 0.45 1.0 0.85 0.6 0.5 0.1 0.1 0.95 0.35 0.5 0.7 1.0 0.15 0.35 0.45 0.55 0.35 0.75 0.55 0.35 0.1 0.4 0.65 0.0 0.8 0.2 0.3 0.0 0.3 0.0 0.8 
-0.0017619610768805788 0.7292190367907995 0.470047270468549 0.9 0.35 0.7 0.8 0.6 0.25 1.0 0.6 0.45 1.0 0.5 0.6 0.0 0.9 0.95 0.95 1.0 0.35 0.85 0.45 0.5 0.35 0.65 0.55 1.0 0.9 0.6 0.7 0.9 0.2 0.9 0.65 0.4 1.0 0.05 0.95 
-0.015720927323762474 0.7374387847320536 0.4777945574830983 0.9 0.35 0.7 0.8 0.6 0.25 1.0 0.6 0.45 1.0 0.5 0.6 0.0 0.9 0.95 0.95 1.0 0.35 1.0 0.45 0.5 0.35 0.65 0.55 1.0 0.9 0.6 0.7 0.9 0.2 0.9 0.65 0.4 1.0 0.05 0.95 
-0.055472871628961744 0.705628149934305 0.4182220740525606 0.95 0.35 0.6 0.4 0.55 0.25 1.0 0.6 0.25 0.95 0.5 0.7 0.1 0.0 0.85 0.95 1.0 0.15 0.85 0.3 0.4 0.1 0.7 0.65 0.9 0.8 0.6 0.7 0.9 0.2 0.9 1.0 0.4 1.0 0.45 0.7 
-0.024666822719886336 0.30837328425864174 0.6281702933618987 0.95 0.1 0.45 0.95 0.35 0.4 0.9 0.8 0.7 0.4 0.8 0.7 0.0 0.65 0.9 0.05 1.0 0.8 0.95 0.75 0.6 0.35 0.6 0.8 0.95 0.35 0.7 0.45 0.8 0.4 0.95 0.45 0.75 0.6 0.55 0.15 
-0.009297152989390775 0.39594083911459915 0.35482722427841007 1.0 0.3 0.5 1.0 0.35 0.45 1.0 0.85 0.6 0.6 0.85 0.35 0.95 0.35 0.45 0.2 1.0 0.7 0.65 0.5 0.35 0.35 0.75 0.55 1.0 0.8 0.75 0.4 0.0 0.8 0.05 0.75 1.0 0.3 0.0 0.1 
-0.05592213424032667 0.3191420921179865 0.6708347769521298 0.95 0.1 0.25 0.95 0.3 0.4 0.65 0.8 0.7 0.4 0.8 0.7 0.45 0.65 0.9 0.45 1.0 0.8 1.0 0.75 0.4 0.3 0.6 0.85 0.95 0.35 0.65 0.55 0.8 0.4 0.9 0.45 0.4 0.0 0.7 0.15 
-0.030382802024336776 0.2983264699185252 0.5311457265703474 1.0 0.35 0.5 1.0 0.35 0.45 1.0 0.85 0.6 0.45 0.1 0.1 0.95 0.15 0.5 0.2 1.0 0.7 0.8 0.6 0.7 0.35 0.75 0.55 0.9 0.1 0.75 0.4 0.0 0.8 0.2 0.35 0.35 0.3 0.0 0.8 
-6.951835858817655e-05 0.39248443689262213 0.6655422388233316 0.95 0.45 0.05 1.0 0.3 0.4 0.9 0.8 0.7 0.3 0.8 0.0 0.85 0.1 0.9 0.0 0.15 0.95 0.95 0.55 0.45 0.35 0.45 0.85 0.95 0.35 0.8 0.9 0.8 0.2 0.4 0.45 0.75 0.5 0.7 0.7 
-0.022510253760810565 0.32875447636459676 0.4126615660988736 1.0 0.3 0.5 1.0 0.35 0.45 1.0 0.85 0.6 0.35 0.6 0.1 0.9 0.35 0.25 0.2 0.55 0.7 0.8 0.6 0.55 0.45 0.75 0.55 0.75 0.1 0.75 0.4 0.0 0.8 0.2 0.3 0.5 0.3 0.8 0.8 
-0.011501957684502935 0.6423146940687341 0.6251077864559306 0.55 0.35 0.85 0.8 0.6 0.1 0.55 0.6 0.3 0.2 0.1 0.15 0.85 0.9 0.8 0.05 1.0 0.8 0.9 0.3 0.5 0.95 0.6 0.55 0.95 0.9 0.5 0.8 0.95 0.2 0.55 0.25 0.2 0.45 0.1 0.7 
-0.03279342609499605 0.33526832658505135 0.638340783923074 0.95 0.1 0.2 1.0 0.3 0.4 0.9 0.85 0.7 0.3 0.8 0.0 1.0 0.1 0.9 0.45 0.15 0.6 0.95 0.55 0.25 1.0 0.45 0.85 0.95 0.35 0.8 0.9 0.8 0.2 0.4 0.45 0.75 0.5 0.85 0.7 
-0.06380340033846225 0.6259737513090066 0.6072987256731851 1.0 0.35 0.85 0.75 0.6 0.1 0.2 0.6 0.4 0.35 0.9 0.4 0.2 1.0 0.6 0.05 1.0 0.4 0.65 0.3 0.5 0.6 0.5 0.55 1.0 0.9 0.5 0.8 0.95 0.25 0.25 0.75 0.2 1.0 0.65 1.0 
-0.02385006314266853 0.6616592405375997 0.34527288524779254 0.85 0.35 0.7 0.15 0.6 0.15 0.95 0.55 0.65 0.45 0.95 0.1 0.0 0.9 1.0 0.95 1.0 0.7 1.0 0.3 0.3 0.45 0.65 0.7 0.95 0.35 0.15 0.5 0.0 0.1 0.3 0.1 0.65 0.0 0.65 0.4 
-0.010967103321152931 0.3429246274985305 0.6485530122914389 0.95 0.1 0.2 1.0 0.3 0.4 0.9 0.85 0.75 0.3 0.8 0.4 0.35 0.1 0.9 0.45 0.15 0.9 0.95 0.55 0.25 0.35 0.4 0.85 0.65 0.3 0.8 0.65 0.8 0.2 0.4 0.45 0.75 0.5 0.85 0.7 
-0.017341489175798384 0.34661784738566703 0.6370252312393057 0.95 0.1 0.2 1.0 0.3 0.4 0.9 0.85 0.75 0.3 0.8 0.4 0.35 0.1 0.9 0.45 0.15 0.9 0.95 0.55 0.25 0.35 0.4 0.85 0.65 0.3 0.8 0.8 0.8 0.2 0.4 0.45 0.75 0.5 0.85 0.7 
-0.0007740846008570991 0.3229914305486339 0.6122541130666148 0.95 0.1 0.65 0.75 0.3 0.4 0.9 0.8 0.7 0.45 0.8 0.7 0.0 0.1 0.9 0.0 1.0 0.9 0.9 0.55 0.4 0.35 0.45 0.85 1.0 0.35 0.7 0.7 0.8 0.2 0.9 0.3 0.75 0.5 0.85 0.15 
-0.016229190455673635 0.36135768638468635 0.6654003136347688 0.7 0.1 0.2 1.0 0.3 0.4 0.9 0.85 0.7 0.0 0.8 0.0 0.6 0.1 0.9 0.45 0.15 0.9 0.95 0.55 0.45 0.4 0.45 0.85 0.95 0.35 0.8 0.9 0.8 0.2 0.4 0.45 0.1 0.5 0.85 0.7 
-0.00675094991834426 0.5351373077186193 0.6496976146135809 0.55 0.35 0.75 0.1 0.6 0.1 0.7 0.6 0.45 0.2 0.75 0.45 0.85 0.9 0.8 1.0 1.0 0.9 0.9 0.3 0.5 1.0 0.5 0.55 1.0 0.9 0.5 0.8 0.95 0.2 0.55 0.75 0.2 0.85 0.1 0.7 
-0.019720357287484586 0.41328342967961185 0.6816123920739942 0.7 0.45 0.05 1.0 0.3 0.4 0.9 0.8 0.7 0.3 0.8 0.0 0.85 0.1 0.9 0.0 0.15 0.25 0.95 0.55 0.45 0.35 0.45 0.85 0.95 0.35 0.8 0.9 0.8 0.2 0.4 0.45 0.75 0.5 0.7 0.7 
-0.02347730320482137 0.5153214671578461 0.6275918044432609 0.55 0.35 0.75 0.15 0.6 0.55 0.35 0.6 0.45 0.2 0.75 0.65 0.85 0.9 0.8 1.0 1.0 0.45 0.95 0.3 0.5 1.0 0.5 0.55 1.0 0.9 0.5 0.8 0.95 0.35 0.35 0.9 0.2 0.85 0.1 0.7 
-0.02105891016398828 0.303359042105662 0.6014441882664707 0.95 0.1 0.2 0.75 0.3 0.4 0.8 0.8 0.7 0.4 0.8 0.7 0.0 0.1 0.9 0.2 0.6 0.9 0.95 0.7 0.8 0.35 0.6 0.65 0.95 0.35 0.7 0.7 0.8 0.4 0.9 0.8 0.75 0.6 0.85 0.15 
-0.02705413556921021 0.42556426862379926 0.6695144053578124 0.85 0.55 0.2 1.0 0.3 0.4 0.5 0.85 0.7 0.3 0.8 0.65 0.35 0.1 0.9 0.6 0.15 0.9 0.95 0.55 0.45 0.35 0.45 0.85 0.65 0.35 0.7 0.9 0.8 0.2 0.3 0.45 0.75 0.5 0.85 0.7 
-0.06927774491451323 0.5196265538420035 0.6567079123890325 0.2 0.35 0.75 0.1 0.6 0.5 0.35 0.8 0.45 0.2 0.75 0.45 0.85 0.9 0.8 1.0 1.0 0.9 0.9 0.3 0.5 1.0 0.5 0.55 1.0 0.9 0.5 0.8 0.95 0.2 0.55 0.75 0.2 0.85 0.1 0.7 
-0.010197917227499728 0.2900218237166259 0.5124927791804599 0.95 0.1 0.65 0.75 0.3 0.4 1.0 0.8 0.7 0.4 0.8 0.7 0.0 0.1 0.9 0.0 0.15 0.9 0.95 0.55 0.8 0.35 0.45 0.85 0.95 0.35 0.8 0.7 0.6 0.2 0.9 0.5 0.75 0.5 0.6 0.7 
-0.03244132028880358 0.6945769738222054 0.41101677463679803 0.95 0.35 0.6 0.4 0.55 0.25 1.0 0.6 0.55 0.95 0.5 0.7 0.1 0.0 0.85 0.95 1.0 0.4 0.85 0.3 0.4 0.1 0.55 0.55 0.9 0.8 0.6 0.7 0.9 0.2 0.9 0.1 0.4 1.0 0.45 0.7 
-0.013022668031118735 0.40723203886383996 0.3310076549655224 1.0 0.3 0.5 0.95 0.35 0.45 1.0 0.85 0.6 0.45 0.1 0.1 0.95 0.35 0.25 0.2 1.0 0.7 0.3 0.5 0.5 0.5 0.75 0.55 0.6 0.1 0.3 0.4 0.0 0.8 0.2 0.35 0.35 0.3 0.0 0.95 
-0.02603448659350672 0.5022574072144187 0.3483358472623629 0.95 0.4 0.45 0.15 0.6 0.15 1.0 0.55 0.65 0.5 0.95 0.1 0.7 0.25 0.3 0.9 0.6 0.0 0.75 0.3 0.65 0.65 0.5 0.65 0.7 0.5 0.2 0.75 0.0 0.2 0.75 0.3 0.05 0.3 0.85 0.9 
-0.0070218522617581216 0.40528991216983834 0.3396247499918825 0.8 0.3 0.5 0.9 0.35 0.45 1.0 0.85 0.6 0.5 0.1 0.1 0.95 0.35 0.5 0.7 1.0 0.15 0.35 0.45 0.55 0.35 0.75 0.55 0.35 0.1 0.4 0.65 0.0 0.8 0.2 0.3 0.0 0.3 0.0 0.8 
-0.0035157794394006484 0.7396135978947814 0.5100901893341231 0.9 0.35 0.7 0.9 0.6 0.25 1.0 0.6 0.3 0.65 0.5 0.6 0.0 0.9 0.1 0.95 0.2 0.35 0.85 0.3 0.5 0.25 0.6 0.55 1.0 0.95 0.55 0.65 0.9 0.2 0.95 0.1 0.4 0.5 0.55 0.95 
-0.002875734356068614 0.7366738355930654 0.537396890632625 0.9 0.35 0.7 0.9 0.6 0.25 1.0 0.6 0.3 0.65 0.5 0.6 0.0 0.9 0.85 0.95 0.2 0.35 0.85 0.3 0.5 0.25 0.95 0.0 1.0 0.9 0.55 0.65 0.9 0.2 0.95 0.1 0.4 0.5 0.55 0.95 
-0.003479625904765847 0.30516058660418444 0.6087004781539676 0.95 0.1 0.5 0.75 0.3 0.4 0.9 0.8 0.7 0.35 0.8 0.7 0.0 0.1 0.9 0.0 0.65 0.9 0.95 0.55 0.65 0.35 0.45 0.85 0.95 0.35 0.8 0.7 0.8 0.2 0.9 0.45 0.75 0.6 0.85 0.7 
-0.008605539847390523 0.3632160326331012 0.359039861846502 1.0 0.3 0.5 1.0 0.35 0.45 1.0 0.85 0.6 0.35 0.85 0.45 0.95 0.35 0.45 0.2 0.6 0.7 0.75 0.5 0.55 0.35 0.75 0.55 0.9 0.75 0.75 0.4 0.0 0.8 0.2 0.3 0.5 0.3 0.0 0.1 
-0.010586070732401915 0.6279381673895181 0.33643389308068683 0.9 0.35 0.2 0.15 0.6 0.15 0.95 0.55 0.65 0.4 0.9 0.1 0.0 0.9 1.0 0.95 1.0 0.7 1.0 0.3 0.35 0.45 0.65 0.7 0.95 0.35 0.15 0.5 0.0 0.05 0.3 0.1 0.65 0.0 0.55 0.4 
-0.013694276164793425 0.3529918041795468 0.6751928179180581 0.95 0.1 0.2 1.0 0.3 0.4 0.9 0.85 0.7 0.0 0.8 0.0 0.6 0.1 0.9 0.45 0.15 0.9 0.95 0.55 0.45 0.3 0.45 0.85 0.95 0.35 0.8 0.9 0.8 0.2 0.4 0.45 0.75 0.5 0.85 0.7 
-0.03389561950859424 0.667765797259604 0.5874037809560768 0.9 0.35 0.7 0.65 0.75 0.25 1.0 0.85 0.8 0.7 0.5 0.75 0.0 0.9 0.15 0.95 0.1 0.35 1.0 0.3 0.5 0.55 0.6 0.55 1.0 0.9 0.8 0.7 0.9 0.2 0.95 0.1 0.4 0.3 0.55 0.95 
-0.13370407505012122 0.28429318675793624 0.5759405544139397 0.95 0.1 0.25 0.95 0.3 0.4 0.7 0.8 0.7 0.4 0.8 0.7 0.0 0.65 0.9 0.05 1.0 0.8 0.9 0.75 0.4 0.35 0.6 0.85 0.95 0.35 0.65 0.85 0.8 0.4 0.9 0.45 0.75 0.6 0.7 0.15 
-0.054946542673105433 0.5528861614283072 0.6459583270687936 0.55 0.35 0.75 0.1 0.6 0.1 0.35 0.15 0.45 0.2 0.75 0.45 0.85 0.9 0.8 1.0 1.0 0.9 0.9 0.3 0.5 1.0 0.5 0.55 1.0 0.9 0.5 0.8 0.95 0.2 0.55 0.75 0.2 0.85 0.1 0.7 
-0.001849834734695387 0.7180978668398581 0.405708114774125 0.9 0.35 0.7 0.65 0.6 0.25 1.0 0.6 0.3 0.7 0.5 0.6 0.0 0.9 0.9 0.95 0.1 0.25 0.6 0.3 0.5 0.9 0.6 0.55 1.0 0.9 0.55 0.65 0.75 0.0 0.95 0.05 0.8 0.05 0.55 0.25 
-0.004150948867667523 0.3690157266024785 0.6775971669432777 0.95 0.1 0.2 0.95 0.3 0.4 0.9 0.8 0.7 0.45 0.75 0.7 0.0 0.8 0.8 0.0 1.0 0.9 0.95 0.55 0.4 0.25 0.45 0.85 0.95 0.35 0.7 0.7 0.75 0.2 0.9 0.45 0.75 0.5 0.85 0.15 
-0.024240902436574056 0.3438675982909105 0.669397702426535 0.95 0.1 0.2 1.0 0.3 0.4 0.9 0.85 0.7 0.0 0.8 0.0 0.6 0.1 0.9 0.45 0.15 0.9 0.95 0.55 0.45 0.4 0.45 0.85 0.95 0.35 0.8 0.9 0.8 0.2 0.4 0.45 0.75 0.5 0.85 0.7 
-0.04099614691505341 0.6815976180082356 0.5874971970422158 0.85 0.4 0.85 0.75 0.6 0.1 0.2 0.6 0.75 0.3 0.05 0.05 0.25 0.8 0.75 0.05 0.7 0.8 0.9 0.3 0.5 0.6 0.5 0.55 1.0 0.9 0.35 0.8 0.95 0.2 0.25 0.75 0.75 0.15 0.2 0.7 
-0.04910642927916208 0.6819636251400882 0.3855648472452572 0.9 0.35 0.7 0.65 0.6 0.25 1.0 0.6 0.3 0.7 0.5 0.6 0.0 0.9 0.9 0.95 0.1 0.35 0.2 0.3 0.5 0.55 0.55 0.6 1.0 0.9 0.55 0.7 0.9 0.2 0.95 0.1 0.4 0.1 0.55 0.95 
-0.04952670788289629 0.6241156117100565 0.6367154572526146 0.55 0.35 0.85 0.45 0.6 0.1 0.35 0.6 0.3 0.2 0.75 0.05 0.85 0.9 1.0 0.05 1.0 0.8 0.9 0.3 0.5 0.6 0.5 0.7 1.0 0.9 0.5 0.8 0.95 0.2 0.55 0.75 0.2 1.0 0.2 0.7 
-0.10189432695341342 0.28578487022568655 0.5533794108085972 0.95 0.1 0.65 0.55 0.3 0.4 1.0 0.8 0.7 0.4 0.8 0.7 0.0 0.1 0.9 0.0 0.15 0.9 0.95 0.55 0.3 0.35 0.45 0.85 0.95 0.35 0.85 0.55 0.6 0.2 0.9 0.5 0.75 0.5 0.6 0.7 
-0.026362927743552412 0.5245737535038001 0.3157233501317489 0.9 0.4 0.35 0.15 0.6 0.15 0.95 0.55 0.65 0.4 0.9 0.1 0.0 0.7 0.0 0.95 0.05 0.8 0.95 0.85 0.85 0.5 0.5 0.7 0.7 0.35 0.15 0.75 0.0 0.2 0.45 0.35 0.65 0.0 0.6 0.1 
-0.008302687796223458 0.6674699038109638 0.6096636651044429 1.0 0.35 0.85 0.75 0.6 0.1 0.2 0.6 0.4 0.35 0.9 0.05 0.2 1.0 0.6 0.05 1.0 0.0 0.9 0.3 0.5 0.6 0.5 0.55 1.0 0.9 0.5 0.8 0.95 0.35 0.25 0.75 0.2 1.0 0.5 1.0 
-0.01965757348628455 0.5913716224092632 0.6550213505617731 0.55 0.35 0.75 0.1 0.6 0.1 0.35 0.15 0.15 0.2 0.75 0.45 0.85 0.9 0.8 0.95 1.0 0.9 0.9 0.3 0.5 1.0 0.5 0.55 1.0 0.9 0.5 0.8 0.95 0.2 0.55 0.75 0.2 0.85 0.1 0.7 
-0.0303543215066733 0.4664105154781504 0.6589742597501808 1.0 0.1 0.2 1.0 0.3 0.4 0.75 0.45 0.7 0.3 0.8 0.55 0.35 0.1 0.9 1.0 0.15 0.5 0.95 0.55 0.8 0.35 0.45 0.85 0.75 0.35 0.8 0.9 0.8 0.2 0.4 0.45 0.75 0.5 0.75 0.7 
-0.018428961906681383 0.6997641864710907 0.5847926447922503 0.55 0.35 0.85 0.75 0.6 0.15 0.95 0.6 0.3 0.25 0.75 0.0 0.45 0.6 1.0 0.95 1.0 0.8 0.9 0.3 0.5 0.6 0.5 0.55 1.0 0.9 0.4 0.8 0.95 0.2 0.5 0.75 0.15 1.0 0.1 0.2 
-2.082577768596124e-05 0.4050938752808143 0.6801910979779987 0.95 0.1 0.2 1.0 0.3 0.4 0.4 0.85 0.7 0.3 0.8 0.0 0.35 0.1 0.9 0.45 0.3 0.9 0.95 0.55 0.7 0.35 0.45 0.85 0.95 0.35 0.8 0.9 0.8 0.2 0.4 1.0 0.75 0.5 0.85 0.7 
-0.013485007962515571 0.3519284533196615 0.37762325985162015 1.0 0.3 0.5 1.0 0.35 0.45 1.0 0.85 0.6 0.55 0.1 0.1 0.95 0.35 0.15 0.2 1.0 0.7 0.8 0.5 0.55 0.35 0.75 0.85 0.9 0.7 0.75 0.4 0.0 0.8 0.2 0.3 0.35 0.3 0.0 0.8 
-0.025578609407350388 0.4577224443331291 0.685887283418692 1.0 0.1 0.2 1.0 0.3 0.4 0.55 0.45 0.9 0.1 0.8 0.55 0.15 0.1 0.75 0.95 0.15 0.9 0.95 0.55 0.35 0.45 0.45 0.8 0.95 0.35 0.8 0.9 0.8 0.2 0.4 0.45 1.0 0.55 0.75 0.7 
-0.00021104966785485873 0.7299763249348223 0.42482371812632214 0.9 0.35 0.7 0.65 0.6 0.25 1.0 0.6 0.3 0.7 0.5 0.6 0.0 0.9 0.9 0.95 0.1 0.35 0.65 0.3 0.5 0.55 0.6 0.55 1.0 0.9 0.55 0.7 0.9 0.2 0.95 0.1 0.4 0.05 0.55 0.95 
-0.037323983881978315 0.36981197897795 0.335588016509093 1.0 0.3 0.5 1.0 0.35 0.45 1.0 0.85 0.6 0.45 0.1 0.1 0.95 0.35 0.25 0.2 1.0 0.7 0.8 0.5 0.7 0.5 0.75 0.55 0.6 0.1 0.2 0.4 0.0 0.8 0.2 0.35 0.35 0.3 0.0 0.55 
-0.0318078645377362 0.7093712450088128 0.58448283978727 0.85 0.4 0.85 0.75 0.6 0.1 0.25 0.6 0.3 0.3 0.05 0.05 0.85 0.8 0.75 0.05 0.7 0.8 0.9 0.3 0.5 0.6 0.5 0.55 1.0 0.9 0.35 0.8 0.95 0.2 0.25 0.75 0.75 0.15 0.2 0.7 
-0.22497632498245781 0.27266563977367875 0.5368771194215668 0.95 0.1 0.6 0.95 0.3 0.4 0.95 0.8 0.7 0.4 0.8 0.7 0.0 0.7 0.9 0.05 1.0 0.8 0.95 0.75 0.4 0.35 0.6 0.85 0.95 0.35 0.65 0.65 0.8 0.4 0.9 0.45 0.75 0.6 0.7 0.15 
-0.027706906033049532 0.31418706257769213 0.41270977492024336 1.0 0.3 0.5 1.0 0.35 0.45 1.0 0.85 0.65 0.35 0.65 0.1 0.95 0.65 0.25 0.2 0.0 0.7 1.0 0.5 0.55 0.35 0.75 0.4 0.35 0.1 0.6 0.4 0.0 0.8 0.2 0.3 0.5 0.3 0.05 0.85 
-0.011549904465891814 0.7481762403107715 0.45739172548821166 0.9 0.35 0.7 0.8 0.6 0.25 1.0 0.6 0.25 0.7 0.5 0.6 0.0 0.9 0.75 0.65 0.1 0.25 1.0 0.3 0.5 0.9 0.6 0.55 1.0 0.9 0.55 0.7 0.75 0.0 0.95 0.05 0.8 0.05 0.55 0.25 
-0.46815471774019835 0.28769926203814133 0.4700487009769179 0.95 0.1 0.6 0.75 0.3 0.4 0.8 0.8 0.7 0.4 0.95 0.7 0.6 0.1 0.1 0.5 1.0 0.9 0.95 0.75 0.85 0.5 0.6 0.45 0.95 0.35 0.65 0.7 0.8 0.4 0.4 0.45 0.75 0.05 0.7 0.15 
-0.18017353406100334 0.2800359431902021 0.5165761611465827 0.95 0.1 0.65 0.75 0.3 0.4 1.0 0.8 0.7 0.4 0.8 0.7 0.0 0.1 0.9 0.0 0.15 0.9 0.95 0.55 0.3 0.35 0.45 0.85 0.95 0.35 0.8 0.7 0.6 0.2 0.9 0.5 0.75 0.5 0.6 0.7 
-0.0242705980231526 0.5531208381233754 0.3131358365364667 0.9 0.4 0.75 0.15 0.6 0.15 0.95 0.55 0.65 0.4 0.9 0.1 0.0 0.9 0.0 0.95 0.05 0.8 0.95 0.85 0.9 0.3 0.5 0.7 0.8 0.35 0.15 0.75 0.0 0.2 0.45 0.35 0.65 0.0 0.05 0.8 
-0.019407533004612 0.7219211337594692 0.6017488600517124 0.85 0.4 0.85 0.75 0.6 0.1 0.25 0.6 0.75 0.3 0.05 0.05 0.25 0.8 0.75 0.05 0.7 0.8 0.9 0.3 0.5 0.6 0.5 0.55 1.0 0.9 0.35 0.8 0.95 0.2 0.25 0.75 0.75 0.15 0.2 0.7 
-0.020307356242212027 0.5100975254993372 0.6494375715808598 0.55 0.3 0.75 0.1 0.6 0.5 0.35 0.6 0.3 0.2 0.75 0.45 0.85 0.25 0.8 1.0 1.0 0.9 0.9 0.3 0.5 1.0 0.5 0.55 1.0 0.9 0.5 0.8 0.95 0.2 0.7 0.75 0.2 0.85 0.15 0.7 
-0.10607984147725968 0.3623126141095744 0.3250470526905811 1.0 0.3 0.5 1.0 0.35 0.45 1.0 0.85 0.6 0.35 0.15 0.1 0.95 0.2 0.25 0.2 0.0 0.7 0.8 0.5 0.55 0.35 0.75 0.55 0.9 0.65 0.65 0.4 0.0 0.8 0.2 0.3 0.5 0.3 0.9 0.85 
-0.08801684674667067 0.6737197506482526 0.36134427750096476 0.9 0.35 0.7 0.85 0.6 0.25 1.0 0.6 0.1 0.65 0.5 0.6 0.0 0.9 0.85 0.95 1.0 0.35 0.85 0.3 0.5 0.75 0.55 0.65 0.8 0.9 0.6 0.7 0.6 0.2 0.9 0.1 0.4 1.0 0.55 0.95 
-0.0593330187335372 0.3165625653559463 0.35126042260148416 1.0 0.3 0.5 0.75 0.35 0.45 1.0 0.85 0.6 0.55 0.1 0.1 0.95 0.35 0.25 0.2 1.0 0.0 0.8 0.5 0.55 0.35 0.75 0.55 0.6 0.1 0.75 0.4 0.0 0.8 0.2 0.3 0.5 0.3 0.0 0.8 
-0.05187526497466887 0.7586161884926093 0.5185298882948371 0.9 0.35 0.7 0.65 0.6 0.25 1.0 0.6 0.8 0.7 0.5 0.75 0.0 0.9 0.15 0.95 0.1 0.35 1.0 0.3 0.5 0.55 0.6 0.55 1.0 0.9 0.55 0.7 0.9 0.2 0.95 0.1 0.4 0.3 0.55 0.95 
-0.0066438596000432245 0.7057242646620929 0.6208771530300987 1.0 0.35 0.85 0.75 0.6 0.1 0.45 0.6 0.4 0.35 0.3 0.05 0.2 1.0 0.6 0.05 1.0 0.4 0.9 0.3 0.5 0.6 0.5 0.55 1.0 0.9 0.5 0.7 0.95 0.25 0.25 0.75 0.2 1.0 0.65 1.0 
-0.014495901082301131 0.27367462112153573 0.6134781107235997 0.95 0.1 0.25 0.95 0.35 0.4 0.95 0.8 0.7 0.4 0.8 0.7 0.0 0.65 0.9 0.05 1.0 0.8 0.95 0.75 0.6 0.35 0.6 0.8 0.95 0.35 0.7 0.45 0.8 0.4 0.9 0.45 0.75 0.6 0.35 0.15 
-0.055959874020900156 0.29680687135842543 0.45729407569178787 1.0 0.35 0.6 1.0 0.35 0.45 1.0 0.85 0.6 0.45 0.1 0.1 0.95 0.15 0.5 0.2 1.0 0.7 0.8 0.6 0.7 0.35 0.75 0.55 0.9 0.1 0.75 0.4 0.0 0.8 0.2 0.35 0.35 0.3 0.0 0.3 
-0.0018135653524248435 0.7486148531479829 0.5241742260225593 0.9 0.35 0.7 0.9 0.6 0.25 1.0 0.6 0.3 0.65 0.5 0.6 0.0 0.9 0.85 0.95 0.2 0.35 0.85 0.3 0.5 0.1 0.95 0.0 1.0 0.9 0.55 0.65 0.9 0.2 0.95 0.1 0.4 0.5 0.6 0.95 
-0.018578983110266605 0.2838428271100699 0.43602925049376356 1.0 0.3 0.5 0.75 0.35 0.45 1.0 0.85 0.6 0.45 0.1 0.1 0.55 0.15 0.3 0.2 0.45 0.2 0.95 0.6 0.65 0.35 0.75 0.55 0.9 0.1 0.3 0.4 0.0 0.8 0.15 0.35 0.35 0.3 0.0 0.8 
-0.015784887799299596 0.7289217005335302 0.5648837556691617 0.9 0.35 0.7 0.65 0.6 0.1 1.0 0.6 0.45 0.95 0.55 0.75 0.0 0.9 0.9 0.95 0.1 0.35 1.0 0.3 0.5 0.55 0.6 0.65 1.0 0.9 0.55 0.6 0.9 0.2 0.95 0.1 0.65 0.3 0.55 0.95 
-0.0328637870731823 0.6095148604752078 0.32097952115893935 0.9 0.35 0.15 0.15 0.6 0.15 0.95 0.55 0.55 0.5 0.95 0.1 0.0 0.9 0.95 0.55 1.0 0.7 0.95 0.3 0.3 0.55 0.65 0.7 0.6 0.35 0.2 0.5 0.0 0.2 0.6 0.1 0.65 0.0 0.55 0.4 
-0.10782604646518104 0.2836796277538335 0.4198895789541017 1.0 0.3 0.5 1.0 0.35 0.45 1.0 0.85 0.6 0.35 0.1 0.1 0.95 0.65 0.25 0.2 0.0 0.7 0.8 0.5 0.55 0.35 0.75 0.55 0.9 0.1 0.6 0.4 0.0 0.8 0.2 0.3 0.5 0.3 0.0 0.85 
-0.10307434694031058 0.33029793975203914 0.36022148777731655 1.0 0.3 0.5 1.0 0.35 0.45 1.0 0.85 0.6 0.35 0.15 0.1 0.95 0.2 0.25 0.2 0.0 0.7 0.8 0.5 0.55 0.35 0.75 0.55 0.9 0.05 0.65 0.4 0.0 0.8 0.2 0.3 0.5 0.3 0.0 0.85 
-0.04479242628260268 0.7050240381273862 0.37234112326474744 1.0 0.35 0.7 0.5 0.6 0.25 1.0 0.6 0.55 0.7 0.5 0.6 0.0 0.9 0.9 0.95 0.1 0.25 0.65 0.3 0.5 0.95 0.6 0.5 1.0 0.9 0.55 0.45 0.75 0.05 0.95 0.2 1.0 1.0 0.55 0.25 
-0.07412409112813655 0.7328560363915222 0.391039183900587 1.0 0.35 0.7 0.55 0.6 0.25 1.0 0.6 0.3 0.7 0.5 0.6 0.0 0.9 0.9 0.95 0.1 0.25 0.65 0.3 0.5 0.9 0.6 0.55 1.0 0.9 0.55 0.6 0.3 0.0 0.95 0.05 0.8 0.05 0.55 0.25 
-0.038505228583698856 0.32414167916771586 0.37952951654544365 1.0 0.3 0.5 1.0 0.35 0.45 1.0 0.85 0.6 0.35 0.1 0.1 0.9 0.35 0.25 0.2 1.0 0.7 0.8 0.45 0.55 0.45 0.75 0.55 0.75 0.1 0.75 0.4 0.0 0.8 0.2 0.3 0.5 0.3 0.8 0.8 
-0.06168791952874141 0.746789680509317 0.5403375060153438 0.9 0.35 0.7 0.9 0.6 0.25 1.0 0.6 0.3 0.65 0.5 0.6 0.0 0.9 0.85 0.95 0.2 0.35 0.85 0.3 0.5 0.25 0.6 0.55 1.0 0.9 0.55 0.65 0.9 0.2 0.95 0.1 0.4 0.5 0.55 0.95 
-0.06277100032143355 0.7555440373642095 0.4917948141628056 0.9 0.35 0.7 0.8 0.6 0.25 1.0 0.6 0.55 0.65 0.5 0.6 0.0 0.9 0.85 0.95 0.2 0.35 0.85 0.3 0.5 0.75 0.55 0.55 1.0 0.9 0.55 0.65 0.9 0.2 0.95 0.1 0.4 1.0 0.85 0.95 
-0.00046931697370299763 0.30610026529460665 0.37258922642937775 1.0 1.0 0.5 1.0 0.35 0.45 1.0 0.85 0.6 0.45 0.1 0.1 0.95 0.15 0.85 0.2 1.0 0.6 0.85 0.6 0.65 0.35 0.75 0.55 0.9 0.1 0.3 0.45 0.0 0.8 0.2 0.75 0.35 0.3 0.0 0.8 
-0.041462716677162 0.6518971189093108 0.3250143946642795 0.9 0.35 0.25 0.15 0.6 0.15 0.95 0.55 0.6 0.45 0.95 0.1 0.35 0.9 1.0 0.25 1.0 0.7 0.9 0.3 0.3 0.45 0.7 0.7 0.95 0.35 0.15 0.5 0.0 0.2 0.6 0.1 0.65 0.0 0.55 0.4 
-0.07536286054520425 0.7334883171913739 0.4154377721719061 0.9 0.35 0.7 0.65 0.6 0.25 1.0 0.6 0.3 0.7 0.5 0.6 0.0 0.9 0.9 0.95 0.1 0.25 0.65 0.3 0.5 0.9 0.6 0.55 1.0 0.9 0.55 0.65 0.75 0.0 0.95 0.05 0.8 0.05 0.55 0.25 
-0.054200715620222176 0.72024953508475 0.3695740836593473 1.0 0.35 0.7 0.5 0.6 0.25 1.0 0.6 0.3 0.7 0.5 0.6 0.0 0.9 0.9 0.95 0.1 0.45 0.65 0.3 0.5 0.9 0.6 0.55 1.0 0.9 0.55 0.6 0.75 0.15 0.95 0.05 0.8 0.05 0.55 0.25 
-0.028535410507119698 0.2778524886804865 0.6291959483726646 1.0 0.1 0.25 0.95 0.3 0.4 0.95 0.8 0.7 0.4 0.8 0.7 0.45 0.65 0.9 0.45 1.0 0.8 1.0 0.75 0.4 0.35 0.6 0.7 0.95 0.35 0.65 0.55 0.8 0.4 0.95 0.45 0.75 0.0 0.7 0.15 
-0.2720442996068785 0.4260314399840412 0.32590761048689887 1.0 0.3 0.5 1.0 0.35 0.45 1.0 0.85 0.6 0.55 0.1 0.1 1.0 0.35 0.95 0.2 1.0 0.7 0.65 0.5 0.05 0.35 0.75 0.55 0.9 0.1 0.6 0.4 0.0 0.8 0.2 0.3 0.95 0.3 0.2 0.2 
-0.053189466082463506 0.3665455441911102 0.7110929422132679 0.95 0.1 0.2 1.0 0.3 0.4 0.85 0.85 0.7 0.3 0.6 0.1 0.35 0.1 0.9 0.15 0.15 0.9 0.95 0.55 0.45 0.35 0.45 0.8 0.95 0.35 0.8 0.9 0.8 0.2 0.7 0.55 0.75 0.65 0.85 0.7 
-0.09054606449635422 0.7351106672529909 0.5487892260868348 0.9 0.35 0.7 0.65 0.6 0.25 1.0 0.6 0.45 0.7 0.55 0.75 0.0 0.9 0.9 0.95 0.1 0.35 1.0 0.3 0.5 0.55 0.6 0.35 1.0 0.9 0.55 0.7 0.9 0.2 0.95 0.1 0.65 0.3 0.55 0.95 
-0.22363334690200395 0.3259980928068392 0.3330806508017209 1.0 0.3 0.5 1.0 0.35 0.45 1.0 0.85 0.6 0.45 0.1 0.05 0.95 0.55 0.9 0.2 1.0 0.7 0.8 0.6 0.7 0.35 0.75 0.55 0.9 0.2 0.75 0.4 0.0 0.8 0.2 0.95 0.35 0.3 0.0 0.8 
-0.22118384094577043 0.37002288466446975 0.3040247345220217 1.0 0.3 0.5 1.0 0.35 0.45 1.0 0.85 0.6 0.5 0.1 0.1 0.95 0.35 0.5 0.7 1.0 0.05 0.55 0.5 0.55 0.45 0.75 0.55 0.85 0.15 0.95 0.55 0.0 0.8 0.1 0.3 0.2 0.05 0.0 0.8 
-1.6500279864716156 0.34193567645646245 0.3217150705561127 1.0 0.3 0.5 1.0 0.35 0.45 1.0 0.85 0.6 0.5 0.1 0.1 0.95 0.35 0.5 0.7 1.0 0.05 0.7 0.5 0.55 0.45 0.75 0.55 0.85 0.15 0.95 0.55 0.0 0.8 0.1 0.3 0.2 0.3 0.0 0.8 
-0.01222293282023541 0.375086267158118 0.7000430524342657 0.95 0.1 0.2 1.0 0.3 0.4 0.85 0.85 0.75 0.3 0.6 0.1 0.35 0.1 0.9 0.15 0.15 0.9 0.95 0.55 0.45 0.35 0.45 0.8 0.95 0.35 0.8 0.9 0.8 0.2 0.7 0.55 0.75 0.65 0.85 0.7 
-0.5928264154572996 0.4909997449841926 0.6698902952406265 1.0 0.1 0.15 1.0 0.35 0.4 0.5 0.45 0.7 0.65 0.8 0.55 0.15 0.1 0.65 0.15 0.15 0.9 0.95 0.55 0.85 0.45 0.45 0.85 0.95 0.35 0.8 0.9 0.8 0.2 0.4 0.45 0.1 0.5 0.75 0.7 
-0.031143003103980434 0.48119335732937063 0.6841816974777786 1.0 0.1 0.2 1.0 0.3 0.4 0.75 0.45 0.7 0.15 0.8 0.55 0.35 0.1 0.9 1.0 0.15 0.5 0.95 0.55 0.8 0.35 0.45 0.85 0.95 0.35 0.8 0.9 0.8 0.2 0.4 0.45 0.75 0.5 0.75 0.7 
-0.6883666912797476 0.44539416692054584 0.32809784695188626 1.0 0.3 0.5 0.85 0.35 0.45 1.0 0.85 0.6 0.6 0.05 0.1 0.65 0.35 0.5 0.1 1.0 0.85 0.6 0.15 0.05 0.35 0.75 0.55 0.7 0.65 0.4 0.65 0.0 0.8 0.15 0.3 0.0 0.3 0.15 0.8 
-0.014101160393893494 0.6166381295552004 0.6387536615454897 0.45 0.35 0.85 0.6 0.6 0.1 0.65 0.6 0.3 0.4 0.75 0.05 0.85 0.6 1.0 0.05 1.0 0.8 0.9 0.3 0.5 0.6 0.5 0.55 1.0 0.9 0.5 0.8 0.95 0.2 0.55 0.85 0.2 0.45 0.9 0.7 
-0.043055629465344726 0.5099623004387045 0.34533947303060586 0.95 0.4 0.45 0.15 0.6 0.15 1.0 0.55 0.65 0.5 0.95 0.1 0.7 0.25 0.8 0.9 0.6 0.0 0.75 0.3 0.55 0.65 0.5 0.65 0.5 0.5 0.2 0.75 0.0 0.2 0.7 0.3 0.05 0.3 0.85 0.9 
-0.5492140476382676 0.6936505926086841 0.3441579843896575 1.0 0.35 0.7 0.5 0.6 0.25 1.0 0.6 0.3 0.7 0.5 0.6 0.85 0.9 0.9 0.95 0.1 0.25 0.65 0.3 0.5 0.9 0.6 0.6 1.0 0.9 0.55 0.35 0.65 0.15 0.6 0.05 0.8 0.05 0.0 0.25 
-1.960283864664991 0.38292364229209197 0.2983986629021761 1.0 0.3 0.5 1.0 0.35 0.45 1.0 0.85 0.6 0.5 0.1 0.1 0.95 0.35 0.5 0.7 1.0 0.05 0.55 0.5 0.55 0.45 0.75 0.55 0.85 0.15 0.95 0.55 0.0 0.8 0.1 0.3 0.2 0.05 0.0 0.8 
-0.041794556147419906 0.2848112916367913 0.39973768608063376 1.0 0.0 0.5 1.0 0.35 0.45 1.0 0.85 0.6 0.45 0.1 0.1 0.95 0.15 0.3 0.2 0.45 0.2 0.95 0.6 0.65 0.35 0.75 0.55 0.9 0.1 0.3 0.4 0.0 0.8 0.15 0.35 0.35 0.3 0.0 0.8 
-0.09026195204493577 0.29864414196277966 0.6374136491849772 1.0 0.1 0.25 0.95 0.4 0.5 0.95 0.8 0.7 0.4 0.8 0.7 0.45 0.65 0.9 0.45 1.0 0.8 1.0 0.75 0.4 0.3 0.6 0.85 0.95 0.35 0.65 0.55 0.8 0.4 0.9 0.45 0.75 0.0 0.55 0.15 
-0.0392891532052685 0.6516318898910038 0.6384750592484697 1.0 0.35 0.85 0.9 0.6 0.1 1.0 0.6 0.3 0.0 0.75 0.05 0.85 0.6 0.6 0.05 1.0 0.25 0.85 0.3 0.5 0.7 0.5 0.55 1.0 0.9 0.5 0.8 0.95 0.2 0.25 0.75 0.2 1.0 0.1 0.65 
-0.0006659324981740567 0.7553959211843253 0.5604415495379383 0.9 0.35 0.7 0.65 0.6 0.25 1.0 0.6 0.45 0.7 0.55 0.75 0.0 0.9 0.9 0.95 0.1 0.35 1.0 0.3 0.5 0.55 0.6 0.65 1.0 0.9 0.55 0.7 0.9 0.2 0.95 0.1 0.4 0.3 0.55 0.95 
-1.0002150941582286 0.48007174090744037 0.34974484639795145 1.0 0.3 0.5 0.85 0.35 0.45 1.0 0.85 0.6 0.6 0.05 0.1 0.65 0.15 0.5 0.1 1.0 0.85 0.55 0.95 0.05 0.35 0.75 0.55 0.6 0.95 0.75 0.65 0.0 0.8 0.15 0.3 0.95 0.3 0.0 0.8 
-0.5512516037017086 0.3887700689443017 0.3175497153607919 1.0 0.3 0.5 1.0 0.35 0.45 1.0 0.85 0.6 0.6 0.85 0.5 0.95 0.35 0.45 0.2 1.0 0.7 0.75 0.5 0.55 0.35 0.75 0.55 1.0 0.8 0.75 0.4 0.0 0.8 0.8 0.75 1.0 0.3 0.0 0.1 
-0.08546038817157361 0.6787164529421381 0.6322883744597142 1.0 0.35 0.85 0.9 0.6 0.1 0.6 0.6 0.3 0.3 0.75 0.05 0.85 0.6 0.6 0.45 1.0 0.45 0.9 0.3 0.5 0.7 0.5 0.55 1.0 0.9 0.5 0.8 0.95 0.45 0.25 0.75 0.2 1.0 0.1 0.7 
-0.013090282847490855 0.6356939591883314 0.6564636962703637 0.45 0.35 0.85 0.6 0.6 0.1 0.65 0.6 0.9 0.4 0.75 0.05 0.85 0.6 1.0 0.05 1.0 0.8 0.9 0.3 0.5 0.6 0.5 0.55 1.0 0.9 0.5 0.8 0.95 0.2 0.55 0.85 0.2 0.45 0.9 0.7 
-0.03606389415971335 0.7746562104358676 0.45752567884928064 0.9 0.35 0.7 0.65 0.6 0.25 1.0 0.6 0.25 0.7 0.5 0.6 0.0 0.9 0.9 0.65 0.1 0.75 1.0 0.3 0.5 0.95 0.6 0.55 1.0 0.9 0.55 0.65 0.75 0.0 0.95 0.05 0.8 0.55 0.55 0.25 
-0.04440126955821392 0.6373595487138559 0.3123265867323023 0.9 0.35 0.25 0.15 0.6 0.15 0.95 0.55 0.65 0.4 0.95 0.1 0.0 0.9 1.0 0.95 1.0 0.7 0.9 0.3 0.3 0.55 0.65 0.7 0.95 0.35 0.15 0.5 0.0 0.2 0.6 0.1 0.65 0.0 0.55 0.4 
-0.09784776018806364 0.35700039817577367 0.7057790621995519 0.95 0.1 0.2 1.0 0.3 0.4 0.9 0.85 0.75 0.3 0.8 0.4 0.35 0.1 0.9 0.45 0.15 0.9 0.95 0.55 0.25 0.35 0.45 0.85 0.95 0.3 0.8 0.8 0.8 0.2 0.4 0.45 0.75 0.5 0.85 0.7 
-0.05949194253445644 0.6107369635619311 0.30963709806373174 0.9 0.35 0.25 0.15 0.6 0.15 0.95 0.55 0.65 0.5 0.95 0.1 0.0 0.9 0.95 0.55 1.0 0.7 0.95 0.3 0.3 0.55 0.65 0.75 0.95 0.35 0.2 0.5 0.0 0.2 0.6 0.1 0.65 0.0 0.55 0.4 
-0.15329038934716704 0.4003116200122237 0.707193777371332 0.95 0.1 0.2 1.0 0.3 0.4 0.55 0.85 0.7 0.3 0.8 0.0 0.35 0.1 0.9 0.45 0.15 0.9 0.95 0.55 0.25 0.35 0.45 0.85 0.95 0.35 0.8 0.9 0.8 0.2 0.4 1.0 0.75 0.5 0.85 0.7 
-0.039060990140591875 0.6694356851324512 0.3370648737543782 1.0 0.35 0.7 0.45 0.6 0.25 1.0 0.6 0.65 0.95 0.5 0.8 0.0 0.55 0.9 0.95 0.1 0.25 0.45 0.35 0.65 0.9 0.6 0.55 1.0 0.9 0.55 0.6 0.75 0.05 0.95 0.05 0.8 0.05 0.55 0.25 
-0.0033779190440771096 0.749481950278095 0.43360276369369977 0.9 0.35 0.7 0.65 0.6 0.25 1.0 0.6 0.25 0.7 0.5 0.6 0.0 0.9 0.9 0.65 0.1 0.25 1.0 0.3 0.5 0.9 0.6 0.55 1.0 0.9 0.55 0.7 0.75 0.0 0.95 0.05 0.8 0.05 0.55 0.25 
-0.09246341862703523 0.55511989555392 0.6661744827661329 0.55 0.35 0.75 0.15 0.6 0.15 0.35 0.6 0.45 0.2 0.75 0.45 0.85 0.9 0.8 1.0 1.0 0.9 0.95 0.3 0.5 1.0 0.5 0.55 1.0 0.9 0.5 0.8 0.95 0.35 0.35 0.9 0.2 0.85 0.1 0.7 
-0.063612424493814 0.5980527569100249 0.6714535351065456 0.55 0.35 0.75 0.25 0.6 0.2 0.2 0.6 0.15 0.2 0.75 0.45 0.2 0.9 0.9 0.05 1.0 0.8 1.0 0.3 0.5 1.0 0.5 0.65 1.0 0.95 0.5 0.8 0.95 0.35 0.55 0.75 0.2 1.0 0.85 0.75 
-0.1323386703084678 0.4159519123357666 0.6988135999907581 0.95 0.1 0.2 1.0 0.3 0.4 0.4 0.85 0.7 0.3 0.8 0.0 0.35 0.1 0.9 0.45 0.3 0.9 0.95 0.55 0.25 0.35 0.45 0.85 0.95 0.35 0.8 0.9 0.8 0.2 0.4 1.0 0.75 0.5 0.85 0.7 
-0.1365350683769747 0.7487374342314297 0.5633447966091912 0.95 0.35 0.7 0.8 0.6 0.25 1.0 0.55 0.6 1.0 0.5 0.6 0.0 0.9 0.95 0.95 1.0 0.0 1.0 0.3 0.5 0.35 0.55 0.55 1.0 0.85 0.6 0.75 0.9 0.15 0.9 0.65 0.9 0.15 0.35 0.95 
-0.12590613192342065 0.5322723923737435 0.3076171543458971 0.9 0.4 0.35 0.15 0.6 0.15 0.95 0.55 0.65 0.4 0.9 0.1 0.0 0.7 0.0 0.95 0.05 0.8 0.95 0.85 0.85 0.3 0.5 0.7 0.7 0.35 0.15 0.75 0.0 0.2 0.45 0.35 0.65 0.0 0.05 0.9 
-5.59360916114382 0.5218433632442504 0.6713645294319629 0.2 0.35 0.75 0.1 0.6 0.5 0.35 0.8 0.45 0.2 0.75 0.45 0.85 0.9 0.8 1.0 1.0 0.9 0.9 0.3 0.5 1.0 0.5 0.55 0.95 0.9 0.5 0.8 0.95 0.2 0.55 0.75 0.2 0.85 0.1 0.7 
-0.03647730127346351 0.2764991647293068 0.40986737280935154 1.0 0.3 0.5 1.0 0.35 0.45 1.0 0.85 0.6 0.45 0.1 0.1 0.95 0.35 0.25 0.2 1.0 0.7 0.8 0.5 0.55 0.35 0.75 0.55 0.9 0.1 0.75 0.4 0.0 0.8 0.2 0.3 0.35 0.3 0.0 0.8 
-0.03029715947199283 0.5834919132161908 0.6610478825231728 0.55 0.35 0.75 0.25 0.6 0.2 0.2 0.8 0.3 0.2 0.75 0.45 0.85 0.9 0.8 0.05 1.0 0.1 1.0 0.3 0.5 0.6 0.5 0.65 1.0 0.95 0.5 0.8 0.95 0.2 0.55 0.75 0.2 1.0 0.85 0.45 
-0.1595940267635854 0.5797197983207244 0.679464429120511 0.55 0.35 0.75 0.25 0.6 0.2 0.0 0.6 0.3 0.2 0.75 0.45 0.85 0.9 0.8 0.05 1.0 0.8 1.0 0.3 0.5 0.6 0.5 0.65 1.0 0.95 0.5 0.8 0.95 0.2 0.55 0.75 0.2 1.0 0.85 0.45 
-0.27434483938835524 0.46388455793938804 0.6969029823106808 1.0 0.1 0.2 1.0 0.3 0.4 0.55 0.45 0.85 0.1 0.8 0.55 0.15 0.1 0.75 0.95 0.15 0.9 0.95 0.55 0.35 0.45 0.45 0.8 0.95 0.35 0.8 0.9 0.8 0.2 0.4 0.45 1.0 0.5 0.75 0.7 
-0.05808432058266338 0.7320518371787873 0.5872800439238838 0.9 0.35 0.7 0.65 0.6 0.1 1.0 0.6 0.35 0.95 0.55 0.75 0.0 0.9 0.85 0.95 0.8 0.35 1.0 0.3 0.5 0.55 0.6 0.65 1.0 0.9 0.55 0.6 0.9 0.2 0.95 0.1 0.65 0.3 0.55 0.95 
-0.25945031442656036 0.33301764780315213 0.324230664580922 1.0 0.3 0.5 1.0 0.35 0.45 1.0 0.85 0.6 0.45 0.1 0.1 0.95 0.15 0.9 0.2 1.0 0.2 0.55 0.6 0.7 0.35 0.75 0.55 0.9 0.1 0.75 0.45 0.0 0.8 0.2 0.35 0.35 0.3 0.0 0.8 
-0.37433980572859027 0.54494620971017 0.6665181769378291 0.45 0.35 0.75 0.1 0.6 0.5 0.35 0.8 0.45 0.2 0.75 0.45 0.85 0.9 0.8 1.0 1.0 0.9 0.9 0.3 0.5 1.0 0.5 0.55 1.0 0.9 0.5 0.8 0.95 0.2 0.55 0.75 0.2 0.85 0.1 0.7 
-8.779965915741013 0.43835923182582676 0.31078737446976523 1.0 0.3 0.5 1.0 0.35 0.45 1.0 0.85 0.6 0.5 0.1 0.1 0.95 0.35 0.5 0.7 1.0 0.6 0.35 0.4 0.05 0.35 0.75 0.55 0.65 0.1 0.75 0.65 0.0 0.8 0.15 0.3 0.0 0.75 0.0 0.8 
-0.09256749502511653 0.7716975570255802 0.5386535555166287 0.95 0.35 0.7 0.8 0.6 0.25 1.0 0.6 0.6 0.8 0.5 0.6 0.0 0.9 0.55 0.2 1.0 0.0 1.0 0.3 0.5 0.35 0.55 0.65 1.0 0.85 0.6 0.75 0.9 0.15 0.9 0.65 0.9 0.15 0.35 0.95 
-1.2355479256297863 0.46905114502874673 0.3337639149930548 1.0 0.3 0.5 0.85 0.35 0.45 1.0 0.85 0.6 0.6 0.05 0.1 0.65 0.15 0.5 0.1 1.0 0.85 0.55 0.95 0.05 0.35 0.75 0.55 0.6 1.0 0.75 0.65 0.0 0.8 0.15 0.3 0.95 0.3 0.0 0.8 
-0.009884322434786624 0.6517883060000271 0.658176931132534 0.65 0.35 0.75 0.25 0.6 0.25 0.05 0.6 0.25 0.2 0.75 0.45 0.85 0.9 0.8 0.05 0.45 0.8 1.0 0.3 0.5 0.95 0.5 0.65 1.0 0.95 0.5 0.7 0.95 0.2 0.55 0.75 0.2 0.7 0.85 0.7 
-0.19361189455741892 0.7708183158723179 0.5312472785323001 0.95 0.35 0.7 0.8 0.6 0.25 1.0 0.6 0.6 1.0 0.5 0.6 0.0 0.9 0.95 0.95 1.0 0.0 1.0 0.3 0.5 0.35 0.55 0.55 1.0 0.85 0.6 0.75 0.9 0.15 0.9 0.65 0.9 0.15 0.35 0.95 
-39.53460435528389 0.4810789155900995 0.3179615386247949 0.5 0.3 0.5 1.0 0.35 0.45 1.0 0.95 0.6 0.8 1.0 0.45 0.1 0.05 0.7 0.2 0.6 0.7 0.0 0.5 0.55 0.35 0.75 0.55 0.95 0.75 0.75 0.4 0.0 0.8 0.2 0.3 0.5 0.45 0.0 0.1 
-0.25920475401355364 0.433292350090695 0.7016432000539283 0.7 0.45 0.05 1.0 0.3 0.4 0.9 0.85 0.7 0.3 0.8 0.0 0.85 0.1 0.9 0.4 0.15 0.25 0.95 0.55 0.1 0.55 0.45 0.85 0.95 0.35 0.8 0.9 0.8 0.2 0.4 0.45 0.75 0.7 0.45 0.7 
-0.08231995668567955 0.2879151121118646 0.3823875899913914 1.0 0.0 0.5 0.75 0.35 0.45 1.0 0.85 0.6 0.45 0.1 0.1 0.95 0.15 0.3 0.2 0.45 0.2 0.95 0.6 0.65 0.35 0.75 0.55 0.9 0.1 0.3 0.4 0.0 0.8 0.15 0.35 0.35 0.3 0.0 0.8 
-0.5986470264899894 0.6167230147679862 0.6820715911200498 0.65 0.35 0.75 0.25 0.6 0.25 0.35 0.6 0.3 0.6 0.75 0.45 0.85 0.9 0.8 0.05 1.0 0.8 1.0 0.3 0.5 1.0 0.5 0.65 1.0 0.95 0.5 0.75 0.95 0.2 0.55 0.75 0.2 0.65 0.85 0.7 
-7.116292612812791 0.41329788903498066 0.3102866869321188 1.0 0.3 0.5 1.0 0.35 0.45 1.0 0.85 0.6 0.5 0.1 0.1 0.95 0.35 0.5 0.7 1.0 0.6 0.35 0.4 0.05 0.35 0.75 0.55 0.85 0.1 0.75 0.65 0.0 0.8 0.15 0.3 0.0 0.75 0.0 0.8 
-0.23978363366623043 0.2623190817600043 0.43429052353192743 1.0 0.3 0.5 1.0 0.35 0.45 1.0 0.85 0.6 0.55 0.1 0.1 0.95 0.35 0.95 0.2 0.85 0.7 0.85 0.5 0.55 0.35 0.75 0.55 0.9 0.1 0.5 0.4 0.0 0.8 0.2 0.3 0.35 0.3 0.0 0.8 
-0.4420371068144791 0.2632788492233845 0.5561717268388475 0.95 0.1 0.6 0.95 0.3 0.4 0.95 0.8 0.7 0.4 0.8 0.7 0.0 0.65 0.9 0.05 0.35 0.8 0.95 0.75 0.4 0.35 0.6 0.85 0.95 0.35 0.65 0.55 0.8 0.4 0.9 0.45 0.75 0.6 0.7 0.15 
-11.941301343478116 0.36950377615510455 0.28742033595434124 1.0 0.3 0.5 1.0 0.35 0.45 1.0 0.85 0.6 0.5 0.1 0.1 0.35 0.35 0.5 0.7 0.7 0.4 0.55 0.5 0.45 0.45 0.75 0.55 0.85 0.15 0.7 0.55 0.0 0.8 0.1 0.3 0.2 0.05 0.0 0.8 
-1.6969164469593214 0.26342310124208146 0.5923720440442297 0.95 0.1 0.25 0.95 0.3 0.4 0.95 0.8 0.7 0.4 0.8 0.7 0.0 0.7 0.9 0.05 1.0 0.8 0.95 0.75 0.4 0.35 0.6 0.85 0.95 0.35 0.65 0.65 0.8 0.4 0.9 0.45 0.75 0.6 0.7 0.15 
-0.47157246731232005 0.7139389559319951 0.6278812335504464 1.0 0.35 0.85 0.75 0.6 0.1 0.45 0.6 0.4 0.35 0.3 0.05 0.2 1.0 0.6 0.05 1.0 0.4 0.9 0.3 0.5 0.6 0.5 0.55 1.0 0.9 0.5 0.8 0.95 0.25 0.25 0.75 0.2 1.0 0.65 1.0 
-0.20196540407685834 0.7202211858805221 0.6262121011771098 1.0 0.35 0.85 0.75 0.6 0.1 0.3 0.6 0.3 0.35 0.9 0.05 0.85 1.0 0.6 0.05 1.0 0.8 0.9 0.3 0.5 0.6 0.5 0.55 1.0 0.9 0.5 0.8 0.95 0.25 0.25 0.45 0.2 1.0 0.1 1.0 
-5.232731875792083 0.35431242560522797 0.29400075869067155 1.0 0.3 0.5 1.0 0.35 0.45 1.0 0.85 0.6 0.5 0.1 0.1 0.95 0.35 0.5 0.7 0.2 0.05 0.55 0.5 0.55 0.45 0.75 0.55 0.85 0.1 0.1 0.55 0.0 0.8 0.1 0.3 0.0 0.3 0.0 0.8 
-14.299574957409662 0.5414648498766835 0.6844037122022568 0.45 0.35 0.75 0.1 0.55 0.5 0.35 0.8 0.45 0.2 0.75 0.45 0.85 0.9 0.8 1.0 1.0 0.9 0.9 0.3 0.5 1.0 0.5 0.55 1.0 0.9 0.5 0.8 0.95 0.2 0.55 0.75 0.2 0.85 0.1 0.7 
-0.41297488712077013 0.2656346298436909 0.4473741159876772 1.0 0.3 0.5 1.0 0.35 0.45 1.0 0.85 0.6 0.55 0.1 0.1 0.95 0.35 0.25 0.2 1.0 0.7 0.8 0.5 0.55 0.35 0.75 0.55 0.9 0.1 0.75 0.4 0.0 0.8 0.2 0.3 0.35 0.3 0.0 0.8 
-1.8865992004780687 0.4896760259074737 0.702310740735392 0.7 0.45 0.05 1.0 0.3 0.4 0.9 0.85 0.55 0.3 0.8 0.0 0.85 0.1 0.9 0.0 0.15 0.95 0.95 0.55 0.45 0.55 0.45 0.85 0.95 0.35 0.8 0.9 0.8 0.2 0.4 0.45 0.75 0.7 0.45 0.7 
-0.24904841101825007 0.6744706680230962 0.6621179075331587 0.65 0.35 0.75 0.25 0.6 0.25 0.75 0.6 0.25 0.2 0.75 0.45 0.85 0.9 0.8 0.05 0.45 0.8 1.0 0.3 0.5 1.0 0.5 0.65 1.0 0.95 0.5 0.7 0.95 0.2 0.55 0.75 0.2 0.7 0.85 0.7 
-4.742301164835058 0.6379120654580703 0.6825651623932086 0.55 0.35 0.75 0.25 0.6 0.2 0.35 0.9 0.5 0.2 0.75 0.45 0.85 0.9 0.8 0.05 1.0 0.8 1.0 0.3 0.5 1.0 0.5 0.65 1.0 0.95 0.5 0.8 0.95 0.2 0.55 0.75 0.2 1.0 0.85 0.7 
-1.0552841538127198 0.6173649595269615 0.6916172947410507 0.55 0.35 0.75 0.25 0.6 0.2 0.2 0.6 0.5 0.2 0.75 0.45 0.2 0.9 0.9 0.05 1.0 0.8 1.0 0.3 0.5 1.0 0.55 0.65 1.0 0.95 0.5 0.8 0.95 0.35 0.55 0.75 0.2 1.0 0.85 0.75 
-17.506446817898087 0.5860276621604 0.71196453419914 0.55 0.35 0.2 0.15 0.6 0.15 0.35 0.6 0.4 0.7 0.9 0.45 0.85 0.9 0.8 0.05 1.0 0.8 0.9 0.3 0.5 1.0 0.5 0.65 1.0 0.95 0.5 0.8 0.95 0.35 0.55 0.75 0.2 1.0 0.35 0.7 
-10.1805268362755 0.6083240457159502 0.7019090075418464 0.55 0.35 0.75 0.25 0.6 0.2 0.25 0.6 0.5 0.2 0.75 0.35 0.2 0.9 0.9 0.05 1.0 0.8 1.0 0.3 0.5 1.0 0.5 0.65 1.0 0.95 0.5 0.8 0.95 0.35 0.55 0.75 0.2 1.0 0.85 0.7 
-19.662265947557565 0.5695245525740591 0.7022467533834122 0.65 0.35 0.9 0.25 0.6 0.25 0.95 0.6 1.0 0.2 0.75 0.4 0.85 0.9 0.3 0.05 1.0 0.8 1.0 0.3 0.5 0.95 0.5 0.65 1.0 0.95 0.5 0.8 0.95 0.2 0.55 0.75 0.9 0.65 0.85 0.7 
-0.5484446133854427 0.5956842694452095 0.2970624122432326 0.9 0.35 0.25 0.15 0.6 0.15 0.95 0.55 0.65 0.5 0.95 0.1 0.0 0.9 0.95 0.55 1.0 0.7 0.95 0.3 0.3 0.55 0.65 0.7 0.95 0.35 0.2 0.5 0.0 0.2 0.6 0.1 0.65 0.0 0.55 0.4 
-23.925940532760308 0.4600666596531461 0.302463304496983 1.0 0.3 0.5 0.85 0.35 0.45 1.0 0.85 0.6 0.6 0.05 0.1 0.65 0.35 0.5 0.1 1.0 0.85 0.6 0.15 0.05 0.35 0.75 0.55 0.7 1.0 0.4 0.65 0.0 0.8 0.15 0.3 0.0 0.3 0.15 0.8 
-18.379335368208505 0.37730564973375585 0.27896109622585075 1.0 0.3 0.5 1.0 0.35 0.45 1.0 0.85 0.6 0.5 0.1 0.1 0.85 0.35 0.5 0.7 0.7 0.4 0.55 0.5 0.45 0.45 0.75 0.55 0.85 0.15 0.4 0.55 0.0 0.8 0.1 0.3 0.2 0.05 0.0 0.8 
-0.15130594083587734 0.2898218870267444 0.35865273978934775 1.0 0.3 0.5 1.0 0.35 0.45 1.0 0.85 0.6 0.45 0.1 0.1 0.95 0.15 0.85 0.2 1.0 0.2 0.8 0.6 0.65 0.35 0.75 0.55 0.9 0.1 0.3 0.45 0.0 0.8 0.2 0.35 0.35 0.3 0.0 0.8 
-41.705503390832575 0.4479473777685632 0.2818859323495183 1.0 0.3 0.5 1.0 0.35 0.3 1.0 0.85 0.6 0.65 0.1 0.1 0.35 0.15 0.9 0.2 1.0 0.2 0.4 0.6 0.7 0.35 0.75 0.55 0.9 0.1 0.7 1.0 0.0 0.8 0.2 0.35 0.35 0.3 0.0 0.8 
-11.14375484405196 0.6746085947982533 0.6783207073223866 1.0 0.35 0.85 0.9 0.6 0.1 1.0 0.6 0.3 0.3 0.75 0.05 0.85 0.6 0.6 0.05 1.0 0.25 0.85 0.25 0.5 0.7 0.5 0.55 1.0 0.9 0.5 0.8 0.95 0.2 0.25 0.75 0.2 1.0 0.1 0.15 
-15.139794778827918 0.6386552340294216 0.7147180306167579 0.55 0.35 0.75 0.25 0.6 0.2 0.2 0.6 0.2 0.2 0.75 0.45 0.9 0.9 0.9 0.05 1.0 0.2 1.0 0.3 0.5 1.0 0.5 0.65 1.0 0.95 0.5 0.8 0.95 0.35 0.55 0.75 0.2 1.0 0.85 0.75 
-1.1768324608206366 0.5156156629025982 0.31301918844390175 0.9 0.4 0.35 0.15 0.6 0.15 0.95 0.55 0.65 0.4 0.9 0.1 0.0 0.7 0.0 0.95 0.05 0.8 0.95 0.85 0.85 0.5 0.5 0.7 0.7 0.35 0.15 0.75 0.0 0.2 0.45 0.35 0.65 0.0 0.05 0.9 
-21.270413478402176 0.6097897371581812 0.724001444869288 0.55 0.35 0.75 0.25 0.6 0.2 0.25 0.6 0.5 0.2 0.75 0.45 0.2 0.9 0.9 0.05 1.0 0.8 1.0 0.3 0.5 1.0 0.5 0.65 1.0 0.95 0.5 0.8 0.95 0.35 0.55 0.75 0.2 1.0 0.85 0.7 
-7.074777143752495 0.7079429860813471 0.6601511682501914 1.0 0.35 0.85 0.9 0.6 0.1 1.0 0.6 0.3 0.3 0.75 0.05 0.85 0.6 0.6 0.05 1.0 0.45 0.9 0.3 0.5 0.7 0.5 0.55 1.0 0.9 0.5 0.8 0.95 0.2 0.25 0.75 0.2 1.0 0.1 0.15 
-2.59561127448314 0.4072709548899225 0.29901425993301245 1.0 0.3 0.5 1.0 0.35 0.45 1.0 0.85 0.6 0.5 0.1 0.1 0.95 0.35 0.5 0.7 0.7 0.05 0.55 0.5 0.45 0.45 0.75 0.55 0.85 0.15 0.95 0.55 0.0 0.8 0.1 0.3 0.2 0.05 0.0 0.8 
-7.932582399911499 0.25772020531154627 0.5357405580296973 0.95 0.1 0.25 0.95 0.3 0.4 0.95 0.8 0.7 0.4 0.8 0.7 0.0 0.65 0.9 0.05 1.0 0.8 0.95 0.75 0.4 0.35 0.6 0.85 0.95 0.35 0.65 0.85 0.8 0.4 0.9 0.45 0.75 0.6 0.7 0.15 
-13.052562528018234 0.6580377350620052 0.6925378352058995 0.65 0.35 0.75 0.25 0.6 0.25 0.3 0.6 0.25 0.2 0.75 0.45 0.85 0.5 0.8 0.05 0.45 0.75 1.0 0.3 0.5 0.95 0.5 0.65 1.0 0.95 0.5 0.7 0.95 0.2 0.55 0.75 0.2 0.65 0.85 0.65 
-16.12658766016468 0.633309883014898 0.7217055294690575 0.55 0.35 0.75 0.25 0.6 0.2 0.2 0.6 0.45 0.2 0.75 0.45 0.2 0.9 0.9 0.05 1.0 0.8 1.0 0.3 0.5 1.0 0.5 0.65 1.0 0.95 0.5 0.8 0.95 0.35 0.55 0.75 0.2 1.0 0.85 0.75 
-11.06813219519716 0.2592618537466168 0.5052495191482461 0.95 0.1 0.25 0.95 0.3 0.4 0.95 0.8 0.7 0.65 0.8 0.7 0.0 0.65 0.9 0.6 1.0 0.8 0.95 0.75 0.4 0.35 0.6 0.85 0.95 0.35 0.65 0.85 0.8 0.4 0.9 0.45 0.75 0.6 0.7 0.15 
-1.2346226561308067 0.27125915038951276 0.39310592592681726 1.0 0.3 0.5 1.0 0.35 0.45 1.0 0.85 0.6 0.45 0.1 0.1 0.95 0.15 0.3 0.2 0.45 0.2 0.95 0.6 0.65 0.35 0.75 0.55 0.9 0.1 0.3 0.4 0.0 0.8 0.15 0.35 0.35 0.3 0.0 0.8 
-0.5689566959668153 0.5758199509232523 0.3007231616370044 0.9 0.35 0.25 0.15 0.6 0.15 0.95 0.55 0.65 0.5 0.95 0.1 0.0 0.9 0.95 0.55 1.0 0.7 0.9 0.3 0.3 0.75 0.65 0.7 0.95 0.45 0.2 0.5 0.0 0.2 0.6 0.1 0.65 0.0 0.55 0.4 
-7.25375361061516 0.30641557772937755 0.32826756846060334 1.0 0.3 0.5 1.0 0.35 0.45 1.0 0.85 0.6 0.5 0.1 0.1 0.95 0.35 0.5 0.7 1.0 0.05 0.7 0.5 0.55 0.45 0.75 0.55 0.85 0.1 0.4 0.65 0.0 0.8 0.1 0.3 0.0 0.3 0.0 0.8 
-0.031042398122551013 0.26406717481123443 0.49576564651847416 0.95 0.1 0.65 0.95 0.3 0.4 0.95 0.8 0.7 0.4 0.8 0.7 0.0 0.65 0.9 0.05 0.35 0.8 0.95 0.75 0.4 0.35 0.6 0.85 0.95 0.1 0.65 0.55 0.8 0.4 0.9 0.45 0.3 0.6 0.7 0.15 
-5.310898605006268 0.29409888967230824 0.3352134013979424 1.0 0.3 0.5 1.0 0.35 0.45 1.0 0.85 0.6 0.45 0.1 0.1 0.95 0.15 0.85 0.2 1.0 0.2 0.8 0.6 0.65 0.35 0.75 0.55 0.9 0.1 0.6 0.45 0.0 0.8 0.2 0.35 0.35 0.3 0.0 0.8 
-11.897270574435174 0.32453947904777725 0.2989400257496009 1.0 0.3 0.5 1.0 0.35 0.45 1.0 0.85 0.6 0.5 0.1 0.05 0.95 0.55 0.9 0.2 1.0 0.7 0.8 0.6 0.7 0.35 0.75 0.55 0.9 0.2 0.75 0.4 0.0 0.8 0.2 0.95 0.35 0.3 0.0 0.2 
-1.4005267041108211 0.7542325324087957 0.39556458315145443 1.0 0.35 0.7 0.55 0.6 0.25 1.0 0.6 0.3 0.7 0.5 0.6 0.0 0.9 0.9 0.95 0.1 0.25 0.9 0.35 0.5 0.9 0.6 0.55 1.0 0.9 0.55 0.6 0.3 0.0 0.95 0.05 0.8 0.05 0.55 0.25 
-6.0575056389616275 0.6922894101792703 0.6619322813392675 1.0 0.35 0.85 0.9 0.6 0.1 1.0 0.6 0.3 0.3 0.75 0.05 0.85 0.6 0.6 0.05 1.0 0.25 0.85 0.3 0.5 0.7 0.5 0.55 1.0 0.9 0.5 0.8 0.95 0.2 0.25 0.75 0.2 1.0 0.1 0.15 
-0.6316371809371345 0.4538504289571136 0.7111403238988754 0.7 0.45 0.05 1.0 0.3 0.4 0.9 0.85 0.7 0.3 0.8 0.0 0.85 0.1 0.9 0.0 0.15 0.25 0.95 0.55 0.7 0.55 0.45 0.85 0.95 0.35 0.8 0.9 0.8 0.2 0.4 0.45 0.75 0.7 0.45 0.7 
-0.047041182548379454 0.6830868104979485 0.3223318636852325 1.0 0.35 0.7 0.5 0.6 0.25 1.0 0.6 0.3 0.7 0.5 0.6 0.0 0.9 0.9 0.95 0.1 0.25 0.65 0.3 0.5 0.9 0.6 0.55 1.0 0.9 0.55 0.6 0.75 0.2 0.95 0.05 0.8 0.05 0.55 0.25 
-0.4134582719704203 0.2839359272710136 0.666869983393565 1.0 0.1 0.25 0.95 0.3 0.4 0.95 0.8 0.7 0.4 0.8 0.7 0.45 0.65 0.9 0.45 1.0 0.8 1.0 0.75 0.4 0.35 0.6 0.85 0.95 0.35 0.65 0.55 0.8 0.4 0.9 0.45 0.75 0.0 0.7 0.15 
-0.07970461030007114 0.757094585350057 0.4023032395637556 1.0 0.35 0.7 0.45 0.6 0.25 1.0 0.6 0.3 0.75 0.5 0.8 0.0 0.9 0.9 0.95 0.1 0.25 0.85 0.3 0.45 0.9 0.55 0.55 1.0 0.9 0.55 0.6 0.75 0.0 0.95 0.05 0.8 0.05 0.55 0.05 
-10.68072208715072 0.723745685690423 0.3421305159311542 1.0 0.35 0.7 0.5 0.6 0.25 1.0 0.6 0.3 0.7 0.5 0.8 0.0 0.9 0.9 0.95 0.1 0.25 0.45 0.3 0.75 0.9 0.6 0.55 1.0 0.9 0.55 0.6 0.75 0.0 0.2 0.05 0.8 0.05 0.55 0.25 
-0.21500719558706216 0.5850613014791312 0.29521058152050106 0.9 0.35 0.25 0.15 0.6 0.15 0.95 0.55 0.65 0.5 0.95 0.1 0.0 0.9 0.95 0.55 1.0 0.7 0.95 0.3 0.3 0.55 0.65 0.7 0.6 0.35 0.2 0.5 0.0 0.2 0.6 0.1 0.65 0.0 0.55 0.4 
-41.825533791803444 0.4358468530710759 0.2838950967096512 1.0 0.3 0.5 1.0 0.35 0.3 1.0 0.85 0.6 0.65 0.1 0.1 0.35 0.15 0.9 0.2 1.0 0.2 0.55 0.6 0.7 0.35 0.75 0.55 0.9 0.1 0.7 1.0 0.0 0.8 0.2 0.35 0.35 0.3 0.0 0.8 
-4.910204459851156 0.7135434548191116 0.340933218500861 1.0 0.35 0.7 0.45 0.6 0.25 1.0 0.6 0.3 0.95 0.5 0.8 0.0 0.55 0.9 0.95 0.1 0.25 0.45 0.35 0.5 0.9 0.6 0.55 1.0 0.9 0.55 0.6 0.75 0.05 0.95 0.05 0.8 0.05 0.55 0.25 
-1.7807756890765407 0.7300926798100323 0.3701496613288593 1.0 0.35 0.7 0.45 0.6 0.25 1.0 0.6 0.3 0.95 0.5 0.8 0.0 0.55 0.9 0.95 0.1 0.25 0.45 0.3 0.5 0.9 0.6 0.55 1.0 0.9 0.55 0.6 0.75 0.05 0.95 0.05 0.8 0.05 0.55 0.25 
-0.37973218129553177 0.772996612276988 0.43288403924890145 1.0 0.35 0.7 0.45 0.6 0.25 1.0 0.6 0.3 0.75 0.5 0.8 0.0 0.9 0.9 0.95 0.35 0.25 0.85 0.3 0.55 0.9 0.55 0.55 1.0 0.9 0.55 0.55 0.75 0.0 0.95 0.05 0.8 0.05 0.55 0.05 
-4.811675796380286 0.7837400577244023 0.45115051950591534 1.0 0.35 0.7 0.45 0.6 0.25 1.0 0.6 0.3 0.75 0.5 0.8 0.0 0.9 0.9 0.95 0.1 0.25 0.85 0.3 0.55 0.9 0.6 0.55 1.0 0.9 0.55 0.55 0.75 0.0 0.95 0.05 0.8 0.05 0.55 0.05 
-16.905869972625506 0.6613200560345034 0.2947768378389516 1.0 0.35 0.7 0.5 0.6 0.25 1.0 0.6 0.3 0.7 0.5 0.8 0.0 0.9 0.9 0.95 0.7 0.25 0.45 0.3 0.75 0.9 0.6 0.55 1.0 0.9 0.55 0.6 0.75 0.25 0.2 0.05 0.8 0.05 0.55 0.25 
-7.800381919060164 0.6711207084652572 0.31809687885092097 1.0 0.35 0.7 0.5 0.6 0.25 1.0 0.6 0.3 0.7 0.5 0.6 0.45 0.9 0.9 0.95 0.1 0.25 0.65 0.55 0.5 0.9 0.6 0.55 1.0 0.9 0.55 0.65 0.75 0.15 0.6 0.05 0.8 0.05 0.0 0.25 
-16.663595698873646 0.6782979693604981 0.7062052695366736 0.65 0.35 0.75 0.25 0.6 0.25 0.35 0.6 0.3 0.15 0.75 0.4 0.85 0.9 0.8 0.05 0.25 0.8 1.0 0.3 0.5 1.0 0.5 0.65 1.0 0.95 0.5 0.75 0.95 0.2 0.55 0.75 0.2 0.65 0.7 0.7 
-5.654129047726091 0.7839773035123896 0.4738380588517204 1.0 0.35 0.7 0.45 0.6 0.25 1.0 0.6 0.3 0.75 0.5 0.8 0.0 0.9 0.9 0.95 0.1 0.25 0.85 0.3 0.55 0.9 0.6 0.55 1.0 0.9 0.55 0.6 0.75 0.0 0.95 0.05 0.8 0.05 0.55 0.05 
-2.627961115844263 0.265802239527441 0.6087924070978935 0.95 0.1 0.25 0.95 0.3 0.4 0.95 0.8 0.7 0.4 0.8 0.7 0.0 0.65 0.9 0.75 1.0 0.8 0.95 0.75 0.4 0.35 0.6 0.85 0.95 0.35 0.65 0.6 0.8 0.4 0.9 0.45 0.75 0.6 0.35 0.15 
-14.07903079984913 0.3091202419871948 0.30260646679218783 1.0 0.3 0.5 1.0 0.35 0.45 1.0 0.85 0.6 0.45 0.1 0.05 0.95 0.15 0.85 0.2 1.0 0.2 0.8 0.6 0.65 0.35 0.75 0.55 0.9 0.1 0.3 0.45 0.0 0.8 0.2 0.35 0.35 0.3 0.0 0.8 
-6.967929410339504 0.7284151923546398 0.6376781171169351 1.0 0.35 0.85 0.9 0.6 0.1 1.0 0.6 0.3 0.3 0.75 0.05 0.85 0.6 0.6 0.05 1.0 0.35 0.85 0.3 0.5 0.7 0.5 0.55 1.0 0.9 0.5 0.8 0.95 0.3 0.25 0.75 0.05 1.0 0.1 0.15 
