-0.001209140630869142 0.4208731167252812 0.48744148057536973 1.0 0.25 0.95 0.3 0.0 0.95 0.8 0.55 0.5 0.55 0.35 0.55 0.9 0.45 0.75 0.9 0.3 0.45 0.2 0.45 0.1 0.65 0.9 0.35 0.65 0.75 0.4 0.0 0.55 0.35 0.7 0.5 0.9 0.9 0.55 0.5 
-0.006825361352191938 0.4843881989713096 0.5353738108635677 0.3 0.55 0.65 1.0 0.0 0.6 0.7 0.55 0.95 0.3 0.9 0.4 0.9 0.95 0.65 0.15 0.3 0.7 0.9 0.1 0.7 0.35 0.95 0.3 0.7 0.75 0.1 0.0 0.55 0.7 0.7 0.5 0.9 0.9 0.7 0.95 
-0.011666008735351285 0.425363565485859 0.509651940949154 0.8 0.35 0.65 1.0 0.95 0.6 1.0 0.75 0.55 0.15 0.5 0.8 0.9 0.85 0.75 0.8 0.3 0.45 1.0 0.1 0.4 0.8 0.45 0.65 0.8 0.75 0.5 0.3 0.55 0.7 0.7 0.5 0.9 0.9 0.7 0.75 
-0.014862531671680992 0.5070375917037058 0.5614478934392363 0.05 0.65 0.35 0.85 0.45 0.1 0.9 0.3 0.15 0.55 1.0 0.9 0.9 0.2 0.6 0.4 0.05 0.65 0.65 1.0 0.2 0.4 0.65 0.4 0.95 0.7 0.2 0.7 0.75 0.2 0.85 0.65 0.3 0.6 0.55 0.6 
-0.0035334110102536176 0.5203320662004851 0.4984243120361157 0.85 1.0 0.35 0.9 0.9 0.8 0.9 0.3 0.15 0.8 0.6 1.0 0.9 0.6 0.8 1.0 0.05 0.9 0.8 0.05 0.2 0.65 0.65 0.4 0.95 0.7 0.2 0.7 0.75 0.8 0.35 0.65 0.3 0.7 0.55 0.1 
-0.0011480265358259534 0.5392202251440117 0.505954516568372 0.8 0.35 0.55 0.7 0.2 0.05 1.0 0.75 0.65 0.2 0.65 0.7 1.0 0.25 0.75 0.45 0.1 0.2 0.7 0.15 0.45 0.95 0.4 0.45 0.45 0.6 0.5 0.25 0.45 0.45 0.6 0.9 0.9 0.25 0.7 0.7 
-0.012617737555419947 0.48534463480301115 0.48472780653390174 0.9 0.2 0.4 1.0 0.05 0.6 0.95 0.0 0.5 0.8 0.4 0.55 0.4 0.35 0.2 0.15 0.85 0.45 0.6 0.05 0.75 0.55 0.5 0.3 0.75 0.2 0.65 0.85 0.2 0.45 0.0 0.5 0.6 0.45 0.25 0.9 
-0.005697852808401691 0.5070441866071563 0.5169199065043328 0.95 0.35 0.55 0.75 0.2 0.45 1.0 0.7 0.65 0.2 0.65 0.5 1.0 0.25 0.75 0.05 0.9 0.5 0.85 0.2 0.35 0.25 0.4 0.75 0.85 0.6 0.5 0.25 0.45 0.15 0.6 0.65 0.15 0.25 0.85 0.65 
-6.97225245449175e-05 0.46676694959565757 0.4780132062508954 0.3 0.05 0.65 0.7 0.0 0.85 0.8 0.55 0.4 0.8 0.9 0.4 0.9 0.65 0.75 0.4 0.55 0.45 0.6 0.0 0.1 0.35 0.85 0.3 0.55 0.75 0.25 0.0 0.55 0.35 0.8 0.5 0.4 0.9 0.7 0.0 
-0.028916046893855518 0.5304298151230749 0.4654954053186156 0.05 0.65 0.35 0.9 0.45 0.1 0.9 0.05 0.9 0.8 1.0 0.9 0.5 0.2 0.15 0.5 0.25 0.7 0.9 0.9 0.05 0.4 0.3 0.4 0.95 0.7 0.2 0.55 0.75 0.85 0.65 0.15 0.1 0.65 0.55 0.15 
-0.021959104108347997 0.5227104981197355 0.5416919172915594 0.5 0.55 0.05 0.75 0.45 0.35 0.25 0.85 0.15 0.3 0.2 0.75 0.0 0.25 0.7 0.85 1.0 0.8 0.95 1.0 0.2 0.6 0.65 0.4 1.0 0.7 0.2 0.7 0.75 0.35 0.35 0.15 0.0 0.7 0.55 0.8 
-0.007130365072641585 0.5460525818648505 0.48201948701392966 0.2 0.35 0.05 0.35 0.35 0.55 0.8 0.25 1.0 0.6 0.65 0.5 0.3 0.9 0.85 0.75 0.45 0.65 0.9 0.95 0.75 1.0 0.35 0.55 0.15 0.95 1.0 0.7 0.8 0.35 0.35 0.0 0.15 0.8 0.55 0.4 
-0.0015087042775880492 0.43209926507916163 0.4588722603028518 0.3 0.1 0.65 1.0 0.0 0.6 0.85 0.55 0.4 0.7 0.9 0.4 0.9 0.45 1.0 0.9 0.3 0.45 0.55 0.45 0.1 0.35 0.85 0.3 0.8 0.75 0.4 0.0 0.55 0.35 0.7 0.5 0.9 0.9 0.7 0.0 
-0.0050250449990268415 0.5122659108335766 0.48164264427398 0.9 0.2 0.4 1.0 0.05 0.6 0.95 0.6 0.35 0.8 0.4 0.55 0.4 0.35 0.2 0.15 0.85 0.45 0.6 0.05 0.75 0.55 0.5 0.3 0.75 0.2 0.65 0.85 0.2 0.45 0.0 0.6 0.6 0.45 0.25 0.9 
-0.0013055245985018672 0.42761258795979135 0.4868549061251314 0.8 0.35 0.55 0.7 0.2 0.35 1.0 0.1 0.65 0.2 0.65 0.7 1.0 0.25 0.75 0.55 0.1 0.8 0.7 0.35 0.6 0.95 0.7 0.45 0.15 0.6 0.5 0.25 0.45 0.45 0.6 0.9 0.9 0.25 0.7 0.7 
-0.028458640313233807 0.4573305867509073 0.5722302607424965 0.9 0.75 0.7 1.0 0.0 0.8 0.2 0.9 0.75 1.0 0.9 0.5 0.9 0.3 0.25 0.9 0.3 0.5 1.0 0.15 0.75 0.35 0.85 0.4 1.0 0.75 0.4 0.55 0.55 0.7 0.15 0.5 0.7 0.25 0.7 0.75 
-0.004142156383256404 0.4557518032773728 0.5404002246050474 0.1 0.6 0.3 0.15 1.0 0.75 0.2 1.0 0.45 0.4 0.9 0.75 0.0 0.7 0.25 0.75 0.75 1.0 0.95 0.3 0.75 0.45 0.9 0.75 0.55 0.75 0.7 0.9 0.4 0.2 0.75 0.7 0.3 0.55 0.8 0.3 
-0.019191226264177724 0.4728872847439198 0.5234395859878161 0.05 0.65 0.35 0.3 0.0 0.15 0.9 0.3 0.15 0.8 1.0 0.9 0.9 0.9 0.6 0.4 0.55 0.65 0.65 1.0 0.2 0.4 1.0 0.4 0.95 0.7 0.2 0.7 0.6 0.2 0.65 0.65 0.3 0.6 0.55 0.75 
-0.015303514179276202 0.40906690525744166 0.49194926803853994 0.15 0.95 0.65 0.45 0.0 0.6 0.9 0.55 0.4 0.55 0.9 0.55 1.0 0.35 0.75 0.95 1.0 0.55 1.0 0.1 0.3 0.35 0.85 0.3 1.0 0.75 0.55 0.25 0.45 0.45 0.7 0.8 0.5 0.9 0.8 0.0 
-0.0038733183936004137 0.5352269979841776 0.5300877139914327 0.05 0.55 0.05 0.75 0.45 0.35 0.8 0.3 0.15 0.8 0.5 0.8 1.0 0.7 0.7 0.85 1.0 0.8 0.9 1.0 0.2 0.4 0.65 0.4 1.0 0.7 0.2 0.05 0.75 0.2 0.35 0.15 0.0 0.1 0.55 0.1 
-0.0038329934657457512 0.4761811349964467 0.49934832667390155 0.05 0.65 0.45 0.75 0.45 0.8 0.15 0.5 0.85 0.8 0.4 1.0 0.5 0.2 0.2 0.9 0.25 0.7 0.9 0.9 0.2 0.65 0.65 0.45 0.35 0.85 0.05 0.7 0.8 0.2 0.45 0.65 0.1 0.75 0.55 0.3 
-0.00776654873684375 0.4734610080964631 0.5476418316728481 0.3 0.55 0.65 1.0 0.0 0.6 0.7 0.9 0.95 0.3 0.9 0.4 0.9 0.95 0.65 0.15 0.3 0.7 0.9 0.1 0.7 0.35 0.95 0.3 0.7 0.75 0.1 0.0 0.55 0.7 0.7 0.5 0.9 0.9 0.7 0.95 
-0.007524323715705839 0.46300655482303044 0.4776721637470498 1.0 0.25 0.35 0.3 0.0 0.6 1.0 0.55 0.3 0.7 0.2 0.55 0.9 0.45 0.75 0.25 0.3 0.45 0.65 0.5 0.1 0.35 0.85 0.35 0.8 0.75 0.4 0.35 0.55 0.35 0.7 0.5 0.9 0.9 0.7 0.0 
-0.0017100841041012942 0.5702359243838316 0.4913224517789579 0.8 0.35 0.55 0.7 0.2 0.05 1.0 0.75 0.65 0.2 0.65 0.7 1.0 0.25 0.75 0.45 0.1 0.8 0.7 0.15 0.6 0.95 0.4 0.45 0.45 0.6 0.5 0.25 0.45 0.45 0.6 0.9 0.9 0.25 0.7 0.7 
-0.022622465665002617 0.42948838260868893 0.4709701750402326 0.2 0.95 0.05 0.45 0.0 0.7 0.95 0.55 0.4 0.5 0.9 0.55 1.0 0.35 0.5 0.65 0.2 0.55 0.45 0.1 0.25 0.3 0.85 0.3 1.0 0.6 0.6 0.35 0.6 0.45 0.25 0.8 0.35 0.9 0.2 0.3 
-0.013119033536964161 0.509197761170883 0.45302099054915906 0.9 0.2 0.4 1.0 0.05 0.6 0.95 0.6 0.35 0.9 0.4 0.55 0.4 0.35 0.2 0.15 0.85 0.45 0.6 0.05 0.65 0.55 0.55 0.3 0.85 0.2 0.0 0.0 0.75 0.45 0.0 0.6 0.6 0.45 0.25 0.9 
-0.006825211460684215 0.5493128254796049 0.4501420403786284 0.2 0.3 0.9 0.8 0.25 0.9 1.0 0.65 0.65 0.95 0.3 0.5 0.2 0.3 0.9 0.3 0.6 0.0 0.45 0.05 0.55 0.35 0.1 0.65 0.15 0.25 0.5 0.1 0.45 0.15 0.35 0.2 0.8 0.0 0.95 0.4 
-0.0026973883587437324 0.5457264779693748 0.5101419026135304 0.9 0.2 0.2 1.0 0.3 0.6 1.0 0.55 0.65 0.1 0.0 0.1 0.9 0.55 0.8 0.25 0.3 0.45 0.9 0.1 0.7 0.35 0.85 0.65 0.8 0.2 0.4 0.4 0.55 0.7 0.7 0.5 0.9 0.9 0.7 0.75 
-0.008695795455354507 0.5152025334102349 0.5299870104159019 0.05 0.3 0.85 0.9 0.0 0.1 0.65 0.1 0.35 0.65 1.0 0.9 0.4 0.4 0.15 1.0 0.0 0.7 1.0 1.0 0.2 1.0 0.65 0.8 0.95 0.7 0.2 0.9 1.0 0.2 0.65 0.65 0.1 0.25 0.65 0.55 
-0.0007887154289909724 0.45276156334918133 0.44343270678742247 0.9 0.7 0.4 0.6 0.1 0.85 0.95 0.9 0.25 0.4 0.4 0.55 0.6 0.35 0.15 0.35 0.0 0.85 0.9 0.0 0.9 0.55 0.4 0.95 0.45 0.2 0.35 0.0 0.2 0.1 0.65 0.6 0.6 0.4 0.25 0.9 
-0.0020458468939865454 0.46605087285169855 0.5678283289505737 0.3 0.2 0.65 1.0 0.0 0.9 1.0 0.2 0.6 0.9 0.8 0.4 0.9 0.3 0.75 0.9 0.3 0.45 0.9 0.1 0.7 0.35 0.85 0.6 0.8 0.65 0.4 0.9 0.55 0.7 0.5 0.5 0.9 0.9 0.6 0.75 
-0.02615059688859812 0.5588677295738249 0.5330102703022885 0.95 0.35 0.55 0.7 0.2 0.0 1.0 0.45 0.65 0.2 0.65 0.5 0.15 0.25 0.75 0.0 1.0 0.5 0.85 0.0 0.35 0.9 0.4 0.75 1.0 0.6 0.5 0.3 0.6 0.45 0.6 0.8 0.05 0.35 0.85 0.7 
-0.05634909239812493 0.5074293467757254 0.45772345683183036 0.9 0.2 0.4 1.0 0.05 0.0 0.95 0.6 0.35 0.9 0.4 0.55 0.4 0.35 0.2 0.15 0.85 0.45 0.6 0.05 0.65 0.55 0.55 0.3 0.5 0.2 0.0 0.0 0.75 0.45 0.0 0.6 0.6 0.45 0.25 0.9 
-0.009350727613794583 0.5395991023023327 0.4287280430076641 0.95 0.35 0.55 0.7 0.3 0.35 0.4 0.05 0.65 0.2 0.65 0.5 1.0 0.25 0.55 0.65 0.1 0.8 0.25 0.15 0.9 0.95 0.4 0.45 0.85 0.6 0.4 0.25 0.3 0.9 0.6 0.9 0.9 0.25 0.55 0.7 
-0.03002704810804424 0.4172167600749794 0.5270845497882429 0.3 0.95 0.65 1.0 0.0 0.6 0.7 0.55 0.95 0.8 0.9 0.4 0.9 0.45 0.75 0.15 0.3 0.7 0.95 0.1 0.7 0.3 0.95 0.3 0.7 0.75 0.4 0.1 0.55 0.7 0.7 0.5 0.9 0.9 0.7 0.95 
-0.0016994353169996607 0.4082188630177644 0.5480967557316891 0.3 0.5 0.95 1.0 0.0 0.6 0.65 0.75 0.95 0.1 0.15 0.4 0.9 0.2 0.75 0.9 0.3 0.45 0.6 0.1 0.7 0.35 0.85 0.65 0.8 0.55 0.25 0.9 0.55 0.7 0.7 0.5 0.9 0.9 0.7 0.75 
-0.0023520382381097688 0.5642671620025433 0.4420072734141332 0.95 0.35 0.55 1.0 0.3 0.0 0.95 0.0 0.7 0.9 0.65 0.5 0.45 0.25 0.35 0.1 1.0 1.0 0.5 1.0 0.55 0.9 0.6 0.75 0.95 0.6 0.5 0.35 0.5 0.4 0.6 0.3 0.35 0.7 0.45 0.95 
-0.0035508706662242934 0.5546806208842305 0.5565622816946194 0.05 1.0 0.95 0.75 0.65 0.75 0.9 0.3 0.15 0.85 0.2 0.9 0.9 0.7 0.35 1.0 0.05 0.9 0.6 0.45 0.2 0.6 0.65 0.4 0.95 0.7 0.2 0.55 0.75 0.2 0.35 0.65 0.1 0.6 0.55 0.1 
-0.005041461162083096 0.39830386671893375 0.507028746444794 0.3 0.2 0.65 1.0 0.0 0.9 1.0 0.9 0.95 0.9 0.9 0.2 0.9 0.3 0.5 0.9 0.3 0.45 0.9 0.1 0.7 0.35 0.85 0.25 0.8 0.65 0.4 0.9 0.55 0.7 0.5 0.5 0.9 0.9 0.7 0.75 
-0.016255375943570224 0.55239445430164 0.5539736426090203 0.05 0.5 0.35 0.75 0.45 0.1 0.9 0.3 0.15 0.8 0.3 0.75 0.9 0.25 0.8 1.0 0.05 0.45 0.65 1.0 0.2 0.0 0.65 0.4 1.0 0.7 0.45 0.55 0.75 0.2 0.35 0.65 0.1 0.6 0.55 0.1 
-0.030545241737572615 0.41345506290579137 0.4603305826701392 0.3 0.25 0.65 0.95 0.0 0.6 0.75 0.55 0.35 0.8 0.9 0.4 0.9 0.6 0.75 0.0 0.3 0.45 0.9 0.1 0.1 0.35 0.85 0.3 0.8 0.75 0.7 0.0 0.55 0.35 0.7 0.95 0.9 0.9 0.75 0.6 
-0.0022759896838409933 0.4226628213688515 0.44465097758126243 0.85 0.55 0.65 0.5 0.0 0.6 0.7 0.55 0.6 0.8 0.9 0.4 0.75 0.45 0.75 0.15 0.9 0.7 0.9 0.1 0.0 0.3 0.85 0.3 0.8 0.65 0.4 0.0 0.55 0.7 0.7 0.5 0.9 0.55 0.7 0.95 
-0.007886201944673012 0.42493337849546287 0.5626325396029751 0.3 0.2 0.65 0.4 0.0 0.6 0.75 0.9 0.95 0.45 0.9 0.4 0.9 0.3 0.75 0.05 1.0 0.45 0.9 0.05 0.7 0.35 0.85 0.15 0.8 0.75 0.4 0.9 0.55 0.7 0.7 0.5 0.9 0.25 0.7 0.75 
-0.01226022448359239 0.5832254270573901 0.5105791066794122 0.1 0.45 0.05 0.7 0.15 0.2 0.95 0.2 0.85 0.2 0.65 0.6 1.0 0.0 0.85 0.65 0.5 0.6 0.05 0.15 0.6 0.6 0.3 0.45 0.85 0.8 0.65 0.25 0.1 0.75 0.6 0.9 0.9 0.0 0.05 0.7 
-0.004488598814546299 0.5208077452228217 0.5593644042399534 0.1 0.8 0.35 0.3 0.6 0.2 0.8 0.25 1.0 0.75 0.55 0.55 0.95 0.6 0.65 0.4 0.4 0.9 0.35 0.1 1.0 0.95 0.4 0.6 1.0 0.35 0.25 0.8 0.95 0.75 0.0 0.9 0.35 0.05 0.0 0.6 
-0.007090561249120564 0.520787818936259 0.5952847365803587 0.85 0.55 0.35 0.75 0.05 0.35 0.85 0.3 0.9 0.8 0.4 0.8 0.75 0.45 0.05 0.7 1.0 0.9 0.9 1.0 0.15 0.6 0.65 0.4 1.0 0.7 0.2 0.6 0.75 0.2 0.35 1.0 0.0 0.6 0.7 0.1 
-0.0035626638235434945 0.5655308587866742 0.5784299564997363 0.1 0.35 0.7 0.65 0.2 0.35 0.0 0.1 0.65 0.3 0.65 0.6 1.0 0.25 0.75 0.25 0.55 0.55 0.7 0.15 0.15 0.95 0.45 0.45 0.85 0.8 0.5 0.25 0.65 0.3 0.6 0.9 0.9 0.3 0.05 0.85 
-0.004239244256364441 0.379811676600276 0.45049400469592726 0.3 0.95 0.65 1.0 0.0 0.55 0.75 0.55 0.4 0.8 0.9 0.4 1.0 0.45 0.75 0.85 0.3 0.55 0.9 0.1 0.3 0.3 0.85 0.3 0.7 0.75 0.4 0.25 0.8 0.45 0.7 0.5 0.9 1.0 0.6 0.55 
-0.0021312928200054784 0.37626376090156377 0.5418710099344667 0.3 0.2 0.65 1.0 0.0 0.9 1.0 0.9 0.95 0.9 0.9 0.4 0.9 0.3 0.5 0.9 0.3 0.45 0.9 0.1 0.7 0.35 0.85 0.25 0.8 0.65 0.4 0.9 0.55 0.7 0.5 0.5 0.9 0.9 0.7 0.75 
-0.013952011894408206 0.4802000879688525 0.4539243300916143 0.25 0.05 0.65 0.65 0.55 0.9 0.45 0.0 0.65 0.35 0.05 0.0 0.7 0.95 0.75 0.3 0.8 0.55 0.4 0.6 0.35 0.65 0.4 0.2 0.15 0.3 0.7 0.05 0.15 0.35 0.65 0.15 0.95 0.05 0.9 0.55 
-0.013312536017542785 0.4520628510687633 0.4468913149090789 0.2 0.95 0.05 0.65 0.0 0.65 0.75 0.55 0.15 0.45 0.9 0.55 0.95 0.35 0.75 0.8 0.8 0.55 0.7 0.1 0.2 0.35 0.85 0.4 0.5 0.65 0.25 0.55 0.6 0.55 0.25 0.1 0.8 0.9 0.2 0.85 
-0.01620806892917795 0.4381763853325795 0.5998864169305311 0.55 0.95 0.3 1.0 0.8 0.6 1.0 0.75 0.55 0.1 0.35 0.65 0.2 0.2 0.8 0.95 0.3 0.45 0.9 0.1 0.7 0.35 0.85 0.05 0.8 0.75 0.4 0.75 0.55 0.7 0.7 0.5 0.9 0.9 0.45 0.75 
-0.0016161628430159817 0.54579696515915 0.5662864321635592 0.05 0.65 0.35 0.75 0.45 0.1 0.9 0.3 0.15 0.8 0.2 0.85 0.9 0.25 0.8 1.0 0.05 0.7 0.65 1.0 0.2 0.6 0.8 0.4 0.95 0.7 0.2 0.7 0.75 0.2 0.65 0.65 0.1 0.6 0.55 0.5 
-0.10050600985995738 0.5095077714845591 0.5724136007038972 0.05 0.65 0.35 0.3 0.45 0.1 0.9 0.3 0.15 0.8 1.0 0.9 0.9 0.2 0.6 0.4 0.05 0.65 0.65 1.0 0.2 0.4 0.65 0.4 0.95 0.7 0.2 0.7 0.75 0.2 0.65 0.65 0.3 0.6 0.55 0.75 
-0.0002778531532070366 0.5993973063412779 0.5452907162931724 0.95 0.65 0.55 0.45 0.2 0.0 1.0 0.0 0.65 0.35 0.55 0.5 1.0 0.25 0.75 0.0 1.0 0.5 0.55 0.95 0.35 0.9 0.4 0.75 1.0 0.6 0.5 0.25 0.95 0.45 0.45 0.35 0.35 0.7 0.8 0.7 
-0.007077661695626955 0.400128648439592 0.360337522642036 0.2 0.95 0.65 1.0 0.0 0.55 0.9 0.55 0.4 0.55 0.9 0.55 1.0 0.35 0.75 0.6 0.2 0.55 0.55 0.1 0.3 0.35 0.85 0.3 0.0 0.75 0.35 0.55 0.45 0.45 0.7 0.5 0.5 0.9 0.8 0.75 
-0.00778255043853383 0.41421782905774135 0.430064099312818 0.2 0.2 0.65 0.7 0.75 0.55 1.0 0.55 0.4 0.55 0.9 0.65 1.0 0.35 0.75 0.85 0.2 0.9 0.9 0.1 0.8 0.35 0.85 0.35 0.3 0.7 0.35 0.25 0.6 0.45 0.7 0.7 0.5 0.9 0.2 0.85 
-0.0002172111573353323 0.39848769020601066 0.4400440882047255 0.7 0.95 0.65 0.7 0.0 0.55 0.95 0.55 0.4 0.55 0.9 0.1 1.0 0.35 0.75 0.7 0.2 0.6 0.55 0.1 0.35 0.35 0.85 0.35 0.9 0.75 0.35 0.55 0.6 0.45 0.7 0.8 0.5 0.9 0.2 0.3 
-0.0038812551844095025 0.39511022723413836 0.5247376483760021 0.3 0.55 0.65 1.0 0.0 0.6 0.7 0.55 0.95 0.8 0.9 0.4 0.9 0.45 0.65 0.15 0.3 0.7 0.9 0.1 0.7 0.35 0.95 0.3 0.7 0.75 0.1 0.0 0.55 0.7 0.7 0.5 0.9 0.9 0.7 0.95 
-0.0018068916579020934 0.35761669014579 0.4678480316298765 0.4 0.55 0.65 0.1 0.0 0.6 0.75 0.55 0.2 0.8 0.9 0.4 0.9 0.45 0.75 0.9 0.5 0.45 0.9 0.25 0.7 0.35 0.85 0.3 0.5 0.75 0.85 0.0 0.55 0.7 0.7 0.5 0.75 0.9 0.7 0.0 
-0.008213264277069242 0.6043743818890893 0.5367751009727567 0.05 0.05 1.0 0.75 0.45 0.1 0.85 0.1 0.35 0.65 1.0 0.9 0.7 0.45 0.15 1.0 0.25 0.7 1.0 1.0 0.2 0.8 0.65 0.8 0.95 0.7 0.85 0.95 0.75 0.3 0.65 0.65 0.1 0.6 0.3 0.55 
-7.522419315100528e-05 0.40912095570915646 0.5352659943623572 0.3 0.55 0.65 1.0 0.0 0.6 0.7 0.55 0.95 0.8 0.9 0.4 0.9 0.45 0.75 0.15 0.3 0.7 0.9 0.1 0.7 0.35 0.95 0.3 0.7 0.75 0.1 0.0 0.55 0.7 0.7 0.5 0.9 0.9 0.7 0.95 
-0.026322447881730337 0.40064719635416324 0.40990969406582656 0.3 0.25 0.4 1.0 0.0 0.85 0.75 0.55 0.4 0.85 0.9 0.4 0.75 0.45 0.75 0.35 0.2 0.45 0.6 0.1 0.1 0.35 0.85 0.75 0.8 0.75 0.25 0.0 0.55 0.35 0.2 0.3 0.9 0.9 0.7 0.3 
-0.0007356021778529373 0.6001414538097242 0.526130279401639 0.1 0.45 0.05 0.6 0.15 0.2 0.95 0.2 0.85 0.2 0.8 0.8 1.0 0.0 0.85 0.65 0.5 0.7 0.05 0.15 0.6 0.95 0.3 0.5 0.85 0.8 0.65 0.25 0.85 0.75 0.6 0.45 0.9 0.0 0.45 0.7 
-0.0007432034613358819 0.3847476113766136 0.49180781181858524 0.15 0.95 0.65 0.45 0.0 0.6 0.9 0.55 0.4 0.55 0.9 0.55 1.0 0.35 0.75 0.7 1.0 0.55 1.0 0.1 0.3 0.35 0.85 0.3 1.0 0.75 0.55 0.25 0.45 0.45 0.7 0.8 0.5 0.9 0.8 0.0 
-0.09689467027853092 0.5039136267791329 0.43680337808191483 0.5 0.35 0.55 0.7 0.2 0.55 0.7 0.0 0.65 0.4 0.65 0.5 1.0 0.25 0.35 0.75 1.0 0.3 0.45 0.5 0.25 0.9 0.4 0.75 0.85 0.6 0.5 0.25 0.5 0.45 0.6 0.65 0.35 0.7 0.85 0.9 
-0.0026069597675555138 0.571369147134387 0.4920749369563285 0.8 0.35 0.55 0.7 0.2 0.05 1.0 0.75 0.65 0.2 0.65 0.7 1.0 0.25 0.5 0.45 0.1 0.8 0.7 0.15 0.6 0.95 0.4 0.45 0.45 0.6 0.5 0.25 0.45 0.45 0.6 0.9 0.9 0.25 0.7 0.7 
-0.01995321591509394 0.4204241040690056 0.40743924804714604 0.3 0.25 0.65 0.95 0.0 0.6 0.75 0.55 0.35 0.8 0.9 0.4 0.9 0.45 0.75 0.0 0.3 0.45 0.9 0.1 0.1 0.35 0.85 0.3 0.8 0.75 0.7 0.0 0.55 0.35 0.7 0.1 0.9 0.9 0.75 0.6 
-0.010403808709354213 0.37118498212018947 0.4220349076586724 0.2 0.95 0.65 0.7 0.0 0.55 0.95 0.55 0.4 0.55 0.9 0.55 1.0 0.35 0.75 0.65 0.2 0.55 0.95 0.1 0.35 0.35 0.85 0.3 0.95 1.0 0.35 1.0 0.6 0.45 0.7 0.7 0.5 0.9 0.2 0.3 
-0.00181419225755321 0.4679640816258824 0.4366039881532971 0.3 0.95 1.0 1.0 0.0 0.55 0.75 0.55 0.4 0.8 0.9 0.4 1.0 0.45 0.75 0.85 0.3 0.55 0.9 0.95 0.3 0.3 0.85 0.3 0.7 0.75 0.4 0.25 0.8 0.45 0.7 0.5 0.9 1.0 0.6 0.55 
-0.006737758923433048 0.4420220331600977 0.41939975468339113 0.2 0.0 0.05 0.1 0.0 0.55 0.85 0.6 0.4 0.55 0.9 0.5 0.9 0.35 0.75 0.6 0.2 0.6 0.9 0.1 0.3 0.35 0.85 1.0 1.0 0.75 0.85 0.4 0.6 1.0 0.7 0.8 0.15 0.9 0.8 0.0 
-0.0038613998925049933 0.37709901494408044 0.38794890322709386 0.3 0.25 0.65 1.0 0.0 0.6 0.75 0.55 0.4 0.8 0.9 0.4 0.9 0.45 0.75 0.9 0.3 0.45 0.9 0.1 0.1 0.35 0.85 0.3 0.8 0.75 0.75 0.25 0.55 0.35 0.7 0.5 0.9 0.9 0.7 0.0 
-0.019398422766077814 0.48293329243071015 0.6525324636353941 0.55 0.2 0.1 0.4 0.95 0.6 1.0 0.75 0.55 0.1 0.2 0.8 0.0 0.65 0.75 0.8 0.35 0.5 1.0 0.1 0.45 0.8 0.85 0.65 0.75 0.75 0.75 0.75 0.55 0.7 0.7 0.5 0.9 0.6 0.25 0.55 
-0.013000129473814456 0.3653676986487505 0.38822769179903455 0.2 0.95 0.65 0.0 0.0 0.55 0.9 0.55 0.35 0.55 0.9 0.55 1.0 0.35 0.75 0.85 0.2 0.55 0.9 0.1 0.3 0.35 0.85 0.3 1.0 0.55 0.35 0.4 0.4 0.45 0.7 0.4 0.5 0.35 0.9 0.65 
-0.0012733183137273673 0.543292551382552 0.4448388475121903 0.95 0.35 0.55 0.7 0.3 0.35 1.0 0.05 0.65 0.95 0.65 0.5 0.25 0.25 0.75 0.65 0.1 0.1 0.25 0.15 0.85 0.95 0.4 0.45 0.85 0.6 0.5 0.2 0.45 0.7 0.6 1.0 0.9 0.25 0.55 0.7 
-0.019431419826017895 0.35143461322694014 0.4546098349626674 0.4 0.95 0.65 1.0 0.0 0.5 0.75 0.55 0.4 0.95 0.9 0.4 1.0 0.45 0.75 0.85 0.3 0.55 0.9 0.1 0.3 0.3 0.85 0.3 0.15 0.75 0.95 0.25 0.55 0.45 0.85 0.5 0.9 1.0 0.6 0.0 
-0.009171925543390313 0.4819502136378345 0.6178025867646175 0.75 0.2 0.5 0.4 1.0 0.75 0.3 0.1 0.6 0.4 0.9 0.75 0.0 0.0 0.25 0.75 0.75 1.0 0.95 0.3 0.4 0.6 0.9 0.5 1.0 0.6 0.8 0.9 0.4 0.2 0.45 0.7 0.9 0.55 1.0 0.3 
-0.017279761313815544 0.5035879466100488 0.60421879164656 0.05 0.55 0.1 0.75 0.45 0.2 0.6 0.3 0.0 0.8 0.2 0.8 0.05 0.65 0.5 0.9 1.0 0.7 0.9 1.0 0.2 0.6 0.65 0.3 1.0 0.7 0.2 0.7 0.75 0.2 0.35 0.65 0.75 0.25 0.35 0.85 
-0.0010976889776658362 0.3686871292936617 0.3735737272684908 0.2 0.95 0.65 0.45 0.0 0.55 0.9 0.55 0.4 0.55 0.9 0.55 1.0 0.35 0.75 0.15 0.2 0.55 0.9 0.1 0.3 0.35 0.85 0.3 1.0 0.5 0.35 0.4 0.45 0.45 0.7 0.8 0.5 0.9 0.9 0.0 
-0.010995944112490675 0.3704886032719613 0.5011969940818716 0.9 0.0 0.7 1.0 0.0 0.8 0.35 0.9 0.75 0.25 0.9 0.4 0.9 0.3 0.75 0.85 0.3 0.5 1.0 0.15 0.7 0.35 0.85 0.25 0.35 0.75 0.4 0.3 0.55 0.35 0.5 0.5 0.3 0.9 0.7 0.75 
-0.006748049482105403 0.6036975317113387 0.5480308292780182 0.95 0.35 0.55 0.7 0.2 0.35 1.0 0.1 0.65 0.2 0.65 0.5 1.0 0.3 0.75 0.9 0.8 0.8 0.7 0.15 0.6 0.95 0.4 0.45 0.85 0.6 0.5 0.25 0.45 0.3 0.6 0.9 0.9 0.25 0.05 0.7 
-0.008522743890677508 0.4141249352005373 0.3823453311939812 0.3 0.25 0.65 1.0 0.9 0.6 0.75 0.55 0.4 0.8 0.9 0.4 0.9 0.45 0.75 0.05 0.3 0.45 0.9 0.1 0.1 0.35 0.85 0.3 0.9 0.9 0.4 0.0 0.65 0.35 0.15 0.5 0.9 0.9 0.7 0.0 
-0.007687414754717084 0.37527186208711094 0.4595218539851308 0.3 0.95 0.65 1.0 0.0 0.55 0.75 0.55 0.4 0.8 0.9 0.4 1.0 0.45 0.75 0.85 0.3 0.55 0.9 0.1 0.3 0.3 0.85 0.3 0.55 0.75 0.4 0.25 0.8 0.45 0.7 0.5 0.9 1.0 0.6 0.55 
-0.005374847281826795 0.4682133690708223 0.40793074738250285 0.25 0.95 0.05 0.1 0.0 0.55 0.95 0.6 0.4 0.55 0.9 0.35 1.0 0.15 0.75 0.65 0.15 0.55 0.5 0.1 0.3 0.35 0.85 0.4 1.0 0.55 0.25 0.55 0.6 0.45 0.15 0.6 0.5 0.9 0.55 0.0 
-0.014154431289455174 0.46298202446412906 0.3853795071880649 0.4 0.35 0.05 0.45 0.0 0.7 0.95 0.55 0.4 0.55 0.9 0.55 1.0 0.35 0.75 0.65 0.2 0.65 0.65 0.1 0.3 0.35 0.4 0.3 1.0 0.75 0.6 0.55 0.6 0.45 0.7 0.2 0.5 0.9 0.2 0.3 
-0.009652567910562631 0.5900345087896551 0.5608674443697131 0.05 0.65 0.35 0.75 0.45 0.1 0.9 0.3 0.15 0.8 0.2 0.85 0.9 0.25 0.8 1.0 0.9 0.7 0.65 1.0 0.2 0.6 0.8 0.4 0.95 0.7 0.2 0.7 0.75 0.2 0.65 0.35 0.1 0.6 0.55 0.5 
-0.007749157125970499 0.4327319444263402 0.619796389573132 0.55 0.95 0.3 1.0 0.8 0.6 1.0 0.75 0.55 0.1 0.35 0.4 0.2 0.2 0.8 0.95 0.3 0.45 0.9 0.1 0.7 0.35 0.85 0.6 0.8 0.75 0.4 0.75 0.55 0.7 0.7 0.5 0.9 0.9 0.45 0.75 
-0.0029450061523677348 0.36936971093950377 0.35099072176456636 0.2 0.95 0.05 0.45 0.0 0.7 0.95 0.55 0.4 0.5 0.9 0.55 0.8 0.35 0.75 0.65 0.2 0.55 0.45 0.1 0.25 0.35 0.85 0.65 1.0 0.75 0.25 0.35 0.6 0.45 0.25 0.8 0.35 0.9 0.2 0.3 
-0.010063944499508206 0.4736786242855976 0.4050218283076523 0.2 0.95 0.05 0.1 0.0 0.55 0.95 0.6 0.4 0.55 0.9 0.35 1.0 0.15 0.75 0.65 0.2 0.55 0.5 0.1 0.3 0.35 0.85 0.4 1.0 0.55 0.25 0.55 0.6 0.45 0.15 0.6 0.5 0.9 0.55 0.0 
-0.002448907392315008 0.5147836884828461 0.6235675438064301 1.0 0.55 0.05 0.75 0.25 0.35 0.1 0.05 0.15 0.95 0.2 0.75 0.0 0.7 0.65 0.85 1.0 0.8 0.9 1.0 0.2 0.6 0.65 0.4 1.0 0.7 0.2 0.7 0.75 0.2 0.35 0.15 0.0 0.2 0.55 0.1 
-0.0002588131408384832 0.3492844111436235 0.47464026738612175 0.85 0.55 0.65 0.5 0.0 0.6 0.7 0.55 0.6 0.8 0.9 0.4 0.9 0.45 0.8 0.15 0.9 0.7 0.9 0.1 0.7 0.85 0.85 0.3 0.8 0.75 0.4 0.0 0.55 0.7 0.7 0.5 0.9 0.9 0.7 0.95 
-0.02469120148336827 0.35011389335379917 0.40122075912640925 0.2 0.95 0.0 0.45 0.0 0.55 0.95 0.55 0.4 0.55 0.9 0.55 1.0 0.35 0.65 0.65 0.2 0.6 0.55 0.1 0.35 0.35 0.85 0.35 1.0 0.75 0.3 0.55 0.6 0.5 0.7 0.7 0.5 0.9 0.2 0.3 
-0.012048074741184134 0.5792114793186874 0.5796381850506457 0.05 0.65 0.85 0.9 0.0 0.1 0.65 0.1 0.3 0.65 1.0 0.9 0.4 0.2 0.15 1.0 0.25 0.7 1.0 1.0 0.4 1.0 0.65 0.8 0.95 0.7 0.3 0.9 0.75 0.2 0.45 0.65 0.1 0.0 0.3 0.55 
-0.012003040021410453 0.647654511771031 0.4748999082692421 0.95 0.6 0.85 0.7 0.2 0.45 1.0 0.0 0.75 0.2 0.65 0.5 0.85 0.2 0.75 0.05 1.0 0.7 0.45 0.95 0.35 0.9 0.4 0.75 0.85 0.6 0.5 0.25 0.45 0.3 0.6 0.65 0.35 0.7 0.75 0.7 
-0.01142786424448804 0.32460495044057225 0.4976696303789388 0.9 0.95 0.7 1.0 0.0 0.8 0.75 0.9 0.75 0.55 0.9 0.4 0.9 0.3 0.75 0.85 0.3 0.5 1.0 0.15 0.7 0.35 0.85 0.25 0.6 0.75 0.4 0.3 0.55 0.35 0.5 0.5 0.9 0.9 0.7 0.75 
-0.00045050133200089 0.6207598355062468 0.46715221957946895 0.95 0.35 0.55 0.7 0.2 0.35 1.0 0.1 0.65 0.2 0.65 0.5 1.0 0.25 0.75 0.25 1.0 0.8 0.05 0.15 0.6 0.95 0.4 0.45 0.85 0.6 0.5 0.25 0.45 0.3 0.6 0.9 0.65 0.25 0.05 0.7 
-0.016768338108132365 0.36345989303141946 0.419629837832182 0.3 0.7 0.15 1.0 0.0 0.55 0.75 0.55 0.4 0.8 0.9 0.4 1.0 0.45 0.75 0.85 0.95 0.8 0.9 0.1 0.4 0.35 0.85 0.3 0.85 0.75 0.35 0.4 0.55 0.45 0.7 0.5 0.9 0.9 0.8 0.0 
-0.004342123384354633 0.45171230560036585 0.40592345598319207 1.0 1.0 0.5 0.35 0.35 0.4 1.0 0.55 0.3 0.7 0.9 0.55 1.0 0.45 0.75 0.45 0.3 0.45 0.65 0.45 0.45 0.6 0.7 0.35 1.0 0.75 0.75 0.0 1.0 0.45 0.7 1.0 0.9 0.4 0.1 0.5 
-0.008051937001213549 0.6156952966666371 0.4564181860759533 0.95 0.35 0.55 1.0 0.3 0.0 0.95 0.0 0.7 0.1 0.5 0.5 1.0 0.25 0.35 0.1 1.0 1.0 0.5 0.15 0.55 0.9 0.4 0.75 0.95 0.6 0.5 0.35 0.5 0.4 0.6 0.3 0.5 0.7 0.85 0.7 
-0.0016147487127788744 0.6091338336542677 0.49081688485372194 0.95 0.35 0.55 0.7 0.2 0.0 1.0 0.0 0.65 0.2 0.65 0.5 0.15 0.25 0.75 0.0 1.0 0.5 0.85 0.95 0.35 0.9 0.4 0.75 1.0 0.6 0.5 0.1 0.6 0.45 0.6 0.65 0.05 0.35 0.45 0.7 
-0.03219487407395219 0.5059936323727602 0.639553640763977 0.5 0.55 0.05 0.75 0.45 0.35 0.25 0.85 0.15 0.95 0.2 0.75 0.0 0.25 0.7 0.85 1.0 0.8 0.95 1.0 0.2 0.6 0.65 0.4 1.0 0.7 0.2 0.7 0.75 0.2 0.35 0.15 0.85 0.7 0.55 0.8 
-0.02934196707040094 0.524842656627804 0.6005594657094316 0.05 1.0 0.35 0.75 0.45 0.1 0.9 0.55 0.15 0.8 0.2 0.8 0.3 0.35 0.8 1.0 0.05 0.85 0.8 1.0 0.15 0.75 0.65 0.7 0.95 0.7 0.2 0.7 0.75 0.2 0.35 0.65 0.3 0.6 0.55 0.55 
-0.004148285394802564 0.39245669390947824 0.3585196241831271 0.2 0.3 0.05 0.45 0.0 0.7 0.7 0.55 0.4 0.6 0.9 0.55 1.0 0.35 0.75 0.65 0.2 0.55 0.45 0.1 0.25 0.3 0.85 0.3 1.0 0.75 0.6 0.35 0.6 0.45 0.25 0.8 0.35 0.9 0.2 0.3 
-0.007151049918025488 0.34609512476665244 0.5360135157911236 0.9 0.9 0.7 0.75 0.25 0.8 1.0 0.9 0.65 1.0 0.9 0.45 1.0 0.3 0.75 0.9 0.3 0.5 1.0 0.15 0.25 0.3 0.85 0.4 1.0 0.65 0.4 0.55 0.55 0.7 0.15 0.5 0.9 0.15 0.9 0.75 
-0.014190257568504908 0.6323572311980802 0.512567885609353 0.95 0.35 0.55 0.7 0.2 0.35 1.0 0.1 0.65 0.2 0.65 0.5 1.0 0.25 0.75 0.9 0.8 0.8 0.7 0.15 0.5 0.95 0.4 0.45 0.85 0.6 0.5 0.25 0.0 0.1 0.6 0.9 0.9 0.25 0.05 0.7 
-0.0007766403019701216 0.5754710485417651 0.47110979573550416 0.8 0.35 0.55 0.7 0.2 0.35 1.0 0.1 0.65 0.2 0.65 0.7 1.0 0.25 0.75 0.55 0.1 0.8 0.7 0.15 0.6 0.95 0.4 0.45 0.15 0.6 0.5 0.25 0.45 0.45 0.6 0.9 0.9 0.25 0.7 0.7 
-0.026218955981902374 0.4735882381014561 0.59005214309302 0.75 0.2 0.5 0.15 1.0 0.75 0.0 0.6 0.6 0.4 0.3 0.75 0.55 0.7 0.25 0.75 0.75 0.85 0.95 0.3 0.4 0.6 0.9 0.5 1.0 0.6 0.8 0.9 0.4 0.2 0.45 0.7 0.65 0.55 1.0 0.05 
-0.004426893006518663 0.5980187324410752 0.4590444969182607 0.85 0.35 0.55 0.7 0.2 0.0 0.35 0.0 0.65 0.75 0.65 0.5 1.0 0.25 0.75 0.0 1.0 0.5 0.85 0.95 0.55 0.9 0.4 0.75 1.0 0.6 0.5 0.25 0.5 0.45 0.6 0.3 0.35 0.7 0.8 0.7 
-0.024133239234644676 0.5819199380888289 0.4079883008415832 0.95 0.35 0.55 0.7 0.3 0.35 1.0 0.05 0.65 0.95 0.65 0.5 0.75 0.25 0.75 0.65 0.1 0.8 0.25 0.15 0.4 0.95 0.4 0.45 0.85 0.6 0.5 0.25 0.45 0.6 0.6 0.9 0.9 0.25 0.55 0.7 
-0.016467943533267332 0.3109719837600461 0.4996316901902116 0.9 0.0 0.7 1.0 0.0 0.8 0.95 0.9 0.75 0.55 0.9 0.4 0.9 0.3 0.75 0.85 0.3 0.5 1.0 0.15 0.7 0.35 0.85 0.25 0.6 0.75 0.4 0.3 0.55 0.35 0.5 0.5 0.9 0.9 0.7 0.75 
-0.001000047051941777 0.629023004353755 0.5070734133101744 0.95 0.35 0.55 0.7 0.2 0.35 0.8 0.1 0.65 0.2 0.65 0.5 1.0 0.25 0.8 0.05 0.0 0.8 0.6 0.15 0.6 0.5 0.4 0.5 0.85 0.6 0.5 0.25 0.45 0.3 0.6 0.9 0.35 0.4 0.05 0.7 
-0.007913004043346484 0.5944481686926031 0.42794246218681303 0.95 0.35 0.55 0.65 0.75 0.0 0.9 0.0 0.65 0.25 0.65 0.5 0.95 0.25 0.75 0.0 1.0 0.5 0.85 0.95 0.35 1.0 0.4 0.75 1.0 0.6 0.5 0.25 0.5 0.65 0.6 0.3 0.35 0.7 0.8 0.7 
-0.03129936092686691 0.3063465259354742 0.5181596284400318 0.7 0.55 0.7 0.0 0.0 0.6 0.85 0.55 0.2 0.75 0.9 0.4 0.85 0.4 0.7 0.9 0.3 0.45 0.9 0.25 0.5 0.1 0.85 0.3 0.65 0.75 0.4 0.0 0.55 0.7 0.7 0.55 0.5 0.9 0.7 0.0 
-0.013284365230420515 0.33710011374230736 0.442321166232598 0.2 0.95 0.65 0.45 0.0 0.55 0.9 0.55 0.4 0.55 0.9 0.55 1.0 0.4 0.75 0.8 0.2 0.55 0.9 0.1 0.3 0.35 0.85 0.3 1.0 0.5 0.35 0.25 0.45 0.45 0.7 0.35 0.5 0.9 0.9 0.55 
-0.00029386189406528814 0.3191996302862201 0.48238842482456534 0.7 0.55 0.7 0.0 0.0 0.6 0.85 0.55 0.2 0.75 0.9 0.4 0.85 0.4 0.7 0.9 0.3 0.45 0.9 0.25 0.5 0.1 0.85 0.3 0.65 0.75 0.4 0.9 0.55 0.75 0.7 0.55 0.5 0.9 0.7 0.0 
-0.01855029761992348 0.308531725128791 0.47794609619538303 0.3 0.95 0.65 1.0 0.0 0.55 0.75 0.55 0.4 0.8 0.9 0.4 1.0 0.45 0.75 0.85 0.3 0.55 0.9 0.1 0.3 0.3 0.85 0.3 0.85 0.75 0.4 0.25 0.55 0.45 0.7 0.5 0.9 1.0 0.6 0.0 
-0.008543999889684134 0.32410784256574676 0.5071440928739633 0.9 0.0 0.7 1.0 0.0 0.8 1.0 0.9 0.75 0.45 0.9 0.4 0.9 0.25 0.75 0.9 0.3 0.6 1.0 0.1 0.7 0.2 0.85 0.25 1.0 0.75 0.4 0.3 0.55 0.7 0.5 0.5 0.9 0.9 0.7 0.75 
-0.004610921702447092 0.3033611868860038 0.4430088939603515 0.9 0.9 0.7 1.0 0.0 0.8 1.0 0.9 0.75 1.0 0.9 0.5 0.9 0.3 0.75 0.9 0.3 0.5 1.0 0.15 0.75 0.35 0.85 0.4 1.0 0.75 0.4 0.45 0.55 0.8 0.15 0.5 0.9 0.1 0.7 0.75 
-0.017895763857268383 0.5720466714158787 0.43228167438895737 0.95 0.9 0.6 0.7 0.2 0.35 1.0 0.1 0.6 0.8 0.65 0.5 1.0 0.25 0.75 0.65 0.1 0.9 0.25 0.15 0.7 0.6 0.4 0.45 0.6 0.6 0.7 0.65 0.45 0.5 0.5 0.55 0.9 0.25 0.05 0.7 
-0.007103308131008776 0.2934519245734757 0.4964924839300681 0.7 0.55 0.7 0.0 0.0 0.6 0.85 0.55 0.2 0.75 0.9 0.4 0.95 0.4 0.7 0.9 0.3 0.45 0.9 0.25 0.5 0.1 0.85 0.4 0.65 0.75 0.4 0.0 0.55 0.7 0.7 0.55 0.5 0.9 0.7 0.0 
-0.015803156469920348 0.6422336365856923 0.5064093774377102 0.95 0.35 0.55 0.7 0.2 0.35 1.0 0.0 0.65 0.2 0.65 0.5 0.7 0.25 0.75 0.05 1.0 0.7 0.6 0.95 0.35 0.95 0.4 0.75 0.85 0.6 0.5 0.25 0.45 0.3 0.6 0.65 0.35 0.7 0.05 0.7 
-0.0005858604465396914 0.3327777912283927 0.4300909309035018 0.2 0.95 0.65 0.45 0.0 0.55 0.95 0.55 0.4 0.65 0.9 0.55 1.0 0.35 0.75 0.15 0.2 0.55 1.0 0.15 0.35 0.2 0.85 0.15 0.05 0.75 0.35 0.55 0.6 0.7 0.7 0.7 0.5 0.9 0.2 0.3 
-0.006388645920034111 0.35620425540197864 0.5112832979460915 0.85 0.55 0.65 0.5 0.0 0.6 0.8 0.55 0.6 0.8 0.9 0.4 0.9 0.45 0.75 0.15 0.9 0.7 0.9 0.1 0.7 0.3 0.85 0.3 0.8 0.75 0.4 0.0 0.55 0.7 0.7 0.5 0.9 0.9 0.7 0.45 
-0.031092888037389903 0.3200420303733398 0.5569155675435133 0.8 0.0 0.7 1.0 0.0 0.8 1.0 0.9 0.75 0.8 0.9 0.4 0.9 0.3 0.75 0.75 0.35 0.5 0.85 0.15 0.65 0.25 0.85 0.25 0.85 0.75 0.4 0.9 0.55 0.6 0.5 0.5 0.9 0.9 0.7 0.75 
-0.010198153674863401 0.43241727688883236 0.35818945837483945 0.3 0.25 0.65 0.7 0.65 0.85 0.8 0.55 0.4 0.8 0.9 0.4 0.9 0.45 0.75 0.4 0.2 0.45 0.6 0.1 0.1 1.0 0.85 0.3 0.55 0.75 0.85 0.0 0.55 0.35 0.6 0.5 0.4 0.9 0.7 0.0 
-0.002827099296983841 0.5357171751116745 0.5948304287831907 0.85 0.55 0.35 0.75 0.05 0.35 0.85 0.3 0.9 0.8 0.4 0.8 0.75 0.65 0.05 0.7 1.0 0.9 0.9 1.0 0.15 0.6 0.65 0.4 1.0 0.7 0.2 0.6 0.75 0.2 0.35 1.0 0.0 0.6 0.7 0.1 
-0.05402820390112604 0.44558342083696356 0.5891791192538709 0.1 0.3 0.3 0.15 1.0 0.75 0.2 0.55 0.45 0.4 0.9 0.75 0.0 0.7 0.25 0.75 0.75 1.0 0.95 0.3 0.75 0.6 0.9 0.75 0.55 0.6 0.8 0.9 0.4 0.2 0.75 0.7 0.3 0.55 0.8 0.3 
-0.008112933664579545 0.6011369257282162 0.4231587957452279 0.95 0.35 0.55 0.05 0.05 0.0 1.0 0.05 0.7 1.0 0.65 0.5 0.5 0.25 0.35 0.0 1.0 0.9 0.85 0.3 0.55 0.9 0.4 0.75 0.85 0.6 0.5 0.55 0.5 0.4 0.6 0.15 0.35 0.7 0.85 0.7 
-0.010118135288156811 0.634925412598013 0.4427583869962664 0.1 0.45 0.05 0.7 0.05 0.2 0.95 0.2 0.85 0.2 0.65 0.6 1.0 0.0 0.85 0.65 0.7 0.7 0.5 0.15 0.6 0.95 0.3 0.45 0.85 0.8 0.65 0.25 0.1 0.75 0.6 0.9 0.9 0.0 0.05 0.7 
-0.03519023510668951 0.5452741600501808 0.6157527336617321 0.05 0.3 1.0 0.75 0.7 0.1 0.8 1.0 0.1 0.65 1.0 0.55 0.75 0.45 0.3 1.0 0.25 0.7 1.0 1.0 0.2 1.0 0.65 0.8 0.95 0.7 0.2 0.8 0.75 0.2 0.65 0.65 0.1 0.6 0.3 0.6 
-0.016188962320086882 0.553839890561303 0.41007128471874965 0.9 0.35 0.55 0.7 0.2 0.55 1.0 0.0 0.5 0.95 0.65 0.5 1.0 0.25 0.35 0.4 0.35 0.3 0.45 0.5 0.25 0.9 0.4 0.75 0.85 0.6 0.5 0.25 0.5 0.4 0.6 0.65 0.35 0.7 0.85 0.9 
-0.0005935692038110763 0.4523815796190519 0.37845245060108523 1.0 0.25 0.5 0.3 0.0 0.6 1.0 0.55 0.3 0.7 0.9 0.55 0.95 0.45 0.75 0.9 0.3 0.45 0.15 0.45 0.05 0.35 0.85 0.55 0.45 0.75 0.55 0.2 0.55 0.35 0.7 0.5 0.9 0.9 0.1 0.5 
-0.013591750358345948 0.39844349019398184 0.5806376345225853 1.0 0.9 0.25 0.1 0.0 0.45 0.7 0.8 0.75 0.15 0.9 0.5 0.95 0.2 0.75 0.25 0.3 0.7 1.0 0.15 0.4 0.35 0.15 0.7 1.0 0.65 0.55 0.9 0.55 0.8 0.4 0.5 0.9 0.1 0.2 0.65 
-0.05416271024277798 0.5651536925416032 0.6218952927928486 0.85 0.55 0.35 0.75 0.45 0.35 0.5 0.3 0.15 0.8 0.2 0.8 0.5 0.2 0.05 0.75 1.0 0.9 0.9 1.0 0.15 0.6 0.65 0.4 1.0 0.65 0.2 0.7 0.75 0.2 0.35 1.0 0.0 0.6 0.05 0.1 
-0.006215965452200785 0.6264578096869007 0.5384787708774389 0.95 0.35 0.55 0.7 0.2 0.35 1.0 0.1 0.65 0.2 0.65 0.5 1.0 0.25 0.75 0.9 0.8 0.8 0.7 0.15 0.6 0.95 0.4 0.45 0.85 0.6 0.5 0.25 0.45 0.3 0.6 0.9 0.9 0.25 0.05 0.7 
-0.023990695190995833 0.4448937037332475 0.34929196959540376 1.0 0.25 0.5 0.3 0.0 0.4 1.0 0.55 0.3 0.7 0.9 0.55 0.9 0.45 0.75 0.9 0.3 1.0 0.65 0.45 0.1 0.65 0.85 0.35 0.75 0.75 0.4 0.0 0.55 0.45 0.7 0.5 0.9 0.9 0.1 0.5 
-0.009375545108329282 0.5291115938813655 0.6325462650662751 0.5 0.55 0.05 0.75 0.45 0.2 0.25 0.85 0.2 0.95 0.2 0.75 0.0 0.25 0.7 0.85 1.0 0.8 0.95 1.0 0.2 0.4 0.65 0.4 1.0 0.7 0.2 0.7 0.75 0.2 0.35 0.15 0.85 0.7 0.55 0.8 
-0.012101341032214883 0.6402559987097836 0.4192811491475296 0.95 0.15 0.55 0.7 0.2 0.0 1.0 0.0 0.65 0.45 0.65 0.5 1.0 0.25 0.75 0.0 1.0 0.5 0.55 0.05 0.35 0.9 0.4 0.75 1.0 0.6 0.5 0.25 0.6 0.45 0.6 0.65 0.05 0.7 0.85 0.7 
-0.2338863967400918 0.49904181975501605 0.6656903671838277 0.55 0.2 0.1 0.4 0.95 0.6 1.0 0.75 0.55 0.1 0.2 0.5 0.05 0.65 0.75 0.8 0.3 0.5 1.0 0.1 0.45 0.8 0.85 0.65 0.9 0.75 0.75 0.3 0.55 0.7 0.7 0.5 0.9 0.6 0.25 0.9 
-0.0069555240761654735 0.6230449257095291 0.6232944672793608 0.55 1.0 0.35 0.75 0.65 0.1 0.9 0.3 0.15 0.8 0.2 0.8 0.3 0.6 0.35 1.0 0.05 0.9 0.7 0.05 0.2 0.6 0.65 0.4 0.95 0.7 0.2 1.0 0.75 0.2 0.35 0.65 0.3 1.0 0.15 0.8 
-0.00646740993062252 0.40160809746939075 0.5924081558471322 0.55 0.2 0.3 1.0 0.0 0.6 1.0 0.75 0.55 0.1 0.35 0.4 0.9 0.2 0.75 0.95 0.3 0.45 0.9 0.1 0.7 0.35 0.85 0.3 0.5 0.75 0.4 0.75 0.55 0.7 0.7 0.5 0.9 0.9 0.7 0.75 
-0.0099022600696815 0.3688988218482502 0.5575492974229597 0.2 0.2 0.65 0.1 0.0 0.8 1.0 0.75 0.55 0.1 0.45 0.4 0.75 0.05 0.75 0.8 0.3 0.45 0.9 0.3 0.45 0.35 0.85 0.65 0.95 0.75 0.4 0.75 0.55 0.7 0.3 0.5 0.9 0.9 0.7 0.75 
-0.024694188100121747 0.604930907375882 0.5859892215934097 0.95 0.35 0.55 0.65 0.75 0.0 0.9 0.0 0.65 0.25 0.65 0.55 0.75 0.25 0.75 0.05 1.0 0.5 0.85 0.95 0.35 1.0 0.4 0.75 1.0 0.6 0.5 0.25 0.9 0.45 0.6 0.3 0.35 0.7 0.55 0.7 
-0.10626069390128916 0.5199459136540149 0.6503479921852954 0.05 1.0 0.35 0.75 0.45 0.1 0.9 0.7 0.15 0.8 0.2 0.8 0.3 0.35 0.8 1.0 0.05 0.85 0.8 1.0 0.15 0.6 0.65 0.4 0.95 0.7 0.2 0.7 0.75 0.2 0.35 0.65 0.1 0.6 0.55 0.55 
-0.07647403823561431 0.4107671617302596 0.5933446483131001 0.55 0.2 0.3 1.0 0.0 0.6 1.0 0.75 0.4 0.1 0.35 0.4 0.9 0.2 0.75 0.95 0.3 0.45 0.9 0.1 0.7 0.35 0.85 0.3 0.5 0.75 0.4 0.75 0.55 0.7 0.7 0.5 0.9 0.9 0.7 0.75 
-0.013075929940607755 0.5769227744027366 0.6405026657967887 0.05 0.65 0.85 0.9 0.05 0.1 0.65 0.1 0.6 0.65 1.0 0.9 0.4 0.8 0.15 1.0 0.25 0.7 1.0 1.0 0.2 1.0 0.65 0.8 0.95 0.7 0.3 0.9 0.75 0.2 0.45 0.65 0.1 0.0 0.9 0.55 
-0.02109420481016609 0.6005511566993671 0.6230555450147041 0.05 0.65 0.35 0.75 0.0 0.1 0.65 0.1 0.3 0.65 1.0 0.9 0.4 0.2 0.15 1.0 0.25 0.7 1.0 1.0 0.2 1.0 0.65 0.8 0.95 0.7 0.2 0.8 0.75 0.1 0.65 0.65 0.1 0.25 0.65 0.55 
-0.02505885822042911 0.4788884293435088 0.3967609308273385 1.0 0.5 0.55 0.3 0.0 0.6 1.0 0.55 0.3 0.7 0.9 0.55 0.75 0.45 0.75 0.9 0.3 0.45 0.1 0.45 0.1 0.35 0.85 0.35 0.05 0.75 0.0 0.25 0.55 0.35 0.7 0.5 0.9 0.9 0.1 0.5 
-0.001805417376928037 0.5981810821808011 0.6387203547955548 0.05 0.65 0.85 0.9 0.05 0.1 0.65 0.1 0.6 0.25 1.0 0.9 0.4 0.8 0.15 1.0 0.25 0.7 1.0 1.0 0.2 1.0 0.65 0.8 0.95 0.7 0.3 0.9 0.75 0.2 0.45 0.65 0.1 0.25 0.9 0.55 
-0.01982155490143057 0.4259892984780132 0.6143515552358725 0.55 0.95 0.3 1.0 0.8 0.6 1.0 0.75 0.55 0.1 0.35 0.4 0.2 0.2 0.8 0.95 0.3 0.45 0.9 0.1 0.7 0.35 0.75 0.6 0.8 0.75 0.4 0.75 0.55 0.7 0.7 0.5 0.9 0.9 0.45 0.75 
-0.011793263289172446 0.3839866063850474 0.595410361891388 0.55 0.95 0.3 1.0 0.8 0.6 1.0 0.75 0.55 0.1 0.35 0.4 0.9 0.2 0.8 0.95 0.3 0.45 0.9 0.1 0.7 0.35 0.85 0.6 0.8 0.75 0.4 0.95 0.55 0.7 0.7 0.5 0.9 0.9 0.7 0.75 
-0.0029468950663645768 0.5386957586966004 0.4029127793964516 0.95 0.35 0.55 0.05 0.05 0.0 1.0 0.0 0.7 1.0 0.65 0.5 1.0 0.25 0.35 0.0 1.0 0.9 0.85 0.35 0.15 0.9 0.6 0.75 0.85 0.6 0.5 0.55 0.5 0.4 0.6 0.15 0.35 0.7 0.85 0.7 
-0.01052272442594801 0.5581477806954755 0.5972456740376082 0.85 0.55 0.35 0.75 0.45 0.35 0.5 0.3 0.15 0.8 0.2 0.8 0.5 0.2 0.05 0.75 1.0 0.9 0.5 1.0 0.15 0.6 0.65 0.4 1.0 0.65 0.2 0.7 0.75 0.2 0.35 1.0 0.0 0.6 0.05 0.1 
-0.05006905555490931 0.6352277371165499 0.5621823095183585 0.95 0.35 0.55 0.7 0.2 0.45 1.0 0.0 0.65 0.2 0.65 0.5 1.0 0.25 0.75 0.05 1.0 0.85 0.85 0.9 0.35 0.9 0.4 0.75 0.85 0.6 0.5 0.25 0.45 0.15 0.6 0.65 0.35 0.25 0.85 0.7 
-0.02279512147428168 0.4072947958232857 0.36270791669295754 0.2 0.95 0.65 0.45 0.0 0.55 0.8 0.6 0.4 0.95 0.9 0.55 1.0 0.35 0.75 0.6 0.2 0.55 0.1 0.6 0.3 0.55 0.85 0.7 0.95 0.75 0.35 0.4 0.45 0.45 1.0 0.8 0.5 0.7 0.8 0.0 
-0.017036168743081437 0.6144535984169442 0.6406647990933955 0.05 0.5 0.35 0.9 0.65 0.1 0.8 0.35 0.15 0.85 0.2 0.8 0.85 0.7 0.5 1.0 0.05 0.9 0.8 0.05 0.2 0.65 0.65 0.4 0.95 0.7 0.2 1.0 0.75 0.2 0.35 0.65 0.1 0.6 0.55 0.65 
-0.0019112811473911175 0.5802370312536341 0.6116348656182288 0.05 0.5 1.0 0.75 0.45 0.1 0.85 0.1 0.35 0.65 1.0 0.9 0.7 0.7 0.15 1.0 0.25 0.7 1.0 1.0 0.2 0.5 0.65 0.8 0.95 0.7 0.2 0.95 0.75 0.2 0.65 0.65 0.25 0.6 0.3 0.55 
-0.019889319288073505 0.5057903959116063 0.4120323722693446 0.9 0.35 0.55 0.7 0.2 0.55 1.0 0.0 0.5 0.95 0.65 0.5 1.0 0.25 0.35 0.4 1.0 0.3 0.45 0.5 0.15 0.9 0.4 0.75 0.85 0.6 0.5 0.25 0.3 0.45 0.6 0.65 0.35 0.7 0.85 0.9 
-0.015261129723224815 0.29967402367661666 0.5491412156849405 0.9 0.0 0.7 1.0 0.0 0.8 1.0 0.9 0.75 0.9 0.9 0.4 0.9 0.3 0.75 0.15 0.15 0.35 1.0 0.15 0.7 0.35 0.85 0.4 0.9 0.75 0.25 0.85 0.55 0.7 0.5 0.5 0.9 0.9 0.7 0.75 
-0.027197780002234925 0.5404556227158773 0.3887874642427326 0.95 0.35 0.55 1.0 0.3 0.0 0.95 0.0 0.7 0.9 0.65 0.5 1.0 0.25 0.35 0.1 1.0 1.0 0.5 1.0 0.55 0.9 0.6 0.75 0.95 0.6 0.5 0.35 0.5 0.4 0.6 0.3 0.35 0.7 0.45 0.7 
-8.49582066175897 0.5194917397241146 0.6727573198429622 0.05 0.65 0.85 0.9 0.05 0.1 0.65 0.3 0.3 0.65 1.0 0.9 0.4 0.8 0.15 1.0 0.25 0.7 1.0 1.0 0.2 1.0 0.65 0.8 0.95 0.7 0.3 0.95 0.75 0.2 0.45 0.65 0.1 0.0 0.65 0.55 
-0.02411617608088269 0.26388466182009185 0.5071360948694937 0.25 0.0 0.0 1.0 0.0 0.8 0.65 0.9 0.75 0.45 0.9 0.4 1.0 0.3 0.65 0.55 0.3 0.65 1.0 0.15 0.7 0.35 0.85 0.25 1.0 0.75 0.4 0.85 0.55 0.7 0.5 0.95 0.05 0.4 0.15 0.55 
-0.031390864339488726 0.40313551571654205 0.34623519191500196 0.3 0.4 0.65 0.7 0.0 0.85 0.8 0.55 0.4 0.8 0.9 0.4 0.9 0.45 0.75 0.45 0.2 0.45 0.6 0.1 0.1 0.35 0.85 0.3 0.55 0.75 0.25 0.0 0.55 0.35 0.6 0.5 0.4 0.9 0.7 0.0 
-0.01783618635799573 0.4854324767800246 0.3658168288614016 1.0 0.25 0.5 0.3 0.0 0.4 1.0 0.55 0.5 0.7 0.9 0.55 0.9 0.45 0.75 0.9 0.3 0.45 0.65 0.45 0.1 0.65 0.9 0.35 0.65 0.75 0.9 0.0 0.55 0.35 0.7 0.5 0.9 0.9 0.55 0.5 
-0.01485238538209993 0.6303426595414279 0.594912682564403 0.05 1.0 0.35 0.75 0.45 0.1 0.9 0.3 0.15 0.8 0.2 0.8 0.9 0.8 0.85 1.0 0.05 0.85 0.9 1.0 0.1 0.6 0.65 0.4 0.65 0.7 0.2 0.7 0.75 0.15 0.35 0.65 0.1 0.6 0.55 0.1 
-0.04708933395274806 0.6304320784550639 0.6344500989159778 0.05 1.0 0.35 0.75 0.7 0.1 0.9 0.45 0.15 0.85 0.2 0.8 0.85 0.15 0.85 1.0 0.05 0.9 0.8 0.05 0.2 0.6 0.65 0.4 0.95 0.7 0.2 1.0 0.75 0.2 0.35 0.65 0.1 0.6 0.55 0.1 
-0.012100645955660733 0.4116545880800799 0.3278262433894137 0.2 0.95 0.65 0.45 0.0 0.55 0.95 0.55 0.4 0.55 0.9 0.65 0.8 0.35 0.75 0.85 0.2 0.6 0.55 0.1 0.4 0.35 0.85 0.4 0.9 0.75 0.35 0.45 0.6 0.45 0.7 0.7 0.5 0.9 0.2 0.3 
-0.002868845754876084 0.4646666835191003 0.6396318561917077 0.55 0.2 0.1 0.4 0.95 0.6 1.0 0.75 0.55 0.1 0.2 0.8 0.0 0.65 0.75 0.8 0.3 0.5 1.0 0.1 0.45 0.8 0.85 0.65 0.9 0.75 0.75 0.55 0.55 0.7 0.7 0.5 0.9 0.6 0.25 0.9 
-0.0004633631808194516 0.3444655854555876 0.5719315989125711 0.55 0.2 0.65 1.0 0.0 0.6 1.0 0.75 0.55 0.1 0.55 0.4 0.75 0.2 0.75 0.5 0.3 0.45 0.65 0.1 0.35 0.35 0.85 0.65 0.8 0.75 0.4 0.9 0.55 0.7 0.7 0.5 0.9 0.9 0.2 0.95 
-0.014183516111940336 0.5174541145691381 0.39426141654816677 0.9 0.35 0.55 0.7 0.2 0.55 1.0 0.0 0.5 0.95 0.65 0.5 1.0 0.25 0.35 0.4 1.0 0.3 0.45 0.5 0.25 0.9 0.4 0.75 0.85 0.6 0.5 0.25 0.5 0.45 0.6 0.65 0.35 0.7 0.85 0.9 
-0.454275627291832 0.5617240615227033 0.6741192847056343 0.05 0.3 1.0 0.75 0.7 0.1 0.8 1.0 0.1 0.65 1.0 0.9 0.75 0.45 0.3 1.0 0.25 0.7 1.0 1.0 0.2 1.0 0.65 0.8 0.95 0.7 0.2 0.8 0.75 0.2 0.65 0.65 0.1 0.6 0.3 0.6 
-0.035300149028837914 0.2968031122481115 0.41090894660079724 0.2 0.95 0.45 0.45 0.6 0.55 1.0 0.55 0.45 0.55 0.9 0.55 1.0 0.35 0.75 0.6 0.2 0.55 0.95 0.2 0.3 0.35 0.85 0.6 1.0 0.75 0.35 0.4 0.45 0.45 0.7 0.8 0.4 0.9 0.8 0.0 
-10.562030752895485 0.5419687868561153 0.6906858373080356 0.05 0.45 0.45 0.6 0.4 0.55 0.9 0.3 0.9 0.85 0.2 0.85 0.85 0.1 0.85 0.8 0.95 0.9 0.8 1.0 0.2 0.6 0.7 0.3 1.0 0.7 0.2 0.8 0.75 0.2 0.45 0.25 0.5 0.85 0.0 0.9 
-0.014859743313035086 0.4614142504910921 0.36153187373630336 0.2 0.1 0.65 1.0 0.0 0.55 0.9 0.55 0.4 0.55 0.9 0.55 1.0 0.35 0.75 0.55 0.2 0.55 0.9 0.1 0.3 0.35 0.2 0.3 0.6 0.75 0.5 0.55 0.45 0.45 0.7 0.5 0.5 0.9 0.8 0.0 
-0.0008725821456517524 0.6028928610501008 0.40118034188895163 0.95 0.35 0.55 0.3 0.3 0.15 1.0 0.0 0.7 1.0 0.65 0.5 1.0 0.25 0.35 0.0 1.0 0.55 0.7 0.15 0.55 0.9 0.4 0.75 0.25 0.6 0.5 0.35 0.5 0.4 0.0 0.3 0.35 0.7 0.85 0.7 
-0.022432784274708004 0.30360146674492017 0.5274191001683387 0.9 0.0 0.7 1.0 0.0 0.8 1.0 0.9 0.75 0.45 0.9 0.4 0.9 0.3 0.75 0.9 0.35 0.5 0.85 0.15 0.7 0.35 0.85 0.25 1.0 0.75 0.4 0.9 0.55 0.6 0.5 0.5 0.9 0.9 0.7 0.75 
-0.02372256291945222 0.562011080805866 0.6511639517922694 0.05 0.65 0.85 0.9 0.05 0.1 0.65 0.1 0.3 0.65 1.0 0.9 0.4 0.8 0.15 1.0 0.25 0.7 1.0 1.0 0.2 1.0 0.65 0.8 0.95 0.7 0.3 0.9 0.75 0.2 0.45 0.65 0.1 0.0 0.65 0.55 
-0.050852109259486585 0.38307927526788155 0.3201285972914206 0.2 0.95 0.05 0.45 0.0 0.7 0.95 0.55 0.4 0.6 0.9 0.55 1.0 0.35 0.75 0.65 0.2 0.55 0.45 0.1 0.25 0.3 0.85 0.3 1.0 0.75 0.6 0.35 0.6 0.45 0.25 0.8 0.35 0.9 0.2 0.3 
-0.08367439498533215 0.4381190115493561 0.6442720397563215 0.55 0.2 0.1 0.4 0.95 0.6 1.0 0.75 0.55 0.1 0.2 0.8 0.0 0.65 0.75 0.8 0.45 0.5 1.0 0.1 0.45 0.8 0.85 0.65 0.9 0.75 0.75 0.75 0.55 0.7 0.7 0.5 0.9 0.6 0.25 0.9 
-0.21728261889936587 0.5349243179437259 0.6716637684821669 0.05 0.65 0.85 0.9 0.0 0.1 0.65 0.65 0.3 0.65 1.0 0.9 0.6 0.2 0.15 1.0 0.2 0.7 1.0 1.0 0.2 1.0 0.65 0.8 0.95 0.7 0.2 0.9 0.75 0.2 0.65 0.65 0.1 0.25 0.65 0.55 
-0.01230177071009302 0.33527005311540425 0.5882703157885453 0.9 0.9 0.25 0.1 0.0 0.2 0.75 0.9 0.75 0.3 0.9 0.5 0.9 0.15 0.75 0.25 0.3 0.95 1.0 0.15 0.75 0.35 0.85 0.7 0.7 0.7 0.2 0.75 0.55 0.7 0.15 0.5 0.9 0.1 0.2 0.75 
-0.037489196293903404 0.3673760205104901 0.5927785090662472 0.9 0.9 0.7 1.0 0.0 0.8 1.0 0.6 0.75 0.45 0.9 0.5 0.9 0.3 0.75 0.9 0.3 0.5 1.0 0.15 0.7 0.6 0.85 0.4 1.0 0.75 0.4 0.15 0.55 0.7 0.5 0.5 0.9 0.1 0.7 0.75 
-0.03599249794033447 0.5811276939543057 0.6604756045678828 0.05 0.65 0.85 0.9 0.0 0.1 0.65 0.1 0.3 0.65 1.0 0.9 0.4 0.2 0.15 1.0 0.25 0.7 1.0 1.0 0.2 1.0 0.65 0.8 0.95 0.7 0.3 0.9 0.75 0.2 0.45 0.65 0.1 0.0 0.65 0.55 
-0.0020960586417820663 0.3192896666310554 0.5840579620888339 0.9 0.9 0.25 0.1 0.0 0.2 0.75 0.9 0.75 0.3 0.9 0.5 0.9 0.15 0.75 0.25 0.3 0.5 1.0 0.15 0.75 0.35 0.85 0.7 0.7 0.7 0.2 0.75 0.55 0.7 0.15 0.5 0.9 0.1 0.2 0.75 
-0.06360653816463287 0.46455496854876077 0.6647153225835032 0.55 0.2 0.1 0.35 0.45 0.6 1.0 0.75 0.55 0.1 0.2 0.5 0.0 0.65 0.75 0.8 0.3 0.5 1.0 0.1 0.6 0.8 0.85 0.65 0.9 0.75 0.3 0.75 0.55 0.7 0.7 0.5 0.45 0.6 0.25 0.9 
-0.024658330662648668 0.4313234199091593 0.33795824647901274 0.2 0.05 0.65 0.7 0.0 0.55 1.0 0.55 0.4 0.55 0.9 0.65 1.0 0.35 0.75 0.7 0.2 0.6 0.65 0.1 0.35 0.35 0.85 0.35 0.05 0.75 0.35 0.15 0.6 0.45 0.7 0.7 0.35 0.6 0.2 0.55 
-0.002081621838629877 0.47412999311535403 0.3220395007929119 1.0 0.95 0.5 0.35 0.35 0.4 1.0 0.45 0.35 0.7 0.9 0.55 1.0 0.45 0.75 0.85 0.3 0.5 0.65 0.45 0.1 0.6 0.85 0.25 0.75 0.8 0.7 0.0 0.55 0.45 0.7 1.0 0.9 0.4 0.1 0.5 
-0.023777059009691615 0.6528478843236469 0.4469054195759349 0.95 0.35 0.55 0.7 0.2 0.0 1.0 0.0 0.65 0.4 0.65 0.5 1.0 0.25 0.75 0.0 1.0 0.5 0.55 0.05 0.35 0.9 0.4 0.75 1.0 0.6 0.5 0.25 0.6 0.45 0.6 0.65 0.05 0.7 0.85 0.7 
-0.006415044972724757 0.2819017561512869 0.5377738435809843 1.0 0.9 0.25 0.1 0.0 0.45 0.7 0.9 0.75 0.15 0.9 0.6 1.0 0.2 0.75 0.25 0.3 0.7 1.0 0.15 0.4 0.35 0.85 0.7 1.0 0.65 0.55 0.9 0.55 0.6 0.4 0.5 0.9 0.1 0.2 0.65 
-23.45445226258637 0.5112155099404655 0.6995864920136489 0.05 0.45 0.5 0.6 0.45 0.2 0.8 0.3 0.9 0.8 0.2 0.85 0.05 0.75 0.8 0.8 0.95 0.9 0.9 1.0 0.2 0.6 0.7 0.3 1.0 0.7 0.2 0.8 0.75 0.2 0.45 0.65 0.6 0.85 0.0 0.9 
-11.3318956410106 0.5524268038246161 0.6955020240432095 0.05 0.45 0.45 0.6 0.4 0.55 0.9 0.3 0.9 0.85 0.2 0.85 0.85 0.1 0.8 0.8 0.95 0.9 0.8 1.0 0.2 0.6 0.7 0.3 1.0 0.7 0.2 0.8 0.75 0.2 0.45 0.25 0.8 0.85 0.0 0.9 
-0.36584700935805375 0.47214232157633307 0.685248415628957 0.55 1.0 0.1 0.4 0.75 0.6 1.0 0.75 0.55 0.1 0.2 0.45 0.05 0.65 0.75 0.8 0.3 0.5 1.0 0.1 0.45 0.8 0.85 0.65 0.9 0.75 0.75 0.3 0.55 0.05 0.7 0.5 0.9 0.6 0.25 0.9 
-0.22031910295672347 0.4864136508248586 0.6787698228000826 0.55 1.0 0.1 0.4 0.95 0.6 1.0 0.75 0.55 0.1 0.2 0.5 0.55 0.65 0.75 0.8 0.3 0.5 1.0 0.1 0.45 0.8 0.85 0.65 0.9 0.75 0.75 0.3 0.55 0.05 0.7 0.45 0.9 0.6 0.25 0.9 
-0.03179801950242657 0.6381435023468959 0.617520595413614 0.0 0.85 0.2 0.55 0.2 0.75 1.0 0.0 0.25 0.25 0.65 0.55 0.85 0.25 0.85 0.0 1.0 0.25 0.95 0.95 0.35 0.9 0.4 0.75 1.0 0.6 0.5 0.3 0.6 0.4 0.25 1.0 0.4 0.2 0.85 0.7 
-0.01603008546049233 0.3588950955773099 0.3448070598739102 0.2 0.05 0.65 0.7 0.0 0.55 1.0 0.55 0.4 0.55 0.9 0.65 1.0 0.35 0.75 0.7 0.2 0.6 0.9 0.1 0.35 0.35 0.85 0.35 0.05 0.75 0.35 0.55 0.6 0.45 0.7 0.7 0.35 0.6 0.2 0.55 
-0.004087007668070427 0.3983808730460746 0.6171545178697803 0.55 0.95 0.3 1.0 0.8 0.6 1.0 0.75 0.55 0.1 0.35 0.4 0.9 0.2 0.8 0.95 0.3 0.45 0.9 0.1 0.7 0.35 0.85 0.6 0.8 0.75 0.4 0.75 0.55 0.7 0.7 0.5 0.9 0.9 0.7 0.75 
-0.009258670601431386 0.33736802334990235 0.6089851408674531 0.55 0.2 0.05 1.0 0.0 0.6 1.0 0.7 0.55 0.1 1.0 0.4 0.9 0.2 0.75 0.7 0.3 0.45 0.9 0.1 0.7 0.35 0.85 0.65 1.0 0.75 0.4 0.75 0.55 0.7 0.7 0.5 0.9 0.9 0.7 0.75 
-0.00960914915934373 0.351277012303024 0.5984985344616264 0.55 0.2 0.3 1.0 0.65 0.6 0.7 0.75 0.6 0.1 0.35 0.4 0.9 0.05 0.65 0.95 0.3 0.45 0.9 0.1 0.7 0.25 0.3 0.25 0.8 0.75 0.4 0.75 0.55 0.7 0.7 0.5 0.9 0.9 0.7 0.75 
-0.00047126217193589327 0.6751442860357646 0.4985533147082235 0.95 0.35 0.55 0.4 0.2 0.25 1.0 0.0 0.5 0.1 0.65 0.5 1.0 0.25 0.75 0.05 1.0 0.95 0.85 0.95 0.35 0.9 0.4 0.75 0.85 0.6 0.5 0.25 0.45 0.3 0.6 0.65 0.35 0.7 0.85 0.7 
-0.03596028259911672 0.2777568699830921 0.4483764727469463 0.9 0.2 0.65 1.0 0.0 0.35 1.0 0.9 0.75 0.6 0.9 0.4 0.9 0.3 0.75 0.9 0.3 0.75 1.0 0.15 0.7 0.35 0.85 0.25 0.8 0.75 0.15 0.9 0.55 0.7 0.5 0.5 0.9 0.9 0.7 0.75 
-0.030264370161332516 0.5809024759435962 0.3802379404367901 0.95 0.35 0.55 0.05 0.55 0.0 1.0 0.0 0.7 1.0 0.65 0.5 1.0 0.25 0.35 0.0 1.0 0.45 0.1 0.3 0.35 0.6 0.4 0.75 0.85 0.6 0.5 0.55 0.5 0.4 0.6 0.15 0.4 0.7 0.35 0.7 
-0.06689690718728418 0.6539587374196931 0.5937036663019334 0.0 0.85 0.2 0.55 0.2 0.75 1.0 0.05 0.25 0.25 0.65 0.55 0.85 0.25 0.75 0.0 1.0 0.25 0.95 0.95 0.35 0.9 0.4 0.75 1.0 0.6 0.5 0.3 0.6 0.4 0.25 0.65 0.4 0.2 0.85 0.7 
-0.056471972105532314 0.5687972065765214 0.38642145283801893 0.95 0.35 0.55 0.05 0.05 0.0 1.0 0.0 0.7 1.0 0.65 0.5 1.0 0.25 0.35 0.0 1.0 0.9 0.85 0.1 0.05 0.9 0.5 0.75 0.85 0.6 0.5 0.55 0.5 0.4 0.6 0.15 0.35 0.7 0.85 0.7 
-0.019497365956611022 0.2825726320738291 0.431092851009378 0.2 0.95 0.45 0.45 0.0 0.55 1.0 0.55 0.45 0.55 0.9 0.55 1.0 0.35 0.75 0.6 0.2 0.55 0.95 0.1 0.3 0.35 0.85 0.6 1.0 0.75 0.35 0.4 0.45 0.45 0.7 0.8 0.4 0.9 0.8 0.0 
-0.004297942667582169 0.6839849103049848 0.46145846270983754 0.95 0.35 0.55 0.65 0.75 0.0 0.9 0.0 0.65 0.25 0.65 0.5 0.95 0.25 0.75 0.0 1.0 0.5 0.85 0.95 0.35 1.0 0.4 0.75 1.0 0.6 0.5 0.25 0.5 0.45 0.6 0.3 0.35 0.7 0.8 0.7 
-0.05897111280177453 0.3251573458973168 0.5771779923077025 0.3 0.2 0.65 1.0 0.0 0.9 1.0 0.6 0.6 0.4 0.8 0.4 0.9 0.3 0.75 0.9 0.3 0.45 0.9 0.1 0.7 0.35 0.85 0.6 0.8 0.65 0.4 0.65 0.55 0.7 0.5 0.15 0.9 0.9 0.75 0.9 
-0.008691469821701965 0.2718199548239736 0.47344669306060416 0.5 0.9 0.7 1.0 0.0 0.8 1.0 0.9 0.75 0.45 0.9 0.5 0.9 0.3 0.75 0.9 0.3 0.5 1.0 0.15 0.7 0.6 0.85 0.4 1.0 0.75 0.6 0.15 0.95 0.45 0.5 0.15 0.9 0.1 0.7 0.75 
-0.022021850777031282 0.35175193175507447 0.3844775220252574 0.9 0.2 0.65 1.0 1.0 0.35 1.0 0.9 0.75 0.6 0.9 0.4 0.9 0.3 0.75 0.9 0.3 0.75 1.0 0.15 0.7 0.35 0.85 0.25 0.0 0.85 0.15 0.9 0.55 0.75 0.5 0.5 1.0 0.9 0.7 0.75 
-0.017039092973794114 0.4341419024463846 0.3308534793829079 0.2 0.95 0.65 1.0 0.25 0.55 0.9 0.55 0.4 0.1 0.9 0.55 1.0 0.35 0.75 0.6 0.2 0.55 0.9 0.6 0.3 0.35 0.9 0.3 0.6 0.75 0.75 0.55 0.45 0.45 0.7 0.5 0.5 0.9 0.8 0.0 
-0.0025591957261603187 0.30174046694365464 0.4008774323338283 0.95 0.95 0.65 1.0 0.0 0.55 0.9 0.5 0.4 0.45 0.9 0.55 1.0 0.35 0.75 0.8 0.2 0.55 0.9 0.1 0.4 0.35 0.9 0.3 0.3 0.75 0.35 0.4 0.45 0.45 0.7 0.5 0.95 0.9 0.8 0.0 
-0.011035763371484326 0.48503929101472065 0.3442428364655913 0.2 0.95 0.95 0.65 0.0 0.6 0.95 0.55 0.4 0.55 0.9 0.55 1.0 0.35 0.75 0.65 0.2 0.55 0.4 0.1 0.4 0.35 0.85 0.6 1.0 0.65 0.25 0.55 0.6 0.45 0.25 0.1 0.5 0.9 0.0 0.85 
-0.01975693744817066 0.41875466432613867 0.6672280054912225 0.55 0.05 0.65 0.1 0.0 0.8 1.0 0.75 0.55 0.1 0.55 0.4 0.75 0.05 0.75 0.75 0.3 0.45 0.9 0.15 0.45 0.35 0.85 0.65 0.95 0.75 0.4 0.75 0.55 0.7 0.7 0.5 0.9 0.9 0.7 0.75 
-0.01576273235643884 0.6420811480307558 0.413219277819316 0.2 0.35 0.55 0.3 0.3 0.55 0.95 0.0 0.7 0.9 0.65 0.5 0.8 0.25 0.35 0.0 1.0 1.0 0.35 0.15 0.55 0.9 0.4 0.75 0.95 0.6 0.5 0.25 0.5 0.4 0.6 0.95 0.35 0.7 0.85 0.7 
-0.023669709346537702 0.6483542479162459 0.5390920298241572 0.95 0.35 0.55 0.75 0.2 0.45 1.0 0.0 0.65 0.2 0.65 0.5 1.0 0.25 0.75 0.05 0.9 0.5 0.85 0.9 0.35 0.9 0.4 0.75 0.85 0.6 0.5 0.25 0.45 0.15 0.6 0.65 0.35 0.25 0.85 0.7 
-0.010541620809206368 0.32226346827303565 0.3649095174405803 0.2 0.95 0.65 1.0 0.0 0.55 0.9 0.55 0.4 0.55 0.9 0.55 1.0 0.35 0.75 0.55 0.2 0.55 0.9 0.1 0.3 0.35 0.85 0.3 0.6 0.75 0.4 0.75 0.45 0.45 0.7 0.5 0.5 0.9 0.8 0.0 
-0.030711580340098545 0.4843206824849613 0.3645340256521563 1.0 0.95 0.85 0.35 0.7 0.4 1.0 0.55 0.3 0.7 0.9 0.55 0.9 0.45 0.75 0.9 0.3 0.45 0.65 0.45 0.1 0.6 0.85 0.35 0.5 0.75 0.4 0.1 0.8 0.45 0.7 1.0 0.9 0.4 0.1 0.5 
-2.784392882560155 0.5190184173366671 0.3668197574916301 0.95 0.35 0.55 0.3 0.3 0.0 1.0 0.0 0.7 0.9 0.65 0.5 1.0 0.25 0.35 0.0 1.0 1.0 0.5 0.55 0.55 0.9 0.4 0.75 0.85 0.6 0.5 0.35 0.5 0.4 0.6 0.3 0.35 0.7 0.85 0.15 
-0.14022866180984117 0.5718538710426867 0.6848284981198505 0.05 0.3 1.0 0.75 0.7 0.1 0.8 0.1 0.1 0.65 1.0 0.9 0.75 0.45 0.3 1.0 0.25 0.7 1.0 1.0 0.2 1.0 0.65 0.8 0.95 0.7 0.2 0.8 0.75 0.2 0.65 0.65 0.1 0.6 0.3 0.6 
-0.054188061209359414 0.3497612011389942 0.34819282695063136 0.2 0.05 0.65 0.7 0.0 0.55 1.0 0.55 0.4 0.55 0.9 0.65 1.0 0.35 0.75 0.7 0.2 0.6 0.9 0.1 0.4 0.35 0.85 0.35 0.05 0.75 0.35 0.55 0.6 0.45 0.7 0.7 0.35 0.6 0.7 0.55 
-0.01094151978320636 0.42812043727968985 0.6390157946369147 0.55 0.2 0.1 0.4 0.95 0.6 1.0 0.75 0.55 0.1 0.2 0.8 0.0 0.65 0.75 0.8 0.45 0.5 1.0 0.1 0.25 0.8 0.85 0.65 0.9 0.75 0.75 0.75 0.55 0.7 0.7 0.3 0.9 0.6 0.25 0.9 
-0.020592887648765996 0.31053607862037236 0.38171537424660534 0.2 0.95 0.65 0.45 0.0 0.55 0.95 0.55 0.4 0.65 0.9 0.55 1.0 0.35 0.75 0.15 0.2 0.55 1.0 0.15 0.35 0.2 0.85 0.15 1.0 0.75 0.35 0.55 0.6 0.45 0.7 0.7 0.5 0.9 0.2 0.3 
-0.07668114192088632 0.4370201256657984 0.3071095656052719 0.2 0.05 0.65 0.7 0.0 0.55 1.0 0.55 0.4 0.55 0.9 0.65 1.0 0.35 0.75 0.45 0.2 0.6 0.55 0.1 0.35 0.35 0.85 0.35 0.9 0.7 0.55 0.55 0.6 0.45 0.7 0.7 0.5 0.9 0.2 0.55 
-0.07208018218023882 0.36417201370095587 0.3130135290064776 0.2 0.2 0.65 0.7 0.0 0.55 1.0 0.55 0.4 0.55 0.9 0.65 1.0 0.35 0.75 0.85 0.2 0.6 0.9 0.1 0.35 0.35 0.85 0.35 0.3 0.7 0.35 0.25 0.6 0.45 0.7 0.7 0.5 0.9 0.2 0.2 
-0.009302918446428037 0.6645754161940842 0.5266814972628935 0.95 0.6 0.85 0.7 0.2 0.45 1.0 0.0 0.75 0.2 0.65 0.5 0.85 0.2 0.75 0.05 1.0 0.7 0.95 0.95 0.35 0.9 0.4 0.75 0.85 0.6 0.5 0.25 0.45 0.3 0.6 0.65 0.35 0.7 0.75 0.7 
-0.0036723306612520086 0.3573177890429518 0.6196190720509033 0.55 0.2 0.65 0.1 0.0 0.8 1.0 0.75 0.55 0.1 0.55 0.4 1.0 0.05 0.75 0.8 0.3 0.45 0.9 0.15 0.45 0.35 0.85 0.65 0.95 0.75 0.2 0.75 0.55 0.7 0.7 0.5 0.9 0.9 0.7 0.75 
-0.04933806133557706 0.3881162417496482 0.3167900380167662 0.2 0.95 0.05 0.45 0.0 0.7 0.95 0.55 0.4 0.5 0.9 0.55 1.0 0.35 0.75 0.65 0.2 0.55 0.45 0.1 0.25 0.35 0.85 0.65 1.0 0.75 0.25 0.35 0.6 0.45 0.25 0.8 0.35 0.9 0.2 0.3 
-0.06063046866551987 0.4973807277472495 0.3279545862286144 0.2 0.95 0.05 0.65 0.0 0.6 0.95 0.55 0.5 0.45 0.9 0.55 1.0 0.35 0.75 0.65 0.2 0.55 0.35 0.1 0.3 0.35 0.85 0.4 1.0 0.65 0.25 0.55 0.6 0.45 0.25 0.1 0.8 0.9 0.2 0.85 
-0.010370692412687031 0.6679684620430791 0.42924833734222134 0.95 0.65 0.55 0.45 0.2 0.0 1.0 0.0 0.65 0.35 0.55 0.5 1.0 0.25 0.75 0.0 1.0 0.5 0.55 0.95 0.35 0.9 0.4 0.75 1.0 0.6 0.5 0.25 0.5 0.45 0.35 0.3 0.35 0.7 0.8 0.7 
-0.21661550032112975 0.32510687510329805 0.3411754795524433 0.55 0.95 0.65 1.0 0.0 0.55 0.9 0.55 0.4 0.55 0.9 0.55 1.0 0.35 0.75 0.55 0.2 0.55 0.9 0.1 0.2 0.35 0.85 0.25 0.6 0.75 0.35 0.55 0.45 0.45 0.7 0.5 0.5 0.9 0.8 0.0 
-0.004932511491126782 0.45286715194162996 0.3305506042196519 1.0 0.25 0.95 0.3 0.0 0.4 1.0 0.55 0.5 0.55 0.9 0.55 0.9 0.45 0.75 0.9 0.3 0.45 0.2 0.45 0.1 0.65 0.9 0.35 0.65 0.75 0.4 0.0 0.55 0.35 0.7 0.5 0.9 0.9 0.55 0.5 
-0.09472276662271782 0.4446838515089092 0.6835839305064974 0.55 0.2 0.65 0.1 0.0 0.8 1.0 0.75 0.55 0.1 0.55 0.4 0.75 0.05 0.75 0.8 0.3 0.45 0.9 0.15 0.45 0.35 0.85 0.65 0.95 0.75 0.4 0.75 0.55 0.7 0.7 0.5 0.9 0.9 0.7 0.75 
-0.003167972529822248 0.6801790003199023 0.5035288017299263 0.0 0.35 0.25 0.55 0.75 0.0 1.0 0.0 0.8 0.2 0.65 0.55 1.0 0.25 0.75 0.15 1.0 0.3 0.95 0.95 0.35 0.9 0.4 0.75 1.0 0.6 0.5 0.3 0.6 0.4 0.7 0.65 0.05 0.7 0.85 0.7 
-0.013249778795594684 0.6875433108911085 0.483743200102985 1.0 0.35 0.55 0.7 0.55 0.0 1.0 0.0 0.45 0.3 0.65 0.5 1.0 0.3 0.75 0.0 1.0 0.5 1.0 0.95 0.35 0.75 0.4 0.75 1.0 0.6 0.5 0.25 0.5 0.45 0.6 0.65 0.1 0.7 0.95 0.45 
-0.03705413151233824 0.6788719343549864 0.45213751658597795 0.95 0.35 0.55 0.65 0.75 0.0 0.9 0.0 0.65 0.25 0.65 0.5 1.0 0.25 0.75 0.05 1.0 0.5 0.85 0.95 0.35 1.0 0.4 0.75 1.0 0.6 0.5 0.25 0.5 0.45 0.6 0.3 0.35 0.7 0.55 0.7 
-0.031298782190931344 0.4812133418595108 0.31853943619248537 1.0 0.95 0.5 0.35 0.35 0.4 1.0 0.45 0.35 0.7 0.9 0.55 1.0 0.45 0.75 0.85 0.3 0.45 0.65 0.45 0.1 0.6 0.85 0.25 0.75 0.8 0.7 0.0 0.55 0.45 0.7 1.0 0.9 0.4 0.1 0.5 
-0.017069991970245606 0.294362086804588 0.40478746511339136 0.2 0.95 0.65 0.45 0.0 0.55 1.0 0.55 0.4 0.55 0.9 0.55 1.0 0.35 0.75 0.6 0.2 0.55 0.95 0.1 0.3 0.35 0.85 0.6 1.0 0.75 0.35 0.85 0.45 0.45 0.7 0.4 0.5 0.9 0.8 0.0 
-0.04953198910788293 0.6349380276440029 0.4019759184354098 0.95 0.35 0.55 0.05 0.05 0.0 1.0 0.0 0.7 1.0 0.65 0.5 1.0 0.25 0.35 0.0 1.0 0.9 0.85 0.1 0.55 0.9 0.4 0.75 0.85 0.6 0.5 0.55 0.5 0.4 0.6 0.15 0.35 0.7 0.85 0.7 
-0.004723933520842736 0.31216827705297845 0.36665944140982043 0.2 0.95 0.65 1.0 0.0 0.55 0.9 0.55 0.4 0.55 0.9 0.55 1.0 0.35 0.75 0.55 0.2 0.55 0.9 0.1 0.3 0.35 0.85 0.3 0.6 0.75 0.5 0.55 0.45 0.45 0.7 0.5 0.5 0.9 0.8 0.0 
-0.028901180760053522 0.676331816641444 0.5196186572152285 0.45 0.35 0.55 0.7 0.2 0.0 1.0 0.0 0.65 0.2 0.65 0.55 1.0 0.2 0.75 0.0 1.0 0.5 0.85 0.95 0.35 0.9 0.4 0.75 1.0 0.6 0.5 0.9 0.6 0.35 0.7 0.65 0.05 0.7 0.85 0.7 
-0.05983199284724619 0.6013169354155108 0.6587885015908884 0.05 0.65 0.85 0.9 0.0 0.1 0.65 0.1 0.3 0.85 1.0 0.9 0.6 0.2 0.15 1.0 0.25 0.7 1.0 1.0 0.2 1.0 0.65 0.8 0.95 0.7 0.2 0.9 0.75 0.2 0.65 0.65 0.1 0.25 0.65 0.55 
-2.0840410777480742 0.4436057454366657 0.6955598992673065 0.55 0.2 0.65 0.1 0.0 0.8 1.0 0.75 0.55 0.1 0.55 0.4 0.75 0.05 0.75 0.8 0.3 0.45 0.9 0.15 0.45 0.35 0.85 0.65 0.95 0.75 0.2 0.75 0.55 0.7 0.7 0.5 0.9 0.9 0.7 0.75 
-0.01688699980853177 0.6698880521650239 0.5495906085580406 0.0 0.35 0.2 0.05 0.2 0.0 1.0 0.0 0.25 0.25 0.65 0.55 0.9 0.25 0.75 0.25 1.0 0.25 0.9 0.95 0.35 0.9 0.4 0.75 1.0 0.6 0.5 0.3 0.6 0.4 0.7 0.65 0.4 0.2 0.85 0.7 
-0.9351865142727926 0.4133970794425651 0.7095339743808899 1.0 0.9 0.25 0.1 0.0 0.45 0.95 0.9 0.75 0.15 0.9 0.6 0.85 0.2 0.75 0.25 0.3 0.8 1.0 0.15 0.4 0.35 0.85 0.7 1.0 0.65 0.25 0.9 0.55 0.8 0.25 0.5 0.9 0.1 0.2 0.65 
-0.003050130100628492 0.37806393190976445 0.644109245203626 0.55 0.2 0.65 1.0 0.0 0.8 1.0 0.75 0.55 0.1 0.55 0.85 0.9 0.2 0.75 0.8 0.3 0.45 0.9 0.15 0.45 0.35 0.85 0.65 0.95 0.75 0.4 0.75 0.55 0.7 0.7 0.5 0.5 0.9 0.7 0.75 
-14.571781768589974 0.5633146283348691 0.7151784303604943 0.05 0.45 0.9 0.6 0.4 0.4 0.9 0.3 0.9 0.85 0.2 0.85 0.85 0.1 0.8 0.8 0.95 0.9 0.9 1.0 0.2 0.6 0.7 0.3 1.0 0.7 0.2 0.8 0.75 0.2 0.45 0.25 0.8 0.85 0.0 0.9 
-0.07033214931020794 0.4293649194594529 0.6804545808015178 0.55 0.2 0.65 0.1 0.0 0.8 1.0 0.75 0.55 0.1 0.55 0.4 0.75 0.05 0.75 0.8 0.3 0.45 0.9 0.15 0.5 0.35 0.85 0.65 0.95 0.75 0.4 0.75 0.55 0.7 0.7 0.5 0.9 0.9 0.7 0.75 
-16.71912393247542 0.5352809284532585 0.7067919832846633 0.05 0.45 0.9 0.6 0.45 0.4 0.9 0.3 0.9 0.8 0.2 0.85 0.85 0.1 0.8 0.95 0.95 0.9 0.9 1.0 0.2 0.55 0.7 0.3 1.0 0.7 0.2 0.8 0.75 0.2 0.45 0.25 0.6 0.85 0.0 0.9 
-3.9037681915950526 0.6199180406268527 0.6659146274987818 0.05 0.5 1.0 0.75 0.45 0.1 0.85 0.1 0.35 0.65 1.0 0.9 0.7 0.45 0.15 1.0 0.25 0.7 1.0 1.0 0.2 0.8 0.65 0.8 0.95 0.7 0.2 0.95 0.75 0.2 0.65 0.65 0.1 0.6 0.3 0.55 
-0.12544607018192694 0.2660592485831387 0.4914936873194121 0.25 0.0 0.0 1.0 0.0 0.8 0.8 0.9 0.75 0.45 0.9 0.4 1.0 0.3 0.65 0.75 0.3 0.65 1.0 0.15 0.7 0.35 0.85 0.25 1.0 0.75 0.4 0.85 0.55 0.7 0.5 0.95 0.05 0.4 0.15 0.55 
-7.167376348068938 0.44184634039030096 0.7181074027756539 1.0 0.9 0.25 0.1 0.0 0.9 0.95 0.9 0.7 0.15 0.9 0.6 1.0 0.2 0.75 0.25 0.3 0.7 1.0 0.15 0.25 0.35 0.85 0.7 1.0 0.65 0.55 1.0 0.55 0.8 0.4 0.5 0.9 0.1 0.2 0.65 
-0.0035553517084554033 0.25522973010862793 0.49973220312802885 0.2 0.95 0.65 0.45 0.0 0.55 0.95 0.55 0.4 0.65 0.9 0.55 1.0 0.35 0.75 0.15 0.2 0.55 1.0 0.15 0.35 0.2 0.85 0.15 1.0 0.75 0.35 0.55 0.6 0.7 0.7 0.7 0.5 0.9 0.2 0.3 
-0.014066835855258298 0.41355451921711167 0.6703560798703051 1.0 0.9 0.25 0.95 0.0 0.45 0.95 0.9 0.75 0.15 0.9 0.6 1.0 0.2 0.75 0.25 0.5 0.7 1.0 0.15 0.65 0.35 0.85 0.7 1.0 0.65 0.55 0.9 0.55 0.8 0.4 0.5 0.9 0.1 0.8 0.85 
-0.0874000812095381 0.6120633572138428 0.3972135890202138 0.95 0.35 0.55 0.3 0.3 0.15 1.0 0.95 0.7 1.0 0.65 0.5 1.0 0.25 0.3 0.0 1.0 0.65 0.75 0.15 0.55 0.9 0.4 0.75 0.85 0.6 0.5 0.65 0.5 0.4 0.0 0.3 0.35 0.7 0.85 0.7 
-0.001077248200369688 0.28861125801252596 0.597464357134463 0.3 0.8 0.7 0.1 0.15 0.8 0.9 0.9 0.75 0.5 0.9 0.5 0.9 0.3 0.75 0.9 0.3 0.5 1.0 0.15 0.75 0.35 0.85 0.4 1.0 0.75 0.4 0.75 0.55 0.7 0.15 0.5 0.9 0.1 0.7 0.75 
-0.026623980813405366 0.608610287301416 0.3642084060081241 0.95 0.35 0.55 0.3 0.3 0.0 0.95 0.0 0.7 0.9 0.65 0.5 0.9 0.25 0.35 0.0 1.0 1.0 0.5 0.15 0.55 0.9 0.4 0.75 0.95 0.6 0.5 0.35 0.5 0.4 0.6 0.3 0.35 0.7 0.85 0.7 
-0.00818848465201419 0.2749620402000793 0.5826899698722823 0.55 0.9 0.25 0.1 0.4 0.2 1.0 0.9 0.75 0.15 0.9 0.5 0.9 0.15 0.5 0.25 0.3 0.5 1.0 0.15 0.75 0.35 0.85 0.7 1.0 0.7 0.4 0.65 0.55 0.7 0.15 0.5 0.9 0.1 0.2 0.75 
-0.07292221589300237 0.4078175027021345 0.7103796227751066 1.0 0.9 0.25 0.1 0.0 0.45 0.95 0.9 0.75 0.15 0.9 0.6 0.85 0.2 0.75 0.25 0.3 0.9 1.0 0.15 0.4 0.35 0.85 0.7 1.0 0.65 0.25 0.9 0.55 0.8 0.25 0.5 0.9 0.1 0.2 0.65 
-0.26020146291256757 0.6629182830609803 0.6483655023092185 0.05 0.5 0.35 0.9 0.65 0.1 0.8 0.3 0.15 0.85 0.2 0.8 0.85 0.7 0.8 1.0 0.05 0.9 0.8 0.05 0.2 0.65 0.65 0.4 0.95 0.7 0.2 1.0 0.75 0.2 0.35 0.65 0.1 0.6 0.55 0.65 
-0.06521273788435226 0.2663144894462962 0.5649746735079111 0.75 0.0 0.5 0.45 0.0 0.55 0.85 0.55 0.4 0.55 0.9 0.4 1.0 0.35 0.75 0.6 0.2 0.6 0.9 0.1 0.3 0.65 0.85 0.7 0.95 0.75 0.35 0.45 0.6 0.7 0.8 0.8 0.5 0.9 0.8 0.35 
-0.11700564397382766 0.2705050167165025 0.371071452227578 0.2 0.95 0.65 0.45 0.0 0.55 0.9 0.55 0.4 0.55 0.9 0.55 1.0 0.35 0.75 0.7 0.2 0.55 0.9 0.1 0.3 0.35 0.85 0.3 1.0 0.75 0.55 0.75 0.45 0.45 0.7 0.8 0.5 0.9 0.8 0.0 
-0.0060253425458374355 0.38543499824673 0.6880290884514209 1.0 0.9 0.25 0.1 0.0 0.45 0.7 0.9 0.75 0.15 0.9 0.5 0.95 0.2 0.75 0.25 0.3 0.7 1.0 0.15 0.4 0.35 0.85 0.7 1.0 0.65 0.35 0.75 0.55 0.8 0.4 0.5 0.9 0.1 0.2 0.65 
-0.46359896126726785 0.6493551978955052 0.6524040963637283 0.05 1.0 0.35 0.75 0.7 0.1 0.9 0.3 0.15 0.85 0.2 0.8 0.8 0.7 0.85 1.0 0.05 0.9 0.8 0.05 0.2 0.8 0.65 0.4 0.95 0.7 0.2 1.0 0.75 0.2 0.8 0.65 0.1 0.6 0.55 0.7 
-0.0899760399317557 0.3061595096181904 0.6188542441892925 0.9 0.9 0.25 0.1 0.0 0.2 1.0 0.9 0.75 0.15 0.9 0.5 0.9 0.15 0.6 0.25 0.3 0.65 1.0 0.15 0.75 0.35 0.85 0.7 1.0 0.7 0.4 0.65 0.55 0.7 0.8 0.5 0.9 0.1 1.0 0.75 
-0.0502041893011627 0.3132481580896368 0.6246749691033753 0.9 0.9 0.25 0.1 0.0 0.2 1.0 0.9 0.75 0.3 0.9 0.5 0.9 0.15 0.75 0.25 0.3 0.5 1.0 0.15 0.75 0.35 0.85 0.7 1.0 0.7 0.2 0.75 0.55 0.7 0.15 0.5 0.9 0.1 0.2 0.75 
-40.47023229210258 0.5594796750970563 0.7326756202768423 0.05 0.65 0.35 0.0 0.45 0.05 0.9 0.05 0.45 1.0 1.0 0.9 0.45 0.6 0.15 0.9 0.25 0.7 0.9 1.0 0.2 0.95 0.65 0.2 0.95 0.65 0.2 0.7 0.75 0.2 0.65 0.35 0.1 0.35 0.55 0.75 
-0.03388353495884541 0.3283390009137589 0.6083282963756889 0.9 0.9 0.7 0.1 0.0 0.8 1.0 0.9 0.75 0.15 0.9 0.5 0.9 0.3 0.75 0.9 0.3 0.5 1.0 0.15 0.75 0.35 0.85 0.4 0.95 0.75 0.4 0.75 0.55 0.7 0.15 0.5 0.9 0.1 0.7 0.75 
-0.2736258742925884 0.6706015159658247 0.5918816168881224 0.0 0.85 0.2 0.55 0.2 0.75 1.0 0.0 0.25 0.25 0.65 0.6 0.85 0.25 0.75 0.0 0.95 0.25 0.95 0.95 0.35 0.9 0.4 0.75 1.0 0.6 0.5 0.3 0.6 0.4 0.25 0.65 0.4 0.2 0.85 0.7 
-0.00209373691432883 0.3146661324464879 0.6462142656748495 0.6 0.9 0.25 0.95 0.75 0.45 0.95 0.9 0.75 0.15 0.9 0.65 1.0 0.2 0.75 0.25 0.5 0.7 1.0 0.5 0.65 0.35 0.85 0.7 1.0 0.65 0.4 0.4 0.55 0.8 0.4 0.5 0.9 0.1 0.8 0.85 
-0.03963432583103249 0.673124879850671 0.576734707544568 0.45 0.35 0.55 0.7 0.2 0.0 1.0 0.0 0.3 0.2 0.65 0.55 1.0 0.2 0.75 0.0 1.0 0.3 0.9 0.95 0.35 0.95 0.4 0.75 1.0 0.6 0.5 0.3 0.6 0.4 0.7 0.65 1.0 0.7 0.85 0.7 
-0.05319149918678901 0.24807232399256013 0.38609616713577627 0.2 0.95 0.65 0.45 0.0 0.55 0.9 0.55 0.4 0.55 0.9 0.55 1.0 0.35 0.75 0.7 0.2 0.6 0.9 0.1 0.3 0.35 0.85 0.3 1.0 0.75 0.55 0.4 0.45 0.45 0.7 0.8 0.5 0.9 0.8 0.0 
-59.16641867228203 0.5052829430188653 0.7160037835308235 0.05 0.65 0.35 0.0 0.45 0.05 0.9 0.05 0.45 1.0 0.05 0.9 0.45 0.6 0.15 0.9 0.25 0.7 0.9 1.0 0.2 0.95 0.65 0.2 0.95 0.65 0.2 0.7 0.75 0.2 0.65 0.35 0.1 0.35 0.55 0.75 
-0.025258482900394483 0.268144734191219 0.4033196175674672 0.2 0.95 0.65 0.45 0.0 0.55 0.95 0.55 0.4 0.7 0.9 0.55 1.0 0.35 0.75 0.65 0.2 0.55 1.0 0.1 0.35 0.35 0.9 0.5 1.0 0.75 0.35 0.85 0.6 0.45 0.7 0.7 0.5 0.9 0.2 0.3 
-0.030606314483953154 0.3450215568499918 0.6445482332411343 0.55 0.2 0.65 1.0 0.0 0.8 1.0 0.75 0.55 0.1 0.55 0.4 0.9 0.2 0.75 0.8 0.3 0.45 0.9 0.15 0.45 0.35 0.85 0.65 0.95 0.75 0.4 0.75 0.55 0.7 0.7 0.5 0.9 0.9 0.7 0.75 
-0.06321611975050337 0.2742070327291991 0.43071002699437844 0.2 0.95 0.65 0.45 0.0 0.55 0.95 0.55 0.4 0.7 0.9 0.55 1.0 0.35 0.75 0.65 0.2 0.55 1.0 0.1 0.35 0.35 0.9 0.65 1.0 0.75 0.35 0.85 0.6 0.45 0.7 0.7 0.5 0.9 0.2 0.3 
-4.751969402130272 0.3950835121339489 0.7311475084701533 0.7 0.9 0.25 0.1 0.0 0.45 0.95 0.9 0.8 0.15 0.9 0.6 1.0 0.3 0.75 0.25 0.45 0.7 1.0 0.15 0.25 0.5 0.85 0.7 1.0 0.65 0.55 0.9 0.55 0.8 0.25 0.5 0.9 0.1 0.2 0.65 
-84.504772355103 0.4554443002384409 0.698796947767495 0.05 0.65 0.45 0.75 0.9 0.45 0.15 0.85 0.05 0.8 0.35 1.0 0.75 0.25 0.45 0.9 0.95 1.0 0.9 1.0 0.1 0.9 0.65 0.4 1.0 0.7 0.25 1.0 0.8 0.2 0.65 0.05 0.5 0.65 0.55 0.2 
-0.04064750976470575 0.35150092051298715 0.3226826667926548 0.2 0.05 0.65 0.7 0.0 0.65 1.0 0.55 0.4 0.55 0.9 0.65 1.0 0.35 0.75 0.7 0.2 0.55 0.9 0.1 0.35 0.35 0.85 0.35 0.05 0.75 0.35 0.3 0.6 0.45 0.7 0.7 0.35 0.6 0.2 0.55 
-0.08482101245112883 0.27771524680904636 0.5979932656982985 0.9 0.9 0.7 0.5 0.95 0.8 1.0 0.9 0.75 1.0 0.9 0.5 0.95 0.3 0.75 0.9 0.3 0.5 1.0 0.15 0.75 0.35 0.85 0.4 1.0 0.75 0.4 0.5 0.55 0.7 0.15 0.5 0.8 0.1 0.7 0.75 
-0.06653584218597165 0.2674939882808637 0.5258332108527404 0.9 0.9 0.7 1.0 0.0 0.8 1.0 0.9 0.75 0.45 0.9 0.5 0.9 0.3 0.75 0.9 0.3 0.5 1.0 0.15 0.7 0.6 0.85 0.4 1.0 0.75 0.25 0.15 0.55 0.7 0.5 0.5 0.9 0.1 0.7 0.75 
-46.42721325818437 0.5427382256502353 0.7370195564652571 0.05 0.65 0.35 0.0 0.45 0.1 1.0 0.05 0.45 1.0 1.0 0.9 0.5 0.6 0.15 0.9 0.25 0.7 0.9 1.0 0.2 0.95 0.65 0.3 0.95 0.65 0.2 0.7 0.75 0.2 0.65 0.35 0.1 0.65 0.55 0.75 
-0.011409570081657978 0.2851044180515243 0.38311898233292757 0.45 0.35 0.65 0.45 0.0 0.6 0.9 0.55 0.4 0.55 0.9 0.55 1.0 0.35 0.75 0.7 0.2 0.55 1.0 0.1 0.3 0.35 0.85 0.3 0.5 0.75 0.55 0.25 0.45 0.45 0.7 0.8 0.5 0.9 0.8 0.0 
-102.94531774724416 0.5258020824036959 0.3158935115268894 0.2 0.65 0.2 0.65 0.0 0.15 1.0 0.15 0.15 0.4 0.9 0.25 1.0 0.35 0.75 0.8 0.2 0.55 0.8 0.4 0.65 0.35 0.85 0.4 1.0 0.65 0.25 0.55 0.6 0.55 0.85 0.5 0.55 0.9 0.2 0.85 
-0.0035823670734621373 0.3893352297600927 0.6733314916149515 1.0 0.9 0.25 0.1 0.0 0.45 1.0 0.9 0.75 0.15 0.9 0.5 0.9 0.2 0.75 0.25 0.3 0.7 1.0 0.15 0.75 0.35 0.85 0.7 1.0 0.65 0.65 0.9 0.55 0.75 0.25 0.5 0.9 0.1 0.2 0.65 
-0.20458215777938338 0.6761981677911408 0.5814984206464098 0.0 0.85 0.2 0.55 0.2 0.75 1.0 0.0 0.25 0.25 0.65 0.55 0.85 0.25 0.75 0.0 1.0 0.25 0.95 0.95 0.35 0.9 0.4 0.75 1.0 0.6 0.5 0.3 0.6 0.4 0.25 0.65 0.4 0.2 0.85 0.7 
-0.004704503441765937 0.3329462132616955 0.321332354001892 0.2 0.95 0.65 0.45 0.0 0.55 0.85 0.55 0.4 0.55 0.9 0.55 1.0 0.35 0.75 0.65 0.2 0.55 0.9 0.1 0.35 0.35 0.85 0.3 1.0 0.75 0.25 0.55 0.6 0.45 0.7 0.25 0.1 0.9 0.2 0.3 
-0.05478732627806997 0.46632877935416095 0.30591308483760393 0.8 0.0 0.65 0.7 0.0 0.55 1.0 0.55 0.4 0.55 0.9 0.65 1.0 0.35 0.75 0.7 0.2 0.6 0.55 0.1 0.35 0.2 0.85 0.35 0.9 0.7 0.5 0.55 0.6 0.45 0.7 0.7 0.5 0.9 0.2 0.55 
-0.003841214643603436 0.6486729392512111 0.38793005439049033 0.95 0.35 0.95 1.0 0.3 0.0 1.0 0.0 0.7 1.0 0.65 0.5 1.0 0.25 0.35 0.1 1.0 0.15 1.0 0.15 0.6 0.9 0.4 0.75 1.0 0.6 0.5 0.35 0.5 0.4 0.6 0.3 0.35 0.7 0.85 0.7 
-0.07835209083874564 0.6593848704922286 0.6072365354423317 0.0 0.85 0.05 0.05 0.2 0.75 1.0 0.0 0.25 0.3 0.65 0.55 0.85 0.25 0.75 0.0 1.0 0.25 0.95 0.95 0.35 0.9 0.4 0.75 1.0 0.6 0.5 0.3 0.6 0.4 0.25 0.65 0.4 0.2 0.85 0.7 
-0.04287094799280162 0.5875917852705272 0.37431987901868513 0.65 0.35 0.55 1.0 0.3 0.0 1.0 0.0 0.7 0.9 0.65 0.5 1.0 0.25 0.25 0.1 1.0 1.0 1.0 0.35 0.6 0.9 0.4 0.75 1.0 0.6 0.5 0.35 0.5 0.4 0.7 0.3 0.35 0.7 0.85 0.7 
-0.0290799706467261 0.26154597197190865 0.44670983249124113 0.9 0.9 0.7 1.0 0.0 0.8 1.0 0.9 0.75 0.45 0.9 0.5 0.9 0.3 0.75 0.9 0.3 0.5 1.0 0.15 0.7 0.6 0.85 0.4 1.0 0.75 0.4 0.15 0.95 0.45 0.5 0.15 0.9 0.1 0.7 0.75 
-0.053994846950104494 0.5432136717595045 0.36228635311371493 0.95 0.35 0.55 0.4 0.4 0.0 1.0 0.0 0.4 1.0 0.65 0.5 1.0 0.25 0.35 0.0 1.0 0.9 0.5 0.3 0.55 1.0 0.4 0.75 0.85 0.65 0.5 0.35 0.5 0.4 0.6 0.75 0.5 0.9 0.85 0.15 
-0.14693331177193225 0.287352365726248 0.33964039340809066 0.2 0.95 0.65 0.45 0.0 0.55 0.95 0.55 0.4 0.55 0.9 0.55 1.0 0.35 0.75 0.65 0.2 0.55 1.0 0.1 0.35 0.35 0.9 0.3 1.0 0.75 0.35 0.85 0.6 0.45 0.7 0.7 0.5 0.9 0.2 0.3 
-1.392697484886362 0.42508075975920745 0.7144827202032965 1.0 0.9 0.25 0.1 0.0 0.45 0.95 0.9 0.75 0.15 0.55 0.6 1.0 0.3 0.75 0.7 0.3 0.7 1.0 0.15 0.25 0.35 0.85 0.7 1.0 0.65 0.55 0.9 0.55 0.8 0.4 0.5 0.9 0.1 0.2 0.65 
-97.15435966952052 0.5354510093042999 0.32796417076982376 0.7 0.15 0.2 0.05 0.0 0.15 1.0 0.15 0.4 0.4 0.6 0.15 1.0 0.35 0.75 0.8 0.2 0.55 0.7 0.4 0.65 0.35 0.8 0.4 0.9 0.65 0.5 0.7 0.6 0.45 0.85 0.1 0.1 0.9 0.2 0.5 
-93.93970184785387 0.5530991659152122 0.3171496122535499 0.2 0.65 0.2 0.65 0.0 0.15 1.0 0.15 0.15 0.4 0.9 0.15 1.0 0.35 0.75 0.8 0.2 0.55 0.7 0.4 0.65 0.35 0.85 0.4 1.0 0.65 0.5 0.55 0.6 0.55 0.85 0.1 0.55 0.9 0.2 0.85 
-0.01970025514190484 0.24742240250095915 0.45976061741116114 0.2 0.0 0.65 0.1 0.7 0.55 0.85 0.6 0.4 0.6 0.9 0.35 1.0 0.35 0.75 0.6 0.2 0.6 0.9 0.1 0.3 0.35 0.85 0.7 1.0 0.75 0.25 0.55 0.6 0.6 0.7 0.8 0.15 0.9 0.8 0.0 
-0.02048511286253543 0.49897551934031026 0.3022995538290467 0.9 0.05 0.65 0.7 0.0 0.55 1.0 0.55 0.4 0.5 0.9 0.65 1.0 0.35 0.75 0.7 0.2 0.6 0.65 0.1 0.35 0.35 0.85 0.35 0.8 0.65 0.0 0.55 0.5 0.45 0.7 0.7 0.25 0.6 0.2 0.55 
-0.44557762453257094 0.3747602403970096 0.30352978168401035 0.2 0.95 0.65 0.45 0.0 0.55 0.95 0.55 0.4 0.55 0.9 0.55 1.0 0.35 0.75 0.65 0.2 0.55 0.65 0.1 0.35 0.35 0.85 0.3 1.0 0.75 0.35 0.55 0.6 0.45 0.7 0.7 0.5 0.9 0.2 0.3 
-0.34446417612730174 0.3544374841405559 0.2909494306131102 0.2 0.95 0.65 0.45 0.0 0.55 0.95 0.55 0.4 0.55 0.9 0.55 1.0 0.35 0.75 0.65 0.2 0.6 0.6 0.1 0.35 0.35 0.85 0.35 1.0 0.75 0.25 0.55 0.6 0.45 0.7 0.7 0.5 0.9 0.2 0.3 
-0.38888341316369557 0.6862504286032656 0.6229209552997215 0.05 0.5 0.35 0.9 0.65 0.1 0.9 0.3 0.15 0.85 0.2 0.8 0.85 0.7 0.8 1.0 0.05 0.9 0.8 0.05 0.2 0.65 0.65 0.4 0.95 0.7 0.2 1.0 0.75 0.2 0.35 0.65 0.1 0.6 0.55 0.65 
-0.015377660405664956 0.5702959074649376 0.358142072450091 0.95 0.35 0.55 0.3 0.3 0.15 1.0 0.0 0.7 1.0 0.65 0.5 1.0 0.25 0.25 0.0 1.0 1.0 0.7 0.15 0.25 0.9 0.4 0.75 0.85 0.6 0.5 0.35 0.5 0.4 0.1 0.3 0.35 0.7 0.85 0.55 
-0.008837720983926317 0.4890826684962285 0.2890399581429094 0.2 0.95 0.65 0.45 0.0 0.55 0.95 0.55 0.4 0.55 0.95 0.65 1.0 0.35 0.75 1.0 0.2 0.6 0.25 0.1 0.05 0.35 0.85 0.4 0.9 0.75 0.35 0.65 0.6 0.45 0.7 0.7 0.5 0.9 0.2 0.9 
-0.06267841476346304 0.413087689458885 0.28857378530752986 0.2 0.95 0.05 0.45 0.0 0.7 0.95 0.55 0.4 0.5 0.9 0.55 1.0 0.35 0.75 0.65 0.2 0.55 0.45 0.1 0.25 0.3 0.85 0.3 1.0 0.75 0.6 0.35 0.6 0.45 0.25 0.8 0.35 0.9 0.2 0.3 
-0.028724989987540885 0.36833320991466245 0.6787077272789805 1.0 0.9 0.25 0.85 0.0 0.45 0.95 0.9 0.75 0.15 0.9 0.6 1.0 0.2 0.75 0.25 0.3 0.7 1.0 0.15 0.25 0.35 0.85 0.7 0.8 0.65 0.55 0.9 0.55 0.8 0.4 0.5 0.9 0.1 0.2 0.65 
-0.0917651835072392 0.2496913141656601 0.44081997974360754 0.2 0.8 0.65 0.45 0.0 0.55 0.8 0.6 0.4 0.6 0.9 0.4 1.0 0.35 0.75 0.6 0.2 0.55 1.0 0.1 0.25 0.55 0.85 0.7 0.95 0.75 0.35 0.4 0.45 0.45 0.7 0.8 0.5 0.9 1.0 0.0 
-0.3989830522255587 0.3517565657409415 0.2890801444241564 0.2 0.95 0.65 0.45 0.0 0.55 0.95 0.55 0.4 0.55 0.9 0.55 1.0 0.35 0.75 0.65 0.2 0.55 1.0 0.1 0.35 0.35 0.0 0.3 1.0 0.75 0.35 0.85 0.6 0.45 0.7 0.7 0.5 0.9 0.2 0.3 
-0.002266117110766433 0.2480845877782621 0.5328684494748686 0.2 0.0 0.05 0.1 0.0 0.55 0.85 0.6 0.4 0.55 0.9 0.5 0.9 0.35 0.75 0.6 0.2 0.6 0.9 0.1 0.3 0.35 0.85 0.7 1.0 0.75 0.25 0.4 0.6 0.7 0.7 0.8 0.5 0.9 0.8 0.0 
-0.009674167290673481 0.35867784409206216 0.6535548169842962 0.9 0.0 0.0 1.0 0.0 0.8 0.8 1.0 0.75 0.45 0.9 0.4 1.0 0.3 0.65 0.9 0.3 0.5 1.0 0.15 0.7 0.35 0.85 0.25 1.0 0.75 0.4 0.9 0.55 0.7 0.5 0.75 0.05 0.4 0.15 0.55 
-0.08934727284642682 0.4156296533744518 0.2943110335015613 0.2 0.05 0.65 0.7 0.0 0.55 1.0 0.55 0.4 0.55 0.9 0.65 1.0 0.35 0.75 0.85 0.2 0.6 0.55 0.1 0.35 0.35 0.85 0.35 0.3 0.7 0.35 0.55 0.6 0.45 0.7 0.7 0.5 0.9 0.2 0.2 
-0.1535111621524919 0.26002839237548325 0.3682535039530117 0.2 0.95 0.7 0.45 0.0 0.55 0.9 0.55 0.4 0.55 0.9 0.55 1.0 0.35 0.75 0.75 0.2 0.6 0.9 0.1 0.3 0.35 0.85 0.3 1.0 0.75 0.55 0.3 0.45 0.45 0.7 0.8 0.35 0.9 0.7 0.0 
-17.858305130622476 0.6043970821190292 0.6935454940734107 0.05 0.45 0.9 0.6 0.45 0.4 0.8 0.3 0.35 0.8 0.2 0.85 0.85 0.1 0.8 0.8 0.95 0.9 0.9 1.0 0.2 0.6 0.7 0.3 1.0 0.7 0.2 0.8 0.75 0.2 0.45 0.25 0.6 1.0 0.0 0.9 
-0.11814632118604784 0.3875280326026534 0.29595816788028906 0.2 0.95 0.65 0.45 0.0 0.55 0.95 0.55 0.4 0.55 0.9 0.55 1.0 0.35 0.75 0.65 0.2 0.6 0.6 0.1 0.35 0.35 0.85 0.35 0.8 0.75 0.25 0.55 0.6 0.45 0.7 0.7 0.5 0.9 0.2 0.3 
-88.31615541828438 0.42248420912117435 0.7454199228403583 0.05 0.25 0.45 0.75 0.5 0.45 0.7 0.6 0.65 0.8 0.35 1.0 0.5 0.25 0.45 0.9 0.2 1.0 0.9 1.0 0.15 0.9 0.65 0.25 1.0 0.7 0.2 0.5 0.8 0.2 0.25 0.05 0.8 0.65 0.55 0.2 
-0.0031543942684294202 0.6729310288241576 0.5659270557818383 0.45 0.35 0.55 0.7 0.2 0.0 1.0 0.0 0.65 0.2 0.65 0.55 1.0 0.2 0.75 0.0 1.0 0.5 0.85 0.95 0.35 0.9 0.4 0.75 1.0 0.6 0.5 0.3 0.6 0.4 0.7 0.65 0.05 0.7 0.85 0.7 
-0.0005109155846378009 0.6946994388062311 0.5208244332509303 0.0 0.35 0.25 0.55 0.2 0.0 0.8 0.0 0.8 0.25 0.65 0.55 1.0 0.25 0.75 0.0 1.0 0.3 0.95 0.95 0.35 0.9 0.4 0.75 1.0 0.6 0.5 0.3 0.6 0.4 0.7 0.05 0.05 0.7 0.85 0.7 
-1.0495279731270706 0.5657798624357183 0.35002635188643805 0.95 0.35 0.55 0.3 0.3 0.15 1.0 0.0 0.7 1.0 0.65 0.5 1.0 0.25 0.25 0.0 1.0 1.0 0.7 0.15 0.3 0.9 0.4 0.75 0.85 0.6 0.5 0.35 0.5 0.4 0.1 0.3 0.35 0.7 0.85 0.55 
-0.0027913122355483233 0.2631393668354016 0.5538221755408321 0.2 0.0 0.65 0.1 0.0 0.55 0.85 0.6 0.4 0.55 0.9 0.35 1.0 0.2 0.75 0.6 0.2 0.6 0.9 0.1 0.3 0.35 0.85 0.7 1.0 0.75 0.25 0.4 0.6 0.7 0.7 0.8 0.15 0.9 0.8 0.0 
-0.0331539366911962 0.6993917083156419 0.5388174069599205 0.0 0.35 0.2 0.55 0.2 0.0 1.0 0.0 0.35 0.2 0.65 0.55 1.0 0.25 0.75 0.0 1.0 0.5 0.95 0.95 0.35 0.9 0.4 0.75 1.0 0.6 0.5 0.3 0.6 0.4 0.7 0.65 0.05 0.7 0.85 0.7 
-0.007063710133385081 0.37497150753926684 0.6999894648440146 1.0 0.9 0.25 0.1 0.0 0.45 0.95 0.9 0.75 0.2 0.9 0.6 0.85 0.2 0.75 0.25 0.3 0.7 1.0 0.15 0.4 0.35 0.85 0.7 1.0 0.65 0.55 0.9 0.55 0.8 0.25 0.5 0.9 0.1 0.2 0.65 
-0.4088442127683925 0.3053015452991391 0.30178911951277154 0.2 0.95 0.65 0.7 0.0 0.55 0.95 0.55 0.4 0.65 0.9 0.55 1.0 0.35 0.75 0.65 0.2 0.55 1.0 0.1 0.35 0.35 0.85 0.3 1.0 0.75 0.35 0.5 0.6 0.45 0.7 0.7 0.5 0.9 0.2 0.3 
-25.878789273059418 0.5734554153794468 0.7120880345375382 0.05 0.45 0.9 0.6 0.45 0.4 0.9 0.3 0.9 0.8 0.2 0.85 0.85 0.1 0.8 0.95 0.95 0.9 0.9 1.0 0.2 0.6 0.7 0.3 1.0 0.7 0.2 0.8 0.75 0.2 0.45 0.25 0.6 0.85 0.0 0.9 
-48.17472209072634 0.5209331338030093 0.7521702289192936 0.05 0.65 0.6 0.0 0.45 0.1 1.0 0.0 0.45 1.0 1.0 0.9 0.45 0.6 0.45 0.9 0.25 0.7 0.9 1.0 0.2 0.95 0.65 0.2 0.95 0.65 0.2 0.7 0.75 0.2 0.65 0.35 0.2 0.45 0.85 0.3 
-0.31084183360987927 0.2899097476166316 0.3210082269501112 0.2 0.95 0.65 0.7 0.0 0.55 0.95 0.55 0.4 0.55 0.9 0.55 1.0 0.35 0.75 0.65 0.2 0.55 1.0 0.1 0.3 0.35 0.85 0.3 1.0 0.75 0.65 0.65 0.6 0.45 0.7 0.7 0.5 0.9 0.2 0.8 
-0.16890967461486947 0.32610821135637946 0.30201742607155346 0.2 0.05 0.65 0.7 0.0 0.55 1.0 0.55 0.4 0.55 0.9 0.65 1.0 0.35 0.75 0.7 0.2 0.6 0.9 0.1 0.35 0.35 0.85 0.35 0.9 0.75 0.35 0.55 0.6 0.45 0.7 0.7 0.35 0.6 0.2 0.55 
-0.026166310468824786 0.27043506443537946 0.34761243447619006 0.2 0.05 0.65 0.7 0.0 0.65 1.0 0.55 0.4 0.55 0.9 0.65 1.0 0.35 0.75 0.7 0.2 0.55 0.9 0.1 0.35 0.35 0.85 0.35 0.8 0.75 0.35 0.3 0.6 0.45 0.7 0.7 0.35 0.6 0.2 0.55 
-75.88485056104906 0.3766604971174968 0.7309245376349787 0.05 0.2 0.1 0.75 0.9 0.45 0.5 0.55 0.3 1.0 0.35 1.0 0.35 0.5 0.1 0.9 0.25 1.0 0.9 1.0 0.2 0.9 0.55 0.05 0.9 0.7 0.2 0.7 0.4 0.15 0.65 0.65 0.5 0.0 0.55 0.3 
-0.0588499985411645 0.6677174119055064 0.39345838148307294 0.95 0.35 0.55 1.0 0.3 0.0 1.0 0.0 0.7 0.9 0.65 0.5 1.0 0.25 0.25 0.1 1.0 1.0 1.0 0.15 0.6 0.9 0.4 0.75 1.0 0.6 0.5 0.35 0.5 0.4 0.6 0.3 0.35 0.7 0.85 0.7 
-0.005979006289912849 0.33343446797768106 0.6636608846374359 0.6 0.9 0.25 0.95 0.0 0.45 0.95 0.95 0.75 0.15 0.9 0.25 1.0 0.2 0.75 0.25 0.5 0.7 1.0 0.5 0.65 0.35 0.85 0.7 1.0 0.7 0.6 0.45 0.55 0.8 0.4 0.5 0.9 0.1 0.8 0.85 
-48.53275950959347 0.5462161285947932 0.7552203461948759 0.05 0.65 0.6 0.0 0.45 0.1 1.0 0.05 0.45 1.0 1.0 0.9 0.45 0.6 0.2 0.9 0.25 0.7 0.9 1.0 0.2 0.95 0.65 0.2 0.95 0.65 0.2 0.7 0.75 0.2 0.65 0.35 0.2 0.45 0.55 0.75 
-0.4264727674642236 0.24826856450110346 0.4032289519231173 0.95 0.95 0.65 1.0 0.0 0.55 0.9 0.5 0.4 0.85 0.9 0.55 1.0 0.35 0.75 0.8 0.2 0.55 0.9 0.1 0.3 0.35 0.9 0.3 0.95 0.75 0.35 0.4 0.45 0.45 0.7 0.5 0.7 0.9 0.8 0.0 
-1.4232475143810404 0.27999404785521076 0.3042796663363134 0.2 0.95 0.65 0.7 0.0 0.55 0.95 0.55 0.4 0.55 0.9 0.55 1.0 0.35 0.75 0.65 0.2 0.55 1.0 0.1 0.3 0.35 0.85 0.3 1.0 0.75 0.4 0.65 0.6 0.45 0.7 0.7 0.5 0.9 0.2 0.3 
-0.1621875737754553 0.6996854699077805 0.50134140479054 0.45 0.35 0.55 0.7 0.2 0.0 1.0 0.0 0.65 0.2 0.65 0.55 1.0 0.2 0.75 0.0 1.0 0.5 0.85 0.95 0.35 0.9 0.4 0.75 1.0 0.6 0.5 0.9 0.6 0.4 0.7 0.65 0.05 0.7 0.85 0.7 
-0.5479853455313379 0.2318398336198771 0.5521560824317102 0.75 0.0 0.5 0.45 0.0 0.55 0.85 0.6 0.4 0.55 0.9 0.4 1.0 0.35 0.75 0.6 0.2 0.6 1.0 0.1 0.3 0.45 0.85 0.7 0.95 0.75 0.35 0.45 0.6 0.7 0.7 0.8 0.5 0.9 0.8 0.35 
-0.012394761108165812 0.23887321871997697 0.5261967254727619 0.75 0.0 0.5 0.45 0.0 0.55 0.85 0.6 0.4 0.55 0.9 0.4 1.0 0.35 0.75 0.6 0.2 0.6 0.9 0.1 0.3 0.45 0.85 0.7 0.95 0.75 0.35 0.45 0.65 0.7 0.7 0.8 0.5 0.9 0.8 0.35 
-81.76768678971699 0.41563540144308225 0.7553046543276274 0.05 0.25 0.45 0.75 0.5 0.45 0.6 0.6 0.65 0.8 0.35 1.0 0.5 0.25 0.45 0.9 0.2 1.0 0.9 0.05 0.15 0.9 0.65 0.25 1.0 0.7 0.2 0.5 0.8 0.2 0.25 0.5 0.8 0.65 0.55 0.2 
-0.34151597237897485 0.26211395606045895 0.5875019288528676 0.9 0.9 0.9 1.0 0.0 0.8 1.0 0.9 0.75 1.0 0.9 0.5 0.95 0.3 0.75 0.9 0.3 0.5 1.0 0.15 0.75 0.35 0.85 0.4 0.95 0.75 0.4 0.45 0.55 0.7 0.15 0.5 0.8 0.1 0.7 0.75 
-0.04200315759406975 0.6177513913417101 0.35278957304625913 0.95 0.35 0.55 1.0 0.3 0.0 0.95 0.0 0.7 0.9 0.65 0.5 1.0 0.25 0.35 0.1 1.0 1.0 0.5 0.15 0.55 0.9 0.4 0.75 0.95 0.6 0.5 0.35 0.5 0.4 0.6 0.3 0.35 0.7 0.85 0.7 
-0.03818109310733267 0.41898781011764213 0.27094276065212997 0.2 0.95 0.65 0.45 0.0 0.55 0.95 0.55 0.4 0.55 0.9 0.65 1.0 0.35 0.75 1.0 0.2 0.6 0.55 0.1 0.35 0.35 0.85 0.35 0.9 0.75 0.35 0.55 0.6 0.45 0.7 0.7 0.5 0.9 0.2 0.3 
-0.04747604266262969 0.23370298232362718 0.4981397866982242 0.2 0.0 0.65 0.1 0.0 0.55 0.85 0.6 0.4 0.55 0.9 0.35 1.0 0.35 0.75 0.6 0.2 0.6 0.9 0.1 0.3 0.35 0.85 0.7 1.0 0.75 0.25 0.4 0.6 0.7 0.7 0.8 0.15 0.9 0.8 0.0 
-0.10777284871492002 0.6242934163988317 0.3650268841696279 0.95 0.35 0.55 1.0 0.3 0.0 0.95 0.0 0.7 0.9 0.65 0.5 1.0 0.25 0.35 0.1 1.0 1.0 0.5 0.25 0.7 0.9 0.4 0.75 0.95 0.6 0.5 0.35 0.5 0.4 0.6 0.3 0.35 0.7 0.85 0.7 
-1.259471215703178 0.27733944119319065 0.3139268353787563 0.2 0.95 0.65 0.7 0.0 0.55 0.95 0.55 0.4 0.55 0.9 0.55 1.0 0.35 0.75 0.65 0.2 0.55 0.95 0.1 0.35 0.35 0.85 0.3 0.95 0.75 0.35 1.0 0.6 0.45 0.7 0.7 0.5 0.9 0.2 0.3 
-0.0372220078122041 0.23144719721143786 0.4690876039114499 0.2 0.0 0.65 0.1 0.7 0.55 0.85 0.6 0.4 0.6 0.9 0.35 1.0 0.35 0.75 0.6 0.2 0.6 0.9 0.1 0.3 0.35 0.85 0.7 1.0 0.75 0.25 0.8 0.6 0.65 0.7 0.8 0.15 0.9 0.8 0.5 
-0.3624117189742669 0.7012297776729443 0.5371837208020258 0.0 0.35 0.2 0.55 0.2 0.0 1.0 0.0 0.35 0.25 0.65 0.55 1.0 0.25 0.75 0.0 1.0 0.25 0.95 0.95 0.35 0.9 0.4 0.75 1.0 0.6 0.5 0.3 0.6 0.4 0.7 0.65 0.4 0.7 0.85 0.7 
-0.4616505282460835 0.23827040852879722 0.41795195349657277 0.45 0.95 0.65 0.45 0.0 0.6 0.9 0.55 0.4 0.55 0.9 0.55 0.95 0.35 0.75 0.7 0.2 0.55 1.0 0.1 0.3 0.35 0.85 0.3 1.0 0.75 0.55 0.25 0.45 0.45 0.7 0.8 0.5 0.9 0.8 0.0 
-96.15621754018945 0.5342883680524899 0.31245549909737336 0.2 0.65 0.2 0.65 0.0 0.15 1.0 0.15 0.15 0.45 0.9 0.2 1.0 0.35 0.75 0.8 0.2 0.55 0.7 0.4 0.55 0.35 0.85 0.4 1.0 0.65 0.5 0.55 0.6 0.55 0.85 0.75 0.55 0.4 0.2 0.85 
-75.18053177935926 0.3943830760471566 0.7410137203713645 0.05 0.25 0.45 0.75 0.9 0.45 0.2 0.6 0.15 0.8 0.35 1.0 0.5 0.2 0.45 0.9 0.2 1.0 0.9 1.0 0.15 0.9 0.65 0.1 1.0 0.7 0.2 0.7 0.8 0.2 0.65 0.05 0.8 0.65 0.55 0.2 
-91.17313635229644 0.5601207239953618 0.31226953409465097 0.2 0.65 0.2 0.65 0.0 0.15 1.0 0.15 0.15 0.4 0.9 0.15 1.0 0.35 0.75 0.8 0.2 0.55 0.7 0.4 0.65 0.35 0.85 0.4 1.0 0.65 0.15 0.55 0.6 0.55 0.85 0.5 0.55 0.9 0.2 0.85 
-1.7649296909025276 0.3898713753260408 0.2760113731447277 0.2 0.95 0.65 0.45 0.0 0.55 0.95 0.55 0.4 0.55 0.9 0.55 1.0 0.35 0.75 0.7 0.2 0.6 0.55 0.15 0.35 0.35 0.85 0.35 1.0 0.75 0.5 0.45 0.6 0.45 0.7 0.7 0.5 0.8 0.2 0.3 
-0.13426029654227792 0.44727714442905697 0.2821010722658738 0.8 0.0 0.65 0.7 0.0 0.55 1.0 0.55 0.4 0.55 0.9 0.65 1.0 0.35 0.75 0.7 0.2 0.6 0.7 0.1 0.35 0.2 0.85 0.35 0.9 0.7 0.5 0.55 0.6 0.45 0.7 0.7 0.5 0.9 0.2 0.55 
-0.08125733555779577 0.5881848600338307 0.34670710340692723 0.95 0.35 0.55 1.0 0.3 0.0 0.95 0.0 0.7 0.9 0.65 0.5 1.0 0.25 0.35 0.1 1.0 1.0 0.5 0.25 0.55 0.9 0.4 0.75 0.95 0.6 0.5 0.35 0.5 0.4 0.6 0.3 0.35 0.7 0.85 0.7 
-0.004199012688379364 0.340794183790774 0.6663846209570741 0.6 0.9 0.05 0.1 0.0 0.55 1.0 0.9 0.75 0.2 0.9 0.5 0.9 0.2 0.75 0.25 0.3 0.9 0.95 0.15 0.55 0.65 0.85 0.7 1.0 0.65 0.25 0.9 0.55 0.8 0.25 0.5 0.9 0.1 0.2 0.7 
-0.11970418059176396 0.46710815909248776 0.27080234172508233 0.2 0.95 0.65 0.45 0.0 0.55 0.95 0.55 0.4 0.55 0.9 0.65 1.0 0.35 0.75 0.85 0.2 0.6 0.55 0.1 0.35 0.35 0.85 0.4 0.9 0.75 0.35 0.55 0.6 0.45 0.7 0.7 0.5 0.9 0.2 0.3 
-0.7715906695555919 0.4193052987586195 0.26100662630376503 0.2 0.05 0.65 0.55 0.0 0.55 1.0 0.55 0.4 0.55 0.9 0.65 1.0 0.35 0.75 0.7 0.2 0.6 0.65 0.1 0.35 0.35 0.85 0.35 0.7 0.75 0.3 0.55 0.6 0.45 0.7 0.9 0.45 0.6 0.2 0.55 
-0.014248149087306233 0.3531143857313095 0.6903622868173501 0.6 0.9 0.25 0.1 0.0 0.45 1.0 0.95 0.75 0.2 0.9 0.5 0.9 0.2 0.75 0.3 0.3 0.7 0.95 0.15 0.75 0.35 0.85 0.7 1.0 0.65 0.35 0.9 0.55 0.8 0.25 0.5 0.9 0.1 0.2 0.1 
-2.581861866604087 0.36552271736710196 0.27046213870727953 0.2 0.95 0.65 0.45 0.0 0.55 0.95 0.55 0.4 0.55 0.9 0.55 1.0 0.35 0.75 0.65 0.2 0.6 0.55 0.1 0.35 0.35 0.85 0.35 1.0 0.75 0.35 0.55 0.6 0.5 0.7 0.7 0.5 0.9 0.2 0.3 
-0.01807578703844341 0.2699896944116007 0.6249548613657779 1.0 0.2 0.85 0.6 0.0 0.45 0.95 0.9 0.75 0.2 0.95 0.6 1.0 0.3 0.75 0.25 0.3 0.7 1.0 0.15 0.3 0.35 0.85 0.45 1.0 0.65 0.55 0.9 0.55 0.8 0.4 0.5 0.35 0.1 0.2 1.0 
-0.07215067164377469 0.2830628948376519 0.6267387481251245 0.9 0.9 0.25 0.1 0.0 0.2 1.0 0.9 0.75 0.15 0.9 0.5 0.9 0.15 0.6 0.25 0.3 0.95 1.0 0.15 0.5 0.35 0.85 0.7 1.0 0.7 0.4 0.75 0.55 0.7 0.15 0.5 0.9 0.1 0.2 0.75 
-91.3769545708725 0.4235639419185737 0.7677710037040333 0.05 0.25 0.45 0.75 0.9 0.45 0.65 0.6 0.15 0.8 0.35 1.0 0.5 0.25 0.45 0.9 0.2 1.0 0.9 1.0 0.15 0.9 0.65 0.25 1.0 0.7 0.2 0.7 0.8 0.2 0.65 0.05 0.8 0.65 0.55 0.2 
-0.8496401955611089 0.7043918830443642 0.5139899140317908 0.0 0.35 0.25 0.55 0.2 0.0 1.0 0.0 0.8 0.25 0.65 0.55 1.0 0.25 0.75 0.0 1.0 0.3 0.95 0.95 0.35 0.9 0.4 0.75 1.0 0.6 0.5 0.3 0.6 0.4 0.7 0.65 0.05 0.7 0.85 0.7 
-1.297150906995578 0.6716208516962733 0.4116217580313665 0.95 0.35 0.55 1.0 0.3 0.0 1.0 0.0 0.7 0.9 0.65 0.5 1.0 0.25 0.25 0.1 1.0 1.0 1.0 0.25 0.7 0.9 0.4 0.75 1.0 0.6 0.5 0.35 0.5 0.4 0.6 0.3 0.35 0.7 0.85 0.7 
-0.5759822628703813 0.3693814531319243 0.7137034497225225 1.0 0.9 0.25 0.1 0.0 0.45 0.95 0.9 0.75 0.15 0.9 0.6 1.0 0.2 0.75 0.25 0.3 0.7 1.0 0.15 0.25 0.35 0.85 0.7 1.0 0.65 0.55 0.9 0.55 0.8 0.4 0.5 0.9 0.1 0.2 0.65 
-0.06633754123774314 0.2594787129422339 0.5998706094689048 0.9 0.9 0.7 1.0 0.0 0.8 1.0 0.9 0.75 1.0 0.9 0.5 0.95 0.3 0.75 0.9 0.3 0.5 1.0 0.15 0.75 0.35 0.85 0.4 1.0 0.75 0.4 0.45 0.55 0.7 0.15 0.5 0.8 0.1 0.7 0.75 
-1.3894878490536768 0.6821821149491512 0.6384259361036417 0.05 0.3 0.35 0.9 0.65 0.1 0.9 0.3 0.15 0.85 0.2 0.8 0.85 0.7 0.8 1.0 0.05 0.9 0.8 0.05 0.2 0.65 0.65 0.4 0.95 0.7 0.2 1.0 0.75 0.15 0.35 0.65 0.1 0.6 0.55 0.65 
-1.242542123533288 0.2347303869754515 0.3861818785332931 0.45 0.95 0.65 0.45 0.0 0.6 0.9 0.55 0.4 0.55 0.9 0.55 1.0 0.35 0.75 0.85 0.2 0.55 1.0 0.1 0.3 0.35 0.85 0.3 1.0 0.75 0.55 0.25 0.45 0.45 0.6 0.8 0.5 0.7 0.8 0.0 
-0.36372983666483116 0.4088258196886718 0.25838308882423844 0.2 0.05 0.65 0.55 0.0 0.55 1.0 0.55 0.4 0.55 0.9 0.65 1.0 0.35 0.75 0.7 0.2 0.6 0.65 0.1 0.35 0.35 0.85 0.35 0.7 0.75 0.4 0.55 0.6 0.45 0.7 0.7 0.45 0.6 0.2 0.55 
-0.054076460144588605 0.42850785511825107 0.25040367560025767 0.2 0.05 0.65 0.7 0.0 0.55 1.0 0.55 0.4 0.55 0.9 0.65 1.0 0.35 0.75 0.7 0.2 0.6 0.65 0.1 0.35 0.35 0.85 0.35 0.7 0.75 0.35 0.55 0.6 0.45 0.7 0.7 0.25 0.6 0.2 0.55 
-0.23020538608876692 0.6912516039345858 0.5671036573174725 0.0 0.35 0.2 0.05 0.2 0.0 1.0 0.0 0.25 0.25 0.65 0.55 0.95 0.25 0.75 0.0 1.0 0.25 0.95 0.95 0.35 0.9 0.4 0.75 1.0 0.6 0.5 0.3 0.6 0.4 0.7 0.65 0.4 0.2 0.85 0.7 
-0.22741916458702688 0.6686737612092409 0.6536891661186773 0.05 0.5 0.35 0.0 0.65 0.1 0.9 0.3 0.15 0.85 0.2 0.8 0.7 0.7 0.8 0.95 0.05 0.9 0.8 0.05 0.2 0.65 0.65 0.4 0.95 0.7 0.2 1.0 0.8 0.2 0.35 0.65 0.1 0.6 0.55 0.65 
-0.25375275326689756 0.457130752697486 0.26062304445808193 0.2 0.95 0.65 0.45 0.0 0.55 0.95 0.55 0.4 0.55 0.95 0.65 1.0 0.35 0.75 1.0 0.2 0.6 0.55 0.1 0.35 0.35 0.85 0.4 0.9 0.75 0.35 0.55 0.6 0.45 0.7 0.7 0.5 0.9 0.2 0.3 
-19.432903013028326 0.6186644122997638 0.6924782832952046 0.05 0.45 0.9 0.6 0.45 0.4 0.9 0.3 0.5 0.8 0.2 0.85 0.85 0.1 0.8 0.8 0.95 0.9 0.9 1.0 0.2 0.6 0.7 0.3 1.0 0.7 0.2 0.8 0.75 0.2 0.45 0.25 0.6 0.85 0.0 0.9 
-0.1328443219847416 0.6509163909975011 0.6755305430702689 0.05 1.0 0.35 0.75 0.7 0.1 0.9 0.3 0.15 0.85 0.2 0.8 0.8 0.2 0.85 1.0 0.05 0.9 0.8 0.05 0.2 0.8 0.65 0.4 0.95 0.7 0.2 1.0 0.75 0.2 0.8 0.65 0.1 0.6 0.55 0.7 
-0.1491345923816429 0.7113483050044704 0.47296282939456613 0.25 0.35 0.55 0.55 0.2 0.0 0.9 0.0 0.75 0.2 0.65 0.15 1.0 0.25 0.7 0.0 0.75 1.0 0.95 0.95 0.35 0.9 0.4 0.75 1.0 0.6 0.5 0.75 0.6 0.5 0.7 0.0 0.05 0.7 0.6 0.7 
-2.144541316158199 0.48480490311088315 0.2610152513470565 0.8 0.0 0.65 0.7 0.0 0.55 1.0 0.55 0.4 0.55 0.9 0.65 1.0 0.35 0.75 0.7 0.2 0.6 0.55 0.1 0.35 0.35 0.85 0.35 0.9 0.7 0.5 0.55 0.6 0.45 0.7 0.7 0.5 0.9 0.2 0.55 
-0.9761957423104388 0.4922483853436039 0.2702840442822657 0.2 0.05 0.65 0.7 0.0 0.55 1.0 0.55 0.4 0.55 0.9 0.65 1.0 0.35 0.75 0.7 0.2 0.6 0.55 0.1 0.35 0.35 0.85 0.35 0.9 0.7 0.35 0.55 0.6 0.45 0.7 0.7 0.5 0.9 0.2 0.55 
-0.9793163259388925 0.6869892274171772 0.597975990102121 0.05 0.5 0.35 0.0 0.65 0.1 0.9 0.3 0.15 0.85 0.2 0.8 0.85 0.7 0.8 0.95 0.05 0.9 0.8 0.05 0.1 0.9 0.65 0.4 0.95 0.7 0.2 1.0 0.75 0.2 0.35 0.65 0.1 0.6 0.55 0.65 
-103.03265518225604 0.45714794612661414 0.7282669141703099 0.4 0.05 0.25 0.75 1.0 0.45 0.25 0.9 0.05 0.8 0.35 1.0 0.45 0.25 0.45 0.9 0.15 1.0 0.95 1.0 0.15 0.95 0.65 0.4 1.0 0.7 0.25 0.85 0.7 0.2 0.65 0.95 0.5 0.75 0.55 0.2 
-10.423538890344432 0.633443939131872 0.6829128040574183 0.05 0.5 1.0 0.75 0.45 0.1 0.85 0.1 0.1 0.65 1.0 0.85 0.7 0.45 0.15 1.0 0.25 0.7 1.0 1.0 0.2 0.8 0.65 0.8 0.95 0.7 0.2 0.95 0.75 0.2 0.65 0.65 0.1 0.6 0.3 0.55 
-0.42020302027962336 0.6531094713783634 0.38898122648641537 0.95 0.35 0.95 1.0 0.3 0.0 1.0 0.0 0.7 1.0 0.65 0.5 1.0 0.25 0.35 0.1 1.0 1.0 1.0 0.15 0.6 0.9 0.4 0.75 1.0 0.6 0.5 0.35 0.5 0.4 0.6 0.3 0.35 0.7 0.85 0.7 
-0.01924374970841949 0.3105170910205842 0.6518542431140742 0.6 0.9 0.25 0.95 0.0 0.45 0.95 0.9 0.75 0.15 0.9 0.25 1.0 0.2 0.75 0.25 0.5 0.7 1.0 0.5 0.65 0.35 0.85 0.7 1.0 0.65 0.6 0.45 0.55 0.8 0.4 0.5 0.9 0.1 0.8 0.85 
-0.07143130470168528 0.32003335965408375 0.66005106548722 0.6 0.9 0.25 0.95 0.0 0.45 0.95 0.9 0.75 0.15 0.9 0.25 0.95 0.2 0.75 0.25 0.5 0.7 1.0 0.5 0.65 0.35 0.85 0.7 1.0 0.65 0.6 0.9 0.55 0.8 0.4 0.5 0.9 0.1 0.8 0.85 
-77.54832086638125 0.35621478032267184 0.7604482247502868 0.05 0.2 0.1 0.75 0.9 0.45 0.5 0.55 0.7 0.8 0.35 1.0 0.35 0.5 0.15 0.9 0.25 1.0 0.9 1.0 0.2 0.9 0.55 0.05 0.9 0.7 0.2 0.7 0.4 0.15 0.65 0.65 0.5 0.0 0.55 0.3 
-1.1858740159665613 0.35832967508789737 0.7054191231859774 0.6 0.9 0.1 0.1 0.0 0.55 1.0 0.9 0.75 0.2 0.9 0.5 0.9 0.2 0.75 0.25 0.3 0.9 0.95 0.15 0.55 0.35 0.85 0.7 1.0 0.65 0.25 0.9 0.55 0.8 0.25 0.5 0.9 0.1 0.2 0.7 
-121.2497141469899 0.512784652138089 0.2913210870636397 0.2 0.65 0.95 0.65 0.0 0.15 0.1 0.15 0.15 0.45 0.9 0.55 1.0 0.35 0.75 0.95 0.2 0.55 0.7 0.4 0.65 0.35 0.85 0.4 0.75 0.65 0.25 0.75 0.6 0.55 0.85 0.5 0.55 0.9 0.2 0.35 
-88.96138735800949 0.3867440230632301 0.7579189101825523 0.05 0.25 0.45 0.75 0.4 0.45 0.2 0.6 0.15 0.8 0.35 1.0 0.35 0.9 0.45 0.9 0.2 1.0 0.9 1.0 0.15 0.9 0.65 0.25 1.0 0.7 0.2 0.7 0.8 0.2 0.65 0.05 0.8 0.65 0.55 0.2 
-0.1595641348365 0.705233057808206 0.43734260782289897 0.25 0.35 0.05 0.55 0.2 0.0 1.0 0.0 0.8 0.2 0.65 0.2 1.0 0.25 0.7 0.0 0.75 1.0 0.95 0.95 0.35 0.9 0.4 0.75 1.0 0.6 0.5 0.8 0.6 0.5 0.7 0.0 0.05 0.7 0.6 0.7 
-0.9380762117440405 0.7159421220614327 0.4488329524729868 0.25 0.35 0.55 0.55 0.2 0.0 1.0 0.0 0.75 0.2 0.65 0.15 1.0 0.25 0.7 0.0 0.75 1.0 0.95 0.95 0.35 0.9 0.4 0.75 1.0 0.6 0.5 0.8 0.6 0.5 0.7 0.0 0.05 0.7 0.6 0.7 
-1.562410018802533 0.3469818789853052 0.7379600743827269 1.0 0.9 0.35 0.1 0.0 0.25 0.95 0.9 0.75 0.15 0.9 0.6 1.0 0.3 0.75 0.35 0.3 0.7 1.0 0.15 0.25 0.35 0.85 0.7 1.0 0.65 0.4 0.9 0.55 0.8 0.4 0.5 0.9 0.1 0.2 0.65 
-45.34618288530431 0.5723968302791621 0.7473689113536487 0.05 0.65 0.6 0.0 0.45 0.1 1.0 0.05 0.45 1.0 1.0 0.9 0.65 0.6 0.2 0.9 0.25 0.7 0.9 1.0 0.2 0.95 0.65 0.2 0.95 0.65 0.2 0.7 0.75 0.2 0.65 0.35 0.2 0.45 0.55 0.75 
-117.29769075203868 0.531733881687641 0.2683787433170205 0.7 0.15 0.25 0.0 0.0 0.15 1.0 0.15 0.4 0.2 0.9 0.15 1.0 0.35 0.75 0.8 0.2 0.55 0.7 0.4 0.65 0.35 0.8 0.4 1.0 0.65 0.5 0.7 0.6 0.55 0.85 0.1 0.55 0.9 0.2 0.5 
-80.37855115997911 0.5806760244074244 0.34232651020647864 0.2 0.65 0.3 0.65 0.0 0.15 1.0 0.15 0.15 0.4 0.9 0.25 1.0 0.35 0.75 0.8 0.2 0.55 0.7 0.4 0.65 0.35 0.85 0.6 1.0 0.65 0.25 0.55 0.6 0.55 0.85 0.5 0.55 0.55 0.2 0.0 
-2.356279887707143 0.3460186954550341 0.7289820469338124 1.0 0.9 0.35 0.1 0.0 0.45 0.95 0.9 0.75 0.15 0.9 0.6 1.0 0.3 0.75 0.35 0.3 0.7 1.0 0.15 0.25 0.35 0.85 0.7 1.0 0.65 0.55 0.9 0.55 0.8 0.4 0.5 0.9 0.1 0.2 0.65 
-1.3508059708511735 0.2220834558474224 0.5242122101294379 0.75 0.0 0.5 0.45 0.0 0.55 0.85 0.6 0.35 0.55 0.9 0.4 1.0 0.35 0.75 0.6 0.2 0.6 0.9 0.1 0.3 0.45 0.85 0.7 0.95 0.75 0.35 0.45 0.6 0.7 0.7 0.8 0.5 0.1 0.8 0.35 
-0.5094368492709627 0.28152493434729775 0.6553233498114923 0.55 0.9 0.35 0.1 0.0 0.45 0.95 0.9 0.75 0.15 0.9 0.6 1.0 0.3 0.75 0.35 0.3 0.8 1.0 0.15 0.25 0.35 0.85 0.7 1.0 0.65 0.55 0.45 0.55 0.8 0.4 0.5 0.15 0.1 0.2 0.65 
-6.384751326045961 0.6400282624618485 0.3497198646738777 0.95 0.0 0.55 1.0 0.3 0.8 0.9 0.0 0.6 0.9 0.65 0.5 1.0 0.25 0.25 0.1 1.0 1.0 1.0 0.25 0.6 0.9 0.4 0.75 1.0 0.6 0.5 0.35 0.5 0.4 0.6 0.3 0.35 0.4 0.85 0.7 
-0.7242381713153168 0.3057191377366715 0.6940127259011473 1.0 0.9 0.85 0.1 0.0 0.45 0.95 0.9 0.75 0.15 0.95 0.6 1.0 0.3 0.75 0.25 0.3 0.7 1.0 0.15 0.25 0.35 0.85 0.7 0.85 0.65 0.55 0.9 0.55 0.8 0.85 0.5 0.9 0.1 0.2 0.65 
-0.5900570713501999 0.3122855451567421 0.7153402962884401 1.0 0.9 0.25 0.1 0.0 0.45 0.95 0.9 0.75 0.15 0.9 0.6 1.0 0.3 0.75 0.25 0.3 0.7 0.9 0.15 0.2 0.35 0.85 0.7 1.0 0.65 0.55 0.9 0.55 0.8 0.4 0.5 0.9 0.1 0.2 0.65 
-102.38118714047664 0.5501681760950174 0.28863212566593177 0.2 0.65 0.2 0.65 0.0 0.15 1.0 0.15 0.15 0.4 0.9 0.25 1.0 0.35 0.75 0.8 0.2 0.55 0.7 0.4 0.65 0.35 0.85 0.4 1.0 0.65 0.25 0.55 0.6 0.55 0.85 0.5 0.55 0.9 0.2 0.85 
-1.3018332066505762 0.29394714327229876 0.6801826154370575 1.0 0.9 0.85 0.1 0.0 0.45 0.95 0.9 0.75 0.15 0.95 0.6 1.0 0.3 0.75 0.25 0.3 0.75 1.0 0.15 0.25 0.35 0.85 0.7 0.85 0.65 0.55 0.9 0.55 0.8 0.85 0.5 0.9 0.1 0.2 0.65 
-176.73177730746596 0.5239352257951222 0.259110349517217 0.2 0.05 0.65 0.7 0.0 0.55 1.0 0.55 0.4 0.35 0.9 0.65 1.0 0.35 0.75 0.7 0.2 0.6 0.55 0.1 0.35 0.35 0.85 0.35 0.9 0.7 0.35 0.55 0.6 0.45 0.7 0.7 0.5 0.9 0.2 0.55 
-102.32106639467533 0.5739083985744605 0.2797341612269615 0.2 0.65 0.2 0.65 0.0 0.15 1.0 0.15 0.1 0.4 0.9 0.25 1.0 0.35 0.75 0.9 0.2 0.55 0.7 0.4 0.65 0.35 0.85 0.4 0.7 0.65 0.25 0.55 0.6 0.55 0.85 0.5 0.55 0.9 0.2 0.85 
-95.29534823068424 0.5676300660205439 0.2888458784396374 0.7 0.15 0.2 0.0 0.0 0.15 1.0 0.15 0.4 0.4 0.9 0.15 1.0 0.35 0.75 0.8 0.2 0.55 0.7 0.4 0.65 0.35 0.8 0.4 0.9 0.65 0.35 0.7 0.6 0.45 0.85 0.1 0.1 0.9 0.2 0.5 
-95.34929334010131 0.6212912506712699 0.3230670122003634 0.2 0.15 0.2 0.65 0.0 0.15 1.0 0.15 0.4 0.4 0.9 0.15 1.0 0.35 0.75 0.8 0.2 0.55 0.65 0.4 0.65 0.35 0.85 0.4 1.0 0.65 0.1 0.55 0.6 0.55 0.85 0.1 0.55 0.9 0.2 0.0 
-75.95678491489747 0.34781444529888894 0.770332225863027 0.05 0.2 0.1 0.75 0.9 0.45 0.5 0.05 0.7 0.8 0.35 1.0 0.35 0.5 0.15 0.9 0.25 1.0 0.9 1.0 0.2 0.9 0.55 0.05 0.9 0.7 0.2 0.7 0.4 0.15 0.65 0.65 0.5 0.0 0.55 0.3 
-93.5075753259461 0.6449041739939253 0.2937123381779625 0.7 0.15 0.2 0.0 0.0 0.15 1.0 0.15 0.4 0.4 0.9 0.15 1.0 0.35 0.75 0.9 0.2 0.55 0.7 0.4 0.65 0.35 0.85 0.4 1.0 0.65 0.5 0.7 0.6 0.55 0.85 0.1 0.55 0.9 0.2 0.85 
-84.32364461218202 0.5990447185303399 0.2928376360987306 0.85 0.15 0.2 0.3 0.0 0.85 1.0 0.15 0.4 0.4 0.9 0.15 1.0 0.35 0.7 0.95 0.2 0.55 0.7 0.4 0.65 0.35 0.8 0.4 0.9 0.65 0.3 0.7 0.6 0.55 0.85 0.1 0.55 0.9 0.2 0.5 
-6.86194336445896 0.25873161047588267 0.6444557307806229 1.0 0.9 0.85 0.1 0.0 0.45 0.95 0.9 0.75 0.55 0.95 0.6 1.0 0.3 0.75 0.25 0.3 0.5 1.0 0.15 0.25 0.35 0.85 0.7 0.8 0.65 0.45 0.9 0.55 0.8 0.4 0.5 0.9 0.1 0.2 0.65 
-3.9788564812662726 0.23484504960776975 0.5714355304037387 0.75 0.85 0.5 0.45 0.0 0.55 0.85 0.6 0.35 0.55 0.9 0.4 1.0 0.35 0.75 0.6 0.2 0.6 0.9 0.1 0.3 0.45 0.85 0.7 0.95 0.75 0.35 0.55 0.6 0.7 0.7 0.8 0.5 0.1 0.8 0.35 
-88.11997169848146 0.6014108634577005 0.32211603993119353 0.85 0.15 0.2 0.45 0.0 0.85 1.0 0.15 0.4 0.4 0.9 0.15 1.0 0.35 0.7 0.95 0.2 0.55 0.65 0.4 0.65 0.35 0.8 0.35 0.9 0.65 0.5 0.7 0.6 0.55 0.85 0.1 0.55 0.9 0.2 1.0 
-8.904042039299746 0.2666389213161612 0.676993375020866 1.0 0.9 0.85 0.1 0.0 0.45 0.95 0.9 0.75 0.15 0.95 0.6 1.0 0.3 0.75 0.25 0.3 0.5 1.0 0.15 0.25 0.35 0.85 0.7 0.85 0.65 0.55 0.9 0.55 0.8 0.85 0.5 0.9 0.1 0.2 0.65 
-100.42644914674446 0.6121980338797972 0.25327344531481744 0.7 0.15 0.2 0.0 0.0 0.15 1.0 0.15 0.4 0.4 0.9 0.15 1.0 0.35 0.75 0.8 0.2 0.55 0.7 0.4 0.65 0.35 0.8 0.4 0.9 0.65 0.5 0.7 0.6 0.55 0.85 0.1 0.55 0.9 0.2 0.5 
-111.2457044288791 0.5508106014594042 0.2676502806190648 0.7 0.15 0.2 0.0 0.0 0.15 1.0 0.15 0.4 0.2 0.9 0.15 1.0 0.35 0.75 0.8 0.2 0.55 0.7 0.4 0.65 0.35 0.8 0.4 0.9 0.65 0.5 0.7 0.6 0.55 0.85 0.1 0.55 0.9 0.2 0.5 
-9.753363903663686 0.24743861671133 0.6396569487744953 1.0 0.9 0.85 0.6 0.0 0.45 0.95 0.9 0.75 0.95 0.95 0.6 1.0 0.3 0.75 0.25 0.3 0.7 1.0 0.15 0.25 0.35 0.85 0.7 1.0 0.65 0.55 0.9 0.55 0.8 0.4 0.5 0.9 0.1 0.2 0.65 
-98.8879929146241 0.569830616551373 0.27643468896661993 0.7 0.15 0.2 0.0 0.0 0.05 0.8 0.15 0.4 0.4 0.9 0.15 1.0 0.35 0.75 0.8 0.2 0.55 0.7 0.4 0.65 0.35 0.8 0.4 0.9 0.65 0.5 0.7 0.6 0.45 0.85 0.1 0.1 0.9 0.2 0.5 
-94.98504847906705 0.5991874457282512 0.23421800466847104 0.85 0.15 0.2 0.3 0.0 0.85 1.0 0.15 0.4 0.4 0.9 0.15 1.0 0.35 0.7 0.95 0.25 0.55 0.7 0.4 0.65 0.35 0.8 0.4 0.9 0.65 0.3 0.7 0.6 0.55 0.85 1.0 0.55 0.8 0.2 0.5 
-92.73569933377239 0.6161717194331011 0.27737206403422765 0.85 0.15 0.2 0.45 0.0 0.85 1.0 0.15 0.4 0.3 0.9 0.15 1.0 0.35 0.7 0.95 0.2 0.55 0.65 0.4 0.65 0.35 0.8 0.35 0.9 0.65 0.5 0.85 0.6 0.55 0.85 0.1 0.55 0.85 0.2 1.0 
-0.7686071951631976 0.3337278889976707 0.7566449157348132 0.55 0.9 0.35 0.1 0.0 0.45 0.95 0.9 0.75 0.15 0.9 0.6 1.0 0.3 0.75 0.35 0.3 0.8 1.0 0.15 0.25 0.35 0.85 0.7 1.0 0.65 0.55 0.9 0.55 0.8 0.4 0.5 0.15 0.1 0.2 0.65 
-117.14833877689387 0.5622681742827526 0.25629472626161487 0.7 0.15 0.4 0.0 0.0 0.15 1.0 0.15 0.4 0.2 0.9 0.15 1.0 0.35 0.85 0.8 0.2 0.55 0.7 0.4 0.65 0.35 0.8 0.4 1.0 0.65 0.5 0.7 0.6 0.55 0.05 0.1 0.55 0.9 0.2 0.5 
-120.28999212632549 0.6017271606057609 0.2760435883206501 0.7 0.15 0.2 0.0 0.0 0.15 1.0 0.15 0.4 0.2 0.9 0.15 1.0 0.35 0.75 0.8 0.2 0.55 0.7 0.4 0.65 0.35 0.8 0.4 0.55 0.65 0.5 0.7 0.6 0.55 0.85 0.1 0.55 0.9 0.2 0.5 
