-0.0014770047193488408 0.47457490841057404 0.510602793529893 0.45 0.55 0.7 0.2 0.75 0.15 0.2 0.85 0.2 0.4 0.55 0.65 0.95 0.0 0.25 0.9 0.1 0.45 0.95 0.75 0.2 0.1 0.6 0.0 0.75 0.5 0.2 0.0 0.9 0.25 0.35 0.6 0.1 0.55 0.05 0.75 
-0.004657502080522567 0.5204602409858518 0.4613326481541644 0.15 0.55 0.6 0.55 0.05 0.75 1.0 0.15 0.4 0.25 0.45 0.1 0.2 0.85 0.5 0.7 0.55 0.7 0.4 0.4 0.6 0.0 0.0 0.9 0.6 0.75 0.9 0.3 0.2 0.85 0.2 0.85 0.25 0.55 0.75 0.35 
-0.015637089976557113 0.5012933729557703 0.5036669555689417 0.45 0.8 0.5 0.3 0.5 0.5 1.0 0.95 0.35 0.55 0.3 0.5 0.95 0.3 0.8 0.6 0.8 0.75 0.95 0.25 0.35 0.75 0.6 0.6 1.0 0.35 0.15 0.9 0.95 0.6 0.05 0.85 0.6 0.85 0.55 0.75 
-0.009392614837409363 0.48006172731437363 0.5351754928465398 0.5 0.55 0.85 0.55 0.95 0.0 0.95 0.15 0.6 0.25 0.75 0.3 0.95 0.45 0.35 0.7 1.0 0.1 0.85 0.6 0.5 0.05 0.4 1.0 1.0 0.3 0.65 0.45 0.8 0.4 0.15 0.15 0.65 0.05 0.5 0.0 
-0.003104890930099398 0.48020397714232343 0.4877123434860937 0.9 0.15 0.7 0.4 0.9 0.15 1.0 0.45 0.65 0.6 0.15 0.35 0.8 0.45 0.3 0.9 1.0 0.6 0.0 0.85 0.45 0.05 0.35 0.85 0.05 0.55 0.9 0.65 0.5 0.7 0.15 0.15 0.3 0.3 0.15 0.3 
-0.006782810580136233 0.46496931409689446 0.4710364283075091 0.05 0.4 0.85 0.0 0.95 0.8 0.25 0.4 0.8 0.85 0.0 0.9 0.75 0.2 0.6 0.15 0.5 0.25 0.2 0.65 1.0 0.85 0.0 0.5 0.85 0.8 1.0 0.7 0.75 0.85 0.0 0.8 0.55 0.3 0.95 0.6 
-0.0006905904764934873 0.5638930454707797 0.49355720446441703 0.45 0.65 0.85 0.35 0.7 0.7 1.0 0.45 0.7 1.0 0.8 0.45 0.4 0.3 0.6 0.45 0.25 0.25 0.75 0.25 0.4 0.75 0.45 0.5 1.0 0.35 0.95 0.75 0.95 0.7 0.1 0.85 0.6 0.45 0.55 0.45 
-0.0008765627957608837 0.4278891512363002 0.4980986457950625 0.95 0.55 0.9 0.4 0.6 0.0 0.75 0.15 0.6 0.2 0.7 0.3 0.9 0.45 0.25 0.7 1.0 0.7 0.2 0.6 0.5 0.75 0.4 0.1 1.0 0.3 0.4 0.95 0.95 0.35 0.15 0.15 0.2 0.5 0.0 0.15 
-0.026844577924546306 0.5131640862762675 0.5005623286120365 0.75 0.85 0.0 0.4 0.75 0.3 0.4 0.2 0.75 0.6 0.4 0.05 0.65 0.45 0.4 0.9 0.8 0.95 0.9 0.1 0.8 0.2 0.05 0.35 1.0 0.95 0.8 0.85 0.45 0.25 0.4 0.3 0.2 0.95 0.3 0.95 
-0.004335228110464079 0.41291955849616435 0.4707855484826919 0.8 0.55 0.85 0.75 0.25 0.9 0.45 0.75 0.95 0.85 1.0 0.65 0.95 0.1 0.35 0.0 0.25 0.05 0.4 0.6 0.1 0.8 0.15 0.85 0.9 0.1 0.15 0.9 0.95 0.75 0.7 0.65 0.1 0.65 0.85 0.65 
-0.001250046204986569 0.5369993432337092 0.482923993833632 0.3 0.3 0.4 0.55 0.85 0.0 1.0 0.5 0.3 0.35 0.25 0.45 0.85 0.85 0.8 0.2 0.55 0.95 0.0 0.05 0.55 0.85 0.5 0.2 1.0 0.95 0.05 0.3 0.5 0.15 0.65 1.0 0.55 0.3 0.95 0.5 
-0.016512486752166804 0.43986385220448465 0.5134241353851884 0.9 0.15 0.4 0.4 0.9 0.95 1.0 1.0 0.05 0.25 0.15 0.4 1.0 0.45 0.2 0.85 1.0 0.7 1.0 0.05 0.45 0.05 0.4 0.45 0.55 0.7 0.55 0.25 0.5 0.7 0.15 1.0 0.65 0.5 0.95 0.7 
-0.018150232093529575 0.49286584117930077 0.46408252402676214 0.8 0.3 0.05 0.0 0.9 0.1 0.35 0.65 0.45 0.95 0.9 0.8 1.0 0.4 0.75 0.5 0.95 0.3 0.2 0.55 0.15 0.9 0.8 0.7 0.7 0.85 0.25 0.75 1.0 0.3 0.2 0.75 0.15 0.0 1.0 0.35 
-0.010224732069389012 0.5402855095931179 0.5171611105233126 0.45 0.65 0.85 0.35 0.7 0.7 1.0 0.45 0.6 1.0 0.8 0.45 0.4 0.3 0.6 0.45 0.25 0.25 0.75 0.25 0.4 0.75 0.45 0.5 1.0 0.35 0.95 0.75 0.95 0.7 0.1 0.85 0.6 0.45 0.55 0.45 
-0.02370279167222082 0.4102527768135891 0.46184971791111595 0.1 0.4 0.9 0.15 0.35 0.7 0.95 0.15 0.65 0.5 0.45 0.8 0.85 0.45 0.3 0.25 1.0 0.75 0.75 0.1 0.2 0.3 0.2 0.7 1.0 0.2 0.4 0.2 1.0 0.4 0.9 0.85 0.25 0.15 0.5 0.4 
-0.01179340245124492 0.4157506380800847 0.49864845450487305 0.1 0.4 0.9 0.15 0.85 0.0 0.95 0.45 0.65 0.5 0.45 0.8 0.85 0.45 0.3 0.85 1.0 0.45 0.75 0.1 0.05 0.3 0.2 0.15 1.0 0.2 0.4 0.5 1.0 0.4 0.9 0.85 0.9 0.15 0.5 0.4 
-0.0036969590800999415 0.5249795554595317 0.5163419111504484 0.55 0.75 0.7 0.35 0.15 0.85 0.2 0.8 0.7 0.55 0.3 0.5 0.9 0.3 0.6 1.0 0.25 0.15 0.95 0.25 0.4 0.2 0.45 0.6 1.0 0.4 0.15 0.5 0.95 0.7 0.45 0.55 0.6 0.55 0.05 0.85 
-0.00951318630206445 0.4822442264163115 0.47281728974363735 0.45 0.55 0.7 0.65 0.45 0.15 0.0 0.8 0.1 1.0 0.2 0.65 1.0 0.0 0.5 0.9 0.1 0.45 0.7 1.0 0.2 0.4 0.3 0.8 0.75 0.35 0.1 0.85 0.85 0.25 0.35 0.25 0.9 0.7 0.05 0.2 
-0.013774678338350204 0.4667367379556427 0.5201295545681068 0.45 0.55 0.7 0.2 0.75 0.15 0.2 0.85 0.2 0.4 0.55 0.65 1.0 0.0 0.25 0.9 0.1 0.45 0.95 0.75 0.2 0.1 0.6 0.0 0.75 0.95 0.2 0.0 0.9 0.25 0.35 0.6 0.1 0.55 0.05 0.75 
-0.026130196417232302 0.486633459740054 0.4478289159086486 0.8 0.3 0.05 0.0 0.9 0.1 0.35 0.65 0.45 0.95 0.9 0.25 1.0 0.4 0.75 0.85 0.95 0.3 0.2 0.55 0.15 0.9 0.8 0.7 0.7 0.85 0.25 0.75 1.0 0.3 0.2 0.75 0.15 0.0 1.0 0.35 
-0.00445779749171958 0.4917318932198477 0.56896266637207 0.45 0.3 0.7 0.2 0.75 0.5 0.25 0.85 0.2 0.4 0.2 0.65 1.0 0.0 0.5 0.9 0.1 0.7 0.95 0.75 0.2 0.1 0.3 0.55 0.75 0.95 0.1 0.9 0.85 0.1 0.35 0.6 0.4 0.7 0.3 0.65 
-0.010533916351066567 0.45141449252528143 0.5372946638834785 0.45 0.55 0.7 0.3 0.75 0.15 0.2 0.85 0.2 0.4 0.85 0.65 1.0 0.0 0.25 0.9 0.1 0.45 0.95 0.75 0.2 0.1 0.6 0.0 0.75 0.7 0.2 0.0 0.9 0.25 0.35 0.6 0.1 0.55 0.05 0.75 
-0.00472741005855238 0.5587316799561552 0.4638432587590601 0.45 0.0 0.85 0.35 0.7 0.7 1.0 0.65 0.7 1.0 0.3 0.45 0.0 0.3 0.3 1.0 0.25 0.25 0.75 0.25 0.0 0.75 0.45 0.5 0.85 0.35 0.15 0.75 0.95 0.9 0.1 0.85 0.6 0.45 0.55 0.45 
-0.01224046221313964 0.5362533540407961 0.5672538975990252 0.45 0.75 0.7 0.75 0.15 0.9 0.2 0.8 0.7 0.55 0.3 0.5 0.9 0.3 0.4 1.0 0.7 0.95 0.1 0.25 0.4 0.75 0.45 0.6 1.0 0.4 0.15 0.5 0.95 0.7 0.45 0.55 0.6 0.55 0.05 0.85 
-0.055736017093161054 0.5246559126570871 0.5414974338784778 0.4 0.4 1.0 0.2 0.45 0.9 0.25 0.1 0.05 0.25 0.75 0.95 0.15 0.95 0.45 0.4 0.0 0.95 0.95 0.9 0.95 0.4 0.15 0.65 1.0 0.6 0.6 1.0 0.85 0.75 0.75 0.0 0.85 0.55 0.55 0.8 
-0.11690364140766034 0.5039009154801318 0.5467721423764615 0.4 0.75 0.85 0.35 0.15 0.85 1.0 0.3 0.7 1.0 0.3 0.4 0.9 0.4 0.6 0.65 0.25 0.8 0.95 0.25 0.2 0.75 0.75 0.6 1.0 0.35 0.15 0.85 0.95 0.7 0.45 0.85 0.6 0.55 0.55 0.85 
-0.02716507841391426 0.46673518823249815 0.5445124506194616 0.45 0.0 0.7 0.65 0.75 0.5 0.8 0.5 0.25 0.4 0.2 0.85 0.3 0.9 0.5 0.9 0.1 0.45 0.95 0.75 0.2 0.1 1.0 0.2 0.05 0.3 0.1 0.9 0.85 0.25 0.35 0.25 0.05 0.7 0.05 0.2 
-0.0005313689913798703 0.50887711161177 0.44907966648328895 0.45 0.75 0.85 0.35 0.5 0.7 0.95 0.05 0.7 1.0 0.7 0.5 0.9 0.3 0.6 0.65 0.3 0.95 0.6 0.6 0.4 0.7 0.45 0.6 0.3 0.8 0.15 0.5 0.95 0.7 0.45 0.85 0.6 0.55 0.55 0.45 
-0.006289345632598066 0.42589508377185015 0.5195416264246447 0.1 0.4 0.9 0.15 0.85 0.0 0.95 0.1 0.65 0.5 0.45 0.8 0.85 0.45 0.3 0.7 1.0 0.45 0.75 0.1 0.05 0.3 0.2 0.15 1.0 0.2 0.4 0.5 1.0 0.4 0.9 0.85 0.25 0.15 0.5 0.4 
-0.0005112436231071697 0.5612382467663224 0.4620935806321261 0.3 1.0 0.85 0.35 0.7 0.7 1.0 0.65 0.7 1.0 0.3 0.5 1.0 0.3 1.0 0.95 0.3 0.85 0.9 0.25 0.8 0.75 0.45 0.55 0.05 0.35 0.35 0.75 0.95 0.7 0.1 0.9 0.6 0.55 0.75 0.45 
-0.011348721170537346 0.44310279137273256 0.5757739149015679 0.1 0.0 0.2 0.8 0.15 0.6 0.95 0.85 0.6 0.85 0.1 0.2 1.0 0.35 0.55 0.3 0.1 0.25 1.0 0.6 0.6 0.05 0.8 0.45 0.85 0.45 0.3 0.9 0.25 0.7 0.25 0.35 1.0 0.35 0.25 0.85 
-0.02492001491237287 0.5741899917232108 0.5209029552523987 0.45 0.75 0.85 0.45 0.0 0.7 1.0 0.65 0.25 1.0 0.5 0.5 0.95 0.3 0.95 0.8 0.7 0.8 0.95 0.05 0.7 1.0 0.25 0.55 1.0 0.35 0.15 0.4 0.95 0.8 0.45 0.2 0.6 0.55 0.6 0.45 
-0.0018162147597700629 0.4063597053833788 0.514110574820503 0.5 1.0 0.9 0.55 0.85 0.0 0.55 0.55 0.55 0.25 0.05 1.0 0.85 0.45 0.3 0.7 1.0 0.65 0.35 0.05 0.45 0.25 0.4 1.0 1.0 0.2 0.65 0.5 0.85 0.4 0.15 0.0 0.65 0.5 0.9 0.4 
-0.0038486042095317407 0.43779961197174233 0.5576432145246182 0.85 0.65 0.9 0.4 0.6 0.0 0.2 0.15 0.1 0.2 0.55 0.3 0.9 0.45 0.05 0.7 1.0 0.7 0.25 0.6 0.5 0.05 0.4 0.1 1.0 0.3 0.4 1.0 0.95 0.55 0.0 0.15 0.2 0.5 0.0 0.0 
-0.008226092341072588 0.508047823031645 0.45541184337415697 0.9 0.75 0.15 1.0 0.15 0.7 1.0 0.05 0.7 1.0 0.7 0.6 0.95 0.3 0.3 0.75 0.25 0.95 0.9 0.25 0.4 0.9 0.95 0.55 0.6 0.45 0.15 0.65 0.7 0.75 0.45 0.85 0.6 0.9 0.15 0.45 
-0.004040820293439524 0.4605202903903349 0.4567776427063374 0.1 0.0 0.35 0.8 0.15 0.1 0.95 0.85 0.6 0.85 0.95 0.2 0.7 0.65 0.45 0.2 0.1 0.25 1.0 0.6 0.6 0.2 0.8 0.45 0.85 0.45 0.75 0.3 0.25 0.15 0.25 0.55 1.0 0.35 0.25 0.6 
-0.011237847195528873 0.42938055987176743 0.4450903715445114 0.15 0.7 0.35 0.0 0.9 0.1 0.85 0.15 0.65 0.25 0.15 0.3 0.6 0.75 0.7 0.9 1.0 0.7 1.0 0.7 0.45 0.05 0.4 0.0 0.65 0.75 0.55 0.65 0.5 0.7 0.15 0.15 0.9 0.85 0.15 0.45 
-0.01156036484424378 0.4617411147581326 0.4345970254211498 0.45 0.15 0.7 0.45 0.75 0.5 0.25 0.85 0.2 0.4 0.2 0.65 1.0 0.0 0.75 0.9 0.1 0.55 0.95 0.95 0.2 0.1 0.85 1.0 0.75 0.95 0.1 0.9 0.85 0.1 0.35 0.6 0.4 0.35 0.3 0.65 
-0.012990336612751814 0.525120225859108 0.43358455026805454 0.45 0.75 0.85 0.35 0.5 0.7 0.95 0.05 0.7 1.0 0.7 0.5 0.35 0.3 0.6 0.65 0.25 0.95 0.6 0.6 0.65 0.7 0.45 0.6 0.3 0.8 0.15 0.65 0.95 0.7 0.45 0.85 0.6 0.55 0.55 0.45 
-0.036640001794202695 0.450653082180031 0.4435360615472944 0.45 0.55 0.35 0.2 0.75 0.5 0.25 0.2 0.2 0.4 0.2 0.75 1.0 0.0 0.5 0.9 0.1 0.45 0.95 0.15 0.2 0.1 0.5 0.75 0.75 0.95 0.95 0.9 0.6 0.6 0.35 0.6 0.95 0.35 0.05 0.65 
-0.0034574425848351224 0.4133368177987011 0.5560498754584333 0.5 1.0 0.9 0.4 0.25 0.0 0.95 0.15 0.6 0.2 0.7 0.3 0.9 0.45 1.0 0.7 1.0 0.7 0.7 0.6 0.5 0.05 0.4 0.65 0.3 0.3 0.65 0.35 0.95 0.55 0.15 0.15 0.2 0.5 0.0 0.0 
-0.0029047798624137443 0.43803335114700936 0.46271017027651373 0.5 0.0 0.35 0.6 0.4 0.6 0.95 0.85 0.55 0.85 0.95 0.9 1.0 0.35 0.55 0.2 0.8 0.0 0.2 0.6 0.55 0.2 0.8 0.5 0.3 0.45 0.3 0.9 0.25 0.75 0.1 0.35 0.15 0.35 0.65 0.6 
-0.0165837948756942 0.4061356265804483 0.4494597277116567 0.1 0.4 0.9 0.15 0.35 0.7 0.95 0.15 0.65 0.5 0.45 0.8 0.85 0.45 0.3 0.25 1.0 0.75 0.3 0.1 0.2 0.3 0.2 0.7 1.0 0.1 0.4 0.2 1.0 0.4 0.9 0.85 0.15 0.15 0.95 0.4 
-0.01689259299607281 0.3760358372925066 0.4417720677402925 0.9 0.15 0.4 0.4 0.25 0.2 1.0 0.15 0.65 0.4 0.15 0.3 0.8 0.05 0.3 0.9 1.0 0.7 1.0 0.7 0.45 0.05 0.4 0.8 0.55 0.75 0.05 0.65 0.5 0.4 0.15 0.15 0.65 0.5 0.15 0.3 
-0.0019109308153339706 0.536118670492441 0.5429860987882572 0.3 0.4 1.0 0.2 0.3 0.9 0.55 0.3 0.05 0.25 0.75 0.95 0.7 0.95 0.65 0.4 0.0 0.5 0.95 1.0 0.45 0.25 0.15 0.65 0.5 0.6 0.55 1.0 0.85 0.3 0.75 0.95 0.85 0.75 0.6 0.8 
-0.014155401716299502 0.5534683924607677 0.5392066593603869 0.45 0.75 0.55 0.35 0.15 0.1 1.0 0.8 0.5 0.55 0.3 0.5 0.85 0.6 0.75 0.65 0.15 0.95 0.95 0.25 0.9 0.9 0.45 0.6 1.0 0.4 0.15 0.5 0.95 0.7 0.45 0.55 0.6 0.3 0.05 0.85 
-0.00862615493105337 0.4630609438067203 0.5796745265144165 0.45 0.3 0.7 0.2 0.75 0.15 0.25 0.85 0.2 0.4 0.2 0.65 1.0 0.0 0.5 0.9 0.1 0.7 0.95 0.75 0.2 0.1 0.85 0.55 0.75 0.95 0.55 0.9 0.85 0.1 0.35 0.6 0.4 0.7 0.3 0.65 
-0.0036556019348402803 0.5718162705649926 0.4760985783203404 0.45 0.8 0.85 0.25 0.15 0.7 0.5 0.6 0.7 0.5 0.3 0.5 0.9 0.3 0.6 0.65 0.25 0.6 0.95 0.7 0.4 0.75 0.45 0.6 1.0 0.35 0.15 0.5 0.95 0.7 0.45 0.85 0.6 1.0 0.55 0.45 
-0.0013441439840333389 0.4089473679582539 0.5814014917781198 0.45 0.55 0.7 0.25 0.75 0.55 0.0 0.7 0.4 0.9 0.2 0.65 1.0 0.0 0.5 0.9 0.1 0.45 0.95 0.65 0.5 0.1 0.95 0.0 0.8 0.95 0.1 0.9 0.85 0.25 0.35 0.6 0.4 0.35 0.2 0.95 
-0.0015948969324968566 0.5157984042463607 0.5961865250542284 0.3 0.4 1.0 0.15 0.45 0.5 0.65 0.55 0.6 0.2 0.95 0.95 0.7 0.95 0.55 0.6 0.0 0.95 0.95 0.9 0.45 0.6 0.15 0.65 1.0 0.6 0.55 1.0 0.85 0.75 0.45 0.0 0.65 0.55 0.6 0.75 
-0.0066993218376205895 0.5926474015101044 0.4973506800589841 0.45 0.75 0.7 0.35 0.3 0.7 1.0 0.05 0.7 1.0 0.7 0.5 0.0 0.3 0.6 0.65 0.65 0.95 0.05 0.25 0.4 0.85 0.45 0.45 1.0 0.35 0.15 0.5 0.95 0.7 0.95 0.85 0.6 0.55 0.55 0.45 
-0.001590351147045536 0.5599052309719992 0.5464063782932795 0.45 0.8 0.5 0.3 0.5 0.7 1.0 0.55 0.35 0.55 0.3 0.55 0.95 0.3 0.75 0.6 0.2 0.15 0.95 0.25 0.35 0.25 0.6 0.6 1.0 0.35 0.15 0.75 0.95 0.7 0.05 0.85 0.6 0.55 0.55 0.75 
-0.0025405962614419445 0.5030060208508972 0.4228461529979709 0.45 0.75 0.85 0.35 0.5 0.7 0.95 0.05 0.7 1.0 0.7 0.5 0.9 0.3 0.75 0.65 0.25 0.95 0.6 0.6 0.65 0.7 0.45 0.6 0.05 0.65 0.15 0.5 0.95 0.7 0.15 0.85 0.6 0.55 0.55 0.45 
-0.15217732863075004 0.48816253078133076 0.5756967413211922 0.45 0.75 0.7 0.2 0.75 0.5 0.25 0.85 0.2 0.4 0.2 0.9 1.0 0.0 0.5 0.9 0.1 0.7 0.95 0.75 0.2 0.1 0.3 0.55 0.75 0.95 0.1 0.9 0.85 0.1 0.5 0.6 0.4 0.7 0.3 0.65 
-0.013321299864867733 0.3655727227189627 0.47972019566417806 0.1 0.4 0.9 0.15 0.85 0.25 0.25 0.15 0.65 0.5 0.45 0.8 0.85 0.45 0.3 0.7 1.0 0.75 0.75 0.6 0.6 0.3 0.2 0.8 1.0 0.2 0.4 0.5 1.0 0.4 0.9 0.85 0.65 0.15 0.5 0.4 
-0.006822635770783506 0.42815699080148484 0.41576132775630337 0.5 0.0 0.35 0.8 0.15 0.6 0.95 0.85 0.6 0.85 0.95 0.2 1.0 0.35 0.55 0.2 0.1 0.0 0.1 0.75 0.85 0.2 0.3 0.5 0.95 0.45 0.8 0.95 0.25 0.75 0.4 0.35 0.95 0.35 0.65 0.6 
-0.010169780770844211 0.41143575235822977 0.5887179478713213 0.85 0.65 0.9 0.4 0.6 0.0 0.2 0.15 0.1 0.2 0.7 0.3 0.9 0.45 0.15 0.7 1.0 0.7 0.25 0.6 0.5 0.05 0.4 0.1 1.0 0.3 0.4 1.0 0.95 0.55 0.0 0.15 0.2 0.5 0.0 0.0 
-0.0038448684506432957 0.6022128847380086 0.5428927521853322 0.45 0.75 0.85 0.45 0.0 0.7 1.0 0.65 0.7 1.0 0.3 0.5 0.95 0.3 0.0 0.8 0.25 0.8 0.95 0.05 0.4 1.0 0.45 0.55 1.0 0.35 0.15 0.65 0.95 0.7 0.45 0.85 0.6 0.55 0.55 0.45 
-0.008229319041222892 0.3692356008023746 0.459660035785617 0.1 0.0 0.85 0.8 0.15 0.6 0.95 0.85 0.6 0.85 0.95 0.2 0.3 0.35 0.55 0.2 0.1 0.0 1.0 0.6 0.6 0.2 0.8 0.5 0.85 0.45 0.8 0.9 0.25 0.7 0.1 0.35 1.0 0.35 0.65 0.6 
-0.005211549241419058 0.39242138804432214 0.5971367337174949 0.5 0.55 0.45 0.55 0.95 0.2 0.95 0.15 0.6 0.25 0.75 0.3 0.95 0.45 0.35 0.7 1.0 0.7 0.3 0.6 0.5 0.05 0.05 1.0 1.0 0.3 0.65 0.6 0.8 0.4 0.15 0.15 0.65 0.05 0.5 0.0 
-0.019963261748819808 0.38257604388388494 0.5034936067278054 0.1 0.0 0.2 0.8 0.15 0.6 0.95 0.85 0.6 0.85 0.95 0.2 1.0 0.35 0.3 0.3 0.1 0.25 1.0 0.6 0.7 0.05 0.8 0.45 0.85 0.45 0.2 0.9 0.25 0.7 0.25 0.3 1.0 0.35 0.25 0.6 
-0.010628731763877368 0.5469433101292035 0.4407040563328441 0.45 0.75 0.85 0.35 0.5 0.7 0.95 0.05 0.7 1.0 0.7 0.5 0.15 0.3 0.75 0.65 0.25 0.95 0.6 0.6 0.65 0.7 0.45 0.6 0.8 0.65 0.25 0.5 0.95 0.7 0.15 0.85 0.6 0.55 0.55 0.45 
-0.023121789029237144 0.5807090974934976 0.4660346394728733 0.95 0.75 0.7 0.35 0.75 0.95 1.0 0.05 0.7 0.95 0.7 0.6 0.1 0.3 0.5 0.65 0.25 0.95 0.7 0.25 0.4 0.85 0.4 0.55 0.95 0.9 0.85 0.5 0.25 0.45 0.45 0.85 0.0 0.9 0.55 0.45 
-0.01549476897109181 0.4334108291110689 0.44169561881803954 0.15 0.7 0.35 0.4 0.9 0.1 1.0 0.15 0.65 0.25 0.15 0.3 0.6 0.75 0.7 0.9 1.0 0.7 1.0 0.7 0.45 0.05 0.4 0.0 0.65 0.75 0.55 0.65 0.5 0.7 0.15 0.15 0.9 0.5 0.15 0.45 
-0.016932275250977034 0.48296176905966653 0.5912716464530503 0.45 0.55 0.2 0.2 0.75 0.5 0.0 0.85 0.25 0.4 0.2 0.65 0.95 0.0 0.5 0.9 0.1 0.45 0.95 0.75 0.2 0.1 0.85 0.0 0.75 0.95 0.1 0.9 0.55 0.25 0.35 0.6 0.8 0.7 0.05 0.55 
-0.11555658958534001 0.4086334321506607 0.4286513371555666 1.0 0.15 0.55 0.2 0.25 0.2 1.0 0.55 0.65 0.4 0.15 0.7 0.8 0.05 0.3 0.9 1.0 0.35 1.0 0.5 0.45 0.5 0.4 0.6 0.55 0.75 0.05 0.65 0.5 0.1 0.75 0.75 0.3 0.5 0.15 0.8 
-0.008495843862434144 0.5898189135441512 0.47011976507629605 0.45 0.8 0.85 0.35 0.15 0.25 1.0 0.65 0.7 1.0 0.45 0.5 0.6 0.3 0.85 0.65 0.25 0.6 0.95 0.25 0.4 0.75 0.65 0.6 0.85 0.4 0.15 0.5 1.0 0.7 0.45 0.85 0.6 0.55 0.55 0.4 
-0.055513654717622124 0.433805436132335 0.39816238808482457 0.9 0.15 0.4 0.4 0.9 0.1 1.0 0.15 0.65 0.25 0.0 0.4 1.0 0.45 0.25 0.9 0.85 0.7 1.0 0.05 0.45 0.05 0.4 0.8 0.4 0.75 0.85 0.65 0.5 0.7 0.15 0.15 0.65 0.5 0.95 0.3 
-0.009947525681210316 0.6410223481510263 0.4467129485995525 0.45 0.3 0.85 0.35 0.95 0.25 1.0 0.65 0.65 0.85 0.35 0.5 0.9 0.35 0.85 0.7 0.05 0.55 0.95 0.25 0.25 0.75 0.65 0.6 1.0 0.4 0.15 0.95 1.0 0.7 0.15 0.85 0.6 0.55 0.55 0.2 
-0.021049987633114574 0.5911193148542556 0.5793044184925624 0.45 0.35 0.45 0.35 0.7 0.55 0.35 0.55 0.4 0.95 0.3 0.45 0.9 0.3 0.8 1.0 0.25 0.85 0.9 0.25 0.4 0.75 0.45 0.95 1.0 0.35 0.15 0.75 0.95 0.7 0.1 0.85 0.6 0.55 0.55 0.45 
-0.010778141832017585 0.4386857678399378 0.6101247076638601 0.45 0.55 0.7 0.2 0.75 0.5 0.25 0.85 0.25 0.4 0.2 0.65 0.95 0.0 0.5 0.9 0.1 0.45 0.95 0.75 0.2 0.1 0.85 0.0 0.7 0.95 0.05 0.9 0.85 0.25 0.35 0.6 0.8 0.7 0.05 0.55 
-0.006578110090959923 0.4265802019371261 0.37880379127724256 0.9 0.15 0.4 0.4 0.9 0.1 0.65 0.15 0.65 0.25 0.15 0.4 1.0 0.45 0.25 0.9 1.0 0.7 1.0 0.05 0.45 0.05 0.4 0.0 0.55 0.75 0.65 0.6 0.5 0.7 0.15 0.75 0.65 0.85 0.95 0.3 
-0.0007537254753958663 0.37088539278621213 0.5182398351327882 0.1 0.55 0.75 0.4 0.6 0.0 0.95 0.15 0.25 0.2 0.75 0.3 0.9 0.45 0.3 0.7 1.0 0.7 1.0 0.7 0.5 0.05 0.4 1.0 1.0 0.3 0.65 0.5 0.7 0.4 0.15 0.15 0.2 0.5 0.0 0.0 
-0.02593698591637155 0.5107385716494602 0.4146012993043693 0.45 0.75 0.85 0.35 0.5 0.7 0.95 0.05 0.7 1.0 0.7 0.5 0.9 0.3 0.75 0.65 0.25 0.95 0.6 0.6 0.65 0.7 0.45 0.6 0.05 0.65 0.25 0.5 0.95 0.7 0.15 0.85 0.6 0.55 0.55 0.45 
-0.01044111360043112 0.359351743189676 0.4369157312534222 0.1 0.4 0.9 0.15 0.85 0.0 0.95 0.15 0.65 0.25 0.45 0.8 0.85 0.45 0.3 0.7 1.0 0.75 0.75 0.95 0.6 0.3 0.2 0.15 1.0 0.1 0.4 0.5 0.8 0.4 0.9 0.85 0.65 0.15 0.5 0.4 
-0.05813819166570333 0.5525562301830473 0.5874400410263264 0.45 0.75 0.7 0.7 0.15 0.9 0.2 0.8 0.7 0.55 0.3 0.5 0.1 0.3 0.6 0.3 0.25 0.95 0.95 0.25 0.4 0.2 0.45 0.6 1.0 0.4 0.15 0.5 0.95 0.7 0.45 0.55 0.6 0.55 0.05 0.85 
-0.009552225985843803 0.45716513435244566 0.4170677024185896 0.25 0.15 0.25 0.4 0.9 0.1 1.0 0.15 0.65 0.25 0.15 0.05 0.8 0.45 0.4 0.9 1.0 0.7 1.0 0.05 0.45 0.05 0.3 0.25 0.55 0.4 0.55 0.65 0.5 0.7 0.15 0.15 0.5 0.9 0.95 0.3 
-0.008157200865438714 0.4590920117881005 0.3962582823587056 0.45 0.75 0.4 0.2 0.5 0.25 0.95 0.75 0.65 1.0 1.0 0.5 0.9 0.3 0.6 0.9 0.4 0.95 0.85 0.6 0.05 0.6 0.85 0.2 0.4 0.4 0.95 0.3 1.0 0.7 0.45 0.85 0.1 0.55 0.35 0.45 
-0.004198574510635647 0.36839157463614614 0.5686040587743747 0.45 0.55 0.7 0.2 0.75 0.5 0.8 0.05 0.25 0.4 0.2 0.65 1.0 0.0 0.5 0.9 0.1 0.45 0.95 0.75 0.2 0.1 0.85 0.65 0.75 0.95 0.1 0.85 0.85 0.25 0.35 0.25 0.05 0.7 0.05 0.2 
-0.003643941529884 0.48672023484823307 0.41157608702532733 0.9 0.15 0.4 0.4 0.9 0.1 1.0 0.05 0.65 0.9 0.15 0.45 0.8 0.45 0.3 0.9 1.0 0.7 1.0 0.05 0.45 0.05 0.4 0.85 0.75 0.75 0.0 0.65 0.5 0.7 0.15 0.15 0.15 0.5 0.15 0.3 
-0.014532563953629726 0.3825676374907033 0.5381914955124815 0.85 0.65 0.9 0.4 0.6 0.0 0.2 0.15 0.1 0.2 0.55 0.3 0.9 0.45 0.15 0.7 1.0 0.7 0.25 0.6 0.5 0.05 0.4 0.1 1.0 0.3 0.4 1.0 0.95 0.55 0.0 0.15 0.2 0.5 0.0 0.0 
-0.003250300124656222 0.6118164895760919 0.5023381554262385 1.0 0.65 0.6 0.55 0.4 0.75 0.95 0.15 0.5 0.25 0.25 0.1 0.85 0.9 0.35 0.8 0.55 0.5 0.8 0.4 0.45 0.0 0.05 0.6 0.95 0.9 0.55 0.5 1.0 0.5 0.75 0.55 0.6 0.9 0.9 0.35 
-0.0025653061000044906 0.3785444276112961 0.5347239661899327 0.85 0.65 0.9 0.4 0.6 0.0 0.95 0.15 0.1 0.2 0.55 0.3 0.9 0.45 0.15 0.7 1.0 0.7 0.2 0.6 0.5 0.05 0.4 0.1 1.0 0.3 0.4 1.0 0.95 0.55 0.15 0.15 0.2 0.5 0.0 0.0 
-0.026526896966449644 0.6341961136496519 0.46848495215807073 0.45 0.65 0.85 0.35 0.7 0.7 1.0 0.65 0.7 1.0 0.3 0.45 0.4 0.3 0.6 0.45 0.25 0.25 0.75 0.25 0.4 0.75 0.45 0.8 1.0 0.35 0.15 0.75 0.95 0.7 0.1 0.85 0.6 0.45 0.55 0.45 
-0.01641426787418862 0.39771922355890876 0.41508126160754744 0.1 0.0 0.0 0.8 0.25 0.6 0.95 0.85 0.6 0.85 0.95 0.2 1.0 0.35 0.15 0.2 0.1 0.0 0.6 0.6 0.2 0.2 0.85 0.5 0.85 0.45 0.7 0.9 0.25 0.75 0.55 0.35 0.35 0.35 0.65 0.6 
-0.000526921538383233 0.5327180460725827 0.4149070762720667 0.45 0.75 0.7 0.35 0.25 0.7 1.0 0.05 0.7 1.0 0.7 0.6 0.95 0.3 0.6 0.75 0.25 0.95 0.9 0.25 0.4 0.75 0.45 0.6 0.95 1.0 0.15 0.5 0.7 0.7 0.45 0.85 0.75 0.55 0.15 0.45 
-0.01044110595586309 0.3361491256782274 0.44977080510681133 0.5 1.0 0.9 0.55 0.85 0.0 0.55 0.15 0.6 0.25 0.05 1.0 0.85 0.45 0.3 0.7 1.0 0.7 0.35 0.6 0.45 0.25 0.4 1.0 1.0 0.2 0.65 0.5 0.8 0.4 0.15 0.9 0.65 0.5 0.3 0.4 
-0.003659704992692646 0.38912125369222555 0.3846864021236235 0.9 0.15 0.4 0.4 0.9 0.1 1.0 0.15 0.65 0.25 0.15 0.4 0.8 0.45 0.3 0.9 1.0 0.7 1.0 0.05 0.45 0.05 0.4 0.25 0.55 0.75 0.9 0.65 0.5 0.7 0.15 0.15 0.65 0.5 0.95 0.3 
-0.013527693186322028 0.5760744532840998 0.43102466465297007 0.45 0.8 0.85 0.35 0.15 0.25 1.0 0.65 0.7 1.0 0.45 0.5 0.9 0.35 0.65 0.65 0.25 0.6 0.95 0.25 0.4 0.75 0.7 0.6 0.4 0.4 0.1 0.5 1.0 0.7 0.45 0.85 0.85 0.55 0.55 0.4 
-0.005283230865406959 0.3939160215416924 0.4768683902473449 0.1 0.0 0.35 0.8 0.15 0.1 0.95 0.85 0.6 0.9 0.95 0.2 0.7 0.65 0.55 0.2 0.1 0.25 1.0 0.6 0.6 0.2 0.8 0.45 0.85 0.45 0.25 0.4 0.25 0.75 0.45 0.55 1.0 0.35 0.25 1.0 
-0.0016236182251504016 0.37464386448112863 0.4284992121371985 0.5 0.25 0.85 0.55 0.6 0.0 0.95 0.45 0.6 0.0 0.35 0.3 0.95 0.45 0.3 0.7 1.0 0.7 1.0 0.6 0.45 0.05 0.2 0.8 1.0 0.3 0.65 0.5 0.05 0.4 0.15 0.15 0.65 0.5 0.15 0.0 
-0.033404299445367595 0.5992795351770088 0.5300177636550232 0.45 0.75 0.85 0.5 0.7 0.7 0.35 0.65 0.7 0.9 0.3 0.5 0.95 0.3 0.6 1.0 0.25 0.8 0.95 0.05 0.4 1.0 0.45 0.65 1.0 0.35 0.15 0.65 0.95 0.8 0.45 0.85 0.6 0.55 0.55 0.45 
-0.01806985132424264 0.40195028589561627 0.5714105004467666 0.45 0.55 0.7 0.25 0.75 0.55 0.0 0.7 0.4 0.9 0.2 0.65 1.0 0.0 0.5 0.9 0.1 0.45 0.95 0.65 0.2 0.1 0.95 0.0 0.8 0.95 0.1 0.9 0.85 0.25 0.35 0.6 0.4 0.35 0.2 0.95 
-0.018040574685546342 0.610667845440307 0.443783327199194 0.45 0.8 0.85 0.6 0.15 0.25 1.0 0.65 0.6 1.0 0.45 0.5 0.45 0.35 0.85 0.65 0.25 0.6 0.95 0.25 0.4 1.0 0.65 0.6 1.0 0.4 0.15 0.25 1.0 0.7 0.45 0.85 0.4 0.55 0.9 0.4 
-0.015283962054060159 0.5808986454122794 0.4410078619183868 0.45 0.05 0.7 0.05 0.25 0.7 1.0 0.05 0.7 1.0 0.7 0.6 0.05 0.3 0.6 0.75 0.25 0.95 0.9 0.25 0.5 0.75 0.45 0.6 0.6 1.0 0.15 0.5 0.7 0.7 0.45 0.85 0.75 0.55 0.15 0.45 
-0.03304105223821149 0.6162478804716695 0.4181114699477615 0.45 0.8 0.85 0.35 0.15 0.25 1.0 0.65 0.6 1.0 0.45 0.5 0.9 0.35 0.85 0.65 0.25 0.6 0.95 0.25 0.4 1.0 0.65 0.6 1.0 0.4 0.15 0.5 1.0 0.7 0.45 0.85 0.6 0.55 0.55 0.4 
-0.000636259021594452 0.5653022069962645 0.5620086190540794 0.45 0.75 0.7 0.35 0.15 0.9 0.2 0.8 0.7 0.55 0.3 0.5 0.9 0.3 0.6 1.0 0.25 0.95 0.95 0.25 0.4 0.2 0.45 0.6 1.0 0.4 0.15 0.5 0.95 0.7 0.45 0.55 0.6 0.55 0.05 0.85 
-0.047258200594524874 0.5171824397237448 0.6208270915383471 0.85 0.75 0.85 0.65 0.55 0.7 1.0 0.05 0.7 0.6 0.25 0.45 1.0 0.15 0.65 0.65 0.25 0.95 0.95 0.25 0.4 0.9 0.45 0.6 1.0 0.35 0.1 0.5 0.95 0.7 0.45 0.15 0.25 0.55 0.6 0.45 
-0.004514740188668841 0.4515482716325035 0.37748616955206926 0.45 0.75 0.4 0.2 0.5 0.25 0.95 0.75 0.65 1.0 1.0 0.5 0.9 0.3 0.6 0.7 0.4 0.95 0.85 0.6 0.05 0.6 0.85 0.2 0.4 0.55 0.95 0.3 1.0 0.7 0.45 0.85 0.1 0.55 0.55 0.45 
-0.010040890670570355 0.5343058288542394 0.5921235468079076 0.3 0.4 1.0 0.15 0.45 0.9 0.65 0.55 0.55 0.2 0.95 0.95 0.7 0.95 0.55 0.6 0.0 0.95 0.95 0.9 0.45 0.6 0.15 0.65 1.0 0.6 0.55 1.0 0.85 0.75 0.45 0.0 0.65 0.55 0.6 0.8 
-0.020420455374780617 0.6239397657387011 0.4205110089021693 0.45 0.8 0.85 0.35 0.35 0.25 1.0 0.65 0.7 1.0 0.45 0.5 0.9 0.35 0.65 0.3 0.25 0.3 0.15 0.25 0.4 0.75 0.5 0.6 1.0 0.4 0.15 0.5 1.0 0.7 0.45 0.85 0.6 0.55 0.55 0.4 
-0.04151269851909772 0.5026416632445706 0.6104033257816335 0.3 0.4 1.0 0.2 0.45 0.9 0.95 0.05 0.05 0.2 0.75 0.95 0.7 0.95 0.5 0.4 0.0 0.95 0.95 0.9 0.45 0.8 0.15 0.65 1.0 0.6 0.6 1.0 0.85 0.75 0.45 0.1 0.85 0.55 0.55 0.8 
-0.015191013104865423 0.3994577917547254 0.604781918254676 0.85 0.85 0.7 0.15 0.45 0.15 0.4 0.1 0.25 0.95 0.2 0.65 1.0 0.05 0.5 0.9 0.1 0.45 0.95 0.75 0.2 0.15 0.35 0.8 0.75 0.9 0.1 0.85 0.85 0.25 0.35 0.25 0.9 0.7 0.05 0.0 
-0.0013816418728069177 0.4380641720573947 0.6281058937200485 0.45 0.55 0.7 0.25 0.75 0.55 0.25 0.7 0.4 0.4 0.2 0.65 1.0 0.0 0.4 0.9 0.1 0.45 0.95 0.75 0.2 0.1 0.95 0.0 1.0 0.95 0.1 0.9 0.85 0.65 0.35 0.6 0.4 0.35 0.05 0.65 
-0.014811135354093171 0.35454860607977867 0.48373663719826565 0.5 0.25 0.85 0.4 0.6 1.0 0.05 0.15 0.65 0.25 0.2 1.0 0.9 0.45 0.3 0.9 0.95 0.7 1.0 0.6 0.75 0.3 0.6 0.95 0.95 0.3 0.65 0.45 0.8 0.55 0.95 0.15 0.65 0.5 0.15 0.65 
-0.008921617770907693 0.5710021002619947 0.5880788564107351 0.45 0.7 0.85 0.35 0.7 0.7 1.0 0.65 0.7 1.0 0.3 0.7 0.9 0.3 0.6 1.0 0.25 0.85 0.9 0.25 0.25 0.75 0.45 0.55 1.0 0.35 0.15 0.75 0.95 0.7 0.1 0.45 0.6 0.55 0.55 0.45 
-0.007364300200689535 0.4978137471904632 0.6209205133034702 0.45 0.55 0.7 0.2 0.75 0.5 0.25 0.85 0.2 0.4 0.15 0.75 0.6 0.0 0.5 0.9 0.1 0.45 0.95 0.75 0.45 0.25 0.5 0.75 0.75 0.95 0.2 0.9 0.85 0.45 0.3 0.6 0.95 0.35 0.05 0.65 
-0.04515999018925474 0.438628097586363 0.3523847720928932 0.9 0.15 0.9 0.4 0.9 0.1 1.0 0.15 0.7 0.25 0.15 0.4 0.8 0.45 0.25 0.85 1.0 0.7 1.0 0.05 0.45 0.05 0.0 0.15 0.9 0.65 0.5 0.65 0.5 0.7 0.05 1.0 0.55 0.5 0.25 0.1 
-9.660478046117183e-05 0.3563622346265213 0.4013198228067991 0.1 0.0 0.4 0.8 0.15 0.6 0.95 0.85 0.6 0.85 0.95 0.2 1.0 0.35 0.55 0.2 0.1 1.0 1.0 0.6 0.6 0.2 0.8 0.45 0.85 0.45 0.45 0.9 0.25 0.7 0.25 0.35 1.0 0.35 0.25 0.6 
-0.003569307512661476 0.41537976473736343 0.6156390962196008 0.45 0.25 0.3 0.2 0.75 0.5 1.0 0.5 0.25 0.4 0.2 0.85 1.0 0.0 0.5 0.9 0.1 0.45 0.95 0.75 0.2 0.1 0.85 0.3 0.75 0.95 0.1 0.9 0.85 0.35 0.35 0.6 0.6 0.8 0.05 0.65 
-0.17058022364260247 0.492063584488175 0.6449628150684665 0.7 0.8 0.7 0.2 0.75 0.5 0.35 0.05 0.05 0.4 0.2 0.75 1.0 0.0 0.5 0.9 0.1 0.45 0.95 0.75 0.45 0.55 0.5 0.75 0.45 0.95 0.2 0.95 0.85 0.45 0.3 0.6 0.15 0.2 0.85 0.65 
-0.019692233908744135 0.4692918826642883 0.6178292342587237 0.45 0.15 0.7 0.45 0.75 0.5 0.25 0.85 0.2 0.4 0.2 0.65 1.0 0.0 0.75 0.9 0.1 0.55 0.95 0.75 0.2 0.1 0.85 1.0 0.75 0.95 0.1 0.9 0.85 0.1 0.35 0.6 0.4 0.7 0.3 0.65 
-0.0012541452463580977 0.3637896182733228 0.5900757915874117 0.5 0.55 0.85 0.55 0.95 0.0 0.95 0.15 0.6 0.25 0.75 0.3 0.95 0.45 0.35 0.7 1.0 0.7 0.3 0.6 0.5 0.05 0.4 1.0 1.0 0.3 0.65 0.45 0.8 0.4 0.15 0.15 0.65 0.05 0.5 0.0 
-0.004362501044310787 0.465899361390778 0.3572534202253045 0.9 0.0 0.4 0.4 0.9 0.1 1.0 0.15 0.65 0.2 0.2 0.4 0.8 0.45 0.2 0.85 1.0 0.7 1.0 0.05 0.45 0.05 0.3 0.25 0.55 0.75 0.55 0.55 0.5 0.25 0.15 1.0 0.65 0.55 0.95 0.7 
-0.010442825144628154 0.6128609002081886 0.49793127875649595 1.0 0.65 0.6 0.55 0.4 0.75 0.95 0.15 0.5 0.25 0.25 0.1 0.9 0.9 0.35 0.8 0.55 0.5 0.8 0.4 0.45 0.0 0.05 0.6 0.95 0.9 0.55 0.5 1.0 0.5 0.75 0.95 0.6 0.9 0.9 0.35 
-0.003889090124090774 0.5812506999254161 0.5736510953043132 0.45 0.75 0.85 0.45 0.0 0.7 1.0 0.65 0.25 1.0 0.5 0.5 0.95 0.3 0.95 0.8 0.7 0.8 0.95 0.05 0.7 1.0 0.25 0.55 1.0 0.35 0.15 0.4 0.95 0.7 0.45 0.2 0.6 0.55 0.6 0.45 
-0.054879073133096104 0.30845783112211256 0.4387770240771771 0.5 0.4 0.9 0.5 0.85 0.0 0.95 0.15 0.7 0.25 0.4 0.5 0.95 0.45 0.3 0.7 1.0 0.7 1.0 0.6 0.9 0.15 0.4 0.8 0.95 0.2 0.65 0.7 0.8 0.25 0.15 1.0 0.65 0.4 0.3 0.7 
-0.0036976052483208093 0.3509149602602507 0.5241836530882757 0.5 0.55 0.1 0.25 0.6 0.0 0.95 0.05 0.75 0.85 0.8 0.3 0.95 0.45 0.3 0.9 1.0 0.7 0.9 0.6 0.45 0.05 0.4 0.35 0.7 0.2 0.65 0.5 0.9 0.4 0.15 0.15 0.65 0.5 0.15 0.35 
-0.0010163138019663677 0.6052572219784189 0.3973591039951428 0.75 0.8 0.8 1.0 0.35 0.2 1.0 0.65 0.7 0.55 0.45 0.65 0.9 0.35 0.65 0.15 0.25 0.3 1.0 0.6 0.4 0.75 0.5 0.6 1.0 0.4 0.15 0.55 1.0 0.7 0.45 0.85 0.6 0.35 0.55 0.95 
-0.0045931444735324576 0.386817119921969 0.6103317188311336 0.5 0.55 0.85 0.55 0.6 0.0 0.95 0.15 0.6 0.25 0.75 0.3 0.4 0.45 0.3 0.7 1.0 0.7 1.0 0.6 0.45 0.05 0.4 1.0 0.75 0.3 0.7 0.3 0.8 0.4 0.15 0.15 0.65 0.05 0.6 0.0 
-0.05334109242427872 0.4256215372374312 0.35073446294022037 0.9 0.15 0.4 0.85 0.9 0.1 1.0 0.15 0.65 0.25 0.15 0.4 0.8 0.45 0.3 0.9 1.0 0.65 0.95 0.05 0.45 0.05 0.4 0.25 0.4 0.75 0.5 0.7 0.5 0.65 0.15 0.65 0.65 0.5 0.95 0.3 
-0.011943012328895818 0.34394030103484713 0.42188330949026803 0.1 0.0 0.35 0.8 0.15 0.1 0.95 0.85 0.6 0.9 0.95 0.2 0.7 0.35 0.55 0.2 0.1 0.25 1.0 0.6 0.6 0.2 0.8 0.45 0.85 0.45 0.25 0.4 0.25 0.75 0.45 0.55 1.0 0.35 0.25 0.6 
-0.005712435819699109 0.3162783215834589 0.4811608594037104 0.5 0.55 0.95 0.4 0.6 0.0 0.95 0.15 0.6 0.2 0.7 0.3 0.9 0.45 0.3 0.8 0.95 0.7 1.0 0.6 0.75 0.05 0.5 0.8 1.0 0.3 0.65 0.45 0.15 0.55 0.55 0.15 0.2 0.5 0.0 0.0 
-0.0063841544277852035 0.5875915223606197 0.41610251604215376 0.45 0.8 0.85 0.35 0.15 0.25 1.0 0.65 0.7 1.0 0.45 0.5 0.9 0.35 0.65 0.65 0.25 0.6 0.95 0.25 0.4 0.75 0.65 0.6 0.4 0.4 0.15 0.5 1.0 0.7 0.45 0.85 0.6 0.55 0.55 0.4 
-0.006626519759726544 0.4522521845000094 0.6388783015739039 0.45 0.55 0.7 0.25 0.95 0.55 0.25 0.7 0.4 0.4 0.2 0.65 1.0 0.0 0.4 0.9 0.1 0.45 0.95 0.75 0.2 0.1 0.95 0.6 1.0 0.95 0.1 0.9 0.85 0.75 0.35 0.6 0.4 0.35 0.05 0.65 
-0.002954877904181115 0.46629210481129063 0.6359816002139674 0.45 0.55 0.7 0.25 0.95 0.55 0.25 0.7 0.4 0.4 0.2 0.65 1.0 0.0 0.4 0.9 0.1 0.45 0.95 0.75 0.2 0.1 0.95 0.6 1.0 0.95 0.1 0.9 0.85 0.65 0.35 0.6 0.4 0.35 0.05 0.65 
-0.003016542265147037 0.33434271355063516 0.5357780398111786 0.5 0.55 0.85 0.55 0.6 0.0 0.95 0.15 0.6 0.25 0.55 0.3 0.95 0.45 0.3 0.7 1.0 0.7 1.0 0.6 0.5 0.05 0.4 1.0 0.65 0.2 0.35 0.5 0.8 0.4 0.15 0.15 0.65 0.5 0.15 0.4 
-0.008112120051730195 0.6087417241944695 0.5945776944442109 0.45 0.75 0.55 0.35 0.15 0.1 1.0 0.8 0.7 0.35 0.4 0.5 0.85 0.6 0.9 0.65 0.25 0.95 0.95 0.25 0.6 0.9 0.45 0.7 1.0 0.4 0.15 0.5 0.95 0.7 0.45 0.55 0.6 0.3 0.05 0.85 
-0.04372050993706905 0.33592160212939537 0.4291665878270763 0.1 0.0 0.35 0.8 0.15 0.1 0.95 0.85 0.6 0.85 0.95 0.2 0.7 0.35 0.55 0.2 0.2 0.25 1.0 0.6 0.6 0.2 0.8 0.45 0.85 0.45 0.8 0.3 0.25 0.75 0.25 0.55 1.0 0.35 0.25 0.6 
-0.0024836169713388042 0.6033771114849245 0.5331977963865029 1.0 0.45 0.6 0.55 0.4 0.75 0.95 0.15 0.35 0.25 0.25 0.1 0.1 0.85 0.35 0.7 0.75 0.75 0.8 0.4 0.5 0.0 0.55 0.6 1.0 1.0 0.55 0.5 1.0 0.25 0.75 0.95 0.3 0.9 0.25 0.05 
-0.012765945002452041 0.5483930775351934 0.4117220182359734 0.45 0.75 0.7 1.0 0.25 0.7 1.0 0.05 0.7 1.0 0.7 0.6 0.95 0.3 0.6 0.75 0.25 0.95 0.6 0.25 0.4 0.4 0.4 0.6 0.95 0.45 0.15 0.5 0.7 0.55 0.45 0.85 0.6 0.9 0.15 0.45 
-0.004636770630493326 0.536804912563512 0.6161738496554996 0.45 0.75 0.7 0.35 0.15 0.9 0.2 0.8 0.05 0.55 0.3 0.5 0.9 0.3 0.6 1.0 0.25 0.95 0.95 0.2 0.4 0.6 0.45 0.6 1.0 0.4 0.15 0.5 0.95 0.7 0.45 0.55 0.6 0.55 0.05 0.85 
-0.008949819117263997 0.32562265528738166 0.5025296854817949 0.5 0.55 0.85 0.55 0.6 0.0 0.95 0.15 0.6 0.0 0.35 0.3 0.95 0.45 0.3 0.65 1.0 0.7 1.0 0.6 0.45 0.05 0.4 1.0 1.0 0.3 0.65 0.5 0.05 0.4 0.15 0.15 0.65 0.5 0.15 0.0 
-0.023820886712994673 0.4270691117726099 0.631004216169496 0.7 0.8 0.7 0.2 0.75 0.5 0.25 0.05 0.05 0.4 0.2 0.75 1.0 0.0 0.5 0.9 0.1 0.45 0.95 0.75 0.45 0.55 0.5 0.65 0.45 0.95 0.2 0.95 0.85 0.45 0.3 0.6 0.95 0.2 0.05 0.65 
-0.0017040532776977642 0.3208760099246104 0.5204016471030968 0.5 0.55 0.85 0.55 0.6 0.0 0.95 0.15 0.6 0.25 0.35 0.3 0.95 0.45 0.3 0.7 1.0 0.7 1.0 0.6 0.45 0.05 0.4 0.05 1.0 0.3 0.65 0.5 0.8 0.4 0.55 0.15 0.65 0.5 0.15 0.0 
-0.00967171345925809 0.3722772925952359 0.38014738928084135 0.5 0.0 0.35 0.8 0.15 0.6 0.95 0.85 0.6 0.85 0.95 0.2 1.0 0.35 0.55 0.2 0.1 0.0 0.1 0.6 0.85 0.2 0.8 0.5 0.95 0.45 0.8 0.95 0.25 0.75 0.4 0.35 0.95 0.35 0.65 0.6 
-0.009793637619718075 0.3526780675134956 0.6192701387496022 0.8 1.0 0.9 0.4 0.6 0.4 0.95 0.15 0.6 0.2 0.7 0.3 0.9 0.45 0.3 0.7 1.0 0.7 0.7 0.6 0.5 0.05 0.65 0.65 1.0 0.3 0.45 0.85 0.95 0.55 0.15 0.4 0.45 0.7 0.25 0.0 
-0.002576440330368963 0.29137013561208747 0.4748495750157757 0.4 0.85 0.9 0.2 0.85 0.0 0.95 0.15 0.6 0.25 0.05 0.35 0.85 0.45 0.3 0.7 1.0 0.7 1.0 0.6 0.5 0.15 0.4 0.65 0.9 0.25 0.65 0.5 0.8 0.4 0.15 0.85 0.65 0.5 0.5 0.4 
-0.02516349161334372 0.6577810516498431 0.50272340113272 0.45 1.0 0.85 0.35 0.7 0.7 1.0 0.65 0.6 0.9 0.3 0.45 0.9 0.3 0.6 0.55 0.0 0.25 0.9 0.25 0.4 0.75 0.45 0.55 1.0 0.35 0.15 0.75 1.0 0.7 0.05 0.85 0.0 0.55 0.55 0.45 
-0.022600305665451726 0.36165945364661833 0.5968024308465439 0.45 0.55 0.1 0.25 0.6 0.0 1.0 0.05 0.75 0.25 0.8 0.3 0.95 0.55 0.3 0.8 1.0 0.7 1.0 0.6 0.45 0.0 0.1 0.35 0.7 0.2 0.65 0.5 0.65 0.4 0.1 0.15 0.65 0.5 0.15 0.35 
-0.0927482047243783 0.403806946375799 0.3623449431866028 0.9 0.15 0.4 0.85 0.9 0.1 1.0 0.15 0.65 0.25 0.15 0.4 0.8 0.45 0.3 0.9 1.0 0.65 0.95 0.05 0.45 0.05 0.4 0.25 0.6 0.75 0.5 0.65 0.5 0.65 0.15 0.65 0.65 0.5 0.95 0.3 
-0.009646992606422572 0.6277518104750118 0.5389454537044372 0.45 0.0 0.85 0.35 0.7 0.7 1.0 0.65 0.7 1.0 0.3 0.45 0.4 0.3 0.3 0.45 0.25 0.25 0.75 0.25 0.4 0.75 0.45 0.5 0.85 0.35 0.15 0.75 0.95 0.7 0.1 0.85 0.6 0.45 0.55 0.45 
-0.0013566175779380566 0.6233335444528463 0.5462845431457799 0.45 0.75 0.55 0.35 0.15 0.1 1.0 0.8 0.7 0.55 0.3 0.35 0.85 0.6 0.75 0.15 0.25 0.95 0.95 0.25 0.6 0.9 0.45 0.6 1.0 0.4 0.15 0.5 0.95 0.7 0.45 1.0 0.6 0.3 0.05 0.85 
-0.015054292749477782 0.5792177754765302 0.596871712615952 0.45 0.75 0.55 0.35 0.15 0.1 1.0 0.8 0.5 0.55 0.3 0.5 0.85 0.6 0.75 0.65 0.25 0.95 0.95 0.25 0.9 0.9 0.45 0.6 1.0 0.4 0.15 0.5 0.95 0.7 0.45 0.55 0.6 0.3 0.05 0.85 
-0.04394488005252835 0.3470571299720999 0.6192459486698345 0.5 0.55 0.85 0.55 0.6 0.0 0.95 0.15 0.6 0.25 0.75 0.3 0.95 0.45 0.3 0.7 1.0 0.7 1.0 0.6 0.45 0.05 0.4 1.0 1.0 0.35 0.75 0.45 0.8 0.15 0.15 0.15 0.8 0.05 0.45 0.0 
-0.017931393451736576 0.47397243520743304 0.39184948213240883 0.9 0.15 0.4 0.95 0.9 0.8 1.0 0.15 0.65 0.6 0.15 0.5 0.9 0.45 0.3 0.95 1.0 0.65 0.0 0.05 0.45 0.05 0.0 0.85 0.55 0.75 0.9 0.65 0.5 0.7 0.15 0.15 0.3 0.8 0.15 0.3 
-0.016563662058946445 0.3190425489381299 0.48868694028479465 0.5 0.55 0.95 0.4 0.6 0.0 0.95 0.15 0.6 0.2 0.7 0.3 0.9 0.45 0.3 0.8 0.95 0.7 1.0 0.6 0.75 0.05 0.4 0.0 1.0 0.3 0.65 0.5 0.15 0.55 0.15 0.15 0.2 0.5 0.0 0.0 
-0.013674926772386176 0.34157942039827316 0.5112264758847878 0.5 0.55 0.9 0.4 0.6 0.0 0.95 0.15 0.6 0.15 0.7 0.1 0.9 0.45 0.25 0.7 1.0 0.7 1.0 0.6 0.1 0.05 0.45 0.65 1.0 0.3 0.65 0.45 0.05 0.55 0.15 0.65 0.2 0.5 0.0 0.55 
-0.015198183307394642 0.48749624527990115 0.37963910409406104 0.9 0.15 0.4 0.4 0.9 0.95 1.0 1.0 0.65 0.25 0.15 0.4 1.0 0.45 0.2 0.85 1.0 0.7 1.0 0.05 0.45 0.05 0.4 0.35 0.55 0.45 0.55 0.65 0.5 0.7 0.15 1.0 0.65 0.5 0.95 0.7 
-0.03418730872704092 0.5735040623343334 0.6173858587047968 0.4 0.35 0.75 0.35 0.7 0.55 0.55 0.55 0.7 0.95 0.25 0.45 0.4 0.3 0.6 1.0 0.15 0.85 0.8 0.25 0.4 0.75 0.45 0.55 1.0 0.35 0.15 0.75 0.95 0.7 0.1 0.85 0.25 0.55 0.35 0.45 
-0.04838891892348228 0.5537602475188932 0.6280783808537961 0.45 0.75 0.7 0.35 0.15 0.9 0.2 0.8 0.7 0.55 0.3 0.5 0.9 0.3 0.6 1.0 0.25 0.95 0.95 0.2 0.4 0.75 0.45 0.6 1.0 0.4 0.15 0.5 0.95 0.7 0.45 0.55 0.6 0.55 0.05 0.85 
-0.04125517733899865 0.488732217138876 0.3653679070999053 0.9 0.15 0.4 0.4 0.9 0.8 1.0 0.15 0.65 0.25 0.15 0.4 0.75 0.45 0.2 0.85 1.0 0.7 0.5 0.05 0.45 0.05 0.4 0.25 0.5 0.75 0.9 0.65 0.5 0.7 0.15 1.0 0.65 0.5 0.95 0.7 
-0.04949462723022091 0.5299606822887934 0.33834261916867536 0.45 0.95 0.6 1.0 0.4 0.5 1.0 0.05 0.7 1.0 0.75 0.6 0.95 0.3 0.15 0.75 0.25 0.95 0.9 0.25 0.4 0.9 0.4 0.6 0.95 0.55 0.15 0.95 0.7 0.75 0.45 0.05 0.6 0.55 0.0 0.45 
-0.09303166990221237 0.5428571973050899 0.6396752122036647 0.45 0.75 0.7 0.35 0.15 0.9 0.2 0.8 0.7 0.55 0.3 0.5 0.9 0.3 0.4 1.0 0.25 0.95 0.95 0.25 0.4 0.75 0.45 0.6 1.0 0.4 0.15 0.5 0.95 0.7 0.45 0.55 0.6 0.55 0.05 0.85 
-0.05087093288613244 0.5090438105783082 0.6361379758749562 0.45 0.75 0.85 0.25 0.15 0.7 0.9 0.6 0.85 1.0 0.3 0.5 0.65 0.2 0.6 0.6 0.1 0.95 0.95 0.25 0.4 0.75 0.6 0.8 1.0 0.35 0.15 0.6 0.95 0.7 0.45 0.6 0.6 0.65 0.55 0.45 
-0.0027334632316909635 0.6433909303757808 0.4623117077008656 0.95 0.75 0.85 0.65 0.55 0.7 1.0 0.05 0.7 0.6 0.7 0.45 1.0 0.4 0.65 0.65 0.25 0.95 0.95 0.25 0.4 0.9 0.45 0.6 1.0 0.35 0.15 0.5 0.95 0.7 0.45 0.15 0.25 0.55 0.6 0.45 
-0.007306508972933639 0.30399940952854954 0.4109078495036317 0.5 0.25 0.85 0.15 0.8 0.9 0.35 0.2 0.65 0.25 0.45 0.9 0.9 0.45 0.3 0.9 0.95 0.7 1.0 0.6 0.75 0.25 0.4 0.95 0.65 0.3 0.75 0.65 0.8 0.4 0.1 0.15 0.65 0.5 0.0 0.65 
-0.01703046909481626 0.669202966758392 0.49768547397606216 0.45 0.4 0.5 0.35 0.15 0.7 1.0 0.6 0.7 0.55 0.3 0.5 0.95 0.3 0.6 0.75 0.25 0.75 0.15 0.25 0.35 0.75 0.55 0.6 1.0 0.35 0.15 0.75 0.95 0.7 0.45 0.85 0.6 0.55 0.85 0.75 
-0.06056855501773617 0.291938159029955 0.45089508092292346 0.5 0.55 0.95 0.4 0.6 0.0 0.95 0.15 0.6 0.2 0.7 0.3 0.9 0.45 0.3 0.8 0.95 0.7 1.0 0.6 0.75 0.05 0.4 0.0 1.0 0.3 0.65 0.45 0.95 0.55 0.15 0.15 0.2 0.5 0.0 0.0 
-0.0719914569460639 0.2893978415474534 0.4350759437095308 0.75 0.4 0.9 0.7 0.5 0.0 0.85 0.15 0.6 0.45 0.45 0.8 0.85 0.45 0.3 0.8 1.0 0.75 0.75 0.6 0.6 0.25 0.2 0.15 1.0 0.1 0.4 0.7 0.85 0.4 0.9 0.85 0.65 0.15 0.3 0.45 
-0.007925973658000733 0.31859726769214836 0.5309494977858878 0.5 0.55 0.1 0.25 0.6 0.0 0.95 0.05 0.75 0.25 0.8 0.3 0.95 0.45 0.3 0.25 1.0 0.7 0.9 0.6 0.45 0.05 0.4 0.35 0.7 0.2 0.65 0.5 0.9 0.4 0.15 0.15 0.65 0.5 0.15 0.35 
-0.06078617710296644 0.6330733809597151 0.5102266994132496 0.45 0.3 0.85 0.35 0.05 0.25 1.0 0.65 0.65 0.85 0.35 0.6 0.9 0.35 0.85 0.7 0.25 0.55 0.75 0.55 0.4 0.75 0.6 0.6 1.0 0.4 0.15 0.95 1.0 0.7 0.45 1.0 0.6 0.8 0.55 0.65 
-0.041704538689487966 0.540229113801973 0.3705549929388406 0.45 0.75 0.7 1.0 0.4 0.7 1.0 0.05 0.8 1.0 0.75 0.6 0.95 0.3 0.3 0.45 0.25 0.95 0.55 0.25 0.4 0.9 0.4 0.6 0.95 0.55 0.15 0.8 0.7 0.75 0.45 0.05 0.6 0.9 0.15 0.45 
-0.002848667556077386 0.6240943872062052 0.5760260382951157 0.45 0.75 0.55 0.35 0.15 0.1 1.0 0.8 0.7 0.35 0.4 0.5 0.85 0.5 0.9 0.65 0.25 0.95 0.95 0.25 0.6 0.9 0.45 0.6 1.0 0.4 0.15 0.5 0.95 0.7 0.45 0.55 0.6 0.3 0.3 0.85 
-0.01027693382512723 0.466995153172561 0.3879406133382479 0.85 0.75 0.4 0.2 0.5 0.25 0.9 0.75 0.65 1.0 1.0 0.5 0.9 0.3 0.6 0.7 0.4 0.95 0.85 0.6 0.05 0.6 0.85 0.2 0.3 0.4 0.95 0.3 1.0 0.7 0.45 0.85 0.1 0.55 0.35 0.45 
-0.06153665164245855 0.38140000970493354 0.653103194983464 0.5 0.55 0.85 0.55 0.95 0.0 0.95 0.15 0.6 0.25 0.75 0.3 0.95 0.45 0.35 0.7 1.0 0.7 0.85 0.6 0.5 0.05 0.4 1.0 1.0 0.3 0.65 0.45 0.8 0.4 0.15 0.15 0.65 0.05 0.5 0.0 
-0.010440288268926547 0.33817984165381354 0.5539115554150629 0.5 0.55 0.95 0.4 0.6 0.0 0.35 0.15 0.7 0.25 0.8 0.3 0.9 0.5 0.35 0.25 1.0 0.7 1.0 0.6 0.35 0.05 0.7 0.65 0.6 0.25 0.65 0.9 0.9 0.55 0.45 0.15 0.2 0.1 0.0 0.0 
-0.00814578872844536 0.2667319183914981 0.4853387860044316 0.5 0.4 0.9 0.55 0.85 0.0 0.95 0.15 0.7 0.25 0.05 0.5 0.95 0.45 0.3 0.7 1.0 0.7 1.0 0.6 0.45 0.15 0.4 0.8 0.85 0.2 0.65 0.7 0.8 0.25 0.15 1.0 0.65 0.4 0.3 0.7 
-0.0956965063145346 0.3271707264349648 0.5854352841187662 0.35 1.0 0.3 0.55 0.6 0.1 0.95 0.15 0.75 0.2 0.2 0.45 0.65 0.45 0.3 0.95 0.0 0.8 1.0 0.6 0.25 0.0 0.5 0.9 0.95 0.3 0.75 0.95 0.95 0.5 0.15 0.15 0.2 0.0 0.55 0.0 
-0.012290011609395515 0.28556765450946375 0.4909304372499793 0.5 0.1 0.85 0.65 0.35 1.0 0.95 0.15 0.6 0.25 0.15 1.0 0.65 0.45 0.3 0.7 1.0 0.7 1.0 0.6 0.25 0.05 0.3 0.7 0.65 0.2 0.65 0.5 0.8 0.4 0.15 0.15 0.65 0.4 0.15 0.4 
-0.04086068453156985 0.49123904703896154 0.3231582024947989 0.65 0.15 0.4 0.4 0.9 0.1 1.0 0.15 0.7 0.25 0.0 0.4 0.8 0.45 0.25 0.85 1.0 0.7 1.0 0.05 0.45 0.05 0.4 0.25 0.5 0.65 0.4 0.65 0.5 0.45 0.55 1.0 0.65 0.4 0.8 0.7 
-0.0016277473893238058 0.3415041182464559 0.5993553364759462 0.95 0.6 0.95 0.4 0.45 0.0 0.8 0.15 0.6 0.2 0.35 0.3 0.65 0.45 0.3 0.8 1.0 0.8 1.0 0.6 0.5 0.95 0.4 0.65 1.0 0.3 0.65 0.45 0.95 0.55 0.15 0.15 0.2 0.5 0.0 0.0 
-0.03560567929899309 0.3765116036860394 0.35227825715711836 0.1 0.0 0.2 0.8 0.15 0.6 0.95 0.85 0.6 0.85 0.95 0.2 1.0 0.35 0.55 0.3 0.1 0.25 1.0 0.6 0.6 0.05 0.8 0.45 0.85 0.45 0.2 0.9 0.25 0.7 0.25 0.3 1.0 0.35 0.25 0.6 
-0.026009478542461276 0.6196743944940235 0.5796705104791664 0.45 0.8 0.85 0.3 0.15 0.7 1.0 0.6 0.65 0.55 0.3 0.5 1.0 0.3 0.6 0.65 0.25 0.6 0.9 0.25 0.4 0.8 0.4 0.6 1.0 0.35 0.15 0.8 0.95 0.7 0.45 0.3 0.6 0.55 0.55 0.45 
-0.05327712526472481 0.6589635464003811 0.5127660962968592 0.55 0.65 0.85 0.35 0.7 0.7 1.0 0.65 0.7 1.0 0.3 0.45 0.4 0.3 0.6 0.45 0.25 0.25 0.75 0.25 0.4 0.75 0.45 0.5 0.9 0.35 0.15 0.75 0.95 0.7 0.05 0.85 0.6 0.45 0.55 0.25 
-0.018840705847121626 0.6501651640931387 0.6445623099316129 0.45 0.35 0.75 0.35 0.7 0.1 0.45 0.65 0.45 0.95 0.3 0.45 0.9 0.3 0.55 1.0 0.25 0.85 0.9 0.25 0.4 0.75 0.45 0.55 1.0 0.6 0.45 0.6 0.95 0.7 0.1 0.85 0.4 0.55 0.55 0.45 
-0.010997806890666465 0.2744267763401743 0.5178899902649944 0.4 0.85 0.9 0.2 0.85 0.0 0.95 0.15 0.6 0.25 0.05 0.95 0.85 0.45 0.3 0.9 1.0 0.7 1.0 0.6 0.5 0.15 0.4 0.3 0.9 0.2 0.65 0.5 0.8 0.4 0.15 0.85 0.65 0.5 0.5 0.4 
-0.02892025913764121 0.4122592115793802 0.36371859779002813 0.0 0.15 0.4 0.85 0.9 0.1 1.0 0.15 0.65 0.25 0.15 0.4 0.8 0.45 0.3 0.9 1.0 0.65 0.95 0.05 0.45 0.05 0.4 0.25 0.6 0.75 0.4 0.65 0.5 0.65 0.15 0.65 0.65 0.5 0.95 0.3 
-0.003918198979174172 0.409457690179831 0.34090873894441287 0.9 0.15 0.4 0.85 0.9 0.1 1.0 0.15 0.65 0.25 0.15 0.4 0.8 0.45 0.3 0.9 1.0 0.65 0.95 0.05 0.45 0.05 0.4 0.25 0.4 0.75 0.5 0.65 0.5 0.65 0.15 0.65 0.65 0.5 0.95 0.3 
-0.0829985131577623 0.5269481820233571 0.3665150677715002 0.95 0.75 0.7 0.45 0.15 0.75 1.0 0.05 0.7 0.95 0.7 0.6 0.9 0.3 0.5 0.65 0.25 0.95 0.7 0.25 0.4 0.85 0.4 0.55 0.95 0.9 0.85 0.5 0.7 0.7 0.45 0.85 0.0 0.75 0.55 0.45 
-2.4715235582738938e-05 0.5752537491182582 0.3821665531591019 0.45 0.75 0.7 1.0 0.4 0.7 1.0 0.05 0.8 1.0 0.75 0.6 0.85 0.3 0.3 0.45 0.25 0.95 0.55 0.2 0.4 0.9 0.4 0.6 0.95 0.55 0.15 0.8 0.7 0.75 0.45 0.05 0.6 0.9 0.4 0.45 
-0.02722062271291936 0.5138213213533651 0.37626934569437126 0.95 0.75 0.7 0.45 0.15 0.75 1.0 0.05 0.7 0.95 0.7 0.6 0.9 0.3 0.5 0.65 0.25 0.95 0.7 0.25 0.4 0.85 0.4 0.55 0.95 0.9 0.85 0.55 0.7 0.7 0.45 0.85 0.0 0.75 0.55 0.45 
-0.01064703817718415 0.6690756411646703 0.5124459515439479 0.45 0.65 0.85 0.35 0.7 0.7 1.0 0.65 0.7 1.0 0.3 0.45 0.4 0.3 0.6 0.45 0.25 0.25 0.75 0.25 0.4 0.75 0.45 0.5 1.0 0.35 0.15 0.75 0.95 0.7 0.1 0.85 0.6 0.45 0.55 0.45 
-0.04804810143017856 0.6463545194336182 0.5385638841255186 0.45 0.75 0.7 0.35 0.15 0.7 1.0 0.05 0.7 0.3 0.7 0.5 0.9 0.3 0.6 0.15 0.25 1.0 0.95 0.25 0.4 0.85 0.45 0.45 1.0 0.35 0.15 0.5 0.95 0.7 0.45 0.1 0.6 0.55 0.55 0.45 
-0.12701128584291957 0.4911873825115173 0.32995084733469093 0.9 0.15 0.4 0.4 0.9 0.0 1.0 0.15 0.65 0.25 0.15 0.4 1.0 0.45 0.2 0.85 1.0 0.7 1.0 0.05 0.45 0.05 0.8 0.25 0.55 0.45 0.55 0.65 0.5 0.7 0.15 1.0 0.65 0.5 0.95 0.7 
-0.029172285032057918 0.298524391221352 0.5369446870575116 0.5 0.55 0.85 0.4 0.6 0.0 0.75 0.15 0.6 0.25 0.65 0.35 0.9 0.45 0.3 0.7 0.0 0.7 0.85 0.6 0.45 0.05 0.4 1.0 1.0 0.3 0.65 0.5 0.8 0.4 0.15 0.15 0.65 0.5 0.15 0.0 
-0.04470880309005528 0.6853990024031399 0.4895150095090169 0.45 0.8 0.5 0.35 0.15 0.0 1.0 0.6 0.7 0.55 0.3 0.4 0.95 0.3 0.6 0.55 0.25 0.75 0.95 0.25 0.4 0.75 0.55 0.6 1.0 0.35 0.15 0.85 0.95 0.7 0.45 0.85 0.6 0.55 0.55 0.75 
-0.0068935015010011536 0.5576405810781876 0.6578890430115615 0.45 0.75 0.7 0.35 0.15 0.9 0.2 0.8 0.7 0.55 0.3 0.5 0.9 0.3 0.6 0.65 0.25 0.95 0.95 0.25 0.4 0.9 0.45 0.6 1.0 0.4 0.15 0.5 0.95 0.7 0.45 0.55 0.6 0.55 0.05 0.85 
-0.00048716671389472695 0.5624737034881804 0.3804810513224848 0.45 0.75 0.7 0.35 0.15 0.7 1.0 0.05 0.7 1.0 0.7 0.6 0.95 0.3 0.6 0.75 0.25 0.95 0.9 0.25 0.4 0.75 0.45 0.6 0.95 0.45 0.15 0.5 0.7 0.7 0.45 0.85 0.6 0.55 0.15 0.45 
-0.004396183142978329 0.3452039075298932 0.3764971993951273 0.5 0.15 0.95 0.4 0.6 0.0 0.95 0.45 0.75 0.2 0.7 0.3 0.9 0.45 0.3 0.8 0.95 0.7 1.0 0.6 0.75 0.05 0.4 0.0 1.0 0.3 0.65 0.45 0.95 0.55 0.15 0.15 0.2 0.5 0.0 0.0 
-0.0019357919995581301 0.4016250343558118 0.6471822660914641 0.1 0.55 0.05 0.55 0.4 0.1 0.95 0.15 0.75 0.1 0.45 0.3 1.0 0.85 0.3 0.5 1.0 0.75 1.0 0.6 0.25 0.35 0.5 0.65 1.0 0.3 0.6 0.95 0.95 0.05 0.15 0.15 0.2 0.75 0.0 0.85 
-0.10707627568855566 0.5538392061968486 0.33885549518206026 0.45 0.05 0.7 1.0 0.4 0.7 1.0 0.05 0.45 1.0 0.75 0.6 0.95 0.3 0.3 0.6 0.25 0.95 0.7 0.25 0.4 0.9 0.4 0.6 0.95 1.0 0.15 0.9 0.7 0.75 0.45 0.05 0.6 0.9 0.55 0.45 
-0.01017780077168909 0.6522230601016523 0.6205445939922193 0.45 0.75 0.85 0.95 0.7 0.7 0.35 0.65 0.7 1.0 0.3 0.5 0.9 0.3 0.7 0.4 0.25 0.85 0.95 0.25 0.4 0.75 0.45 0.55 1.0 0.35 0.15 0.65 0.95 0.7 0.45 0.75 0.35 0.55 0.55 0.45 
-0.03383533839886104 0.5885049248994083 0.6272238335447571 0.3 1.0 0.85 0.35 0.7 0.7 1.0 0.65 0.7 1.0 0.3 0.5 1.0 0.3 1.0 0.95 0.3 0.85 0.9 0.25 0.4 0.75 0.45 0.55 1.0 0.35 0.15 0.75 0.95 0.7 0.1 0.9 0.6 0.55 0.75 0.45 
-0.03659213102546877 0.47524676356137713 0.34899823806030106 0.9 0.15 0.4 0.45 0.9 0.0 1.0 0.15 0.65 0.25 0.15 0.4 1.0 0.45 0.2 0.85 1.0 0.7 1.0 0.05 0.45 0.05 0.95 0.25 0.55 0.45 0.55 0.65 0.5 0.7 0.15 1.0 0.65 0.5 0.95 0.7 
-0.007971244109395743 0.3129242088832287 0.5732058613336632 0.5 0.4 0.95 0.4 0.6 0.55 0.0 0.15 0.6 0.2 0.7 0.3 0.9 0.45 0.3 0.7 1.0 0.7 1.0 0.6 0.25 0.05 0.4 0.65 1.0 0.3 0.35 0.75 0.95 0.55 0.15 0.15 0.2 0.2 0.05 0.0 
-0.006477123821348053 0.6496204228725494 0.5525344236238401 0.45 0.8 0.5 0.35 0.15 0.7 1.0 0.6 0.7 0.55 0.3 0.5 0.1 0.3 0.6 0.65 0.25 0.6 0.95 0.25 0.35 0.75 0.55 0.6 1.0 0.35 0.15 0.75 0.95 0.7 0.45 0.85 0.6 0.55 0.55 0.75 
-0.04255281080151054 0.6297066244253438 0.6327001067777874 0.45 0.8 0.85 0.35 0.15 0.7 1.0 0.6 0.7 0.55 0.3 0.5 0.6 0.3 0.6 0.65 0.25 0.6 0.95 0.25 0.4 0.75 0.45 0.6 0.85 0.35 0.15 0.5 0.95 0.7 0.45 0.3 0.6 0.55 0.55 0.45 
-0.001476700680540833 0.651852903820652 0.606416332435273 0.45 0.75 0.85 0.35 0.7 0.7 0.65 0.65 0.7 1.0 0.3 0.5 1.0 0.3 0.65 0.65 0.25 0.8 0.9 0.25 0.35 0.75 0.45 0.55 1.0 0.35 0.15 0.65 0.95 0.7 0.45 0.85 0.6 0.55 0.55 0.45 
-0.07953755567873738 0.2533760705359521 0.45384222794071616 0.5 0.25 0.85 0.4 0.8 1.0 0.95 0.15 0.65 0.25 0.1 0.9 0.9 0.45 0.3 0.9 0.95 0.7 1.0 0.6 0.25 0.3 0.4 0.95 0.95 0.35 0.75 0.45 0.8 0.4 0.95 0.95 0.65 0.5 0.15 0.65 
-0.010026827088985673 0.628869517846687 0.60686985684796 0.45 0.65 0.5 0.3 0.5 0.7 1.0 0.6 0.35 0.55 0.3 0.5 0.95 0.75 0.8 0.6 0.2 0.75 0.95 0.25 0.35 0.75 0.6 0.6 1.0 0.35 0.15 0.9 0.95 0.7 0.05 0.85 0.6 0.55 0.55 0.75 
-0.011591548261903142 0.5974578782393042 0.6605461332961369 0.45 0.75 0.7 0.35 0.15 0.9 0.75 0.8 0.7 0.55 0.3 0.5 0.9 0.3 0.6 0.65 0.25 0.85 0.95 0.25 0.4 0.9 0.45 0.6 1.0 0.4 0.15 0.5 0.95 0.7 0.45 1.0 0.6 0.55 0.05 0.85 
-0.017461968238788556 0.5973270671830334 0.6508243624574179 0.85 0.8 0.5 0.35 0.15 0.7 0.45 0.6 0.4 0.55 0.3 0.5 0.95 0.3 0.6 0.65 0.25 0.75 0.95 0.25 0.35 0.7 0.55 0.6 1.0 0.35 0.15 0.75 0.95 0.7 0.45 0.85 0.6 0.55 0.55 0.75 
-0.0014806618536741501 0.3166893875833314 0.5840239417744527 0.5 1.0 0.9 0.4 0.6 0.0 0.95 0.15 0.6 0.2 0.7 0.45 0.9 0.45 0.25 0.7 1.0 0.7 0.7 0.6 0.5 0.05 0.65 0.65 1.0 0.3 0.45 0.85 0.95 0.55 0.15 0.4 0.2 0.7 0.0 0.0 
-0.015968474527709747 0.6943991537732331 0.5648895024588759 0.45 0.8 0.85 0.3 0.15 0.7 1.0 0.6 0.65 0.55 0.3 0.5 1.0 0.3 0.6 0.65 0.25 0.6 0.9 0.25 0.4 0.8 0.5 0.6 1.0 0.35 0.15 0.8 0.95 0.7 0.45 0.3 0.6 0.55 0.55 0.45 
-0.005228772879771027 0.6681130581610959 0.5730139254557577 0.45 0.35 0.75 0.35 0.7 0.75 0.85 0.95 0.7 0.2 0.3 0.45 0.9 0.3 0.55 1.0 0.25 0.85 0.9 0.25 0.4 0.75 0.45 0.55 1.0 0.35 0.15 0.75 0.95 0.7 1.0 0.85 0.6 0.55 0.55 0.45 
-0.010149325041516437 0.6229781175985571 0.3741985476415507 0.15 0.75 0.7 1.0 0.5 0.7 1.0 0.05 0.7 0.9 0.7 0.6 0.95 0.3 0.6 0.75 0.25 0.95 0.9 0.25 0.5 0.9 0.4 0.6 0.7 0.1 0.2 0.5 0.7 0.7 0.45 0.85 0.75 0.9 0.15 0.45 
-0.00037749155473480424 0.30517502514320693 0.4059006144483566 0.75 0.4 0.9 0.15 0.5 0.0 0.95 0.15 0.6 0.25 0.45 0.8 0.85 0.45 0.3 0.8 1.0 0.75 0.75 0.6 0.6 0.25 0.2 0.15 1.0 0.2 0.4 0.2 0.85 0.4 0.9 0.85 0.65 0.15 0.3 0.45 
-0.010085457419518728 0.6280296505052149 0.6519685974332635 0.45 0.35 0.75 0.35 0.7 0.75 0.85 0.55 0.7 0.95 0.3 0.45 0.9 0.05 0.55 1.0 0.25 0.85 0.9 0.25 0.4 0.75 0.45 0.55 1.0 0.35 0.15 0.6 0.95 0.7 0.1 0.85 0.4 0.55 0.55 0.45 
-0.06108906410823929 0.6690790092956331 0.42860678161858057 0.45 0.3 0.85 0.35 0.05 0.25 1.0 0.65 0.65 0.85 0.35 0.6 0.9 0.35 0.85 0.7 0.25 0.55 0.5 0.25 0.4 0.75 0.6 0.6 1.0 0.4 0.15 0.95 1.0 0.7 0.45 1.0 0.6 0.8 0.55 0.65 
-0.028786382496075933 0.7016180075992273 0.5864387979939102 0.45 0.8 0.5 0.35 0.15 0.7 1.0 0.6 0.4 0.55 0.3 0.5 0.95 0.3 0.8 0.65 0.25 0.8 0.95 0.25 0.35 0.75 0.55 0.6 1.0 0.35 0.15 0.75 0.95 0.7 0.45 0.85 0.6 0.55 0.55 0.75 
-0.005056093885125654 0.6667138788636939 0.46747948627084845 0.0 0.75 0.7 0.35 0.15 0.15 1.0 0.05 0.7 0.45 0.7 0.5 0.95 0.3 0.6 0.3 0.25 0.95 0.95 0.25 0.4 0.85 0.45 0.45 1.0 0.35 0.15 0.5 0.95 0.7 0.45 0.85 0.6 0.55 0.55 0.45 
-0.011574801292973726 0.6235162205646897 0.4044416285093382 0.45 0.8 0.85 0.35 0.35 0.25 1.0 0.65 0.7 0.6 0.45 0.65 1.0 0.35 0.65 0.65 0.25 0.25 0.95 0.35 0.4 0.75 0.5 0.65 1.0 0.4 0.15 0.75 1.0 0.7 0.45 0.1 0.6 0.55 0.55 0.4 
-0.02518432037129947 0.6527820823147542 0.41201368145303624 0.45 0.65 0.85 0.35 0.7 0.7 1.0 0.65 0.7 1.0 0.3 0.45 0.9 0.3 0.6 0.45 0.25 0.25 0.75 0.25 0.4 0.75 0.45 0.6 1.0 0.35 0.15 0.75 0.95 0.7 0.1 0.85 0.6 0.55 0.4 0.45 
-0.0017482463843986908 0.5728102634207627 0.6542386992268133 0.45 0.75 0.7 0.35 0.15 0.9 1.0 0.8 0.7 0.55 0.3 0.5 0.85 0.6 0.75 0.65 0.25 0.95 0.95 0.25 0.4 0.9 0.45 0.6 1.0 0.4 0.15 0.5 0.95 0.7 0.45 0.55 0.6 0.3 0.05 0.85 
-0.010512952476998171 0.6051573617594281 0.6350559066343066 0.45 1.0 0.85 0.35 0.7 0.7 1.0 0.65 0.7 1.0 0.3 0.5 1.0 0.3 1.0 0.95 0.25 0.85 0.9 0.25 0.4 0.75 0.45 0.55 1.0 0.35 0.15 0.75 0.95 0.7 0.1 0.85 0.6 0.55 0.75 0.45 
-0.007527197199369316 0.6844790492472765 0.5687332041379085 0.45 0.8 0.5 0.05 0.15 0.7 1.0 0.55 0.4 0.55 0.3 0.5 0.95 0.3 0.8 0.65 0.25 0.75 0.95 0.25 0.35 0.75 0.55 0.6 0.85 0.35 0.15 0.75 0.95 0.7 0.45 0.85 0.6 0.55 0.55 0.75 
-0.0032228143516044166 0.3274448078383374 0.6344829305882782 0.5 0.55 0.85 1.0 0.6 1.0 0.95 0.15 0.6 0.05 0.35 0.25 0.95 0.45 0.3 0.7 1.0 0.7 1.0 0.6 0.45 0.05 0.4 1.0 1.0 0.3 0.65 0.65 0.8 0.4 0.15 0.15 0.65 0.5 0.15 0.0 
-0.08611009823551112 0.42846913369111156 0.667447855729425 0.7 0.8 0.7 0.2 0.75 0.5 0.9 0.3 0.05 0.4 0.2 0.75 1.0 0.0 0.5 0.9 0.1 0.45 0.95 0.75 0.45 0.55 0.5 0.75 0.45 0.95 0.2 0.95 0.85 0.45 0.3 0.6 0.95 0.2 0.05 0.65 
-0.05657898102835104 0.31456401535404965 0.6121181028022853 0.1 0.55 0.95 0.6 0.6 0.1 0.95 0.15 0.6 0.2 0.7 0.3 0.9 0.45 0.3 0.7 1.0 0.7 1.0 0.6 0.7 0.05 0.2 0.75 0.95 0.3 0.65 0.6 0.95 0.55 0.15 0.15 0.2 0.5 0.0 0.0 
-0.01405650448168413 0.24787054553932192 0.4599165596636775 0.5 0.25 0.85 0.4 0.55 0.9 0.95 0.2 0.7 0.25 0.1 0.9 0.9 0.45 0.3 0.85 0.95 0.7 1.0 0.6 0.75 0.25 0.5 0.95 0.95 0.3 0.75 0.45 0.8 0.4 0.95 0.15 0.65 0.5 0.15 0.15 
-0.005970238514103491 0.33871073093359305 0.6355960576286424 0.5 0.55 0.9 0.4 0.6 0.0 0.95 0.15 0.6 0.15 0.7 0.1 0.9 0.45 0.25 0.7 1.0 0.7 1.0 0.6 0.65 0.05 0.45 0.65 1.0 0.3 0.65 0.45 0.95 0.55 0.15 0.65 0.2 0.5 0.0 0.55 
-0.08383639945826778 0.665399903189237 0.5966726633959161 0.45 0.8 0.5 0.35 0.15 0.7 1.0 0.6 0.4 0.55 0.3 0.5 0.95 0.3 0.6 0.65 0.25 0.95 0.95 0.25 0.4 0.75 0.55 0.6 1.0 0.35 0.15 0.5 0.95 0.7 0.45 0.85 0.6 0.55 0.55 0.75 
-0.051585306897011324 0.34585739499736323 0.40063353511809285 0.1 0.4 0.9 0.15 0.85 0.0 0.95 0.15 0.65 0.5 0.45 0.8 0.85 0.45 0.3 0.7 1.0 0.75 0.75 0.6 0.6 0.3 0.2 0.15 1.0 0.2 0.4 0.5 1.0 0.4 0.9 0.85 0.65 0.15 0.5 0.4 
-0.0005151241720427022 0.6810348128159809 0.5331481941308734 0.45 0.8 0.5 0.35 0.15 0.0 1.0 0.6 0.7 0.55 0.3 0.5 0.95 0.3 0.6 0.55 0.25 0.75 0.95 0.0 0.05 0.75 0.55 0.6 1.0 0.35 0.15 0.9 0.95 0.7 0.45 0.85 0.6 0.55 0.55 0.75 
-0.0004871263131234839 0.3291282929074628 0.6621536553228081 0.85 0.55 0.3 0.55 0.6 0.1 0.95 0.15 0.75 0.2 0.6 0.25 1.0 0.45 0.3 0.5 1.0 0.7 1.0 0.6 0.25 0.5 0.5 0.65 0.95 0.3 0.65 0.45 0.95 0.55 0.15 0.15 0.2 0.5 0.0 0.0 
-160.10754153468218 0.5187212884399623 0.2847547441847835 0.9 0.15 0.4 0.4 0.9 0.95 1.0 0.05 0.65 0.9 0.15 0.45 0.8 0.45 0.3 1.0 1.0 0.7 1.0 0.05 0.45 0.05 0.5 0.85 0.75 0.75 0.0 0.65 0.5 0.7 0.15 0.15 0.15 0.5 0.15 0.3 
-0.029329856942843752 0.6772785656347164 0.6259553841584454 0.45 0.35 0.45 0.35 0.7 0.55 0.35 0.55 0.4 0.95 0.3 0.45 0.9 0.3 0.8 1.0 0.25 0.85 0.9 0.25 0.4 0.75 0.45 0.55 1.0 0.35 0.15 0.75 0.95 0.7 0.1 0.85 0.6 0.55 0.55 0.45 
-0.017281265825043853 0.6974717299680117 0.5316619941047106 0.45 0.8 0.5 0.35 0.15 0.0 1.0 0.6 0.7 0.55 0.3 0.5 0.95 0.3 0.6 0.55 0.25 0.75 0.95 0.25 0.35 0.75 0.55 0.6 1.0 0.35 0.15 0.9 0.95 0.7 0.45 0.85 0.6 0.55 0.55 0.75 
-0.14139612885099084 0.6972236248980502 0.6268532645992869 0.45 0.7 0.85 0.35 0.7 0.5 0.85 0.6 0.7 1.0 0.3 0.45 0.9 0.3 0.6 1.0 0.25 0.85 0.9 0.25 0.4 0.75 0.45 0.55 1.0 0.35 0.15 0.75 0.95 0.7 0.1 0.85 0.6 0.55 0.55 0.45 
-0.043305902558503154 0.6720550336399121 0.44106138358114655 0.45 0.3 0.85 0.35 0.95 0.25 1.0 0.65 0.65 1.0 0.35 0.5 0.8 0.35 0.85 0.25 0.25 0.55 0.95 0.25 0.25 0.75 0.65 0.6 1.0 0.4 0.15 0.95 1.0 0.7 0.15 0.85 0.6 0.4 0.55 0.2 
-0.033107052506186715 0.6806251852702184 0.5816614872333125 0.45 0.8 0.5 0.05 0.15 0.7 1.0 0.55 0.4 0.55 0.3 0.5 0.95 0.3 0.8 0.65 0.25 0.75 0.95 0.25 0.35 0.75 0.55 0.6 1.0 0.35 0.15 0.75 0.95 0.7 0.45 0.85 0.6 0.55 0.55 0.75 
-159.9833390439137 0.5457840345029527 0.29825709870994854 0.9 1.0 0.4 0.4 0.9 0.1 1.0 0.15 0.65 0.3 0.15 0.4 1.0 0.45 0.25 0.9 1.0 0.7 1.0 0.05 0.45 0.3 0.4 0.8 0.4 0.75 0.65 0.65 0.5 0.7 0.15 0.15 0.65 0.5 0.95 0.3 
-0.023749621464535603 0.45204059657124473 0.3442589668012135 0.3 0.15 0.4 0.4 0.9 0.1 0.65 0.15 0.65 0.25 0.15 0.4 1.0 0.45 0.25 0.9 0.05 0.7 1.0 0.05 0.45 0.05 0.4 0.0 0.55 0.75 0.65 0.6 0.5 0.7 0.15 0.75 0.65 0.85 0.95 0.3 
-0.023111985562892366 0.6906180332454174 0.6422602130818659 0.45 0.35 0.75 0.35 0.7 0.75 0.85 0.55 0.7 0.95 0.3 0.45 0.9 0.3 0.55 1.0 0.25 0.85 0.9 0.25 0.4 0.75 0.45 0.55 1.0 0.35 0.15 0.75 0.95 0.7 0.1 0.85 0.6 0.55 0.55 0.45 
-0.19769720323213966 0.2611626519005631 0.4302164512977106 0.5 0.25 0.85 0.4 0.8 1.0 0.95 0.15 0.65 0.25 0.1 0.9 0.9 0.45 0.3 0.9 0.95 0.7 1.0 0.6 0.75 0.3 0.4 0.95 0.95 0.35 0.75 0.45 0.8 0.4 0.95 0.15 0.65 0.5 0.15 0.65 
-0.003307550290447189 0.25446575586306996 0.48542400996773694 0.4 0.85 0.9 0.2 0.85 0.0 0.95 0.15 0.6 0.25 0.05 0.95 0.85 0.45 0.3 0.7 1.0 0.7 1.0 0.6 0.5 0.15 0.4 0.3 0.9 0.2 0.65 0.5 0.8 0.4 0.15 0.85 0.65 0.5 0.5 0.4 
-0.003881384112224169 0.6124649237663946 0.6764448679967091 0.45 0.75 0.7 0.35 0.15 0.9 1.0 0.75 0.7 1.0 0.3 0.5 0.85 0.3 0.7 0.65 0.3 0.95 0.95 0.25 0.4 0.9 0.45 0.6 1.0 0.4 0.15 0.5 0.95 0.7 0.45 0.55 0.6 0.55 0.75 0.35 
-0.013959332934078311 0.3276313517233044 0.3737058695762365 0.1 0.0 0.2 0.8 0.15 0.6 0.95 0.85 0.6 0.85 0.95 0.2 1.0 0.35 0.55 0.3 0.1 0.25 1.0 0.6 0.6 0.2 0.8 0.45 0.85 0.45 0.3 0.9 0.25 0.7 0.25 0.35 1.0 0.35 0.25 0.6 
-0.03155296979278548 0.532256858459888 0.34096643617264877 0.45 0.95 0.6 1.0 0.4 0.7 1.0 0.05 0.7 1.0 0.75 0.6 0.95 0.3 0.15 0.75 0.25 0.95 0.9 0.25 0.4 0.9 0.4 0.6 0.95 0.55 0.15 0.95 0.7 0.75 0.45 0.05 0.6 0.55 0.0 0.45 
-0.029918078385710513 0.25824438003548744 0.5105892072669409 0.5 0.55 0.85 0.55 0.6 0.0 0.95 0.15 0.6 0.0 0.35 0.45 0.95 0.45 0.3 0.7 1.0 0.7 1.0 0.6 0.5 0.05 0.4 1.0 1.0 0.3 0.65 0.5 0.8 0.4 0.15 0.15 0.65 0.5 0.15 0.0 
-0.03682355130318672 0.5829371093535628 0.6779322055436352 0.45 0.75 0.7 0.35 0.15 0.9 1.0 0.8 0.6 0.4 0.3 0.5 0.85 0.3 0.75 0.65 0.45 0.95 0.95 0.25 0.4 0.9 0.45 0.6 1.0 0.4 0.15 0.5 0.95 0.7 0.3 0.55 0.6 0.55 0.05 0.75 
-0.01243291290953946 0.2981365906125377 0.5464120664356596 0.5 0.55 0.85 0.55 0.6 0.0 0.95 0.15 0.6 0.25 0.35 0.3 0.95 0.45 0.3 0.7 1.0 0.7 1.0 0.6 0.45 0.05 0.4 0.0 1.0 0.3 0.65 0.5 0.8 0.35 0.55 0.15 0.65 0.5 0.15 0.0 
-0.018214988358206886 0.2913261973297001 0.6012945937458078 0.5 0.55 0.9 0.4 0.6 0.0 0.95 0.15 0.6 0.15 0.7 0.3 0.9 0.45 0.25 0.7 1.0 0.7 1.0 0.6 0.65 0.05 0.4 0.65 1.0 0.3 0.65 0.45 0.95 0.55 0.15 0.65 0.2 0.5 0.0 0.0 
-0.16665689156603972 0.6589155993579563 0.6530888173456635 0.45 0.8 0.5 0.35 0.15 0.7 1.0 0.75 0.25 0.55 0.3 0.5 0.95 0.3 0.6 0.65 0.25 0.75 0.95 0.25 0.35 0.75 0.55 0.6 1.0 0.35 0.15 0.75 0.95 0.7 0.45 0.85 0.6 0.55 0.55 0.4 
-0.07082868568812943 0.43706048127984654 0.2951319965323712 0.9 0.15 0.4 0.4 0.9 0.1 1.0 0.15 0.7 0.25 0.3 0.4 0.8 0.45 0.25 0.85 1.0 0.7 1.0 0.05 0.45 0.05 0.4 0.25 0.5 0.65 0.5 0.65 0.5 0.7 0.55 1.0 0.65 0.5 0.8 0.7 
-0.02569558925296367 0.694454103594637 0.47015757105569955 0.45 0.8 0.5 0.3 0.5 0.7 1.0 0.6 0.35 0.55 0.3 0.55 0.95 0.3 0.55 0.6 0.2 0.15 0.95 0.25 0.35 0.75 0.6 0.6 1.0 0.35 0.15 0.75 0.95 0.7 0.05 0.85 0.6 0.55 0.55 0.75 
-0.012869610711319477 0.47761571379238915 0.3218028688959673 0.65 0.15 0.4 0.4 0.9 0.1 1.0 0.15 0.7 0.25 0.0 0.4 0.8 0.45 0.25 0.85 1.0 0.7 1.0 0.05 0.45 0.05 0.4 0.25 0.5 0.65 0.5 0.65 0.5 0.45 0.55 1.0 0.65 0.4 0.8 0.7 
-0.01748188961709559 0.2667503855660034 0.5379128984180266 0.4 0.85 0.9 0.2 0.85 0.0 0.95 0.15 0.6 0.25 0.05 0.6 0.85 0.45 0.3 0.7 1.0 0.7 1.0 0.6 0.5 0.15 0.4 0.55 0.9 0.2 0.65 0.5 0.8 0.4 0.15 0.85 0.65 0.5 0.5 0.4 
-0.014135244146695454 0.3897028003890062 0.6638747932538367 0.7 0.8 0.7 0.2 0.75 0.6 0.25 0.05 0.05 0.3 0.2 0.75 1.0 0.0 0.5 0.9 0.1 0.5 0.95 0.75 0.45 0.55 0.5 0.75 0.45 0.95 0.2 0.95 0.85 0.45 0.3 0.6 0.95 0.2 0.05 0.65 
-0.4565052178424334 0.3718735701344782 0.6662703454680053 0.1 0.55 0.05 0.55 0.75 0.1 0.95 0.15 0.75 0.1 0.7 0.3 1.0 0.85 0.3 0.5 1.0 0.75 0.65 0.6 0.35 0.35 0.5 0.65 1.0 0.3 0.75 0.8 0.95 0.5 0.15 0.15 0.2 0.75 0.0 0.85 
-0.08060523156361486 0.6761703574149204 0.41768241390083066 0.45 1.0 0.85 0.6 0.7 0.7 1.0 0.65 0.7 0.9 0.3 0.45 0.9 0.3 0.6 0.45 0.25 0.25 0.55 0.25 0.5 0.75 0.45 0.55 1.0 0.35 0.15 0.75 0.95 0.7 0.1 0.85 0.6 0.55 0.55 0.45 
-0.034341070141318104 0.45658552261719554 0.3199807337590105 0.9 0.15 0.4 0.4 0.9 0.1 0.65 0.15 0.65 0.25 0.15 0.4 1.0 0.45 0.25 0.9 1.0 0.7 1.0 0.05 0.45 0.05 0.4 0.8 0.55 0.75 0.65 0.65 0.5 0.7 0.15 0.15 0.65 0.85 0.95 0.3 
-0.0008800774779875886 0.6437234948894862 0.3740644401154264 0.75 0.8 0.95 1.0 0.35 0.2 1.0 0.65 0.7 1.0 0.45 0.65 0.9 0.35 0.65 0.65 0.25 0.3 0.45 0.6 0.4 0.75 0.5 0.6 1.0 0.4 0.15 0.55 1.0 0.7 0.45 0.85 0.6 0.35 0.55 0.4 
-0.12717670766188205 0.3660606953410399 0.3561731498562915 0.9 0.15 0.4 0.4 0.9 0.1 1.0 0.15 0.8 0.25 0.15 0.4 1.0 0.45 0.35 0.9 1.0 0.7 1.0 0.05 0.45 0.05 0.3 0.25 0.55 0.75 0.65 0.65 0.5 0.7 0.6 0.15 0.95 0.5 0.15 0.3 
-0.037899671050090976 0.5921829641031358 0.38304312769398957 0.1 0.15 0.9 0.35 0.15 1.0 1.0 0.05 0.7 0.95 0.7 0.6 0.55 0.3 0.25 0.65 0.25 0.95 0.9 0.25 0.4 0.7 0.4 0.55 0.55 0.7 0.6 0.45 0.7 0.7 0.45 0.85 0.0 0.65 0.55 0.45 
-0.045154581468671365 0.3694919803734865 0.657902071265963 0.5 0.55 0.85 0.55 0.6 0.0 0.95 0.15 0.6 0.25 0.75 0.3 0.95 0.45 0.3 0.7 1.0 0.7 1.0 0.6 0.45 0.05 0.4 1.0 1.0 0.35 0.65 0.8 0.8 0.4 0.15 0.15 0.65 0.05 0.6 0.0 
-0.29508408771739114 0.713215590765321 0.5778050503349506 0.45 0.8 0.5 0.35 0.15 0.7 1.0 0.6 0.25 0.55 0.3 0.5 0.95 0.3 0.6 0.65 0.25 0.75 0.95 0.25 0.35 0.75 0.55 0.6 1.0 0.35 0.15 0.75 0.95 0.7 0.45 0.85 0.6 0.55 0.55 0.75 
-0.0007795724834373859 0.28183666954737674 0.5808892978708531 0.5 0.55 0.9 0.4 0.6 0.0 0.95 0.15 0.6 0.2 0.7 0.6 0.95 0.45 0.25 0.7 1.0 0.7 1.0 0.6 0.4 0.05 0.1 0.65 1.0 0.3 0.65 0.45 0.95 0.55 0.15 0.15 0.2 0.7 0.0 0.0 
-6.921493987138931 0.49963270032361684 0.30059073663955993 0.9 0.15 0.4 0.4 0.9 0.1 1.0 0.15 0.65 0.25 0.0 0.4 1.0 0.45 0.25 0.9 1.0 0.7 1.0 0.05 0.45 0.05 0.4 0.8 0.4 0.75 0.85 0.65 0.5 0.7 0.15 0.15 0.65 0.5 0.95 0.3 
-0.015559856407693938 0.43001442302771276 0.3311942010054738 0.9 0.15 0.4 0.85 0.9 0.1 1.0 0.15 0.65 0.25 0.15 0.4 0.8 0.45 0.25 0.9 1.0 0.65 0.95 0.05 0.45 0.05 0.4 0.25 0.4 0.75 0.5 0.7 0.5 0.65 0.15 0.65 0.65 0.5 0.95 0.3 
-0.04257818310031663 0.2771194607618337 0.4083927146563915 0.75 0.4 0.9 0.15 0.5 0.0 0.95 0.15 0.6 0.25 0.45 0.8 0.85 0.45 0.3 0.8 1.0 0.75 0.75 0.6 0.6 0.25 0.2 0.15 1.0 0.2 0.4 0.7 0.85 0.4 0.9 0.85 0.65 0.15 0.3 0.45 
-0.5575261475723525 0.39050633434221194 0.3330462632821255 0.9 0.15 0.95 0.85 0.9 0.1 1.0 0.15 0.7 0.4 0.15 0.4 0.8 0.45 0.25 0.85 1.0 0.7 1.0 0.05 0.45 0.05 0.05 0.1 0.9 0.65 0.5 0.65 0.5 0.7 0.05 1.0 0.55 0.5 0.25 0.1 
-0.00802598003351694 0.6542841617181353 0.37788738361822477 0.75 0.8 0.25 1.0 0.35 0.2 1.0 0.65 0.7 1.0 0.45 0.65 0.9 0.35 0.65 0.65 0.25 0.3 0.45 0.25 0.4 0.75 0.5 0.6 1.0 0.4 0.15 0.55 1.0 0.7 0.45 0.85 0.6 0.55 0.55 0.4 
-0.04115358060168702 0.2768741915641656 0.5663494132791665 0.85 0.55 0.05 0.55 0.6 0.1 0.95 0.15 0.75 0.2 0.7 0.3 1.0 0.5 0.3 0.5 1.0 0.75 1.0 0.5 0.5 0.35 0.5 0.65 0.95 0.3 0.6 0.45 0.95 0.5 0.15 0.15 0.2 0.5 0.0 0.0 
-0.015984996867292225 0.31326241925615506 0.6478428734530581 0.6 0.55 0.3 0.55 0.2 0.95 0.95 0.15 0.55 0.2 0.7 0.25 1.0 0.5 0.3 0.7 1.0 0.7 1.0 0.6 0.25 0.0 0.4 0.75 0.95 0.3 0.65 0.45 0.95 0.55 0.15 0.15 0.95 0.5 0.0 0.0 
-0.01447837922091455 0.3167406644332146 0.6575017642638237 0.85 0.55 0.3 0.55 0.6 0.1 0.95 0.15 0.75 0.1 0.7 0.25 1.0 0.45 0.3 0.5 1.0 0.7 1.0 0.6 0.25 0.5 0.5 0.65 0.95 0.3 0.75 0.5 0.95 0.55 0.15 0.15 0.2 0.15 0.0 0.0 
-0.01857031720219808 0.28709364519537883 0.6204651662459789 0.0 0.55 0.3 0.55 0.2 0.95 0.95 0.15 0.75 0.2 0.7 0.25 1.0 0.5 0.3 0.7 1.0 0.7 1.0 0.6 0.55 0.15 0.4 0.65 0.95 0.3 0.65 0.45 0.95 0.55 0.15 0.15 0.95 0.5 0.0 0.0 
-0.21456845807602137 0.3557531201430578 0.6766070733252495 0.5 0.4 0.95 0.4 0.6 0.1 0.7 0.15 0.6 0.2 0.7 0.3 0.9 0.45 0.3 0.7 1.0 0.7 1.0 0.6 0.25 0.05 0.4 0.65 1.0 0.3 0.8 0.75 0.95 0.55 0.15 0.15 0.2 0.5 0.05 0.0 
-0.011020953656454726 0.5434564722067229 0.6622786604811712 0.45 0.75 0.7 0.35 0.15 0.9 0.2 0.8 0.7 0.55 0.3 0.5 0.9 0.3 0.6 1.0 0.25 0.95 0.95 0.25 0.4 0.75 0.45 0.6 1.0 0.4 0.15 0.5 0.95 0.7 0.45 0.55 0.6 0.55 0.05 0.85 
-0.02221208348825013 0.2921095235762913 0.40312554397665323 0.5 0.25 0.85 0.45 0.8 0.9 0.95 0.2 0.65 0.25 0.1 0.9 0.9 0.45 0.3 0.85 0.95 0.7 1.0 0.6 0.75 0.25 0.5 0.0 0.95 0.3 0.75 0.45 0.8 0.4 0.95 0.15 0.65 0.5 0.15 0.15 
-0.0028470843434914095 0.6846400616850228 0.4515959966263559 0.45 0.3 0.85 0.35 0.05 0.25 1.0 0.65 0.65 0.85 0.35 0.5 0.9 0.35 0.85 0.7 0.25 0.55 0.95 0.25 0.4 0.75 0.6 0.6 1.0 0.4 0.15 0.95 1.0 0.7 0.45 1.0 0.6 0.55 0.55 0.2 
-0.050692486213539556 0.6994427173471401 0.44984292654493785 0.45 0.3 0.85 0.35 0.05 0.25 1.0 0.65 0.65 0.85 0.35 0.5 0.9 0.35 0.85 0.7 0.25 0.55 0.95 0.25 0.25 0.75 0.65 0.6 1.0 0.4 0.15 0.95 1.0 0.7 0.45 0.1 0.6 1.0 0.55 0.2 
-0.04683194727348992 0.7001905838373177 0.4992630025726639 0.45 0.8 0.5 0.3 0.5 0.7 1.0 0.6 0.35 0.55 0.3 0.5 0.7 0.3 0.6 0.6 0.2 0.15 0.95 0.25 0.35 0.75 0.6 0.6 1.0 0.35 0.15 0.75 0.95 0.7 0.1 0.85 0.6 0.55 0.55 0.4 
-0.06469016118359838 0.30333023416635174 0.6457625196469188 0.0 0.55 0.3 0.55 0.2 0.95 0.95 0.15 0.75 0.2 0.7 0.25 1.0 0.5 0.3 0.7 1.0 0.7 1.0 0.6 0.55 0.15 0.4 0.65 0.95 0.3 0.65 0.4 0.95 0.55 0.15 0.15 0.95 0.5 0.0 0.0 
-0.054472175961041376 0.2618445088944933 0.5551980008379804 0.5 0.55 0.9 0.55 0.6 1.0 0.95 0.15 0.6 0.25 0.1 0.2 0.95 0.45 0.3 0.3 1.0 0.7 1.0 0.6 0.45 0.4 0.75 0.9 1.0 0.3 0.65 0.5 0.8 0.4 0.7 0.15 0.65 0.5 0.8 0.7 
-0.009106878891102569 0.6589474788588785 0.4017840598063831 0.45 0.8 0.85 0.35 0.35 0.25 1.0 0.65 0.7 0.95 0.45 0.65 0.9 0.35 0.65 0.65 0.25 0.3 0.95 0.25 0.4 0.75 0.5 0.6 1.0 0.4 0.15 0.4 1.0 0.7 0.45 0.85 0.6 0.55 0.55 0.4 
-0.02364939304089334 0.3392605004143787 0.6837159337357323 0.5 1.0 0.95 0.4 0.6 0.1 0.7 0.15 0.6 0.2 0.7 0.3 0.9 0.45 0.3 0.7 1.0 0.7 1.0 0.6 0.25 0.05 0.4 0.65 1.0 0.3 0.65 0.75 0.95 0.55 0.15 0.15 0.2 0.5 0.05 0.0 
-0.06771744853724777 0.4000029768534325 0.331513998175074 0.9 0.15 0.4 0.4 0.9 0.1 1.0 0.15 0.7 0.25 0.15 0.4 0.8 0.45 0.3 0.9 1.0 0.7 1.0 0.05 0.45 0.05 0.4 0.25 0.55 0.75 0.3 0.65 0.5 0.7 0.15 0.15 0.65 0.5 0.05 0.3 
-0.03544642204734226 0.38779670155488394 0.6866752310158657 0.1 0.55 0.05 0.55 0.5 0.1 0.95 0.15 0.75 0.1 0.45 0.3 1.0 0.85 0.3 0.5 1.0 0.75 1.0 0.6 0.25 0.35 0.5 0.65 1.0 0.3 0.35 0.95 0.95 0.5 0.15 0.15 0.2 0.75 0.0 0.85 
-0.03074824867830972 0.3047912523628926 0.3802539548785259 0.5 0.25 0.85 0.15 0.8 0.9 1.0 0.2 0.65 0.95 0.45 0.9 0.9 0.45 0.3 0.9 0.95 0.7 1.0 0.6 0.75 0.25 0.4 0.95 0.65 0.3 0.75 0.65 0.8 0.4 0.8 0.15 0.65 0.5 0.15 0.65 
-0.07266731014715178 0.4229521226605406 0.6864422333238568 0.1 0.55 0.05 0.55 0.5 0.1 0.95 0.15 0.75 0.1 0.45 0.3 1.0 0.85 0.3 0.5 1.0 0.75 1.0 0.6 0.25 0.35 0.5 0.65 1.0 0.3 0.6 0.95 0.95 0.5 0.15 0.15 0.2 0.75 0.0 0.85 
-0.012294266624605405 0.5875543393566646 0.3600115327509049 0.9 0.75 0.15 1.0 0.15 0.7 1.0 0.05 0.7 1.0 0.7 0.6 0.95 0.3 0.3 0.75 0.25 0.95 0.9 0.25 0.4 0.9 0.45 0.55 0.6 0.45 0.15 0.5 0.7 0.75 0.45 0.85 0.6 0.9 0.15 0.45 
-0.11297277752152415 0.5783223648684029 0.3593238831641642 0.45 0.75 0.7 1.0 0.4 0.7 1.0 0.05 0.7 1.0 0.75 0.6 0.5 0.3 0.3 1.0 0.25 0.95 0.9 0.25 0.4 0.9 0.4 0.6 0.95 0.55 0.15 0.9 0.7 0.75 0.45 0.05 0.6 0.9 0.15 0.45 
-0.02130361769109248 0.6337683780960681 0.34963665477856143 0.45 0.75 0.7 0.7 0.15 0.75 1.0 0.05 0.35 1.0 0.7 0.6 0.95 0.3 0.3 0.9 0.25 0.95 0.9 0.25 0.4 0.9 0.4 0.6 0.45 0.4 0.6 0.95 0.7 0.75 0.45 0.85 0.6 0.7 0.15 0.2 
-0.13629795892892127 0.2542803357621748 0.5287268403083624 0.5 0.55 0.85 0.55 0.6 1.0 0.95 0.15 0.6 0.05 0.95 0.1 0.9 0.45 0.3 0.7 1.0 0.7 1.0 0.6 0.2 0.55 0.4 1.0 1.0 0.3 0.65 0.5 0.8 0.4 0.15 0.15 0.65 0.5 0.15 0.0 
-0.0014734208803104957 0.5261024721924649 0.6673575241119858 0.45 0.75 0.85 0.2 0.05 0.7 0.9 0.6 0.85 1.0 0.3 0.5 0.65 0.2 0.6 0.6 0.55 1.0 0.95 0.25 0.4 0.75 0.65 0.8 1.0 0.35 0.15 0.5 0.95 0.7 0.45 0.6 0.55 0.65 0.55 0.45 
-0.11639036927430432 0.34697426146114785 0.35844051948612654 0.1 0.0 0.35 0.8 0.1 0.6 0.95 0.85 0.6 0.85 0.95 0.2 1.0 0.35 0.55 0.2 0.1 0.25 1.0 0.6 0.6 0.2 0.8 0.45 0.85 0.45 0.45 0.9 0.25 0.75 0.25 0.35 1.0 0.35 0.25 0.6 
-0.03697610973574091 0.7214928755491731 0.46626328443861287 0.45 0.8 0.5 0.3 0.35 0.7 1.0 0.55 0.35 0.6 0.3 0.5 0.9 0.3 0.55 0.6 0.2 0.15 0.95 0.25 0.3 0.75 0.6 0.6 1.0 0.35 0.15 0.75 0.95 0.7 0.9 0.85 0.6 0.55 0.55 0.75 
-0.00466753367453791 0.7114227083903207 0.5444754810626196 0.45 0.8 0.5 0.3 0.5 0.7 1.0 0.6 0.35 0.55 0.3 0.5 0.95 0.3 0.8 0.6 0.2 0.75 0.95 0.25 0.35 0.75 0.6 0.6 1.0 0.35 0.15 0.9 0.95 0.7 0.05 0.85 0.6 0.55 0.55 0.75 
-0.2431772982039689 0.4495162596088598 0.66416667738522 0.7 0.8 0.7 0.2 0.75 0.5 0.85 1.0 0.05 0.4 0.15 0.75 1.0 0.0 0.5 0.9 0.1 0.45 0.95 0.75 0.45 0.55 0.5 0.75 0.75 0.95 0.2 0.15 0.85 0.3 0.3 0.15 0.95 0.35 0.05 0.7 
-0.01122872039626699 0.643534721961278 0.36253053549575326 0.75 0.8 0.8 1.0 0.35 0.2 1.0 0.65 0.7 0.55 0.45 0.65 0.9 0.35 0.65 0.65 0.25 0.3 0.45 0.6 0.4 0.75 0.5 0.6 1.0 0.4 0.15 0.55 1.0 0.7 0.45 0.85 0.6 0.35 0.55 0.4 
-0.13542787841169732 0.4174424818539153 0.31104440681626155 0.9 0.15 0.9 0.4 0.9 0.1 1.0 0.15 0.7 0.25 0.15 0.4 0.8 0.45 0.25 0.75 1.0 0.7 1.0 0.05 0.45 0.15 0.0 0.15 0.9 0.65 0.5 0.65 0.5 0.7 0.35 1.0 0.55 0.6 0.25 0.05 
-0.44090896648905076 0.3885229017609144 0.31782403162148 0.9 0.15 0.95 0.4 0.9 0.1 1.0 0.15 0.7 0.4 0.15 0.4 0.8 0.45 0.25 0.85 1.0 0.7 1.0 0.05 0.45 0.05 0.8 0.1 0.9 0.65 0.5 0.65 0.5 0.7 0.05 1.0 0.55 0.5 0.25 0.1 
-0.09751517610029783 0.5673292634121979 0.6808697573985485 0.45 0.75 0.7 0.35 0.15 0.1 0.75 0.8 0.65 0.55 0.3 0.5 0.5 0.3 0.6 0.85 0.25 0.95 0.95 0.25 0.4 0.9 0.45 0.6 1.0 0.4 0.15 0.55 0.95 0.7 0.45 1.0 0.6 0.8 0.9 0.85 
-0.513056845853577 0.46200321655753834 0.30235045237924285 0.9 0.15 0.4 0.4 0.9 0.1 1.0 0.15 0.65 0.25 0.15 0.4 1.0 0.45 0.25 0.9 1.0 0.7 1.0 0.05 0.45 0.05 0.4 0.8 0.55 0.75 0.65 0.65 0.5 0.7 0.15 0.15 0.65 0.5 0.95 0.3 
-0.26277364087473376 0.7246764555261155 0.5604256401430896 0.45 0.8 0.5 0.35 0.15 0.7 1.0 0.6 0.25 0.75 0.3 0.5 0.95 0.3 0.6 0.65 0.25 0.75 0.95 0.25 0.35 0.75 0.55 0.6 1.0 0.35 0.15 0.75 0.95 0.7 0.45 0.85 0.6 0.55 0.55 0.75 
-0.007292322970930314 0.7058715605834763 0.5145861470883049 0.45 0.8 0.5 0.35 0.15 0.0 1.0 0.6 0.7 0.55 0.3 0.4 0.95 0.3 0.6 0.55 0.25 0.75 0.95 0.25 0.35 0.75 0.55 0.6 1.0 0.35 0.15 0.85 0.95 0.7 0.45 0.85 0.6 0.55 0.55 0.75 
-0.30287573112688826 0.45080659633333764 0.2889397593767732 0.9 0.15 0.4 0.4 0.9 0.1 1.0 0.15 0.7 0.25 0.3 0.4 0.8 0.45 0.2 0.85 1.0 0.7 1.0 0.05 0.45 0.05 0.4 0.25 0.5 0.65 0.5 0.65 0.5 0.7 0.55 1.0 0.65 0.5 0.8 0.7 
-0.19968692030143684 0.49232749332128095 0.6553125076675791 0.7 0.8 0.7 0.2 0.75 0.5 0.25 0.05 0.05 0.4 0.2 0.75 1.0 0.0 0.5 0.9 0.1 0.45 0.95 0.75 0.45 0.55 0.5 0.75 0.45 0.95 0.2 0.95 0.85 0.45 0.3 0.6 0.95 0.2 0.05 0.65 
-3.2441072121820898 0.4381283960151882 0.2836100637606491 0.9 0.15 0.9 0.4 0.9 0.1 1.0 0.15 0.7 0.25 0.15 0.4 0.8 0.45 0.25 0.75 1.0 0.7 1.0 0.05 0.45 0.15 0.0 0.15 0.7 0.65 0.5 0.65 0.5 0.7 0.35 1.0 0.55 0.6 0.9 0.05 
-0.8766812314147177 0.6010365932931706 0.6986329661140024 0.45 0.75 0.25 0.35 0.15 0.9 0.95 0.75 0.7 0.75 0.3 0.5 0.75 0.3 0.7 0.65 0.3 0.95 0.95 0.25 0.4 0.95 0.45 0.6 1.0 0.4 0.15 0.5 0.95 0.7 0.45 0.75 0.6 0.55 0.05 0.35 
-0.027168909446632358 0.2724140546057511 0.5996884273870303 0.6 0.55 0.3 0.55 0.2 0.95 0.95 0.15 0.75 0.2 0.7 0.25 1.0 0.5 0.3 0.7 1.0 0.7 1.0 0.6 0.25 0.15 0.4 0.65 0.95 0.3 0.65 0.45 0.95 0.55 0.15 0.15 0.95 0.5 0.0 0.0 
-0.586438421128927 0.49920669866922973 0.2923956030476441 0.35 0.15 0.4 0.4 0.9 0.1 1.0 0.15 0.65 0.9 0.15 0.45 1.0 0.45 0.3 0.9 1.0 0.7 1.0 0.05 0.45 0.05 0.4 0.75 0.45 0.75 0.0 0.65 0.5 0.7 0.15 0.35 0.65 0.5 0.15 0.3 
-0.09433741296461771 0.46754930563105596 0.6757757667603258 0.7 0.8 0.3 0.2 0.75 0.05 1.0 1.0 0.05 0.4 0.15 0.75 1.0 0.0 0.5 0.9 0.1 0.45 0.95 0.75 0.45 0.2 0.5 0.75 0.75 0.95 0.2 0.8 0.85 0.25 0.3 0.15 0.95 0.35 0.05 0.65 
-1.508257343722295 0.6197094915120354 0.6921305140428337 0.45 0.75 0.7 0.35 0.15 0.9 0.95 0.75 0.7 0.75 0.3 0.5 0.85 0.3 0.7 0.65 0.3 0.95 0.95 0.25 0.4 0.95 0.45 0.6 1.0 0.4 0.15 0.5 0.95 0.7 0.45 0.55 0.6 0.55 0.05 0.35 
-0.06146191264843156 0.5181512422332871 0.6729909734543307 0.45 0.75 0.85 0.25 0.05 0.7 0.9 0.6 0.85 1.0 0.3 0.5 0.65 0.2 0.6 0.6 0.55 1.0 0.95 0.25 0.4 0.75 0.65 0.8 1.0 0.35 0.15 0.6 0.95 0.7 0.45 0.6 0.6 0.65 0.55 0.45 
-0.0279955523853843 0.5876517619253459 0.3410119275246918 0.45 0.75 0.65 1.0 0.4 0.7 1.0 0.05 0.7 1.0 0.75 0.6 0.95 0.3 0.3 0.95 0.25 0.95 0.9 0.25 0.4 0.65 0.4 0.6 1.0 0.55 0.55 0.75 0.7 0.75 0.45 0.6 0.6 0.75 0.15 0.45 
-0.004511753081807982 0.5576144655853277 0.3531157090211856 0.45 0.05 0.7 1.0 0.4 0.7 1.0 0.05 0.45 1.0 0.75 0.6 0.95 0.3 0.3 0.75 0.25 0.95 0.7 0.25 0.4 0.9 0.4 0.6 0.95 1.0 0.15 0.9 0.7 0.75 0.45 0.05 0.6 0.9 0.55 0.45 
-0.0028255619154835105 0.29103501600355053 0.6353939839100106 0.0 0.55 0.3 0.55 0.6 0.95 0.95 0.15 0.75 0.2 0.7 0.25 1.0 0.5 0.3 0.7 1.0 0.7 1.0 0.6 0.55 0.15 0.4 0.6 0.95 0.3 0.65 0.45 0.95 0.55 0.15 0.15 0.95 0.5 0.0 0.0 
-0.049765555671487056 0.23990017508442324 0.4436469444858324 0.5 0.25 0.85 0.4 0.8 0.9 0.95 0.2 0.65 0.25 0.1 0.9 0.9 0.45 0.3 0.85 0.95 0.7 1.0 0.6 0.75 0.25 0.5 0.95 0.95 0.3 0.75 0.45 0.8 0.4 0.95 0.15 0.65 0.5 0.15 0.15 
-0.027606103551133757 0.34802664294510777 0.32877591149039753 0.5 0.25 0.85 0.4 0.8 0.35 0.95 0.15 0.65 0.45 0.4 0.9 0.9 0.4 0.3 0.9 0.95 0.7 1.0 0.6 0.75 0.55 0.4 0.95 0.7 0.3 0.75 0.75 0.8 0.4 0.95 0.95 0.65 0.5 0.3 0.65 
-0.641275921173596 0.7033767747621733 0.610730867486075 0.45 0.8 0.5 0.3 0.5 0.7 1.0 0.7 0.25 0.6 0.3 0.5 0.95 0.3 0.6 0.55 0.2 0.75 0.95 0.25 0.3 0.75 0.6 0.6 1.0 0.35 0.15 0.75 0.95 0.7 0.05 0.85 0.6 0.55 0.55 0.75 
-8.699453995463575 0.4995830367814453 0.27158779420773405 0.9 0.15 0.4 0.4 0.9 0.1 1.0 0.15 0.65 0.25 0.15 0.4 1.0 0.45 0.25 0.9 1.0 0.7 1.0 0.05 0.45 0.05 0.4 0.8 0.4 0.75 0.65 0.65 0.5 0.7 0.15 0.15 0.65 0.5 0.95 0.3 
-0.08549790461323922 0.5497854604245157 0.32147935304032715 0.45 0.75 0.7 1.0 0.4 0.7 1.0 0.05 0.7 1.0 0.75 0.6 0.95 0.3 0.3 1.0 0.25 0.95 0.95 0.25 0.4 0.9 0.4 0.6 0.6 0.55 0.15 0.85 0.7 0.75 0.45 0.05 0.6 0.75 0.95 0.45 
-0.22961163787568048 0.6392045643833187 0.6742180958659645 0.45 0.75 0.7 0.2 0.15 0.9 1.0 0.75 0.7 0.75 0.3 0.5 0.85 0.3 0.7 0.7 0.3 0.95 0.95 0.25 0.4 1.0 0.45 0.6 1.0 0.4 0.15 0.7 0.95 0.7 0.45 0.55 0.6 0.55 0.05 0.35 
-0.07547689630717261 0.30149190087242506 0.34598788698198274 0.5 0.25 0.85 0.15 0.8 0.9 1.0 0.2 0.65 0.25 0.45 0.9 0.9 0.45 0.3 0.9 0.95 0.7 1.0 0.6 0.75 0.25 0.4 0.95 0.65 0.3 0.75 0.65 0.8 0.4 0.8 0.15 0.65 0.5 0.15 0.65 
-0.24884682709255163 0.2596377319947436 0.5823815700948943 0.85 0.55 0.3 0.55 0.2 0.7 0.95 0.1 0.75 0.2 0.7 0.25 1.0 0.5 0.3 0.7 1.0 0.7 1.0 0.6 0.25 0.15 0.5 0.65 0.95 0.3 0.65 0.45 0.95 0.55 0.15 0.15 0.95 0.5 0.0 0.0 
-0.0488214800210675 0.27724687902640355 0.37705923358858145 0.5 0.25 0.85 0.4 0.8 0.9 0.95 0.2 0.65 0.3 0.1 0.9 0.75 0.45 0.3 0.9 0.95 0.7 1.0 0.6 0.75 0.5 0.4 0.95 0.95 0.3 0.75 0.45 0.8 0.4 0.95 0.15 0.65 0.5 0.15 0.65 
-0.05861014325980241 0.5816356593955495 0.31998402483549304 0.45 0.75 0.65 1.0 0.4 0.7 1.0 0.05 0.7 1.0 0.75 0.6 0.95 0.3 0.3 0.95 0.25 0.95 0.95 0.25 0.4 0.9 0.4 0.6 1.0 0.55 0.55 0.9 0.7 0.75 0.45 0.6 0.55 0.75 0.15 0.45 
-0.0728241028317933 0.705432172724335 0.4282103888346469 0.45 0.3 0.85 0.35 0.05 0.25 1.0 0.65 0.65 0.85 0.35 0.5 0.9 0.35 0.85 0.7 0.25 0.55 0.95 0.25 0.4 0.75 0.65 0.6 1.0 0.4 0.15 0.65 1.0 0.7 0.45 0.1 0.6 0.55 0.55 0.8 
-0.01195587761615257 0.6081629408109125 0.3475485808926422 0.9 0.75 0.7 0.0 0.15 0.7 1.0 0.05 0.7 1.0 0.7 0.6 0.95 0.3 0.3 0.75 0.25 0.95 0.9 0.25 0.4 0.85 0.45 0.6 0.6 0.4 0.15 0.6 0.7 0.75 0.45 0.85 0.6 0.9 0.15 0.45 
-0.040069732239603806 0.5718296621546001 0.3064784604935257 0.45 0.75 0.55 1.0 0.85 0.7 1.0 0.05 0.7 1.0 0.75 0.6 0.95 0.3 0.3 0.9 0.25 0.95 0.9 0.25 0.4 0.9 0.4 0.6 0.5 0.55 0.55 0.75 0.7 0.75 0.45 0.6 0.6 0.75 0.15 0.45 
-6.578188958011709 0.7359129116010887 0.5477628798004169 0.45 0.8 0.5 0.35 0.15 0.7 1.0 0.6 0.25 0.55 0.3 0.65 0.95 0.3 0.6 0.65 0.25 0.75 0.95 0.25 0.35 0.75 0.55 0.75 1.0 0.35 0.15 0.75 0.95 0.7 0.45 0.85 0.6 0.55 0.55 0.75 
-0.20175326394062884 0.6504439405016725 0.3589354245242289 0.45 0.75 0.65 1.0 0.4 0.7 1.0 0.05 0.7 1.0 0.75 0.6 0.95 0.3 0.3 0.95 0.25 0.95 0.9 0.25 0.5 0.9 0.4 0.6 1.0 0.55 0.55 0.9 0.7 0.75 0.45 0.6 0.95 0.75 0.15 0.45 
-0.11588144252398543 0.2629319066280259 0.6203091685891458 0.35 1.0 0.3 0.55 0.6 0.1 0.95 0.15 0.75 0.2 0.2 0.45 0.8 0.45 0.3 0.6 0.0 0.8 0.95 0.6 0.25 0.5 0.5 0.9 0.65 0.3 0.75 0.8 0.95 0.5 0.55 0.15 0.1 0.0 0.55 0.0 
-0.7072732707152389 0.36663639239086154 0.32508749351810473 0.5 0.25 0.85 0.65 0.8 0.75 0.95 0.15 0.65 0.45 0.4 0.9 0.9 0.4 0.3 0.9 0.95 0.7 1.0 0.6 0.75 0.55 0.4 0.95 0.5 0.35 0.75 0.65 0.8 0.4 0.95 0.15 0.65 0.5 0.15 0.65 
-0.12310119181587044 0.6448834836554967 0.6861051490397254 0.45 0.75 0.7 0.2 0.15 0.9 1.0 0.75 0.7 0.75 0.3 0.5 0.85 0.15 0.45 0.7 0.3 0.95 0.95 0.25 0.4 1.0 0.45 0.6 1.0 0.4 0.15 0.7 0.95 0.7 0.45 0.55 0.6 0.55 0.05 0.8 
-0.06461260783065582 0.6463154492085923 0.3470233632677162 0.15 0.8 0.85 0.35 0.35 0.25 0.95 0.65 0.7 0.6 0.45 0.65 1.0 0.35 0.65 0.6 0.2 0.25 0.75 0.35 0.4 0.75 0.5 0.6 0.95 0.4 0.15 0.55 1.0 0.7 0.45 0.4 0.05 0.55 0.55 0.85 
-0.033686309986451 0.26001277769458464 0.3986800335714692 0.5 0.25 0.85 0.6 0.8 0.9 0.95 0.2 0.65 0.25 0.45 0.9 0.9 0.45 0.3 0.9 0.95 0.7 1.0 0.55 0.75 0.65 0.4 0.85 0.65 0.3 0.75 0.65 0.8 0.4 0.95 0.15 0.65 1.0 0.4 0.65 
-0.8619573283069185 0.6704981124923428 0.34588330257766187 0.6 0.75 0.7 0.7 0.15 0.75 1.0 0.05 0.35 1.0 0.7 0.6 0.95 0.3 0.3 0.9 0.25 0.95 0.9 0.25 0.4 0.95 0.4 0.6 0.45 0.4 0.5 0.95 0.7 0.75 0.45 0.85 0.6 0.7 0.15 0.2 
-5.354404579283649 0.5644814299045333 0.6921401073577088 0.45 0.7 0.7 0.35 0.15 0.9 0.85 0.8 0.65 0.55 0.3 0.5 0.8 0.3 0.6 0.85 0.25 0.95 0.95 0.25 0.4 0.95 0.45 0.6 1.0 0.4 0.15 0.5 0.95 0.7 0.1 0.5 0.05 0.15 0.05 0.85 
-0.7725553783839734 0.7214174450629636 0.528188292378837 0.45 0.8 0.5 0.3 0.5 0.7 1.0 0.55 0.35 0.55 0.3 0.5 0.95 0.3 0.6 0.6 0.2 0.8 0.95 0.3 0.35 0.75 0.6 0.6 1.0 0.35 0.15 0.75 0.95 0.7 0.05 0.85 0.6 0.55 0.55 0.75 
-0.05730280226976149 0.6818800969649698 0.39114170509055995 0.45 0.3 0.85 0.35 0.95 0.25 1.0 0.65 0.65 1.0 0.35 0.5 0.9 0.35 0.85 0.7 0.25 0.75 0.95 0.25 0.4 0.75 0.65 0.6 1.0 0.4 0.15 0.95 1.0 0.7 0.45 0.85 0.6 0.55 0.55 0.2 
-0.02857531866265601 0.6868198964750343 0.40658361005015503 0.45 0.3 0.85 0.35 0.05 0.25 1.0 0.65 0.65 0.85 0.35 0.5 0.9 0.35 0.85 0.7 0.2 0.55 0.95 0.25 0.4 0.75 0.65 0.6 1.0 0.4 0.15 0.95 1.0 0.7 0.45 0.1 0.6 0.55 0.55 0.2 
-0.44341966521689924 0.2848767651493759 0.6696332475448178 0.85 0.55 0.3 0.55 0.25 0.1 0.95 0.15 0.75 0.2 0.7 0.25 1.0 0.45 0.3 0.5 1.0 0.75 1.0 0.6 0.5 0.5 0.5 0.65 0.9 0.3 0.65 0.4 0.95 0.55 0.65 0.15 0.2 0.5 0.5 0.4 
-0.11752892252781466 0.26695710067424616 0.6507727334982062 0.85 0.55 0.3 0.55 0.25 0.1 0.95 0.15 0.75 0.2 0.7 0.25 1.0 0.45 0.3 0.5 1.0 0.75 1.0 0.6 0.25 0.5 0.5 0.65 0.8 0.3 0.65 0.5 0.95 0.55 0.15 0.15 0.2 0.5 0.0 0.0 
-0.5552253796703209 0.2783259712082087 0.6877900010087596 0.85 0.0 0.3 0.9 0.85 0.75 0.95 0.15 0.75 0.2 0.2 0.15 1.0 0.45 0.3 0.5 0.0 0.8 1.0 0.6 0.45 0.5 0.5 0.9 0.85 0.3 0.75 0.65 0.95 0.5 0.3 0.15 0.2 0.0 0.0 0.0 
-0.07633894702183977 0.2508800710547435 0.4152436239209064 0.5 0.25 0.85 0.55 0.8 0.9 0.95 0.2 0.65 0.3 0.1 0.9 0.8 0.45 0.3 0.9 0.95 0.7 1.0 0.6 0.75 0.25 0.15 0.95 0.95 0.3 0.75 0.45 0.8 0.4 0.95 0.15 0.65 0.5 0.15 0.65 
-0.1339516518626689 0.28446024960326943 0.36751788773746985 0.5 1.0 0.85 0.4 0.8 0.9 0.95 0.2 0.65 0.25 0.45 0.9 0.9 0.45 0.3 0.9 0.95 0.7 1.0 0.6 0.75 0.25 0.4 0.95 0.7 0.3 0.75 0.65 0.8 0.4 0.95 0.15 0.65 0.5 0.15 0.65 
-0.032771048520005404 0.2631379571370337 0.6246265093383137 0.85 0.55 0.05 0.55 0.75 0.1 0.95 0.15 0.75 0.2 0.7 0.3 1.0 0.5 0.3 0.5 1.0 0.75 1.0 0.6 0.25 0.05 0.5 0.65 1.0 0.3 0.6 0.8 0.95 0.45 0.15 0.15 0.2 0.75 0.0 0.0 
-2.754423897398145 0.6057270964714913 0.3084262650904894 0.45 0.75 0.55 1.0 0.85 0.7 1.0 0.05 0.7 1.0 0.75 0.6 0.95 0.3 0.3 0.9 0.25 0.95 0.9 0.25 0.4 0.9 0.4 0.6 0.85 0.55 0.55 0.75 0.7 0.75 0.45 0.6 0.6 0.75 0.15 0.45 
-0.09283402034680986 0.49448291339955613 0.6931389751871535 0.7 0.8 0.7 0.2 0.75 0.5 0.85 0.05 0.05 0.4 0.2 0.75 1.0 0.0 0.5 1.0 0.1 0.45 0.95 0.75 0.6 0.55 0.5 0.75 1.0 0.95 0.25 0.1 0.15 0.45 0.0 0.6 0.95 0.35 0.05 0.6 
-8.467480475005887 0.47346099443423956 0.2763776552854855 0.9 0.15 0.4 0.4 0.9 0.1 1.0 0.15 0.65 0.25 0.15 0.4 1.0 0.45 0.25 0.9 1.0 0.7 1.0 0.05 0.45 0.1 0.4 0.8 0.55 0.75 0.65 0.6 0.5 0.7 0.15 0.15 0.65 0.5 0.95 0.3 
-0.05949972217899578 0.32038204651850666 0.3288386718784546 0.5 0.25 0.85 0.4 0.8 0.35 0.95 0.15 0.65 0.45 0.4 0.9 0.9 0.4 0.3 0.9 0.95 0.7 1.0 0.6 0.75 0.55 0.4 0.95 0.8 0.3 0.75 0.65 0.8 0.4 0.95 0.15 0.65 0.5 0.15 0.65 
-0.14586241890522256 0.4709838922104812 0.6837281055031785 0.7 0.8 0.3 0.2 0.75 0.5 0.85 0.05 0.05 0.4 0.1 0.75 1.0 0.0 0.5 0.8 0.1 0.5 0.95 0.75 0.5 0.55 0.5 0.75 1.0 0.95 0.2 0.1 0.15 0.45 0.3 0.6 0.95 0.05 0.3 0.3 
-0.37779069775625834 0.24792848923186767 0.6399058776562179 0.8 0.55 0.3 0.55 0.6 0.1 0.95 0.15 0.75 0.2 0.7 0.25 1.0 0.45 0.3 0.5 0.0 0.8 1.0 0.6 0.25 0.7 0.5 0.85 0.95 0.35 0.45 0.65 0.95 0.55 0.15 0.15 0.2 0.5 0.0 0.0 
-0.24030532424175755 0.24255400122563303 0.40881820225621573 0.5 0.25 0.85 0.4 0.8 0.9 0.95 0.2 0.65 0.3 0.1 0.9 0.9 0.45 0.3 0.9 0.95 0.7 1.0 0.6 0.75 0.15 0.4 0.95 0.95 0.3 0.75 0.45 0.8 0.4 0.95 0.15 0.65 0.5 0.15 0.65 
-0.11673157500100774 0.42768304823480585 0.7063242502147363 0.7 0.8 0.3 0.2 0.75 0.05 1.0 1.0 0.05 0.4 0.15 0.6 1.0 0.0 0.5 0.9 0.1 0.45 0.95 0.75 0.45 0.55 0.5 0.75 0.75 0.95 0.2 0.8 0.85 0.25 0.3 0.15 0.95 0.35 0.05 0.65 
-0.0965992617031016 0.23807097113018894 0.6107880646889682 0.35 1.0 0.3 0.55 0.6 0.1 0.95 0.15 0.75 0.2 0.2 0.8 1.0 0.45 0.3 0.5 0.0 0.8 1.0 0.6 0.25 0.5 0.5 0.9 0.95 0.3 0.75 0.95 0.95 0.5 0.15 0.15 0.2 0.0 0.55 0.75 
-1.0208727749786717 0.6319148312505722 0.3399872551549711 0.15 0.8 0.85 0.35 0.35 0.25 0.95 0.65 0.7 0.6 0.45 0.65 1.0 0.35 0.65 0.6 0.2 0.25 0.75 0.35 0.4 0.75 0.5 0.6 0.85 0.4 0.15 0.55 1.0 0.7 0.45 0.4 0.05 0.55 0.15 0.85 
-0.006876562731433177 0.2331420236083096 0.5380735172979308 0.85 0.55 0.3 0.55 0.2 0.1 0.95 0.15 0.75 0.2 0.7 0.3 1.0 0.5 0.3 0.7 1.0 0.7 1.0 0.6 0.25 0.5 0.5 0.65 0.95 0.3 0.65 0.45 0.95 0.55 0.15 0.15 0.95 0.5 0.0 0.0 
-0.29582454435165106 0.6132249846398339 0.3184433996608651 0.45 0.75 0.65 1.0 0.85 0.7 1.0 0.05 0.7 1.0 0.75 0.6 0.95 0.3 0.3 0.9 0.25 0.95 0.9 0.25 0.4 0.9 0.4 0.6 1.0 0.55 0.55 0.75 0.7 0.75 0.45 0.6 0.6 0.75 0.15 0.45 
-0.04909864346694575 0.21444714297323658 0.5763095088049379 0.35 1.0 0.3 0.55 0.6 0.1 0.95 0.15 0.75 0.2 0.2 0.8 1.0 0.45 0.3 0.6 0.0 0.8 1.0 0.6 0.25 0.5 0.5 0.9 0.95 0.3 0.75 0.95 0.95 0.5 0.15 0.15 0.2 0.0 0.55 0.0 
-0.7868800541876887 0.2502247568102989 0.6525446725645738 0.8 0.55 0.3 0.55 0.6 0.1 0.95 0.15 0.75 0.2 0.7 0.25 1.0 0.45 0.3 0.5 0.0 0.8 1.0 0.6 0.25 0.7 0.5 0.85 0.95 0.35 0.85 0.65 0.95 0.55 0.15 0.2 0.2 0.5 0.0 0.0 
-0.2804442566137 0.41053459843251083 0.6979579042141099 0.1 0.55 0.5 0.55 0.75 0.1 0.95 0.15 0.75 0.1 0.35 0.3 1.0 0.85 0.3 0.4 1.0 0.75 1.0 0.6 0.25 0.35 0.5 0.65 1.0 0.3 0.6 0.8 0.95 0.5 0.15 0.4 0.2 0.75 0.0 0.85 
-2.700445360528115 0.5499373556867808 0.6878316431480459 0.45 0.75 0.7 0.35 0.15 0.0 0.75 0.8 0.65 0.55 0.3 0.5 0.5 0.05 0.6 0.85 0.25 0.95 0.95 0.25 0.4 0.9 0.45 0.6 1.0 0.4 0.15 0.55 0.95 0.7 0.45 1.0 0.95 0.8 0.9 0.85 
-0.009875036878493473 0.23518995899573497 0.5175942027846101 0.85 0.55 0.3 0.55 0.6 0.1 0.95 0.15 0.75 0.2 0.2 0.9 1.0 0.45 0.3 0.5 0.0 0.8 1.0 0.6 0.25 0.5 0.5 0.9 0.95 0.3 0.75 0.65 0.95 0.5 0.15 0.15 0.2 0.0 0.0 0.0 
-0.07907335638278586 0.49573574058126746 0.6981748432628712 0.7 0.8 0.7 0.2 0.75 0.5 0.85 0.05 0.05 0.4 0.15 0.75 1.0 0.0 0.5 1.0 0.1 0.45 0.95 0.75 0.45 0.55 0.5 0.75 1.0 0.95 0.25 0.1 0.15 0.45 0.3 0.6 0.95 0.35 0.05 0.6 
-0.03841975893581816 0.24186558341305836 0.473984637664717 0.5 0.25 0.85 0.4 0.8 0.9 0.95 0.2 0.65 0.25 0.1 0.9 0.9 0.45 0.3 0.9 0.95 0.7 1.0 0.6 0.75 0.25 0.5 0.95 0.95 0.3 0.75 0.85 0.8 0.4 0.95 0.15 0.65 0.5 0.15 0.65 
-0.006525363943407342 0.48082114819430466 0.7129560644497926 0.7 0.8 0.3 0.2 0.75 0.5 0.85 0.05 0.05 0.4 0.15 0.85 1.0 0.0 0.5 1.0 0.1 0.5 0.95 0.75 0.5 0.55 0.5 0.75 1.0 0.95 0.2 0.1 0.15 0.45 0.3 0.6 0.95 0.35 0.05 0.3 
-0.1422234813798783 0.49320234942817964 0.7146427131294655 0.7 0.8 0.7 0.2 0.75 0.5 0.85 0.05 0.05 0.4 0.15 0.75 1.0 0.0 0.5 1.0 0.1 0.45 0.95 0.75 0.45 0.55 0.5 0.75 1.0 0.95 0.2 0.1 0.15 0.45 0.3 0.6 0.95 0.35 0.05 0.3 
-10.653520340465539 0.7325499319900887 0.591945148961362 0.45 0.8 0.5 0.3 0.5 0.7 1.0 0.7 0.35 0.6 0.3 0.5 0.95 0.3 0.6 0.55 0.2 0.75 0.95 0.25 0.3 0.75 0.6 0.6 1.0 0.35 0.15 0.75 0.95 0.7 0.05 0.85 0.6 0.55 0.55 0.75 
-0.09993865920118311 0.2522267913062638 0.38139505680730096 0.5 0.25 0.85 0.4 0.8 0.9 0.95 0.2 0.65 0.25 0.95 0.9 0.95 0.45 0.3 0.9 0.95 0.7 1.0 0.6 0.75 0.4 0.4 0.95 0.95 0.3 0.75 0.45 0.8 0.4 0.95 0.15 0.65 0.5 0.15 0.65 
-0.6883062044866602 0.4491850364248575 0.7239359029591359 0.7 0.8 0.3 0.2 0.75 0.5 0.85 0.05 0.05 0.4 0.15 0.75 1.0 0.0 0.5 1.0 0.1 0.5 1.0 0.75 0.5 0.55 0.5 0.75 0.85 0.95 0.2 0.1 0.15 0.45 0.3 0.6 0.95 0.35 0.05 0.3 
-0.017849440650597383 0.30709069493852426 0.6908568266721802 0.8 0.55 0.3 0.55 0.6 0.1 0.95 0.15 0.75 0.2 0.7 0.3 1.0 0.45 0.3 0.5 0.0 0.8 1.0 0.6 0.25 0.7 0.5 0.85 0.9 0.35 0.45 0.65 0.95 0.55 0.15 0.15 0.2 0.5 0.0 0.0 
-0.992188358607174 0.34162567965301205 0.329242480007074 1.0 0.25 0.85 0.4 0.8 0.35 0.95 0.15 0.65 0.55 0.4 0.9 0.9 0.4 0.3 0.9 0.95 0.7 0.95 0.6 0.75 0.55 0.4 0.95 0.7 0.3 0.75 0.75 0.8 0.4 0.95 0.95 0.65 0.5 0.3 0.65 
-0.19188883287543407 0.30073363764476424 0.3406300779026358 0.5 0.25 0.85 0.15 0.8 0.9 1.0 0.2 0.65 0.3 0.45 0.9 0.9 0.45 0.3 0.9 0.95 0.7 1.0 0.6 0.75 0.25 0.4 0.95 0.8 0.3 0.75 0.65 0.8 0.4 0.95 0.15 0.65 0.5 0.8 0.65 
-1.5118021471238634 0.7083702125638012 0.6319016069138379 0.45 0.35 0.75 0.35 0.7 0.75 0.85 0.55 0.7 0.95 0.3 0.45 0.9 0.3 0.55 1.0 0.25 0.85 0.9 0.25 0.4 0.75 0.45 0.55 1.0 0.35 0.15 0.6 0.95 0.7 0.1 0.85 0.4 0.55 0.55 0.45 
-0.03312861601119087 0.38885788080394557 0.7013542912058847 0.1 0.55 0.05 0.55 0.95 0.1 0.95 0.15 0.75 0.1 0.7 0.3 1.0 0.85 0.3 0.5 1.0 0.75 1.0 0.6 0.25 0.35 0.5 0.65 1.0 0.3 0.6 0.95 0.95 0.5 0.15 0.15 0.2 0.75 0.0 0.85 
-0.10551696247847486 0.3215776318920922 0.7095291259250035 0.85 0.55 0.3 0.9 0.6 0.1 0.95 0.15 0.55 0.2 0.85 0.25 1.0 0.45 0.3 0.9 1.0 0.8 1.0 0.6 0.1 0.5 0.5 0.9 0.95 0.3 0.75 0.65 0.95 0.5 0.15 1.0 0.2 0.0 0.0 0.0 
-11.136587324297533 0.6936696754551673 0.3703629229558254 0.45 0.75 0.7 0.7 0.15 0.75 1.0 0.05 0.35 1.0 0.7 0.6 0.95 0.3 0.3 0.9 0.25 0.95 0.6 0.25 0.4 0.95 0.4 0.6 0.35 0.4 0.5 0.85 0.7 0.75 0.45 0.85 0.6 0.7 0.15 0.2 
-0.980638953212136 0.39887518135775324 0.2783099898717156 0.9 0.15 0.9 0.4 0.9 0.1 1.0 0.15 0.7 0.4 0.15 0.4 0.8 0.45 0.25 0.85 1.0 0.7 1.0 0.05 0.45 0.05 0.0 0.15 0.9 0.65 0.5 0.65 0.5 0.7 0.05 1.0 0.55 0.5 0.25 0.1 
-4.959892403493803 0.7289594341555836 0.48002700932665754 0.45 0.8 0.5 0.05 0.5 0.7 1.0 0.55 0.35 0.55 0.3 0.5 0.95 0.3 0.6 0.6 0.2 0.15 0.95 0.25 0.35 0.75 0.65 0.6 1.0 0.35 0.15 0.75 0.95 0.7 0.05 0.85 0.6 0.55 0.55 0.75 
-0.04757115447359199 0.394513972604713 0.7161780060188472 0.1 0.55 0.05 0.55 0.75 0.1 0.95 0.15 0.75 0.1 0.7 0.3 1.0 0.85 0.3 0.5 1.0 0.75 1.0 0.6 0.25 0.35 0.5 0.65 1.0 0.3 0.6 0.8 0.95 0.5 0.15 0.15 0.2 0.75 0.0 0.85 
-0.09867225442577589 0.4237590208098382 0.7144309265638402 0.7 0.8 0.3 0.2 0.75 0.05 1.0 1.0 0.05 0.4 0.15 0.75 1.0 0.0 0.5 0.9 0.1 0.45 0.95 0.75 0.45 0.55 0.5 0.75 0.75 0.95 0.2 0.65 0.85 0.25 0.3 0.15 0.95 0.35 0.05 0.65 
-6.355494835333775 0.7061458242153609 0.38902477411974856 0.6 0.8 0.5 0.3 0.75 0.7 1.0 0.6 0.35 0.65 0.3 0.5 0.95 0.3 0.6 0.6 0.2 0.15 0.95 0.25 0.35 0.75 0.6 0.7 1.0 0.35 0.15 0.75 0.95 0.7 0.05 0.85 0.6 0.55 0.55 0.75 
-7.152970513238527 0.47872075442288925 0.7276371560789326 0.7 0.8 0.3 0.2 0.75 0.5 0.85 0.05 0.05 0.4 0.15 0.75 1.0 0.0 0.5 1.0 0.1 0.5 1.0 0.75 0.5 0.55 0.5 0.75 1.0 0.95 0.2 0.1 0.15 0.45 0.3 0.6 0.95 0.35 0.05 0.3 
-145.07257721061947 0.5208356658720602 0.7083400272361086 0.7 0.9 0.3 0.2 0.75 0.5 0.85 0.95 0.05 0.4 0.15 0.75 1.0 0.0 0.5 1.0 0.1 0.5 1.0 0.75 0.6 0.55 0.5 0.75 1.0 0.95 0.2 0.1 0.15 0.45 0.3 0.6 0.95 0.35 0.05 0.3 
-1.495400045534841 0.672262929512398 0.3430784392405704 0.45 0.75 0.7 0.7 0.15 0.75 1.0 0.05 0.35 1.0 0.7 0.6 0.95 0.3 0.3 0.9 0.25 0.95 0.9 0.25 0.4 0.95 0.4 0.6 0.45 0.4 0.5 0.95 0.7 0.75 0.45 0.85 0.6 0.7 0.15 0.2 
-0.12171026033103781 0.7171945094308978 0.4556681568874288 0.45 0.8 0.5 0.3 0.35 0.7 1.0 0.55 0.35 0.55 0.3 0.5 0.9 0.3 0.6 0.6 0.2 0.15 0.95 0.25 0.3 0.75 0.6 0.6 1.0 0.35 0.15 0.75 0.95 0.7 0.9 0.85 0.6 0.55 0.55 0.75 
-0.045966858208572284 0.32154545968167525 0.32332544311970457 1.0 0.25 0.85 0.4 0.8 0.35 0.95 0.15 0.65 0.55 0.4 0.9 0.9 0.4 0.3 0.9 0.95 0.7 1.0 0.6 0.35 0.55 0.4 0.95 0.7 0.3 0.75 0.75 0.8 0.4 0.95 0.95 0.65 0.5 0.3 0.65 
-1.4185509243004035 0.7220395371384822 0.45812493166078966 0.45 0.8 0.5 0.3 0.5 0.7 1.0 0.55 0.35 0.55 0.3 0.5 0.95 0.3 0.6 0.6 0.2 0.15 0.95 0.25 0.3 0.75 0.6 0.6 1.0 0.35 0.15 0.75 0.95 0.7 0.9 0.85 0.6 0.55 0.55 0.75 
-1.0475229129303516 0.26665315335286477 0.35830349508049975 0.5 0.25 0.85 0.4 0.8 0.9 0.95 0.2 0.65 0.25 0.1 0.9 0.9 0.45 0.3 0.9 0.95 0.7 1.0 0.6 0.75 0.4 0.4 0.95 0.95 0.3 0.75 0.45 0.8 0.4 0.95 0.15 0.65 0.5 0.15 0.65 
-0.07478186282333137 0.2290593588834149 0.4449066873492756 0.5 0.25 0.85 0.4 0.8 0.9 0.95 0.2 0.65 0.25 0.1 0.9 0.9 0.45 0.3 0.9 0.95 0.7 1.0 0.6 0.75 0.25 0.5 0.95 0.95 0.3 0.75 0.45 0.8 0.4 0.95 0.15 0.65 0.5 0.15 0.65 
-1.2250269323609033 0.4313733232600292 0.7351210762873597 0.7 0.8 0.45 0.2 0.75 0.15 0.85 1.0 0.05 0.4 0.15 0.75 1.0 0.0 0.5 0.9 0.1 0.45 0.95 0.75 0.6 0.5 0.5 0.75 0.75 0.95 0.2 0.8 0.85 0.15 0.3 0.15 0.95 0.35 0.05 0.65 
-1.015713993222866 0.23259070065415283 0.6268858275430547 0.85 0.0 0.3 0.9 0.85 0.75 0.95 0.15 0.75 0.2 0.2 0.15 1.0 0.45 0.3 0.85 0.0 0.8 1.0 0.6 0.3 0.5 0.5 0.9 0.85 0.3 0.75 0.65 0.95 0.5 0.3 0.15 0.2 0.0 0.0 0.0 
-0.31139700453819025 0.220297466206349 0.4947640454456901 0.85 0.0 0.3 0.9 0.6 0.75 0.95 0.15 0.75 0.2 0.2 0.8 1.0 0.45 0.3 1.0 0.0 0.75 1.0 0.6 0.25 0.5 0.5 0.9 0.85 0.3 0.45 0.65 0.95 0.5 0.3 0.15 0.2 0.0 0.0 0.0 
-0.6165549337203604 0.21301429151517143 0.5824072028881155 0.35 1.0 0.3 0.55 0.6 0.1 0.95 0.15 0.75 0.2 0.2 0.45 1.0 0.45 0.3 0.6 0.0 0.8 1.0 0.6 0.25 0.5 0.5 0.9 0.95 0.3 0.75 0.95 0.95 0.5 0.15 0.15 0.2 0.0 0.55 0.0 
-4.23439041177018 0.38017707309980836 0.3094367544320117 0.5 0.25 0.85 0.4 0.8 0.35 0.95 0.15 0.65 0.45 0.4 0.9 0.9 0.45 0.25 0.9 0.95 0.7 1.0 0.6 0.75 0.55 0.4 0.95 0.7 0.3 0.75 0.65 0.8 0.4 0.95 0.15 0.65 0.5 0.15 0.65 
-2.229649938116457 0.4794353567176918 0.7296190029767684 0.9 0.9 0.3 0.2 0.75 0.5 0.85 0.95 0.05 0.4 0.15 0.75 1.0 0.0 0.5 1.0 0.15 0.5 1.0 0.75 0.6 0.55 0.5 0.75 1.0 0.95 0.2 0.1 0.15 0.45 0.3 0.6 0.95 0.35 0.6 0.3 
-0.13209456331590505 0.2186997624092442 0.5269256397070087 0.85 0.55 0.3 0.55 0.6 0.1 0.95 0.15 0.55 0.2 0.2 0.25 1.0 0.45 0.3 0.9 1.0 0.8 1.0 0.6 0.25 0.5 0.5 0.9 0.95 0.3 0.75 0.65 0.95 0.5 0.15 0.15 0.2 0.0 0.0 0.0 
-0.1618210610783033 0.1959526392718859 0.5426556302681961 0.75 0.0 0.3 0.9 0.2 0.75 0.95 0.15 0.75 0.2 0.2 0.8 1.0 0.45 0.3 0.75 0.0 0.8 1.0 0.6 0.25 0.5 0.5 0.9 0.9 0.3 0.75 0.65 0.95 0.5 0.3 0.15 0.2 0.0 0.0 0.0 
-0.9103254098056229 0.20520624291688616 0.606639510425511 0.35 1.0 0.3 0.55 0.6 0.1 0.95 0.15 0.75 0.2 0.2 0.45 1.0 0.45 0.3 0.6 0.0 0.8 1.0 0.6 0.25 0.5 0.5 0.9 0.95 0.3 0.7 0.95 0.95 0.5 0.15 0.15 0.2 0.0 0.55 0.0 
-2.3986930074229544 0.6456556333205097 0.32919920373543776 0.6 0.75 0.7 0.7 0.15 0.75 1.0 0.05 0.35 1.0 0.7 0.6 0.95 0.3 0.3 0.9 0.25 0.95 0.9 0.5 0.4 0.95 0.4 0.6 0.45 0.4 0.5 0.95 0.7 0.75 0.45 0.85 0.6 0.7 0.15 0.8 
-23.52006101307877 0.6944142333723001 0.33184065304152033 0.6 0.75 0.7 0.7 0.15 0.75 1.0 0.05 0.35 1.0 0.7 0.6 0.95 0.3 0.3 0.9 0.25 0.95 0.9 0.5 0.4 0.95 0.4 0.6 0.45 0.4 0.5 0.45 0.7 0.75 0.55 0.4 0.6 0.7 0.15 0.7 
-0.4946133692838172 0.19959124345163487 0.5264636053620294 0.35 1.0 0.3 0.25 0.6 0.1 0.95 0.15 0.75 0.6 0.2 0.45 1.0 0.45 0.3 0.6 0.0 0.8 0.95 0.6 0.7 0.55 0.5 0.9 0.95 0.3 0.7 0.95 0.95 0.5 0.15 0.0 0.2 0.0 0.45 0.0 
-6.464408115817736 0.38419324322944065 0.30154127508835293 0.9 0.05 0.95 0.4 0.85 0.1 1.0 0.15 0.7 0.4 0.15 0.4 0.9 0.45 0.25 0.85 1.0 0.7 1.0 0.05 0.45 0.05 0.8 0.1 0.9 0.65 0.5 0.65 0.5 0.65 0.05 1.0 0.55 0.65 0.25 0.1 
-0.5318559781564139 0.17098536840243655 0.5379712278249148 0.35 1.0 0.3 0.55 0.6 0.1 0.95 0.15 0.75 0.2 0.2 0.45 1.0 0.45 0.3 0.6 0.0 0.8 1.0 0.6 0.25 0.5 0.5 0.9 0.95 0.3 0.75 0.45 0.95 0.5 0.15 0.15 0.2 0.0 0.55 0.0 
-0.01149026880476862 0.2074328911392454 0.4890702460004364 0.35 1.0 0.3 0.55 0.35 0.65 0.95 0.15 0.75 0.1 0.25 0.25 1.0 0.45 0.3 0.6 0.0 0.8 1.0 0.55 0.25 0.8 0.5 0.9 0.95 0.3 0.75 0.9 0.95 0.5 0.15 0.15 0.2 0.0 0.55 0.7 
-0.296419550093477 0.20362080570912017 0.5677143678458342 0.85 0.0 0.3 0.9 0.6 0.75 0.95 0.15 0.75 0.2 0.2 1.0 1.0 0.45 0.3 1.0 0.0 0.75 1.0 0.6 0.25 0.5 0.5 0.9 0.85 0.3 0.45 0.65 0.95 0.5 0.3 0.15 0.2 0.0 0.0 0.0 
-1.1033354964436475 0.2145667114747844 0.4657280757339177 0.35 1.0 0.3 0.55 0.35 0.65 0.95 0.15 0.75 0.2 0.2 0.45 1.0 0.45 0.3 0.6 0.0 0.8 1.0 0.55 0.25 0.8 0.5 0.9 0.95 0.3 0.75 0.9 0.95 0.5 0.15 0.15 0.2 0.0 0.55 0.0 
-4.440024994605401 0.18264787595810472 0.5516713065568511 0.35 1.0 0.7 0.55 0.6 0.1 0.95 0.15 0.75 0.05 0.2 0.45 1.0 0.45 0.3 0.6 0.0 0.8 1.0 0.6 0.25 0.5 0.5 0.9 0.95 0.3 0.75 0.45 0.95 0.5 0.15 0.15 0.2 0.0 0.55 0.0 
-0.03331207293229219 0.19325185218832214 0.5115409924689813 0.35 1.0 0.3 0.55 0.6 0.1 0.95 0.15 0.75 0.6 0.2 0.45 1.0 0.45 0.3 0.6 0.0 0.8 1.0 0.6 0.25 0.5 0.5 0.9 0.95 0.3 0.7 0.95 0.95 0.5 0.15 0.15 0.2 0.0 0.45 0.0 
-2.7208310868860344 0.2011080368544576 0.5887297870633201 0.7 1.0 0.3 0.65 0.6 0.1 0.95 0.15 0.75 0.2 0.35 0.75 1.0 0.45 0.3 0.6 0.0 0.8 1.0 0.6 0.25 0.5 0.5 0.9 0.95 0.3 0.7 0.85 0.95 0.5 0.35 0.15 0.2 0.0 0.55 0.85 
-32.97038865210988 0.7362444654686042 0.40451452301220414 0.45 0.75 0.7 0.7 0.15 0.5 1.0 0.05 0.35 1.0 0.7 0.6 0.95 0.3 0.3 0.9 0.25 0.95 0.9 0.25 0.4 0.95 0.4 0.6 0.45 0.4 0.5 0.4 0.7 0.75 0.45 0.85 0.6 0.7 0.15 0.2 
-2.172148587794881 0.2078036607234433 0.6202645180212926 0.35 1.0 0.3 0.55 0.9 0.1 0.95 0.15 0.75 0.1 0.2 0.45 1.0 0.45 0.3 0.6 0.0 0.8 1.0 0.6 0.3 0.5 0.5 0.9 0.95 0.3 0.7 0.95 0.95 0.5 0.15 0.15 0.2 0.0 0.45 0.0 
-1.9239144744542658 0.3065343424868662 0.7310060814257682 0.7 1.0 0.3 0.65 0.6 0.1 0.95 0.15 0.75 0.2 0.5 0.45 1.0 0.45 0.3 0.6 0.0 0.8 1.0 0.6 0.25 0.5 0.5 0.9 0.95 0.3 0.7 0.85 0.95 0.5 0.15 0.15 0.2 0.0 0.55 0.85 
-5.532105738768943 0.1870363575091491 0.45325433367868545 0.35 1.0 0.3 0.55 0.35 0.65 0.95 0.15 0.75 0.2 0.25 0.25 1.0 0.45 0.3 0.6 0.0 0.8 1.0 0.55 0.25 0.8 0.5 0.9 0.95 0.3 0.75 0.9 0.95 0.5 0.15 0.15 0.2 0.0 0.55 0.7 
-0.18031953817416385 0.2746799386497002 0.6874745962433221 0.8 0.55 0.3 0.55 0.6 0.1 0.95 0.15 0.75 0.2 0.7 0.3 1.0 0.45 0.3 0.5 0.0 0.8 1.0 0.6 0.25 0.7 0.5 0.85 0.95 0.35 0.45 0.65 0.95 0.55 0.15 0.15 0.2 0.5 0.0 0.0 
-0.24442760004102027 0.2886664980688154 0.7361103882390467 0.7 1.0 0.3 0.65 0.6 0.2 0.95 0.15 0.75 0.2 0.5 0.4 1.0 0.45 0.3 0.65 0.0 0.8 1.0 0.6 0.25 0.5 0.5 0.9 0.95 0.3 0.7 0.85 0.95 0.5 0.35 0.15 0.2 0.75 0.55 0.85 
-0.06293487451450537 0.33543162754997236 0.7065909176371669 0.7 1.0 0.3 0.65 0.6 0.1 0.7 0.15 0.75 0.2 0.5 0.4 1.0 0.45 0.3 0.6 0.0 0.8 1.0 0.6 0.5 0.5 0.5 0.9 0.85 0.3 0.7 0.85 0.95 0.5 0.35 0.15 0.2 0.55 0.55 0.85 
-0.41052064635926877 0.3337890203244187 0.7228322782311238 0.7 0.1 0.9 0.65 0.6 0.1 0.95 0.15 0.75 0.2 0.5 0.4 1.0 0.45 0.3 0.6 0.0 0.8 1.0 0.6 0.5 0.45 0.5 0.9 0.95 0.3 0.7 0.55 0.95 0.5 0.35 0.15 0.2 0.75 0.55 0.85 
-0.09141529227874212 0.17977639857437577 0.5120287154888077 0.35 1.0 0.3 0.55 0.6 0.1 0.95 0.15 0.75 0.6 0.2 0.45 1.0 0.45 0.3 0.6 0.0 0.8 1.0 0.6 0.3 0.5 0.5 0.9 0.95 0.3 0.7 0.95 0.95 0.5 0.15 0.15 0.2 0.0 0.45 0.0 
-2.139241904634155 0.19468898272971752 0.496307424812242 0.35 1.0 0.3 0.25 0.6 0.1 0.95 0.15 0.75 0.6 0.2 0.45 1.0 0.45 0.3 0.6 0.0 0.8 0.95 0.6 0.25 0.55 0.5 0.9 0.95 0.3 0.7 0.95 0.95 0.5 0.15 0.15 0.2 0.0 0.45 0.0 
-8.139272059891578 0.27522084397735735 0.7162674982188861 0.7 1.0 0.3 0.55 0.6 0.1 0.95 0.15 0.75 0.2 0.5 0.45 1.0 0.45 0.3 0.6 0.0 0.8 1.0 0.6 0.25 0.5 0.5 0.85 0.95 0.3 0.7 0.95 0.95 0.5 0.15 0.15 0.2 0.0 0.55 0.85 
-0.5436701846224703 0.2193874095472665 0.6419477978128953 0.85 0.0 0.3 0.9 0.85 0.75 0.95 0.15 0.75 0.2 0.2 0.15 1.0 0.45 0.3 0.85 0.0 0.8 1.0 0.6 0.3 0.5 0.5 0.9 0.85 0.3 0.75 0.65 0.95 0.4 0.3 0.15 0.2 0.0 0.0 0.0 
-2.660187051279015 0.21200454930849993 0.43990057437793234 0.35 1.0 0.3 0.55 0.7 0.65 0.95 0.15 0.75 0.2 0.25 0.25 1.0 0.45 0.3 0.6 0.0 0.8 1.0 0.55 0.25 0.8 0.5 0.9 0.95 0.3 0.75 0.95 0.95 0.5 0.15 0.15 0.2 0.0 0.55 0.7 
-8.19690645023675 0.19315124659419225 0.6069369454368089 0.35 1.0 0.3 0.55 0.6 0.1 0.95 0.15 0.75 0.2 0.2 0.8 1.0 0.45 0.3 0.6 0.0 0.8 1.0 0.6 0.45 0.5 0.5 0.9 0.95 0.3 0.7 0.65 0.95 0.5 0.15 0.05 0.2 0.0 0.55 0.0 
-7.056620929200923 0.23405699675392105 0.6668827937929788 0.35 1.0 0.3 0.55 0.6 0.1 0.95 0.15 0.75 0.2 0.45 0.45 1.0 0.45 0.3 0.6 0.0 0.8 1.0 0.6 0.25 0.5 0.5 0.9 0.95 0.3 0.75 0.45 0.95 0.5 0.15 0.15 0.2 0.0 0.55 0.0 
-7.530198124786217 0.36017068453588663 0.7356719271049412 0.7 1.0 0.3 0.65 0.6 0.1 0.95 0.15 0.75 0.2 0.5 0.4 1.0 0.45 0.3 0.6 0.0 0.8 1.0 0.6 0.5 0.5 0.5 0.9 0.95 0.3 0.7 0.85 0.95 0.5 0.35 0.15 0.2 0.75 0.55 0.85 
-1.0307146581790934 0.3558533802225614 0.7260144922029953 0.7 0.25 0.3 0.65 0.05 0.1 0.95 0.15 0.75 0.3 0.5 0.35 1.0 0.45 0.3 0.6 0.0 0.8 1.0 0.6 0.5 0.5 0.5 0.9 0.95 0.3 0.7 0.85 0.95 0.5 0.4 0.15 0.2 0.75 0.55 0.85 
-25.145237138112126 0.7240037457745947 0.417636303470124 0.6 0.75 0.7 0.7 0.15 0.75 1.0 0.05 0.35 1.0 0.7 0.6 0.95 0.3 0.3 0.9 0.25 0.95 0.9 0.5 0.7 0.95 0.4 0.6 0.45 0.4 0.5 0.45 0.7 0.75 0.55 0.4 0.6 0.7 0.15 0.7 
-1.991755871120376 0.2722746507016942 0.7002686862308318 0.95 1.0 0.3 0.65 0.6 0.2 0.95 0.15 0.75 0.2 0.5 0.4 1.0 0.45 0.3 0.65 0.0 0.8 1.0 0.6 0.25 0.5 0.5 0.85 0.95 0.3 0.7 0.85 0.95 0.5 0.35 0.15 0.2 0.75 0.55 0.85 
-19.278572484554584 0.7424980061449431 0.44074856738481577 0.6 0.75 0.7 0.7 0.15 0.75 1.0 0.05 0.35 1.0 0.7 0.6 0.95 0.3 0.3 0.9 0.25 0.95 0.9 0.5 0.7 0.95 0.4 0.6 0.45 0.4 0.4 0.45 0.7 0.75 0.55 0.4 0.6 0.7 0.15 0.7 
-1.1650015205557287 0.30402999605723713 0.3259639765308221 0.5 0.25 0.85 0.15 0.8 0.9 1.0 0.2 0.65 0.3 0.45 0.9 0.9 0.45 0.3 0.9 0.95 0.7 1.0 0.6 0.75 0.25 0.4 0.95 0.8 0.3 0.75 0.7 0.8 0.4 0.95 0.15 0.65 0.5 0.8 0.65 
-5.077354940346445 0.377881191805437 0.7334969423900656 0.7 0.25 0.3 0.65 0.05 0.1 0.95 0.15 0.75 0.3 0.5 0.35 1.0 0.45 0.3 0.6 0.0 0.8 0.95 0.6 0.5 0.5 0.5 0.9 0.95 0.3 0.7 0.85 0.95 0.5 0.4 0.15 0.2 0.75 0.55 0.85 
-23.883390235452296 0.6841449274345877 0.31387170918294316 0.35 0.75 0.7 0.7 0.15 1.0 1.0 0.05 0.35 1.0 0.7 0.6 0.95 0.3 0.3 0.9 0.25 0.95 0.9 0.5 0.7 0.95 0.4 0.6 0.45 0.4 0.75 0.45 0.7 0.75 0.55 0.4 0.6 0.7 0.15 0.7 
-25.847669673946214 0.7160569136801115 0.3722442056700854 0.45 0.75 0.7 0.7 0.15 0.75 1.0 0.05 0.35 1.0 0.7 0.6 0.95 0.3 0.3 0.9 0.25 0.95 0.6 0.25 0.4 0.95 0.4 0.6 0.35 0.4 0.5 0.85 0.7 0.75 0.45 0.85 0.6 0.7 0.15 0.2 
