-0.0037491329840235216 0.5139461321744142 0.512646254396224 0.35 0.6 0.25 1.0 0.8 0.05 0.45 0.2 0.2 0.65 0.9 0.2 0.85 0.85 0.25 0.0 0.0 0.8 0.15 0.55 0.4 0.3 0.55 0.25 0.95 0.0 0.7 0.75 0.2 0.6 0.95 0.4 0.9 0.6 0.2 0.65 
-0.0008224029767101873 0.5536458253756444 0.47457131269990827 0.8 0.4 1.0 0.65 0.1 0.4 0.8 0.35 0.6 0.8 0.9 0.85 0.25 0.7 0.65 1.0 0.2 0.55 0.5 0.15 0.95 0.6 0.35 0.8 0.9 0.3 0.4 0.8 0.55 0.5 0.6 0.35 0.0 0.75 0.3 0.3 
-0.01094669533786497 0.48067493061065986 0.5107997302759159 0.35 0.6 0.75 1.0 0.8 0.05 0.85 0.75 0.2 0.75 0.9 1.0 0.85 0.6 0.25 0.0 0.0 0.8 0.15 0.55 0.4 0.7 0.55 0.2 0.95 0.55 0.7 0.7 0.2 0.3 0.95 0.4 0.9 0.95 0.8 0.65 
-0.027808073523429018 0.5146155609667686 0.4744171336541117 0.65 0.0 0.85 0.5 0.05 0.4 1.0 0.2 0.4 0.8 1.0 0.55 0.55 0.9 1.0 0.7 0.1 0.6 0.0 0.95 0.15 0.75 0.05 0.3 0.9 0.8 0.7 0.25 0.25 0.4 0.8 0.15 0.85 0.25 0.85 0.85 
-0.004344887975910331 0.48582558641832857 0.4913167686946777 0.1 0.1 0.15 0.0 0.0 1.0 0.95 0.35 0.8 0.45 0.5 0.9 1.0 0.95 0.6 0.6 0.1 0.8 0.95 0.15 0.85 1.0 0.6 0.3 0.7 0.25 0.6 0.9 0.4 0.6 0.3 0.7 0.55 0.55 0.1 0.05 
-0.0005490707200549958 0.5320910104949808 0.5008566601520701 0.65 0.05 0.5 0.4 0.25 0.65 0.8 0.25 1.0 0.4 0.95 0.3 0.05 0.8 0.1 0.9 0.6 0.9 0.6 0.0 0.9 0.15 0.5 0.15 0.9 0.65 0.4 0.8 0.7 0.5 0.55 0.85 0.05 0.8 0.3 0.0 
-0.004871901374712992 0.4780248948363007 0.4652989940486684 0.35 0.6 0.45 0.1 0.8 0.05 0.85 0.75 0.6 1.0 0.9 0.2 0.85 0.6 0.25 0.0 0.35 0.55 0.9 0.9 0.55 0.5 0.5 0.25 0.95 0.55 0.7 0.7 0.15 0.9 0.15 0.4 0.95 0.7 0.15 0.65 
-0.0028761548418944857 0.4525009194531293 0.5059893869740504 0.7 0.5 0.9 0.0 0.6 0.85 0.6 0.55 0.8 0.15 0.1 0.55 1.0 0.9 0.65 0.4 0.15 0.1 0.95 0.7 0.6 0.0 0.6 0.8 1.0 0.45 0.4 0.9 0.3 0.35 0.15 0.7 0.35 0.2 0.8 1.0 
-0.0017213806614877764 0.5162892096674647 0.4689975105781996 0.3 0.65 1.0 0.3 0.95 0.15 0.65 0.35 0.7 1.0 0.2 0.25 0.2 0.45 0.55 0.95 0.25 0.6 0.0 0.9 0.4 0.6 0.35 0.8 0.7 0.75 0.65 0.75 0.5 0.55 0.2 0.65 0.1 0.35 0.4 0.7 
-0.0007993957011679715 0.45834763742754414 0.5177807092227831 0.7 0.75 0.55 0.65 0.5 0.15 0.85 0.75 0.25 0.2 0.1 0.7 0.9 0.65 0.1 0.2 0.05 0.8 0.7 0.4 0.35 0.4 0.3 0.5 0.05 0.85 0.55 0.05 0.5 0.9 0.25 0.95 0.8 0.35 1.0 0.85 
-0.009808022158860164 0.5525596997624853 0.46126040090250703 0.3 0.85 0.15 0.95 0.4 0.85 0.7 0.3 0.45 0.45 0.85 0.5 0.0 0.25 0.25 0.8 0.75 0.75 0.6 0.35 0.8 0.45 0.5 0.7 0.45 0.4 0.8 0.95 1.0 0.6 0.65 0.15 0.1 0.3 0.6 0.9 
-0.007188484202581423 0.5540221079681272 0.5090826942712057 0.15 0.0 0.45 0.9 0.0 0.15 0.2 0.0 0.9 0.65 0.3 0.7 0.45 0.7 0.8 0.45 0.0 0.55 0.95 0.7 0.5 0.95 0.65 0.4 0.95 0.4 0.75 1.0 0.2 0.35 1.0 1.0 0.7 0.75 0.1 0.95 
-0.02006626688482615 0.5123005164143469 0.5068987240487902 0.85 0.15 0.3 0.5 0.55 0.85 0.4 0.3 0.4 0.5 0.75 0.65 0.95 0.95 0.25 0.05 0.75 0.75 0.8 0.2 0.4 0.4 0.5 0.7 0.95 0.35 0.0 0.95 1.0 0.5 0.05 0.15 0.4 0.0 0.6 0.4 
-6.722620413208828e-06 0.46501591208894166 0.4576141222592503 0.4 0.35 0.2 0.35 0.7 0.85 0.95 0.95 0.2 0.75 0.2 1.0 0.9 0.15 0.35 0.8 0.1 0.85 0.3 0.4 0.0 0.65 0.05 0.35 0.45 0.1 0.3 0.7 0.55 0.55 0.0 0.8 0.9 0.75 0.45 0.4 
-0.0007445013895391266 0.4542569367515057 0.4689499554918223 0.35 0.6 0.75 1.0 0.5 0.05 0.85 0.75 0.2 0.75 0.8 0.2 0.85 0.6 0.25 0.1 0.9 0.85 0.15 1.0 0.35 0.7 0.8 0.2 0.95 0.55 0.25 0.7 0.25 0.3 0.95 0.4 0.9 0.7 0.8 0.65 
-0.0021190010037374922 0.5398182375428687 0.5281146576928797 0.8 0.7 0.45 0.6 0.75 0.05 0.05 1.0 0.55 0.45 0.7 0.3 0.25 0.25 0.4 0.65 0.0 0.75 0.95 0.15 0.7 0.5 0.8 0.35 0.65 0.4 0.5 1.0 0.1 0.85 0.05 0.35 0.2 0.9 0.85 0.65 
-0.0026613257144731044 0.5332722277608696 0.49468360233449116 0.85 0.3 0.3 0.95 0.4 0.3 0.25 0.3 0.4 0.45 0.85 0.65 0.25 0.15 0.45 0.85 0.75 0.75 0.0 0.25 0.7 0.25 0.5 0.35 0.05 0.05 0.0 0.95 1.0 0.5 0.75 0.05 0.4 0.3 0.55 0.75 
-0.007950021495732056 0.42692289218671214 0.5075926331366387 0.1 0.1 0.15 0.0 0.0 0.45 0.25 0.35 0.75 0.45 0.5 0.9 0.45 0.95 0.6 0.6 0.8 0.8 0.65 0.25 0.3 0.85 0.6 0.3 1.0 0.6 0.65 0.9 0.15 0.5 0.3 0.7 0.55 0.55 0.6 0.05 
-0.0066009382366155125 0.5322619660385615 0.5422089903891597 0.85 0.3 0.9 0.95 0.4 0.0 0.15 0.3 0.5 0.5 0.85 0.65 0.65 0.95 0.45 0.95 0.2 0.7 0.85 0.25 0.4 0.4 0.5 0.7 0.05 0.6 0.0 0.8 1.0 0.5 0.1 0.2 0.0 0.4 0.6 0.9 
-0.009076756552754585 0.5101402534307803 0.5781902302660874 0.8 0.5 0.4 0.45 0.25 0.8 0.9 0.95 0.1 0.05 0.15 0.85 0.05 0.8 0.6 0.95 0.95 0.35 0.05 0.0 0.45 0.9 0.35 0.65 0.75 0.7 0.5 0.8 0.55 0.1 0.55 0.15 0.2 0.9 0.2 0.55 
-0.0011474501819375882 0.4329062826291218 0.4878521735148172 0.65 0.65 0.15 0.9 0.1 0.85 0.0 0.0 0.65 0.9 0.75 0.35 0.85 0.1 0.5 0.65 0.4 0.3 0.55 0.35 0.7 0.8 0.6 0.05 0.85 0.55 0.85 1.0 0.25 0.55 0.35 0.25 0.4 0.9 0.7 0.8 
-0.0016397553623545957 0.5404056401066322 0.5633536140187196 0.65 0.05 0.5 0.4 0.7 0.55 0.7 1.0 0.45 0.5 0.95 0.3 0.65 0.8 0.55 0.9 0.6 0.9 0.0 0.0 0.7 0.15 0.1 0.2 0.9 0.65 0.6 0.8 0.7 0.5 0.95 0.85 0.05 0.8 0.2 0.0 
-0.0023798373371317796 0.41785267537770404 0.46468348193068876 0.35 0.6 0.75 1.0 0.8 0.05 0.85 0.75 0.2 0.75 0.8 0.2 0.85 0.6 0.25 0.0 0.0 0.8 0.25 1.0 0.4 0.7 0.6 0.2 0.95 0.55 0.25 0.7 0.25 0.3 0.95 0.4 0.9 0.7 0.8 0.65 
-0.004743033356119752 0.5035670685990156 0.5286437187552341 0.8 0.5 0.4 0.45 0.25 0.8 0.9 0.95 0.1 0.1 0.15 0.85 0.05 0.75 0.6 0.95 0.95 0.35 0.25 0.0 0.45 0.9 0.35 0.55 0.75 0.7 0.45 0.8 0.55 0.1 0.05 0.15 0.2 0.9 0.25 0.55 
-0.0013273646089248187 0.5757808223492218 0.522604734991323 0.15 0.0 0.45 0.9 0.0 0.15 0.2 0.0 0.9 0.65 0.2 0.7 0.45 0.7 0.8 0.45 0.0 0.55 0.95 0.7 0.5 0.95 0.65 0.4 0.95 0.4 0.75 1.0 0.2 0.35 1.0 1.0 0.7 0.75 0.1 0.95 
-0.0012935986556213378 0.5579293806170607 0.5325181503512334 0.15 0.0 0.45 0.9 0.3 0.15 0.2 0.0 0.9 0.65 0.3 0.7 0.45 0.7 0.8 0.45 0.0 0.55 0.95 0.7 0.5 0.95 0.8 0.4 0.95 0.0 0.75 1.0 0.2 0.35 1.0 1.0 0.7 0.75 0.1 0.95 
-0.0009883797189542832 0.5614001307226042 0.548302926914657 0.9 0.5 0.6 0.8 0.6 0.3 0.0 0.7 0.6 0.25 0.6 1.0 0.9 1.0 0.85 0.4 0.45 0.5 0.95 0.2 0.35 0.2 0.1 0.5 0.95 0.8 0.45 0.9 0.95 0.35 0.2 0.55 0.05 0.55 0.45 0.25 
-0.008378550956425358 0.5162376927055485 0.4450448314875879 0.45 0.65 1.0 0.3 0.95 0.15 0.9 0.35 0.7 0.95 0.7 0.25 0.2 0.55 0.4 0.95 0.25 0.6 0.0 0.35 0.8 0.75 0.35 0.8 0.7 0.75 0.65 0.75 0.55 0.65 0.2 0.65 0.1 0.35 0.4 0.45 
-0.06189257788264604 0.404838755041458 0.5041477573063925 0.3 1.0 0.05 0.5 0.7 0.55 0.85 0.5 1.0 0.15 0.05 0.15 1.0 0.75 0.25 0.95 0.9 0.4 0.8 0.65 0.05 0.7 0.3 0.65 1.0 0.25 0.35 0.65 0.9 0.1 0.6 0.75 0.9 0.8 0.25 0.55 
-0.0005863417554681813 0.43288602536369597 0.5366944667504255 0.85 0.6 0.05 0.15 0.7 0.55 0.7 0.5 1.0 0.2 0.05 0.25 0.95 0.95 0.45 0.95 0.9 0.35 1.0 0.65 0.2 0.9 0.6 0.65 1.0 0.2 0.35 0.45 0.85 0.1 0.2 0.5 0.65 0.8 0.9 0.55 
-0.010787761404875428 0.6042997061803578 0.49380715721222634 1.0 0.65 0.9 0.9 0.6 0.15 0.8 0.3 0.7 0.75 0.9 0.1 0.25 0.3 0.65 0.95 0.25 0.55 0.75 0.35 0.7 0.75 1.0 0.7 0.9 0.3 0.45 0.75 0.55 0.65 0.9 0.0 0.15 0.75 0.3 0.4 
-0.008609914367187582 0.47714118265929256 0.45057029956060596 0.35 0.6 0.45 0.1 0.8 0.05 0.85 0.75 0.6 1.0 0.9 0.2 0.4 0.6 0.25 0.0 0.0 0.8 0.1 0.45 0.4 0.5 0.5 0.7 0.95 0.55 0.25 0.7 0.15 0.3 0.75 0.4 0.9 0.7 0.15 0.65 
-0.012175341893851574 0.5254785788728483 0.5608848853677205 0.8 0.7 0.45 0.6 0.75 0.05 0.05 1.0 0.55 0.45 0.7 0.3 0.25 0.25 0.4 0.65 0.0 0.75 0.95 0.15 0.7 0.5 0.8 0.35 0.65 0.4 0.5 1.0 0.7 0.35 0.05 0.35 0.2 0.9 1.0 0.65 
-0.0034166596208886325 0.4274467737026732 0.4604659136898456 0.35 0.6 0.45 0.1 0.8 0.05 0.85 0.75 0.6 1.0 0.9 0.2 0.85 0.6 0.25 0.0 0.35 0.55 0.9 0.9 0.55 0.5 0.5 0.25 0.95 0.55 0.7 0.7 0.15 0.3 0.15 0.4 0.9 0.7 0.15 0.65 
-0.017338938542704872 0.5067110204251641 0.4405737098269239 0.45 0.65 1.0 0.3 0.95 0.15 0.65 0.35 0.7 0.9 0.2 0.25 0.2 0.6 0.4 0.95 0.25 0.6 0.0 0.9 0.95 0.75 0.35 0.75 0.7 0.75 0.65 0.75 0.55 0.7 0.2 0.0 0.1 0.8 0.4 0.45 
-0.03166483034612103 0.5346813063460087 0.4384063091138153 0.45 0.65 1.0 0.3 0.95 0.15 0.9 0.35 0.7 0.95 0.7 0.25 0.2 0.55 0.4 0.95 0.25 0.6 0.6 0.35 0.8 0.75 0.35 0.8 0.55 0.75 0.65 0.75 0.55 0.65 0.2 0.65 0.1 0.35 0.4 0.45 
-0.005267357187036784 0.41483600034568463 0.4461433430376429 0.35 0.6 0.75 1.0 0.8 0.05 0.85 0.75 0.2 0.75 0.8 0.2 0.85 0.6 0.25 0.0 0.0 0.8 0.15 1.0 0.4 0.7 0.6 0.2 0.95 0.55 0.25 0.7 0.25 0.3 0.95 0.4 0.9 0.7 0.8 0.65 
-0.011929503792212805 0.4045243106601379 0.5206810367127352 0.75 0.8 0.9 0.0 1.0 1.0 0.8 0.75 0.8 0.7 0.9 0.4 1.0 0.9 0.6 0.8 0.15 0.85 1.0 0.95 0.85 0.7 0.9 0.95 0.65 0.3 0.35 0.8 0.15 0.8 0.1 1.0 0.3 0.55 0.6 0.75 
-0.010901121418031793 0.46598609999981355 0.5564582306871645 0.3 1.0 0.05 0.5 0.7 0.55 0.75 0.5 1.0 0.15 0.05 0.15 1.0 0.75 0.25 0.95 0.9 0.35 0.8 0.65 0.7 0.55 0.2 0.65 1.0 0.25 0.35 0.65 0.9 0.1 0.2 0.45 0.9 0.8 0.25 0.55 
-0.002431681192825441 0.5804110594934417 0.501635137245222 0.7 0.3 0.75 0.15 0.4 0.0 0.25 0.3 0.4 0.5 0.85 0.65 0.75 0.5 0.45 0.85 0.75 0.75 0.85 0.25 0.4 0.4 0.5 0.7 0.05 0.45 0.0 0.95 1.0 0.55 0.75 0.15 0.4 0.3 0.2 0.9 
-0.009920811428075596 0.5549792010729944 0.4442112300159534 0.65 0.95 0.4 0.05 0.6 0.4 1.0 0.45 0.3 0.85 0.25 0.25 1.0 0.2 0.7 0.9 0.65 0.95 0.7 0.15 0.0 0.8 0.35 0.35 0.95 0.3 0.65 0.75 0.5 0.9 0.25 0.35 0.25 0.1 0.1 0.65 
-0.0007954637056972637 0.5719453953579835 0.4292784083539821 0.3 0.85 0.15 0.95 0.4 0.85 0.7 0.3 0.45 0.45 0.85 0.5 0.0 0.25 0.25 0.8 0.75 0.75 0.2 0.35 0.8 0.45 0.5 0.7 0.45 0.35 0.0 0.95 1.0 0.6 0.65 0.15 0.1 0.3 0.6 0.9 
-0.018652584616844863 0.5554716599398455 0.5718143696071213 0.0 0.2 0.4 0.05 0.3 0.85 0.55 1.0 1.0 0.2 0.05 0.25 0.4 0.0 0.8 0.95 0.85 0.35 0.25 0.5 0.9 0.95 0.35 0.65 1.0 0.7 0.3 0.8 0.9 0.1 0.2 0.25 0.9 0.65 0.25 0.55 
-0.0025368492870661 0.5080317828502848 0.5695878144179661 0.8 0.5 0.4 0.45 0.25 0.8 0.9 0.95 0.1 0.05 0.2 0.85 0.05 0.75 0.6 0.95 0.95 0.35 0.25 0.0 0.45 0.9 0.35 0.65 0.75 0.7 0.45 0.8 0.55 0.1 0.05 0.15 0.2 0.9 0.25 0.55 
-0.028235059396770224 0.45157626093208747 0.5727218800855439 0.3 0.55 0.05 0.5 0.7 0.75 0.75 0.5 0.8 0.3 0.9 0.9 1.0 0.75 0.25 0.85 0.9 0.95 1.0 0.65 0.4 0.55 0.35 0.55 0.3 1.0 0.35 0.65 0.9 0.1 0.0 0.45 0.9 0.8 0.25 0.15 
-0.001139839298833149 0.36744397975753823 0.507882598376056 0.05 0.5 0.9 0.0 0.6 0.85 0.15 0.3 0.8 0.05 0.45 0.4 1.0 0.1 0.6 0.95 0.15 0.5 0.9 0.9 0.6 0.2 0.15 0.55 1.0 0.45 0.35 0.9 0.15 0.35 0.85 0.55 0.55 0.8 0.75 1.0 
-0.006029883047308267 0.4319161768410199 0.528889591265244 0.95 0.0 0.15 0.6 0.0 1.0 0.95 0.7 0.8 0.7 0.5 0.95 1.0 0.95 0.6 0.5 0.45 0.8 0.95 1.0 0.65 0.25 0.6 0.35 1.0 0.3 0.6 0.9 0.15 0.4 0.3 0.7 0.55 0.6 0.8 0.65 
-0.0034358556596280937 0.44376561344660165 0.47864078963448947 0.35 0.6 0.45 0.1 0.0 0.05 0.85 0.75 0.6 1.0 0.9 0.2 0.85 0.6 0.55 0.0 0.0 0.8 0.1 0.1 0.6 0.5 0.55 0.25 0.9 0.55 0.35 0.55 0.2 0.3 0.15 0.4 0.9 0.35 0.15 0.65 
-0.0002126136382307809 0.6021638560742788 0.47612860832095655 0.7 0.3 0.75 0.95 0.4 0.0 0.25 0.3 0.4 0.5 0.85 0.65 0.25 0.85 0.45 0.85 0.75 0.75 0.85 0.25 0.4 0.4 0.5 0.7 0.05 0.45 0.0 0.95 1.0 0.5 0.75 0.15 0.4 0.3 0.2 0.9 
-0.0029877671825382216 0.5673330339434983 0.43848793378212253 1.0 0.65 0.9 0.3 0.6 0.15 0.8 0.35 0.7 0.95 0.9 0.1 0.35 0.65 0.65 0.95 0.25 0.55 0.35 0.45 0.8 0.8 0.15 0.8 0.95 0.3 0.85 0.9 0.55 0.5 0.9 0.0 0.75 0.35 0.3 0.4 
-0.009380785721662703 0.4322830119781935 0.5493450909091172 0.05 0.5 0.9 0.0 0.6 0.85 0.6 0.55 0.8 0.15 0.3 0.45 1.0 0.9 0.6 0.4 0.25 0.5 0.95 0.0 0.6 0.1 0.6 1.0 1.0 0.45 0.1 0.9 0.3 0.35 0.35 0.7 0.35 0.2 0.8 0.9 
-0.023158761441468438 0.465173775887078 0.43552710923469884 0.75 0.6 0.45 0.1 0.8 0.05 0.85 0.75 0.6 1.0 0.85 0.2 0.85 0.6 0.25 0.0 0.1 0.7 0.2 0.0 0.6 0.5 0.5 0.2 0.95 0.55 0.2 0.7 0.15 0.35 0.2 0.4 0.9 0.2 0.1 0.65 
-0.028962435504133185 0.6171172983562642 0.450453257356926 1.0 0.65 0.9 0.25 0.6 0.15 0.8 0.35 0.7 0.55 0.9 0.1 0.25 0.65 0.3 0.95 0.25 0.55 0.75 0.7 0.8 0.6 0.35 0.8 0.5 0.3 0.45 0.75 0.55 0.65 0.9 0.0 0.15 0.6 0.3 0.4 
-0.006904356258738094 0.5058240849615826 0.43605299291051036 0.45 0.65 1.0 0.3 0.95 0.15 0.65 0.35 0.7 0.9 0.2 0.25 0.2 0.6 0.4 0.95 0.25 0.6 0.05 0.9 0.9 0.75 0.35 0.75 0.7 0.75 0.65 0.75 0.55 0.7 0.05 0.0 0.1 0.8 0.4 0.45 
-0.007904488180117773 0.429127543909793 0.44081000365982276 0.35 0.6 0.45 0.1 0.0 0.05 0.85 0.75 0.6 1.0 0.9 0.2 0.85 0.6 0.25 0.0 0.0 0.8 0.5 0.1 0.6 0.5 0.55 0.1 0.9 0.55 0.35 0.55 0.2 0.0 0.15 0.4 0.9 0.35 0.15 0.95 
-0.023287269801265338 0.5847444414261028 0.4537816109855835 0.3 0.85 0.15 0.95 0.4 0.85 0.7 0.3 0.45 0.45 0.85 0.5 0.0 0.25 0.25 0.8 0.75 0.75 0.6 0.35 0.8 0.45 0.5 0.7 0.45 0.4 0.0 0.95 1.0 0.6 0.65 0.15 0.1 0.3 0.6 0.9 
-0.01815425225528066 0.3810960544604047 0.4651163834502314 0.05 0.5 0.9 0.0 0.6 0.2 0.2 0.35 0.85 0.45 0.65 0.95 1.0 0.9 0.6 0.4 0.15 0.5 0.95 0.0 0.6 0.1 0.6 1.0 0.8 0.5 0.35 0.9 0.15 0.35 0.5 0.9 0.55 0.55 0.45 1.0 
-0.007202211170063643 0.5551695172662818 0.4060642738369766 0.3 0.0 1.0 0.3 0.95 0.15 0.95 0.35 0.7 1.0 0.2 0.25 0.2 0.0 0.55 0.95 0.25 0.6 0.0 0.9 0.15 0.75 0.35 0.8 0.8 0.75 0.7 0.65 0.55 0.55 0.2 0.65 0.1 0.85 0.4 0.7 
-0.0059795471405234115 0.39704530519517095 0.4853182164018608 0.75 0.1 0.9 0.0 0.0 1.0 0.7 0.35 0.8 0.3 0.5 0.75 1.0 0.95 0.6 0.5 0.15 0.6 0.95 1.0 0.65 0.75 0.6 0.8 1.0 0.3 0.6 0.9 0.15 0.5 0.3 0.7 0.55 0.55 0.8 0.65 
-0.007355813437783916 0.5271657783664546 0.5982028498757921 0.0 0.3 0.75 0.05 0.3 0.3 1.0 0.95 1.0 0.2 0.05 0.25 0.4 0.25 0.6 0.95 0.9 0.35 0.25 0.5 0.9 0.95 0.35 0.65 1.0 0.7 0.45 0.8 0.9 0.1 0.2 0.05 0.35 0.9 0.25 0.55 
-0.0008348548667412447 0.5847209402375938 0.4492129551139822 0.85 0.3 0.9 0.95 0.4 0.0 0.15 0.3 0.4 0.5 0.85 0.65 0.85 0.95 0.45 0.95 0.75 0.75 0.85 0.25 0.4 0.4 0.5 0.7 0.05 1.0 0.2 0.75 1.0 0.7 0.1 0.2 0.05 0.4 0.6 0.9 
-0.002556277998496765 0.5765055959791999 0.5807692095590505 0.65 0.2 0.5 0.4 0.2 0.65 0.8 0.25 1.0 0.4 0.95 0.4 0.75 0.1 0.8 0.9 0.6 0.9 0.6 0.0 0.4 0.15 0.5 0.15 0.9 0.7 0.6 0.8 0.7 0.5 0.25 0.85 0.05 0.8 0.3 0.0 
-0.002252300835977526 0.6004977374872238 0.546636017036163 0.6 0.0 0.0 0.9 0.3 0.15 0.2 0.0 0.75 0.65 0.3 0.7 0.25 0.7 0.8 0.45 0.0 0.55 0.95 0.7 0.4 0.95 0.8 0.4 0.35 0.4 0.75 0.25 0.25 0.35 1.0 1.0 0.7 0.75 0.95 0.95 
-0.007830468585302052 0.5955594397556667 0.5256191213556005 0.0 0.25 0.4 0.45 0.2 0.8 0.35 0.7 0.3 0.05 0.5 0.8 0.8 0.9 0.7 0.85 0.3 0.35 0.7 0.25 0.85 0.9 0.7 0.65 0.8 0.9 0.45 0.8 0.7 0.1 0.0 0.05 0.7 0.9 0.25 0.55 
-0.004095786308922376 0.5092396207913609 0.5822739060800772 0.8 0.5 0.4 0.05 0.25 0.8 0.9 0.95 0.1 0.05 0.2 0.85 0.05 0.8 0.65 0.95 0.95 0.35 0.05 0.0 0.5 0.9 0.35 0.65 0.8 0.7 0.45 0.8 0.55 0.1 0.25 0.15 0.2 0.9 0.25 0.55 
-0.0009841914359400472 0.35799940432601673 0.4806435797795692 0.05 0.95 0.9 0.0 0.6 0.85 0.45 0.55 0.8 0.05 0.45 0.1 1.0 0.1 0.6 0.95 0.15 0.5 0.9 0.0 0.6 0.2 0.15 0.5 0.7 0.45 0.35 0.9 0.15 0.35 0.55 0.55 0.55 0.8 0.95 1.0 
-0.028804285057073914 0.5643366429550426 0.5867513963249269 0.0 0.5 0.4 0.05 0.9 0.8 0.9 0.95 0.9 0.05 0.05 0.85 0.4 0.1 0.7 0.95 0.95 0.35 0.9 0.5 0.9 0.85 0.35 0.65 0.65 0.7 0.45 0.8 0.9 0.1 0.2 0.05 0.7 0.9 0.25 0.55 
-0.004299073154767558 0.5963265606109895 0.5622526667861568 0.0 0.5 0.4 0.45 0.5 0.8 0.35 0.7 0.5 0.05 1.0 0.8 0.8 0.9 0.65 0.85 0.3 0.35 0.65 0.5 0.6 0.9 0.7 0.65 0.8 0.7 0.45 0.8 0.7 0.1 0.0 0.05 0.7 0.9 0.65 0.55 
-0.004570593229742406 0.5505592777362781 0.5755441226578455 0.0 0.5 0.4 0.45 0.5 0.8 0.35 0.7 0.5 0.05 1.0 0.8 0.8 0.9 0.65 0.85 0.3 0.45 0.65 0.5 0.6 0.9 0.7 0.65 0.8 0.7 0.45 0.8 0.7 0.1 0.0 0.05 0.7 0.65 0.65 0.55 
-0.003025877029463852 0.6153504434273537 0.46694232661549095 0.7 0.3 0.75 0.15 0.4 0.0 0.25 0.3 0.4 0.5 0.85 0.65 0.25 0.85 0.45 0.85 0.75 0.75 0.85 0.25 0.4 0.4 0.5 0.7 0.05 0.45 0.0 0.95 1.0 0.55 0.75 0.15 0.4 0.3 0.2 0.9 
-0.0016763805867163362 0.3742643922879302 0.527858294243567 0.05 0.8 0.9 0.0 1.0 1.0 0.8 0.75 0.8 1.0 0.9 0.95 1.0 0.9 0.6 0.8 0.1 0.85 1.0 0.95 0.55 0.85 0.9 0.95 0.25 0.6 0.35 0.8 0.15 0.6 0.15 1.0 0.85 0.45 0.8 0.75 
-0.009531980996087146 0.6242367342401716 0.43457596376987 1.0 0.5 0.0 1.0 0.6 0.15 0.8 0.35 0.85 0.75 0.9 0.05 0.65 0.55 0.8 0.95 0.25 0.65 0.5 0.35 0.6 0.75 0.35 0.65 0.95 0.3 0.45 0.75 0.45 0.65 0.85 0.0 0.15 0.05 0.35 0.85 
-0.014060429178574183 0.6336942961630321 0.5480854894636444 0.3 0.6 0.4 0.05 0.15 0.95 0.15 0.7 0.3 0.05 0.35 0.9 0.55 0.9 0.7 0.9 0.3 0.35 0.65 0.5 0.85 0.8 0.35 0.6 0.95 0.7 0.45 0.65 0.7 0.1 0.0 0.05 0.35 0.9 0.25 0.55 
-0.0011844923998694055 0.6157540633458192 0.4939419907354519 0.0 0.6 0.4 0.05 0.5 0.8 0.15 0.7 0.3 0.05 0.5 0.95 0.55 0.9 0.7 0.85 0.3 0.35 0.65 0.5 0.85 0.9 0.35 0.6 0.5 0.7 0.45 0.65 0.7 0.1 0.0 0.05 0.7 0.9 0.25 0.55 
-0.00246069399510166 0.6048898322152148 0.5505734910368045 0.0 0.25 0.4 0.45 0.2 0.8 0.35 0.7 0.3 0.05 0.5 0.8 0.8 0.9 0.7 0.85 0.3 0.35 0.7 0.5 0.85 0.9 0.7 0.65 0.8 0.7 0.45 0.8 0.7 0.1 0.0 0.05 0.7 0.9 0.25 0.55 
-0.023555386984449613 0.5216122564442826 0.621783086247812 0.0 0.3 0.95 0.05 0.3 0.8 1.0 0.95 1.0 0.15 0.05 0.25 0.4 0.8 0.15 0.95 0.9 0.35 0.4 0.5 0.9 0.95 0.35 0.65 1.0 0.7 0.45 0.8 0.9 0.1 0.2 0.05 0.35 0.9 0.25 0.55 
-0.0013999339260843127 0.38968081941119426 0.5544423011227776 0.05 0.5 0.9 0.0 0.6 0.85 0.6 0.55 0.8 0.2 0.3 0.45 1.0 0.9 0.6 0.4 0.15 0.5 0.95 0.0 0.6 0.1 0.6 1.0 1.0 0.45 0.35 0.9 0.3 0.35 0.35 0.7 0.35 0.2 0.8 1.0 
-0.020592228596453405 0.6391643437683148 0.5678226101417806 0.8 0.0 0.9 0.9 0.3 0.15 0.2 0.0 0.65 0.35 0.3 0.7 0.25 0.7 0.85 0.45 0.0 0.55 0.95 0.7 0.5 0.95 0.8 0.4 0.95 0.4 0.75 1.0 0.25 0.2 1.0 1.0 0.7 0.75 0.1 0.95 
-0.0007443275818312969 0.6121464048704113 0.5257462461952978 0.4 0.05 0.5 0.4 0.7 0.65 0.8 0.4 0.45 0.4 0.95 0.3 0.05 0.45 0.55 0.9 0.6 0.9 0.75 0.0 0.7 0.15 0.1 0.15 0.9 0.6 0.6 0.8 0.7 0.5 0.95 0.85 0.05 0.8 0.3 0.0 
-0.0014716757146395272 0.5377941545293445 0.4044807712085699 0.4 0.2 0.4 0.05 0.6 0.1 1.0 0.45 0.35 0.7 0.05 0.25 0.95 0.2 0.8 0.3 0.65 0.25 0.25 0.15 0.05 0.8 0.35 0.3 0.25 0.3 0.3 0.6 0.5 0.9 0.6 0.2 0.25 0.7 0.5 0.65 
-0.002134001208612446 0.594239317093324 0.5985434323454044 0.35 0.5 0.55 0.05 0.15 1.0 0.9 0.95 0.85 0.05 0.8 0.3 0.4 0.85 0.4 0.95 0.95 0.35 0.9 0.5 0.9 0.9 0.35 0.65 0.8 0.7 0.55 0.9 0.9 0.05 0.2 0.05 0.7 0.4 0.75 0.55 
-0.0011924024162885316 0.357701361522287 0.51626934951666 0.05 0.5 0.9 0.0 0.6 0.85 0.15 0.3 0.5 0.05 0.45 0.4 1.0 0.1 0.6 0.95 0.15 0.5 0.45 0.9 0.6 0.2 0.15 0.1 1.0 0.45 0.35 0.9 0.15 0.35 0.85 0.55 0.55 0.8 0.75 1.0 
-0.001392233373302239 0.6053689759230195 0.5972315369207588 0.0 0.2 0.4 0.05 0.2 0.8 0.9 0.7 0.3 0.05 0.05 0.5 0.45 0.8 0.7 0.95 0.95 0.35 0.55 0.5 0.9 0.9 0.35 0.65 0.8 0.55 0.45 0.8 0.95 0.1 0.0 0.05 0.7 0.9 0.25 0.55 
-0.003473057167974103 0.6149938367314922 0.42136364850213365 0.85 0.15 0.3 0.5 0.55 0.85 0.6 0.3 0.4 0.5 0.75 0.65 0.95 0.95 0.25 1.0 0.75 0.75 0.8 0.2 0.4 0.4 0.5 0.7 0.95 0.35 0.0 0.95 1.0 0.5 0.05 0.15 0.4 0.0 0.55 0.55 
-0.001569141198484659 0.6256251973203764 0.6018679317806358 0.0 0.5 0.4 1.0 0.5 1.0 0.9 0.7 0.6 0.05 0.45 0.9 0.4 0.95 0.55 1.0 0.95 0.35 0.55 0.5 0.9 0.9 0.35 0.65 0.8 0.7 0.3 0.9 0.95 0.1 0.7 0.05 0.7 0.9 0.25 0.55 
-0.0017412003418850706 0.3412814949826538 0.487869499020313 0.75 0.1 0.6 0.0 0.15 1.0 0.7 0.35 0.8 0.3 0.5 0.75 1.0 0.95 0.6 0.75 0.15 0.8 0.95 1.0 0.45 0.25 0.6 0.8 1.0 0.3 0.6 0.9 0.15 0.5 0.3 0.7 0.1 0.55 0.8 0.65 
-0.00508006009680619 0.4475770267970297 0.4476467328400073 0.4 0.35 0.2 0.35 0.7 0.85 0.95 0.95 0.75 0.75 0.2 1.0 0.9 0.15 0.35 0.8 0.1 0.85 0.3 0.4 0.0 0.65 0.05 0.35 0.1 0.1 0.3 0.7 0.55 0.55 0.0 0.8 0.9 0.75 0.45 0.4 
-0.003880159547707204 0.39097930686162274 0.4623077977674364 0.05 0.9 0.45 0.1 0.8 0.05 0.85 0.75 0.6 1.0 0.9 0.2 0.95 0.6 0.25 0.1 0.0 0.8 0.1 0.3 0.6 0.3 0.55 0.25 0.95 0.55 0.7 0.7 0.9 0.3 0.15 0.4 0.9 1.0 0.15 0.55 
-0.03966186023798405 0.5020532986420803 0.4047821990410295 0.55 0.1 0.4 0.05 0.6 0.0 1.0 0.45 0.35 0.7 0.9 0.25 0.95 0.2 0.65 0.4 0.65 0.25 0.95 0.15 0.75 0.8 0.35 0.3 0.55 0.3 0.9 0.6 0.5 0.5 0.2 0.45 0.25 0.1 0.65 0.65 
-0.0036881964173862314 0.5745937109720793 0.413430453631434 1.0 0.65 0.9 0.3 0.6 0.15 0.8 0.35 0.7 0.75 0.9 0.1 0.25 0.65 0.2 0.95 0.25 0.55 0.75 0.35 1.0 0.75 0.35 0.7 0.95 0.3 1.0 0.75 0.55 0.65 0.9 0.0 0.15 0.35 0.3 0.4 
-0.0033101287638225055 0.6313750195273837 0.4189323324933911 1.0 0.2 0.9 0.3 0.6 0.15 0.85 0.35 0.7 0.85 0.9 0.1 0.35 0.9 0.65 0.95 0.25 0.55 0.5 0.35 0.8 1.0 0.4 0.85 0.15 0.3 0.45 0.9 0.55 0.25 0.9 0.25 0.05 0.35 0.3 0.4 
-0.002714366906020423 0.6128157846850885 0.40626152190780584 0.85 0.15 0.3 0.5 0.55 0.85 0.4 0.3 0.4 0.5 0.75 0.65 0.95 0.95 0.25 1.0 0.75 0.75 0.8 0.2 0.4 0.4 0.5 0.7 0.95 0.35 0.0 0.95 1.0 0.5 0.05 0.15 0.4 0.0 0.6 0.55 
-0.0015216490840462035 0.6571859001505395 0.48588091580874393 0.65 0.05 0.65 0.4 0.7 0.65 0.8 0.4 0.45 0.75 0.95 0.3 1.0 0.8 0.55 0.4 0.6 0.8 1.0 0.0 0.7 0.15 0.1 0.1 1.0 0.65 0.6 1.0 0.7 0.55 0.5 0.65 0.05 0.8 0.05 0.0 
-0.009350857562712684 0.575193985256485 0.39774713641871995 0.85 0.3 0.3 0.95 0.4 0.85 1.0 0.3 0.4 0.5 0.85 0.65 0.4 0.95 0.45 0.85 0.7 0.75 0.05 0.1 1.0 0.75 0.5 0.7 0.05 0.45 0.9 0.95 1.0 0.6 0.75 0.15 0.4 0.35 0.6 0.95 
-0.0057373672269538075 0.39024123717840786 0.5692340350495071 0.05 0.6 0.9 0.0 0.75 0.85 0.6 0.2 0.8 0.2 0.15 0.55 1.0 0.9 0.5 0.4 0.15 0.5 0.6 0.1 0.6 0.1 0.6 1.0 1.0 0.45 0.25 0.8 0.3 0.75 0.35 0.2 0.35 0.15 1.0 1.0 
-0.018742552718361387 0.6489717889439254 0.48156789293934393 0.6 0.05 0.5 0.4 0.7 0.4 0.9 0.4 0.45 0.4 0.95 0.3 0.9 0.8 0.55 0.4 0.6 0.9 0.6 0.0 0.7 0.15 0.1 0.1 1.0 0.65 0.6 1.0 0.7 0.55 0.5 0.65 0.2 0.8 0.3 0.0 
-0.011097235677361547 0.3902689746577299 0.4413296078813552 0.7 0.6 0.35 1.0 0.8 0.05 0.85 0.75 0.6 0.9 0.9 0.2 0.35 0.6 0.25 0.0 0.0 0.8 0.15 0.15 0.4 0.75 0.55 0.2 0.95 0.55 0.7 0.7 0.15 0.3 0.95 0.4 0.9 0.7 0.15 0.65 
-0.0014161194251544487 0.5339482263949307 0.3782921297624139 1.0 0.65 0.9 0.95 0.6 0.5 1.0 0.35 0.7 0.75 0.9 0.1 0.25 0.15 0.7 0.95 0.25 0.55 0.75 0.65 0.7 0.75 0.35 0.7 0.35 0.3 0.3 0.75 0.55 0.65 0.9 0.8 0.5 0.35 0.3 0.4 
-0.019199218325788532 0.37009118449353734 0.4451859095492078 0.05 0.1 0.9 0.0 0.0 1.0 0.55 0.35 0.8 0.6 0.5 0.25 1.0 0.9 0.6 0.4 0.15 0.8 0.95 0.2 0.75 0.0 0.55 1.0 1.0 0.3 0.35 0.9 0.2 0.4 0.5 0.7 0.55 0.55 0.8 0.3 
-0.0099338513914093 0.3755998244338967 0.5360592993439952 0.05 0.0 0.05 0.0 0.95 0.85 0.45 0.55 0.05 0.25 0.65 0.95 1.0 1.0 0.6 0.4 0.15 0.5 0.95 0.0 0.7 0.2 0.1 0.45 0.75 0.4 0.35 0.85 0.15 0.35 0.5 0.7 0.55 0.1 0.8 0.45 
-0.007043865326036682 0.6342679953433341 0.5252792846753821 1.0 0.05 0.5 0.4 0.05 0.4 0.9 0.4 0.45 0.4 0.95 0.3 0.9 0.8 0.85 0.4 0.6 0.9 0.6 0.0 0.7 0.15 0.1 0.1 1.0 0.65 0.6 0.55 0.7 0.55 0.5 0.65 0.2 0.8 0.3 0.0 
-0.0028528649332680823 0.6222827307356379 0.40060709087831087 0.05 0.3 0.3 0.5 0.15 0.85 0.4 0.3 0.75 0.5 0.85 0.7 0.85 0.95 0.4 0.95 0.75 0.75 0.85 0.2 0.4 0.75 0.5 0.7 0.0 0.35 0.0 0.95 1.0 0.5 0.3 0.15 0.4 0.0 0.65 0.9 
-0.0001545518967457571 0.4318798475194186 0.42084464892655815 0.75 0.1 0.9 0.0 0.0 0.65 0.4 0.35 0.8 0.1 0.5 0.2 1.0 0.95 0.6 0.5 0.15 0.65 0.95 0.25 0.6 0.25 0.6 0.3 0.9 0.5 0.0 0.8 0.2 0.45 0.35 0.7 0.55 0.55 0.8 0.05 
-0.0266170005251157 0.6512082892583847 0.41010648253739024 0.4 0.65 0.8 0.3 0.45 0.9 0.85 0.35 0.7 0.55 0.85 0.1 0.85 0.65 0.7 0.95 0.25 0.55 0.8 0.35 0.8 0.75 0.3 0.8 0.95 0.3 0.4 0.75 0.5 0.55 0.0 0.1 0.75 0.35 0.9 0.4 
-0.0034307248165949566 0.5287694297530547 0.36980336199994346 0.4 0.65 0.4 0.05 0.6 0.1 1.0 0.45 0.35 0.7 0.05 0.25 0.95 0.2 0.8 1.0 0.65 0.25 0.25 0.15 0.05 0.8 0.35 0.3 0.25 0.3 0.3 0.6 0.5 0.9 0.6 0.2 0.25 0.7 0.5 0.65 
-0.010424549384209425 0.4567025980450157 0.41449553670965744 0.35 0.6 0.75 0.1 0.45 0.05 0.85 0.75 0.6 1.0 0.9 0.2 0.85 0.6 0.25 0.0 0.0 0.8 0.0 0.4 0.6 0.7 0.55 0.25 0.85 0.55 0.35 0.9 0.15 0.4 0.95 0.4 0.9 0.7 0.15 0.65 
-0.006324304126814529 0.4345830321971351 0.5699614412585277 0.05 0.9 0.9 0.0 0.55 0.85 0.95 0.3 0.7 0.25 0.7 0.55 1.0 0.95 0.6 0.4 0.15 0.5 0.55 0.0 0.15 0.1 0.6 0.9 1.0 0.45 0.35 0.9 0.3 0.45 0.35 0.7 0.35 0.2 0.8 0.85 
-0.011408398036354595 0.5917203256159863 0.6181952474868323 0.05 0.3 0.4 0.05 0.3 0.0 0.45 0.95 1.0 0.2 0.4 0.3 0.75 0.6 0.3 0.85 0.9 0.35 0.25 0.5 0.9 0.7 0.35 0.65 1.0 0.7 0.65 0.85 0.9 0.1 0.2 0.2 0.9 0.9 0.8 1.0 
-0.01389520497278722 0.630284359315069 0.3903279893258173 0.5 0.65 0.9 0.25 0.6 0.15 0.8 0.35 0.7 0.95 0.9 0.1 0.25 0.65 0.1 0.95 0.25 0.55 0.75 0.7 0.8 0.75 0.35 0.8 0.6 0.3 0.45 0.75 0.55 0.65 0.9 0.05 0.15 0.35 0.3 0.4 
-0.00012904697580405324 0.5685505125556375 0.3711571779441655 1.0 0.1 0.3 0.35 0.6 0.15 0.8 0.3 0.7 0.95 0.9 0.1 0.35 0.65 0.65 0.95 0.25 0.55 0.3 0.35 0.05 0.75 0.35 0.8 0.95 0.3 0.35 0.75 0.55 0.65 0.9 0.0 0.6 0.35 0.3 0.4 
-0.004669832869900971 0.4829247704381348 0.39939984280079605 0.6 0.6 0.75 0.1 0.8 0.05 0.85 0.75 0.6 1.0 0.9 0.2 0.85 0.6 0.25 0.0 0.8 0.8 0.1 0.6 0.6 0.7 0.55 0.25 0.55 0.55 0.7 0.7 0.15 0.3 0.95 0.05 0.2 0.7 1.0 0.65 
-0.0070971456915309645 0.4469630462486459 0.3990960389069444 0.35 0.6 0.75 0.1 0.45 0.05 0.85 0.75 0.6 1.0 0.9 0.2 0.85 0.6 0.25 0.0 0.0 0.8 0.0 0.4 0.6 0.7 0.55 0.25 0.95 0.55 0.35 0.7 0.15 0.4 0.95 0.4 0.9 0.7 0.15 0.65 
-0.006243515219184526 0.5466304175211848 0.6275003325822486 0.0 0.2 0.4 0.05 0.3 0.3 0.3 1.0 1.0 0.2 0.05 0.25 0.4 0.05 0.25 0.95 0.9 0.35 0.25 0.5 0.9 0.95 0.35 0.65 1.0 0.7 0.3 0.8 0.9 0.1 0.2 0.25 0.9 0.65 0.25 0.55 
-0.014294006447289589 0.377397606263647 0.4152253642518151 0.85 0.6 0.85 1.0 0.8 0.05 0.85 0.75 0.6 0.9 0.9 0.2 0.55 0.6 0.25 0.0 0.0 0.8 0.5 0.9 0.4 0.65 0.55 0.2 0.95 0.55 0.35 0.7 0.15 0.3 0.95 0.6 0.95 0.7 0.15 0.65 
-0.055363131029632 0.490712885071051 0.39282912543310655 0.55 0.9 0.9 0.0 0.0 1.0 0.95 0.35 0.8 0.3 0.5 0.3 1.0 0.95 0.6 0.75 0.15 0.8 0.95 0.9 0.6 0.95 0.6 0.3 0.8 0.3 0.0 1.0 0.15 0.5 0.3 0.7 0.55 0.25 0.4 0.05 
-0.00558290023211365 0.5318553235986415 0.6170040293666387 0.0 0.3 0.95 0.05 0.3 0.8 1.0 0.95 1.0 0.1 0.05 0.25 0.4 0.8 0.15 0.95 0.9 0.35 0.4 0.5 0.9 0.95 0.35 0.65 1.0 0.7 0.6 0.55 0.9 0.1 0.2 0.05 0.35 0.9 0.25 0.55 
-0.017907754749156783 0.40787847737014804 0.4333625417188562 0.35 0.6 0.35 1.0 0.8 0.05 0.85 0.75 0.6 0.9 0.85 0.2 0.45 0.6 0.25 0.0 0.0 0.8 0.05 0.15 1.0 0.7 0.55 0.2 0.95 0.55 0.7 0.7 0.15 0.3 0.95 0.4 0.9 0.7 0.15 0.3 
-0.002535515263867094 0.4711832736714338 0.5796976078679202 0.05 0.5 0.9 0.0 0.6 0.85 0.6 0.1 0.7 0.25 0.7 0.55 1.0 0.9 0.6 0.4 0.15 0.5 0.95 0.0 0.6 0.1 0.6 1.0 1.0 0.45 0.35 0.9 0.3 0.45 0.35 0.7 0.35 0.45 0.8 1.0 
-0.0011602884370190603 0.4038430153365574 0.39511894833175243 0.95 0.1 0.15 0.6 0.0 1.0 0.95 0.35 0.8 0.3 0.5 0.95 1.0 0.95 0.6 0.5 0.65 0.8 0.95 1.0 0.65 0.25 0.6 0.35 1.0 0.3 0.6 0.9 0.15 0.4 0.3 0.7 0.55 0.6 0.8 0.05 
-0.0050655517192798385 0.5041139026820762 0.3743171630227333 0.65 0.95 0.4 0.05 0.6 0.4 1.0 0.45 0.3 0.75 0.25 0.25 1.0 0.2 0.7 0.9 0.65 0.0 0.0 0.15 0.0 0.8 0.35 0.35 0.95 0.3 0.65 0.75 0.5 0.9 0.25 0.35 0.25 0.1 0.1 0.65 
-0.0003306684179713597 0.4191351559785067 0.39490357224174094 0.35 0.6 0.75 0.1 0.45 0.05 0.8 0.75 0.6 1.0 0.9 0.2 0.85 0.6 0.25 0.0 0.0 0.8 0.0 0.4 0.6 0.1 0.55 0.25 0.85 0.55 0.35 0.9 0.15 0.4 0.95 0.4 0.9 0.7 0.15 0.65 
-0.006557941087012041 0.41646327813965023 0.3981171911594223 0.35 0.6 0.45 0.1 0.8 0.05 0.85 0.75 0.6 1.0 0.85 0.2 0.85 0.6 0.25 0.0 0.0 0.7 0.1 0.0 0.6 0.5 0.55 0.2 0.95 0.55 0.2 0.7 0.15 0.35 0.2 0.4 0.9 0.2 0.1 0.65 
-0.028241595653547294 0.4609509311055316 0.3715903944691987 0.35 0.6 0.45 0.1 0.8 0.05 0.85 0.75 0.6 1.0 0.9 0.2 0.9 0.6 0.25 0.0 0.0 0.8 0.1 0.65 0.65 0.3 0.5 0.25 0.95 0.55 0.7 0.7 0.15 0.3 0.15 0.4 0.9 0.7 0.15 0.4 
-0.007196745169843211 0.44366527300190584 0.3842805344760295 0.35 0.6 0.45 0.1 0.8 0.05 0.85 0.75 0.6 1.0 0.9 0.2 0.85 0.6 0.25 0.0 0.0 0.7 0.1 0.0 0.6 0.5 0.55 0.25 0.95 0.55 0.65 0.7 0.15 0.3 0.7 0.4 0.9 0.2 0.1 0.65 
-0.001301298086074638 0.6226520743616792 0.6064426419603969 0.0 0.5 0.4 0.05 0.5 1.0 0.9 0.7 0.6 0.05 0.45 0.9 0.4 0.95 0.55 1.0 0.95 0.35 0.55 0.5 0.9 0.9 0.35 0.65 0.8 0.7 0.3 0.8 0.95 0.1 0.7 0.05 0.7 0.9 0.25 0.55 
-0.003119121889547268 0.5671980569127921 0.352351593654749 0.55 0.65 0.4 0.55 0.6 0.55 1.0 0.45 0.35 0.7 0.05 0.25 0.95 0.2 0.7 1.0 0.65 0.25 1.0 0.15 0.05 0.8 0.35 0.3 0.05 0.1 0.3 0.6 0.5 0.9 0.1 0.35 0.25 0.1 0.5 0.65 
-0.02235788449808281 0.400475679641062 0.37066317465566645 0.35 0.6 0.45 0.1 0.0 0.05 0.85 0.75 0.6 1.0 0.9 0.2 0.85 0.6 0.25 0.0 0.0 0.8 0.15 0.1 0.6 0.5 0.55 0.25 0.95 0.55 0.4 0.55 0.2 0.3 0.15 0.4 0.9 0.7 0.15 0.65 
-0.005607551188366594 0.647607582697039 0.5319867121780018 0.0 0.4 0.85 0.05 0.5 0.5 0.2 0.75 0.3 0.05 0.6 0.9 0.85 0.9 0.7 0.85 0.3 0.35 0.4 0.5 0.85 0.9 0.35 0.6 1.0 0.7 0.45 0.65 0.7 0.15 0.0 0.05 0.7 0.9 0.25 0.7 
-0.000648757308159913 0.6547090116003826 0.5199598078560538 0.0 0.5 0.4 0.15 0.5 0.8 0.35 0.85 0.3 0.05 0.5 0.8 0.8 0.9 0.7 0.85 0.3 0.35 0.65 0.5 0.85 0.9 0.35 0.65 0.8 0.7 0.45 0.8 0.7 0.1 0.0 0.05 0.7 0.9 0.25 0.55 
-0.07076541155753889 0.33983022578477623 0.4427617906171076 0.05 0.5 0.9 0.0 0.0 1.0 0.6 0.35 0.8 0.9 0.45 0.95 1.0 0.9 0.6 0.75 0.15 0.8 0.55 0.0 0.6 0.25 1.0 0.55 1.0 0.3 0.3 0.9 0.15 0.35 0.1 0.7 0.85 0.55 0.8 0.9 
-0.04496760087953006 0.5801834022783523 0.6297867847086547 0.1 0.3 0.4 0.05 0.3 0.0 0.75 0.95 1.0 0.2 0.4 0.25 0.4 0.6 0.5 0.85 0.9 0.35 0.25 0.5 0.9 0.7 0.35 0.65 1.0 0.7 0.3 0.85 0.9 0.1 0.2 0.2 0.9 0.9 0.8 1.0 
-0.09642275151269179 0.48708297279413615 0.6150594540588701 0.3 1.0 0.05 0.05 0.35 0.55 0.85 0.9 1.0 0.2 0.05 0.25 0.95 0.75 0.85 0.95 0.9 0.35 1.0 0.65 0.4 0.55 0.35 0.65 1.0 0.4 0.35 0.15 0.9 0.1 0.2 0.45 0.9 0.9 0.25 0.55 
-0.006159398953645533 0.5937710116801321 0.3851492582983992 0.8 0.65 0.05 0.65 0.5 0.4 0.8 0.35 0.75 0.8 0.95 0.1 0.25 0.65 0.3 0.95 0.25 0.55 0.45 0.45 0.45 0.8 0.35 0.8 0.95 0.3 0.4 0.05 0.55 0.5 0.2 0.35 0.75 0.75 0.3 0.5 
-0.017057209732733156 0.4780700326839801 0.5854401961759992 0.05 0.5 0.6 0.8 0.6 0.3 0.0 0.7 0.6 0.25 0.6 0.7 1.0 1.0 0.85 0.4 0.45 0.5 1.0 0.2 0.35 0.2 0.1 0.5 0.95 0.25 0.45 0.9 0.95 0.35 0.2 0.55 0.05 0.55 0.45 0.25 
-0.003734162223105674 0.3545416105854742 0.4247398600870047 0.55 0.1 0.9 0.0 0.0 0.75 0.95 0.35 0.8 0.3 0.5 0.35 1.0 0.95 0.6 0.2 0.15 0.8 0.95 1.0 0.65 0.25 0.6 0.45 1.0 0.3 0.6 0.9 0.15 0.5 0.3 0.7 0.55 0.55 0.8 0.05 
-0.07377445138542453 0.37318425735791544 0.38884685863223134 0.75 0.1 0.9 0.0 0.0 1.0 0.7 0.35 0.85 0.3 0.5 0.95 1.0 0.9 0.6 0.55 0.15 0.8 0.95 1.0 0.6 0.1 0.6 0.4 1.0 0.3 0.65 0.9 0.15 0.5 0.15 0.7 0.85 0.65 0.8 0.45 
-0.017873977634906245 0.3673291454880383 0.40994997132643396 0.95 0.1 0.15 0.15 0.0 0.5 1.0 0.35 0.75 0.45 0.5 0.9 1.0 0.95 0.6 0.6 0.15 0.55 0.8 0.25 0.85 0.85 0.6 0.3 0.9 0.6 0.65 0.9 0.2 0.5 0.55 0.5 0.55 0.55 0.6 0.05 
-0.037610277746396935 0.340047869788042 0.511709614340274 0.05 0.5 0.9 0.0 0.6 0.85 0.6 0.55 0.8 0.2 0.3 0.45 1.0 0.9 0.6 0.4 0.15 0.5 0.95 0.0 0.6 0.1 0.6 1.0 1.0 0.45 0.35 0.9 0.3 0.45 0.35 0.7 0.35 0.2 0.8 1.0 
-0.012553342834814294 0.3815581679008111 0.5703824588840196 0.05 0.6 0.9 0.0 0.6 0.4 0.6 0.2 0.8 0.2 0.7 0.55 1.0 0.9 0.45 0.4 0.15 0.5 0.6 0.1 0.6 0.1 0.6 1.0 1.0 0.45 0.25 0.8 0.3 0.75 0.35 0.2 0.35 0.75 1.0 1.0 
-0.0013104198982309136 0.33059186724229706 0.5027796751545566 0.05 0.5 0.9 0.0 0.6 0.85 0.45 0.55 0.8 0.05 0.45 0.4 1.0 0.1 0.6 0.95 0.15 0.5 0.9 0.0 0.6 0.2 0.15 0.5 1.0 0.45 0.35 0.9 0.15 0.35 0.85 0.55 0.55 0.8 0.95 1.0 
-0.06997196164540007 0.3092239948104203 0.43436017707002916 0.1 0.1 0.15 0.0 0.0 1.0 0.95 0.4 0.8 0.85 0.5 0.9 1.0 0.95 0.6 0.6 0.15 0.8 0.95 0.15 0.55 0.95 0.6 0.35 0.9 0.6 0.6 0.9 0.25 0.5 0.3 0.7 0.55 0.55 0.8 0.05 
-0.0036677470942378244 0.6529541663997416 0.5943395291646586 0.7 0.0 0.9 0.9 0.75 0.15 0.2 0.0 0.65 0.75 0.3 0.7 0.5 0.7 0.9 0.45 0.0 0.55 0.95 0.7 0.5 0.95 0.8 0.4 0.95 0.4 0.75 1.0 0.25 0.2 1.0 0.6 0.7 0.75 0.1 0.95 
-0.052880742583825927 0.4713769398272643 0.3646755876245124 0.35 0.6 0.45 0.1 0.8 0.05 0.85 0.75 0.6 1.0 0.9 0.2 0.95 0.6 0.25 0.0 0.0 0.8 0.1 0.8 0.6 0.5 0.55 0.25 0.95 0.55 0.7 0.7 0.15 0.3 0.15 0.4 0.9 0.7 0.15 0.55 
-0.0008297977117525962 0.6234220839002524 0.37420783571494576 1.0 0.65 0.85 0.3 0.9 0.6 0.8 0.35 0.7 0.75 0.9 0.1 0.25 0.65 0.6 1.0 0.25 0.55 0.75 0.35 0.0 0.75 0.35 0.8 0.95 0.3 0.45 0.75 0.55 0.55 1.0 0.0 0.15 0.1 0.3 0.4 
-0.0005345529912630278 0.5908077788409982 0.3551139461915227 1.0 0.65 0.9 0.3 0.6 0.7 0.8 0.35 0.7 0.95 0.9 0.1 0.35 0.65 0.15 0.95 0.25 0.55 0.5 0.45 0.8 1.0 0.35 0.8 0.95 0.3 0.45 0.9 0.55 0.5 0.9 0.0 0.75 0.35 0.3 0.4 
-0.02934191100069764 0.44905905641737054 0.5759515954347122 0.3 1.0 0.05 0.05 0.35 0.45 0.7 0.9 1.0 0.2 0.05 0.65 0.95 0.75 0.0 0.95 0.9 0.35 1.0 0.65 0.4 0.55 0.35 0.65 1.0 0.75 0.35 0.25 0.9 0.1 0.2 0.45 0.9 0.6 0.25 0.55 
-0.01877892614657873 0.6695698296918384 0.568536777795178 0.15 0.0 0.45 0.9 0.3 0.15 0.2 0.0 0.9 0.65 0.3 0.7 0.45 0.7 0.8 0.45 0.0 0.55 0.95 0.7 0.5 0.95 0.8 0.4 0.95 0.4 0.75 1.0 0.2 0.35 1.0 1.0 0.7 0.75 0.1 0.95 
-0.047942352747476 0.337585851375944 0.47107966981725236 0.75 0.1 0.6 0.0 0.15 1.0 0.7 0.35 0.8 0.35 0.5 0.75 1.0 0.95 0.6 0.75 0.15 0.8 0.95 1.0 0.45 0.25 0.6 0.05 1.0 0.3 0.6 0.9 0.15 0.5 0.3 0.7 0.1 0.1 0.8 0.65 
-0.021913707589866452 0.521612170331583 0.6218009164421753 0.0 0.3 0.95 0.05 0.3 0.8 1.0 0.95 1.0 0.15 0.05 0.25 0.4 0.8 0.15 0.95 0.9 0.35 0.4 0.5 0.9 0.95 0.35 0.65 1.0 0.7 0.45 0.8 0.9 0.1 0.2 0.05 0.35 0.9 0.25 0.55 
-0.0029448913037604784 0.3110934238847376 0.4859445324555197 0.05 0.5 0.9 0.7 0.0 1.0 0.7 0.35 0.8 0.35 0.5 0.95 1.0 0.9 0.6 0.4 0.2 1.0 0.95 0.0 0.6 0.15 0.6 1.0 1.0 0.3 0.25 0.65 0.15 0.35 0.5 0.7 0.55 0.0 0.8 0.9 
-0.1033061991982309 0.5145640001945845 0.6228115894836214 0.0 0.3 0.95 0.5 0.35 0.3 1.0 0.95 0.5 0.2 0.05 0.25 0.4 0.8 0.25 1.0 0.9 0.35 0.55 0.45 0.9 0.95 0.35 0.65 1.0 0.7 0.45 0.9 0.9 0.1 0.55 0.05 0.55 0.5 0.05 0.55 
-0.012184872353055574 0.6607396717716923 0.5650595666598606 0.15 0.0 0.45 0.9 0.3 0.15 0.2 0.0 0.9 0.65 0.3 0.7 0.25 0.7 0.8 0.45 0.0 0.55 0.95 0.7 0.5 0.95 0.8 0.4 0.95 0.4 0.75 1.0 0.25 0.35 1.0 1.0 0.7 0.75 0.1 0.95 
-0.0014087353127788997 0.5528508904539352 0.35270645288912705 0.55 0.65 0.4 0.55 0.6 0.55 1.0 0.45 0.35 0.7 0.05 0.25 0.95 0.2 0.7 1.0 0.65 0.25 1.0 0.15 0.1 0.8 0.35 0.3 0.05 0.1 0.3 0.6 0.5 0.9 0.1 0.35 0.25 0.1 0.5 0.65 
-0.001722078587668098 0.34692961396826183 0.5433400383755824 0.05 0.05 0.35 0.0 0.95 0.85 0.95 0.55 0.05 0.25 0.65 0.95 1.0 1.0 0.6 0.75 0.15 0.5 0.95 0.0 0.7 0.2 0.1 0.45 0.75 0.4 0.35 0.85 0.15 0.35 0.5 0.7 0.55 0.1 0.8 0.45 
-0.0026710309548781974 0.4540632947446688 0.35545783508079604 0.35 0.6 0.45 0.1 0.8 0.05 0.85 0.75 0.6 0.95 0.9 0.2 0.95 0.6 0.25 0.0 0.45 0.6 0.1 0.8 0.6 0.5 0.55 0.25 0.95 0.55 0.35 0.7 0.15 0.3 0.15 0.4 0.9 0.7 0.15 0.55 
-0.019524930122645626 0.5490162384239083 0.35695776260882517 0.4 0.65 0.4 0.05 0.6 0.1 1.0 0.45 0.35 0.7 0.05 0.25 0.95 0.2 0.8 1.0 0.65 0.25 0.7 0.15 0.05 0.8 0.35 0.3 0.25 0.3 0.3 0.6 0.5 0.9 0.6 0.2 0.25 0.1 0.5 0.65 
-0.01133530626928492 0.5077342780855599 0.3679282494948858 0.65 0.95 0.4 0.05 0.6 0.4 1.0 0.45 0.15 0.75 0.25 0.25 1.0 0.2 0.55 0.9 0.65 0.0 0.0 0.15 0.0 0.8 0.35 0.35 0.95 0.3 0.65 0.75 0.5 0.9 0.25 0.35 0.25 0.1 0.1 0.65 
-0.02345056770795148 0.2978160809922684 0.4635562056702698 0.45 0.5 0.9 0.0 0.0 0.2 0.7 0.35 0.8 0.9 0.5 0.7 0.95 0.9 0.6 0.75 0.1 0.8 1.0 0.0 0.6 0.1 0.9 1.0 1.0 0.3 0.35 0.9 0.15 0.35 0.1 0.7 0.85 0.55 0.8 0.9 
-0.005639386210088171 0.6198863907222552 0.6328927836462304 0.0 0.5 0.6 0.65 0.5 1.0 0.9 0.7 0.2 0.05 0.15 0.9 0.4 0.95 0.7 0.95 0.95 0.35 0.55 0.5 0.8 0.9 0.35 0.65 0.95 0.7 0.4 0.8 0.95 0.1 0.2 0.05 0.7 0.9 0.95 0.55 
-0.0008450289090197908 0.5393096702758476 0.6425501768136547 0.0 0.3 0.6 0.05 0.3 0.8 1.0 0.75 1.0 0.15 0.05 0.25 0.4 0.8 0.35 0.95 0.9 0.35 0.4 0.5 0.9 0.95 0.35 0.65 1.0 0.7 0.45 0.8 0.9 0.1 0.2 0.05 0.15 0.9 0.25 0.55 
-0.002333975275585908 0.6574758089349722 0.4857684994193877 0.65 0.05 0.65 0.4 0.35 0.65 0.8 0.4 0.45 0.85 0.95 0.3 1.0 0.8 0.55 0.4 0.6 0.8 0.85 0.0 0.7 0.15 0.1 0.15 1.0 0.65 0.6 1.0 0.7 0.55 0.5 0.65 0.05 0.8 0.05 0.0 
-0.042550517881119326 0.42019998046037615 0.36982026691118075 0.35 0.6 0.45 0.1 0.0 0.05 0.85 0.75 0.6 1.0 0.9 0.2 0.85 0.6 0.25 0.0 0.0 0.8 0.1 0.1 0.6 0.5 0.55 0.25 0.9 0.55 0.35 0.55 0.2 0.3 0.15 0.4 0.9 0.35 0.15 0.65 
-0.00851096116743568 0.3921833945723267 0.5988842650217289 0.05 0.8 0.9 0.0 0.0 1.0 0.8 0.35 0.8 0.4 0.95 1.0 1.0 0.9 0.6 0.15 0.1 0.95 1.0 0.0 0.25 0.85 0.9 0.85 1.0 0.3 0.2 0.9 0.15 0.35 0.75 1.0 0.85 0.55 0.8 0.9 
-0.013135288236707367 0.40775047685806776 0.35161919336894076 0.95 0.1 0.15 0.6 0.0 1.0 0.95 0.35 0.8 0.3 0.5 0.95 1.0 0.95 0.6 0.5 0.15 0.75 0.95 1.0 0.65 0.25 0.6 0.35 1.0 0.3 0.6 0.9 0.15 0.4 0.3 0.7 0.55 0.6 0.8 0.05 
-0.005558258830101079 0.5522151496952449 0.6417788357299682 1.0 0.3 0.4 0.4 0.3 0.0 0.55 0.95 0.8 0.2 0.05 0.25 0.4 0.7 0.05 0.85 0.9 0.35 0.25 0.5 0.9 1.0 0.35 0.65 1.0 0.7 0.45 0.8 0.9 0.1 0.2 0.05 0.9 0.9 0.8 0.55 
-0.005780719595742161 0.6378599773819467 0.38575240549262124 0.8 0.8 0.7 0.7 0.1 0.9 0.65 0.35 0.65 0.9 0.95 0.1 0.65 0.65 0.75 0.95 0.25 0.55 0.3 0.6 0.45 0.8 0.35 0.85 0.95 0.3 0.4 0.9 0.5 0.5 0.15 0.35 0.35 0.75 0.3 0.5 
-0.021805385608919207 0.4225155603765966 0.5962938676509729 0.3 1.0 0.05 0.5 0.7 0.55 0.9 0.5 1.0 0.3 0.05 0.25 0.9 0.75 0.25 0.55 0.85 0.35 1.0 0.65 0.4 0.55 0.35 0.65 0.65 0.25 0.35 0.65 0.9 0.1 0.2 0.45 0.1 0.8 0.25 0.55 
-0.05555093940526783 0.31959570829932304 0.4247440134416361 0.1 0.1 0.15 0.0 0.0 1.0 0.95 0.4 0.8 0.2 0.5 0.9 1.0 0.95 0.6 0.6 0.15 0.8 0.95 0.15 0.55 0.95 0.6 0.35 1.0 0.6 0.75 0.9 0.15 0.5 0.3 0.7 0.55 0.55 0.8 0.05 
-0.0021973207943021943 0.3975411003462444 0.5846039436596328 0.3 0.6 0.05 0.85 0.7 0.55 0.0 0.6 1.0 0.2 0.05 0.25 0.9 0.75 0.45 0.95 0.9 0.35 1.0 0.65 0.5 0.45 0.35 0.65 1.0 0.25 0.35 0.45 0.85 0.1 0.2 0.5 0.4 0.8 0.25 0.55 
-0.047227439452485906 0.326228178497706 0.5643104833154804 0.05 0.8 0.9 0.0 1.0 1.0 0.8 0.75 0.8 1.0 0.9 0.95 1.0 0.9 0.6 0.8 0.1 0.85 1.0 0.95 0.55 0.85 0.9 0.95 0.25 0.3 0.35 0.8 0.15 0.6 0.35 1.0 0.85 0.45 0.8 0.75 
-0.10902192856172767 0.31853056657017087 0.5101181431401626 0.05 0.5 0.9 0.0 0.6 0.85 0.45 0.55 0.8 0.15 0.45 0.4 1.0 0.1 0.6 0.95 0.15 0.5 0.9 0.9 0.6 0.2 0.15 0.5 1.0 0.45 0.35 0.9 0.15 0.35 0.85 0.55 0.55 0.8 0.75 1.0 
-0.02378488594518713 0.4205564771923507 0.6259420858110823 0.3 0.6 0.05 0.15 0.7 0.55 0.85 0.6 1.0 0.2 0.05 0.25 0.9 0.75 0.45 0.95 0.9 0.35 1.0 0.65 0.5 0.45 0.35 0.65 1.0 0.25 0.35 0.45 0.85 0.1 0.2 0.5 0.4 0.8 0.25 0.55 
-0.01973733758822091 0.670219965379886 0.4652353232068477 1.0 0.65 0.9 0.25 0.6 0.15 0.8 0.35 0.7 0.55 0.9 0.1 0.25 0.65 0.3 0.95 0.25 0.55 0.4 0.85 0.8 0.75 0.35 0.8 0.8 0.3 0.45 0.75 0.55 0.65 0.9 0.65 0.15 0.35 0.3 0.4 
-0.0005004067779362466 0.5651697604845797 0.6638275153850055 0.65 0.3 0.4 0.05 0.3 0.0 0.55 0.95 1.0 0.2 0.05 0.25 0.4 0.6 0.25 0.85 0.9 0.35 0.25 0.5 0.9 0.8 0.35 0.65 1.0 0.7 0.45 0.8 0.9 0.1 0.2 0.2 0.9 0.9 0.8 0.55 
-0.020377501520230375 0.3569323757830788 0.5718413450593117 0.4 0.8 0.9 0.0 0.55 0.45 0.8 0.75 0.8 0.7 0.9 0.1 1.0 0.9 0.6 0.6 0.1 0.8 1.0 0.95 0.35 0.85 0.9 0.95 0.95 0.3 0.6 0.8 0.15 0.8 1.0 1.0 0.85 0.5 0.0 1.0 
-0.008051620552769907 0.35106808968757913 0.39872956332746584 0.1 0.1 0.15 0.0 0.0 0.5 0.35 0.35 0.75 0.45 0.5 0.9 1.0 0.95 0.6 0.6 0.15 0.8 0.95 0.25 0.55 0.85 0.6 0.3 1.0 0.6 0.65 0.9 0.2 0.5 0.3 0.7 0.55 0.55 0.6 0.05 
-0.3225299488170343 0.49140009279096075 0.6435171538992828 0.3 1.0 0.05 0.05 0.35 0.55 0.7 0.9 1.0 0.2 0.05 0.25 0.95 0.75 0.85 0.95 0.9 0.35 1.0 0.65 0.4 0.55 0.35 0.65 1.0 0.75 0.35 0.25 0.9 0.1 0.2 0.45 0.9 0.6 0.25 0.55 
-0.022576590692960603 0.3221847330493186 0.5329711688197307 0.05 0.8 0.9 0.0 0.6 1.0 1.0 0.65 0.8 0.9 0.9 0.95 1.0 0.9 0.6 0.8 0.1 0.8 0.9 0.0 0.15 1.0 0.9 0.95 1.0 0.3 0.35 0.8 0.1 0.2 0.1 0.75 0.85 0.5 0.8 0.75 
-0.014533134819691746 0.608150174501129 0.35435553381679064 1.0 0.65 0.3 0.35 0.6 0.15 0.8 0.3 0.7 0.95 0.9 0.1 0.25 0.65 0.65 0.95 0.25 0.55 0.3 0.35 0.8 0.75 0.35 0.8 0.95 0.3 0.35 0.75 0.55 0.65 0.9 0.0 0.6 0.35 0.3 0.4 
-0.07143191119564897 0.3754649994704637 0.3741615128364999 0.75 0.65 0.15 0.0 0.0 1.0 0.95 0.35 0.8 0.3 0.5 0.8 1.0 0.95 0.6 0.5 0.15 0.75 0.95 0.15 0.85 0.4 0.6 0.3 1.0 0.3 0.45 0.9 0.15 0.5 0.3 0.7 0.55 0.55 0.8 0.05 
-0.007028970554241708 0.4823295469638698 0.6230719192469981 0.75 1.0 0.05 0.05 0.35 0.55 0.7 0.9 1.0 0.2 0.05 0.25 0.7 0.75 0.8 0.95 0.9 0.35 1.0 0.65 0.4 0.55 0.35 0.65 1.0 0.4 0.35 0.25 0.9 0.1 0.2 0.45 0.9 0.6 0.25 0.55 
-0.004245084486985078 0.36620381082515885 0.590648357352302 0.05 0.0 0.9 0.0 0.45 1.0 0.85 0.75 0.8 0.2 0.9 0.9 1.0 0.9 0.6 0.8 0.1 0.8 1.0 0.5 0.7 1.0 0.2 0.95 1.0 0.3 0.35 0.8 0.15 0.8 0.1 1.0 0.85 0.5 0.65 0.75 
-0.40773207846087894 0.4936419572827718 0.664683489287321 0.3 1.0 0.05 0.5 0.75 0.55 0.7 0.5 1.0 0.3 0.9 0.25 0.95 0.75 0.25 0.95 0.9 0.35 1.0 0.65 0.4 0.75 0.35 0.65 0.8 0.2 0.35 0.65 0.85 0.1 0.0 0.45 0.9 0.8 0.8 0.55 
-0.016137708160801456 0.6694249969284038 0.42623841480639785 0.55 0.65 0.9 0.35 0.35 0.15 0.7 0.35 0.75 0.95 0.9 0.0 0.2 0.65 0.3 0.95 0.25 0.55 0.75 0.35 0.8 0.75 0.35 0.8 0.35 0.3 0.45 0.8 0.55 0.65 0.35 0.0 0.15 0.35 0.3 0.1 
-0.007708578384885082 0.43497598612545285 0.6028151619428009 0.3 1.0 0.05 0.5 0.7 0.55 0.85 0.5 1.0 0.2 0.05 0.45 0.95 0.75 0.25 0.9 0.9 0.35 0.8 0.65 0.75 0.55 0.35 0.65 0.8 0.25 0.75 0.65 0.9 0.1 0.3 0.45 0.9 0.55 0.25 0.75 
-0.0007652074607709708 0.5970216865390031 0.6415051946783762 0.1 0.3 0.4 0.05 0.3 0.0 0.55 0.95 1.0 0.2 0.4 0.25 0.4 0.6 0.3 0.85 0.9 0.35 0.15 0.5 0.9 0.7 0.35 0.65 1.0 0.7 0.35 0.85 0.9 0.1 0.2 0.2 0.9 0.9 0.8 1.0 
-0.021000790537717032 0.3505285813698992 0.37553348565347155 0.1 0.1 0.15 0.75 0.0 1.0 0.95 0.4 0.8 0.45 0.5 0.9 1.0 0.95 0.6 0.6 0.15 0.85 0.95 0.2 0.55 0.95 0.6 0.35 1.0 0.6 0.6 0.4 0.15 0.5 0.3 0.7 0.55 0.55 0.8 0.05 
-0.07245827736039777 0.3502046438190245 0.36113810072317276 0.75 0.1 0.15 0.0 0.0 1.0 0.95 0.35 0.8 0.3 0.5 0.9 1.0 0.95 0.6 0.5 0.15 0.8 0.85 0.15 0.85 0.4 0.6 0.3 1.0 0.3 0.6 0.9 0.15 0.5 0.3 0.7 0.55 0.55 0.8 0.35 
-0.032493323425743494 0.6674602607550548 0.439826387413122 1.0 0.65 0.9 0.25 0.6 0.15 0.8 0.35 0.7 0.55 0.9 0.1 0.25 0.65 0.3 0.95 0.25 0.55 0.75 0.35 0.8 0.75 0.35 0.8 0.6 0.3 0.45 0.75 0.55 0.65 0.9 0.05 0.15 0.35 0.3 0.4 
-0.035734654022617614 0.4672227668143493 0.6353772726052906 0.3 1.0 0.95 0.5 0.7 0.55 0.8 0.5 0.65 0.1 0.55 0.55 0.55 0.75 0.05 0.95 0.9 0.35 0.9 0.65 0.7 0.55 0.35 0.65 1.0 0.25 0.35 0.65 0.9 0.1 0.2 0.7 0.9 0.5 0.5 0.55 
-0.04151137112820809 0.6887816765532246 0.4925159079121383 1.0 0.65 0.9 0.95 0.6 0.5 0.8 0.35 0.7 0.75 0.9 0.1 0.25 0.15 0.7 0.95 0.25 0.55 0.75 0.35 0.7 0.75 0.35 0.7 0.35 0.3 0.45 0.75 0.55 0.65 0.9 0.8 0.5 0.35 0.3 0.4 
-0.003932775943310047 0.32360231410056517 0.3941364410483767 0.05 0.5 0.9 0.0 0.0 0.15 0.7 0.35 0.8 0.9 0.5 0.95 1.0 0.9 0.6 0.75 0.15 0.8 0.7 0.1 0.35 0.1 0.75 0.7 1.0 0.3 0.35 0.9 0.15 0.35 0.0 0.7 0.95 0.55 0.8 0.9 
-0.0937308338798183 0.2944910024155112 0.4177926848305501 0.1 0.1 0.15 0.0 0.0 1.0 0.95 0.4 0.8 0.85 0.5 0.9 1.0 0.95 0.6 0.6 0.15 0.8 0.95 0.15 0.55 0.95 0.6 0.35 1.0 0.6 0.6 0.9 0.25 0.5 0.3 0.7 0.55 0.55 0.8 0.05 
-0.027618704353488538 0.6078511197793709 0.6393345418980053 0.1 0.3 0.4 0.05 0.3 0.0 0.45 0.95 1.0 0.2 0.4 0.3 0.6 0.6 0.3 0.85 0.9 0.35 0.25 0.5 0.9 0.7 0.35 0.65 1.0 0.7 0.3 0.85 0.9 0.1 0.2 0.2 0.9 0.9 0.8 1.0 
-0.027446412838603315 0.6827997663712625 0.4517106790722317 0.85 0.95 0.95 0.6 0.6 0.7 0.8 0.3 0.7 1.0 0.9 0.1 0.35 0.45 0.4 0.95 0.25 0.55 0.4 0.35 0.8 0.75 0.35 0.8 0.95 0.3 0.45 0.95 0.55 0.65 0.5 0.0 0.4 0.35 0.15 0.4 
-0.11281337603926186 0.5536858124100408 0.6704635414383527 0.65 0.3 0.4 0.05 0.2 0.75 0.55 0.95 1.0 0.3 0.05 0.25 0.35 0.6 0.35 0.85 0.9 0.35 0.25 0.5 0.9 0.8 0.35 0.65 1.0 0.7 0.45 0.75 0.9 0.1 0.2 0.2 0.9 0.9 0.8 0.55 
-0.03319625584098772 0.5355871663418754 0.6525388185952935 0.65 0.1 1.0 0.05 0.7 0.4 0.55 0.95 1.0 0.35 0.05 0.25 0.4 0.6 0.05 0.85 0.9 0.35 0.3 0.5 0.9 0.8 0.35 0.65 1.0 0.7 0.45 0.8 0.9 0.1 0.2 0.2 0.9 0.9 0.8 0.85 
-0.019647647583359167 0.5243971046534361 0.32042471757707014 0.8 0.65 0.7 0.65 0.1 0.9 0.85 0.35 0.65 0.9 0.95 0.1 0.25 0.65 0.3 0.95 0.25 0.55 0.95 0.6 0.45 0.8 0.35 0.85 0.95 0.3 0.4 0.65 0.55 0.5 0.15 0.35 0.75 0.75 0.3 0.5 
-0.00396266426161357 0.49534101641619255 0.3377556763368667 0.75 0.1 0.9 0.0 0.0 0.55 0.95 0.35 0.85 0.3 0.5 0.2 1.0 0.95 0.6 0.5 0.15 0.8 0.95 0.25 0.6 0.2 0.6 0.3 0.9 0.3 0.6 1.0 0.15 0.5 0.3 0.65 0.55 0.55 0.8 0.05 
-0.04002681392311857 0.28952231321196265 0.4659604161482143 0.05 0.5 0.9 0.0 0.0 1.0 0.7 0.35 0.8 0.9 0.5 0.95 1.0 0.9 0.6 0.75 0.1 0.8 1.0 0.0 0.6 0.1 0.9 0.85 1.0 0.3 0.55 0.9 0.15 0.35 0.1 0.7 0.85 0.55 0.8 0.9 
-0.005762353569857476 0.6708783467301564 0.4034472675858941 0.85 1.0 0.4 0.05 0.6 0.4 0.8 0.35 0.7 0.8 0.9 0.1 0.4 0.65 0.3 0.95 0.25 0.55 0.1 0.35 0.8 0.75 0.35 0.8 0.95 0.3 0.45 0.75 0.55 0.65 0.65 0.05 0.75 0.65 0.3 0.25 
-0.0022649902006381052 0.4869362300223414 0.3476375343065719 0.75 0.1 0.9 0.0 0.0 0.65 0.9 0.35 0.8 0.3 0.45 0.2 0.9 0.95 0.6 0.5 0.15 0.8 0.95 0.15 0.6 0.25 0.6 0.3 1.0 0.5 0.0 0.9 0.2 0.5 0.3 0.15 0.55 0.55 0.45 0.05 
-0.03453169786099187 0.38446219777649354 0.34302770837552776 0.95 0.1 0.15 0.6 0.15 1.0 0.95 0.35 0.8 0.55 0.5 0.95 1.0 0.95 0.6 0.55 0.15 0.8 0.95 1.0 0.65 0.35 0.6 0.35 1.0 0.3 0.6 0.9 0.15 0.4 0.85 0.7 0.55 0.6 0.8 0.05 
-0.017275279273120846 0.6747066430921408 0.41327011753685305 0.55 0.65 0.9 0.45 0.35 0.15 0.7 0.35 0.75 0.95 0.9 0.0 0.2 0.65 0.3 0.95 0.25 0.55 0.75 0.35 0.8 0.75 0.35 0.8 0.35 0.3 0.45 1.0 0.55 0.65 0.35 0.0 0.15 0.35 0.3 0.1 
-0.00032204020525033317 0.7225288466423864 0.4683754649297987 0.85 0.65 0.8 0.3 0.9 0.4 0.7 0.35 0.7 0.95 0.85 0.1 0.5 0.65 0.65 1.0 0.25 0.55 1.0 0.35 0.8 0.45 0.35 0.8 0.85 0.3 0.35 0.9 0.55 0.55 0.75 0.05 0.75 0.95 0.3 0.4 
-0.07033634350125835 0.6967242874122876 0.49958491983569553 1.0 0.65 0.9 0.25 0.6 0.15 0.8 0.35 0.7 0.55 0.9 0.1 0.25 0.65 0.3 0.95 0.25 0.55 0.75 0.35 0.8 0.75 0.35 0.8 0.95 0.3 0.45 0.75 0.55 0.65 0.9 0.0 0.15 0.35 0.3 0.4 
-0.04514453291128048 0.48504341739247697 0.3048243615852212 0.0 0.1 0.9 0.0 0.0 0.65 1.0 0.35 0.8 0.3 0.5 0.2 1.0 0.95 0.6 0.5 0.15 0.8 0.95 0.25 0.6 0.95 0.6 0.3 0.9 0.5 0.0 0.8 0.2 0.65 0.3 0.7 0.55 0.55 0.8 0.05 
-0.05318615710776919 0.686169994814389 0.4652227413731932 1.0 0.65 0.9 0.25 0.6 0.15 0.8 0.35 0.7 0.55 0.9 0.1 0.25 0.65 0.3 0.95 0.25 0.55 0.75 0.35 0.8 0.75 0.35 0.8 0.8 0.3 0.45 0.75 0.55 0.65 0.9 0.65 0.15 0.35 0.3 0.4 
-0.0416726619989489 0.41061215942835827 0.34614866990944004 0.95 0.1 0.15 0.6 0.0 1.0 0.95 0.35 0.8 0.7 0.5 0.95 1.0 0.95 0.6 0.5 0.15 0.8 0.95 1.0 0.65 0.25 0.6 0.35 1.0 0.3 0.6 0.9 0.15 0.4 0.3 0.7 0.55 0.6 0.8 0.05 
-0.006592045817103234 0.7013859793419488 0.5224244688279639 0.95 0.35 0.9 0.3 0.95 0.1 0.8 0.35 0.7 0.55 0.9 0.1 0.25 0.65 0.65 0.95 0.25 0.55 0.75 0.35 0.7 0.85 0.35 0.7 0.95 0.3 0.45 0.75 0.55 0.65 1.0 0.0 0.15 0.35 0.3 0.8 
-0.03176413991736456 0.7204585507364877 0.44981502823120884 1.0 0.65 0.85 0.3 0.6 0.15 0.8 0.35 0.7 0.75 0.9 0.1 0.25 0.65 0.6 1.0 0.25 0.55 0.75 0.35 0.8 0.75 0.35 0.8 0.95 0.3 0.45 0.75 0.55 0.65 0.9 0.0 0.15 0.1 0.3 0.4 
-0.009007318896435227 0.47464782263346567 0.3166659642268653 0.75 0.1 0.9 0.5 0.0 0.65 1.0 0.35 0.8 0.3 0.5 0.25 1.0 0.95 0.6 0.7 0.15 0.8 0.95 0.25 0.6 0.4 0.6 0.3 1.0 0.5 0.0 0.9 0.2 0.5 0.3 0.7 0.55 0.55 0.8 0.05 
-0.004431337401982078 0.2838062464484763 0.43801366885380155 0.05 0.5 0.75 0.0 0.0 1.0 0.6 0.35 0.8 0.8 0.5 0.95 1.0 0.9 0.6 0.75 0.15 0.8 0.7 1.0 0.6 0.15 0.5 0.9 1.0 0.3 0.35 0.9 0.15 0.35 0.1 0.7 0.85 0.55 0.8 0.9 
-0.00013976355428807575 0.6556850563343627 0.36871077274234954 1.0 0.2 0.9 0.3 0.6 0.35 0.8 0.35 0.7 0.85 0.9 0.1 0.35 0.65 0.65 0.75 0.25 0.55 0.7 0.35 0.8 1.0 0.4 0.85 0.95 0.3 0.45 0.15 0.55 0.25 0.9 0.15 0.75 0.35 0.3 0.4 
-0.004355235861755757 0.43881221190405273 0.3307761943358548 1.0 0.1 0.9 0.45 0.0 0.65 1.0 0.35 0.8 0.3 0.75 0.2 1.0 0.95 0.6 0.5 0.15 0.8 0.95 0.25 0.6 0.25 0.6 0.3 0.9 0.5 0.0 0.8 0.2 0.45 0.3 0.7 0.55 0.55 0.8 0.05 
-0.004875575158022378 0.46405193702383607 0.34560164501196633 0.75 0.1 0.95 0.0 0.7 0.65 1.0 0.35 0.8 0.3 0.5 0.2 0.9 0.95 0.6 0.5 0.15 0.8 0.95 0.25 0.6 0.25 0.6 0.7 1.0 0.5 0.0 0.9 0.2 0.5 0.3 0.7 0.55 0.55 0.8 0.05 
-0.04693115082123364 0.7222147809465475 0.4561511275981718 0.85 1.0 0.65 0.3 0.6 0.4 0.8 0.35 0.7 0.65 0.9 0.1 0.4 0.65 0.65 0.95 0.25 0.55 0.8 0.35 0.8 0.75 0.35 0.8 0.95 0.3 0.45 0.75 0.55 0.65 0.9 0.0 0.75 0.65 0.3 0.4 
-0.01171875536258853 0.7308874167326489 0.5010527879285387 0.35 0.65 0.65 0.3 0.6 0.4 0.65 0.35 0.7 0.75 0.9 0.1 0.4 0.7 0.65 0.95 0.25 0.55 0.7 0.35 0.8 0.7 0.35 0.8 0.95 0.3 0.45 0.75 0.55 0.65 0.9 0.0 0.75 0.85 0.7 0.4 
-0.01271979032721702 0.706473887920972 0.43434626755510497 1.0 0.65 0.85 0.3 0.6 0.15 0.8 0.35 0.7 0.75 0.9 0.1 0.25 0.65 0.45 1.0 0.25 0.55 0.6 0.35 0.8 0.75 0.35 0.8 0.95 0.3 0.45 0.75 0.55 0.65 0.2 0.0 0.15 0.1 0.3 0.4 
-0.016870964531305776 0.7279553811628952 0.5064625842601854 1.0 0.65 0.9 0.95 0.6 0.15 0.8 0.3 0.7 0.75 0.9 0.1 0.25 0.65 0.7 0.95 0.25 0.55 0.75 0.35 0.7 0.8 0.35 0.7 0.9 0.3 0.45 0.9 0.55 0.65 0.9 0.0 0.15 0.75 1.0 0.4 
-0.020549789637966356 0.7222530389815015 0.530007476873799 1.0 0.2 0.9 0.95 0.6 0.15 0.65 0.3 0.7 0.75 0.9 0.1 0.25 0.65 0.7 1.0 0.25 0.55 0.75 0.35 0.7 0.8 0.35 0.7 0.9 0.3 0.45 0.9 0.55 0.65 0.9 0.0 0.15 0.75 1.0 0.4 
-0.06768577126410046 0.6862662330380883 0.5155757615597849 1.0 0.65 0.9 0.5 0.05 0.15 0.8 0.35 0.7 0.75 0.9 0.1 0.2 0.65 0.2 0.95 0.25 0.55 0.75 0.2 0.7 0.75 0.35 0.7 0.9 0.3 0.45 0.75 0.55 0.65 0.9 0.0 0.15 0.35 0.3 0.4 
-0.49701753688348277 0.6426088840295876 0.612636662616408 0.0 0.5 0.6 0.6 0.5 1.0 0.9 0.7 0.2 0.05 0.7 0.4 0.4 0.1 0.7 0.95 0.95 0.35 0.55 0.5 0.8 0.9 0.35 0.65 0.95 0.7 0.4 0.8 0.95 0.1 0.2 0.05 0.7 0.9 0.95 0.55 
-0.014059149437174102 0.7075996323045957 0.4302220443557898 1.0 0.65 0.85 0.3 0.6 0.15 0.8 0.35 0.7 0.75 0.9 0.1 0.25 0.65 0.7 1.0 0.25 0.55 0.6 0.35 0.8 0.75 0.35 0.8 0.95 0.3 0.45 0.75 0.55 0.65 0.2 0.0 0.15 0.1 0.3 0.4 
-0.041559307288923 0.7206703418862516 0.5459511885456599 1.0 0.65 0.9 0.95 0.6 0.15 0.8 0.35 0.7 0.75 0.9 0.1 0.25 0.65 0.2 0.95 0.25 0.55 0.75 0.35 0.7 0.75 0.35 0.7 0.9 0.3 0.45 0.75 0.55 0.65 0.9 0.0 0.15 0.35 0.3 0.4 
-0.00015042658201241377 0.6962156475019387 0.5422093828251295 0.95 0.35 0.9 0.3 0.95 0.9 0.8 0.35 0.7 0.55 0.9 0.1 0.25 0.65 0.65 0.95 0.25 0.55 0.75 0.35 0.7 0.75 0.35 0.7 0.95 0.3 0.45 0.75 0.55 0.65 1.0 0.0 0.15 0.35 0.3 0.8 
-0.029099903377759525 0.7386324075276516 0.4749573233197361 0.85 1.0 0.4 0.3 0.6 0.4 0.65 0.35 0.7 0.8 0.9 0.1 0.4 0.65 0.3 0.95 0.25 0.55 0.8 0.35 0.8 0.75 0.35 0.8 0.95 0.3 0.45 0.75 0.55 0.65 0.9 0.05 0.75 0.65 0.3 0.25 
-0.023858834745536527 0.6725541174508256 0.5573961302235916 1.0 0.05 0.0 1.0 0.6 0.15 0.8 0.35 0.8 0.75 0.9 0.05 0.9 0.45 0.5 0.9 0.25 0.65 0.65 0.5 0.2 0.75 0.35 0.65 0.95 0.3 0.45 0.75 0.55 0.65 0.85 0.0 0.65 0.35 0.3 0.3 
-0.01556389826949726 0.6966565675591675 0.40828181515857564 1.0 0.65 0.9 0.25 0.6 0.15 0.8 0.35 0.7 1.0 0.9 0.1 0.3 0.65 0.3 0.95 0.25 0.55 0.5 0.35 0.8 0.75 0.35 0.8 0.8 0.3 0.45 0.75 0.55 0.65 0.9 0.4 0.15 0.05 0.3 0.4 
-0.15889725852637207 0.691324983326636 0.5735133769174534 1.0 0.05 0.0 1.0 0.6 0.15 0.8 0.35 0.85 0.75 0.9 0.05 0.75 0.55 0.5 0.95 0.25 0.65 0.15 0.4 0.6 0.75 0.35 0.65 0.95 0.3 0.45 0.75 0.55 0.65 0.85 0.0 0.15 0.35 0.3 0.25 
-0.032010209428654436 0.37622610350341446 0.32907087127337453 0.95 0.1 0.15 0.6 0.0 1.0 0.95 0.35 0.8 0.3 0.5 0.95 1.0 0.95 0.6 0.5 0.15 0.8 0.95 1.0 0.65 0.25 0.6 0.35 1.0 0.3 0.6 0.9 0.15 0.4 0.3 0.7 0.55 0.6 0.8 0.05 
-0.009659793054596024 0.6776531601145119 0.38542959205829064 0.85 0.65 0.8 0.3 0.6 0.4 0.85 0.35 0.7 0.95 0.85 0.1 0.5 0.65 0.65 1.0 0.25 0.55 0.8 0.35 0.8 0.75 0.35 0.8 0.4 0.3 0.55 0.75 0.55 0.55 0.75 0.5 0.75 0.95 0.0 0.4 
-0.00565203003254883 0.43323083167860144 0.32230898090001125 0.75 0.1 0.7 0.05 0.45 0.65 1.0 0.35 0.8 0.5 0.5 0.7 1.0 0.95 0.6 0.7 0.15 0.8 0.9 0.25 0.6 0.35 0.6 0.3 0.95 0.5 0.0 0.9 0.25 0.5 0.3 0.7 0.25 0.2 0.8 0.05 
-0.12344302651971203 0.5183000712387429 0.3040151173507857 0.8 0.65 0.7 0.65 0.1 0.9 0.7 0.35 0.65 0.8 0.95 0.1 0.25 0.65 0.3 0.95 0.25 0.55 0.95 0.6 0.45 0.8 0.35 0.85 0.95 0.3 0.4 0.65 0.55 0.5 0.8 0.35 0.75 0.75 0.3 0.5 
-0.1090050598422146 0.45367523206069044 0.33301785329032274 0.75 0.1 0.9 0.0 0.0 0.65 1.0 0.35 0.8 0.3 0.5 0.2 1.0 0.95 0.6 0.5 0.15 0.8 0.95 0.25 0.6 0.95 0.6 0.3 0.9 0.5 0.0 0.8 0.2 0.45 0.3 0.7 0.55 0.55 0.8 0.05 
-0.0021181996838147026 0.27534119359399145 0.4743098802407538 0.05 0.5 0.9 0.0 0.0 1.0 0.7 0.35 0.8 0.9 0.5 0.95 1.0 0.9 0.6 0.75 0.1 0.8 1.0 0.0 0.6 0.1 0.9 0.85 1.0 0.3 0.35 0.9 0.15 0.35 0.1 0.7 0.85 0.55 0.8 0.9 
-0.0007993031429749943 0.7304443358373894 0.4323569473023478 0.85 1.0 0.65 0.3 0.2 0.4 0.8 0.35 0.7 0.8 0.9 0.1 0.4 0.65 0.65 0.95 0.25 0.55 0.8 0.35 0.8 0.75 0.35 0.8 0.95 0.3 0.45 0.75 0.55 0.65 0.9 0.0 0.75 0.65 0.3 0.4 
-0.0015890856114146492 0.7212734626883843 0.3956171653060402 0.85 0.65 0.65 0.3 0.6 0.4 0.65 0.35 0.7 0.9 0.85 0.1 0.5 0.65 0.65 1.0 0.25 0.55 0.85 0.35 0.8 0.75 0.35 0.8 0.8 0.3 0.35 0.75 0.55 0.55 0.75 0.5 0.75 0.95 0.3 0.4 
-0.009879303592007841 0.3281810395067368 0.354158637006876 0.1 0.1 0.15 0.75 0.0 1.0 0.95 0.4 0.8 0.45 0.5 0.9 1.0 0.95 0.6 0.6 0.15 0.85 0.95 0.2 0.55 0.55 0.6 0.35 1.0 0.6 0.6 0.4 0.15 0.5 0.3 0.7 0.55 0.55 0.8 0.05 
-0.08966409547287933 0.6513948486166453 0.33627505648885925 1.0 0.2 0.9 0.3 0.6 0.15 0.85 0.35 0.7 0.85 0.9 0.1 0.35 0.9 0.65 0.95 0.25 0.55 0.5 0.35 0.8 1.0 0.4 0.85 0.95 0.3 0.45 0.9 0.55 0.25 0.9 0.25 0.75 0.35 0.3 0.4 
-0.01527379176279247 0.6875500285697392 0.34990753229677896 1.0 0.2 0.9 0.3 0.6 0.65 0.8 0.35 0.7 0.85 0.9 0.1 0.35 0.65 0.65 0.95 0.25 0.55 0.8 0.35 0.8 0.8 0.4 0.85 0.9 0.3 0.45 0.9 0.55 0.5 0.65 0.0 0.75 0.35 0.3 0.4 
-0.008321262880019647 0.6280017935471554 0.3390774696293715 1.0 0.65 0.9 0.65 0.6 0.15 0.8 0.35 0.7 0.95 0.9 0.1 0.35 0.65 0.45 0.95 0.25 0.55 0.5 0.45 0.8 0.75 0.35 0.8 0.95 0.3 0.45 0.75 0.55 0.5 0.9 0.0 0.75 0.35 0.3 0.4 
-0.09925055888692269 0.5522598692144118 0.31058275097891286 0.8 0.65 0.7 0.65 0.65 0.4 0.8 0.35 0.75 0.8 0.95 0.1 0.25 0.65 0.3 0.9 0.25 0.55 0.45 0.75 0.45 0.8 0.35 0.8 0.95 0.3 0.4 0.85 0.55 0.5 0.2 0.35 0.75 0.75 0.3 0.35 
-0.004857198789264325 0.6586265939171689 0.3587873136078933 0.85 0.65 0.8 0.3 0.6 0.4 0.9 0.35 0.7 0.95 0.85 0.1 0.5 0.65 0.65 1.0 0.25 0.55 0.8 0.35 0.8 0.75 0.35 0.8 0.35 0.3 0.55 0.75 0.55 0.55 0.75 0.5 0.75 0.95 0.0 0.05 
-0.032689977811281766 0.5476142994158992 0.32609499784428086 0.8 0.65 0.7 0.65 0.1 0.0 0.8 0.35 0.75 0.8 0.95 0.1 0.25 0.65 0.3 0.95 0.25 0.55 0.45 0.6 0.1 0.8 0.35 0.8 0.95 0.3 0.4 0.85 0.55 0.5 0.2 0.35 1.0 0.75 0.3 0.75 
-0.03415455803284709 0.3494244580315393 0.3281173693438538 0.1 0.1 0.15 0.0 0.0 0.5 0.55 0.35 0.75 0.45 0.5 0.9 1.0 0.95 0.6 0.6 0.15 0.8 0.9 0.25 0.85 0.85 0.6 0.3 1.0 0.6 0.4 0.9 0.2 0.5 0.7 0.7 0.55 0.55 0.6 0.05 
-0.10044518159181308 0.7264851439070448 0.40328738983827184 0.85 0.65 0.8 0.3 0.6 0.4 0.7 0.35 0.7 0.95 0.85 0.1 0.5 0.65 0.65 1.0 0.25 0.55 0.85 0.35 0.8 0.75 0.35 0.8 0.8 0.3 0.35 0.75 0.55 0.55 0.75 0.5 0.75 0.95 0.3 0.4 
-0.038883925141577264 0.4533764164001361 0.3007116849639252 0.75 0.1 0.9 0.0 0.0 0.65 1.0 0.35 0.8 0.3 0.5 0.35 1.0 0.95 0.6 0.5 0.15 0.8 0.95 0.25 0.6 0.25 0.6 0.3 0.9 0.5 0.0 0.8 0.2 0.45 0.3 0.7 0.55 0.55 0.8 0.05 
-0.012023294275673113 0.30633610484441864 0.4002928191361486 0.05 0.5 0.9 0.0 0.0 0.15 0.7 0.35 0.8 0.9 0.5 0.95 1.0 0.9 0.6 0.75 0.15 0.8 0.7 0.1 0.35 0.1 0.75 0.3 1.0 0.3 0.35 0.9 0.15 0.35 0.0 0.7 0.95 0.55 0.8 0.9 
-0.0056735695456101316 0.5740907723937526 0.3420719463468668 0.8 0.4 1.0 0.65 0.1 0.4 0.8 0.35 0.75 0.8 0.9 0.1 0.25 0.7 0.65 0.95 0.2 0.55 0.5 0.6 0.95 0.8 0.35 0.8 0.9 0.3 0.4 0.9 0.55 0.5 0.6 0.35 0.0 0.75 0.3 0.3 
-0.022251635980648242 0.6002452551258619 0.3208306605739749 1.0 0.65 0.9 0.3 0.6 0.15 0.8 0.35 0.7 1.0 0.9 0.1 0.35 0.65 0.65 0.75 0.25 0.55 0.1 0.15 0.8 1.0 0.35 0.8 0.95 0.3 0.45 0.9 0.55 0.5 0.9 0.0 0.75 0.35 0.3 0.4 
-0.021031516150288178 0.2992755006261506 0.5083378310735877 0.05 0.8 0.9 0.0 0.05 1.0 0.8 0.75 0.85 0.9 0.9 0.95 1.0 0.9 0.6 0.75 0.1 0.8 1.0 0.0 0.2 0.4 0.9 0.95 1.0 0.3 0.35 0.8 0.15 0.35 0.1 1.0 0.95 0.25 0.8 0.75 
-0.10305501547606766 0.4763861423189522 0.29181473266054425 0.1 0.1 0.15 0.0 0.7 0.25 0.95 0.35 0.8 0.45 0.5 0.9 1.0 0.95 0.6 0.5 0.15 0.8 0.95 0.25 0.85 0.95 0.6 0.3 0.65 0.6 0.3 0.9 0.15 0.5 0.3 0.9 0.55 0.55 0.8 0.05 
-0.023180122892211052 0.6622531027114482 0.5940217181415188 0.7 0.0 0.9 0.9 0.75 0.15 0.2 0.0 0.1 0.85 0.3 0.7 0.5 0.7 0.9 0.45 0.0 0.55 0.95 0.7 0.5 0.95 0.8 0.4 0.95 0.4 0.75 1.0 0.25 0.2 1.0 1.0 0.7 0.75 0.1 0.95 
-0.003114099553517726 0.2662150387583495 0.46139439550043626 0.55 0.5 0.9 0.0 0.0 1.0 0.7 0.35 0.8 0.9 0.5 0.95 1.0 0.9 0.6 0.75 0.1 0.8 1.0 0.0 0.6 0.1 0.1 0.85 1.0 0.3 0.35 0.9 0.15 0.35 0.1 0.7 0.85 0.55 0.8 0.9 
-0.03218179736769922 0.655115506449317 0.31758966493779517 1.0 0.65 0.9 0.2 0.6 0.15 0.8 0.35 0.7 0.95 0.9 0.1 0.35 0.65 0.65 0.95 0.25 0.55 0.5 0.4 0.8 0.8 0.35 0.8 0.95 0.3 0.45 0.9 0.55 0.5 0.9 0.0 0.75 0.35 0.3 0.4 
-0.008356151407846143 0.71792170000895 0.5548484592026669 1.0 0.65 0.9 0.95 0.6 0.15 0.8 0.3 0.7 0.75 0.9 0.1 0.25 0.65 0.35 0.95 0.25 0.55 0.75 0.35 0.7 0.75 0.35 0.7 0.9 0.3 0.45 0.75 0.55 0.65 0.9 0.0 0.15 0.75 0.3 0.4 
-0.13311755389279453 0.44709714950473634 0.617349400950315 0.3 1.0 0.05 0.5 0.45 0.55 0.85 0.5 0.05 0.35 0.9 0.25 0.95 0.75 0.25 0.95 0.9 0.35 1.0 0.65 0.4 0.75 0.35 0.65 0.8 0.2 0.35 0.9 0.85 0.1 0.0 0.05 0.9 0.8 0.65 0.55 
-0.00807066574558196 0.61382853085681 0.3317614555529027 1.0 0.65 0.9 0.3 0.6 0.15 0.6 0.25 0.7 1.0 0.9 0.1 0.35 0.65 0.65 0.95 0.25 0.55 0.1 0.15 0.8 1.0 0.35 0.8 0.95 0.4 0.45 0.9 0.55 0.5 0.9 0.0 0.75 0.35 0.3 0.4 
-0.006401466302893304 0.6153972067125048 0.3258524541725103 1.0 0.2 0.9 0.3 0.6 0.15 0.8 0.35 0.7 0.85 0.9 0.1 0.35 0.65 0.65 0.95 0.25 0.55 0.5 0.9 0.8 1.0 0.4 0.85 0.95 0.3 0.45 0.9 0.55 0.5 0.9 0.2 0.75 0.35 0.3 0.4 
-0.008134960281304199 0.6258839055215306 0.30218472855151 1.0 0.65 0.9 0.3 0.6 0.15 0.8 0.35 0.7 1.0 0.9 0.1 0.35 0.65 0.65 0.95 0.25 0.55 0.1 0.15 0.8 1.0 0.35 0.8 0.95 0.3 0.45 0.9 0.55 0.5 0.9 0.0 0.75 0.35 0.3 0.4 
-0.018113626401700937 0.7007086733073827 0.3762766700434044 0.85 0.65 0.8 0.3 0.6 0.4 0.8 0.35 0.7 0.95 0.85 0.1 0.5 0.65 0.65 1.0 0.25 0.55 0.85 0.35 0.8 0.75 0.35 0.8 0.8 0.3 0.4 0.75 0.55 0.55 0.75 0.5 0.75 0.95 0.3 0.4 
-0.04502409616882543 0.6922808664091373 0.6040766609363174 1.0 0.5 0.0 1.0 0.6 0.15 0.75 0.35 0.85 0.75 0.1 0.05 0.65 0.55 0.5 0.95 0.25 0.65 1.0 0.35 0.6 0.75 0.35 0.65 0.95 0.3 0.45 0.75 0.55 0.65 0.85 0.0 0.15 0.35 0.3 0.5 
-0.0016410333483828253 0.6242540260011287 0.2971761596818414 0.35 0.65 0.9 0.3 0.6 0.15 0.8 0.35 0.7 1.0 0.9 0.1 0.35 0.65 0.65 0.95 0.25 0.55 0.1 0.3 0.25 1.0 0.35 0.8 1.0 0.3 0.45 0.9 0.55 0.5 0.9 0.0 0.3 0.35 0.3 0.4 
-0.06060895597222852 0.39751838786358573 0.31972135405669655 0.05 0.1 0.15 0.0 0.0 0.5 0.7 0.35 0.75 0.45 0.5 0.9 1.0 0.95 0.6 0.65 0.15 0.8 0.8 0.25 0.85 0.85 0.6 0.3 0.95 0.6 0.4 0.9 0.2 0.5 0.65 0.7 0.55 0.1 0.6 0.95 
-0.00395444432996978 0.6795519823336388 0.33757807457975775 0.85 0.65 0.8 0.3 0.6 0.4 0.85 0.35 0.7 0.95 0.85 0.1 0.5 0.65 0.65 1.0 0.25 0.55 0.8 0.35 0.8 1.0 0.35 0.8 0.95 0.3 0.45 0.75 0.55 0.55 0.75 0.5 0.55 0.95 0.5 0.4 
-0.05857043379489307 0.28059120890784917 0.40210945031307366 0.05 1.0 0.95 0.0 0.2 1.0 0.95 0.35 0.8 0.9 0.5 0.95 1.0 0.9 0.6 0.75 0.15 0.8 0.95 0.0 0.65 0.25 1.0 1.0 1.0 0.3 0.3 0.9 0.15 0.35 1.0 0.7 0.85 0.55 0.8 0.9 
-0.06670770565349779 0.5770594143053356 0.2928440001804441 0.8 0.95 1.0 0.65 0.1 0.6 0.8 0.35 0.75 0.8 0.9 0.1 0.25 0.7 0.5 0.95 0.25 0.55 0.65 0.6 0.95 0.8 0.35 0.8 0.95 0.3 0.4 0.9 0.55 0.5 0.65 0.35 0.0 0.75 0.45 0.3 
-0.03329141374451192 0.3711924345030498 0.31652099224628905 0.05 0.1 0.15 0.0 0.0 0.5 0.7 0.35 0.75 0.45 0.5 0.9 1.0 0.95 0.6 0.65 0.15 0.8 0.8 0.25 0.65 0.85 0.6 0.3 0.95 0.6 0.4 0.9 0.2 0.5 0.65 0.7 0.55 0.1 0.6 0.95 
-0.049183220709927596 0.306331335337506 0.38735859344024287 0.1 0.1 0.15 0.0 0.0 0.5 0.35 0.35 0.75 0.45 0.5 0.9 1.0 0.95 0.6 0.6 0.15 0.8 0.95 0.05 0.55 0.85 0.6 0.3 1.0 0.6 0.65 0.9 0.2 0.5 0.3 0.7 0.55 0.55 0.6 0.05 
-0.028184225986933223 0.5702722056903093 0.3079827405265735 0.8 0.65 1.0 0.65 0.6 0.4 0.85 0.35 0.75 0.8 0.9 0.1 0.25 0.8 0.6 0.95 0.25 0.55 0.35 0.6 0.65 0.8 0.35 0.8 0.95 0.3 0.4 0.9 0.55 0.5 0.6 0.35 0.75 0.75 0.85 0.3 
-0.08114717798993171 0.7140272819681792 0.3600723281720214 0.85 0.25 0.6 0.3 0.75 0.35 0.85 0.35 0.7 0.95 0.85 0.1 0.85 0.65 0.65 0.95 0.25 0.55 0.8 0.35 0.8 0.75 0.35 0.8 0.95 0.2 0.4 0.75 0.5 0.55 0.5 0.5 0.75 0.35 0.9 0.4 
-0.006791047880171495 0.6888951352612092 0.3283671909829684 1.0 0.2 0.9 0.3 0.6 0.65 0.8 0.35 0.7 0.85 0.9 0.1 0.35 0.65 0.65 0.95 0.25 0.55 0.8 0.35 0.8 1.0 0.4 0.85 0.95 0.3 0.45 0.9 0.55 0.5 0.9 0.0 0.75 0.35 0.3 0.4 
-0.2841993103862522 0.6853954678242942 0.6033222475873264 1.0 0.5 0.0 1.0 0.7 0.15 0.85 0.35 0.85 0.75 0.1 0.05 0.65 0.55 0.5 0.95 0.25 0.65 1.0 0.35 0.6 0.75 0.35 0.65 0.95 0.3 0.45 0.75 0.55 0.65 0.85 0.0 0.15 0.7 0.3 0.4 
-0.06874901908846613 0.672254949195055 0.6087317085090216 1.0 0.5 0.25 0.9 0.6 0.15 0.75 0.35 0.85 0.75 0.1 0.05 0.7 0.55 0.4 0.9 0.25 0.65 1.0 0.35 0.6 0.8 0.35 0.65 1.0 0.3 0.45 0.8 0.55 0.65 0.55 0.0 0.75 0.35 0.3 0.55 
-0.05224786169672331 0.6918354347299067 0.6094962323810774 0.45 0.5 0.0 1.0 0.6 0.15 0.6 0.35 0.85 0.75 0.1 0.05 0.65 0.55 0.5 0.95 0.25 0.65 1.0 0.35 0.6 0.75 0.35 0.65 0.95 0.3 0.45 0.75 0.55 0.65 0.85 0.0 0.15 0.35 0.3 0.25 
-0.12135148753071573 0.7401994116442296 0.4437194000908215 0.85 1.0 0.4 0.05 0.6 0.4 0.8 0.35 0.7 0.8 0.9 0.1 0.4 0.65 0.3 0.95 0.25 0.55 0.9 0.35 0.8 0.75 0.35 0.8 0.95 0.3 0.45 0.75 0.55 0.65 0.9 0.05 0.75 0.65 0.3 0.25 
-0.008814293883668329 0.5439994569277651 0.29950364676105945 0.8 0.65 0.7 0.65 0.1 0.9 0.75 0.35 0.65 0.8 0.95 0.1 0.4 0.65 0.3 0.95 0.25 0.55 0.95 0.6 0.45 0.8 0.35 0.85 0.95 0.3 0.4 1.0 0.55 0.5 0.8 0.35 0.75 0.75 0.0 0.5 
-1.6163594965689476 0.6671234688678829 0.6304466397026309 0.0 0.05 0.0 0.15 0.6 0.15 0.8 0.3 0.85 0.7 0.55 0.05 0.85 0.55 0.9 0.95 0.25 0.65 0.65 0.35 0.6 0.75 0.35 0.65 0.95 0.3 0.45 0.75 0.55 0.65 0.85 0.0 0.15 0.35 0.3 0.25 
-0.0911762175824041 0.746322765204749 0.46394574400026156 0.85 0.65 0.95 0.3 0.6 0.7 0.8 0.35 0.7 1.0 0.9 0.1 0.35 0.65 0.5 0.95 0.25 0.55 0.95 0.35 0.8 0.75 0.35 0.8 0.95 0.3 0.45 0.95 0.55 0.65 0.5 0.0 0.8 0.35 0.3 0.4 
-0.014763460449179294 0.7185717453976622 0.5869874125374752 1.0 0.5 0.0 1.0 0.6 0.15 0.8 0.35 0.85 0.75 0.9 0.05 0.65 0.55 0.8 0.95 0.25 0.65 0.5 0.35 0.6 0.75 0.35 0.65 0.95 0.3 0.45 0.75 0.55 0.65 0.85 0.0 0.15 0.05 0.3 0.5 
-0.08929745025763058 0.7323819355359501 0.3976337746928287 0.85 0.65 0.8 0.3 0.9 0.4 0.7 0.35 0.75 0.95 0.85 0.1 0.5 0.65 0.65 1.0 0.25 0.55 1.0 0.35 0.8 0.7 0.35 0.8 0.85 0.3 0.35 0.9 0.55 0.55 0.75 0.05 0.75 0.95 0.3 0.4 
-0.6064638109493641 0.5859318354379468 0.29348665824594056 0.8 0.95 1.0 0.65 0.1 0.4 0.8 0.35 0.75 0.8 0.9 0.1 0.25 0.7 0.5 0.95 0.25 0.55 0.6 0.6 0.95 0.8 0.35 0.8 0.95 0.3 0.4 0.9 0.55 0.5 0.65 0.35 0.0 0.75 0.45 0.3 
-1.3690266622188936 0.7328724162449809 0.375579159265516 0.85 0.65 0.8 0.3 0.75 0.3 0.85 0.35 0.7 0.95 0.85 0.1 0.5 0.65 0.65 0.95 0.25 0.55 0.8 0.35 0.8 0.75 0.35 0.8 0.95 0.3 0.4 0.75 0.5 0.55 0.1 0.5 0.75 0.35 0.9 0.4 
-0.010895271292773411 0.5498619799776535 0.6671984392500785 0.65 0.3 0.4 0.05 0.2 0.0 0.55 0.95 1.0 0.3 0.05 0.25 0.4 0.6 0.15 0.85 0.9 0.35 0.25 0.5 0.9 0.8 0.35 0.65 1.0 0.7 0.45 0.65 0.9 0.1 0.2 0.2 0.9 0.4 0.8 0.55 
-0.15672864023839572 0.4101252330010199 0.3054788454335554 0.05 0.1 0.15 0.0 0.0 0.5 0.7 0.35 0.75 0.45 0.5 0.9 1.0 0.95 0.6 0.65 0.15 0.8 0.8 0.25 0.85 0.8 0.6 0.3 0.85 0.6 0.4 0.9 0.2 0.5 0.65 0.7 0.55 0.1 0.6 0.95 
-0.04062976526084621 0.3960837143100119 0.6255310891254663 0.3 1.0 0.05 0.5 0.7 0.55 0.9 0.5 1.0 0.3 0.05 0.25 0.95 0.75 0.25 0.95 0.85 0.35 1.0 0.65 0.4 0.55 0.35 0.65 0.65 0.25 0.35 0.65 0.9 0.1 0.2 0.45 0.1 0.8 0.25 0.55 
-0.3942639373008549 0.27809411373733117 0.41506994727625107 0.05 0.55 0.15 0.0 0.75 1.0 0.85 0.35 0.8 0.85 0.5 0.95 1.0 0.9 0.6 0.75 0.15 0.8 0.85 0.0 0.6 0.1 1.0 1.0 1.0 0.3 0.3 0.9 0.15 0.35 0.1 0.7 0.85 0.55 0.8 0.9 
-0.40385579192621 0.6915931559103796 0.35083254436991707 0.85 0.65 0.8 0.3 0.6 0.4 0.85 0.35 0.7 0.95 0.85 0.1 0.5 0.65 0.65 1.0 0.25 0.55 0.8 0.35 0.8 0.75 0.35 0.8 0.95 0.3 0.45 0.75 0.55 0.55 0.75 0.5 0.75 0.95 0.3 0.4 
-0.035392673801292324 0.3660606831864246 0.6338805612950414 0.4 0.8 0.9 0.0 0.0 1.0 0.85 0.75 0.8 0.8 0.05 0.95 1.0 0.9 0.6 0.75 0.1 0.8 1.0 0.95 0.7 1.0 0.9 0.95 1.0 0.3 0.6 0.8 0.15 0.8 1.0 1.0 0.85 0.5 1.0 0.75 
-0.03588199110987925 0.40970307104621057 0.6808498344542814 0.3 0.6 0.05 0.15 0.7 0.4 0.85 0.5 1.0 0.2 0.05 0.25 0.95 0.95 0.65 0.95 0.9 0.35 0.9 0.65 0.3 0.9 0.35 0.65 1.0 0.25 0.35 0.45 0.85 0.1 0.2 0.5 0.7 0.8 0.9 0.55 
-0.5883415417596927 0.2680970780211429 0.4409857547183498 0.45 0.5 0.9 0.0 0.0 0.2 0.7 0.35 0.8 0.9 0.5 0.95 0.95 0.9 0.6 0.75 0.1 0.8 1.0 0.0 0.6 0.1 0.9 1.0 1.0 0.3 0.35 0.9 0.15 0.35 0.1 0.7 0.85 0.55 0.8 0.9 
-0.004263175913982986 0.341185852406034 0.5757618187024103 0.05 0.5 0.9 0.0 0.0 1.0 0.8 0.35 0.8 0.95 0.9 0.95 1.0 0.9 0.6 0.45 0.1 0.8 0.85 0.0 0.6 0.7 0.9 0.85 1.0 0.3 0.35 0.9 0.15 0.3 0.1 1.0 0.85 0.55 0.8 0.9 
-0.30292370837771876 0.41072646082946423 0.2816303429545842 0.95 0.1 0.15 0.15 0.0 0.5 1.0 0.35 0.75 0.45 0.5 0.9 1.0 0.95 0.6 0.6 0.15 0.8 0.8 0.25 0.85 0.85 0.6 0.3 0.95 0.6 0.75 0.9 0.2 0.5 0.55 0.5 0.55 0.55 0.6 0.05 
-0.3210522781374489 0.6687219431359417 0.3193576484071834 1.0 0.2 0.9 0.3 0.6 0.15 0.8 0.35 0.7 0.85 0.9 0.1 0.35 0.65 0.65 0.95 0.25 0.55 0.7 0.35 0.8 1.0 0.4 0.85 0.95 0.3 0.45 0.9 0.55 0.5 0.9 0.0 0.75 0.35 0.3 0.4 
-0.019424714227209986 0.40385754710800637 0.6893065055422677 0.3 1.0 0.05 0.5 0.7 0.55 0.85 0.5 1.0 0.15 0.05 0.15 1.0 0.75 0.4 0.95 0.9 0.35 0.8 0.65 0.7 0.55 0.35 0.65 1.0 0.25 0.35 0.65 0.9 0.1 0.2 0.45 0.9 0.8 0.25 0.55 
-0.0037207382044043328 0.42911577718632243 0.6486852094277509 0.3 0.7 0.05 0.5 0.7 0.55 0.85 0.55 1.0 0.15 0.1 0.15 1.0 0.75 0.25 0.8 0.9 0.35 0.95 0.65 0.45 0.55 0.35 0.65 1.0 0.25 0.35 0.65 0.9 0.1 0.85 0.45 0.8 0.8 0.7 0.55 
-0.06385401134115318 0.3116718116515309 0.5626039341638364 0.05 0.8 0.9 0.0 1.0 1.0 0.8 0.75 0.8 1.0 0.9 0.95 1.0 0.9 0.6 0.8 0.1 0.85 1.0 0.95 0.55 0.85 0.9 0.95 0.25 0.3 0.35 0.8 0.15 0.5 0.35 1.0 0.85 0.45 0.8 0.75 
-0.06833279470506551 0.336735445601673 0.61032547228026 1.0 0.8 0.9 0.65 0.0 0.35 1.0 0.8 0.1 0.9 0.9 0.95 1.0 0.95 0.6 0.8 0.1 0.8 1.0 0.0 0.55 0.85 0.9 0.85 1.0 0.3 0.2 0.9 0.15 0.2 0.15 0.9 0.85 0.0 0.8 0.9 
-0.06022580086131519 0.4140041895174444 0.7085338108510763 0.3 0.75 0.05 0.5 0.7 0.55 0.85 1.0 0.5 0.2 0.05 0.15 0.95 0.75 0.25 0.95 0.9 0.4 0.8 0.65 0.4 0.55 0.35 0.65 1.0 0.25 0.35 0.65 0.9 0.1 0.2 0.45 0.9 0.8 0.25 0.55 
-0.10991638129744774 0.38446017750838485 0.6723372615407504 0.3 1.0 0.95 0.5 0.7 0.55 0.8 0.5 0.65 0.1 0.55 0.55 0.55 0.75 0.25 0.95 0.9 0.35 0.9 0.65 0.7 0.55 0.35 0.65 1.0 0.25 0.35 0.65 0.9 0.1 0.2 0.7 0.9 0.5 0.5 0.55 
-0.008306084568833798 0.5598600501305538 0.3056692127131916 0.8 0.65 0.7 0.65 0.65 0.4 0.8 0.35 0.75 0.8 0.95 0.1 0.25 0.65 0.3 0.9 0.25 0.55 0.45 0.75 0.75 0.8 0.35 0.8 0.95 0.3 0.4 0.85 0.55 0.5 0.2 0.35 0.75 0.75 0.3 0.35 
-0.006452439339374266 0.4028148777593893 0.6436861060261359 0.3 1.0 0.05 0.5 0.7 0.55 0.85 0.5 1.0 0.15 0.05 0.1 1.0 0.75 0.25 0.95 0.9 0.35 0.8 0.65 0.7 0.35 0.35 0.65 1.0 0.25 0.35 0.65 0.9 0.1 0.6 0.45 0.9 0.95 0.25 0.55 
-0.022127653854214457 0.7144772185577173 0.6049747910614426 1.0 0.5 0.0 0.2 0.6 0.15 0.75 0.35 0.85 0.75 0.9 0.05 0.65 0.55 0.45 0.95 0.25 0.65 0.65 0.35 0.6 0.75 0.35 0.65 0.95 0.3 0.45 0.75 0.55 0.65 0.85 0.0 0.15 0.35 0.3 0.5 
-0.023830687132713555 0.35191915583334943 0.5988933184666478 0.05 0.0 0.3 0.0 0.45 1.0 0.85 0.75 0.8 0.15 0.9 0.9 1.0 0.9 0.6 0.8 0.1 0.8 1.0 0.5 0.7 1.0 0.9 0.95 1.0 0.3 0.35 0.8 0.15 0.8 0.1 1.0 0.85 0.3 0.8 0.75 
-0.047584475207643646 0.43535914910676543 0.2752357938566423 0.95 0.1 0.15 0.15 0.0 0.5 1.0 0.35 0.75 0.45 0.5 0.9 1.0 0.95 0.6 0.6 0.15 0.8 0.8 0.25 0.85 0.85 0.6 0.3 0.9 0.6 0.65 0.9 0.2 0.5 0.55 0.5 0.55 0.55 0.6 0.05 
-0.03916233216003734 0.3700869727985764 0.6986447241299805 0.3 1.0 0.05 0.5 0.7 0.55 0.85 0.5 1.0 0.15 0.05 0.15 1.0 0.75 0.25 0.95 0.9 0.35 0.8 0.65 0.7 0.55 0.35 0.65 1.0 0.25 0.35 0.65 0.9 0.1 0.2 0.45 0.9 0.8 0.25 0.55 
-0.033451857664623004 0.4288099956217248 0.6570816009524589 0.3 0.6 0.05 0.15 0.7 0.55 0.85 0.6 1.0 0.2 0.05 0.25 0.9 0.75 0.45 0.95 0.9 0.35 1.0 0.65 0.5 0.55 0.35 0.65 1.0 0.25 0.35 0.45 0.85 0.1 0.2 0.5 0.4 0.8 0.25 0.55 
-0.10823180386291971 0.39448577344226504 0.31761753431009987 0.1 0.1 0.15 0.0 0.0 0.5 0.7 0.35 0.75 0.35 0.5 0.9 1.0 0.95 0.6 0.6 0.15 0.8 0.95 0.25 0.85 0.7 0.6 0.3 0.8 0.6 0.65 0.9 0.2 0.55 0.3 0.9 0.55 0.55 0.6 0.05 
-0.32661225063266675 0.43541241028934635 0.7092227599980305 0.3 1.0 0.05 0.5 0.75 0.9 0.7 0.5 1.0 0.05 0.9 0.25 0.95 0.75 0.25 0.95 0.9 0.35 1.0 0.65 0.7 0.75 0.35 0.65 0.8 0.2 0.35 0.65 0.85 0.1 0.0 0.15 0.35 0.55 0.8 0.55 
-0.04627057406417256 0.7091163663847299 0.32647330567286925 0.4 0.65 0.8 0.3 0.45 0.7 0.85 0.35 0.7 0.95 0.85 0.1 0.85 0.65 0.7 0.95 0.25 0.55 0.8 0.35 0.8 0.75 0.3 0.8 0.95 0.3 0.4 0.75 0.5 0.55 0.0 0.5 0.75 0.35 0.9 0.4 
-0.0016449426658733122 0.4510126128041097 0.6391759562226736 0.3 0.7 0.05 0.5 0.7 0.55 0.85 0.5 1.0 0.15 0.1 0.15 1.0 0.75 0.25 0.75 0.9 0.35 0.95 0.65 0.7 0.55 0.35 0.65 1.0 0.25 0.35 0.65 0.9 0.1 0.85 0.45 0.8 0.8 0.7 0.55 
-0.0014506609196550768 0.45269956187540705 0.6671098105399602 0.3 1.0 0.05 0.5 0.75 0.55 0.85 0.5 0.65 0.35 0.9 0.25 1.0 0.75 0.25 0.95 0.9 0.35 1.0 0.65 0.4 0.75 0.35 0.65 0.8 0.2 0.35 0.9 0.85 0.1 0.0 0.45 0.9 0.8 0.65 0.55 
-0.06612210671564207 0.4644431307366952 0.6858280742048647 0.3 0.6 0.05 0.15 0.7 0.55 0.85 0.8 1.0 0.2 0.05 0.25 0.95 0.95 0.45 0.95 0.9 0.45 1.0 0.65 0.7 0.9 0.35 0.65 0.85 0.25 0.4 0.4 0.85 0.1 0.45 0.5 0.7 0.8 0.85 0.8 
-0.043502914686147184 0.2953496649464974 0.5644245924433959 0.05 0.8 0.9 0.0 0.0 0.6 0.5 0.75 0.8 0.9 0.9 0.95 1.0 0.9 0.6 0.8 0.1 0.8 1.0 0.0 0.7 1.0 0.9 0.95 1.0 0.3 0.7 0.95 0.15 0.8 0.1 1.0 0.85 0.5 0.3 0.75 
-0.16962736901855766 0.35378736353595364 0.67690785750889 0.3 1.0 0.95 0.5 0.7 0.55 0.7 0.5 1.0 0.1 0.05 0.3 1.0 0.75 0.25 0.95 0.9 0.35 0.75 0.65 0.7 0.55 0.35 0.65 1.0 0.25 0.35 0.65 0.9 0.1 0.2 0.7 0.9 0.8 0.5 0.55 
-0.9577137283396608 0.676890835989051 0.630548691110612 0.0 0.05 0.0 0.15 0.6 0.15 0.8 0.3 0.85 0.7 0.9 0.05 0.85 0.55 0.9 0.95 0.25 0.65 0.65 0.35 0.6 0.75 0.35 0.65 0.95 0.3 0.45 0.9 0.55 0.65 0.85 0.0 0.15 0.35 0.3 0.25 
-0.11798251333525261 0.3653719325902388 0.653305802082221 0.3 1.0 0.9 0.5 0.7 0.55 0.8 0.5 0.95 0.1 0.1 0.3 1.0 0.75 0.25 0.95 0.9 0.35 0.75 0.65 0.7 0.55 0.35 0.65 1.0 0.25 0.35 0.65 0.9 0.1 0.2 0.7 0.9 0.5 0.5 0.55 
-0.10926350194585355 0.3559863167925395 0.6126699158828213 0.05 0.0 0.15 0.0 0.45 1.0 0.85 0.75 0.8 0.15 0.9 0.9 1.0 0.9 0.6 0.9 0.1 0.8 1.0 0.5 0.7 1.0 0.9 0.95 1.0 0.3 0.35 0.8 0.15 0.8 0.1 1.0 0.85 0.3 0.8 0.45 
-0.1532252199608993 0.47487432590748085 0.6625845915335883 0.3 1.0 0.95 0.5 0.7 0.55 0.7 0.5 1.0 0.1 0.1 0.3 1.0 0.5 0.9 0.95 0.9 0.35 0.75 0.65 0.7 0.55 0.35 0.65 1.0 0.25 0.35 0.65 0.9 0.1 0.2 0.85 0.9 0.5 0.5 0.6 
-0.0006660134936180493 0.2925903870637594 0.5885192806187701 0.4 0.8 0.9 0.0 0.0 1.0 0.85 0.75 0.8 0.9 0.9 0.95 1.0 0.9 0.6 0.75 0.1 0.8 1.0 1.0 0.7 1.0 0.9 0.95 1.0 0.3 0.35 0.8 0.15 0.8 0.95 1.0 0.25 0.5 0.8 0.75 
-0.000953752294252378 0.3297602602074714 0.648603110132185 0.3 0.55 0.05 0.5 0.75 0.55 0.75 0.5 0.8 0.3 0.9 0.55 1.0 0.75 0.25 0.85 0.9 0.35 1.0 0.65 0.65 0.55 0.35 0.65 0.95 1.0 0.35 0.65 0.9 0.1 0.0 0.45 0.9 0.8 0.3 0.55 
-0.03880161102393832 0.3668022563936025 0.6737052233405164 0.3 1.0 0.95 0.5 0.7 0.55 0.7 0.5 1.0 0.1 0.1 0.3 1.0 0.75 0.25 0.95 0.9 0.35 0.75 0.65 0.7 0.55 0.35 0.65 1.0 0.25 0.35 0.65 0.9 0.1 0.2 0.7 0.9 0.5 0.5 0.55 
-0.05717285354020308 0.3790128735963861 0.30585291998647945 0.1 0.1 0.15 0.0 0.0 0.5 0.7 0.35 0.75 0.45 0.5 0.9 1.0 0.95 0.6 0.6 0.15 0.8 0.95 0.25 0.85 0.8 0.6 0.3 0.8 0.6 0.65 0.9 0.2 0.55 0.3 0.7 0.55 0.55 0.6 0.05 
-0.012799800642134184 0.35571388927431213 0.6330355216205266 0.5 0.8 0.9 0.0 0.0 1.0 0.8 0.75 0.8 0.85 0.4 0.95 1.0 0.9 0.6 0.6 0.1 0.8 1.0 0.95 0.5 0.9 0.9 0.95 1.0 0.3 0.6 0.8 0.15 0.8 1.0 1.0 0.85 0.5 0.95 1.0 
-0.11269642389440544 0.35348079042801084 0.28932927196923797 0.55 0.1 0.15 0.0 0.0 1.0 0.95 0.4 0.8 0.45 0.5 0.9 0.95 0.95 0.6 0.6 0.15 0.8 0.95 0.15 0.85 0.95 0.6 0.4 1.0 0.6 0.7 0.9 0.15 0.5 0.3 0.7 0.55 1.0 0.1 0.95 
-0.10612892060284293 0.345980776703102 0.3149832734861452 0.1 0.1 0.15 0.0 0.0 0.5 0.7 0.35 0.75 0.45 0.5 0.9 1.0 0.95 0.6 0.6 0.15 0.8 0.95 0.25 0.85 0.9 0.6 0.3 0.8 0.6 0.65 0.65 0.2 0.55 0.65 0.7 0.55 0.55 0.6 0.05 
-0.05256161396532473 0.31049550035950924 0.3625557534088879 0.1 0.1 0.15 0.0 0.0 1.0 0.85 0.4 0.8 0.8 0.5 0.9 1.0 0.95 0.6 0.6 0.15 0.8 0.9 0.15 0.55 0.95 0.6 0.15 1.0 0.6 0.6 0.9 0.15 0.5 0.3 0.7 0.55 0.55 0.8 0.6 
-0.004719334363600018 0.31604335382986004 0.5825680638163002 0.3 0.55 0.05 0.5 0.7 0.55 0.9 0.5 0.8 0.3 0.25 0.95 1.0 0.7 0.25 0.85 0.9 0.35 1.0 0.65 0.4 0.55 0.5 0.65 0.75 1.0 0.35 0.6 0.9 0.1 0.0 0.9 0.25 0.45 0.55 0.55 
-0.01692057113558155 0.3783955697491337 0.2945299467076694 0.05 0.1 0.15 0.0 0.0 0.5 0.7 0.35 0.75 0.45 0.5 0.9 1.0 0.95 0.6 0.65 0.15 0.8 0.8 0.25 0.85 0.8 0.6 0.3 0.95 0.6 0.4 0.9 0.2 0.5 0.65 0.7 0.55 0.1 0.6 0.95 
-0.13552176487711562 0.3381188899903072 0.3244093525144429 0.1 0.1 0.25 0.0 0.0 0.5 0.7 0.35 0.75 0.45 0.5 0.9 1.0 0.95 0.6 0.6 0.15 0.8 0.95 0.25 0.9 0.8 0.6 0.3 0.8 0.6 0.65 0.6 0.2 0.55 0.65 0.7 0.55 0.55 0.6 0.05 
-0.023143975312287127 0.30945952341166083 0.3297032006734394 0.1 0.6 0.15 0.0 0.0 1.0 0.85 0.4 0.8 0.45 0.5 0.9 1.0 0.95 0.6 0.6 0.15 0.8 0.9 0.15 0.55 1.0 0.6 0.35 1.0 0.6 0.6 0.9 0.15 0.5 0.3 0.7 0.55 0.55 0.8 0.6 
-0.010508517726604107 0.32657112945398503 0.6089828226314145 0.05 0.8 0.9 0.0 0.0 1.0 0.5 0.3 0.8 0.9 0.9 0.95 1.0 0.9 0.6 0.8 0.1 0.8 1.0 0.0 0.7 1.0 0.9 0.95 1.0 0.3 0.35 0.8 0.15 0.8 0.1 1.0 0.85 0.5 0.8 0.75 
-0.045081127301065935 0.4539643252373492 0.7071927468617668 0.55 0.6 0.05 0.15 0.7 0.7 0.8 0.5 1.0 0.3 0.05 0.25 0.95 0.95 0.45 0.95 0.9 0.35 1.0 0.65 0.8 0.9 0.35 0.65 0.85 0.2 0.35 0.45 0.85 0.1 0.2 0.5 0.65 0.35 0.05 0.55 
-0.35284500730896906 0.3195983332417254 0.29655401952397287 0.1 0.1 0.15 0.0 0.0 0.35 0.85 0.4 0.8 0.45 0.5 0.9 1.0 0.95 0.6 0.6 0.15 0.8 0.9 0.15 0.55 0.95 0.6 0.35 1.0 0.6 0.55 0.8 0.15 0.5 0.3 0.7 0.55 0.55 0.65 0.6 
-0.06463397681549268 0.3122216001754735 0.31807684516230494 0.1 0.1 0.15 0.0 0.0 1.0 0.85 0.4 0.8 0.45 0.5 0.9 1.0 0.95 0.6 0.6 0.15 0.8 0.9 0.15 0.55 0.95 0.6 0.35 0.95 0.6 0.6 0.9 0.15 0.5 0.3 0.7 0.55 0.55 0.8 0.6 
-0.29635999132050733 0.33971639406774734 0.29612627977423034 0.55 0.1 0.15 0.0 0.0 1.0 0.95 0.4 0.8 0.45 0.5 0.9 0.95 0.95 0.6 0.6 0.15 0.8 0.95 0.15 0.85 0.95 0.6 0.35 1.0 0.6 0.7 0.9 0.15 0.5 0.3 0.7 0.55 1.0 0.1 0.05 
-0.014674850996686351 0.5499399947214882 0.29363633325845984 0.8 0.65 0.5 0.15 0.65 0.4 0.8 0.35 0.75 0.8 0.95 0.1 0.2 0.65 0.6 0.9 0.25 0.55 0.6 0.6 0.45 0.8 0.35 0.8 0.95 0.3 0.4 0.85 0.55 0.5 0.2 0.35 0.5 0.75 0.3 0.5 
-0.0044118128438916954 0.4168171885850051 0.7153090461023325 0.3 1.0 0.05 0.5 0.7 0.5 0.95 0.2 1.0 0.15 0.05 0.15 1.0 0.75 0.25 0.95 0.9 0.4 0.8 0.65 0.7 0.7 0.35 0.65 1.0 0.25 0.35 0.65 0.9 0.1 0.6 0.45 0.9 0.8 0.25 0.55 
-0.02795248641333073 0.5999502862198356 0.6594223830363024 0.65 0.3 0.4 0.05 0.3 0.0 0.35 0.8 0.65 0.2 0.05 0.25 0.4 0.6 0.5 0.85 0.9 0.35 0.3 0.5 0.9 0.8 0.35 0.65 1.0 0.7 0.35 0.9 0.9 0.1 0.35 0.2 0.9 0.95 0.8 0.55 
-0.05420678879678164 0.48987401776904016 0.6674237858904102 0.3 1.0 0.05 0.5 0.75 0.55 0.85 0.5 1.0 0.3 0.9 0.25 0.95 0.75 0.25 0.95 0.9 0.35 1.0 0.65 0.4 0.75 0.35 0.65 0.8 0.2 0.35 0.65 0.85 0.1 0.0 0.45 0.9 0.8 0.8 0.55 
-0.051229145811058606 0.26685978391530374 0.5909837230833765 0.3 0.15 0.9 0.3 0.7 0.55 0.9 0.45 0.8 0.3 0.0 0.8 1.0 0.75 0.25 0.85 0.9 0.35 0.95 0.65 0.55 0.55 0.45 0.65 0.95 0.05 0.35 0.7 0.9 0.4 0.2 0.2 0.9 0.6 0.55 1.0 
-0.09922933001380284 0.7268506956198416 0.3438718041602454 0.2 0.95 0.8 0.3 0.45 0.7 0.85 0.35 0.7 0.95 0.85 0.1 0.7 0.65 0.7 0.95 0.25 0.55 0.9 0.35 0.8 0.65 0.3 0.8 0.95 0.3 0.4 0.75 0.5 0.55 0.0 0.5 0.75 0.35 0.9 0.4 
-0.09402138701867839 0.49750414595258274 0.29589517691413225 0.1 0.1 0.15 0.0 0.7 0.6 0.95 0.35 0.8 0.45 0.5 0.9 1.0 0.95 0.6 0.5 0.15 0.8 0.95 0.25 0.85 0.95 0.6 0.3 0.45 0.6 0.65 0.85 0.15 0.5 0.3 0.9 0.55 0.55 0.8 0.9 
-0.50214906167608 0.4847502976385968 0.713121677338638 0.3 0.6 0.05 0.15 0.7 0.55 0.85 0.3 1.0 0.15 0.1 0.25 0.95 0.95 0.45 0.95 0.9 0.35 0.9 0.65 0.3 0.9 0.35 0.65 1.0 0.25 0.35 0.45 0.85 0.1 0.2 0.5 0.7 0.8 0.9 0.55 
-0.027671069534286396 0.2883990092693218 0.5214182538393466 0.05 0.8 0.9 0.0 0.05 0.2 0.8 0.75 0.8 0.9 0.9 0.95 1.0 0.9 0.6 0.75 0.1 0.8 1.0 0.0 0.2 0.4 0.9 0.95 1.0 0.3 0.35 0.8 0.15 0.35 0.1 1.0 0.95 0.25 0.8 0.75 
-0.005176983563536589 0.3020764417292434 0.6300306734461818 0.3 0.0 0.1 0.5 0.2 0.1 1.0 0.5 0.8 0.3 0.9 0.55 1.0 0.75 0.25 0.85 0.9 0.35 1.0 0.65 0.65 0.55 0.35 0.65 0.95 1.0 0.35 0.65 0.9 0.1 0.0 0.45 0.9 0.4 0.3 0.55 
-0.12091532324123339 0.3263144671658882 0.6353667385336523 0.3 0.0 0.05 0.5 0.7 0.1 0.8 0.5 0.8 0.3 0.9 0.55 1.0 0.75 0.25 0.85 0.9 0.35 1.0 0.65 0.65 0.55 0.35 0.65 0.95 1.0 0.35 0.65 0.9 0.1 0.0 0.45 0.9 0.8 0.3 0.55 
-0.017336929627701173 0.4719549553556288 0.7250734984537976 0.3 0.6 0.05 0.15 0.7 0.4 0.85 0.5 1.0 0.2 0.05 0.25 0.95 0.95 0.45 0.95 0.9 0.35 0.9 0.65 0.3 0.9 0.35 0.65 1.0 0.25 0.35 0.45 0.85 0.1 0.2 0.5 0.7 0.8 0.9 0.55 
-3.535083664862092 0.4504683236880422 0.7434729309848549 0.3 0.6 0.05 0.15 0.7 0.55 0.85 0.5 1.0 0.2 0.05 0.25 0.95 0.95 0.45 0.95 0.9 0.35 1.0 0.65 0.7 0.9 0.35 0.65 0.85 0.25 0.35 0.45 0.85 0.1 0.2 0.5 0.7 0.8 0.85 0.55 
-0.8154025093937856 0.37868153445090874 0.7207806982059115 0.3 1.0 0.05 0.5 0.7 0.55 0.85 0.5 1.0 0.15 0.05 0.1 1.0 0.75 0.25 0.95 0.9 0.35 0.8 0.65 0.7 0.65 0.35 0.65 1.0 0.25 0.35 0.65 0.9 0.1 0.2 0.45 0.9 0.8 0.25 0.55 
-0.07913058126402184 0.2641044918873878 0.5527841364701023 0.05 0.8 0.9 0.0 1.0 1.0 0.8 0.75 0.8 0.8 0.9 0.95 1.0 0.9 0.6 0.8 0.15 0.85 1.0 0.95 0.85 0.7 0.9 0.95 0.7 0.3 0.35 0.75 0.15 0.2 0.1 1.0 0.85 0.55 0.95 0.75 
-0.19887450469800216 0.47247683111596533 0.7203562789452946 0.3 0.6 0.05 0.15 0.7 0.55 0.85 0.5 1.0 0.2 0.1 0.25 0.95 0.95 0.45 0.95 0.9 0.35 0.9 0.65 0.3 0.9 0.35 0.65 1.0 0.25 0.35 0.45 0.85 0.1 0.2 0.5 0.7 0.8 0.9 0.55 
-0.6584135442697883 0.48675415478677825 0.7077444619263578 0.3 0.15 0.05 0.15 0.7 0.55 0.85 0.5 1.0 0.2 0.05 0.15 0.95 0.95 0.45 0.9 0.9 0.35 1.0 0.65 0.3 0.9 0.35 0.65 1.0 0.25 0.35 0.45 0.85 0.1 0.2 0.05 0.7 0.8 0.9 0.55 
-2.649453933236743 0.7241185402494886 0.6155925235587416 1.0 0.5 0.0 1.0 0.6 0.15 0.8 0.35 0.85 0.75 0.9 0.05 0.65 0.55 0.8 0.95 0.25 0.65 1.0 0.35 0.6 0.75 0.35 0.65 0.95 0.3 0.45 0.75 0.55 0.65 0.85 0.0 0.15 0.35 0.3 0.5 
-0.6150352458434548 0.4852107505332167 0.730313969532736 0.85 0.6 0.05 0.15 0.7 0.05 0.8 0.5 1.0 0.2 0.05 0.25 0.95 0.95 0.45 0.95 0.9 0.35 1.0 0.65 0.2 0.9 0.35 0.65 1.0 0.2 0.35 0.45 0.85 0.1 0.2 0.5 0.65 0.35 0.9 0.55 
-0.47876686483559394 0.436957453062508 0.7394977929246513 0.3 1.0 0.05 0.5 0.7 0.55 0.85 0.5 1.0 0.15 0.05 0.15 0.95 0.75 0.25 0.95 0.9 0.4 0.9 0.65 0.7 0.7 0.35 0.65 1.0 0.25 0.3 0.65 0.9 0.1 0.6 0.45 0.9 0.8 0.25 0.55 
-0.01006330043315666 0.42220962660599537 0.7171567408586625 0.3 0.75 0.05 0.5 0.7 0.55 0.85 1.0 0.5 0.2 0.05 0.15 0.95 0.75 0.25 0.95 0.9 0.4 0.8 0.65 0.4 0.6 0.35 0.65 1.0 0.25 0.35 0.65 0.9 0.1 0.2 0.45 0.9 0.65 0.25 0.55 
-0.1555610746867408 0.2770140182468238 0.5028455140214864 0.05 0.8 0.9 0.0 0.0 1.0 0.7 0.4 0.8 0.7 0.5 0.95 1.0 0.9 0.6 0.75 0.1 0.85 1.0 0.0 0.6 0.15 0.65 0.85 1.0 0.3 0.3 0.9 0.15 0.35 0.1 0.7 0.85 0.25 0.8 0.9 
-1.0451987181030242 0.37980511004311407 0.730724663759155 0.3 1.0 0.05 0.5 0.7 0.55 0.85 0.5 1.0 0.15 0.05 0.1 1.0 0.75 0.25 0.95 0.9 0.35 0.8 0.65 0.7 0.7 0.35 0.65 1.0 0.25 0.35 0.65 0.9 0.1 0.6 0.45 0.9 0.8 0.25 0.55 
-0.10644037425683034 0.3015014811135883 0.6502309695822188 0.5 0.8 0.9 0.0 0.0 1.0 0.8 0.75 0.8 0.85 0.9 0.95 1.0 0.9 0.6 0.6 0.1 0.8 1.0 0.95 0.5 0.9 0.9 0.95 1.0 0.3 0.6 0.8 0.15 0.8 1.0 1.0 0.85 0.5 0.95 1.0 
-0.04685893232708839 0.29062787289230163 0.632016984813335 0.5 0.8 0.9 0.0 0.0 1.0 0.8 0.75 0.8 0.7 0.9 0.95 1.0 0.9 0.6 0.6 0.1 0.8 1.0 0.95 0.5 1.0 0.9 0.95 1.0 0.3 0.6 0.8 0.15 0.8 1.0 1.0 0.85 0.5 0.25 1.0 
-0.05903916136594456 0.3100642782657792 0.6345913752568462 0.4 0.8 0.9 0.0 0.55 0.45 0.8 0.75 0.8 0.7 0.9 0.95 1.0 0.9 0.6 0.6 0.1 0.8 1.0 0.95 0.35 0.85 0.9 0.95 0.95 0.3 0.6 0.8 0.15 0.8 1.0 1.0 0.85 0.5 0.0 1.0 
-0.6028765528016945 0.27601414395812585 0.5966515220615032 0.65 0.15 0.9 0.3 0.15 0.55 0.9 0.45 0.8 0.3 0.0 0.6 0.95 0.75 0.25 0.85 0.9 0.35 0.95 0.65 0.55 0.55 0.45 0.65 0.95 0.05 0.35 0.7 0.9 0.2 0.2 0.2 0.9 0.6 0.55 1.0 
-0.858069719810129 0.4170568474294516 0.7373095789176964 0.3 1.0 0.05 0.5 0.7 0.55 0.85 0.5 1.0 0.15 0.05 0.15 0.95 0.75 0.25 0.95 0.9 0.4 0.9 0.65 0.7 0.7 0.35 0.65 1.0 0.25 0.35 0.65 0.9 0.1 0.6 0.45 0.9 0.8 0.25 0.55 
-2.2607451404610988 0.3127493822940931 0.2990864164825461 0.1 0.1 0.15 0.0 0.0 1.0 0.95 0.4 0.8 0.45 0.5 0.9 1.0 0.95 0.6 0.6 0.15 0.8 0.95 0.15 0.55 0.95 0.6 0.35 1.0 0.6 0.65 0.9 0.15 0.5 0.3 0.7 0.55 0.55 0.8 0.05 
-0.03942999315249473 0.30578362232476863 0.6745541435785176 0.3 0.55 0.05 0.5 0.7 0.55 0.75 0.5 0.8 0.3 0.9 0.55 1.0 0.75 0.25 0.85 0.9 0.35 1.0 0.65 0.6 0.55 0.35 0.65 0.95 1.0 0.35 0.65 0.9 0.1 0.0 0.45 0.1 0.8 0.3 0.55 
-0.25633496966248026 0.3333972770824285 0.6763658590947798 0.3 0.55 0.05 0.5 0.7 0.55 0.75 0.0 0.3 0.3 0.9 0.55 1.0 0.75 0.25 0.85 0.9 0.35 1.0 0.65 0.6 0.55 0.35 0.65 0.95 1.0 0.35 0.65 0.9 0.1 0.0 0.45 0.1 0.5 0.3 0.55 
-0.6329043918494701 0.39250339355328384 0.26996711063542056 0.3 0.1 0.15 0.0 0.0 0.5 1.0 0.35 0.75 0.45 0.5 0.9 1.0 0.95 0.6 0.6 0.15 0.8 0.9 0.25 0.85 0.85 0.6 0.3 1.0 0.6 0.7 0.9 0.15 0.5 0.7 0.7 0.55 0.55 0.6 0.05 
-1.392266386658841 0.29099719683614256 0.6790195058744792 0.3 0.9 0.85 0.5 0.7 0.1 0.9 0.5 0.8 0.45 0.4 0.85 1.0 0.75 0.25 0.85 0.9 0.35 1.0 0.65 0.5 0.55 0.45 0.65 0.95 0.05 0.35 0.65 0.9 0.1 0.0 0.2 0.3 0.6 0.55 1.0 
-5.134428103620297 0.7136954576211185 0.6285917456424701 0.8 0.5 0.0 1.0 0.6 0.15 0.8 0.35 0.85 0.75 0.9 0.05 0.65 0.55 0.1 0.95 0.25 0.65 1.0 0.35 0.6 0.7 0.35 0.65 1.0 0.3 0.45 0.75 0.55 0.65 0.3 0.65 0.15 0.35 0.3 0.8 
-0.025217118642879267 0.33568058920101856 0.7068457619059911 0.3 0.55 0.85 0.5 0.7 0.1 0.7 0.5 0.8 0.45 0.15 0.85 1.0 0.75 0.25 0.95 0.9 0.35 1.0 0.65 0.5 0.55 0.45 0.65 0.95 1.0 0.35 0.65 0.9 0.1 0.0 0.2 0.9 0.45 0.55 1.0 
-0.3134874017210536 0.2848824234481965 0.6561940835810565 0.3 0.55 0.85 0.5 0.7 0.1 0.9 0.5 0.8 0.45 0.05 0.4 1.0 0.75 0.25 0.85 0.9 0.35 1.0 0.65 0.55 0.55 0.45 0.65 0.95 0.05 0.35 0.65 0.9 0.1 0.0 0.2 0.9 0.6 0.55 1.0 
-0.13482218309973276 0.4449801443169673 0.27276321107073886 0.1 0.1 0.15 0.0 0.7 1.0 0.95 0.35 0.8 0.45 0.5 0.9 1.0 0.95 0.6 0.6 0.15 0.8 0.95 0.25 0.85 0.95 0.6 0.3 1.0 0.6 0.6 0.9 0.15 0.5 0.3 0.7 0.55 0.55 0.8 0.05 
-0.09729377071328851 0.2655050591078595 0.5290314834885435 0.05 0.8 0.9 0.0 1.0 1.0 0.8 0.75 0.8 0.8 0.9 0.95 1.0 0.9 0.6 0.8 0.15 0.85 1.0 0.95 0.85 0.7 0.9 0.95 0.7 0.3 0.35 0.8 0.15 0.6 0.1 1.0 0.85 0.55 0.95 0.75 
-0.105138945638372 0.2986942079363083 0.33944013418593 0.55 0.1 0.15 0.0 0.0 1.0 0.95 0.4 0.8 0.65 0.5 0.9 0.95 0.95 0.6 0.6 0.15 0.8 0.95 0.15 0.85 0.95 0.6 0.35 1.0 0.6 0.8 0.45 0.15 0.5 0.3 0.7 0.55 1.0 0.1 0.05 
-10.52710923778232 0.48455861045482074 0.7532789916134197 0.85 0.6 0.05 0.15 0.7 0.55 0.8 0.5 1.0 0.2 0.05 0.25 0.95 0.95 0.45 0.95 0.9 0.35 1.0 0.65 0.3 0.9 0.35 0.65 1.0 0.2 0.35 0.45 0.85 0.1 0.2 0.5 0.65 0.8 0.9 0.55 
-0.7217553150457691 0.28710441622937166 0.36674344441639406 0.55 0.1 0.15 0.0 0.0 1.0 0.95 0.4 0.8 0.55 0.5 0.9 0.95 0.95 0.6 0.6 0.15 0.8 0.95 0.15 0.85 0.95 0.6 0.35 1.0 0.6 0.8 0.45 0.15 0.5 0.3 0.7 0.55 1.0 0.1 0.05 
-0.2616989979563199 0.28679333215403546 0.37652256871731987 0.05 1.0 0.95 0.0 0.2 1.0 0.95 0.35 0.8 0.9 0.5 0.9 1.0 0.9 0.6 0.75 0.15 0.8 0.95 0.0 0.65 0.25 1.0 1.0 1.0 0.3 0.25 0.9 0.15 0.35 0.95 0.7 0.85 0.55 0.8 0.9 
-0.17437579323849453 0.312930126314517 0.694769773150176 0.3 0.15 0.85 0.5 0.7 0.1 0.9 0.5 0.8 0.45 0.4 0.85 1.0 0.75 0.25 0.85 0.9 0.35 1.0 0.65 0.5 0.55 0.45 0.65 0.95 1.0 0.35 0.65 0.9 0.15 0.0 0.2 0.35 0.6 0.55 1.0 
-163.33985233906319 0.5090045446184481 0.7356251575201133 0.85 0.6 0.05 0.15 0.7 0.55 0.8 0.5 1.0 0.2 0.05 0.25 0.95 0.95 0.45 0.95 0.9 0.35 1.0 0.65 0.3 0.9 0.35 0.65 1.0 0.2 0.35 0.4 0.85 0.1 0.2 0.5 0.65 0.8 0.9 0.55 
-0.023389491386306742 0.2602869660849467 0.5821252406343687 0.65 0.15 0.9 0.3 0.7 0.55 0.9 0.45 0.8 0.3 0.0 0.6 1.0 0.75 0.25 0.85 0.9 0.35 0.95 0.65 0.55 0.55 0.45 0.65 0.95 0.05 0.35 0.7 0.9 0.2 0.2 0.2 0.9 0.6 0.55 1.0 
-0.018340235001072562 0.39664099968091193 0.26809654468479593 0.95 0.1 0.7 0.0 0.0 0.5 1.0 0.35 0.75 0.5 0.5 0.9 1.0 0.95 0.6 0.6 0.15 0.8 0.9 0.25 0.85 0.9 0.6 0.3 1.0 0.6 0.7 0.9 0.2 0.5 0.7 0.7 0.55 0.55 0.6 0.05 
-148.4970909004893 0.5231057134240981 0.6803129053446247 0.4 0.6 0.4 0.15 0.7 0.5 0.85 0.5 1.0 0.2 0.05 0.25 0.95 0.1 0.65 0.95 0.9 0.35 0.9 0.65 0.8 0.9 0.35 0.65 1.0 0.25 0.4 0.45 0.85 0.1 0.2 0.5 0.7 0.8 0.9 0.55 
-0.09451309082322909 0.24713167964413818 0.554221877251387 0.05 0.2 0.25 0.0 1.0 1.0 0.8 0.75 0.8 0.6 0.9 0.95 1.0 0.9 0.6 0.9 0.15 0.85 1.0 0.95 0.85 0.95 0.9 0.95 0.65 0.3 0.35 0.8 0.15 0.6 0.1 1.0 0.3 0.55 0.45 0.75 
-0.40643854144180325 0.6189225895440066 0.28282265403223805 0.8 0.65 0.7 0.65 0.1 0.9 0.75 0.35 0.65 0.8 0.95 0.1 0.4 0.65 0.3 0.95 0.25 0.55 0.95 0.6 0.45 0.8 0.35 0.85 0.95 0.3 0.4 1.0 0.55 0.55 0.8 0.35 0.75 0.75 0.0 0.5 
-0.5007974891488516 0.4688592264618208 0.2720010857600027 0.1 0.1 0.15 0.0 0.75 0.25 0.95 0.35 0.8 0.45 0.5 0.9 1.0 0.95 0.6 0.6 0.15 0.8 0.95 0.25 0.85 0.95 0.6 0.3 0.65 0.6 0.35 0.9 0.15 0.5 0.3 0.7 0.55 0.55 0.8 0.05 
-0.03492007800567024 0.3338788145922665 0.7055225243092179 0.3 0.55 0.05 0.5 0.7 0.1 0.7 0.5 0.8 0.45 0.15 1.0 1.0 0.75 0.25 0.95 0.9 0.35 1.0 0.65 0.5 0.55 0.45 0.65 0.95 1.0 0.35 0.65 0.9 0.1 0.0 0.2 0.9 0.45 0.55 1.0 
-0.36720138848863937 0.26258889832326704 0.6250068721357769 0.65 0.55 0.9 0.3 0.7 0.55 0.9 0.45 0.8 0.3 0.0 0.45 1.0 0.75 0.25 0.85 0.9 0.35 1.0 0.65 0.5 0.55 0.45 0.65 0.95 1.0 0.35 0.7 0.9 0.15 0.2 0.2 0.9 0.6 0.25 1.0 
-147.00664772384414 0.5338082322100315 0.6967435643054333 0.4 0.6 0.4 0.15 0.7 0.5 0.85 0.5 1.0 0.2 0.05 0.25 0.95 0.1 0.65 0.95 0.9 0.35 0.9 0.65 0.8 0.9 0.35 0.65 1.0 0.25 0.35 0.45 0.85 0.1 0.2 0.5 0.7 0.8 0.9 0.55 
-0.21199922791630071 0.27714339179159087 0.3112652835170201 0.1 0.1 0.15 0.0 0.0 1.0 0.95 0.4 0.8 0.6 0.5 0.9 1.0 0.95 0.6 0.6 0.15 0.8 0.95 0.15 0.55 0.95 0.6 0.35 1.0 0.6 0.75 0.9 0.15 0.5 0.3 0.7 0.55 0.55 0.8 0.05 
-0.101568485632788 0.24928660032927624 0.5407228396043505 0.05 0.2 0.25 0.0 1.0 1.0 0.8 0.75 0.8 0.6 0.9 0.95 1.0 0.9 0.6 0.9 0.15 0.85 1.0 0.95 0.85 0.85 0.9 0.95 0.65 0.3 0.35 0.8 0.15 0.6 0.1 1.0 0.3 0.55 0.95 0.75 
-0.3942601966327276 0.25949633745349854 0.6020266641509951 0.65 0.55 0.9 0.3 0.7 0.55 0.9 0.45 0.8 0.3 0.0 0.45 1.0 0.75 0.25 0.85 0.9 0.35 1.0 0.65 0.55 0.55 0.45 0.65 0.95 0.05 0.35 0.7 0.9 0.3 0.2 0.2 0.9 0.6 0.55 1.0 
-0.7816077562047972 0.5811859497590331 0.274596546404939 0.8 0.65 0.7 0.65 0.1 0.9 0.65 0.35 0.65 0.9 0.95 0.1 0.65 0.65 0.55 0.95 0.25 0.55 0.95 0.6 0.45 0.8 0.35 0.85 0.95 0.3 0.4 0.95 0.55 0.5 0.15 0.35 0.75 0.75 0.3 0.5 
-0.3646869821125247 0.241043387028678 0.4853841241147643 0.05 0.3 0.3 0.8 1.0 0.65 0.8 0.75 0.8 0.85 0.9 0.9 1.0 0.9 0.6 0.95 0.15 0.85 1.0 0.95 0.75 0.7 0.9 0.95 0.7 0.3 0.35 0.55 0.15 0.45 0.1 1.0 0.85 0.55 0.8 0.75 
-0.5880554929081461 0.5689112229924898 0.26921948371851967 0.8 0.65 0.55 0.65 0.1 0.9 0.75 0.35 0.65 0.9 0.95 0.1 0.65 0.65 0.55 0.95 0.25 0.55 0.95 0.6 0.45 0.8 0.35 0.85 0.95 0.3 0.4 0.95 0.55 0.5 0.15 0.35 0.75 0.75 0.7 0.5 
-0.39955389468420116 0.552344127992471 0.262204856685883 0.8 0.65 0.75 0.65 0.1 0.9 0.95 0.35 0.65 0.9 0.95 0.1 0.65 0.65 0.35 0.95 0.25 0.55 0.95 0.6 0.45 0.8 0.35 0.85 1.0 0.3 0.4 0.65 0.5 0.5 0.15 0.35 0.3 0.25 0.3 0.5 
-3.0985776945924948 0.566887494289807 0.2507786347577854 0.8 0.65 0.75 0.65 0.1 0.9 0.95 0.35 0.65 0.9 0.95 0.1 0.65 0.65 0.35 0.95 0.25 0.55 0.95 0.6 0.45 0.8 0.35 0.85 1.0 0.3 0.4 0.85 0.5 0.5 0.15 0.35 0.35 0.25 0.3 0.5 
-4.671316237217508 0.33753087092045875 0.7219918371835591 0.3 0.55 0.85 0.5 0.7 0.1 0.9 0.5 0.8 0.45 0.45 0.85 1.0 0.75 0.25 0.85 0.9 0.35 1.0 0.65 0.5 0.55 0.45 0.65 0.95 1.0 0.35 0.65 0.9 0.15 0.0 0.2 0.9 0.45 0.55 1.0 
-4.071777651287274 0.27013684039373864 0.6633342269353326 0.65 0.1 0.9 0.3 0.7 0.55 0.9 0.5 0.8 0.3 0.0 0.75 0.95 0.75 0.25 0.85 0.9 0.35 1.0 0.65 0.55 0.55 0.45 0.65 0.95 1.0 0.35 0.65 0.9 0.2 0.3 0.2 0.9 0.55 0.55 1.0 
-162.04958942222297 0.5263352707726077 0.7035611614577387 0.4 0.6 0.4 0.15 0.7 0.5 0.85 0.5 1.0 0.2 0.05 0.25 0.95 0.1 0.65 0.95 0.9 0.35 1.0 0.65 0.8 0.9 0.35 0.65 0.7 0.25 0.35 0.45 0.85 0.1 0.2 0.5 0.7 0.8 0.65 0.55 
-1.0783176777501629 0.5438788729664759 0.2770650298126577 0.8 0.65 0.7 0.65 0.1 0.9 0.9 0.35 0.65 0.8 0.95 0.1 0.4 0.65 0.3 0.95 0.25 0.55 0.95 0.6 0.45 0.8 0.35 0.85 0.9 0.3 0.4 1.0 0.55 0.5 0.8 0.75 0.75 0.75 0.0 0.5 
-0.0744580309138976 0.23349896148624416 0.5964266377447243 0.65 0.55 0.9 0.3 0.7 0.55 0.9 0.45 0.8 0.3 0.0 0.35 1.0 0.75 0.25 0.85 0.9 0.35 1.0 0.65 0.55 0.4 0.45 0.65 0.95 1.0 0.35 0.7 0.9 0.15 0.95 0.2 0.9 0.6 0.55 1.0 
-0.016439616621346246 0.24497399692263272 0.5106018050897514 0.05 0.3 0.3 0.8 1.0 1.0 0.8 0.75 0.8 0.85 0.9 0.95 1.0 0.9 0.6 0.95 0.15 0.85 1.0 0.95 0.85 0.7 0.9 0.95 0.7 0.3 0.35 0.55 0.15 0.6 0.1 1.0 0.85 0.55 0.95 0.75 
-7.659956805784881 0.2519867841797667 0.6465669171784824 0.65 0.55 0.9 0.3 0.7 0.55 0.95 0.5 0.8 0.3 0.0 0.8 1.0 0.75 0.25 0.85 0.9 0.35 1.0 0.65 0.55 0.55 0.45 0.65 1.0 1.0 0.35 0.65 0.9 0.5 0.2 0.2 0.6 0.55 0.55 0.2 
-1.2516029808954778 0.5169751129991965 0.28793998598386084 0.8 0.65 0.7 0.65 0.1 0.9 0.9 0.35 0.65 0.8 0.95 0.1 0.4 0.65 0.3 0.95 0.25 0.55 0.95 0.6 0.45 0.8 0.35 0.85 0.95 0.3 0.4 1.0 0.55 0.5 0.8 0.35 0.75 0.75 0.0 0.5 
-0.09014669904784259 0.6454442379973061 0.2849867392157379 0.8 0.8 0.7 0.7 0.1 0.9 0.65 0.35 0.65 0.9 0.95 0.1 0.65 0.65 0.75 0.95 0.25 0.55 0.95 0.6 0.45 0.8 0.35 0.85 0.95 0.3 0.4 0.9 0.5 0.5 0.15 0.35 0.35 0.75 0.3 0.5 
-1.8335106087672208 0.4202790698198565 0.2596435133118332 0.95 0.1 0.7 0.0 0.0 0.5 1.0 0.35 0.75 0.45 0.5 0.9 1.0 0.95 0.6 0.6 0.15 0.8 0.9 0.25 0.85 0.9 0.6 0.3 1.0 0.6 0.7 0.9 0.2 0.5 0.7 0.7 0.55 0.55 0.6 0.05 
-3.3473167711665504 0.610658544887891 0.2711730751510877 0.8 0.65 0.7 0.65 0.1 0.9 0.65 0.35 0.65 0.9 0.95 0.1 0.65 0.65 0.3 0.95 0.25 0.55 0.95 0.6 0.45 0.8 0.35 0.85 0.95 0.3 0.4 0.9 0.5 0.5 0.15 0.35 0.35 0.75 0.3 0.5 
-8.11048238827042 0.23285863117903544 0.5638523169815175 0.65 0.55 0.9 0.3 0.7 0.55 0.9 0.45 0.8 0.3 0.0 0.35 1.0 0.75 0.25 0.85 0.9 0.35 0.9 0.65 0.55 0.4 0.45 0.65 0.95 1.0 0.35 0.7 0.9 0.15 0.95 0.2 0.9 0.6 0.55 1.0 
-4.889210753289246 0.22989698845939138 0.5318090233750269 0.05 0.3 0.3 0.8 1.0 1.0 0.8 0.75 0.8 0.85 0.9 0.95 1.0 0.9 0.6 0.95 0.15 0.85 1.0 0.95 0.4 0.7 0.9 0.95 0.7 0.3 0.35 0.55 0.15 0.45 0.7 1.0 0.85 0.55 0.8 0.75 
-2.1637825520768486 0.38987810003885426 0.7389851773052624 0.3 1.0 0.05 0.5 0.7 0.55 0.85 0.5 1.0 0.15 0.05 0.15 0.95 0.75 0.3 0.95 0.9 0.4 0.8 0.65 0.7 0.7 0.35 0.65 1.0 0.25 0.35 0.65 0.9 0.1 0.6 0.45 0.9 0.8 0.25 0.55 
-0.2483643261310544 0.23496118187453313 0.5196547734044289 0.05 0.3 0.3 0.8 1.0 1.0 0.8 0.75 0.8 0.85 0.9 0.95 1.0 0.9 0.6 0.95 0.15 0.85 1.0 0.95 0.85 0.7 0.9 0.95 0.7 0.3 0.35 0.55 0.15 0.45 0.7 1.0 0.85 0.55 0.8 0.75 
-7.858670539741207 0.6509199555696602 0.29475052741673924 0.8 0.65 0.7 0.65 0.1 0.9 0.65 0.35 0.65 0.9 0.95 0.1 0.65 0.65 0.3 0.95 0.25 0.55 0.95 0.6 0.45 0.8 0.35 0.85 0.95 0.3 0.4 1.0 0.5 0.5 0.15 0.35 0.35 0.75 0.3 0.5 
-20.446298966816 0.23941967623400645 0.45748468438212186 0.65 0.55 0.1 0.3 0.7 0.55 0.9 0.45 0.8 0.3 0.0 0.35 1.0 0.75 0.25 0.85 0.9 0.35 0.9 0.65 0.55 0.4 0.45 0.65 0.95 1.0 0.6 0.6 0.9 0.55 0.95 0.2 1.0 0.8 0.15 1.0 
-3.1005543105272912 0.47676512408516836 0.7486174720719373 0.55 0.6 0.05 0.15 0.7 0.7 0.8 0.5 1.0 0.2 0.05 0.25 0.95 0.95 0.45 0.95 0.9 0.35 1.0 0.65 0.8 0.9 0.35 0.65 0.85 0.2 0.35 0.45 0.85 0.1 0.2 0.5 0.65 0.35 0.05 0.55 
-6.560194542701837 0.26517010288072174 0.3999030377609073 0.05 1.0 0.95 0.0 0.15 1.0 0.95 0.35 0.8 0.9 0.5 0.9 1.0 0.9 0.6 0.9 0.15 0.8 0.95 0.0 0.65 0.25 1.0 1.0 1.0 0.3 0.25 0.9 0.15 0.35 0.95 0.7 0.85 0.55 0.8 0.9 
-21.642789928009616 0.23686911138590944 0.4694963085245153 0.15 0.55 0.3 0.3 0.7 0.15 0.9 0.45 0.8 0.3 0.0 0.35 1.0 0.75 0.25 0.75 0.9 0.35 0.9 0.65 0.55 0.4 0.45 0.65 0.95 1.0 0.6 0.6 0.9 0.4 0.95 0.2 1.0 0.5 0.15 1.0 
-6.552679398752836 0.5811270732918067 0.25107877353064434 0.8 0.65 0.75 0.65 0.1 0.9 0.95 0.35 0.65 0.9 0.95 0.1 0.65 0.65 0.35 0.95 0.25 0.55 0.95 0.6 0.45 0.8 0.35 0.85 1.0 0.3 0.4 0.9 0.5 0.5 0.15 0.35 0.35 0.25 0.3 0.5 
-15.3040356364402 0.6691354916279142 0.6532860389738876 0.8 0.5 0.0 1.0 0.6 0.15 0.8 0.35 0.85 0.75 0.9 0.05 0.65 0.85 0.1 0.95 0.25 0.65 1.0 0.35 0.6 0.7 0.35 0.65 1.0 0.3 0.45 0.75 0.55 0.65 0.3 0.65 0.15 0.35 0.3 0.8 
-20.597832197086344 0.2528667389014121 0.4341982917618481 0.65 0.8 0.1 0.95 0.7 0.55 0.9 0.45 0.8 0.3 0.0 0.35 1.0 0.75 0.25 0.85 0.9 0.35 0.9 0.65 0.55 0.25 0.45 0.65 0.95 1.0 0.6 0.6 0.9 0.55 0.95 0.2 1.0 0.8 0.15 1.0 
