-0.0030575760887478864 0.43795777054633267 0.5284979846567799 0.1 0.75 0.65 0.35 0.75 0.85 0.95 0.75 0.45 0.8 0.05 0.7 0.2 0.5 0.7 0.8 0.25 0.7 0.1 0.0 0.6 0.7 0.55 0.95 0.25 0.4 0.75 0.45 0.7 0.25 1.0 0.7 0.4 0.55 0.6 0.5 
-0.003585341080225796 0.5068912205531361 0.4991006539676896 0.55 0.05 0.95 1.0 0.2 0.4 0.95 0.35 0.1 0.25 1.0 0.1 0.65 0.95 0.1 0.5 0.95 0.8 0.65 0.05 0.25 0.95 0.6 0.9 0.2 0.4 0.0 0.5 0.35 0.0 0.7 0.1 0.65 0.55 0.0 0.6 
-0.008220459349481696 0.4486885607511079 0.5303405150185768 0.55 0.45 0.0 0.75 0.4 0.9 1.0 0.7 0.45 0.8 0.05 0.0 0.1 0.7 0.05 0.15 0.4 0.85 1.0 0.55 0.8 0.8 0.45 0.85 0.95 0.4 0.4 0.5 0.75 0.35 0.45 0.7 0.9 0.85 0.65 0.6 
-0.0029397957106944315 0.4795524359629866 0.5154679108895485 0.65 0.9 0.05 0.65 0.7 0.5 0.8 0.15 0.95 0.75 0.0 0.3 0.0 0.95 0.35 0.15 0.75 0.25 0.0 0.0 0.45 0.95 0.7 0.3 0.75 0.65 0.6 0.3 0.6 0.95 0.35 0.4 1.0 0.7 1.0 0.55 
-0.001010356973894587 0.5325885460909469 0.5079774955407433 0.8 0.45 1.0 0.75 0.35 0.05 0.2 0.4 0.6 0.7 0.95 0.3 0.1 0.45 1.0 0.45 0.75 0.95 0.05 0.05 0.2 0.6 0.45 0.55 0.9 0.9 0.75 0.6 0.45 0.15 1.0 0.25 1.0 0.0 0.9 0.2 
-0.0007615680067503088 0.5452786826524674 0.5068433727686782 0.05 0.35 0.9 0.3 0.0 0.35 0.3 0.2 0.4 0.1 0.85 0.1 0.15 0.6 1.0 0.7 0.45 0.65 0.05 1.0 0.65 0.25 0.8 0.25 0.7 0.0 0.35 0.05 0.65 0.35 0.75 0.0 0.15 0.4 0.45 0.05 
-0.00043717796145978735 0.5131026377647983 0.5261483897243403 0.45 0.75 0.8 1.0 0.6 0.85 0.8 0.2 0.65 0.8 0.45 0.4 0.3 0.5 0.65 0.55 0.15 0.65 0.95 0.1 0.6 0.4 0.25 0.45 0.85 0.45 0.55 0.15 0.8 0.95 0.85 0.7 0.35 0.15 0.2 0.9 
-0.02682175378261863 0.502542369094296 0.5037491479230283 1.0 0.75 0.45 1.0 0.85 0.6 0.95 0.7 0.45 0.8 0.05 0.7 0.2 1.0 0.2 0.6 0.8 0.05 1.0 0.1 0.45 0.95 0.05 0.15 0.9 0.4 0.7 0.45 0.1 0.2 0.6 0.7 0.4 0.15 0.5 0.45 
-0.0014395955420441941 0.5281412871519244 0.5304760570797858 0.7 0.85 0.4 0.0 0.6 0.55 0.6 0.2 0.6 0.5 0.8 0.9 0.9 0.55 0.25 0.3 0.15 0.65 0.95 0.1 0.7 0.75 0.25 0.45 0.85 0.6 0.55 0.15 0.8 0.95 0.05 1.0 0.9 0.75 0.2 0.9 
-0.004167098357567225 0.455015577434084 0.4946264058261066 0.3 0.15 0.0 0.55 0.0 0.3 0.95 0.7 0.5 1.0 0.05 0.8 0.2 0.7 0.05 0.6 0.8 0.05 1.0 0.55 0.1 0.7 0.0 0.05 0.2 0.4 0.55 0.3 0.75 0.25 1.0 0.7 0.85 0.35 0.95 0.15 
-0.009185013557233229 0.5157498693821727 0.5735443398998037 0.1 0.5 0.2 0.55 0.5 1.0 0.7 0.2 0.25 1.0 0.5 0.55 0.45 1.0 1.0 0.45 0.85 0.65 0.85 0.8 0.9 0.25 0.8 0.8 0.95 1.0 0.65 0.35 0.95 0.0 0.85 0.9 0.75 0.8 0.85 0.55 
-0.012919519895028701 0.49245059026127314 0.5009337820566383 0.4 0.75 0.25 0.2 0.35 0.0 0.35 0.7 0.8 0.55 0.1 0.5 0.35 0.3 0.15 0.2 0.3 0.85 0.25 1.0 0.65 0.75 0.45 0.85 0.15 0.25 0.5 0.15 0.5 0.55 0.05 0.75 0.75 0.55 0.45 0.65 
-0.008675799991879602 0.4935927772243128 0.46360078429092133 0.25 0.5 0.65 0.35 0.0 0.9 0.95 0.7 0.45 0.8 0.05 0.7 0.2 0.5 0.7 0.85 0.8 0.7 0.05 0.75 0.35 0.8 0.65 0.9 1.0 0.4 0.7 0.45 0.05 0.25 1.0 0.4 0.4 0.15 0.5 0.65 
-0.015323740773715235 0.478186352678295 0.466362748440034 0.3 0.35 0.2 0.35 0.85 0.0 1.0 0.45 0.35 0.55 0.85 0.7 0.9 0.05 0.05 0.85 0.9 0.5 0.7 0.2 0.9 0.4 0.4 0.8 0.9 0.1 0.0 0.3 0.15 0.15 0.55 0.35 0.05 0.35 1.0 0.35 
-0.004215171627566104 0.4703007579464461 0.5164814073021357 0.7 1.0 0.7 1.0 0.9 0.8 0.25 0.9 0.65 0.0 0.3 0.25 0.15 1.0 0.75 0.0 0.3 0.55 0.95 0.5 0.9 0.65 1.0 1.0 0.0 0.9 0.55 0.1 0.1 0.3 0.75 0.5 0.6 0.9 0.25 0.5 
-0.010179556838824646 0.558106375214436 0.5396663442137501 0.1 0.5 0.2 0.6 0.5 1.0 0.85 0.7 0.7 1.0 0.5 0.55 0.6 1.0 1.0 0.45 0.85 0.65 0.85 0.8 0.9 0.25 0.8 0.65 0.95 1.0 0.8 0.35 0.95 0.1 0.9 0.9 0.7 0.8 0.85 0.55 
-0.003857814460020851 0.4747144297248987 0.5550899488721163 0.4 0.7 0.15 0.55 0.0 0.9 0.8 0.7 0.1 1.0 0.05 0.7 0.2 0.15 0.2 0.5 0.15 0.05 0.35 0.8 0.15 0.8 0.05 0.7 0.85 0.4 0.7 0.4 0.85 0.25 0.95 0.7 0.4 0.9 0.5 0.3 
-0.004829057861539589 0.5417430945767985 0.49568120418928213 0.1 0.5 0.2 0.55 0.5 1.0 0.7 0.7 0.25 1.0 0.5 0.55 1.0 1.0 1.0 0.45 0.85 0.65 0.85 0.8 0.9 0.25 0.8 0.8 0.95 1.0 0.15 0.35 0.95 0.15 0.85 0.75 0.25 0.8 0.85 0.55 
-0.0014749752099336 0.446055245371691 0.5671047102377107 0.7 0.1 0.8 0.45 0.65 0.95 0.75 0.1 0.6 0.65 0.15 0.65 0.55 0.75 0.6 0.3 1.0 0.9 1.0 0.25 0.85 0.15 0.05 0.4 0.6 0.7 0.15 0.6 0.55 0.2 0.45 0.6 0.6 0.8 0.1 0.6 
-0.06430458973047129 0.505711287492784 0.5657214243372524 1.0 0.5 0.2 0.85 0.6 1.0 0.7 0.7 0.7 0.5 0.7 0.55 0.75 1.0 1.0 0.45 0.85 0.65 0.75 0.8 0.9 0.2 0.8 0.4 0.95 1.0 0.65 0.25 0.3 0.25 0.85 0.9 0.7 0.8 0.85 0.6 
-0.005210438150736568 0.4532480444784237 0.45780331313297207 0.45 0.15 0.25 0.9 0.3 0.15 0.95 0.65 0.2 0.8 0.1 0.55 0.6 0.15 0.95 0.05 0.9 0.6 0.0 0.3 0.4 0.65 0.05 0.25 0.9 0.4 0.0 0.65 0.25 0.35 0.25 0.25 0.8 0.6 0.25 0.55 
-0.005053563960119139 0.5338775251292494 0.5433862777356586 1.0 0.5 0.2 0.85 0.6 1.0 0.7 0.7 0.95 0.9 0.7 0.55 0.5 0.25 1.0 0.45 0.85 0.65 0.75 0.8 0.9 0.2 0.8 0.4 0.6 1.0 0.65 0.25 0.3 0.25 0.85 0.9 0.7 0.8 0.85 0.6 
-0.0022874833087215304 0.44938525499411597 0.4695252846666515 0.45 0.15 0.1 0.9 0.45 0.15 0.95 0.65 0.2 0.8 0.1 0.5 0.6 0.15 0.05 0.05 0.9 0.6 0.0 0.3 0.4 0.65 0.3 0.25 0.3 0.4 0.45 0.65 0.25 0.35 0.25 0.25 0.8 0.6 0.25 0.55 
-0.010786982834807309 0.5325443661903707 0.46668661580986553 1.0 0.75 0.1 0.9 0.75 0.2 1.0 0.6 0.25 0.5 0.5 0.25 0.3 0.05 0.65 0.15 0.5 0.2 0.45 0.65 0.85 0.4 0.55 0.0 0.5 0.7 0.55 0.2 0.3 0.05 0.05 0.05 0.7 0.5 0.05 0.05 
-0.007441122689004218 0.5859579452376129 0.5319582577220473 0.45 0.75 0.8 1.0 0.6 0.85 0.85 0.15 0.65 0.8 0.6 0.4 0.45 0.5 0.65 0.6 0.8 0.65 0.95 0.15 0.8 0.4 0.25 0.45 0.2 0.45 0.3 0.15 0.6 0.7 0.95 0.7 0.35 0.1 0.2 0.1 
-0.0022222896527850514 0.49042729478037345 0.45427317191842426 0.25 0.5 0.35 0.55 0.0 0.9 1.0 0.7 0.45 0.8 0.05 0.7 0.1 0.95 0.2 0.8 0.8 0.05 0.45 0.6 0.45 0.8 0.05 0.8 0.5 0.4 0.85 0.9 0.1 0.25 0.6 0.7 0.4 0.7 0.5 0.45 
-0.006411026107940309 0.4221727574098837 0.4525543500285273 0.25 0.5 0.4 0.55 0.0 0.9 1.0 0.7 0.45 0.8 0.05 0.7 0.2 0.3 0.2 0.6 0.8 0.05 0.35 0.6 0.1 0.95 0.05 0.85 0.85 0.4 0.7 0.45 0.0 0.25 0.75 0.7 0.4 0.65 0.5 0.45 
-0.026830407640565913 0.4140421593546493 0.5488058509941662 0.1 0.75 0.65 0.35 0.75 0.7 0.8 0.75 0.45 0.8 0.05 0.7 0.2 0.5 0.7 0.8 0.25 0.7 0.1 0.0 0.4 0.7 0.55 0.95 0.7 0.4 0.75 0.45 0.7 0.25 0.45 0.7 0.4 0.55 0.6 0.5 
-0.006165603576112087 0.5617750222913591 0.5457860246404111 0.45 0.75 0.7 1.0 0.65 0.85 0.1 0.15 0.55 0.8 0.95 0.4 0.45 0.5 0.65 0.0 1.0 0.85 0.95 0.15 0.65 0.4 0.25 0.65 0.6 0.45 0.55 0.15 0.8 0.7 0.95 0.9 0.35 0.1 0.35 0.1 
-0.031961529429804375 0.45710920680892786 0.5823273189640472 0.4 0.1 0.8 0.45 0.8 0.95 0.2 0.1 0.8 0.75 0.15 0.65 0.55 0.55 0.6 0.3 0.75 0.9 1.0 0.25 0.85 0.85 0.15 0.85 0.6 0.7 0.15 0.6 0.4 0.75 0.0 0.95 0.4 0.8 0.95 0.6 
-0.007536971393116403 0.5464634512044911 0.5578285927641802 0.1 0.5 0.2 0.85 0.9 1.0 0.7 0.8 0.65 0.9 0.65 0.55 0.8 1.0 1.0 0.45 0.85 0.65 0.85 0.8 0.95 0.85 0.8 0.7 0.95 1.0 0.65 0.35 0.7 0.1 0.85 0.9 0.7 0.8 0.95 0.6 
-0.010109526007285303 0.564438423396098 0.5161947982703889 0.15 0.25 0.85 0.35 0.95 0.95 1.0 0.65 0.75 0.75 0.2 0.5 0.55 0.95 0.75 0.7 0.75 0.2 0.35 0.65 0.2 0.15 0.25 0.95 0.55 0.7 0.55 0.7 0.5 1.0 0.9 0.4 0.85 0.7 0.15 0.55 
-0.0689195120536633 0.5355738053780799 0.4136676312434525 0.8 0.5 0.3 0.8 0.35 0.55 0.95 0.45 0.6 0.7 0.95 0.3 0.1 0.45 1.0 0.4 0.45 0.95 0.05 0.75 1.0 0.6 0.55 0.5 0.9 0.15 0.75 0.7 0.5 0.15 0.1 0.9 0.05 0.0 0.4 0.2 
-1.3845881787227385e-05 0.5791535939773648 0.46182940753985785 0.45 0.35 0.8 1.0 0.6 0.85 0.8 0.2 0.6 0.8 0.8 0.4 0.45 0.45 0.9 0.8 0.45 0.65 0.95 1.0 0.35 0.9 0.15 0.45 0.55 0.65 0.55 0.85 0.4 0.35 0.2 0.7 0.3 0.75 0.2 0.7 
-0.005000846548223877 0.4282321960142186 0.47549867126433937 0.45 0.15 0.25 0.9 0.45 0.15 0.95 0.65 0.2 0.8 0.1 0.5 0.6 0.15 0.05 0.05 0.9 0.6 0.0 0.3 0.4 0.65 0.3 0.25 0.9 0.4 0.45 0.65 0.25 0.35 0.25 0.25 0.8 0.6 0.25 0.55 
-0.0011568248544856846 0.4532753968563053 0.4884703613347105 0.6 0.5 0.65 0.2 0.7 0.25 0.2 0.8 0.5 0.85 0.05 0.55 0.0 0.5 0.95 0.8 0.8 0.05 0.1 0.85 0.6 0.8 0.05 0.85 0.7 0.3 0.7 0.6 0.45 0.35 0.95 0.75 0.9 0.7 0.5 0.75 
-0.008144266796974641 0.4166634510806802 0.5350490661683183 0.05 0.6 0.65 0.65 0.75 0.15 0.95 0.7 0.45 1.0 0.05 0.7 0.2 0.15 0.1 1.0 0.8 0.9 1.0 0.6 0.15 0.8 0.0 0.7 0.15 0.4 0.7 0.4 0.85 0.25 0.9 0.7 0.35 0.7 0.35 0.6 
-0.002420672034922527 0.5240535011729547 0.44283191337369104 0.45 0.75 0.8 1.0 0.6 0.85 1.0 0.2 0.6 0.8 0.8 0.25 0.45 0.85 0.65 0.5 0.45 0.8 0.25 0.1 0.35 0.9 0.25 0.45 0.75 0.95 0.55 0.15 0.2 1.0 0.9 0.1 0.3 0.1 0.2 0.75 
-0.019613482198566956 0.5010127711273754 0.5716019532788318 1.0 0.5 0.2 0.85 0.6 1.0 0.7 0.7 0.7 0.9 0.75 0.55 0.5 1.0 1.0 0.45 0.85 0.65 0.75 0.8 0.9 0.2 0.8 0.4 0.95 1.0 0.65 0.25 0.3 0.1 0.85 0.9 0.7 0.8 0.85 0.6 
-0.03859039261767059 0.49448001035304157 0.45862282576289914 0.25 0.5 0.65 0.35 0.0 0.9 0.95 0.7 0.45 0.8 0.05 0.7 0.2 0.5 0.7 0.85 0.8 0.7 0.05 0.75 0.55 0.8 0.65 0.9 1.0 0.4 0.7 0.45 0.05 0.25 1.0 0.4 0.4 0.15 0.5 0.65 
-0.015858458741434444 0.45918631360782974 0.5918993973125116 0.7 0.15 0.0 0.4 0.9 0.95 0.9 0.1 0.6 0.65 0.15 0.65 0.55 0.3 0.6 0.3 0.4 0.9 1.0 0.25 0.85 0.85 0.15 0.85 0.6 0.7 0.15 0.6 0.6 0.75 0.0 0.6 0.6 0.75 0.1 0.0 
-0.0032872392031879794 0.5360659204250223 0.45560814894105706 0.65 0.75 0.1 0.9 0.75 0.2 1.0 0.6 0.25 0.5 0.5 0.8 0.95 0.05 0.65 0.15 0.5 0.2 0.45 0.0 0.85 0.8 0.55 0.0 0.5 0.7 0.55 0.2 0.3 0.05 0.05 0.05 0.6 0.5 0.05 0.05 
-0.0005708184002282115 0.4136983227840702 0.4975729272957053 0.25 0.5 0.65 0.35 0.0 0.1 0.95 0.7 0.45 0.8 0.05 0.7 0.2 0.5 0.7 0.85 0.8 0.7 0.05 0.75 0.55 0.8 0.65 0.6 1.0 0.4 0.7 0.45 0.15 0.45 1.0 0.4 0.05 0.15 0.5 0.65 
-0.0019217128609209336 0.5758587212268885 0.5732450454111107 0.4 0.9 0.95 1.0 0.2 0.0 0.7 0.4 0.2 0.3 0.75 0.35 0.2 0.1 0.9 0.15 0.25 0.5 0.1 0.2 1.0 0.7 0.7 1.0 0.4 0.45 0.7 0.75 0.45 0.25 0.95 0.85 0.4 0.7 0.15 0.4 
-0.020884353153897653 0.5664442314908084 0.4700746422640275 0.45 0.75 0.8 1.0 0.6 0.85 1.0 0.2 0.7 0.8 0.8 0.25 0.45 0.45 0.9 0.5 0.45 0.65 0.8 0.1 0.35 0.9 0.25 0.45 0.75 0.95 0.55 0.15 0.2 0.1 0.9 0.7 0.3 0.55 0.2 0.75 
-0.010469946648974585 0.42428250643806426 0.6301922325626513 0.25 0.2 0.15 0.55 0.0 0.55 0.5 0.7 0.2 0.8 0.05 0.7 0.2 0.1 0.25 0.8 0.8 0.05 1.0 0.6 0.15 0.8 0.05 0.7 0.85 0.4 0.5 0.4 0.85 0.25 0.95 0.7 0.15 0.9 0.5 0.6 
-0.002553028043906282 0.5913383052788744 0.48062246291079547 0.45 0.75 0.8 1.0 0.6 0.85 0.8 0.2 0.65 0.8 0.8 0.4 0.45 0.5 0.65 1.0 0.3 0.65 0.0 0.1 0.05 0.4 0.25 0.45 0.85 0.75 0.55 0.15 0.4 0.95 0.85 0.8 0.35 0.1 0.2 0.45 
-0.007359765303478662 0.5380706555279084 0.5874194062430831 0.45 0.75 0.4 1.0 0.6 0.85 0.3 0.15 0.65 0.05 0.75 0.0 0.45 0.5 0.65 0.55 0.15 0.65 0.95 0.15 0.8 0.4 0.25 0.45 0.85 0.45 0.55 0.15 0.8 0.7 0.95 0.7 0.35 0.1 0.7 0.9 
-0.013120873006971628 0.5412951405020661 0.589076525301311 0.45 0.35 0.75 1.0 0.6 0.85 1.0 0.2 0.6 0.8 0.25 0.45 0.9 0.65 0.65 0.45 0.45 0.65 1.0 0.05 0.35 0.85 0.25 0.35 0.7 0.7 0.55 0.15 0.8 0.75 0.75 0.8 0.3 0.55 0.2 0.85 
-0.028742560004222015 0.4933776594744128 0.5919113945769159 0.25 0.2 0.15 0.55 0.0 0.55 0.5 0.7 0.3 0.8 0.6 0.7 0.2 0.1 0.25 0.8 0.8 0.05 0.9 0.6 0.15 0.8 0.05 0.7 0.85 0.4 0.5 0.7 0.85 0.25 0.95 0.7 0.15 0.9 0.5 0.6 
-0.005397668339550921 0.3966996059252788 0.5104218565401192 0.55 0.2 0.0 0.55 0.0 0.9 1.0 0.75 0.5 0.45 0.05 0.7 0.2 0.7 0.05 0.6 0.8 0.5 0.6 0.55 0.2 0.8 0.75 0.4 0.95 0.25 0.35 0.5 0.75 0.25 1.0 0.7 0.8 0.35 0.95 0.2 
-0.019930034064084945 0.5253686043694425 0.5829506407056695 0.8 0.5 1.0 0.55 0.35 0.55 0.95 0.4 0.6 0.7 0.7 0.3 0.1 0.45 1.0 0.45 0.45 0.95 0.05 0.9 0.8 0.6 0.55 0.55 0.9 0.35 0.75 0.7 0.45 0.15 1.0 0.9 0.45 0.0 0.9 0.2 
-0.01101827342383586 0.43875731510151117 0.5750335297664045 1.0 0.1 0.8 0.45 0.8 0.95 0.2 0.9 0.6 0.75 0.15 0.65 0.55 0.55 0.6 0.3 0.75 0.9 1.0 0.25 0.85 0.85 0.15 0.85 0.6 0.7 0.15 0.6 0.4 0.75 0.0 0.6 0.4 0.4 0.95 0.6 
-0.001952384328345043 0.39313008297547847 0.5465918729816035 0.55 0.45 0.0 0.7 0.0 0.45 1.0 0.7 0.5 0.15 0.05 0.75 0.2 0.1 0.05 0.6 0.05 0.05 1.0 0.55 0.2 0.8 0.3 0.85 0.8 0.4 0.65 0.9 0.85 0.25 0.8 0.8 0.85 0.1 0.35 0.15 
-0.00815077279515715 0.5724628948831989 0.5614431560465365 0.45 0.75 0.7 1.0 0.65 0.85 0.1 0.15 0.55 0.8 0.95 0.4 0.45 0.5 0.65 0.0 1.0 0.15 0.95 0.15 0.65 0.4 0.25 0.65 0.6 0.45 0.55 0.15 0.8 0.7 0.95 0.9 0.5 0.1 0.35 0.1 
-0.010051435850193092 0.5365822465191732 0.4337596423357611 0.45 0.75 0.8 1.0 0.6 0.85 1.0 0.2 0.6 0.8 0.8 0.25 0.45 0.85 0.65 0.85 0.45 0.8 0.25 0.1 0.35 0.9 0.25 0.45 0.75 0.95 0.55 0.15 0.8 1.0 0.0 0.1 0.3 0.1 0.2 0.75 
-0.002936609779473097 0.5964972022277586 0.5079152240827299 0.8 0.9 0.5 0.55 0.2 1.0 0.95 0.4 0.35 0.7 0.95 0.3 0.8 0.05 1.0 0.55 0.95 0.1 0.2 0.15 0.1 0.6 0.9 0.9 0.25 0.95 0.4 0.7 0.45 0.3 0.7 0.9 0.7 0.5 0.9 0.1 
-0.001955817095716095 0.6266677960819159 0.4893234745924016 0.45 0.75 0.8 1.0 0.6 0.85 1.0 0.2 0.6 0.8 0.8 0.25 0.45 0.85 0.65 0.5 0.45 0.65 0.05 0.1 0.35 0.9 0.25 0.45 0.75 0.95 0.4 0.15 0.2 1.0 0.9 0.7 0.3 0.55 0.2 0.75 
-0.004214231994390745 0.589857869597263 0.5420879659565041 0.45 0.75 0.8 1.0 0.6 0.85 0.85 0.15 0.65 0.8 0.6 0.4 0.45 0.5 0.65 0.6 0.8 0.65 0.95 0.15 0.8 0.4 0.25 0.45 0.2 0.45 0.75 0.15 0.8 0.7 0.95 0.7 0.35 0.1 0.2 0.1 
-0.03296332365625455 0.36920487348986125 0.647148672575752 0.25 0.6 0.15 0.65 0.75 0.15 0.95 0.7 0.45 1.0 0.05 0.7 0.2 0.15 0.1 1.0 0.8 0.9 0.8 0.6 0.15 0.8 0.0 0.7 0.85 0.4 0.7 0.4 0.85 0.35 0.9 0.7 0.35 0.7 0.5 0.6 
-0.017370083629132102 0.39760551030254937 0.6333275788604591 0.3 0.6 0.0 0.55 0.0 0.3 0.9 0.65 0.5 1.0 0.05 0.7 0.2 0.7 0.05 0.6 0.8 0.05 1.0 0.55 0.85 0.8 0.0 0.95 0.5 0.4 0.65 0.9 0.75 0.25 1.0 0.7 0.75 0.35 1.0 0.15 
-0.0008916892237484438 0.41186885666699513 0.6153135433253525 0.55 0.45 0.0 0.7 0.0 0.45 1.0 0.7 0.5 0.15 0.05 0.75 0.2 0.1 0.05 0.6 0.8 0.05 1.0 0.55 0.2 0.8 0.45 0.85 0.95 0.4 0.65 0.9 0.8 0.25 0.8 0.8 0.85 0.1 0.25 0.15 
-0.18431412236596773 0.3735708361204887 0.6766714721227285 0.6 0.95 0.0 0.55 0.45 0.9 1.0 0.7 0.5 1.0 0.05 0.7 0.2 0.15 0.05 0.6 0.8 0.75 1.0 0.55 0.2 0.85 0.45 0.85 1.0 0.35 0.75 0.5 0.75 0.25 1.0 0.7 0.75 0.35 0.85 0.2 
-0.005161734569992104 0.39328256589022265 0.4574089095373939 1.0 0.75 0.35 1.0 0.85 0.6 0.95 0.7 0.45 0.8 0.05 0.7 0.2 1.0 0.2 0.05 0.8 0.05 1.0 0.1 0.2 0.85 0.05 0.75 0.8 0.4 0.7 0.45 0.1 0.25 0.05 0.25 0.1 0.15 0.5 0.6 
-0.005425903350738907 0.6138520892622357 0.5160316675717691 0.45 0.35 0.8 0.7 0.95 0.1 1.0 0.2 0.6 0.8 0.8 0.05 0.45 0.45 0.65 0.5 0.45 0.65 0.6 0.1 0.35 0.9 0.25 0.45 1.0 0.65 0.55 0.65 0.8 0.95 0.65 0.7 0.15 0.95 0.2 0.75 
-0.0018390343795941949 0.41047754733517666 0.47803318904413805 0.3 0.6 0.0 0.55 0.0 0.3 0.9 0.65 0.5 1.0 0.95 0.7 0.2 0.7 0.05 0.6 0.8 0.05 1.0 1.0 0.55 0.8 0.0 0.95 1.0 0.4 0.65 0.6 0.75 0.25 0.5 0.15 0.75 0.35 0.95 0.15 
-0.008712508868751499 0.6292270518662976 0.467701427671992 0.8 0.45 0.4 0.4 0.2 1.0 0.95 0.4 0.5 0.7 0.95 0.3 0.1 0.05 1.0 0.55 0.45 0.95 0.05 0.5 0.1 0.05 0.55 0.1 0.25 0.35 0.5 0.7 0.45 0.35 0.8 0.9 0.7 0.0 0.9 0.2 
-0.0970884860380361 0.5184627605194189 0.421649898874451 0.8 0.5 0.3 0.8 0.35 0.55 0.95 0.45 0.6 0.7 0.95 0.3 0.1 0.45 1.0 0.45 0.45 0.95 0.05 0.9 1.0 0.6 0.55 0.55 0.9 0.15 0.75 0.7 0.5 0.15 0.1 0.9 0.05 0.0 0.4 0.2 
-0.002138051392379924 0.4708681240521344 0.4347364687164854 0.3 0.7 0.05 0.55 0.55 0.9 1.0 0.7 0.45 0.8 0.05 0.7 0.25 0.7 0.35 1.0 0.8 0.05 0.7 0.6 0.25 0.25 0.05 0.9 0.9 0.4 0.7 0.45 0.0 0.2 0.95 0.7 0.4 0.3 0.95 0.45 
-0.04496724603894033 0.36331967518370833 0.6181835638936302 0.55 0.5 0.0 0.55 0.6 0.3 1.0 0.7 0.45 0.8 0.05 0.7 0.2 0.7 0.2 0.6 0.8 0.05 1.0 0.55 0.2 0.4 0.45 0.85 0.85 0.4 0.9 0.5 0.75 0.25 0.6 0.7 0.75 0.35 0.6 0.3 
-0.016285400333086515 0.46680462141686313 0.6316669332002713 0.3 0.15 0.0 0.55 0.0 0.3 0.95 0.7 0.1 1.0 0.05 0.7 0.2 0.7 0.05 0.6 0.8 0.05 1.0 0.55 0.2 0.8 0.0 0.95 0.95 0.4 0.65 0.5 0.75 0.25 1.0 0.7 0.75 0.35 0.95 0.15 
-0.003333860808291234 0.40752727077628453 0.5735119183202325 0.1 0.75 0.65 0.35 0.75 0.7 0.8 0.75 0.45 0.8 0.05 0.7 0.2 0.5 0.7 0.8 0.25 0.7 0.1 0.0 0.4 0.7 0.55 0.95 0.7 0.4 0.75 0.45 0.7 0.25 1.0 0.7 0.4 0.55 0.6 0.5 
-0.004330033141129301 0.40851886707578866 0.5944118707462387 0.1 0.5 0.65 0.15 0.75 0.9 0.8 0.75 0.45 0.8 0.05 0.7 0.2 0.5 0.7 0.8 0.95 0.8 0.95 0.0 0.4 0.2 0.25 0.95 1.0 0.4 0.75 0.3 0.7 0.25 1.0 0.7 0.3 0.55 0.6 0.65 
-0.0017803446873421724 0.5935991037254578 0.4517668122674486 0.8 0.5 1.0 0.8 0.35 0.55 0.95 0.4 0.55 0.7 0.95 0.3 0.1 0.45 1.0 0.2 0.45 0.95 0.05 0.9 0.2 0.6 0.85 0.55 0.9 0.35 0.75 0.7 0.45 0.25 0.1 0.9 0.0 0.0 0.9 0.2 
-0.00926120565549235 0.3556007581352817 0.6491238144535975 0.55 0.65 0.0 0.55 0.6 0.3 1.0 0.7 0.45 0.8 0.05 0.7 0.2 0.7 0.2 0.6 0.8 0.05 1.0 0.55 0.2 0.4 0.4 0.85 0.85 0.4 0.9 0.5 0.75 0.25 0.6 0.7 0.7 0.35 0.3 0.3 
-0.0010718875665922838 0.3825641756351309 0.5989831420100343 0.25 0.5 0.65 0.35 0.0 0.9 0.95 0.7 0.45 0.8 0.05 0.7 0.2 0.65 0.7 0.8 0.8 0.05 0.4 0.85 0.45 0.8 0.05 0.85 1.0 0.4 0.7 0.45 0.75 0.25 0.6 0.65 0.4 0.15 0.5 0.45 
-0.007508601007626581 0.41767025695069293 0.5779923349329898 0.55 0.15 0.0 0.55 0.45 0.15 1.0 0.7 0.5 0.85 0.05 0.75 0.7 0.15 0.05 0.5 0.1 0.55 1.0 0.55 0.15 0.65 0.45 0.85 0.9 0.35 0.55 0.5 0.75 0.7 1.0 0.7 0.85 0.3 0.5 0.15 
-0.008907549593357418 0.4029151797119336 0.5909893995118548 0.55 0.45 0.0 0.7 0.0 0.45 1.0 0.7 0.5 0.15 0.05 0.75 0.2 0.1 0.05 0.6 0.8 0.05 1.0 0.55 0.2 0.8 0.45 0.85 0.3 0.4 0.65 0.9 0.85 0.25 0.8 0.8 0.85 0.1 0.35 0.15 
-0.07526684869649455 0.4406601645750238 0.6602428986473181 0.3 0.6 0.0 0.55 0.0 0.3 0.9 0.65 0.5 1.0 0.05 0.7 0.2 0.7 0.05 0.6 0.8 0.05 1.0 0.55 0.55 0.8 0.0 0.95 1.0 0.4 0.65 0.6 0.75 0.25 0.5 0.7 0.75 0.35 0.95 0.15 
-0.017331720743592703 0.373015117844093 0.6146245374659461 0.3 0.15 0.0 0.55 0.0 0.3 0.95 0.7 0.5 1.0 0.05 0.7 0.2 0.7 0.05 0.6 0.8 0.05 0.75 0.7 0.2 0.8 0.0 0.95 0.95 0.4 0.75 0.45 0.75 0.25 1.0 0.7 0.75 0.35 0.95 0.15 
-0.0008164719113551492 0.4176981595510272 0.44840596704777225 0.3 0.15 0.0 0.55 0.0 0.3 0.95 0.7 0.5 1.0 0.05 0.7 0.2 0.7 0.05 0.6 0.8 0.05 1.0 0.55 0.2 0.7 0.0 0.05 0.95 0.4 0.55 0.3 0.75 0.25 1.0 0.7 0.85 0.35 0.95 0.15 
-0.005272380355208562 0.45055655767514613 0.44539236821510186 0.0 0.5 0.65 0.2 0.3 0.25 0.95 0.8 0.5 0.85 0.05 0.55 0.0 0.5 0.95 0.8 0.8 0.05 0.1 0.85 0.6 0.8 0.05 0.85 0.5 0.3 0.7 0.6 0.45 0.35 0.2 0.75 0.9 0.7 0.5 0.75 
-0.01817424765788474 0.4540208876529004 0.6260426551966347 0.1 0.75 0.65 0.35 0.75 0.7 0.8 0.75 0.45 0.8 0.05 0.7 0.2 0.5 0.7 0.8 0.25 0.7 0.1 0.0 0.4 0.7 0.55 0.95 1.0 0.4 0.75 0.45 0.7 0.25 1.0 0.7 0.4 0.55 0.6 0.65 
-0.003764982832130031 0.46716969732059754 0.6022373131436334 0.7 0.7 0.8 0.25 0.9 0.95 0.75 0.1 0.6 0.65 0.15 0.65 0.55 0.55 0.6 0.3 1.0 0.6 1.0 0.25 0.85 0.85 0.15 0.85 0.6 0.7 0.15 0.6 0.55 0.75 0.75 0.6 0.2 0.8 0.1 0.7 
-0.0046178196739224825 0.6401182811985909 0.5074953469849888 0.45 0.35 0.8 0.7 0.4 0.85 1.0 0.2 0.6 0.8 0.8 0.4 0.45 0.45 0.65 0.5 0.45 0.65 0.2 0.1 0.35 0.9 0.25 0.45 1.0 0.65 0.55 0.15 0.8 0.95 0.65 0.7 0.15 0.95 0.2 0.75 
-0.002796816778005266 0.6163064203390798 0.5582156505069835 0.45 0.35 0.8 1.0 0.6 0.85 1.0 0.2 0.7 0.8 0.8 0.25 0.45 0.45 0.65 0.5 0.45 0.65 0.95 0.1 0.35 0.9 0.25 0.45 0.75 0.95 0.0 0.85 0.8 0.95 0.9 0.75 0.3 0.55 0.2 0.75 
-0.005244387307625757 0.3946462423014029 0.4879085717652748 0.55 0.15 0.0 0.7 0.0 0.45 1.0 0.7 0.5 1.0 0.05 0.7 0.2 0.1 0.05 0.6 0.8 0.05 0.3 0.55 0.2 0.8 0.45 0.85 0.95 0.4 0.65 0.5 0.75 0.25 1.0 0.3 0.85 0.35 0.95 0.15 
-0.0028323989292906187 0.37333101261882873 0.5191019639952128 0.25 0.5 0.35 0.55 0.0 0.9 1.0 0.7 0.45 0.8 0.05 0.7 0.2 0.95 0.2 0.8 0.8 0.05 0.45 0.6 0.45 0.8 0.05 0.8 0.5 0.4 0.85 0.9 0.75 0.25 0.6 0.7 0.4 0.7 0.5 0.45 
-0.0038860924428620333 0.5628144716949537 0.43973021207772817 0.8 0.5 0.1 0.8 0.35 0.35 0.95 0.4 0.6 0.3 0.95 0.3 0.1 0.45 1.0 0.85 0.45 0.95 1.0 0.9 0.1 0.6 0.55 0.55 0.9 0.35 0.75 0.35 0.45 0.25 0.1 1.0 0.2 0.0 0.9 0.2 
-0.006041135994792031 0.49152410207985847 0.6064527254858911 0.25 0.2 0.15 1.0 0.0 0.55 0.5 0.7 0.3 0.8 0.6 0.7 0.2 0.1 0.25 0.8 0.8 0.05 0.9 0.6 0.1 0.8 0.05 0.7 0.85 0.4 0.5 0.7 0.85 0.25 0.95 0.7 0.15 0.9 0.5 0.6 
-0.003507418107659475 0.5402666433991345 0.4412049905110773 0.8 0.25 1.0 0.8 0.2 1.0 0.8 0.4 0.55 0.7 0.95 0.3 0.1 0.8 0.35 0.55 0.6 0.4 0.05 0.8 0.1 0.45 0.55 0.55 0.05 0.35 0.8 0.7 0.9 0.35 0.15 0.9 0.7 0.0 0.9 0.5 
-0.008117469532048699 0.41272065524447266 0.663656388334908 0.3 0.6 0.0 0.55 0.0 0.3 0.9 0.65 0.5 1.0 0.05 0.7 0.2 0.7 0.05 0.6 0.8 0.05 1.0 0.55 0.85 0.8 0.0 0.95 0.95 0.4 0.65 0.9 0.75 0.25 1.0 0.7 0.75 0.35 1.0 0.15 
-0.8452572824927848 0.5096809459229091 0.4273091098640317 0.8 0.5 0.8 0.8 0.35 0.55 0.95 0.45 0.6 0.7 0.95 0.3 0.1 0.45 1.0 0.45 0.45 0.95 0.05 0.9 0.2 0.6 0.55 0.55 0.9 0.15 0.75 0.7 0.5 0.15 0.1 0.9 0.0 0.0 0.4 0.2 
-1.831642864963304 0.4737442062410539 0.41864068664279314 0.25 0.5 0.05 0.55 0.55 0.9 1.0 0.7 0.45 0.8 0.05 0.7 0.0 0.7 0.35 1.0 0.8 0.05 1.0 0.6 0.35 0.15 0.05 0.9 0.9 0.4 0.7 0.45 0.0 0.2 0.95 0.7 0.3 0.25 0.45 0.45 
-0.010401205727068064 0.3718633010688789 0.48797064300644116 0.55 1.0 0.45 0.75 0.4 0.9 1.0 0.7 0.45 0.45 0.05 0.7 0.35 0.7 0.05 0.45 0.8 0.65 1.0 0.55 0.15 0.15 0.55 0.85 0.9 0.4 0.4 0.65 0.75 0.35 0.35 0.05 0.1 0.85 0.65 0.6 
-0.0015745963367467138 0.520388886196737 0.6106004491499833 0.45 0.35 0.6 1.0 0.95 0.85 1.0 0.2 0.85 0.8 0.8 0.4 0.95 0.45 0.65 0.5 0.75 0.65 1.0 0.15 0.4 0.9 0.25 0.45 1.0 0.7 0.55 0.15 0.8 0.95 0.75 0.7 0.2 0.5 0.2 0.75 
-0.014075424021548372 0.5369031813160611 0.6509183493630952 0.1 0.5 0.2 0.55 0.5 1.0 0.7 0.7 0.25 1.0 0.5 0.55 0.45 1.0 1.0 0.45 0.85 0.65 0.85 0.8 0.9 0.25 0.8 0.1 0.95 1.0 0.65 0.35 0.95 0.0 0.85 0.9 0.7 0.8 0.85 0.55 
-0.0067626657129853775 0.3560846934853592 0.5590257861882431 0.4 0.15 0.15 0.55 0.45 0.9 1.0 0.7 0.45 1.0 0.05 0.7 0.2 0.15 0.2 0.8 0.8 0.05 0.85 0.6 0.15 0.1 0.05 0.7 0.95 0.4 0.4 0.4 0.85 0.35 0.9 0.7 0.4 0.9 0.5 0.45 
-0.005204265485978391 0.5509825262467991 0.6186781423124931 0.1 0.5 0.2 0.85 0.9 1.0 0.7 0.7 0.65 0.9 0.5 0.55 0.5 1.0 1.0 0.45 0.85 0.65 0.65 0.8 0.9 0.2 0.8 0.25 0.95 1.0 0.65 0.35 0.3 0.1 0.85 0.9 0.7 0.8 0.85 0.6 
-0.010335354764062691 0.6072633261337611 0.5673474244843701 0.7 0.85 0.5 1.0 0.6 0.55 0.8 0.2 0.35 0.5 0.8 0.4 0.65 0.45 0.25 0.3 0.15 0.7 0.95 0.1 0.35 0.75 0.25 0.45 0.85 0.6 0.55 0.15 0.8 0.95 0.05 1.0 0.9 0.75 0.25 0.9 
-0.01384623164876126 0.5617415080944154 0.594816635467783 0.45 0.35 0.6 1.0 0.95 0.85 1.0 0.2 0.5 0.8 0.8 0.85 0.95 0.45 0.65 0.5 0.45 0.65 1.0 0.15 0.4 0.9 0.25 0.45 1.0 0.7 0.55 0.15 0.8 0.95 0.75 0.7 0.2 0.5 0.95 0.75 
-0.00019626397345497902 0.6304615301469852 0.5593307444467069 0.45 0.35 0.75 1.0 0.6 0.85 1.0 0.2 0.6 0.8 0.8 0.4 0.9 0.65 0.65 0.45 0.45 0.65 1.0 0.05 0.35 0.9 0.25 0.35 0.7 0.7 0.55 0.15 0.8 0.95 0.75 0.8 0.95 0.55 0.2 0.75 
-0.062115995177612064 0.37587505824117096 0.4765098974127111 0.55 0.45 0.0 0.55 0.4 0.95 1.0 0.7 0.45 0.8 0.05 0.7 0.35 0.7 0.3 0.6 0.8 0.4 0.85 0.55 0.5 0.25 0.45 0.85 0.85 0.4 0.4 0.5 0.75 0.25 0.75 0.45 0.1 0.95 0.65 0.75 
-0.011307101856968814 0.5484936710261713 0.4113338973030339 0.8 0.5 0.3 0.8 0.35 0.55 0.95 0.45 0.6 0.7 0.95 0.3 0.1 0.45 1.0 0.4 0.45 0.95 0.35 0.9 1.0 0.9 0.55 0.35 0.9 0.15 0.75 0.7 0.5 0.15 0.1 0.9 0.05 0.0 0.4 0.2 
-0.014527535260624669 0.5424327101295073 0.6230319758412807 0.1 0.5 0.2 0.55 0.5 1.0 0.7 0.7 0.25 1.0 0.5 0.55 0.45 1.0 1.0 0.45 0.85 0.65 0.85 0.8 0.9 0.25 0.8 0.8 0.95 1.0 0.65 0.35 0.95 0.15 0.85 0.75 0.25 0.8 0.85 0.55 
-0.025040753669308965 0.439746409758089 0.6447627164760646 0.4 0.7 0.15 0.55 0.0 0.9 0.8 0.7 0.45 1.0 0.05 0.7 0.2 0.15 0.2 0.8 0.15 0.05 0.85 0.6 0.15 0.8 0.05 0.7 0.9 0.4 0.7 0.4 0.85 0.25 0.95 0.7 0.4 0.9 0.4 0.3 
-0.00450392198239768 0.6298557693006452 0.53512446674921 0.45 0.35 0.8 1.0 0.25 0.25 1.0 0.2 0.6 1.0 0.8 0.4 0.35 0.45 0.75 0.75 0.45 0.65 1.0 0.1 0.35 0.9 0.25 0.45 0.75 0.7 0.55 0.15 0.8 0.95 1.0 0.7 0.3 0.15 0.5 0.75 
-0.004339039955805147 0.37238938322051507 0.5738401554604333 0.25 0.6 0.15 0.65 0.75 0.15 0.95 0.7 0.45 1.0 0.05 0.7 0.2 0.15 0.1 1.0 0.8 0.9 1.0 0.9 0.15 0.8 0.0 0.7 0.85 0.4 0.7 0.4 0.85 0.35 0.9 0.7 0.35 0.7 0.5 0.6 
-0.005271320529210211 0.6127997251591975 0.46492706361702774 0.45 0.75 0.8 1.0 0.6 0.85 1.0 0.2 0.6 0.8 0.8 0.25 0.45 0.85 0.65 0.5 0.45 0.65 0.05 0.1 0.35 0.9 0.25 0.45 0.75 0.95 0.55 0.15 0.2 1.0 0.9 0.7 0.3 0.55 0.2 0.75 
-0.03382742440734246 0.4442442997123947 0.420071406127838 0.25 0.5 0.45 0.55 0.0 0.9 1.0 0.7 0.45 0.7 0.05 0.7 0.2 0.05 0.2 0.6 0.8 0.05 1.0 0.2 0.1 0.55 0.55 0.95 0.85 0.4 0.9 0.45 0.0 0.2 0.8 0.7 0.4 0.65 0.5 0.45 
-0.04775751418266229 0.5229899079157423 0.6372261445513109 0.45 0.35 0.8 1.0 0.6 0.25 1.0 0.3 0.6 1.0 0.8 0.5 0.35 0.45 0.65 0.5 0.45 0.65 1.0 0.1 0.35 0.9 0.25 0.45 0.55 0.7 0.55 0.15 0.8 0.95 1.0 0.75 0.3 0.65 0.2 0.75 
-0.10625078672587733 0.4115245902839206 0.6842490328364998 0.25 0.6 0.15 0.65 0.75 0.15 0.95 0.7 0.45 1.0 0.05 0.7 0.2 0.15 0.1 1.0 0.8 0.9 1.0 0.6 0.15 0.8 0.0 0.7 0.85 0.4 0.7 0.4 0.85 0.25 0.9 0.7 0.35 0.7 0.5 0.6 
-0.0009075352824541868 0.6253332632863497 0.582260187588922 0.45 0.35 0.1 0.7 0.4 0.85 1.0 0.2 0.6 0.8 0.8 0.4 0.45 0.45 0.65 0.5 0.45 0.65 0.8 0.1 0.35 0.9 0.25 0.45 0.25 0.65 0.55 0.15 0.65 0.95 0.65 0.7 0.15 0.95 0.2 0.55 
-0.006140867242254375 0.5022788146850583 0.6605969223965023 0.1 0.2 0.2 0.4 0.5 1.0 0.7 0.7 0.35 1.0 0.5 0.55 0.45 1.0 1.0 0.45 0.85 0.65 0.6 0.8 0.9 0.4 0.8 0.8 0.95 1.0 0.65 0.35 0.8 0.1 0.9 0.9 0.7 0.8 0.85 0.55 
-0.014308211619809691 0.42932490286223923 0.4335330442753898 0.25 0.5 0.4 0.55 0.0 0.9 1.0 0.7 0.45 1.0 0.05 0.7 0.4 0.05 0.2 0.75 0.8 0.75 1.0 0.2 0.25 0.55 0.95 0.85 0.85 0.4 0.7 0.45 0.0 0.05 0.8 0.45 0.1 0.7 0.5 0.45 
-0.017963622009227444 0.5910909506487585 0.5879586758187982 0.7 0.85 0.5 0.0 0.6 0.55 0.6 0.2 0.6 0.5 0.8 0.4 0.9 0.55 0.25 0.3 0.15 0.65 0.95 0.1 0.35 0.75 0.25 0.45 0.85 0.6 0.55 0.15 0.8 0.95 0.05 1.0 0.9 0.75 0.2 0.9 
-0.02065673316094874 0.5012573590807903 0.6245035528631435 0.1 0.5 0.2 0.85 0.9 1.0 0.85 0.7 0.8 0.9 0.45 0.55 0.5 1.0 1.0 0.45 0.85 0.4 0.85 0.8 0.9 0.2 0.8 0.85 0.95 1.0 0.65 0.35 0.3 0.1 0.85 0.9 0.7 0.8 0.85 0.6 
-0.016835627190009406 0.6468518037402365 0.5572776158952744 0.45 0.35 0.8 1.0 0.6 0.85 1.0 0.2 0.7 0.8 0.8 0.25 0.45 0.45 0.65 0.5 0.45 0.65 0.95 0.1 0.35 0.9 0.25 0.45 0.75 0.95 0.55 0.15 0.8 0.95 0.9 0.7 0.3 0.55 0.2 0.75 
-0.013582328837252296 0.40823379992985304 0.4235272016525653 1.0 0.75 0.35 1.0 0.85 0.6 0.95 0.7 0.45 0.8 0.05 0.7 0.2 1.0 0.2 0.05 0.8 0.05 1.0 0.1 0.2 0.85 0.05 0.75 0.8 0.4 0.7 0.45 0.1 0.25 0.7 0.25 0.1 0.15 0.5 0.6 
-0.02165435591122374 0.46141532731804424 0.42304880954909074 0.25 0.5 0.05 0.55 0.55 0.9 1.0 0.7 0.45 0.8 0.05 0.7 0.25 0.7 0.35 1.0 0.8 0.05 1.0 0.6 0.25 0.25 0.05 0.15 0.9 0.4 0.7 0.45 0.0 0.2 0.95 0.7 0.2 0.3 0.45 0.45 
-0.0006532261168028945 0.5795026351524625 0.6115843765112662 0.45 0.6 0.8 1.0 0.6 0.25 1.0 0.2 0.3 0.95 0.8 0.5 0.35 0.45 0.65 0.5 0.05 0.65 0.25 0.1 0.35 0.9 0.25 0.45 0.5 0.7 0.55 0.15 0.8 0.95 1.0 0.75 0.3 0.65 0.25 0.95 
-0.03786862235087607 0.6346382103495312 0.4909614742607625 0.45 0.75 0.8 1.0 0.6 0.85 1.0 0.2 0.7 0.8 0.8 0.25 1.0 0.45 0.65 0.5 0.45 0.65 0.8 0.1 0.35 0.9 0.25 0.45 0.75 0.95 0.55 0.15 0.2 0.25 0.9 0.7 0.3 0.55 0.2 0.75 
-0.026457737061607436 0.5833764376741569 0.6335733758302168 0.45 0.35 0.8 1.0 0.6 0.25 1.0 0.2 0.15 1.0 0.8 0.5 0.35 0.45 0.65 0.5 0.45 0.65 1.0 0.1 0.35 0.95 0.25 0.45 0.55 0.7 0.55 0.15 0.8 0.8 1.0 0.75 0.3 0.65 0.2 0.75 
-0.011378042003044323 0.35786460983384866 0.5039239650033001 0.55 1.0 0.1 0.75 0.4 0.9 1.0 0.7 0.45 0.4 0.05 0.7 0.35 0.7 0.45 0.45 0.8 0.55 1.0 0.55 0.15 0.0 0.45 0.85 0.9 0.4 0.4 0.5 0.9 0.35 0.35 0.2 0.85 0.85 0.65 0.6 
-0.024105425968071737 0.5298862072612703 0.6581995647561946 0.1 0.5 0.2 0.85 0.9 1.0 0.7 0.7 0.7 0.9 0.5 0.55 0.5 1.0 1.0 0.45 0.85 0.65 0.25 0.8 0.95 0.2 0.45 0.25 0.95 1.0 0.65 0.35 0.3 0.1 0.85 0.9 0.7 0.8 0.85 0.6 
-0.003843920882771076 0.6612265398546036 0.5493966068080964 0.45 0.35 0.8 1.0 0.6 0.85 1.0 0.25 0.7 0.8 0.8 0.25 0.45 0.45 0.65 0.5 0.45 0.65 0.95 0.1 0.35 0.9 0.25 0.45 0.7 0.95 0.55 0.15 0.8 0.95 0.9 0.7 0.3 0.55 0.2 0.75 
-0.014081108481563779 0.34455405690215246 0.5728434337717005 0.4 0.15 0.15 0.55 0.45 0.9 1.0 0.7 0.45 1.0 0.05 0.7 0.2 0.15 0.2 0.8 0.8 0.05 0.85 0.6 0.15 0.1 0.05 0.7 0.95 0.4 0.4 0.4 0.85 0.25 0.95 0.7 0.4 0.9 0.5 0.45 
-0.023944550322418552 0.6669799929257116 0.5219490077957122 0.45 0.35 0.8 1.0 0.6 0.8 1.0 0.3 0.7 0.8 0.8 0.25 0.45 0.45 0.65 0.5 0.45 0.65 0.95 0.1 0.35 0.9 0.25 0.45 0.75 0.95 0.55 0.15 0.8 0.95 0.9 0.7 0.3 0.55 0.2 0.75 
-0.0255409847270942 0.48465250681357847 0.6275523573959307 0.25 0.2 0.15 0.55 0.7 0.55 0.5 0.7 0.2 0.8 0.6 0.7 0.2 0.1 0.25 0.8 0.8 0.05 0.9 0.6 0.15 0.8 0.05 0.7 0.85 0.4 0.5 0.3 0.85 0.25 0.95 0.7 0.3 0.9 0.5 0.6 
-0.13223226240244215 0.3866441850049912 0.4651909828859319 0.25 0.5 0.4 0.55 0.0 0.9 1.0 0.7 0.45 0.8 0.05 0.7 0.2 0.05 0.2 0.6 0.8 0.05 1.0 0.6 0.25 0.95 0.05 0.85 0.85 0.4 0.7 0.45 0.0 0.25 0.6 0.7 0.4 0.65 0.5 0.45 
-0.0092566623906764 0.6566503027681889 0.47825262592589013 0.8 0.9 0.75 0.7 0.2 1.0 0.95 0.4 0.55 0.7 0.95 0.3 0.8 0.05 1.0 0.55 0.95 0.1 0.8 0.15 0.1 0.6 0.9 0.9 0.25 0.95 0.4 0.7 0.45 0.3 0.8 0.9 0.7 0.5 0.9 0.1 
-0.005645433611210404 0.6323389772070664 0.6166148904088535 0.45 0.35 0.75 1.0 0.6 0.85 1.0 0.2 0.6 0.8 0.8 0.45 0.9 0.65 0.65 0.45 0.45 0.65 1.0 0.05 0.35 0.9 0.25 0.35 0.7 0.7 0.55 0.15 0.8 0.65 0.75 0.8 0.3 0.55 0.15 0.75 
-0.0010144095688591748 0.5909480512649126 0.6284899468986647 0.65 0.35 0.8 1.0 0.6 0.85 0.65 0.2 0.6 0.8 0.8 0.4 0.45 0.45 0.2 0.5 0.5 0.65 0.85 0.0 0.35 0.9 0.25 0.45 0.35 0.65 0.55 0.15 0.65 0.95 0.7 0.7 0.3 0.95 0.2 0.75 
-0.03648644555199265 0.5493038842813606 0.6501049714527373 0.1 0.5 0.2 0.55 0.5 1.0 0.7 0.7 0.25 0.55 0.5 0.55 0.45 1.0 1.0 0.45 0.85 0.65 0.85 0.8 0.9 0.25 0.8 0.8 0.95 1.0 0.65 0.35 0.95 0.0 0.85 0.9 0.7 0.8 0.85 0.55 
-0.004685980972799501 0.5582750570452412 0.42223211984293435 0.85 0.25 0.5 0.9 0.35 0.15 0.95 0.2 0.6 0.25 0.75 0.1 0.4 0.3 0.6 0.7 0.25 0.6 0.85 0.15 0.1 0.0 0.4 0.85 0.15 0.8 0.95 0.9 0.25 0.85 0.15 0.9 0.5 0.95 0.8 0.5 
-0.0042700440581305505 0.6478917215949558 0.44982919296541946 0.35 0.9 1.0 0.55 0.2 1.0 0.95 0.4 0.55 0.65 0.95 0.3 0.8 0.95 0.75 0.55 0.95 0.1 0.35 0.15 0.1 0.6 0.9 0.9 0.25 0.95 0.4 0.7 0.45 0.3 0.5 0.9 0.7 0.5 0.55 0.1 
-0.002605031429857274 0.5880774439464493 0.4450670863531263 0.8 0.5 1.0 0.8 0.35 0.55 0.95 0.4 0.6 0.7 0.95 0.3 0.1 0.45 1.0 0.1 0.45 0.95 0.05 0.15 0.1 0.9 0.75 0.4 0.9 0.35 0.75 0.7 0.45 0.35 0.5 0.9 0.05 0.0 0.9 0.2 
-0.04831728057607992 0.5018690115407055 0.6799452758304075 0.1 0.2 0.2 0.55 0.5 1.0 0.7 0.7 0.7 1.0 0.5 0.55 0.45 1.0 1.0 0.45 0.85 0.65 0.45 0.8 0.9 0.4 0.8 0.8 0.95 1.0 0.65 0.35 0.95 0.1 0.9 0.9 0.7 0.8 0.85 0.55 
-0.06026132818288583 0.46625474844581444 0.6780733856839435 0.3 0.6 0.0 0.55 0.0 0.3 0.9 0.65 0.5 1.0 0.05 0.7 0.2 0.7 0.7 0.6 0.8 0.05 1.0 0.55 0.85 0.8 0.0 0.95 0.95 0.4 0.65 0.7 0.75 0.25 1.0 0.7 0.75 0.35 0.95 0.15 
-0.01442745124992499 0.5894346196937797 0.6437864603821108 0.6 0.5 0.2 0.85 0.9 1.0 0.95 0.7 0.65 0.9 0.5 0.55 0.5 1.0 1.0 0.45 0.85 0.65 0.65 0.8 0.9 0.2 0.8 0.25 0.95 1.0 0.65 0.35 0.3 0.1 0.85 0.9 0.7 0.8 0.85 0.6 
-0.06054189857049196 0.5382220747515923 0.6577328729446325 0.1 0.5 0.2 0.55 0.5 1.0 0.7 0.7 0.25 1.0 0.5 0.55 0.45 1.0 1.0 0.45 0.85 0.65 0.85 0.8 0.9 0.25 0.25 0.1 0.95 1.0 0.65 0.35 0.3 0.0 0.85 0.9 0.7 0.8 0.85 0.55 
-0.0650161796658014 0.45300404983735765 0.40062209478693134 0.25 0.5 0.5 0.55 0.2 0.9 1.0 0.7 0.45 0.9 0.05 0.7 0.2 0.05 0.8 0.6 0.8 0.05 0.95 0.2 0.2 0.55 0.95 0.85 0.85 0.4 0.7 0.45 0.0 0.25 0.8 0.7 0.0 0.65 0.5 0.45 
-0.01028051084568507 0.350977365776857 0.6109972298666329 0.55 0.15 0.0 0.55 0.45 0.15 1.0 0.7 0.5 0.85 0.05 0.75 0.7 0.15 0.05 0.5 0.1 0.55 1.0 0.55 0.15 0.55 0.45 0.85 0.95 0.35 0.55 0.5 0.75 0.1 0.65 0.7 0.85 0.35 0.5 0.15 
-0.00524259469558035 0.3372089581275993 0.5719802065755012 0.8 0.15 0.15 0.55 0.85 0.9 0.95 0.7 0.45 1.0 0.05 0.7 0.8 0.45 0.2 0.8 0.8 0.05 0.85 0.6 0.15 0.2 0.2 0.2 0.95 0.4 0.4 0.4 0.85 0.05 0.95 0.85 0.4 0.9 0.5 0.45 
-0.0011932136564888549 0.5648760412189817 0.659660941074529 0.45 0.6 0.8 1.0 0.6 0.25 0.95 0.2 0.8 0.35 0.8 0.5 0.35 0.6 0.65 0.45 0.05 0.9 1.0 0.1 0.35 0.9 0.25 0.45 0.5 0.7 0.7 0.4 0.8 0.95 1.0 0.75 0.3 0.65 0.25 0.75 
-0.1549949215382112 0.5527462485465612 0.3955427922101926 0.8 0.5 0.3 0.6 0.35 0.55 0.95 0.45 0.6 0.7 0.95 0.3 0.65 0.45 1.0 0.4 0.45 0.95 0.35 0.9 1.0 0.9 0.55 0.5 0.9 0.15 0.75 0.55 0.5 0.15 0.65 1.0 0.15 0.0 0.4 0.2 
-0.022705521802852884 0.3450195929804254 0.5954125020417924 0.55 0.15 0.0 0.55 0.45 0.15 1.0 0.7 0.5 0.85 0.05 0.75 0.7 0.15 0.05 0.5 0.1 0.55 1.0 0.55 0.05 0.65 0.45 0.85 0.9 0.35 0.55 0.5 0.75 0.15 1.0 0.7 0.85 0.35 0.5 0.15 
-0.009171844241146762 0.5150567209753661 0.6878780458927616 0.1 0.5 0.2 0.55 0.5 0.8 0.95 0.7 0.7 1.0 0.5 0.55 0.6 1.0 1.0 0.45 0.85 0.65 0.85 0.8 0.95 0.25 0.8 0.8 0.95 1.0 0.65 0.35 0.95 0.1 0.9 0.9 0.7 0.8 0.85 0.55 
-0.3307690628608816 0.5833700896742149 0.40072127685330816 0.8 0.5 0.3 0.6 0.4 0.85 0.95 0.45 0.6 0.7 0.95 0.3 0.65 0.45 1.0 0.4 0.45 0.95 0.4 0.9 1.0 0.9 0.55 0.5 0.9 0.15 0.75 0.7 0.6 0.15 0.65 0.9 0.15 0.0 0.4 0.2 
-0.6882259434400898 0.6715021270412449 0.5480650660293731 0.45 0.35 0.8 1.0 0.6 0.85 0.8 0.2 0.55 0.8 0.8 0.4 0.45 0.45 0.65 0.55 0.15 0.65 0.95 0.1 0.35 0.4 0.25 0.45 0.85 0.65 0.55 0.15 0.8 0.95 0.8 0.7 0.0 0.7 0.2 0.9 
-0.0004688779976419042 0.6479097639930472 0.6106275170982884 0.65 0.85 0.75 1.0 0.6 0.85 1.0 0.2 0.6 0.8 0.8 0.4 0.45 0.45 0.2 0.5 0.45 0.95 0.85 0.1 0.35 0.9 0.25 0.45 0.7 0.65 0.55 0.15 0.8 0.95 1.0 0.7 0.3 0.6 0.8 0.75 
-0.05583916620148213 0.5913945847878259 0.4150484687720089 0.8 0.5 0.1 0.15 0.35 0.55 0.95 0.4 0.55 0.7 0.95 0.3 0.1 0.45 1.0 0.65 0.45 0.95 0.05 0.4 0.1 0.6 0.55 0.55 0.45 0.35 0.8 0.6 0.45 0.25 0.1 0.25 0.6 0.0 0.9 0.65 
-0.05504611017941519 0.34688801680229375 0.5395628920625695 0.4 0.15 0.15 0.55 0.45 0.9 1.0 0.7 0.45 1.0 0.05 0.7 0.2 0.15 0.2 0.8 0.8 0.05 0.85 0.6 0.05 0.1 0.05 0.7 0.95 0.4 0.4 0.4 0.85 0.25 0.95 0.7 0.4 0.9 0.5 0.45 
-0.09578121528583608 0.6766428386705808 0.5713194051459313 0.45 0.35 0.8 0.7 0.4 0.85 1.0 0.2 0.6 0.8 0.8 0.4 0.45 0.45 0.65 0.5 0.45 0.65 0.8 0.1 0.35 0.9 0.25 0.45 1.0 0.65 0.55 0.15 0.8 0.95 0.65 0.7 0.15 0.95 0.2 0.75 
-0.05048155218187974 0.6621487979036496 0.4849312467228817 0.8 0.5 1.0 0.4 0.2 1.0 0.95 0.4 0.55 0.7 0.95 0.3 0.8 0.05 1.0 0.55 0.45 0.95 0.05 0.15 0.1 0.7 0.9 0.9 0.25 0.35 0.4 0.7 0.45 0.35 0.8 0.9 0.7 0.5 0.9 0.1 
-0.0019972831490275606 0.6112055576796614 0.44019258973120967 0.45 0.35 0.75 1.0 0.6 0.85 1.0 0.2 0.6 0.8 0.8 0.45 0.9 0.65 0.65 0.45 0.45 0.65 1.0 0.7 0.35 0.9 0.25 0.35 0.7 0.7 0.55 0.15 0.8 0.65 0.75 0.8 0.3 0.55 0.15 0.75 
-0.053492772923482354 0.6132878369220824 0.6377244625774462 0.45 0.35 0.8 1.0 0.6 0.85 0.8 0.2 0.6 0.8 0.8 0.4 0.45 0.45 0.15 0.8 0.45 0.65 0.95 1.0 0.35 0.9 0.15 0.45 0.55 0.65 0.55 0.85 0.8 0.35 0.75 0.7 0.3 0.75 0.2 0.7 
-0.011750424245570542 0.6719094956642769 0.573996206383659 0.45 0.4 0.8 0.7 0.95 0.1 1.0 0.2 0.6 0.8 0.8 0.4 0.45 0.45 0.65 0.5 0.45 0.65 0.85 0.1 0.35 0.9 0.25 0.45 1.0 0.65 0.55 0.05 0.8 0.95 0.65 0.7 0.15 0.95 0.2 0.75 
-0.02140289755226842 0.34044171626421765 0.6354835551777106 0.55 0.15 0.0 0.55 0.45 0.15 1.0 0.7 0.5 0.85 0.05 0.75 0.7 0.15 0.05 0.5 0.1 0.55 1.0 0.55 0.15 0.65 0.45 0.85 0.9 0.35 0.55 0.5 0.75 0.15 1.0 0.7 0.85 0.35 0.5 0.15 
-0.058992469041915144 0.42440551875069443 0.4114405710300154 0.25 0.5 0.4 0.55 0.0 0.9 1.0 0.7 0.45 0.7 0.05 0.7 0.2 0.05 0.2 0.6 0.8 0.05 1.0 0.2 0.25 0.8 0.95 0.85 0.85 0.4 0.7 0.45 0.0 0.25 0.8 0.7 0.4 0.65 0.5 0.45 
-0.00648777133733948 0.6677027583197866 0.6189437827651488 0.45 0.35 0.8 1.0 0.6 0.15 1.0 0.2 0.6 0.8 0.8 0.4 0.45 0.45 0.65 0.5 0.45 0.65 0.85 0.05 0.35 0.95 0.25 0.45 0.5 0.65 0.55 0.15 0.8 0.95 0.75 0.7 0.3 0.55 0.2 0.75 
-0.01438921916258447 0.6456555083874121 0.593708439778998 0.45 0.35 0.8 1.0 0.6 0.45 1.0 0.2 0.6 1.0 0.8 0.5 0.35 0.45 0.65 0.5 0.45 0.65 0.05 0.1 0.35 0.9 0.25 0.45 0.85 0.7 0.6 0.15 0.8 0.95 1.0 0.7 0.3 0.45 0.15 0.75 
-0.1900034977889508 0.39772009858157054 0.42180452517247247 0.55 1.0 0.0 0.75 0.4 0.9 1.0 0.7 0.45 0.55 0.05 0.7 0.35 0.45 0.05 0.15 0.2 0.85 1.0 0.55 0.15 0.65 0.45 0.85 0.9 0.4 0.4 0.5 0.75 0.35 0.5 0.55 0.8 0.75 0.6 0.6 
-0.02946943483251244 0.39713144606941786 0.43703442557204025 1.0 0.75 0.45 1.0 0.85 0.6 0.95 0.7 0.45 0.8 0.05 0.7 0.2 1.0 0.2 0.05 0.8 0.9 1.0 0.1 0.6 0.45 0.05 0.75 0.9 0.4 0.7 0.45 0.1 0.25 0.7 0.25 0.1 0.15 0.5 0.6 
-0.39110831081067743 0.32306945337204307 0.5917451847639358 0.8 0.15 0.15 0.55 1.0 0.4 1.0 0.7 0.45 1.0 0.05 0.7 0.2 0.45 0.2 0.55 0.8 0.05 0.85 0.6 0.15 0.1 0.2 0.2 0.95 0.4 0.4 0.4 0.85 0.05 0.9 0.85 0.55 0.9 0.5 0.45 
-0.3026387680848535 0.43598940097823835 0.3926290906334155 0.25 0.5 0.4 0.55 0.0 0.9 1.0 0.7 0.45 1.0 0.05 0.7 1.0 0.05 0.2 0.75 0.8 0.15 0.7 0.7 0.45 0.65 0.95 0.75 0.85 0.4 0.7 0.45 0.0 0.25 0.8 0.7 0.1 0.7 0.5 0.45 
-0.017927542776830615 0.6379168207315516 0.645612975985546 0.45 0.35 0.75 1.0 0.6 0.85 1.0 0.2 0.6 0.8 0.8 0.45 0.9 0.65 0.65 0.45 0.45 0.65 1.0 0.05 0.35 0.9 0.25 0.35 0.7 0.7 0.55 0.15 0.8 0.95 0.75 0.8 0.3 0.55 0.2 0.75 
-0.5421320015745118 0.4429763794831666 0.38731655085116845 0.25 0.5 0.5 0.55 0.2 0.9 1.0 0.7 0.45 0.9 0.05 0.7 0.2 0.05 0.8 0.6 0.8 0.05 0.95 0.2 0.2 0.55 0.95 0.75 0.85 0.4 0.7 0.45 0.0 0.25 0.85 0.7 0.0 0.65 0.5 0.45 
-0.055836795671841966 0.3882815857299391 0.657043208727256 0.3 0.15 0.0 0.55 0.0 0.3 0.95 0.7 0.5 1.0 0.05 0.7 0.2 0.7 0.05 0.6 0.8 0.05 0.7 0.55 0.4 0.8 0.0 0.85 0.95 0.4 0.65 0.5 0.75 0.25 1.0 0.7 0.85 0.35 0.95 0.15 
-0.10553900685921909 0.32676365344934555 0.6121177128462248 0.8 0.15 0.15 0.55 1.0 0.4 1.0 0.7 0.45 1.0 0.05 0.7 0.2 0.45 0.2 0.55 0.8 0.05 0.85 0.6 0.15 0.1 0.2 0.2 0.95 0.4 0.4 0.45 0.25 0.05 0.9 0.85 0.55 0.9 0.5 0.45 
-0.10204942706162203 0.3252733319847586 0.5815128096772201 0.8 0.15 0.15 0.55 0.85 0.9 0.95 0.7 0.45 1.0 0.05 0.7 0.8 0.45 0.2 0.8 0.8 0.05 0.85 0.6 0.15 0.1 0.2 0.2 0.95 0.4 0.4 0.4 0.85 0.05 0.95 0.85 0.4 0.9 0.5 0.45 
-0.0457842017361863 0.6107105838941163 0.6754208610778701 0.45 0.35 0.8 1.0 0.6 0.25 1.0 0.2 0.6 1.0 0.8 0.5 0.35 0.35 0.65 0.5 0.45 0.65 1.0 0.1 0.55 0.9 0.25 0.45 0.55 0.7 0.55 0.15 0.8 0.95 1.0 0.7 0.3 0.55 0.2 0.75 
-0.15949068323623322 0.6641844989668191 0.6728701185810207 0.45 0.35 0.8 1.0 0.6 0.3 1.0 0.2 0.6 1.0 0.8 0.5 0.9 0.45 0.65 0.5 0.95 0.1 1.0 0.1 0.4 0.8 0.25 0.45 0.55 0.7 0.55 0.15 0.8 0.95 1.0 0.75 0.3 0.65 0.2 0.75 
-0.064574929329043 0.34014867351916966 0.5546669472479393 0.4 0.15 0.15 0.55 0.45 0.9 1.0 0.7 0.45 1.0 0.05 0.7 0.2 0.15 0.2 0.8 0.8 0.05 0.85 0.6 0.3 0.1 0.05 0.7 0.95 0.4 0.4 0.4 0.85 0.25 0.95 0.7 0.4 0.9 0.5 0.45 
-0.03957875663013478 0.6282290783559619 0.6694024006637829 0.45 0.35 0.8 1.0 0.25 0.8 1.0 0.2 0.6 1.0 0.8 0.4 0.35 0.45 0.75 0.75 0.45 0.65 1.0 0.1 0.35 0.9 0.25 0.45 0.75 0.7 0.55 0.15 0.8 0.95 1.0 0.7 0.3 0.15 0.9 0.75 
-0.003063424672014912 0.5977312919574134 0.6762329291012497 0.45 0.35 0.8 1.0 0.6 0.25 0.6 0.2 0.65 0.85 0.8 0.5 0.35 0.8 0.65 0.7 0.45 0.65 1.0 0.1 0.4 0.9 0.25 0.45 0.55 0.7 0.55 0.3 0.8 0.25 1.0 0.7 0.3 0.55 0.2 0.75 
-1.3495633215948177 0.39298622968250724 0.4314966618746054 1.0 0.75 0.35 1.0 0.85 0.6 0.95 0.7 0.45 0.8 0.05 0.7 0.2 1.0 0.2 0.05 0.8 0.05 1.0 0.1 0.2 0.85 0.05 0.75 0.9 0.4 0.65 0.45 0.1 0.25 0.7 0.25 0.1 0.15 0.5 0.6 
-0.013383083228325467 0.33121230219090736 0.6224357714022054 0.55 0.15 0.0 0.55 0.45 0.15 1.0 0.7 0.5 0.85 0.05 0.75 0.7 0.15 0.05 0.5 0.1 0.55 1.0 0.55 0.15 0.65 0.45 0.85 0.9 0.35 0.55 0.5 0.75 0.15 1.0 0.7 0.85 0.3 0.5 0.15 
-0.022303196346671564 0.6341959274170863 0.4324057377309172 0.8 0.45 1.0 0.75 0.35 0.05 0.95 0.4 0.6 0.7 0.95 0.3 0.1 0.45 1.0 0.45 0.75 0.95 0.05 0.05 0.2 0.6 0.45 0.55 0.9 0.9 0.75 0.6 0.45 0.15 1.0 0.95 0.2 0.0 0.9 0.2 
-8.973385549737912 0.45325458219891024 0.38023324723078133 0.25 0.5 0.4 0.55 0.0 0.9 1.0 0.7 0.45 1.0 0.05 0.7 1.0 0.05 0.2 0.75 0.8 0.15 0.7 0.3 0.45 0.65 0.95 0.75 0.85 0.4 0.7 0.45 0.05 0.25 0.8 0.7 0.1 0.7 0.5 0.45 
-0.037997402520149326 0.5689895063497119 0.6815258210760448 0.45 0.35 0.8 1.0 0.6 0.25 1.0 0.2 0.6 0.85 0.8 0.5 0.35 0.8 0.65 0.7 0.45 0.65 1.0 1.0 0.4 0.9 0.25 0.45 0.55 0.7 0.55 0.3 0.8 0.95 1.0 0.7 0.3 0.55 0.2 0.75 
-0.12614149159014998 0.662849165931275 0.5947860165326222 0.45 0.35 0.8 0.45 0.6 0.85 0.85 0.2 0.6 0.45 0.8 0.4 0.45 0.45 0.65 0.55 0.8 0.35 0.95 0.1 0.35 0.4 0.25 0.4 0.8 0.65 0.55 0.15 0.75 0.95 0.85 0.6 0.25 0.75 0.2 0.9 
-1.239401708801062 0.6943759189379894 0.5734442058764374 0.45 0.35 0.8 0.45 0.6 0.85 1.0 0.2 0.6 0.45 0.8 0.4 0.45 0.45 0.65 0.55 0.8 0.35 0.95 0.1 0.35 0.3 0.25 0.4 0.85 0.65 0.55 0.15 0.75 0.95 0.85 0.6 0.25 0.75 0.2 0.9 
-0.008397392125767329 0.6529493279504506 0.6348952779926144 0.45 0.35 0.6 1.0 0.95 0.85 1.0 0.2 0.5 0.8 0.8 0.4 0.95 0.45 0.65 0.5 0.45 0.65 1.0 0.15 0.4 0.9 0.25 0.45 1.0 0.7 0.55 0.15 0.8 0.95 0.75 0.7 0.2 0.5 0.2 0.75 
-0.035984799282942195 0.3321201917959401 0.6470757439489638 0.55 0.15 0.0 0.55 0.45 0.15 1.0 0.7 0.5 0.85 0.05 0.75 0.7 0.15 0.05 0.5 0.1 0.55 1.0 0.55 0.15 0.65 0.45 0.85 0.95 0.35 0.55 0.5 0.75 0.15 1.0 0.7 0.85 0.35 0.5 0.15 
-0.03432261740027933 0.45621221706960785 0.6951125101215251 0.3 0.15 0.0 0.55 0.0 0.3 0.95 0.7 0.4 1.0 0.05 0.7 0.2 0.7 0.05 0.6 0.8 0.05 1.0 0.55 0.2 0.8 0.0 0.95 0.95 0.4 0.75 0.45 0.75 0.25 1.0 0.7 0.75 0.35 0.95 0.15 
-15.438838695490578 0.5274987170064835 0.3907668376481671 0.8 0.5 1.0 0.8 0.35 0.55 1.0 0.4 0.6 0.7 0.95 0.3 0.1 0.55 1.0 0.45 0.75 0.95 0.8 0.9 0.5 0.6 0.45 0.55 0.9 0.35 0.75 0.6 0.45 0.15 1.0 0.95 0.0 0.0 0.9 0.2 
-0.12844458938532768 0.6448254540465225 0.6828485130060676 0.45 0.35 0.0 1.0 0.6 0.3 1.0 0.2 0.6 1.0 0.8 0.5 0.7 0.45 0.65 0.5 0.95 0.65 0.8 0.1 0.4 0.9 0.25 0.45 0.55 0.7 0.55 0.15 0.8 0.95 1.0 0.75 0.3 0.65 0.2 0.75 
-0.016453452556513024 0.5457640354010489 0.6986234606261303 0.45 0.6 0.8 1.0 0.6 0.25 1.0 0.1 0.6 0.95 0.8 0.5 0.35 0.45 0.65 0.5 0.05 0.65 1.0 0.1 0.35 0.9 0.25 0.45 0.5 0.7 0.55 0.15 0.8 0.95 1.0 0.75 0.3 0.65 0.25 0.75 
-0.03461445758926177 0.5897010296495014 0.688227129577923 0.45 0.6 0.2 1.0 0.6 0.25 1.0 0.2 0.6 0.35 0.8 0.5 0.35 0.45 0.65 0.5 0.05 0.65 1.0 0.1 0.35 0.9 0.25 0.45 0.5 0.7 0.55 0.15 0.8 0.95 1.0 0.75 0.3 0.55 0.25 0.75 
-0.13945711223745674 0.6621963284787156 0.46244084746770786 0.8 0.9 1.0 0.55 0.2 1.0 0.95 0.4 0.55 0.7 0.95 0.3 0.8 0.05 1.0 0.55 0.95 0.1 0.2 0.15 0.1 0.6 0.9 0.9 0.25 0.95 0.4 0.7 0.45 0.3 0.8 0.9 0.7 0.5 0.9 0.1 
-0.876159580706418 0.6823515081778845 0.6194852655886327 0.65 0.85 0.75 1.0 0.6 0.85 1.0 0.2 0.6 0.8 0.8 0.4 0.45 0.45 0.2 0.5 0.45 0.65 0.85 0.05 0.35 0.9 0.25 0.45 0.7 0.65 0.55 0.15 0.8 0.95 0.85 0.7 0.3 0.95 0.2 0.75 
-1.9802505953774145 0.6882598132627502 0.6051467213833968 0.45 0.35 0.8 1.0 0.6 0.25 1.0 0.2 0.6 1.0 0.8 0.5 0.35 0.5 0.65 1.0 0.9 0.65 1.0 0.1 0.35 0.55 0.25 0.45 0.5 0.7 0.55 0.15 0.4 0.75 1.0 0.7 0.3 0.55 0.2 0.8 
-0.20200407264978862 0.6328480101616683 0.6807736302442622 0.45 0.35 0.8 1.0 0.6 0.25 1.0 0.2 0.6 0.85 0.8 0.5 0.35 0.8 0.65 0.7 0.45 0.65 1.0 0.1 0.4 0.9 0.25 0.45 0.55 0.7 0.55 0.3 0.8 0.95 1.0 0.7 0.3 0.55 0.2 0.75 
-0.07436913067718588 0.5958420923133674 0.7037300476064963 0.45 0.35 0.8 1.0 0.6 0.25 1.0 0.2 0.6 1.0 0.8 0.5 0.35 0.5 0.65 0.5 0.9 0.65 1.0 0.1 0.35 0.9 0.25 0.45 0.5 0.7 0.55 0.15 0.4 0.75 1.0 0.7 0.3 0.55 0.2 0.8 
-2.801546489942146 0.6688831934369182 0.5099792998400053 0.45 0.75 0.2 1.0 0.6 0.85 1.0 0.2 0.6 0.8 0.8 0.25 0.45 0.85 0.65 0.5 0.45 0.65 0.8 0.1 0.35 0.9 0.25 0.45 0.75 0.95 0.55 0.15 0.2 1.0 0.85 0.7 0.3 0.55 0.2 0.75 
-0.3247830839602472 0.5737145797982386 0.7105159893469367 0.45 0.6 0.8 1.0 0.6 0.45 1.0 0.2 0.6 0.4 0.8 0.5 0.35 0.45 0.65 0.5 0.05 0.65 1.0 0.1 0.35 0.9 0.25 0.45 0.5 0.7 0.55 0.15 0.8 0.9 1.0 0.75 0.3 0.65 0.25 0.75 
-0.24424866721631766 0.5033430261257302 0.6929360043361927 0.1 0.2 0.2 0.55 0.5 1.0 0.7 0.7 0.7 1.0 0.5 0.55 0.45 1.0 1.0 0.45 0.85 0.65 0.85 0.8 0.9 0.4 0.8 0.8 0.95 1.0 0.65 0.35 0.95 0.1 0.9 0.9 0.7 0.8 0.85 0.55 
-0.09011329215904167 0.6776931109196589 0.5944074970355838 0.45 0.35 0.8 0.45 0.6 0.85 1.0 0.2 0.6 0.45 0.8 0.4 0.45 0.45 0.65 0.55 0.8 0.35 0.95 0.1 0.35 0.4 0.25 0.4 0.6 0.65 0.55 0.15 0.75 0.95 0.85 0.6 0.25 0.75 0.2 0.9 
-0.5513189819152102 0.6859956369283501 0.6371835278482738 0.45 0.35 0.8 1.0 0.6 0.9 1.0 0.2 0.6 0.8 0.8 0.4 0.45 0.45 0.65 0.5 0.45 0.65 1.0 0.1 0.35 0.85 0.25 0.45 0.75 0.7 0.6 0.15 0.8 0.95 0.65 0.7 0.3 0.75 0.2 0.75 
-0.0559974896639226 0.40135569011152455 0.6788563170951288 0.25 0.6 0.15 0.65 0.75 0.15 0.95 0.7 0.45 1.0 0.05 0.7 0.2 0.15 0.1 1.0 0.8 0.9 1.0 0.6 0.15 0.8 0.0 0.7 0.85 0.4 0.7 0.4 0.85 0.35 0.9 0.7 0.35 0.7 0.5 0.6 
-0.013705966626338332 0.4666962169721769 0.6944875826389083 0.3 0.15 0.0 0.55 0.0 0.3 0.95 0.7 0.5 1.0 0.05 0.7 0.2 0.7 0.05 0.6 0.35 0.05 1.0 0.55 0.2 0.8 0.0 0.75 0.95 0.4 0.75 0.45 0.75 0.25 1.0 0.7 0.75 0.35 0.95 0.15 
-0.5013303552148919 0.5543178913555201 0.3932224513509186 0.8 0.5 0.3 0.6 0.35 0.55 0.95 0.45 0.6 0.7 0.95 0.3 0.65 0.45 1.0 0.4 0.45 0.95 0.35 0.9 1.0 0.9 0.55 0.5 0.9 0.15 0.75 0.65 0.5 0.15 0.65 0.9 0.15 0.0 0.4 0.0 
-0.25196143337643445 0.6161547256417339 0.7161723581271635 0.45 0.35 0.8 1.0 0.6 0.3 1.0 0.2 0.6 1.0 0.8 0.5 0.35 0.45 0.65 0.5 0.45 0.65 1.0 0.1 0.4 0.9 0.25 0.45 0.55 0.7 0.55 0.15 0.8 0.95 1.0 0.75 0.3 0.65 0.2 0.75 
-0.01802998475983503 0.4237504249588028 0.7002955057370012 0.6 0.95 0.0 0.55 0.9 0.7 1.0 0.7 0.5 1.0 0.05 0.7 0.2 0.15 0.05 0.6 0.6 0.75 1.0 0.55 0.2 0.85 0.05 0.85 1.0 0.35 0.75 0.5 0.75 0.25 1.0 0.7 0.75 0.35 0.55 0.05 
-0.40199892241626034 0.5416034919543125 0.7388065547939822 0.45 0.6 0.8 1.0 0.6 0.25 1.0 0.2 0.6 0.95 0.8 0.5 0.35 0.45 0.65 0.5 0.05 0.65 1.0 0.1 0.35 0.9 0.25 0.45 0.5 0.7 0.55 0.15 0.8 0.95 1.0 0.75 0.3 0.65 0.25 0.75 
-0.0434984348889327 0.3345808756235029 0.5036127968241443 0.55 1.0 0.45 0.75 0.4 0.9 1.0 0.7 0.45 0.25 0.05 0.7 0.35 0.7 0.05 0.45 0.8 0.65 1.0 0.55 0.15 0.0 0.45 0.85 0.9 0.4 0.4 0.5 0.75 0.35 0.35 0.3 0.1 0.85 0.65 0.6 
-0.06259714323274773 0.4355960854945086 0.6995631318384188 0.3 0.15 0.0 0.55 0.0 0.3 1.0 0.7 0.5 1.0 0.05 0.7 0.2 0.7 0.05 0.6 0.8 0.05 1.0 0.55 0.2 0.8 0.1 0.95 0.95 0.4 0.75 0.45 0.75 0.25 0.9 0.7 0.75 0.35 0.95 0.15 
-0.2592504117173737 0.35325545629228006 0.6769782252877743 0.55 0.15 0.0 0.55 0.45 0.15 1.0 0.7 0.5 0.85 0.05 0.75 0.7 0.15 0.05 0.5 0.1 0.55 1.0 0.55 0.15 0.9 0.45 0.85 0.95 0.35 0.55 0.5 0.75 0.15 1.0 0.7 0.85 0.35 0.5 0.15 
-0.04215317540616429 0.5428526947272996 0.7146347428913251 0.1 0.2 0.2 0.55 0.5 1.0 1.0 0.75 0.7 1.0 0.5 0.55 0.85 1.0 1.0 0.45 0.85 0.35 0.85 0.8 0.9 0.8 0.8 0.8 0.95 1.0 0.6 0.35 0.95 0.1 0.9 0.9 0.7 0.8 0.85 0.55 
-12.101288277384164 0.48086327921101973 0.3950773364062668 0.25 0.5 0.4 0.55 0.0 0.9 1.0 0.7 0.45 1.0 0.05 0.7 0.4 0.05 0.2 0.75 0.8 0.75 1.0 0.2 0.25 0.55 0.95 0.85 0.85 0.4 0.7 0.45 0.0 0.25 0.8 0.2 0.1 0.7 0.5 0.45 
-0.2744206645353494 0.5766237988785009 0.7207240818294747 0.45 0.35 0.8 1.0 0.6 0.25 1.0 0.2 0.6 1.0 0.8 0.5 0.35 0.45 0.65 0.5 0.45 0.65 1.0 0.1 0.35 0.9 0.25 0.45 0.55 0.7 0.55 0.15 0.8 0.95 1.0 0.75 0.3 0.65 0.2 0.75 
-0.14889347085173862 0.5521857191800741 0.7146862152287599 0.45 0.6 0.8 1.0 0.6 0.25 1.0 0.2 0.6 0.95 0.8 0.5 0.35 1.0 0.65 0.5 0.05 0.65 1.0 1.0 0.35 0.9 0.25 0.45 0.55 0.7 0.55 0.15 0.35 0.95 1.0 0.75 0.3 0.65 0.2 0.75 
-0.6060362627492739 0.3475446458230424 0.6699498787883219 0.55 0.15 0.0 0.55 0.45 0.5 1.0 0.7 0.5 0.85 0.05 0.75 0.7 0.15 0.05 0.5 0.1 0.55 1.0 0.55 0.15 0.9 0.45 0.85 0.95 0.35 0.55 0.5 0.75 0.15 1.0 0.7 0.85 0.35 0.45 0.1 
-0.0031708181968722045 0.5967095943725472 0.41025596630659844 0.8 0.5 1.0 0.8 0.35 0.55 1.0 0.4 0.6 0.9 0.95 0.3 0.1 0.55 1.0 0.45 0.75 0.95 0.8 0.9 0.5 0.6 0.45 0.55 0.9 0.35 0.75 0.85 0.45 0.15 1.0 0.95 0.1 0.0 0.9 0.2 
-0.21753240955536782 0.3104245580614391 0.5404548990925032 0.55 1.0 0.1 0.75 0.4 0.9 1.0 0.7 0.45 0.4 0.05 0.7 0.35 0.7 0.45 0.45 0.8 0.55 1.0 0.55 0.15 0.0 0.45 0.85 1.0 0.4 0.4 0.55 0.75 0.35 0.35 0.95 0.85 0.85 0.65 0.6 
-30.981798609193397 0.5043787549684344 0.3857910457601379 0.8 0.5 1.0 0.8 0.35 0.55 1.0 0.4 0.6 0.7 0.95 0.3 0.1 0.55 1.0 0.45 0.75 0.95 0.8 0.9 0.5 0.6 0.45 0.55 0.9 0.35 0.75 0.4 0.45 0.15 1.0 0.95 0.0 0.0 0.9 0.2 
-0.11544902255064163 0.32045045101268554 0.5181969314584699 0.55 1.0 0.45 0.75 0.4 0.9 1.0 0.7 0.45 0.25 0.05 0.7 0.35 0.7 0.05 0.45 0.8 0.65 1.0 0.55 0.15 0.0 0.45 0.85 0.9 0.4 0.4 0.5 0.75 0.35 0.35 0.05 0.55 0.85 0.65 0.6 
-0.4240091063082217 0.45844382126022226 0.7014312879403188 0.3 0.15 0.0 0.55 0.0 0.3 0.95 0.7 0.5 1.0 0.05 0.7 0.2 0.7 0.05 0.6 0.35 0.05 1.0 0.55 0.2 0.8 0.0 0.95 0.95 0.4 0.75 0.45 0.75 0.25 1.0 0.7 0.75 0.35 0.95 0.15 
-0.027333113452305973 0.34213635855419705 0.4847314921838944 0.55 1.0 0.45 0.75 0.4 0.9 1.0 0.7 0.45 0.75 0.05 0.7 0.35 0.7 0.55 0.45 0.8 0.65 1.0 0.55 0.15 0.0 0.45 0.85 0.9 0.4 0.4 0.5 0.75 0.35 0.35 0.7 0.95 0.85 0.65 0.6 
-165.47367683862365 0.48180614962833923 0.7338388990956303 0.45 0.35 0.8 1.0 0.6 0.45 1.0 0.2 0.2 1.0 0.8 0.5 0.35 0.45 0.65 0.5 0.45 0.65 1.0 0.1 0.35 0.9 0.25 0.45 0.85 0.7 0.6 0.15 0.8 0.95 1.0 0.7 0.3 0.45 0.15 0.75 
-0.9055034751087725 0.3760407757259134 0.6951629448444848 0.6 0.95 0.0 0.55 0.45 0.7 1.0 0.7 0.5 1.0 0.05 0.7 0.2 0.15 0.05 0.6 0.8 0.75 1.0 0.55 0.2 0.85 0.45 0.85 1.0 0.35 0.75 0.5 0.75 0.25 1.0 0.7 0.75 0.35 0.85 0.15 
-0.6792469653819664 0.3116520410827499 0.5584519328261673 0.05 0.45 0.0 0.9 0.4 0.9 1.0 0.7 0.45 0.8 0.05 0.45 0.35 0.7 0.0 0.6 0.35 0.75 1.0 0.55 0.4 0.65 0.45 0.85 0.85 0.4 0.45 0.15 0.75 0.25 1.0 0.55 0.2 1.0 0.65 0.75 
-4.451147902020652 0.6649855483771357 0.6813946844332428 0.45 0.35 0.8 1.0 0.6 0.25 1.0 0.2 0.6 1.0 0.8 0.5 0.35 0.45 0.65 0.5 0.45 0.65 1.0 0.1 0.35 0.9 0.25 0.45 0.55 0.7 0.55 0.15 0.8 0.9 1.0 0.75 0.3 0.65 0.2 0.75 
-0.20777473459946907 0.33096766595294613 0.49405716165273533 0.55 1.0 0.45 0.75 0.4 0.9 1.0 0.7 0.45 0.4 0.05 0.7 0.35 0.7 0.8 0.45 1.0 0.65 1.0 0.55 0.15 0.0 0.45 0.85 0.9 0.4 0.4 0.5 0.75 0.35 0.35 0.2 0.1 0.85 0.65 0.6 
-1.7805416124033024 0.32474715400824916 0.6444268097252998 0.2 0.15 0.0 0.55 0.45 0.15 1.0 0.7 0.5 0.85 0.05 0.75 0.7 0.15 0.05 0.5 0.1 0.55 1.0 0.55 0.15 0.9 0.45 0.85 0.95 0.35 0.55 0.5 0.75 0.3 0.9 0.75 0.85 0.3 0.5 0.15 
-0.4481282883772237 0.40308798629060344 0.7057498012275579 0.6 0.95 0.0 0.55 0.45 0.7 1.0 0.7 0.5 0.4 0.05 0.7 0.2 0.15 0.05 0.6 0.6 0.75 1.0 0.55 0.2 0.85 0.05 0.85 1.0 0.35 0.75 0.5 0.75 0.25 1.0 0.7 0.75 0.35 0.85 0.05 
-0.05629849893972006 0.6544528667848986 0.44800985249907366 0.8 0.9 1.0 0.55 0.2 1.0 0.95 0.4 0.55 0.65 0.95 0.3 0.8 0.95 1.0 0.55 0.95 0.1 0.2 0.15 0.1 0.6 0.9 0.9 0.25 0.95 0.4 0.7 0.45 0.3 0.8 0.9 0.7 0.5 0.0 0.1 
-2.3313344798024898 0.5134374821347939 0.722232017278856 0.1 0.2 0.0 0.55 0.5 1.0 1.0 0.75 0.7 1.0 0.5 0.55 0.85 1.0 1.0 0.45 0.85 0.35 0.85 0.8 0.9 0.8 0.8 0.8 0.95 1.0 0.6 0.6 0.95 0.1 0.9 0.9 0.7 0.55 0.85 0.55 
-14.117172828946403 0.6897063186852277 0.6568962991290538 0.65 0.85 0.75 1.0 0.6 0.85 1.0 0.2 0.6 0.8 0.8 0.4 0.45 0.45 0.2 0.5 0.45 0.95 0.85 0.1 0.35 0.9 0.25 0.45 0.7 0.65 0.55 0.15 0.8 0.95 1.0 0.7 0.3 0.6 0.2 0.75 
-5.994997852041278 0.3075996278366029 0.6169093723255575 0.2 0.15 0.0 0.55 0.45 0.15 1.0 0.7 0.5 0.85 0.05 0.75 0.7 0.15 0.05 0.5 0.1 0.55 1.0 0.55 0.15 0.9 0.45 0.85 0.95 0.35 0.55 0.5 0.75 0.3 0.9 0.75 0.85 0.3 0.65 0.15 
-0.2907088636847069 0.5654868645409182 0.7377314817854468 0.45 0.6 0.8 1.0 0.6 0.25 1.0 0.2 0.6 0.95 0.8 0.5 0.35 0.45 0.65 0.5 0.05 0.65 1.0 0.1 0.35 0.9 0.25 0.45 0.55 0.7 0.55 0.15 0.8 0.95 1.0 0.75 0.3 0.65 0.2 0.75 
-12.58080361962751 0.6696289066776796 0.6796236151434861 0.65 0.85 0.75 1.0 0.6 0.85 1.0 0.2 0.6 0.8 0.8 0.4 0.45 0.45 0.2 0.5 0.4 0.95 0.85 0.1 0.35 0.9 0.25 0.45 0.7 0.65 0.55 0.2 0.8 0.9 1.0 0.7 0.3 0.35 0.2 0.75 
-11.886917924926923 0.2913545695817782 0.5908699561665209 0.55 1.0 0.0 0.05 0.4 0.95 1.0 0.7 0.45 0.55 0.05 0.7 0.35 0.45 0.05 0.15 0.2 0.85 1.0 0.55 0.15 0.65 0.45 0.85 0.9 0.4 0.4 0.5 0.75 0.35 1.0 1.0 0.75 0.75 0.65 0.6 
-25.572997186664345 0.64766846067252 0.7129717360744768 0.45 0.35 0.8 1.0 0.6 0.85 1.0 0.2 0.65 0.4 0.8 0.4 0.85 0.75 0.65 0.65 0.45 0.65 0.95 0.1 0.35 0.95 0.25 0.45 1.0 0.65 0.55 0.05 0.5 0.95 1.0 0.7 0.25 0.55 0.2 0.75 
-18.373311138139 0.7021702540769644 0.5402876291103241 0.45 0.35 0.8 0.45 0.6 0.85 0.85 0.2 0.6 0.45 0.8 0.4 0.45 0.15 0.65 0.55 0.8 0.35 0.95 0.1 0.35 0.25 0.25 0.4 0.8 0.65 0.55 0.15 0.75 0.95 0.85 0.6 0.25 0.75 0.2 0.9 
-0.041881599216150325 0.598652119389004 0.7251340452744204 0.45 0.6 0.8 1.0 0.6 0.25 1.0 0.2 0.6 0.95 0.8 0.5 0.35 0.45 0.65 0.5 0.05 0.65 1.0 0.1 0.35 0.9 0.25 0.45 0.55 0.7 0.55 0.15 0.8 0.95 1.0 0.75 0.3 0.65 0.2 0.75 
-26.04792300800386 0.2883137574794161 0.567410717666792 0.55 0.45 0.0 0.55 0.4 0.9 1.0 0.7 0.45 0.8 0.05 0.7 0.45 0.7 0.0 0.6 0.8 0.4 1.0 0.55 0.4 0.8 0.45 0.85 0.85 0.4 0.65 0.5 0.75 0.25 0.4 0.7 0.1 0.85 0.65 0.75 
-21.875598608638104 0.29582522102714504 0.5382028198032576 0.55 1.0 0.0 0.75 0.4 0.9 1.0 0.7 0.45 0.55 0.05 0.7 0.35 0.45 0.05 0.15 0.2 0.85 1.0 0.55 0.15 0.65 0.45 0.85 0.9 0.4 0.4 0.5 0.75 0.35 0.45 1.0 0.8 0.75 0.65 0.6 
-0.0863510896446862 0.528007103593862 0.7416978089265478 0.45 0.0 0.8 1.0 0.6 0.25 1.0 0.2 0.65 0.95 0.8 0.5 0.35 0.45 0.65 0.5 0.05 0.65 1.0 0.1 0.35 0.9 0.25 0.45 0.5 0.7 0.55 0.15 0.8 0.95 1.0 0.75 0.3 0.65 0.25 0.75 
-10.386240723354108 0.3192922550179744 0.4921351498482582 0.55 1.0 0.0 0.75 0.4 0.9 1.0 0.7 0.45 0.55 0.05 0.7 0.35 0.45 0.05 0.15 0.2 0.85 1.0 0.55 0.15 0.65 0.45 0.85 0.95 0.4 0.4 0.5 0.75 0.35 0.25 1.0 0.8 0.75 0.6 0.6 
-0.32969878297001537 0.35847559130968454 0.45699590156378683 0.55 1.0 0.0 0.75 0.4 0.9 1.0 0.7 0.45 0.55 0.05 0.7 0.35 0.45 0.05 0.15 0.2 0.85 1.0 0.55 0.15 0.65 0.45 0.85 0.9 0.4 0.4 0.5 0.75 0.35 0.25 0.55 0.8 0.75 0.6 0.6 
-0.5067852108676645 0.42223275182891123 0.7142897475750969 0.6 0.5 0.0 0.55 0.45 0.7 1.0 0.7 0.5 1.0 0.05 0.7 0.2 0.15 0.05 0.6 0.6 0.75 1.0 0.55 0.2 0.75 0.05 0.85 1.0 0.35 0.75 0.5 0.75 0.25 1.0 0.7 0.75 0.35 0.5 0.05 
-0.10702556182102661 0.33108773961291893 0.47498877665936967 0.55 1.0 0.45 0.75 0.4 0.9 1.0 0.7 0.45 0.4 0.05 0.7 0.35 0.7 0.8 0.45 1.0 0.65 1.0 0.55 0.15 0.0 0.45 0.85 0.9 0.4 0.4 0.5 0.75 0.35 0.35 0.05 0.1 0.85 0.65 0.6 
-0.1998845589871478 0.4550331243973018 0.7152233600432946 0.6 0.95 0.0 0.55 0.45 0.7 1.0 0.7 0.5 1.0 0.05 0.7 0.2 0.15 0.05 0.6 0.6 0.75 1.0 0.55 0.2 0.75 0.05 0.85 1.0 0.35 0.75 0.5 0.75 0.25 1.0 0.7 0.75 0.35 0.85 0.05 
-29.224060816101698 0.29917730033645007 0.5075179256485323 0.55 0.15 0.0 0.75 0.4 0.9 1.0 0.7 0.45 0.85 0.05 0.7 0.25 0.7 0.05 0.15 0.4 0.85 1.0 0.55 0.25 0.8 0.45 0.85 0.95 0.4 0.4 0.5 0.75 0.35 0.45 0.7 0.0 0.85 0.65 0.6 
-0.17379088247915053 0.34880710563251827 0.46376951008277256 0.55 1.0 0.0 0.75 0.4 0.9 1.0 0.7 0.45 0.55 0.05 0.7 0.35 0.45 0.05 0.15 0.2 0.85 1.0 0.55 0.15 0.35 0.45 0.85 0.9 0.4 0.4 0.5 0.75 0.35 0.25 1.0 0.4 0.95 0.6 0.6 
-13.142272265877867 0.7121169844131454 0.5874215438658756 0.45 0.35 0.4 0.45 0.6 0.85 1.0 0.2 0.6 0.45 0.8 0.25 0.45 0.45 0.65 0.55 0.8 0.15 0.95 0.1 0.35 0.4 0.25 0.45 0.85 0.65 0.55 0.15 0.75 0.95 0.9 0.6 0.25 0.75 0.2 0.9 
-0.5151206286010573 0.618545537949553 0.7258272059355961 0.45 0.6 0.8 1.0 0.6 0.45 1.0 0.2 0.6 0.95 0.8 0.5 0.35 0.45 0.65 0.5 0.05 0.65 1.0 0.1 0.35 0.9 0.25 0.45 0.5 0.7 0.55 0.15 0.8 0.9 1.0 0.75 0.3 0.65 0.25 0.75 
-0.9475744511852306 0.6474533792453327 0.43215821582580766 0.8 0.45 1.0 0.75 0.35 0.05 0.95 0.4 0.6 0.7 0.95 0.3 0.9 0.45 1.0 0.45 0.75 0.95 0.05 0.05 0.2 0.6 0.45 0.55 0.9 0.9 0.75 0.6 0.3 0.15 1.0 0.95 0.2 0.0 0.9 0.2 
-35.26882318514431 0.311783767987735 0.4775273588632907 0.55 0.45 0.0 0.75 0.4 0.9 1.0 0.7 0.45 0.8 0.05 0.7 0.25 0.7 0.05 0.15 0.4 0.85 1.0 0.55 0.2 0.8 0.45 0.85 0.95 0.4 0.4 0.5 0.75 0.35 1.0 0.7 0.0 0.85 0.65 0.6 
-16.27000350522239 0.2881898226535765 0.5847221940256054 0.55 1.0 0.0 0.05 0.4 0.95 1.0 0.7 0.45 0.55 0.05 0.7 0.35 0.45 0.05 0.15 0.2 0.85 1.0 0.55 0.15 0.65 0.45 0.85 0.9 0.4 0.4 0.5 0.75 0.35 1.0 1.0 0.8 0.75 0.65 0.6 
-21.460749776945054 0.7144558304555243 0.5574678712634562 0.45 0.35 0.8 0.45 0.7 0.95 0.85 0.2 0.6 0.45 0.8 0.15 0.45 0.85 0.7 0.55 1.0 0.35 0.95 0.1 0.35 0.25 0.25 0.4 0.6 0.65 0.55 0.45 0.75 0.95 0.85 0.55 0.25 0.75 0.2 0.9 
-14.285593873774843 0.46177971804866097 0.36543189982841434 0.25 0.5 0.4 0.55 0.0 0.9 1.0 0.7 0.45 1.0 0.05 0.7 1.0 0.05 0.2 0.75 0.8 0.5 1.0 0.2 0.25 0.65 0.95 0.75 0.85 0.4 0.7 0.45 0.0 0.25 0.8 0.7 0.1 0.7 0.5 0.45 
-0.22338222986496206 0.617211207871469 0.4115179320955105 0.8 0.5 1.0 0.8 0.35 0.55 1.0 0.4 0.6 0.9 0.95 0.3 0.1 0.55 1.0 0.45 0.75 0.95 0.8 0.25 0.5 0.6 0.45 0.55 0.9 0.35 0.75 0.85 0.45 0.15 1.0 0.95 0.1 0.0 0.9 0.2 
-9.644821313306247 0.676171777100015 0.5030134501956045 0.45 0.35 0.8 0.7 0.4 0.85 1.0 0.2 0.6 0.25 0.8 0.4 0.45 0.45 0.65 0.5 0.45 0.5 0.8 0.1 1.0 0.9 0.25 0.45 1.0 0.65 0.55 0.15 0.8 0.95 0.9 0.7 0.15 0.95 0.2 0.75 
-28.8030615148178 0.28061580496059746 0.6033395672107574 0.55 1.0 0.0 0.75 0.4 0.9 1.0 0.7 0.45 0.55 0.05 0.7 0.35 0.45 0.05 0.15 0.2 0.85 1.0 0.55 0.15 0.65 0.45 0.85 0.9 0.4 0.8 0.5 0.75 0.35 0.9 1.0 0.7 0.75 0.65 0.6 
-11.69904523652156 0.7067697076142394 0.6119707037442618 0.45 0.35 0.4 0.45 0.6 0.85 1.0 0.2 0.6 0.45 0.8 0.25 0.45 0.45 0.65 0.55 0.8 0.15 0.95 0.1 0.35 0.4 0.25 0.4 0.85 0.65 0.55 0.15 0.75 0.95 0.9 0.6 0.25 0.75 0.2 0.9 
-24.56578328541826 0.7054138697094683 0.5322665450655317 0.45 0.35 0.8 0.45 0.7 0.95 0.85 0.2 0.6 0.45 0.8 0.15 0.45 0.85 0.7 0.55 1.0 0.35 0.95 0.1 0.35 0.25 0.25 0.4 0.6 0.65 0.55 0.45 0.95 0.95 0.85 0.55 0.25 0.75 0.2 0.9 
-13.759626526305858 0.6551168424204101 0.4312229607632906 0.8 0.45 1.0 0.75 0.35 0.05 0.95 0.4 0.65 0.7 0.95 0.3 0.9 0.45 0.2 0.45 0.75 0.95 0.05 0.05 0.2 0.6 0.45 0.55 0.9 0.9 0.75 0.6 0.3 0.15 1.0 0.95 0.2 0.0 0.9 0.2 
-11.406179068823452 0.45354721919323354 0.36405063496594753 0.25 0.5 0.4 0.55 0.0 0.9 1.0 0.7 0.45 1.0 0.05 0.7 1.0 0.05 0.2 0.75 0.8 0.15 0.7 0.2 0.45 0.65 0.95 0.75 0.85 0.4 0.7 0.45 0.0 0.25 0.8 0.7 0.1 0.7 0.5 0.45 
-12.115929395573346 0.42835860519236707 0.36597495841397054 0.25 0.5 0.4 0.55 0.0 0.9 1.0 0.7 0.45 1.0 0.05 0.7 1.0 0.1 0.2 0.75 0.8 0.5 0.6 0.2 0.25 0.65 0.95 0.7 0.85 0.4 0.7 0.45 0.0 0.25 0.8 0.7 0.1 0.6 0.5 0.45 
-6.732296073149883 0.6985098483353763 0.6382669354514803 0.45 0.35 0.8 1.0 0.6 0.9 1.0 0.2 0.6 0.8 0.8 0.4 0.45 0.45 0.65 0.5 0.45 0.65 1.0 0.1 0.35 0.85 0.25 0.45 0.75 0.7 0.6 0.15 0.8 0.95 0.95 0.7 0.3 0.75 0.2 0.75 
