-0.025140339678744312 0.48932290161738096 0.5097240110064356 0.9 0.95 0.55 0.0 0.65 0.45 0.3 0.75 0.4 0.55 0.6 0.6 0.95 0.9 0.5 0.9 0.5 0.1 0.4 0.55 0.9 0.1 0.35 0.05 0.85 0.45 0.2 0.05 0.15 0.05 0.9 0.45 0.9 0.6 0.55 0.2 
-0.02064575865174671 0.495131614628847 0.4978447491916319 0.4 1.0 0.3 0.55 0.4 0.2 0.95 0.55 0.15 0.85 0.9 0.85 0.0 0.15 0.6 0.15 0.2 0.45 0.85 0.55 0.1 0.6 0.9 0.9 0.8 0.45 0.3 0.05 0.3 0.7 0.85 0.85 0.3 0.8 0.7 1.0 
-0.0010678909847151473 0.4763252190701357 0.5006666594634004 0.9 0.0 0.55 0.0 0.65 0.45 0.3 0.75 0.4 0.55 0.15 0.6 0.75 0.9 0.5 0.0 0.5 0.1 0.4 0.35 0.9 0.55 0.35 0.05 0.85 0.45 0.35 0.05 0.9 0.05 0.8 0.45 0.9 0.6 0.55 0.2 
-0.021865908695714448 0.4775800512453304 0.5409444982743686 0.75 0.25 1.0 0.7 0.8 0.75 0.75 0.95 0.15 0.75 0.9 0.4 0.0 0.8 0.3 0.6 0.65 0.45 0.7 0.0 0.55 0.35 0.85 0.5 0.8 0.45 0.3 0.25 0.35 0.9 0.9 0.85 0.1 0.95 0.75 0.75 
-0.008232031445897533 0.5180841488752751 0.470941041541441 0.45 1.0 0.25 0.1 0.05 0.15 1.0 0.25 0.7 0.55 0.95 0.6 0.5 1.0 0.8 0.55 0.35 0.85 0.85 0.4 0.35 0.4 0.6 0.65 0.8 0.75 0.15 0.45 0.55 0.7 0.2 0.65 0.35 1.0 0.35 0.35 
-0.007951942927234563 0.48201324043195926 0.5286417605312348 0.75 0.55 0.5 0.85 0.9 0.75 0.25 0.05 0.65 0.5 0.5 0.05 0.2 0.2 0.45 0.75 0.35 0.85 0.95 0.45 0.45 0.9 0.95 1.0 0.4 1.0 0.05 0.9 0.95 0.6 0.5 0.8 0.9 0.3 0.0 0.1 
-0.0017426147576527966 0.5130232587053118 0.5086619730288829 0.2 0.45 0.25 0.35 0.4 0.55 0.35 0.45 0.45 0.55 0.4 0.35 0.45 0.05 0.7 1.0 0.3 0.05 0.8 0.4 0.55 0.35 0.65 0.05 0.9 0.15 0.05 0.2 0.55 1.0 0.85 0.3 0.05 0.85 0.85 0.5 
-0.009257711627859105 0.5643741133812319 0.5213388208792475 0.6 0.7 0.2 0.8 0.1 1.0 0.35 0.55 0.05 0.55 0.2 0.95 0.6 0.15 0.95 0.55 0.4 0.85 0.55 0.3 0.25 0.9 0.6 0.65 0.05 0.85 0.3 0.45 0.55 0.95 0.95 0.8 0.35 1.0 0.0 0.6 
-0.019180017641696096 0.5330621033872421 0.516740228245997 0.55 0.05 0.1 0.4 0.1 0.6 0.7 0.25 0.85 0.1 0.95 0.65 0.4 0.75 0.8 0.55 0.4 0.85 0.65 0.3 0.35 0.6 0.6 0.7 0.45 0.85 0.25 1.0 0.55 0.85 0.95 0.65 0.35 0.55 0.35 0.5 
-0.008274918786042647 0.4808748783747402 0.46662758102783264 0.4 1.0 0.15 0.9 0.55 0.75 0.95 0.55 0.15 0.85 0.9 0.4 0.9 0.6 0.25 0.25 0.3 0.5 0.8 0.2 0.1 0.55 0.85 0.25 0.8 0.45 0.3 0.1 0.7 0.25 0.9 1.0 0.3 0.0 0.75 0.75 
-0.0006593603826869883 0.47190744201893653 0.5197214418091848 0.85 0.8 0.1 0.8 0.9 0.9 0.5 0.6 0.25 0.2 0.7 0.85 0.05 0.95 0.4 0.9 0.55 0.2 0.9 0.75 0.95 0.3 0.15 0.1 0.95 0.25 0.2 1.0 0.9 0.2 0.95 0.2 0.65 0.75 0.7 0.55 
-0.002509327313447193 0.5177253793928668 0.5056430834394658 0.6 0.45 0.2 0.85 0.8 0.75 0.95 0.7 0.15 0.85 0.9 0.4 0.0 0.3 0.25 0.5 0.2 0.95 0.9 0.2 0.7 0.4 0.4 0.5 0.8 1.0 0.3 0.1 0.25 0.5 0.7 0.0 0.1 0.95 0.75 0.75 
-0.016370461264734806 0.4463226303543629 0.48780295803922524 0.5 0.35 0.65 0.65 0.15 0.25 0.95 0.75 0.15 0.4 1.0 0.4 0.0 0.35 0.55 0.8 0.7 0.45 0.95 0.2 0.3 0.8 0.95 0.5 0.65 0.45 0.4 0.7 0.65 0.5 0.55 0.9 0.35 0.65 0.75 0.75 
-0.004590582270637911 0.5016354163910411 0.46933222281885467 1.0 0.65 0.15 0.8 0.95 0.4 1.0 0.1 0.3 0.65 0.95 0.75 0.0 0.15 0.95 0.2 0.15 0.55 0.15 0.15 0.15 0.1 0.9 0.55 0.3 0.3 0.75 0.85 0.8 0.3 0.4 0.05 0.7 0.65 0.25 0.05 
-0.0002825500645044242 0.5523847290848176 0.48860850022966235 1.0 0.7 0.0 0.1 0.95 0.6 0.85 0.25 0.6 0.9 0.65 0.3 0.85 0.35 0.85 0.55 0.35 0.2 1.0 0.4 0.35 0.95 0.6 0.65 0.2 0.85 0.4 0.45 0.55 0.75 0.9 0.65 0.35 1.0 0.65 0.65 
-0.0018362027458117298 0.5330279491754756 0.5394998278161474 0.6 0.05 0.2 0.1 0.1 0.4 0.95 0.1 0.8 0.1 0.95 0.65 0.0 0.35 0.8 0.55 0.35 0.85 0.55 0.3 0.35 0.9 0.3 0.35 0.75 0.85 0.3 0.3 0.55 0.85 0.95 0.65 0.35 0.65 0.0 0.4 
-0.061083632613892255 0.5109026198569451 0.5292698827700215 0.65 0.95 0.45 0.95 0.6 0.35 0.5 0.75 0.7 0.4 0.9 0.3 0.05 0.95 1.0 0.2 0.4 0.1 0.7 0.15 0.55 0.15 0.15 0.15 1.0 0.3 0.3 0.7 0.7 0.45 0.15 0.45 0.25 0.8 0.75 0.45 
-0.06028395061664403 0.5492976500133706 0.4817271878811019 1.0 0.75 0.2 0.9 0.75 0.95 0.95 0.25 0.6 0.4 0.95 0.3 0.4 0.35 0.8 0.55 0.35 0.95 0.65 0.3 0.35 0.25 0.6 0.65 0.25 0.85 0.3 0.7 0.0 0.85 0.8 0.65 0.35 1.0 0.8 0.65 
-0.0011878299023495467 0.5215379238113184 0.454259975033825 1.0 0.65 0.15 0.8 0.95 0.4 1.0 0.1 0.85 0.65 0.95 0.75 0.0 0.15 0.95 0.2 0.1 0.55 0.15 0.25 0.15 0.1 0.9 0.55 0.15 0.3 0.75 0.85 0.8 0.3 0.4 0.4 0.2 0.65 0.25 0.05 
-0.007086565669754913 0.5116588173678183 0.5543338230000059 0.6 0.7 0.2 0.1 0.1 0.6 0.95 0.25 0.85 0.1 0.95 0.65 0.0 0.35 0.8 0.55 0.35 0.85 0.4 0.05 0.45 0.9 0.6 0.6 0.75 0.85 0.3 0.3 0.55 0.85 0.95 0.65 0.35 1.0 0.0 0.65 
-0.002360008272690913 0.5323654900425377 0.5725421984455801 0.6 0.7 0.2 0.1 0.1 0.6 0.95 0.25 0.9 0.1 0.25 0.65 0.0 0.35 0.8 0.55 0.35 0.85 0.4 0.3 0.35 0.55 0.6 0.35 0.75 0.85 0.3 0.3 0.55 0.85 0.95 0.65 0.35 1.0 0.0 0.65 
-0.004522626293349704 0.45036096036608436 0.47400214706039695 0.2 0.45 0.25 0.35 0.4 0.8 0.9 0.45 0.45 0.3 0.4 0.25 0.55 0.05 0.7 0.0 0.3 0.05 0.8 0.4 0.55 0.35 0.65 0.05 0.9 0.05 0.05 0.15 0.55 1.0 0.85 0.3 0.3 0.7 0.65 0.85 
-0.0028750323955458834 0.4609623639132014 0.5528408100166116 0.3 0.25 1.0 0.75 0.0 0.85 0.95 0.55 0.4 0.8 0.35 0.4 0.55 0.2 0.6 0.9 0.35 0.55 0.7 0.1 0.1 0.5 0.85 0.3 1.0 0.75 0.55 0.1 0.25 0.35 0.15 0.85 1.0 0.15 0.3 0.0 
-0.05980000073278009 0.494291434360787 0.5850092617339107 0.65 0.1 0.45 0.1 0.6 1.0 0.5 0.1 0.8 0.8 0.7 0.45 0.7 0.95 1.0 0.8 0.5 0.4 0.7 0.65 0.55 0.2 0.45 0.15 1.0 0.3 0.5 0.7 1.0 0.45 0.15 0.6 0.65 1.0 0.5 0.45 
-0.0022350721110430656 0.5426148084215738 0.5587723742794564 0.6 0.7 0.2 0.1 0.1 0.6 0.5 0.25 0.9 0.1 0.95 0.65 0.0 0.35 0.8 0.55 0.6 0.85 0.65 0.3 0.3 0.9 0.6 0.35 0.75 0.75 0.3 0.3 0.5 0.85 0.95 0.65 0.2 1.0 0.0 0.65 
-0.004338977881853924 0.5855089635477602 0.5194926073279135 0.6 0.7 0.05 0.15 0.5 0.25 0.75 0.15 0.7 0.85 1.0 0.75 0.6 0.5 0.55 0.25 0.15 0.45 1.0 0.3 0.35 0.95 0.6 0.65 0.95 0.95 0.3 0.3 0.55 0.95 0.95 0.8 0.4 1.0 0.95 0.8 
-0.019485709802130366 0.4375264873026701 0.6158582869187819 0.5 0.35 0.65 0.65 0.15 0.25 0.95 0.8 0.15 0.4 1.0 0.4 0.0 0.35 0.55 0.8 0.7 0.45 0.95 0.2 0.65 0.8 0.85 0.5 0.65 0.45 0.4 0.7 1.0 0.5 0.55 0.9 0.35 0.65 0.75 0.75 
-0.0006172275664684753 0.4319786232808054 0.5251902809766473 0.75 0.25 0.3 0.1 0.8 0.75 0.55 0.55 0.15 0.75 0.9 0.4 0.1 0.8 0.45 0.2 0.45 0.85 0.4 0.2 0.55 0.35 0.85 0.5 0.8 0.45 0.3 0.25 0.35 0.8 0.65 0.8 0.3 0.95 1.0 0.7 
-0.00571376568099294 0.5446837908460874 0.4469338965016464 0.0 0.5 0.15 0.8 0.55 0.55 0.85 0.1 0.3 0.75 0.95 0.75 0.45 0.15 0.7 0.2 0.2 0.75 0.85 0.2 0.1 0.8 0.95 0.45 0.9 0.4 0.8 0.05 0.5 1.0 1.0 0.3 0.55 0.75 0.75 0.05 
-0.0020189156367506366 0.5653316168182763 0.47877305178823376 0.55 0.7 0.5 0.75 0.5 0.55 0.7 0.2 0.8 0.85 0.05 0.7 0.1 0.15 0.7 0.35 0.3 0.7 0.4 0.0 0.45 0.6 0.3 0.65 0.75 0.55 0.3 0.2 0.95 0.45 0.0 1.0 0.1 0.45 0.85 0.05 
-0.017333105663913724 0.4010614178001452 0.498995290731044 0.35 0.7 0.4 1.0 0.05 0.85 0.95 0.95 0.35 0.9 0.4 0.55 0.6 0.35 0.15 0.3 0.0 0.1 0.6 0.0 0.8 0.55 0.4 0.3 0.75 0.2 0.35 0.0 0.95 0.45 0.0 0.4 0.2 0.9 0.45 0.75 
-0.004120984533107872 0.5208233036180074 0.5906478372129513 0.6 0.7 0.2 0.1 0.1 0.6 0.75 0.25 0.8 0.2 1.0 0.5 0.6 0.5 0.85 0.25 0.15 0.85 0.3 0.35 0.35 0.9 0.6 0.65 0.9 0.85 0.3 0.15 0.55 0.95 0.95 0.8 0.35 1.0 0.0 0.55 
-0.004677521859558385 0.5596690421557333 0.5612965573012489 0.6 0.7 0.2 0.1 0.1 0.6 0.75 0.25 0.05 0.1 1.0 0.5 0.4 0.35 0.95 0.55 0.15 0.85 0.65 0.3 0.35 0.9 0.6 0.65 0.75 0.85 0.3 0.0 0.25 0.85 0.95 0.8 0.35 1.0 0.0 0.55 
-0.0003005040675689151 0.5655546033204385 0.5193462962254675 0.6 0.7 0.25 0.1 0.1 0.6 0.3 0.25 0.85 0.55 0.1 0.7 0.4 0.75 0.8 0.55 0.35 0.85 0.9 0.4 0.35 0.9 0.6 0.65 0.5 0.85 0.4 0.45 0.55 0.85 0.95 0.65 0.35 1.0 0.0 0.0 
-0.0009852692145318977 0.6012672530097195 0.5697977149842869 0.6 0.7 0.2 0.15 0.5 0.6 0.95 0.15 0.55 0.9 1.0 0.75 0.75 0.5 0.55 0.25 0.15 0.85 0.15 0.3 0.35 0.9 0.6 0.65 0.9 0.85 0.3 0.95 0.55 0.95 0.95 0.7 0.4 1.0 0.95 0.55 
-0.010247166059934568 0.3864576390710303 0.4781183020190537 0.4 1.0 0.15 0.9 0.55 0.75 0.95 0.55 0.15 0.85 0.9 0.4 0.4 0.65 0.4 0.8 0.3 0.5 0.8 0.2 0.1 0.55 0.85 0.55 0.8 0.45 0.3 0.1 0.7 0.25 0.55 0.95 0.3 0.0 0.75 0.75 
-0.005274268778615668 0.43019288341988315 0.5498460905523457 0.35 0.8 0.1 0.8 0.9 0.6 0.5 0.6 0.25 0.95 0.75 0.3 0.05 0.95 0.35 0.9 0.0 0.2 0.9 0.75 0.25 0.4 0.15 0.05 0.95 0.0 0.2 0.55 0.9 0.0 0.95 0.2 0.5 0.75 0.7 0.55 
-0.004215361846224544 0.4100212353138109 0.5765892595282323 0.75 0.55 0.5 0.35 0.9 0.15 0.85 0.05 0.65 0.95 0.5 0.05 0.2 0.05 0.25 1.0 0.8 0.95 0.95 0.45 0.4 0.9 0.95 0.5 0.35 0.5 0.05 0.45 0.95 0.6 0.55 0.8 0.7 0.55 0.9 0.95 
-0.021863702668537852 0.4764931310175689 0.4563535959150625 0.4 0.4 1.0 0.9 0.05 0.75 0.95 0.55 0.15 0.85 0.9 0.4 0.1 0.15 0.4 0.9 0.6 0.45 1.0 0.2 0.1 0.3 0.15 0.5 0.75 0.45 0.3 0.05 0.25 0.15 0.9 0.0 0.3 0.95 0.75 0.75 
-0.0023797497354905266 0.4338244855577905 0.4669959487181103 0.3 0.25 1.0 0.95 0.0 0.95 0.95 0.3 0.2 0.85 0.6 0.4 0.9 0.6 0.75 0.1 0.3 0.45 0.7 0.1 0.55 0.5 0.85 0.3 1.0 0.75 0.35 0.2 0.25 0.35 0.15 0.15 0.4 0.15 0.7 0.0 
-0.009357063853336891 0.439005020140522 0.5521717805954327 0.35 0.8 0.1 0.8 0.9 0.6 0.5 0.6 0.25 1.0 0.75 0.3 0.05 0.95 0.35 0.9 0.0 0.2 0.9 0.75 0.25 0.3 0.15 0.05 0.95 0.0 0.2 0.55 0.9 0.0 0.95 0.2 0.5 0.75 0.7 0.55 
-0.006134823733028881 0.47609172408310274 0.5899033599213941 0.65 0.95 0.45 0.85 0.6 1.0 0.5 0.1 0.8 0.75 0.7 0.45 0.05 0.95 1.0 0.2 0.5 0.1 0.7 0.65 0.55 0.15 0.6 0.85 1.0 0.3 0.5 0.95 1.0 0.45 0.5 0.6 0.0 1.0 0.5 0.45 
-0.023069080341502655 0.5038604164495973 0.45238438749769755 0.6 1.0 0.25 0.1 0.1 0.25 1.0 0.25 0.7 0.45 0.95 0.6 0.9 0.35 0.8 0.55 0.35 0.85 0.85 0.4 0.35 0.9 0.3 0.65 0.75 0.6 0.05 0.1 0.55 0.7 0.45 0.65 0.35 1.0 0.0 0.65 
-0.0001067114600058888 0.4762372086474179 0.43138571798075515 0.4 1.0 0.3 0.9 0.8 0.2 0.95 0.55 0.25 0.85 0.9 0.4 0.0 0.15 0.6 0.9 0.6 0.45 0.9 0.55 0.5 0.9 0.9 0.9 0.8 0.45 0.3 0.05 0.3 0.7 0.85 0.0 0.3 0.95 0.7 0.75 
-0.0005129716199223338 0.5387948269541735 0.42618173087691535 1.0 0.65 0.15 0.8 0.55 0.4 1.0 0.1 0.3 0.45 0.95 0.75 0.6 0.15 0.95 0.1 0.95 0.45 0.65 0.4 0.7 0.85 0.9 0.45 0.8 0.4 0.75 0.95 0.5 0.75 0.5 0.4 0.55 0.75 0.55 0.05 
-0.022328668435181994 0.4786775052530593 0.5760663003549438 0.65 0.95 0.45 0.85 0.6 1.0 0.5 0.1 0.5 0.75 0.7 0.45 0.05 0.95 1.0 0.2 0.5 0.1 0.7 0.65 0.55 0.15 0.45 0.15 1.0 0.3 0.5 0.95 1.0 0.45 0.5 0.6 0.0 0.8 0.5 0.45 
-0.006472494617132573 0.38996241728844977 0.51349940954412 0.35 0.7 0.8 1.0 0.05 0.85 0.95 0.95 0.35 0.9 0.4 0.55 0.8 0.35 0.15 0.3 0.0 0.1 0.75 0.0 0.8 0.55 0.4 0.3 0.75 0.2 0.35 0.8 0.95 0.15 0.0 0.4 0.2 0.9 0.25 0.75 
-0.023827178830536803 0.41799394333881856 0.5145744424023249 0.4 1.0 0.3 0.9 0.8 0.75 0.85 0.55 0.15 0.85 0.75 0.4 0.0 0.3 0.3 0.4 0.2 0.45 0.8 0.3 0.2 0.7 0.9 0.5 0.8 0.45 0.3 0.05 0.1 0.55 0.9 0.0 0.3 0.95 0.7 0.75 
-0.014804947371750898 0.41573669729516505 0.5253525111086793 0.4 0.0 0.3 0.9 0.8 0.75 1.0 0.55 0.15 0.85 0.9 0.4 0.0 0.3 0.3 0.9 0.35 0.45 0.95 0.3 0.2 0.7 0.9 0.5 0.8 0.45 0.3 0.1 0.1 0.45 0.15 0.0 0.5 0.95 0.5 0.0 
-0.01996079359097583 0.45039166939780995 0.4507984641039407 0.4 1.0 0.15 0.9 0.55 0.75 0.95 0.55 0.15 0.85 0.9 0.4 0.9 0.65 0.4 0.8 0.3 0.5 0.8 0.2 0.1 0.55 0.85 0.55 0.8 0.45 0.3 0.8 0.7 0.25 0.55 1.0 0.3 0.25 0.75 0.75 
-0.01472090243561536 0.5514251281921171 0.5770795229427923 0.6 0.7 0.2 0.1 0.1 0.6 0.5 0.25 0.9 0.1 0.95 0.65 0.0 0.35 0.8 0.55 0.6 0.85 0.65 0.3 0.3 0.9 0.6 0.35 0.75 0.85 0.3 0.3 0.55 0.85 0.95 0.65 0.2 1.0 0.0 0.65 
-0.02698061252850196 0.4673708978544582 0.6103797617615201 0.65 0.95 0.45 0.45 0.45 0.1 0.5 0.35 0.8 0.75 0.7 0.45 0.05 0.95 1.0 0.2 0.5 0.05 0.7 0.65 0.55 0.15 0.65 0.85 1.0 0.3 0.5 0.55 1.0 0.45 0.5 0.6 0.2 1.0 0.5 0.45 
-0.006431179475326229 0.4164277984269005 0.47737171256045763 0.6 0.45 0.2 0.85 0.8 0.75 0.95 0.55 0.15 0.85 0.9 0.4 0.0 0.3 0.25 0.5 0.2 0.45 0.9 0.2 0.7 0.4 0.4 0.5 0.8 1.0 0.3 0.1 0.25 0.5 0.7 0.0 0.1 0.95 0.75 0.75 
-0.00237216563569276 0.5887490919317261 0.4903971889544558 0.6 0.3 0.25 0.1 0.65 0.6 0.95 0.25 0.85 0.55 0.65 0.3 0.4 0.35 0.8 0.55 0.35 0.1 0.85 0.4 0.35 0.95 0.6 0.65 0.2 0.85 0.4 0.45 0.25 0.85 0.95 0.65 0.35 1.0 0.0 0.65 
-0.0035230343380849125 0.6031529938293251 0.5124409540719783 0.6 0.7 0.25 0.1 0.1 0.6 0.95 0.25 0.35 0.55 0.0 0.3 0.45 0.35 0.8 0.55 0.65 0.85 0.9 0.4 0.35 0.9 0.6 0.65 0.8 0.85 0.4 0.45 0.55 0.85 0.95 0.65 0.3 1.0 0.0 1.0 
-0.0004192906628650589 0.4430880648606547 0.5824557381625166 0.05 0.55 0.5 0.35 0.9 0.15 0.9 0.05 0.5 0.95 0.0 0.45 0.6 0.05 0.25 0.65 0.8 0.85 0.95 0.45 0.75 0.9 0.95 0.45 0.4 1.0 0.15 0.6 0.95 0.6 0.55 0.8 0.7 0.55 0.7 0.95 
-0.0007639361250821931 0.5453014481450705 0.43184104070501417 0.6 1.0 0.25 0.65 0.1 0.25 1.0 0.25 0.75 1.0 0.05 0.6 0.1 0.35 0.9 0.95 0.35 0.85 0.95 0.35 0.9 0.65 0.6 0.65 0.75 0.9 0.95 0.45 0.3 0.7 0.95 0.65 0.95 0.9 0.9 0.65 
-0.009429492098615136 0.3873204567662452 0.5547668844114676 0.75 0.25 1.0 0.7 0.8 0.75 0.75 0.55 0.15 0.75 0.9 0.4 0.0 0.8 0.3 0.6 0.65 0.45 0.7 0.0 0.55 0.35 0.85 0.5 0.8 0.45 0.3 0.25 0.35 0.9 0.9 0.85 0.1 0.95 0.75 0.75 
-0.0056666334626273955 0.43779448790924474 0.45540281945319194 0.3 0.25 1.0 0.75 0.0 0.85 0.95 0.55 0.4 0.85 0.9 0.4 0.95 0.2 0.8 0.9 0.35 0.55 0.7 0.1 0.1 0.6 0.85 0.3 1.0 0.85 0.55 0.1 0.9 0.35 0.15 0.85 0.9 0.15 0.7 0.0 
-0.00754832198334421 0.5813686947257086 0.46422820166422135 0.05 0.7 0.25 0.65 0.95 0.6 0.85 0.25 0.25 0.6 0.65 0.3 0.85 0.35 0.85 1.0 0.35 0.2 1.0 0.4 0.35 0.9 0.6 0.6 0.95 0.55 0.4 0.4 0.6 0.85 0.95 0.05 0.35 0.95 0.0 0.65 
-0.0011167881466655869 0.3916063167332628 0.5632094568061657 0.95 0.55 0.8 0.85 0.9 0.2 0.9 0.05 0.65 0.95 0.5 0.05 0.45 0.05 0.25 0.75 0.8 0.85 0.9 0.45 0.45 0.35 0.95 0.15 1.0 1.0 0.8 0.75 0.95 0.6 0.55 0.2 0.65 0.3 0.7 0.95 
-0.0013305546633873174 0.5950230576026929 0.5553991248075072 0.6 0.7 0.95 0.1 0.1 0.6 0.75 0.25 0.2 0.1 1.0 0.5 0.4 0.35 0.95 0.55 0.15 0.85 0.65 0.3 0.35 0.9 0.6 0.65 0.75 0.85 0.3 0.0 0.9 0.85 0.95 0.8 0.35 1.0 0.3 0.55 
-0.0259084882757622 0.5696903292140559 0.5754537372402413 0.55 0.05 0.1 0.1 0.1 0.6 0.7 0.25 0.85 0.1 0.95 0.65 0.4 0.75 0.8 0.55 0.4 0.85 0.65 0.3 0.35 0.6 0.6 0.7 0.45 0.85 0.25 1.0 0.55 0.85 0.95 0.75 0.35 0.55 0.0 0.5 
-0.008702554193966322 0.4611259316803439 0.4172121628125376 0.4 1.0 0.3 0.9 0.8 0.0 0.95 0.55 0.15 0.85 0.9 0.4 0.65 0.15 0.6 0.9 0.2 0.45 0.9 0.55 0.5 0.9 0.9 0.9 0.8 0.45 0.3 0.05 0.25 0.4 0.5 0.0 0.3 0.4 0.7 0.95 
-0.012766604342234627 0.43182904957092794 0.5940909377202634 0.85 0.8 0.1 0.8 0.9 0.3 0.5 0.6 0.25 0.9 0.75 0.2 0.05 0.95 0.4 0.9 0.55 0.2 0.9 0.75 0.25 0.3 0.15 0.1 0.95 0.0 0.2 0.2 0.9 0.9 0.95 0.2 0.55 0.75 0.7 0.55 
-0.003944037831634065 0.4441971025974933 0.44118657087872126 0.85 1.0 1.0 0.75 0.8 0.35 0.95 0.55 0.15 0.85 0.9 0.4 1.0 0.6 0.25 0.7 0.3 0.45 0.75 0.2 0.1 0.3 0.1 0.3 0.7 0.75 0.95 0.1 0.7 0.3 0.9 0.05 0.75 0.85 0.7 0.75 
-0.006186481371494956 0.5607399421878699 0.6144819303032356 0.6 0.7 0.2 0.8 0.1 1.0 0.35 0.55 0.05 0.55 0.2 0.95 0.6 0.25 0.95 0.55 0.4 0.85 0.5 0.3 0.25 0.9 0.6 0.65 0.75 0.85 0.3 0.45 0.55 0.95 0.95 0.8 0.35 1.0 0.0 0.6 
-0.004239577392464693 0.5618373183637009 0.4013845358814126 0.3 0.65 0.15 0.8 0.55 0.4 1.0 0.1 0.3 0.75 0.95 0.75 0.4 0.15 0.4 0.2 0.05 0.45 0.05 0.1 0.1 0.85 0.9 0.45 0.8 0.95 0.25 0.75 0.75 0.75 1.0 0.3 0.55 0.75 0.55 0.05 
-0.048373858787398416 0.43873859389945835 0.604745483035605 0.85 0.8 0.1 0.8 0.9 0.3 0.5 0.6 0.25 0.9 0.75 0.2 0.05 0.95 0.4 0.9 0.55 0.2 1.0 0.75 0.25 0.3 0.15 0.1 0.95 0.0 0.2 0.2 0.9 0.9 0.95 0.2 0.55 0.75 0.7 0.55 
-0.021468601045069816 0.5871892763512798 0.5806438044528477 0.85 0.7 0.05 0.15 0.5 0.6 0.75 0.15 0.7 0.9 1.0 0.75 0.6 0.5 0.55 0.25 0.15 0.45 1.0 0.3 0.35 0.9 0.6 0.65 0.95 0.85 0.3 0.3 0.55 0.95 0.95 0.8 0.4 0.05 0.95 0.55 
-0.0019799097376045328 0.5974077119876134 0.46150730150496166 0.95 0.7 0.15 0.8 0.55 0.55 1.0 0.1 0.3 0.75 1.0 0.75 0.4 0.15 0.4 0.2 0.05 0.75 0.0 0.7 0.1 0.8 0.9 0.45 0.8 0.95 0.8 0.65 0.5 0.75 1.0 0.3 0.55 0.75 0.55 0.05 
-0.02056932829141376 0.5422013376271186 0.6009723326761314 0.05 0.9 0.55 1.0 0.1 0.4 0.95 0.25 0.4 0.1 0.55 0.65 0.65 0.75 0.8 0.55 0.35 0.95 0.85 0.3 0.35 0.6 0.6 0.65 0.8 0.85 0.25 1.0 0.55 0.7 0.4 0.65 0.35 0.85 0.0 0.65 
-0.0012366866322902153 0.575699283065462 0.42776605813153373 1.0 0.6 0.15 0.8 0.55 0.4 1.0 0.1 0.3 0.65 0.95 0.7 0.2 0.15 0.0 0.2 0.85 0.45 0.5 0.85 0.1 0.7 0.9 0.55 0.3 0.7 0.55 0.85 0.9 1.0 1.0 0.05 0.55 0.65 0.55 0.05 
-0.003053247356186064 0.42251620810120827 0.4392489566187013 0.3 0.45 0.65 0.75 0.0 0.85 0.95 0.55 0.15 0.85 0.9 0.4 0.9 0.6 0.9 0.9 0.3 0.0 0.7 0.1 0.1 0.35 0.85 0.3 0.7 0.75 0.3 0.0 0.45 0.0 0.15 0.3 0.9 0.6 0.7 1.0 
-0.01080424755258464 0.36974674415126285 0.4995327943785432 0.95 1.0 0.85 0.75 0.8 0.35 0.95 0.55 0.3 0.85 0.9 0.4 0.9 0.6 0.25 0.9 0.3 0.35 0.7 0.2 0.4 0.7 0.85 0.3 0.7 0.75 0.3 0.1 0.7 0.8 0.9 0.35 0.85 0.0 0.7 0.5 
-0.008294439102769864 0.6179408770569597 0.478716361814246 0.8 0.7 0.25 0.1 0.35 0.6 0.95 0.25 0.65 0.55 0.95 0.6 0.4 0.35 0.8 0.55 0.35 0.85 0.65 0.3 0.35 0.9 0.6 0.65 0.75 0.55 0.3 0.45 0.55 0.85 0.7 0.65 0.35 1.0 0.0 0.65 
-0.0013070318106777135 0.5743685468948914 0.4434389028735757 0.8 0.7 0.25 0.1 0.35 0.6 0.95 0.25 0.65 0.55 0.95 0.6 0.4 0.35 0.8 0.55 0.35 0.85 0.65 0.3 0.35 0.9 0.6 0.65 0.75 0.55 0.3 0.45 0.25 0.85 0.7 0.65 0.35 1.0 0.0 0.65 
-0.0011714990928825193 0.5698113236156649 0.6412790788919246 0.6 0.15 0.15 0.1 0.2 0.6 0.75 0.2 0.35 0.9 1.0 0.6 0.75 0.5 0.95 0.25 0.15 0.85 0.85 0.3 0.4 0.9 0.6 0.65 1.0 0.85 0.8 0.3 0.55 0.95 0.95 0.8 0.35 1.0 0.0 0.55 
-0.0027329410442455703 0.6158459172716443 0.44662176351724914 0.6 1.0 0.6 0.1 0.8 0.25 1.0 0.25 0.7 0.7 0.95 0.6 0.9 0.35 0.05 0.55 0.35 0.45 0.9 0.4 0.35 0.9 0.6 0.6 0.7 0.6 0.15 0.45 0.45 0.7 0.65 0.65 0.05 1.0 0.0 0.65 
-0.024848427815592822 0.6306930022335928 0.5827306808837917 0.6 0.7 0.25 0.1 0.1 0.6 0.95 0.25 0.35 0.55 0.0 0.65 0.4 0.35 0.8 0.55 0.65 0.85 0.2 0.4 0.35 0.85 0.6 0.65 0.8 0.85 0.45 0.45 0.55 0.85 0.95 0.65 0.35 1.0 0.0 0.65 
-0.006050009824500252 0.5793199241382178 0.4325846883243137 0.6 1.0 0.25 0.1 0.1 0.15 1.0 0.25 0.7 0.55 0.95 0.6 0.9 0.2 0.8 0.55 0.15 0.85 0.85 0.4 0.35 0.9 0.4 0.65 0.75 0.6 0.15 0.45 0.55 0.7 0.35 0.65 0.35 1.0 0.35 0.35 
-0.032353741331851635 0.38023025623209 0.5924824603743469 0.75 0.55 0.5 0.35 0.9 0.15 0.85 0.05 0.65 0.95 0.5 0.05 0.2 0.05 0.25 0.65 0.8 0.95 0.95 0.45 0.55 0.9 0.95 0.5 0.35 0.5 0.05 0.6 0.95 0.6 0.55 0.8 0.7 0.55 0.7 0.95 
-0.025220702879105723 0.3813381646506938 0.5628013954477993 0.0 0.35 0.45 0.65 0.45 0.25 0.95 0.55 0.15 0.4 0.95 0.4 0.0 0.35 0.0 0.2 0.7 0.45 0.75 0.2 0.3 0.95 0.85 0.5 0.8 0.45 0.4 0.7 1.0 0.0 1.0 0.9 0.35 0.75 0.75 0.75 
-0.0036038336790575535 0.6183549816827981 0.5356427431375612 0.6 1.0 0.7 0.1 0.95 0.25 1.0 0.25 0.7 0.7 0.95 0.6 0.9 0.35 0.2 0.55 0.35 0.45 0.9 0.4 0.45 0.9 0.6 0.6 0.7 0.6 1.0 0.45 0.45 0.7 0.95 0.65 0.8 1.0 0.0 0.5 
-0.0007998086628173132 0.6217225572918225 0.4426343533957373 0.6 0.3 0.25 0.65 0.5 0.25 1.0 0.25 0.6 0.9 0.95 0.6 0.1 0.35 0.45 0.55 0.35 0.85 0.95 0.4 0.3 0.85 0.6 0.65 1.0 0.6 0.15 0.4 0.6 0.7 0.95 0.65 0.95 0.85 0.0 0.65 
-0.0022386508320337744 0.5443818278896436 0.6197646195870344 0.6 0.7 0.2 0.1 0.1 0.5 0.85 0.25 0.8 0.9 1.0 0.75 0.95 0.5 0.95 0.5 0.15 0.85 0.65 0.3 0.5 0.9 0.6 0.65 0.9 0.85 0.3 0.8 0.55 0.85 0.95 0.8 0.35 1.0 0.0 0.55 
-0.002576903147787486 0.403314367974697 0.5992952749437402 0.0 0.25 1.0 0.1 0.8 0.75 0.5 0.55 0.15 0.7 0.9 0.4 0.75 0.15 0.3 0.2 0.2 0.35 0.5 0.2 0.5 0.35 0.85 0.5 0.8 0.45 0.3 0.25 0.35 0.7 0.85 0.85 0.65 0.9 0.75 0.75 
-0.009025570378246434 0.6165748061904814 0.43052557747055814 0.6 1.0 0.25 0.65 0.1 0.25 1.0 0.25 0.75 0.95 0.95 0.6 0.1 0.35 0.35 0.55 0.35 0.4 0.95 0.4 0.35 0.65 0.6 0.65 0.75 0.6 0.15 0.3 0.55 0.7 0.5 0.65 0.35 0.9 0.9 0.4 
-0.15040161967681223 0.5025275569711427 0.6214905303112475 0.6 0.85 0.2 0.1 0.1 0.6 0.55 0.25 0.75 0.1 0.95 1.0 0.55 0.35 0.6 1.0 0.35 0.85 0.65 0.3 0.45 0.9 0.1 0.15 0.65 0.85 0.3 0.3 0.55 0.15 0.95 0.65 0.35 1.0 0.0 0.55 
-0.0032330104948909894 0.5748833898521484 0.6094399008083368 0.6 0.65 0.2 0.1 0.1 0.6 0.7 0.25 0.45 0.8 1.0 0.5 0.6 0.2 0.2 0.25 0.15 0.85 0.55 0.3 0.35 0.9 0.6 0.15 0.85 0.85 0.3 0.2 1.0 0.95 0.95 0.8 0.35 1.0 0.0 0.55 
-1.9090959104164312e-05 0.611185817972878 0.5893563897433104 0.6 0.7 0.2 0.15 0.5 0.6 0.75 0.15 0.8 0.9 1.0 0.75 0.75 0.5 0.55 0.55 0.15 0.85 1.0 0.3 0.35 0.45 0.6 0.65 0.8 0.85 0.3 0.3 0.55 0.05 0.95 0.8 0.4 1.0 0.95 0.55 
-0.005541468282858014 0.61652812935345 0.5456661669221823 0.6 0.7 0.2 0.05 0.5 0.6 1.0 0.15 0.55 0.9 1.0 0.75 0.35 0.5 0.55 0.95 0.15 0.85 1.0 0.3 0.35 0.9 0.6 0.65 0.9 0.85 0.3 0.3 0.55 0.95 0.95 0.7 0.4 1.0 0.95 0.2 
-0.0170576500408356 0.6267331784846895 0.5139804737461965 0.55 0.7 0.25 0.1 0.1 0.6 0.95 0.25 0.85 0.55 0.95 0.6 0.4 0.35 0.1 0.0 0.35 0.85 0.9 0.4 0.35 0.85 0.6 0.65 0.1 1.0 0.75 0.45 0.3 0.9 0.95 0.65 0.35 0.95 0.0 0.65 
-0.0009551884329345741 0.4166583680407102 0.44456408446400203 0.3 0.25 1.0 0.75 0.0 0.85 0.95 0.55 0.4 0.8 0.9 0.4 0.55 0.2 0.6 0.9 0.35 0.55 0.7 0.1 0.1 0.5 0.85 0.3 1.0 0.75 0.75 0.1 0.25 0.35 0.15 0.85 0.9 0.15 0.7 0.4 
-0.0121301648955431 0.3489298657806301 0.5565489948559981 0.4 1.0 0.2 0.9 0.8 0.75 0.95 0.55 0.15 0.85 0.85 0.4 0.0 0.3 0.25 0.9 0.85 0.4 0.8 0.2 0.1 0.7 0.85 0.5 0.55 0.45 0.3 0.85 0.25 0.7 0.9 0.0 0.75 0.95 0.75 0.75 
-0.0005749213093906866 0.6110808889101724 0.6306858020168156 0.6 0.7 0.05 0.15 0.5 0.25 0.75 0.15 0.7 0.85 1.0 0.75 0.6 0.5 0.55 0.25 0.15 0.45 1.0 0.3 0.35 0.95 0.6 0.65 0.95 0.85 0.3 0.3 0.55 0.95 0.95 0.8 0.4 1.0 0.95 0.8 
-0.02778986050459434 0.4937950832468965 0.6038968493925301 0.65 0.95 0.45 0.85 0.15 1.0 0.45 0.1 0.4 0.85 0.7 0.45 0.05 0.5 1.0 0.85 0.5 0.1 0.7 0.65 0.55 0.15 0.6 0.85 1.0 0.3 0.4 0.95 1.0 0.45 0.5 0.6 0.25 1.0 0.5 0.45 
-0.008606547138765854 0.35467181468943193 0.59810209256988 0.75 0.25 1.0 0.9 0.8 0.75 0.95 0.55 0.15 0.75 0.9 0.4 0.1 0.65 0.3 0.2 0.5 0.45 0.9 0.2 0.8 0.3 0.85 0.5 0.8 0.45 0.3 0.25 0.35 0.4 0.9 0.85 0.3 0.95 0.75 0.75 
-0.0005736926917762755 0.5720147812562 0.5902339504434574 0.6 0.65 0.2 0.15 0.3 0.6 0.75 0.1 0.8 0.9 1.0 0.75 0.75 0.7 0.1 0.65 0.15 0.85 0.9 0.3 0.35 0.9 0.6 0.65 0.9 0.85 0.3 0.45 0.55 0.95 0.1 0.8 0.4 1.0 0.0 0.55 
-0.005512791643822065 0.49012291458989193 0.4144310026169716 0.4 1.0 0.3 0.9 0.8 0.2 1.0 0.55 0.15 0.85 0.9 0.4 0.0 0.15 0.6 0.9 0.45 0.45 0.9 0.55 0.5 0.9 0.9 0.9 0.8 0.45 0.3 0.05 0.3 0.7 0.85 0.0 0.3 0.95 0.7 0.75 
-0.03706452082484913 0.5111375084009776 0.6811105253837486 0.95 0.7 0.2 0.15 0.5 0.6 0.95 0.15 0.8 0.9 1.0 0.75 0.75 0.8 0.55 0.25 0.15 0.85 0.9 1.0 0.35 0.95 0.6 0.65 0.9 0.85 0.3 0.3 0.55 0.95 0.95 0.8 0.4 1.0 0.0 0.55 
-0.008483940954911126 0.6342274833557678 0.5593997811344854 1.0 1.0 0.2 0.1 0.75 0.95 0.95 0.25 0.6 0.4 0.95 0.3 0.4 0.35 0.8 0.55 0.35 0.95 0.65 0.3 0.35 0.3 0.6 0.65 0.25 0.85 0.3 0.7 0.55 0.85 0.8 0.65 0.4 1.0 0.0 0.65 
-0.008797412627877197 0.5885799662609865 0.6535259212746236 0.6 0.7 0.2 0.15 0.5 0.6 0.75 0.15 0.8 0.9 1.0 0.75 0.75 0.5 0.55 0.55 0.15 0.85 1.0 0.3 0.35 0.45 0.6 0.65 0.9 0.85 0.3 0.3 0.55 0.95 0.95 0.8 0.4 1.0 0.95 0.55 
-0.023365070484924724 0.5364547346082258 0.687277436224194 0.6 0.7 0.2 0.15 0.5 0.6 0.95 0.15 0.9 0.9 0.0 0.55 0.75 0.8 0.55 0.25 0.15 0.2 1.0 0.3 0.35 0.8 0.6 0.65 0.9 0.85 0.3 0.3 0.55 0.9 0.95 0.8 0.4 1.0 0.0 0.55 
-0.0055118404666017196 0.6435492305565673 0.5493420133522343 0.6 0.55 0.1 0.05 0.1 0.6 0.95 0.25 0.4 0.25 0.95 0.65 0.4 0.75 0.8 0.55 0.35 0.85 0.65 0.3 0.35 0.6 0.6 0.65 0.8 0.85 0.9 1.0 0.55 0.85 0.95 0.65 0.35 1.0 0.0 0.65 
-0.013237657306068053 0.5236683038919118 0.6113427504686384 0.6 0.7 0.2 0.1 0.1 0.6 0.5 0.25 0.9 0.1 0.95 0.65 0.0 0.35 0.8 0.55 0.6 0.85 0.65 0.3 0.35 0.9 0.6 0.35 0.75 0.85 0.3 0.3 0.55 0.85 0.95 0.65 0.2 1.0 0.0 0.65 
-0.005444838130455558 0.6389714825126671 0.48345893271143825 0.6 1.0 0.25 0.65 0.1 0.25 0.9 0.25 0.75 0.9 0.95 0.6 0.1 0.35 0.9 0.55 0.3 0.85 0.75 0.4 0.35 0.9 0.6 0.65 0.75 0.6 0.15 0.55 0.1 0.7 0.95 0.65 0.35 0.9 0.9 0.65 
-0.0012531669686837701 0.6378589189212994 0.5216788804148372 0.6 0.7 0.2 0.1 0.1 0.25 0.95 0.25 0.5 0.55 0.95 0.3 0.4 0.35 0.8 0.55 0.35 0.85 0.9 0.3 0.35 0.9 0.6 0.65 0.6 0.95 0.3 0.45 0.75 0.85 0.95 0.65 0.35 1.0 1.0 0.65 
-0.4461091686864227 0.4983711541955133 0.6698005471545779 0.5 0.35 0.65 0.65 0.15 0.25 0.95 0.9 0.15 0.4 1.0 0.4 0.95 0.35 0.55 0.8 0.65 0.45 0.95 0.2 0.3 0.95 0.85 0.5 0.85 0.45 0.4 0.7 1.0 0.5 1.0 0.9 0.75 0.65 0.75 0.75 
-0.011392237321663688 0.637169797631449 0.6955855484228756 0.45 0.55 0.1 0.3 0.8 0.4 0.9 0.25 0.4 0.1 0.95 0.5 0.05 0.75 0.8 0.55 0.35 0.85 0.95 0.3 0.35 0.6 0.6 0.65 0.7 1.0 0.25 0.3 0.55 0.7 0.95 0.6 0.35 1.0 0.0 0.65 
-0.011623186861081802 0.6406959561805499 0.4729588852716724 0.6 1.0 0.25 0.65 0.1 0.25 1.0 0.25 0.75 0.9 0.95 0.6 0.1 0.35 0.9 0.55 0.3 0.85 0.95 0.4 0.35 0.9 0.6 0.65 0.75 0.6 0.15 0.55 0.1 0.7 0.95 0.65 0.35 0.9 0.9 0.65 
-0.065328707210991 0.49161988792476724 0.632005555571027 0.75 0.25 1.0 0.6 0.8 0.75 1.0 0.55 0.15 0.45 1.0 0.4 0.0 0.6 0.3 0.2 0.2 0.45 0.75 0.3 0.25 0.4 0.85 0.5 0.8 0.45 0.3 0.2 0.35 0.7 0.9 0.85 0.3 0.95 0.75 0.75 
-0.05537509990312038 0.5057473654681026 0.635160715765525 0.6 0.7 0.2 0.1 0.1 0.6 0.75 0.25 0.8 0.3 1.0 0.5 0.6 0.5 0.85 0.25 0.15 0.85 0.3 0.35 0.35 0.9 0.6 0.65 0.9 0.85 0.3 0.15 0.55 0.95 0.95 0.8 0.35 1.0 0.0 0.55 
-0.06989599821208028 0.6612061413096808 0.5851105195025492 0.65 1.0 0.2 0.15 1.0 0.6 0.75 0.25 0.65 0.9 1.0 0.05 0.75 0.5 0.95 0.65 0.15 0.85 0.9 0.35 0.3 0.9 0.6 0.65 0.9 0.85 0.3 0.3 0.55 0.95 0.95 0.8 0.35 1.0 0.0 0.55 
-0.01442286533601431 0.6996432035300311 0.552969456758711 0.55 0.7 0.25 0.1 0.1 0.6 0.95 0.25 0.85 0.55 0.95 0.6 0.4 0.35 0.8 0.0 0.35 0.85 0.9 0.4 0.35 1.0 0.6 0.65 0.5 0.85 0.4 0.45 0.55 0.9 0.95 0.65 0.35 1.0 0.0 0.65 
-0.038330095470856 0.5278030547341399 0.6302552485404688 0.6 0.7 0.2 0.1 0.1 0.6 0.75 0.25 0.8 0.3 1.0 0.5 0.6 0.5 0.85 0.25 0.15 0.5 0.3 0.3 0.35 0.9 0.6 0.65 0.9 0.85 0.3 0.15 0.45 0.95 0.95 0.8 0.35 1.0 0.0 0.55 
-0.034725777873358524 0.4137352759762466 0.6123727910002177 0.5 0.35 0.65 0.65 0.65 0.25 0.95 0.75 0.15 0.4 1.0 0.4 0.0 0.35 0.55 0.8 0.7 0.45 0.95 0.2 0.3 0.8 0.85 0.5 0.65 0.45 0.4 0.7 1.0 0.5 0.0 0.9 0.55 0.9 0.75 0.75 
-0.003527407640550773 0.38893762017991707 0.46504729272485806 0.4 1.0 0.15 0.9 0.55 0.75 0.95 0.55 0.15 0.85 0.9 0.4 0.9 0.65 0.4 0.8 0.3 0.5 0.8 0.2 0.1 0.55 0.85 0.55 0.8 0.45 0.3 0.1 0.7 0.25 0.55 1.0 0.3 0.0 0.75 0.75 
-0.004708802460212139 0.6187028708845487 0.6483933786051242 0.6 0.7 0.25 0.1 0.95 0.6 0.85 0.3 0.6 0.9 1.0 0.2 0.85 0.35 0.85 0.55 0.35 0.2 1.0 0.4 0.35 0.9 0.6 0.65 0.8 0.85 0.4 0.45 0.55 0.75 0.95 0.65 0.35 1.0 0.0 0.65 
-2.6904031909000533e-05 0.6540623027893444 0.5635217118784489 1.0 1.0 0.2 0.1 0.75 0.4 0.95 0.2 0.6 0.4 0.95 0.3 0.4 0.35 0.8 0.55 0.35 0.95 0.65 0.3 0.35 0.3 0.6 0.65 0.25 0.85 0.3 0.7 0.55 0.85 0.8 0.65 0.4 1.0 0.0 0.65 
-0.010136043602703851 0.6571260526420328 0.5866894720045234 0.6 0.7 0.15 0.1 0.1 0.6 0.95 0.25 0.25 0.55 0.95 0.3 0.4 0.35 0.8 0.55 0.65 0.85 0.9 0.4 0.35 0.9 0.6 0.65 0.8 0.85 0.4 0.45 0.25 0.85 0.95 0.65 0.35 1.0 0.0 0.65 
-0.035112039387992046 0.6845773747969907 0.5686704777930052 0.6 0.7 0.25 0.1 0.1 0.6 0.95 0.25 0.25 0.55 0.0 0.05 0.45 0.35 0.8 0.55 0.65 0.85 0.9 0.4 0.35 0.9 0.6 0.65 0.8 0.85 0.4 0.45 0.55 0.85 0.95 0.65 0.3 1.0 0.0 0.65 
-0.01775143290102949 0.6373660521682146 0.414165518808198 0.6 1.0 0.25 0.65 0.1 0.25 1.0 0.25 0.75 0.8 0.95 0.6 0.1 0.35 0.35 0.55 0.35 0.85 0.95 0.4 0.35 0.9 0.6 0.65 0.75 0.6 0.25 0.3 0.55 0.7 0.5 0.8 0.35 0.9 0.9 0.65 
-0.024256328216249252 0.5326283042587188 0.6608768346524901 0.6 0.8 0.15 0.1 0.1 0.6 0.95 0.55 0.25 0.55 0.95 0.3 0.4 0.35 0.8 0.55 0.65 0.85 0.9 0.4 0.35 0.9 0.6 0.65 0.8 0.85 0.4 0.45 0.25 0.05 0.95 0.65 0.35 1.0 0.0 0.65 
-0.0032174833394100727 0.661816581641538 0.6252095589110942 0.6 1.0 0.25 0.65 0.1 0.25 1.0 0.25 0.25 0.85 0.95 0.6 0.1 0.35 0.45 0.55 0.35 0.85 0.95 0.4 0.35 0.9 0.6 0.65 0.75 0.6 0.15 0.45 0.6 0.7 0.85 0.65 0.35 0.5 0.0 0.65 
-0.017872545103321928 0.5769078440703571 0.6682042124490523 0.6 0.55 0.1 0.05 0.1 0.6 0.4 0.25 0.4 0.1 0.95 0.65 0.4 0.5 0.8 0.55 0.35 0.05 0.65 0.3 0.35 0.6 0.6 0.65 0.8 0.85 0.25 1.0 0.55 0.7 0.75 0.65 0.35 1.0 1.0 0.65 
-0.01656151577208909 0.5649956208039515 0.6758248626223242 0.6 0.7 0.05 0.95 0.5 0.6 0.75 0.15 0.65 0.9 1.0 0.75 0.2 0.8 0.55 0.25 0.55 0.45 0.2 0.35 0.35 0.6 0.6 0.65 0.95 0.85 0.3 0.3 0.55 0.95 0.95 0.8 0.4 1.0 0.95 0.55 
-0.007134792612151675 0.5870807941397176 0.41738781751937937 1.0 0.75 0.25 0.05 0.1 0.25 1.0 0.25 0.75 0.85 0.95 0.6 0.1 0.45 0.9 0.55 0.15 0.85 0.5 0.4 0.15 0.9 0.6 0.65 0.75 0.5 0.15 0.45 0.3 0.7 0.95 0.65 0.35 0.9 0.9 0.65 
-0.06659633113661648 0.5003637072215261 0.6665206381857659 0.95 0.7 0.2 0.15 0.5 0.65 0.95 0.15 0.8 1.0 0.3 0.75 1.0 0.8 0.55 0.25 0.15 0.85 0.9 0.3 0.35 0.95 0.6 0.65 0.9 0.85 0.3 0.3 0.55 0.8 0.95 0.8 0.4 1.0 0.0 0.55 
-0.032484311261116415 0.5768258127062532 0.7024610814610458 0.95 0.7 0.2 0.15 0.5 0.6 0.95 0.15 0.8 0.9 1.0 0.75 0.75 0.8 0.55 0.25 0.15 0.85 0.9 0.3 0.35 0.7 0.6 0.65 0.9 0.85 0.3 0.3 0.55 0.95 0.95 0.8 0.4 1.0 0.0 0.55 
-0.03586713149485702 0.5590931270995759 0.654181276573105 0.6 0.7 0.2 0.15 0.3 0.6 0.75 0.15 0.8 0.9 1.0 0.45 0.75 0.5 0.95 0.25 0.15 0.85 0.9 0.3 0.35 0.9 0.6 0.65 0.9 0.85 0.3 0.3 0.55 0.95 0.95 0.65 0.35 1.0 0.0 0.55 
-0.03035189456416699 0.6595400888901684 0.6101426192198377 0.65 1.0 0.2 0.15 1.0 0.6 0.75 0.25 0.65 0.9 1.0 0.05 0.75 0.5 0.95 0.65 0.15 0.85 0.9 0.35 0.35 0.9 0.6 0.65 0.9 0.85 0.3 0.3 0.55 0.95 0.95 0.8 0.35 1.0 0.0 0.55 
-0.027234206557908053 0.697993643208751 0.5640585157074909 0.55 0.7 0.25 0.1 0.1 0.6 0.95 0.25 0.85 0.55 0.95 0.6 0.4 0.35 0.8 0.0 0.35 0.85 0.9 0.4 0.35 1.0 0.6 0.65 0.5 0.85 0.4 0.45 0.55 0.9 0.95 0.65 0.35 1.0 0.0 0.65 
-0.01239853113397413 0.6358606888580988 0.6278083120629327 0.65 1.0 0.2 0.15 1.0 0.6 0.75 0.25 0.8 0.9 1.0 0.05 0.75 0.5 0.95 0.65 0.15 0.85 0.9 0.3 0.35 0.9 0.6 0.65 0.9 0.85 0.3 0.3 0.55 0.95 0.95 0.8 0.35 1.0 0.0 0.55 
-0.028955721739362793 0.6305288296709752 0.618419412062449 0.6 0.7 0.2 0.15 0.5 0.6 0.95 0.15 0.8 0.9 1.0 0.75 0.75 0.8 0.55 0.25 0.15 0.2 1.0 0.3 0.35 0.8 0.6 0.65 0.9 0.85 0.3 0.3 0.9 0.9 0.7 0.8 0.4 1.0 0.0 0.55 
-0.02444294985686759 0.6892857279258646 0.6553495727760151 0.6 0.7 0.25 0.1 0.95 0.6 0.85 0.25 0.6 0.9 0.65 0.2 0.85 0.35 0.85 0.55 0.2 0.2 1.0 0.4 0.35 0.9 0.6 0.65 0.8 0.85 0.4 0.45 0.55 0.75 1.0 0.65 0.35 1.0 0.0 0.65 
-0.04077973063468591 0.6140555276668244 0.6770638784649324 0.6 0.7 0.05 0.95 0.5 0.6 0.75 0.15 0.65 0.9 1.0 0.75 0.6 0.8 0.55 0.25 0.55 0.45 1.0 0.35 0.35 0.6 0.6 0.65 0.95 0.85 0.3 0.3 0.55 0.95 0.95 0.8 0.4 1.0 0.95 0.55 
-0.0021756005399164616 0.6444281597126981 0.5469339299741488 1.0 1.0 0.2 0.1 0.75 0.95 0.95 0.25 0.6 0.4 0.95 0.3 0.4 0.35 0.8 0.55 0.35 0.95 0.65 0.3 0.35 0.3 0.6 0.65 0.25 0.85 0.3 0.7 0.55 0.85 0.8 0.65 0.35 1.0 0.0 0.65 
-0.0009599704224008433 0.665813009131828 0.5354829540839993 0.6 0.4 0.25 0.1 0.5 0.6 0.95 0.25 0.85 0.55 0.65 0.3 0.4 0.35 0.8 0.55 0.35 0.85 0.85 0.4 0.35 0.95 0.6 0.9 0.8 0.85 0.4 0.45 0.55 0.85 0.95 0.65 0.35 1.0 0.0 0.65 
-0.018522574886282686 0.5534493540272947 0.7071806370402232 0.6 0.7 0.2 0.15 0.3 0.6 0.75 0.1 0.8 0.9 1.0 0.75 0.75 0.7 0.1 0.8 0.15 0.85 0.9 0.3 0.35 0.9 0.6 0.65 0.9 0.85 0.3 0.6 0.55 0.95 0.95 0.8 0.4 1.0 0.0 0.55 
-0.03210838325286989 0.6954839701793779 0.6081210303850549 0.6 0.7 0.25 0.1 0.1 0.6 0.95 0.25 0.85 0.55 0.0 0.05 0.45 0.35 0.8 0.0 0.65 0.85 1.0 0.4 0.35 0.9 0.65 0.65 0.8 0.85 0.4 0.45 0.55 0.85 0.95 0.65 0.3 1.0 0.0 0.65 
-0.009877693505175285 0.35720737088310595 0.5043894717124595 0.4 0.45 1.0 0.55 0.55 0.75 0.95 0.55 0.15 0.95 0.9 0.4 0.9 0.6 0.25 0.25 0.3 0.5 0.95 0.3 0.1 0.55 0.65 0.25 1.0 0.55 0.3 0.1 0.7 0.8 0.9 1.0 0.3 0.95 0.75 0.75 
-0.10984190793544935 0.6543236925568506 0.6663468938035139 0.6 0.7 0.25 0.1 0.95 0.6 0.75 0.45 0.6 0.9 1.0 0.2 0.85 0.35 0.85 0.55 0.35 0.6 1.0 0.4 0.35 0.9 0.6 0.65 0.8 0.85 0.4 0.45 0.55 0.75 0.95 0.65 0.35 1.0 0.0 0.65 
-0.008233564510757562 0.6198683905610607 0.7081186537661368 0.6 0.7 0.2 0.15 0.5 0.6 0.6 0.15 0.55 0.9 1.0 0.75 0.75 0.5 0.55 0.25 0.15 0.85 1.0 0.3 0.35 0.9 0.6 0.65 0.9 0.85 0.3 0.3 0.2 0.95 0.95 0.7 0.4 1.0 0.95 0.55 
-0.004944841817366982 0.6623423326424861 0.4923362365348794 0.55 0.3 0.25 0.65 0.1 0.25 1.0 0.25 0.6 0.9 0.95 0.6 0.45 0.35 0.45 0.15 0.35 0.85 0.95 0.4 0.35 0.9 0.6 0.65 0.75 0.6 0.15 0.4 0.6 0.7 0.9 0.65 0.35 0.85 0.0 0.8 
-0.005406623189050323 0.61104188119124 0.6639399231062735 0.2 0.7 0.2 0.1 0.1 0.6 0.8 0.25 0.8 0.9 1.0 0.2 0.75 0.5 0.85 0.25 0.15 0.85 0.65 0.3 0.35 0.9 0.6 0.65 0.9 0.85 0.3 0.3 0.55 0.95 0.95 0.8 0.35 1.0 0.0 0.55 
-0.0015728482648652575 0.5452252987291899 0.6595289348953883 0.6 0.8 0.15 0.1 0.1 0.6 0.95 0.25 0.25 0.55 0.95 0.3 0.4 0.35 0.8 0.55 0.65 0.85 0.9 0.4 0.35 0.9 0.6 0.65 0.8 0.85 0.4 0.45 0.25 0.05 0.95 0.65 0.35 1.0 0.0 0.65 
-0.007351087433259169 0.6467772692694458 0.6170532499586017 0.8 0.7 0.25 0.1 0.35 0.6 0.95 0.25 0.75 0.55 0.95 0.5 0.4 0.35 0.8 0.55 0.35 0.85 0.7 0.3 0.35 0.9 0.6 0.65 0.75 0.85 0.3 0.45 0.55 0.85 0.7 0.65 0.35 1.0 0.0 0.65 
-0.012891680547307936 0.6685347820487546 0.6686600969074163 0.6 0.7 0.25 0.1 0.4 0.6 0.85 0.25 0.6 0.9 0.65 0.3 0.2 0.35 0.85 0.55 0.35 0.2 1.0 0.4 0.35 0.9 0.6 0.65 0.95 0.85 0.4 0.45 0.55 0.85 0.85 0.65 0.35 1.0 0.0 0.65 
-0.07007045201873477 0.6704392392239169 0.594212869838079 0.6 0.7 0.25 0.1 0.4 0.6 0.85 0.45 0.6 0.85 1.0 0.2 0.85 0.35 0.85 0.55 1.0 0.2 1.0 0.4 0.35 0.9 0.6 0.65 0.65 0.85 0.2 0.45 0.55 1.0 0.95 0.65 0.35 1.0 0.0 0.65 
-0.0018738888427998561 0.40857885565148766 0.42456340724395647 0.4 0.65 0.3 0.9 0.8 0.95 0.95 0.55 0.15 0.85 0.9 0.4 0.0 0.3 0.85 0.9 0.2 0.45 0.25 0.2 0.1 0.35 0.9 0.9 0.35 0.45 0.8 0.05 0.5 0.7 0.9 0.0 0.6 0.6 0.7 0.75 
-0.0033358060651292316 0.6388339069657568 0.6652498729297556 0.45 0.55 0.1 0.3 0.8 0.4 0.9 0.3 0.4 0.1 0.95 0.5 0.05 0.75 0.8 0.55 0.35 0.85 0.95 0.3 0.35 0.6 0.6 0.65 0.7 1.0 0.25 0.3 0.55 0.7 0.95 0.6 0.35 1.0 0.0 0.65 
-0.01961596741277239 0.6866948680057168 0.5224854443459966 0.55 0.7 0.25 0.1 0.1 0.35 0.95 0.25 0.85 0.55 0.95 0.6 0.4 0.35 0.1 0.0 0.35 0.85 0.9 0.4 0.35 0.85 0.6 0.65 0.1 0.8 0.4 0.45 0.55 0.9 0.95 0.65 0.35 0.95 0.0 0.65 
-0.022560325654169263 0.44051363177325403 0.4222566297731184 0.4 1.0 0.3 0.9 0.95 0.2 0.95 0.55 0.15 0.85 0.9 0.4 0.0 0.3 0.9 0.9 0.2 0.45 0.35 0.2 0.1 0.55 0.9 0.75 0.7 0.45 0.65 0.05 0.8 0.05 0.9 0.45 0.3 0.95 0.7 0.75 
-0.014851802836095985 0.3754862206827971 0.4662881213537302 0.3 0.25 1.0 0.75 0.0 0.85 0.95 0.55 0.4 0.8 0.9 0.4 0.55 0.2 0.6 0.9 0.35 0.55 0.7 0.1 0.1 0.5 0.85 0.3 1.0 0.75 0.55 0.1 0.25 0.35 0.15 0.85 0.9 0.15 0.7 0.4 
-0.016787989924361636 0.3725087632369306 0.4734866319112427 0.3 0.25 1.0 0.75 0.0 0.85 0.95 0.55 0.4 0.8 0.9 0.4 0.55 0.2 0.6 0.9 0.35 0.55 0.7 0.1 0.1 0.5 0.85 0.3 1.0 0.75 0.55 0.1 0.25 0.35 0.15 0.85 0.9 0.15 0.7 0.0 
-0.028582358665413227 0.3444350102183308 0.49624521876020317 0.4 1.0 1.0 0.9 0.05 0.75 0.95 0.55 0.15 0.85 0.9 0.4 0.1 0.85 0.4 0.9 0.6 0.45 1.0 0.2 0.1 0.3 0.9 0.5 0.75 0.45 0.3 0.05 0.25 0.15 0.9 0.0 0.3 0.95 0.75 0.75 
-0.00044384488665064856 0.6029625421774553 0.7067444495756553 0.6 0.7 0.25 0.1 0.95 0.6 0.85 0.45 0.6 0.85 1.0 0.2 0.85 0.35 0.85 0.55 0.35 0.2 1.0 0.4 0.35 0.9 0.6 0.65 0.9 0.85 0.2 0.9 0.55 0.75 0.95 0.65 0.35 1.0 0.0 0.65 
-0.007973124085831413 0.3899674441590719 0.43828088027558426 0.4 1.0 1.0 0.9 0.8 0.75 0.95 0.55 0.15 0.9 0.9 0.4 0.0 0.9 0.4 0.9 0.6 0.45 0.25 0.2 0.1 0.7 0.9 0.5 0.8 0.45 0.3 0.05 0.25 0.9 0.8 0.0 0.3 0.95 0.75 0.75 
-0.04822869379552755 0.4658850608409222 0.6546706041690659 0.5 0.35 0.65 0.65 0.75 0.4 0.95 0.15 0.15 0.4 1.0 0.4 0.0 0.35 0.0 0.3 1.0 0.45 0.95 0.2 0.3 0.8 0.85 0.5 0.8 0.45 0.4 0.7 1.0 0.5 1.0 0.9 0.55 0.8 0.75 0.75 
-0.006991347105301408 0.6817360008041837 0.5805890437463221 0.6 0.3 0.25 0.1 0.55 0.6 0.95 0.25 0.85 0.55 0.65 0.3 0.4 0.35 0.8 0.95 0.35 0.85 0.85 0.4 0.35 0.95 0.6 0.65 0.8 0.8 0.4 0.45 0.55 0.85 0.95 0.65 0.35 1.0 0.0 0.65 
-0.0136578596146176 0.4351814035814051 0.6383165661010115 0.35 0.8 0.1 0.8 0.9 0.6 0.5 0.6 0.25 1.0 0.75 0.2 0.05 0.95 0.35 0.9 0.55 0.2 0.9 0.75 0.25 0.3 0.15 0.1 0.95 0.0 0.2 0.65 0.9 0.85 0.95 0.2 0.5 0.75 0.7 0.55 
-0.010666805531596131 0.58839888381376 0.7182297431549568 0.6 0.7 0.2 0.15 0.3 0.6 0.85 0.1 0.8 0.9 1.0 0.8 0.75 0.7 0.55 0.25 0.15 0.85 0.9 0.3 0.35 0.9 0.6 0.65 0.9 0.85 0.3 0.45 0.55 0.95 0.95 0.8 0.4 1.0 0.0 0.55 
-0.011870767326692587 0.6842708850650077 0.4724913130147586 0.6 1.0 0.25 0.65 0.5 0.25 1.0 0.25 0.7 0.9 0.95 0.6 0.55 0.5 0.45 0.55 0.35 0.85 0.8 0.4 0.35 0.9 0.6 0.65 0.75 0.65 0.2 0.45 0.5 0.7 0.6 0.65 0.35 0.8 1.0 0.65 
-0.03286906735186015 0.4399280552171187 0.6534653684182463 0.5 0.35 0.65 0.65 0.15 0.25 0.95 0.75 0.15 0.4 1.0 0.4 0.0 0.35 0.55 0.8 0.7 0.45 0.95 0.2 0.3 0.8 0.85 0.5 0.65 0.45 0.4 0.7 1.0 0.5 0.55 0.9 0.35 0.65 0.75 0.75 
-0.047160953438027974 0.709885987660123 0.5322986002402208 0.6 0.3 0.7 0.65 0.1 0.25 1.0 0.25 0.6 0.9 0.95 0.6 0.55 0.35 0.45 0.55 0.35 0.85 0.95 0.4 0.35 0.9 0.6 0.65 0.75 0.6 0.15 0.2 0.5 0.7 0.95 0.65 0.35 0.85 0.0 0.65 
-0.03309595889133655 0.6755974008598356 0.45462726511221885 0.6 1.0 0.7 0.1 0.95 0.25 1.0 0.25 0.7 0.7 0.95 0.6 0.9 0.35 0.8 0.55 0.35 0.45 0.9 0.4 0.35 0.9 0.6 0.6 0.7 0.6 0.15 0.45 0.45 0.7 0.95 0.65 0.35 1.0 0.0 0.65 
-0.045049765211026827 0.5106300674208163 0.40785372496362704 0.6 1.0 0.25 0.65 0.1 0.25 1.0 0.25 0.75 1.0 0.95 0.6 0.1 0.35 0.9 0.95 0.35 0.85 0.95 0.25 0.9 0.65 0.6 0.65 0.75 0.65 0.95 0.45 0.3 0.7 0.95 0.65 0.95 0.9 0.9 0.65 
-0.020396338755098754 0.6500997114785804 0.4174457027052832 0.6 0.75 0.25 0.05 0.1 0.25 1.0 0.25 0.8 0.85 0.95 0.6 0.3 0.45 0.9 0.55 0.15 0.85 0.5 0.4 0.35 0.9 0.6 0.65 0.75 0.6 0.15 0.45 0.3 0.7 0.95 0.65 0.35 1.0 0.9 0.65 
-0.017289793384675383 0.6898061651187798 0.6248332287745 0.6 0.7 0.25 0.1 0.95 0.6 0.85 0.45 0.6 0.85 1.0 0.2 0.85 0.35 0.85 0.55 1.0 0.2 1.0 0.4 0.35 0.9 0.6 0.65 0.9 0.85 0.2 0.45 0.55 1.0 0.95 0.65 0.35 1.0 0.0 0.65 
-0.008091276770157346 0.710440447723187 0.6029391240262832 0.6 0.3 0.25 0.1 0.5 0.6 0.95 0.25 0.85 0.55 0.65 0.3 0.4 0.35 0.8 0.55 0.35 0.85 0.85 0.4 0.35 0.95 0.6 0.65 0.8 0.85 0.4 0.45 0.55 0.85 0.95 0.65 0.35 1.0 0.0 0.65 
-9.596127137192071e-05 0.34939767382580766 0.5806591368947018 0.4 1.0 0.2 0.9 0.8 0.75 0.95 0.55 0.15 0.85 0.85 0.4 0.0 0.3 0.25 0.9 0.85 0.4 0.8 0.2 0.1 0.7 0.85 0.5 0.75 0.45 0.3 0.85 0.3 0.7 0.9 0.95 0.75 0.95 0.75 0.75 
-0.030915568136737598 0.6838073368650491 0.5030962686443287 0.55 0.1 0.25 0.1 0.1 0.6 0.95 0.25 0.85 0.55 0.95 0.6 0.4 0.35 0.8 0.05 0.35 0.85 0.9 0.4 0.35 1.0 0.6 0.65 0.1 0.45 0.4 0.45 0.55 0.9 1.0 0.65 0.35 0.85 0.0 0.65 
-0.014466900676306531 0.5691783998147221 0.40115256096678986 0.3 0.65 0.15 0.8 0.55 0.4 1.0 0.1 0.3 0.75 0.95 0.75 0.45 0.15 0.3 0.2 0.05 0.45 0.05 0.1 0.1 0.85 0.9 0.45 0.65 0.15 0.25 0.75 0.75 0.75 1.0 0.3 0.55 0.75 0.55 0.05 
-0.003196978760974457 0.6948098969109653 0.450728605743203 0.3 0.1 0.6 0.25 0.1 0.6 0.95 0.25 0.7 0.8 0.95 0.6 0.7 0.35 0.8 0.0 0.05 0.85 0.75 0.4 0.35 1.0 0.65 0.65 0.0 0.7 0.7 0.45 0.55 0.9 0.95 0.65 0.35 1.0 0.7 0.3 
-0.008886837739828573 0.3926475367089919 0.6142858895017095 0.75 0.55 0.5 0.35 0.9 0.15 0.85 0.05 0.65 0.95 0.5 0.05 0.2 0.05 0.25 0.65 0.8 0.95 0.95 0.45 0.4 0.9 0.95 0.5 0.35 0.5 0.05 0.6 0.95 0.6 0.55 0.8 0.7 0.55 0.7 0.95 
-0.006261355492647476 0.7269551991614494 0.5745400789132192 0.75 0.3 0.25 0.65 0.1 0.25 1.0 0.25 0.6 0.95 0.95 0.6 0.45 0.35 0.05 0.15 0.35 0.85 0.95 0.4 0.35 0.9 0.6 0.65 0.6 0.6 0.15 0.4 0.6 0.7 0.95 0.65 0.35 0.85 0.0 0.65 
-0.0005159025721345711 0.7008663521876222 0.48173703590244166 0.8 1.0 0.25 0.65 0.1 0.25 1.0 0.25 0.8 0.9 0.95 0.6 0.85 0.35 0.45 0.55 0.35 0.85 0.75 0.4 0.35 0.9 0.6 0.65 0.75 0.6 0.1 0.45 0.5 0.7 0.95 0.65 0.35 0.85 0.0 0.65 
-0.06128278884286037 0.5000976709875127 0.43345533247979373 0.6 1.0 0.25 0.65 0.15 0.6 1.0 0.25 0.75 0.85 0.95 0.6 0.1 0.35 0.35 0.55 0.35 0.85 0.95 0.4 0.2 0.9 0.6 0.1 0.85 0.6 0.15 0.2 0.55 0.95 0.9 1.0 0.8 0.9 0.9 0.65 
-0.05511354055864762 0.6919495309208624 0.5149494286552897 0.6 0.3 0.25 0.1 0.65 0.6 0.95 0.25 0.85 0.55 0.65 0.3 0.4 0.35 0.8 0.55 0.35 0.1 0.85 0.4 0.35 0.95 0.6 0.65 0.2 0.85 0.4 0.45 0.55 0.85 0.95 0.65 0.35 1.0 0.0 0.65 
-0.05755002173071306 0.65524729687123 0.4364567557866261 0.6 1.0 0.7 0.1 0.95 0.25 1.0 0.25 0.7 0.7 0.95 0.6 0.9 0.35 0.8 0.55 0.35 0.45 0.9 0.4 0.35 0.9 0.6 0.6 0.7 0.6 0.15 0.45 0.45 0.7 0.95 0.65 0.35 1.0 0.0 0.5 
-0.010386882927711595 0.6013448726349329 0.4032852573763197 0.6 1.0 0.25 0.65 0.1 0.25 1.0 0.25 0.75 0.8 0.95 0.6 0.1 0.35 0.35 0.55 0.35 0.85 0.95 0.4 0.35 0.9 0.6 0.65 0.05 0.6 0.25 0.3 0.55 0.7 0.9 0.8 0.35 0.9 0.9 0.65 
-0.021236799950719098 0.37292740658312495 0.4294339046354004 0.4 1.0 0.9 0.9 0.8 0.75 0.95 0.55 0.2 0.85 0.9 0.4 0.0 0.35 0.25 0.1 0.2 0.45 0.25 0.2 0.1 0.7 0.9 0.5 0.8 0.45 0.3 0.05 0.25 0.15 0.3 0.0 0.3 0.95 0.75 0.75 
-0.005812559270106981 0.6391151748896104 0.4062689696329693 0.6 0.75 0.25 0.05 0.1 0.25 1.0 0.25 0.75 0.85 0.95 0.6 0.1 0.45 0.9 0.55 0.15 0.85 0.4 0.4 0.35 0.9 0.6 0.65 0.75 0.6 0.15 0.45 0.3 0.7 0.95 0.65 0.35 1.0 0.9 0.65 
-0.03835680766658955 0.7142251933787737 0.5962071416877172 0.6 0.4 0.25 0.1 0.95 0.6 0.95 0.25 0.6 0.45 0.65 0.3 0.85 0.35 0.8 0.55 0.35 0.2 0.9 0.4 0.35 0.9 0.6 0.65 0.8 0.85 0.4 0.45 0.55 0.85 1.0 0.65 0.35 1.0 0.0 0.65 
-0.021675875583745594 0.5361358426150402 0.4098863134401493 1.0 0.5 0.15 0.8 0.55 0.4 1.0 0.1 0.3 0.75 0.95 0.75 0.4 0.25 0.55 0.2 0.2 0.75 0.85 0.55 0.1 0.8 0.95 0.45 0.7 0.95 0.8 0.05 0.65 0.8 1.0 0.2 0.55 0.75 0.8 0.15 
-0.022028732938252554 0.33386632838996433 0.5044516560615838 0.4 1.0 1.0 0.55 0.55 0.75 0.95 0.55 0.15 0.95 0.9 0.4 0.9 0.6 0.25 0.25 0.3 0.5 0.95 0.3 0.1 0.55 0.65 0.25 1.0 0.55 0.3 0.1 0.7 0.25 0.9 1.0 0.3 0.95 0.75 0.75 
-0.0012250143496815998 0.4016829462574837 0.4190008806096227 0.4 0.65 0.3 0.9 0.8 0.95 0.95 0.55 0.15 0.85 0.9 0.4 0.0 0.3 0.9 0.9 0.2 0.45 0.15 0.2 0.1 0.35 0.9 0.9 0.45 0.45 0.8 0.05 0.5 1.0 0.9 0.0 0.6 0.6 0.7 0.75 
-0.02307276503207573 0.4604170578762316 0.6700399512316932 0.0 0.35 0.65 0.65 0.15 0.25 0.95 0.95 0.15 0.4 1.0 0.4 0.0 0.35 0.0 0.2 0.7 0.45 0.95 0.2 0.3 0.95 0.85 0.5 0.8 0.45 0.4 0.7 1.0 0.5 1.0 0.9 0.35 0.65 0.75 0.75 
-0.00685424393654783 0.5501547920999739 0.38583172625420176 0.6 1.0 0.25 0.65 0.15 0.25 1.0 0.25 0.75 0.9 0.95 0.6 0.1 0.35 0.35 0.55 0.35 0.85 0.95 0.35 0.2 0.9 0.6 0.65 0.8 0.6 0.15 0.3 0.55 0.7 0.9 1.0 0.55 0.9 0.9 0.65 
-0.05762848077216813 0.3388177314103805 0.528627060831976 0.4 0.7 1.0 0.9 0.8 0.75 0.95 0.55 0.15 0.85 0.9 0.4 0.0 0.3 0.25 0.0 0.2 0.3 0.9 0.2 0.55 0.4 0.85 0.5 0.9 0.45 0.3 0.1 0.25 0.8 0.9 0.0 0.3 0.95 0.75 0.95 
-0.0019678956571023425 0.4148622655330038 0.40719053523606846 0.3 0.65 1.0 0.85 0.05 0.75 1.0 0.55 0.15 0.85 0.9 0.4 0.8 0.9 0.4 0.7 0.3 0.45 0.9 0.2 0.1 0.7 0.9 0.0 0.7 0.45 0.3 0.05 0.6 0.2 0.65 0.0 0.3 0.95 0.75 0.75 
-0.014876183315953513 0.4148571362125435 0.3937228579109338 0.4 1.0 0.3 0.9 0.95 0.2 0.95 0.55 0.15 0.85 0.9 0.4 0.0 0.3 0.9 0.9 0.2 0.45 0.35 0.2 0.1 0.55 0.9 0.75 0.8 0.45 0.65 0.05 0.8 0.05 0.9 0.0 0.3 0.95 0.7 0.75 
-0.017348226459703346 0.34388778516136265 0.4658361367861314 0.4 0.7 1.0 0.05 0.4 0.75 0.95 0.55 0.15 0.85 0.9 0.4 0.7 0.3 0.25 0.0 0.2 0.45 0.9 0.2 0.2 0.3 0.85 0.5 0.25 0.45 0.3 0.0 0.7 0.25 0.95 0.0 0.3 0.95 0.75 0.75 
-0.06627974646938775 0.41698129999187816 0.6569639470034838 0.0 0.35 0.45 0.65 0.15 0.25 0.95 0.55 0.15 0.4 0.95 0.4 0.0 0.35 0.0 0.2 0.7 0.45 0.95 0.2 0.3 0.6 0.85 0.5 0.8 0.45 0.4 0.7 1.0 0.5 1.0 0.9 0.1 0.95 0.75 0.75 
-0.005897705886967109 0.46432772659248267 0.40301075239613515 0.4 1.0 0.3 0.9 0.8 0.2 0.95 0.55 0.15 0.85 0.9 0.4 0.0 0.15 0.6 0.9 0.2 0.45 0.9 0.55 0.5 0.9 0.9 0.9 0.8 0.45 0.3 0.05 0.25 0.75 0.85 0.0 0.3 0.3 0.7 0.75 
-0.02955489004267508 0.657948100901203 0.42961425702744627 0.6 0.75 0.25 0.05 0.1 0.25 1.0 0.25 0.75 0.85 0.95 0.6 0.1 0.45 0.9 0.55 0.15 0.85 0.5 0.4 0.35 0.9 0.6 0.65 0.75 0.6 0.15 0.45 0.3 0.7 0.95 0.65 0.35 1.0 0.9 0.65 
-0.009295454418158003 0.4661741317970034 0.3840525448132837 0.45 1.0 0.3 0.9 0.8 0.2 0.95 0.55 0.15 0.85 0.9 0.4 0.0 0.15 0.1 0.9 0.2 0.45 0.9 0.55 0.1 0.75 0.9 0.9 0.8 0.45 0.3 0.05 0.3 0.7 0.45 0.0 0.3 0.8 0.7 0.75 
-0.13162500178338613 0.4733962301452166 0.39681366374522564 0.4 1.0 0.3 0.9 0.8 0.2 0.95 0.55 0.15 0.85 0.9 0.4 0.0 0.15 0.6 0.9 0.2 0.45 0.9 0.55 0.5 0.9 0.9 0.9 0.8 0.45 0.3 0.05 0.3 0.7 0.85 0.0 0.3 0.95 0.7 0.75 
-0.013940938068711719 0.560148819390957 0.37950621813867425 0.8 0.75 0.25 0.65 0.1 0.25 0.95 0.25 0.75 0.9 0.95 0.6 0.2 0.35 0.3 0.55 0.4 0.85 0.3 0.4 0.35 0.9 0.6 0.65 0.75 0.8 0.15 0.55 0.3 0.7 0.2 0.65 0.1 1.0 0.9 0.65 
-0.07112732738260098 0.6839866713363404 0.6764242049167872 0.6 0.7 0.25 0.65 0.95 0.6 0.85 0.25 0.25 0.85 0.8 0.3 0.85 0.35 0.35 1.0 0.35 0.2 1.0 0.4 0.35 0.9 0.6 0.6 0.95 0.85 0.4 0.4 0.55 0.85 0.95 0.65 0.35 0.95 0.0 0.65 
-0.06654579439557262 0.3737603739493528 0.6602798393190304 0.75 0.25 1.0 0.6 0.8 0.75 0.75 0.55 0.15 0.75 0.9 0.4 0.0 0.8 0.3 0.6 0.2 0.45 0.75 0.3 0.55 0.35 0.85 0.5 0.8 0.45 0.3 0.2 0.35 0.9 0.9 0.85 0.3 0.95 0.75 0.75 
-0.07264746650155694 0.3369343541941954 0.49994637814406767 0.4 1.0 0.3 0.9 0.8 0.75 0.75 0.55 0.15 0.65 0.9 0.4 0.0 0.3 0.3 0.9 0.2 0.45 0.8 0.3 0.2 0.7 0.9 0.5 0.8 0.45 0.3 0.05 0.1 0.55 0.9 0.0 0.3 0.95 0.7 0.75 
-0.021168642397011973 0.3474155698359247 0.44559374014615394 0.4 0.65 1.0 0.9 0.05 0.75 1.0 0.55 0.15 0.85 0.9 0.4 0.0 0.9 0.4 0.9 0.3 0.45 1.0 0.2 0.8 0.7 0.9 0.5 0.7 0.45 0.3 0.05 0.1 0.2 0.8 0.0 0.3 0.95 0.75 0.75 
-0.08738853622511222 0.6927497475971474 0.6701519030981123 0.6 0.7 0.55 0.1 0.95 0.6 0.9 0.25 0.4 0.8 0.65 0.2 0.25 0.45 0.85 0.55 0.35 0.2 1.0 0.4 0.35 0.95 0.6 0.65 0.95 0.85 0.4 0.45 0.55 0.75 0.9 0.65 0.35 1.0 0.0 0.65 
-0.00984268260505136 0.3583940454365783 0.42503294114877044 0.4 1.0 0.3 0.9 0.8 0.75 0.95 0.55 0.15 0.85 0.9 0.4 0.0 0.3 0.25 0.9 0.2 0.45 0.8 0.2 0.15 0.7 0.9 0.5 0.8 0.4 0.3 0.05 0.25 0.0 0.9 0.0 0.45 0.95 0.7 0.75 
-0.22870849038333793 0.4399337302642732 0.38057213804820855 0.6 1.0 0.3 0.3 0.8 1.0 0.95 0.55 0.15 0.9 0.9 0.4 0.0 0.3 0.55 0.9 0.2 0.45 0.9 0.55 0.15 0.8 0.9 0.9 0.8 0.45 0.4 0.05 0.55 0.7 0.85 0.0 0.3 0.95 0.7 0.75 
-0.034522184551843166 0.37035023955490365 0.6354256154426856 0.75 0.85 0.8 0.55 0.0 0.75 0.75 0.55 0.25 0.75 0.9 0.4 0.1 0.8 0.3 0.2 0.2 0.85 0.75 0.2 0.55 0.35 0.8 0.5 0.8 0.45 0.3 0.25 0.35 0.8 0.95 0.8 0.3 0.95 0.75 0.7 
-0.048743296406626495 0.4237634546952888 0.663403902425064 0.5 0.35 0.65 0.65 0.5 0.65 0.95 0.75 0.15 0.4 1.0 0.4 0.0 0.35 0.55 0.7 0.9 0.45 0.95 0.2 0.35 0.8 0.85 0.5 0.65 0.45 0.4 0.7 1.0 0.5 0.55 0.9 0.55 0.9 0.75 0.75 
-0.2569535360979268 0.5081819044561552 0.6955215930152424 0.35 0.3 0.05 0.95 0.5 0.6 0.75 0.15 0.65 0.9 1.0 0.75 0.2 0.8 0.55 0.25 0.55 0.45 0.8 0.35 0.35 0.6 0.6 0.65 0.95 0.85 0.3 0.3 0.55 0.95 0.95 0.8 0.4 1.0 0.95 0.55 
-0.03040080803136274 0.3317242069058072 0.41814357701572646 0.4 1.0 0.3 0.9 0.8 0.75 0.95 0.55 0.15 0.85 0.9 0.4 0.0 0.3 0.25 0.9 0.2 0.45 0.8 0.2 0.15 0.7 0.9 0.5 0.8 0.45 0.3 0.05 0.25 0.0 0.9 0.0 0.45 0.95 0.7 0.75 
-0.04485442007666725 0.3865434078619574 0.3862548564921921 0.4 1.0 1.0 0.9 0.55 0.75 0.95 0.55 0.15 0.85 0.9 0.4 0.9 0.6 0.25 0.25 0.3 0.5 0.95 0.2 0.1 0.55 0.85 0.25 0.8 0.45 0.3 0.1 0.7 0.25 0.9 1.0 0.3 0.95 0.75 0.75 
-0.11045246086271936 0.3386761964095776 0.41285934143825553 0.85 1.0 0.3 0.9 0.8 0.75 0.95 0.55 0.15 0.85 0.9 0.4 0.0 0.3 0.25 0.9 0.2 0.45 0.8 0.2 0.15 0.7 0.9 0.5 0.8 0.45 0.3 0.05 0.25 0.0 0.9 0.0 0.45 1.0 0.7 0.75 
-0.057607328951759 0.48164698858583505 0.6844787061957937 0.5 0.35 0.7 0.65 0.15 0.25 0.95 0.55 0.1 0.4 1.0 0.4 0.0 0.35 0.55 0.8 0.7 0.45 0.95 0.2 0.3 0.8 0.85 0.5 0.65 0.45 0.4 0.7 1.0 0.5 1.0 0.9 0.55 0.9 0.75 0.75 
-0.029360837308465965 0.7138924644404621 0.4825016992102317 0.6 1.0 0.25 0.65 0.1 0.25 1.0 0.25 0.8 0.9 0.95 0.6 0.85 0.35 0.45 0.55 0.35 0.85 0.95 0.4 0.35 0.9 0.6 0.65 0.75 0.6 0.1 0.45 0.5 0.7 0.95 0.65 0.35 0.85 0.0 0.65 
-0.002385367325877627 0.6017417591754293 0.7349336519257633 0.6 1.0 0.2 0.15 0.5 0.65 0.9 0.15 0.55 0.9 1.0 0.7 0.75 0.5 0.55 0.25 0.6 0.85 1.0 0.3 0.35 0.9 0.6 0.65 0.9 0.85 0.3 0.25 0.55 0.95 0.95 0.75 0.4 1.0 0.95 0.55 
-0.02249203752630341 0.6104262731819342 0.3956370975743762 0.6 1.0 0.5 0.1 0.1 0.35 1.0 0.25 0.5 0.45 0.95 0.6 0.1 0.35 0.8 0.55 0.35 0.85 0.85 0.4 0.35 0.9 0.3 0.65 0.3 0.6 0.3 0.45 0.45 0.7 0.45 0.65 0.25 1.0 0.0 0.05 
-0.009773616963392007 0.3679502280772603 0.4053795826212749 0.4 1.0 0.3 0.9 0.8 0.75 0.95 0.55 0.15 0.85 0.9 0.4 0.0 0.3 0.45 0.9 0.2 0.45 0.8 0.3 0.2 0.1 0.9 0.5 0.8 0.45 0.3 0.05 0.1 0.55 0.9 0.0 0.3 0.95 0.7 0.75 
-0.012662504150488888 0.44925561192395586 0.6651813988186879 0.5 0.35 1.0 0.65 0.5 0.65 0.95 0.75 0.15 0.4 1.0 0.4 0.0 0.35 0.55 0.7 0.9 0.45 0.95 0.2 0.35 0.8 0.85 0.5 0.65 0.45 0.4 0.85 1.0 0.5 0.55 0.9 0.55 0.9 0.75 0.75 
-0.015999195841505654 0.429296373264592 0.3556415967930653 0.4 1.0 0.3 0.9 0.95 0.2 1.0 0.55 0.15 0.85 0.9 0.4 0.0 0.3 0.9 0.9 0.2 0.75 0.35 0.2 0.1 0.55 0.9 0.75 0.8 0.45 0.5 0.05 0.4 0.2 0.9 0.0 0.3 0.95 0.7 0.75 
-0.2188254846114052 0.7098708289853836 0.6488774477445272 0.6 0.7 0.25 0.1 0.95 0.6 0.85 0.45 0.6 0.85 1.0 0.2 0.85 0.35 0.85 0.55 1.0 0.2 0.9 0.4 0.35 0.9 0.6 0.65 0.9 0.85 0.35 0.45 0.55 1.0 0.95 0.65 0.35 1.0 0.0 0.65 
-0.035903276309777875 0.6813083657381284 0.6964123611678353 0.6 0.7 0.25 0.1 0.95 0.6 0.85 0.45 0.6 0.85 1.0 0.2 0.85 0.35 0.85 0.55 1.0 0.2 1.0 0.4 0.35 0.9 0.6 0.65 0.9 0.85 0.35 0.45 0.55 1.0 0.95 0.65 0.35 1.0 0.0 0.65 
-7.225704592604047 0.5263216016662771 0.39169001755502164 0.6 1.0 0.25 0.65 0.1 0.25 1.0 0.25 0.75 1.0 0.95 0.6 0.1 0.35 0.9 0.55 0.35 0.85 0.95 0.4 0.35 0.65 0.6 0.65 0.75 0.65 0.95 0.45 0.3 0.7 0.95 0.65 0.95 0.9 0.9 0.65 
-0.018252079338878777 0.40875770121274274 0.36303166138936915 0.4 1.0 0.3 0.9 0.95 0.2 1.0 0.55 0.15 0.9 0.9 0.4 0.0 0.3 0.9 0.9 0.2 0.75 0.35 0.2 0.1 0.55 0.9 0.75 0.8 0.45 0.5 0.05 0.4 0.05 0.9 0.0 0.3 0.95 0.7 0.75 
-0.0001422756849288641 0.33337735127251733 0.47838238662946087 0.4 0.2 1.0 0.9 0.05 0.75 0.95 0.55 0.15 0.85 0.9 0.4 0.1 0.85 0.4 0.9 0.6 0.45 1.0 0.2 0.1 0.3 0.9 0.5 0.75 0.35 0.3 0.05 0.25 0.1 0.9 0.0 0.3 0.95 0.75 0.75 
-0.4836974266355397 0.38059301930387235 0.3668113467777967 0.4 0.0 0.3 0.9 0.4 0.75 1.0 0.55 0.15 0.85 0.9 0.4 0.0 0.35 0.3 0.9 0.6 0.45 0.95 0.3 0.2 0.7 0.9 0.6 0.8 0.45 0.3 0.1 0.1 0.6 0.9 0.0 0.5 0.95 0.7 0.75 
-0.028200474768774016 0.3800193348878926 0.37958897550635506 0.4 1.0 1.0 0.9 0.55 0.75 0.95 0.55 0.15 0.85 0.9 0.4 0.9 0.6 0.25 0.25 0.2 0.5 0.95 0.2 0.1 0.55 0.85 0.25 0.8 0.45 0.3 0.0 0.7 0.25 0.9 1.0 0.3 0.95 0.75 0.75 
-0.02876926635363542 0.5455734790036559 0.7162898819847228 0.6 0.7 0.2 0.15 0.5 0.6 0.95 0.15 0.8 0.9 1.0 0.75 0.75 0.8 0.55 0.25 0.15 0.2 1.0 0.3 0.35 0.8 0.6 0.65 0.9 0.85 0.3 0.65 0.55 0.9 0.95 0.8 0.4 1.0 0.0 0.55 
-0.01255703602161263 0.39432110962214234 0.6612218851363829 0.5 0.35 0.65 0.65 0.15 0.25 0.95 0.75 0.15 0.4 1.0 0.4 0.0 0.35 0.55 0.8 0.7 0.45 0.95 0.2 0.3 0.8 0.85 0.5 0.65 0.45 0.4 0.7 1.0 0.5 1.0 0.95 0.55 0.9 0.75 0.75 
-0.0917598772777356 0.290590019895834 0.5599405533283521 0.4 0.85 1.0 0.9 0.7 0.75 0.95 0.55 0.15 0.85 0.9 0.4 0.0 0.3 0.25 0.9 0.05 0.45 0.8 0.2 0.55 0.7 0.9 0.5 0.8 0.45 0.3 0.05 0.25 0.2 0.8 0.0 0.3 0.95 0.75 0.75 
-0.0046641780896604645 0.39037208522441325 0.3615672637193008 0.4 0.0 0.3 0.9 0.0 0.75 1.0 0.55 0.15 0.95 0.9 0.4 0.0 0.35 0.3 0.9 0.2 0.45 0.95 0.3 0.2 0.7 0.9 0.6 0.75 0.45 0.3 0.1 0.1 0.45 0.9 0.0 0.5 0.95 0.7 0.75 
-0.05560683959580065 0.6030131481185991 0.38937289106047135 0.6 1.0 0.5 0.1 0.1 0.25 1.0 0.25 0.5 0.45 0.95 0.6 0.1 0.35 0.8 0.55 0.35 0.85 0.85 0.4 0.35 0.9 0.3 0.65 0.3 0.6 0.3 0.45 0.45 0.7 0.45 0.65 0.35 1.0 0.0 0.05 
-0.0430005544592781 0.7111473944003832 0.5066512206428989 0.6 1.0 0.25 0.65 0.9 0.6 0.9 0.25 0.6 0.9 0.95 0.6 0.1 0.35 0.45 0.55 0.35 0.85 0.95 0.4 0.35 0.9 0.6 0.65 0.75 0.6 0.15 0.45 0.45 0.7 0.95 0.65 0.35 0.95 0.0 0.65 
-0.1126485573539814 0.5339777197428549 0.7138803030044417 0.6 0.7 0.2 0.15 0.5 0.7 0.9 0.15 0.55 0.75 1.0 0.75 0.75 0.5 0.55 0.25 0.15 0.85 0.5 0.3 0.35 0.9 0.6 0.65 0.85 0.85 0.3 0.3 0.55 0.95 0.95 0.7 0.4 1.0 0.95 0.55 
-0.006207318714966371 0.6793908999308659 0.7046700163298933 0.6 0.7 0.25 0.65 0.95 0.6 0.85 0.25 0.25 0.85 0.8 0.45 0.85 0.2 0.45 1.0 0.35 0.2 1.0 0.4 0.35 0.9 0.6 0.6 0.95 0.85 0.4 0.4 0.55 0.85 0.95 0.65 0.35 0.95 0.0 0.65 
-0.04747580973216006 0.32227578801794743 0.535389253916513 0.4 0.3 1.0 0.1 0.8 0.75 0.95 0.55 0.15 0.85 0.9 0.4 0.0 0.65 0.25 0.0 0.85 0.3 0.9 0.2 0.55 0.35 0.9 0.5 0.5 0.45 0.3 0.1 0.25 0.35 0.9 0.0 0.3 0.95 0.75 0.75 
-0.04356873917782084 0.2979651115146885 0.5217814850532725 0.4 1.0 1.0 0.9 0.8 0.75 0.95 0.55 0.15 0.85 0.9 0.4 0.0 0.9 0.4 0.9 0.6 0.45 1.0 0.2 0.1 0.7 0.9 0.5 0.8 0.45 0.3 0.05 0.25 0.3 0.8 0.0 0.3 0.95 0.75 0.75 
-0.030334784984343343 0.30679166826760207 0.5019630684273076 0.4 1.0 1.0 0.9 0.8 0.75 0.85 0.55 0.15 0.85 0.9 0.4 0.0 0.9 0.4 0.9 0.6 0.45 1.0 0.2 0.1 0.7 0.9 0.5 0.8 0.45 0.3 0.05 0.25 0.2 0.8 0.0 0.3 0.95 0.75 0.75 
-3.020099225923504 0.4022368452443559 0.34607909272557874 0.4 1.0 0.3 0.9 0.95 0.2 1.0 0.55 0.15 0.85 0.9 0.4 0.0 0.3 0.3 0.9 0.2 0.75 0.35 0.35 0.1 0.55 0.9 0.75 0.8 0.45 0.5 0.05 0.95 0.2 0.9 0.0 0.3 0.95 0.7 0.75 
-0.12464530051803213 0.31013450965245193 0.5704448857575617 0.4 0.7 1.0 0.9 0.8 0.75 0.95 0.55 0.15 0.85 0.9 0.4 0.0 0.3 0.25 0.0 0.2 0.3 0.9 0.2 0.55 0.4 0.85 0.5 0.75 0.45 0.3 0.1 0.25 0.8 0.9 0.0 0.3 0.95 0.75 0.75 
-0.09390550615716081 0.32227143237767664 0.5473103175913523 0.4 0.7 1.0 0.9 0.8 0.75 0.95 0.55 0.15 0.85 0.9 0.4 0.0 0.3 0.25 0.0 0.2 0.3 0.9 0.2 0.55 0.4 0.85 0.5 0.75 0.45 0.3 0.1 0.25 0.6 0.9 0.0 0.3 0.95 0.75 0.75 
-0.0002548968352470087 0.3399338063704307 0.6199963356853573 0.75 0.85 0.8 0.55 0.8 0.75 0.95 0.55 0.15 0.75 0.9 0.4 0.1 0.8 0.3 0.2 0.2 0.85 0.75 0.2 0.55 0.35 0.8 0.5 0.8 0.45 0.3 0.15 0.35 0.8 0.95 0.8 0.3 0.9 0.75 0.7 
-0.027111408058484752 0.35202767485033476 0.6247025187850774 0.75 0.25 1.0 0.6 0.8 0.75 1.0 0.55 0.15 0.75 0.9 0.4 0.0 0.8 0.3 0.2 0.2 0.45 0.75 0.3 0.35 0.1 0.85 0.5 0.9 0.45 0.3 0.25 0.35 0.7 0.9 0.85 0.3 0.95 0.75 0.75 
-0.038088979559222476 0.28838613936140545 0.5040319761672162 0.4 0.65 0.4 0.9 1.0 0.75 1.0 0.55 0.15 0.85 0.9 0.4 0.0 0.45 0.4 0.9 0.3 0.45 1.0 0.2 0.1 0.7 0.9 0.5 0.7 0.45 0.3 0.0 0.25 0.2 0.8 0.0 0.45 0.95 0.75 0.75 
-0.0009110868963269913 0.34411764063159545 0.5845462186334731 0.0 0.45 0.8 0.55 0.8 0.95 0.95 0.55 0.15 0.75 0.9 0.4 0.1 0.8 0.3 0.2 0.2 0.85 0.75 0.3 0.55 0.35 0.8 0.5 0.65 0.45 0.3 0.25 0.35 0.8 0.65 0.8 0.3 0.95 0.75 0.7 
-0.059146500335972164 0.2955901349958411 0.5899754732683569 0.4 0.7 1.0 0.9 0.8 0.75 0.95 0.55 0.15 0.85 0.9 0.4 0.0 0.3 0.25 0.0 0.2 0.3 0.9 0.2 0.55 0.4 0.85 0.5 0.9 0.45 0.3 0.1 0.25 0.8 0.9 0.0 0.3 0.95 0.75 0.75 
-0.4353249076508452 0.31432658247150425 0.4674574284916591 0.4 0.7 1.0 0.9 0.8 0.75 0.95 0.55 0.15 0.85 0.9 0.4 0.0 0.3 0.25 0.0 0.2 0.3 0.9 0.2 0.55 0.4 0.85 0.5 0.9 0.45 0.9 0.1 0.9 0.8 0.9 0.0 0.3 0.95 0.75 0.75 
-0.04156479543098834 0.33535646545611897 0.6010721702492527 0.0 0.85 0.8 0.55 0.8 0.1 0.95 0.55 0.15 0.75 0.9 0.4 0.1 0.8 0.3 0.2 0.2 0.85 0.75 0.3 0.55 0.35 0.8 0.5 0.8 0.45 0.3 0.25 0.35 0.8 0.65 0.8 0.3 0.95 0.75 0.7 
-0.11344541058049322 0.6227916019841606 0.7248925888070239 0.95 0.7 0.2 0.15 0.5 0.6 0.9 0.15 0.8 0.9 1.0 0.3 0.75 0.8 0.55 0.25 0.15 0.85 0.9 0.3 0.35 0.7 0.6 0.65 0.9 0.85 0.3 0.3 0.55 0.95 0.95 0.8 0.4 1.0 0.0 0.55 
-0.09848861701360766 0.31352492783426344 0.5877581752384402 0.75 0.25 1.0 0.6 0.8 0.75 0.9 0.55 0.15 0.75 0.9 0.4 0.0 0.8 0.3 0.2 0.2 0.45 0.75 0.3 0.55 0.4 0.85 0.5 0.9 0.45 0.3 0.25 0.35 0.7 0.9 0.0 0.3 0.95 0.75 0.75 
-0.0019386936179534978 0.2913196558539609 0.5351792894606396 0.4 0.85 1.0 0.9 0.8 0.75 0.95 0.55 0.15 0.85 0.9 0.4 0.0 0.3 0.25 0.9 0.6 0.45 0.8 0.2 0.45 0.7 0.9 0.5 0.8 0.45 0.3 0.05 0.25 0.35 0.8 0.0 0.3 0.95 0.75 0.75 
-0.09087085831354146 0.5122022251610038 0.7217527110660928 0.95 0.7 0.2 0.15 0.5 0.65 0.95 0.15 0.8 1.0 1.0 0.75 0.75 0.8 0.55 0.25 0.15 0.85 0.9 0.3 0.35 0.95 0.6 0.65 0.9 0.85 0.3 0.3 0.55 0.95 0.95 0.8 0.4 1.0 0.0 0.55 
-0.01496894969525246 0.33999722736952287 0.6357051078037993 0.75 0.25 1.0 0.6 0.8 0.75 1.0 0.55 0.15 0.75 0.9 0.4 0.0 0.8 0.3 0.2 0.2 0.45 0.75 0.3 0.35 0.2 0.85 0.5 0.9 0.45 0.3 0.25 0.35 0.7 0.9 0.85 0.3 0.95 0.75 0.75 
-0.025714740309161894 0.5499410685499339 0.7447814988556589 0.6 0.7 0.2 0.15 0.5 0.7 0.65 0.15 0.85 0.9 1.0 0.75 0.75 0.5 0.55 0.25 0.8 0.85 1.0 0.3 0.35 0.9 0.6 0.65 0.9 0.85 0.3 0.3 0.55 0.95 0.95 0.75 0.4 1.0 0.95 0.55 
-0.12499056221040762 0.3210252858092911 0.44879378170867607 0.3 0.65 1.0 0.1 0.05 0.75 1.0 0.55 0.15 0.85 0.9 0.4 0.0 0.9 0.4 0.7 0.3 0.45 0.75 0.2 0.1 0.7 0.9 0.5 0.7 0.45 0.3 0.05 0.6 0.2 0.95 0.0 0.3 0.95 0.75 0.75 
-0.30859491701106273 0.720087218180709 0.5299319659478323 0.6 1.0 0.25 0.65 0.1 0.25 1.0 0.25 0.7 0.9 0.95 0.6 0.1 0.35 0.45 0.55 0.35 0.85 0.95 0.4 0.35 0.9 0.6 0.65 0.75 0.6 0.15 0.45 0.5 0.7 0.95 0.65 0.35 0.85 0.0 0.65 
-0.052291271693334564 0.3337815271699411 0.6204393070450213 0.75 0.25 1.0 0.6 0.8 0.75 1.0 0.55 0.15 0.75 0.9 0.4 0.0 0.8 0.3 0.2 0.2 0.45 0.75 0.3 0.35 0.2 0.85 0.5 0.9 0.45 0.3 0.25 0.35 0.7 0.7 0.85 0.3 0.95 0.75 0.75 
-1.276602785928258 0.45014560503578005 0.35788521871557055 0.4 1.0 0.3 0.9 0.8 1.0 0.95 0.55 0.15 0.9 0.9 0.4 0.0 0.3 0.55 0.9 0.2 0.45 0.9 0.55 0.15 0.5 0.9 0.9 0.8 0.45 0.4 0.2 0.5 0.7 0.85 0.0 0.3 0.95 0.7 0.75 
-0.13054817532758053 0.3444708625650924 0.6631748259375683 0.1 0.9 1.0 0.6 0.8 0.75 0.9 0.55 0.15 0.8 0.9 0.4 0.0 0.8 0.3 0.2 0.2 0.45 0.75 0.3 0.55 0.4 0.85 0.5 0.9 0.45 0.3 0.25 0.35 0.85 0.9 0.85 0.3 0.95 0.75 0.75 
-4.977214176416784 0.46066761839970505 0.35201599620858515 0.6 1.0 0.3 0.9 0.8 1.0 0.95 0.55 0.15 0.9 0.9 0.4 0.0 0.3 0.55 0.9 0.2 0.45 0.9 0.55 0.15 0.8 0.9 0.9 0.8 0.45 0.4 0.05 0.5 0.7 0.85 0.0 0.3 0.95 0.7 0.75 
-0.020093892148998104 0.3366597707360056 0.6322502196119822 1.0 0.85 0.8 0.55 0.65 0.75 0.95 0.55 0.15 0.75 0.9 0.4 0.1 0.8 0.3 0.2 0.2 0.85 0.75 0.2 0.55 0.35 0.8 0.5 0.8 0.45 0.3 0.25 0.35 0.4 0.95 0.8 0.3 0.95 0.75 0.7 
-0.6021034633609884 0.3098873741057693 0.620198250309462 0.35 0.85 1.0 0.9 0.8 0.75 0.95 0.55 0.15 0.85 0.9 0.4 0.75 0.8 0.4 0.9 0.6 0.45 1.0 0.2 0.55 0.7 0.9 0.5 1.0 0.45 0.3 0.05 0.75 0.8 1.0 0.8 0.45 0.95 0.8 0.75 
-0.5595019099317542 0.7215758229976075 0.6251273070118454 0.6 0.4 0.25 0.1 0.95 0.6 0.95 0.25 0.6 0.55 0.65 0.3 0.85 0.35 0.8 0.55 0.35 0.2 0.9 0.4 0.35 0.9 0.6 0.65 0.8 0.85 0.4 0.45 0.55 0.85 1.0 0.65 0.35 1.0 0.0 0.65 
-0.04951313480194284 0.6419346622188473 0.7181889912368742 0.6 0.7 0.8 0.15 0.5 0.6 0.75 0.15 0.45 0.85 1.0 0.75 0.85 0.5 0.0 0.25 0.1 0.85 1.0 0.3 0.35 1.0 0.6 0.65 0.9 0.85 0.3 0.25 0.3 0.95 0.9 0.7 0.4 1.0 0.95 0.55 
-11.112859203837298 0.4310026240947963 0.33857906455671205 0.4 1.0 0.3 0.75 0.8 0.8 1.0 0.55 0.15 0.85 0.9 0.4 0.8 0.3 0.9 0.9 1.0 0.45 0.6 0.4 0.1 0.9 0.9 0.9 0.8 0.45 0.6 0.05 0.8 0.15 0.9 0.0 0.2 0.95 0.7 0.75 
-0.8118543595537316 0.3411299295459035 0.6670077293119318 0.75 0.25 1.0 0.6 0.8 0.75 0.9 0.55 0.15 0.75 0.9 0.4 0.0 0.8 0.3 0.55 0.2 0.45 0.75 0.3 0.55 0.4 0.85 0.5 0.9 0.45 0.3 0.2 0.35 0.85 0.9 0.85 0.3 0.95 0.75 0.75 
-2.1533003716989336 0.31242790740216975 0.6610574654454626 0.75 0.15 0.5 0.6 0.8 0.75 1.0 0.55 0.15 0.8 0.9 0.4 0.7 0.75 0.3 0.05 0.2 0.45 0.75 0.3 0.55 0.55 0.85 0.5 0.9 0.45 0.3 0.25 0.4 0.9 0.9 0.85 0.35 0.95 0.75 0.75 
-0.30394476849020596 0.322948171404145 0.6474240664349468 0.75 0.25 0.3 0.6 0.8 0.75 1.0 0.55 0.15 0.75 0.9 0.4 0.0 0.8 0.95 0.2 0.2 0.45 0.75 0.3 0.55 0.4 0.85 0.5 0.9 0.45 0.3 0.15 0.35 0.6 0.9 0.85 0.3 0.95 0.75 0.7 
-0.1457880866160781 0.28480224148692235 0.5140435729827972 0.4 0.35 1.0 0.9 0.05 0.75 1.0 0.55 0.15 0.85 0.9 0.4 0.0 0.9 0.4 0.9 0.3 0.45 1.0 0.2 0.1 0.65 0.9 0.5 0.95 0.45 0.3 0.05 0.25 0.45 0.8 0.0 0.3 0.95 0.75 0.75 
-0.26372928849390426 0.3504571973658841 0.6770570362056012 0.75 0.25 1.0 0.6 0.8 0.75 0.9 0.55 0.15 0.75 0.9 0.4 0.0 0.8 0.3 0.2 0.2 0.45 0.75 0.3 0.55 0.4 0.85 0.5 0.9 0.45 0.3 0.25 0.35 0.85 0.9 0.85 0.3 0.95 0.75 0.75 
-0.12390086732996962 0.3516486542143994 0.38890107427362797 0.4 0.0 0.3 0.9 0.8 0.75 1.0 0.55 0.15 0.85 0.9 0.4 0.0 0.3 0.3 0.9 0.2 0.9 0.95 0.3 0.2 0.7 0.9 0.6 0.8 0.45 0.3 0.1 0.1 0.5 0.9 0.0 0.4 0.95 0.7 0.75 
-15.775412266997787 0.49190960432160585 0.3831881461919347 0.4 1.0 0.3 0.9 1.0 0.2 0.95 0.55 0.15 0.85 0.9 0.4 0.0 0.15 0.6 0.15 0.55 0.45 0.9 0.55 0.4 0.75 0.9 0.9 0.8 0.45 0.3 0.05 0.15 0.7 0.85 0.0 0.3 0.7 0.7 1.0 
-0.18220371981075875 0.39821729107160164 0.6809447154505301 0.0 0.35 0.45 0.65 0.15 0.25 0.95 0.55 0.15 0.4 0.95 0.4 0.0 0.35 0.0 0.2 0.7 0.45 0.95 0.2 0.3 0.95 0.85 0.5 0.8 0.45 0.4 0.7 1.0 0.5 1.0 0.9 0.35 0.75 0.75 0.75 
-0.10917207011121845 0.37431143682547996 0.6708657917026906 0.5 0.1 0.65 0.65 0.15 0.25 0.95 0.75 0.15 0.4 1.0 0.4 0.0 0.35 0.55 0.8 0.65 0.45 0.95 0.2 0.3 0.95 0.85 0.5 0.85 0.45 0.4 0.7 1.0 0.15 1.0 0.9 0.75 0.65 0.75 0.75 
-2.3939446304552074 0.3019498661343242 0.6449323992516711 0.35 0.85 1.0 0.9 0.8 0.75 0.95 0.55 0.15 0.85 0.9 0.4 0.75 0.8 0.4 0.9 0.6 0.45 1.0 0.2 0.55 0.7 0.9 0.5 1.0 0.45 0.3 0.05 0.75 0.8 1.0 0.9 0.45 0.95 0.8 0.75 
-0.057052844849185255 0.7076800469385125 0.45615719973555213 0.9 0.1 0.25 0.05 0.6 0.05 0.9 0.25 0.7 0.8 0.95 0.6 0.4 0.75 0.8 0.85 0.3 0.85 1.0 0.4 0.35 1.0 0.6 0.65 0.3 0.85 0.15 0.6 0.3 0.95 0.95 0.65 0.3 1.0 0.75 0.3 
-11.73137027531972 0.381947538438359 0.6931809642229168 0.75 0.25 1.0 0.6 0.8 0.75 0.9 0.55 0.15 0.75 0.9 0.4 0.0 0.8 0.3 0.2 0.2 0.45 0.75 0.3 0.35 0.4 0.85 0.5 0.9 0.45 0.3 0.4 0.35 0.85 0.9 0.85 0.3 0.95 0.75 0.75 
-0.1215621225277613 0.5410874716493365 0.7417337409368207 0.95 0.7 0.2 0.15 0.5 0.6 0.95 0.15 0.8 0.9 1.0 0.75 0.75 0.8 0.55 0.25 0.15 0.85 0.9 0.3 0.35 0.95 0.6 0.65 0.9 0.85 0.3 0.3 0.55 0.95 0.95 0.8 0.4 1.0 0.0 0.55 
-0.0004950171943813468 0.4355609489300621 0.6946327527428103 0.5 0.35 0.65 0.65 0.15 0.25 0.95 0.75 0.15 0.4 1.0 0.4 0.0 0.35 0.55 0.8 0.7 0.45 0.95 0.2 0.3 0.8 0.85 0.5 0.8 0.45 0.4 0.7 1.0 0.5 1.0 0.9 0.55 0.65 0.75 0.75 
-0.08955881517082677 0.42021100193633676 0.6849877995642953 0.5 0.35 0.65 0.65 0.15 0.25 0.95 0.75 0.15 0.4 1.0 0.4 0.0 0.35 0.55 0.8 0.7 0.45 0.95 0.2 0.3 0.8 0.85 0.5 0.65 0.45 0.4 0.7 1.0 0.5 1.0 0.9 0.55 0.9 0.75 0.75 
-0.6010582690178923 0.7307375959463924 0.5767903579602003 0.75 0.3 0.25 0.65 0.1 0.25 1.0 0.25 0.6 0.95 0.95 0.6 0.45 0.35 0.05 0.15 0.35 0.85 0.95 0.4 0.35 0.9 0.6 0.65 0.6 0.6 0.15 0.4 0.6 0.7 0.95 0.65 0.35 0.85 0.0 0.65 
-0.5272405659628668 0.45815446019678163 0.6982992564267296 0.5 0.35 0.65 0.65 0.15 0.25 0.95 0.75 0.15 0.4 1.0 0.4 0.0 0.35 0.55 0.8 0.65 0.45 0.95 0.2 0.3 0.95 0.85 0.5 0.65 0.45 0.4 0.7 1.0 0.5 1.0 0.9 0.75 0.65 0.75 0.75 
-0.021090951534984637 0.27338916648637923 0.557542784998213 0.4 1.0 1.0 0.95 0.8 0.75 0.95 0.55 0.15 0.85 0.9 0.4 0.75 0.8 0.4 0.7 0.6 0.45 1.0 0.2 0.5 0.7 0.9 0.5 0.8 0.45 0.3 0.05 0.0 0.7 1.0 0.05 0.45 0.95 0.8 0.75 
-1.8988893522157002 0.5045485015726127 0.7360370365976239 0.6 0.1 0.2 0.15 0.5 0.6 0.75 0.15 0.8 0.9 1.0 0.75 0.75 0.5 0.3 0.25 0.15 0.85 0.7 0.3 0.35 0.9 0.6 0.65 0.9 0.9 0.3 0.3 0.55 0.95 0.95 0.8 0.4 1.0 0.0 0.55 
-0.16236789960418718 0.28157072932265403 0.5857395177398018 0.35 0.85 1.0 0.9 0.8 0.75 0.95 0.55 0.15 0.85 0.9 0.4 0.75 0.8 0.4 0.9 0.6 0.45 1.0 0.2 0.55 0.7 0.9 0.5 0.8 0.45 0.3 0.05 0.0 0.8 1.0 0.0 0.45 0.95 0.8 0.75 
-0.033149064727318996 0.6665175529979085 0.7185725379422506 0.6 0.7 0.25 0.1 0.95 0.6 0.9 0.25 0.4 0.8 0.65 0.3 0.25 0.45 0.85 0.55 0.35 0.2 1.0 0.4 0.35 0.95 0.6 0.65 0.95 0.85 0.4 0.45 0.55 0.75 0.9 0.65 0.35 1.0 0.0 0.65 
-0.06793985805988421 0.659075697456988 0.39558760095413603 0.6 1.0 0.25 0.65 0.15 0.6 1.0 0.25 0.75 0.85 0.95 0.6 0.1 0.35 0.35 0.55 0.35 0.85 0.95 0.4 0.2 0.9 0.6 0.65 0.85 0.6 0.15 0.3 0.55 0.95 0.9 1.0 0.8 0.9 0.9 0.65 
-138.49294251081307 0.4417956744625232 0.7180957921506448 0.6 0.7 0.2 0.15 0.5 0.6 0.95 0.15 0.25 0.9 0.0 0.8 0.35 0.3 0.8 1.0 0.15 0.1 1.0 0.3 0.35 0.75 0.6 0.65 0.9 0.85 0.3 0.25 0.55 0.9 0.95 0.8 0.4 0.85 0.0 0.55 
-13.648816571631437 0.41054371667661843 0.33202835093755345 0.4 1.0 0.3 0.9 0.8 0.15 1.0 0.55 0.15 0.85 0.9 0.4 0.0 1.0 0.9 0.9 1.0 0.45 0.3 0.2 0.1 0.55 0.9 0.9 0.8 0.45 0.65 0.05 0.8 0.15 0.9 0.0 0.3 0.95 0.7 0.75 
-0.017975130630814073 0.5792730050390091 0.7465535279264426 0.6 0.7 0.2 0.15 1.0 0.6 0.75 0.25 0.8 0.9 1.0 0.6 0.75 0.5 0.95 0.25 0.15 0.85 0.9 0.3 0.35 0.9 0.6 0.65 0.9 0.85 0.3 0.3 0.55 0.95 0.95 0.8 0.35 1.0 0.0 0.55 
-0.45457544434043895 0.3196809245675518 0.4100839187277754 0.4 1.0 1.0 0.9 0.05 0.75 0.95 0.55 0.15 0.85 0.9 0.4 0.0 0.9 0.4 0.9 0.6 0.45 1.0 0.2 0.1 0.7 0.9 0.5 0.8 0.45 0.3 0.05 0.25 0.55 0.9 0.0 0.3 0.95 0.75 0.8 
-12.312474355179752 0.43008511769520064 0.3329720446067176 0.4 0.4 0.3 0.55 0.8 0.15 1.0 0.55 0.15 0.85 0.9 0.4 0.0 1.0 0.9 0.75 1.0 0.45 0.95 0.4 0.1 1.0 0.9 0.9 0.8 0.45 0.65 0.05 0.1 0.15 0.9 0.0 0.3 1.0 0.7 0.75 
-0.04498905068815755 0.632829497162036 0.3866266430133367 0.6 1.0 0.25 0.65 0.1 0.25 1.0 0.25 0.75 0.8 0.95 0.6 0.1 0.35 0.35 0.55 0.35 0.85 0.95 0.4 0.35 0.9 0.6 0.65 0.75 0.6 0.15 0.3 0.55 0.7 0.5 0.8 0.35 0.9 0.9 0.65 
-153.73871168021952 0.45613587527248983 0.7277501921204313 0.6 0.7 0.2 0.15 0.5 0.6 0.6 0.15 0.55 0.9 1.0 0.75 0.75 0.5 0.55 0.25 0.15 0.85 1.0 0.3 0.45 0.4 0.6 0.65 0.95 0.85 0.3 0.3 0.55 0.95 0.95 0.7 0.4 1.0 0.95 0.55 
-0.7192593040560809 0.6831567843844435 0.7225523110052401 0.6 0.7 0.25 0.65 0.95 0.6 0.85 0.25 0.25 0.85 0.65 0.3 0.85 0.35 0.85 1.0 0.35 0.2 1.0 0.4 0.35 0.9 0.6 0.6 0.95 0.85 0.4 0.4 0.55 0.85 0.95 0.65 0.35 0.95 0.0 0.65 
-2.1044824565067293 0.7242400358404971 0.4920658165824859 0.4 0.1 0.25 0.05 0.1 0.6 0.9 0.25 0.7 0.8 0.95 0.6 0.4 0.75 0.8 0.85 0.3 0.85 1.0 0.4 0.35 1.0 0.6 0.65 0.9 0.85 0.15 0.45 0.3 0.95 0.95 0.65 0.3 1.0 0.7 0.3 
-0.6698186030518846 0.3022759200159931 0.4179191774863808 0.4 0.0 0.3 0.9 0.0 0.75 1.0 0.55 0.15 0.95 0.9 0.4 0.0 0.35 0.75 0.9 0.2 0.45 0.95 0.3 0.2 0.7 0.9 0.5 0.75 0.45 0.3 0.1 0.1 0.45 0.9 0.0 0.5 0.95 0.7 0.75 
-0.6070176420989658 0.27907209127596 0.48674920354353135 0.4 0.35 1.0 0.9 0.05 0.75 1.0 0.55 0.15 0.85 0.9 0.4 0.0 0.9 0.4 0.9 0.3 0.45 1.0 0.2 0.1 0.7 0.9 0.5 0.95 0.45 0.3 0.05 0.25 0.2 0.8 0.0 0.3 0.95 0.75 0.75 
-0.10560202638930977 0.5725172242254737 0.37222951102351465 0.6 0.75 0.25 0.05 0.1 0.25 1.0 0.25 0.75 0.85 0.95 0.6 0.1 0.45 0.95 0.3 0.15 0.85 0.4 0.4 0.35 0.9 0.6 0.65 0.75 0.6 0.15 0.45 0.3 0.7 0.1 0.65 0.35 1.0 0.9 0.65 
-0.11101869962174894 0.6853377167218858 0.4225928034699616 0.6 1.0 0.25 0.65 0.1 0.25 1.0 0.25 0.75 0.9 0.95 0.6 0.2 0.35 0.9 0.55 0.4 0.85 0.9 0.4 0.35 0.9 0.6 0.65 0.75 0.6 0.15 0.55 0.3 0.7 1.0 0.65 0.35 0.9 0.9 0.65 
-0.02006274345120907 0.5197695819727528 0.739921287394306 0.6 0.1 0.2 0.15 0.5 0.6 0.75 0.15 0.8 0.9 1.0 0.75 0.75 0.5 0.3 0.25 0.15 0.85 0.75 0.3 0.35 0.9 0.6 0.65 0.9 0.9 0.3 0.3 0.55 0.95 0.95 0.8 0.4 1.0 0.0 0.55 
-0.14799510858862117 0.42410679381253735 0.695592972138235 0.5 0.35 0.65 0.65 0.15 0.25 0.95 0.75 0.15 0.4 1.0 0.4 0.0 0.35 0.55 0.8 0.65 0.45 0.95 0.2 0.3 0.95 0.85 0.5 0.85 0.45 0.4 0.7 1.0 0.5 1.0 0.9 0.75 0.65 0.75 0.75 
-0.00251821633324148 0.5498644160124004 0.7582003978840715 0.6 0.7 0.55 0.15 0.5 0.6 0.75 0.15 0.8 0.9 1.0 0.75 0.75 0.5 0.55 0.25 0.15 0.85 1.0 0.3 0.35 0.9 0.6 0.65 0.9 0.85 0.3 0.35 0.55 0.95 0.95 0.8 0.4 1.0 0.95 0.55 
-0.06405940565841946 0.7020803490889918 0.6913307315411213 0.6 0.7 0.25 0.1 0.95 0.6 0.9 0.25 0.6 0.9 0.65 0.3 0.25 0.45 0.85 0.55 0.35 0.55 0.95 0.4 0.35 0.95 0.6 0.65 0.95 0.85 0.4 0.45 0.55 0.75 0.9 0.65 0.35 1.0 0.0 0.65 
-0.4106921609082645 0.7278566393360635 0.5533315567691712 0.75 0.3 0.25 0.65 0.1 0.25 1.0 0.25 0.6 0.95 0.95 0.6 0.45 0.35 0.45 0.15 0.35 0.85 0.95 0.4 0.35 0.9 0.6 0.65 0.6 0.6 0.15 0.4 0.6 0.7 0.9 0.65 0.35 0.85 0.0 0.65 
-0.22307317815243888 0.6152797021957752 0.7835903312673829 0.6 0.7 0.2 0.3 0.5 0.7 0.9 0.15 0.8 0.4 1.0 0.75 0.65 0.2 0.55 0.25 0.8 0.85 1.0 0.3 0.3 0.9 0.6 0.65 0.9 0.85 0.3 0.3 0.55 0.95 0.95 0.75 0.4 0.75 0.95 0.55 
-0.6167294640373358 0.7027424341607279 0.4300432390900009 0.55 0.1 0.25 0.1 0.1 0.6 0.95 0.25 0.7 0.8 0.95 0.6 0.4 0.35 0.8 0.0 0.3 0.85 1.0 0.4 0.35 1.0 0.6 0.65 0.9 0.85 0.15 0.45 0.55 0.9 0.95 0.65 0.35 1.0 0.7 0.3 
-0.11126430101679391 0.6128408425309687 0.7625467823975903 0.6 0.7 0.2 0.05 0.5 0.6 1.0 0.15 0.55 0.9 1.0 0.75 0.35 0.5 0.55 0.95 0.15 0.85 1.0 0.3 0.35 0.9 0.6 0.65 0.9 0.85 0.3 0.3 0.55 0.95 0.95 0.7 0.4 1.0 0.95 0.55 
-2.2667510454167097 0.7311965368352318 0.638546103920105 0.6 0.3 0.25 0.65 0.5 0.25 1.0 0.25 0.6 0.9 0.95 0.6 0.1 0.35 0.45 0.55 0.35 0.85 0.95 0.4 0.3 0.85 0.6 0.65 1.0 0.95 0.45 0.4 0.6 0.7 0.95 0.65 0.35 0.85 0.0 0.65 
-0.007203460589462923 0.7127377311087876 0.45220720789692936 0.4 0.1 0.35 0.05 0.6 0.05 0.9 0.25 0.7 0.8 0.95 0.6 0.4 0.75 0.75 0.85 0.3 0.85 1.0 0.4 0.35 1.0 0.6 0.65 0.8 0.85 0.15 0.4 0.3 0.95 0.95 0.65 0.3 1.0 0.75 0.3 
-0.12563902259494467 0.577982038829624 0.7810081297027905 0.6 0.7 0.2 0.65 0.5 0.6 1.0 0.15 0.7 0.9 1.0 0.75 0.35 0.5 0.55 0.95 0.15 0.85 1.0 0.3 0.35 0.9 0.6 0.65 0.9 0.85 0.3 0.3 0.55 0.95 1.0 0.7 0.4 1.0 0.95 0.55 
-0.8972268720339169 0.6293492944092622 0.7746608755050766 0.6 1.0 0.2 0.15 0.5 0.65 0.9 0.15 0.55 0.9 1.0 0.75 0.75 0.5 0.55 0.25 0.15 0.85 1.0 0.3 0.35 0.9 0.6 0.65 0.9 0.85 0.3 0.25 0.55 0.95 0.95 0.75 0.4 1.0 0.95 0.55 
-0.014046150692973573 0.601414427564393 0.356868112096525 0.6 0.7 0.25 0.65 0.45 0.25 1.0 0.25 0.75 0.9 0.95 0.6 0.1 0.35 0.35 0.25 0.35 0.85 0.2 0.4 0.2 0.9 0.6 0.65 0.8 0.6 0.15 0.3 0.55 0.7 0.7 1.0 0.8 0.95 0.9 0.65 
-0.06614850585874293 0.6272064533221142 0.7567114442778038 0.6 0.7 0.2 0.15 0.5 0.7 0.9 0.15 0.55 0.75 1.0 0.75 0.75 0.5 0.55 0.25 0.15 0.85 1.0 0.3 0.35 0.9 0.6 0.65 0.85 0.85 0.3 0.3 0.55 0.95 0.95 0.7 0.4 1.0 0.95 0.55 
-0.07396467422027864 0.5886303613051913 0.7639845688355267 0.6 0.7 0.2 0.15 0.5 0.7 0.65 0.15 0.85 0.9 1.0 0.75 0.75 0.5 0.55 0.25 0.85 0.85 1.0 0.3 0.35 0.9 0.6 0.65 0.9 0.85 0.3 0.3 0.55 0.95 0.95 0.75 0.5 1.0 0.95 0.55 
-1.5436057030666988 0.7104433527449912 0.6606865170003962 0.55 0.85 0.25 0.1 0.95 0.6 0.85 0.25 0.55 0.65 0.65 0.25 0.85 0.35 0.85 0.55 0.35 0.2 1.0 0.4 0.35 0.95 0.6 0.65 0.95 0.95 0.4 0.45 0.55 0.75 0.9 0.65 0.35 1.0 0.0 0.65 
-1.1107488448383007 0.2837504200258508 0.5974680530056784 0.35 0.85 1.0 0.9 0.8 0.75 0.9 0.55 0.15 0.85 0.9 0.4 0.75 0.8 0.4 0.9 0.6 0.45 1.0 0.2 0.55 0.7 0.9 0.5 0.8 0.45 0.3 0.05 0.0 0.8 1.0 0.0 0.45 0.95 0.8 0.75 
-0.4164172201248896 0.5507086938440008 0.7884578149112984 0.6 1.0 0.2 0.15 0.5 0.65 0.9 0.15 0.55 0.9 1.0 0.75 0.75 0.5 0.55 0.25 0.15 0.85 1.0 0.3 0.35 0.65 0.6 0.65 0.9 0.85 0.3 0.25 0.55 0.95 0.95 0.75 0.4 1.0 0.95 0.55 
-0.5645920130375437 0.5052290402450983 0.761214359781796 0.6 0.8 0.2 0.15 0.5 0.6 0.95 0.15 0.8 0.9 1.0 0.75 0.75 0.65 0.45 0.25 0.15 0.2 1.0 0.3 0.35 0.7 0.6 0.65 0.95 0.85 0.3 0.3 0.55 0.9 0.95 0.8 0.4 1.0 0.0 0.55 
-24.02485856635505 0.4847880320862974 0.36346342749904237 0.4 1.0 0.3 0.9 1.0 0.2 0.95 0.55 0.15 0.85 0.9 0.4 0.0 0.15 0.6 0.15 0.55 0.45 0.9 0.55 0.5 0.75 0.9 0.9 0.8 0.45 0.3 0.05 0.15 0.7 0.85 0.0 0.3 0.7 0.7 1.0 
-1.232282167130352 0.5214902970841022 0.7676193880908702 0.6 0.75 0.2 0.15 0.5 0.6 0.95 0.15 0.5 0.9 0.0 0.75 0.45 0.8 0.55 0.25 0.15 0.2 1.0 0.3 0.35 0.75 0.6 0.65 0.9 0.85 0.3 0.3 0.55 0.9 0.95 0.8 0.4 1.0 0.0 0.55 
-0.08527988865607959 0.35741165221398985 0.3610814459712255 0.4 0.0 0.3 0.9 0.4 0.75 1.0 0.55 0.15 0.85 0.9 0.4 0.0 0.35 0.3 0.9 0.2 0.45 0.95 0.3 0.2 0.7 0.9 0.6 0.75 0.45 0.3 0.1 0.1 0.45 0.9 0.0 0.5 0.95 0.7 0.75 
-161.3202864317107 0.47876277720385974 0.7512067044129949 0.6 0.7 0.2 0.15 0.5 0.6 0.95 0.15 0.8 0.9 0.0 0.8 0.75 0.8 0.55 0.25 0.15 0.1 1.0 0.3 0.35 0.8 0.6 0.65 0.9 0.85 0.3 0.3 0.55 0.9 0.95 0.8 0.4 0.85 0.0 0.55 
-0.181803100740008 0.5629513109596249 0.7944968460148158 0.6 0.7 0.2 0.15 0.5 0.7 0.9 0.15 0.5 0.9 1.0 0.75 0.75 0.5 0.55 0.25 0.15 0.85 1.0 0.3 0.35 0.9 0.6 0.65 0.9 0.85 0.3 0.3 0.55 0.95 0.95 0.75 0.4 1.0 0.95 0.55 
-0.039282272493592604 0.29701899623118777 0.4540324821368391 0.4 0.65 1.0 0.9 0.05 0.75 1.0 0.55 0.15 0.85 0.9 0.4 0.0 0.45 0.4 0.9 0.3 0.45 1.0 0.2 0.1 0.7 0.9 0.5 0.7 0.45 0.3 0.0 0.25 0.2 0.8 0.0 0.3 0.95 0.75 0.75 
-0.008084022445329485 0.5954581217371911 0.802501174730315 0.6 0.7 0.2 0.65 0.5 0.6 1.0 0.15 0.5 0.9 1.0 0.75 0.35 0.5 0.55 0.95 0.15 0.85 1.0 0.3 0.35 0.9 0.6 0.65 0.9 0.85 0.3 0.3 0.55 0.95 1.0 0.7 0.4 1.0 0.95 0.55 
-6.940601812408456 0.39716283668756536 0.34236234933413834 0.4 1.0 0.3 0.9 0.95 0.2 1.0 0.55 0.15 0.85 0.9 0.4 0.0 0.3 0.9 0.9 0.65 0.75 0.35 0.2 0.1 0.55 0.9 0.75 0.8 0.45 0.65 0.05 0.5 0.05 0.9 0.0 0.9 0.95 0.7 0.75 
-0.21448561679754416 0.3310454085842305 0.3838111077401284 0.4 0.0 0.3 0.9 0.4 0.75 1.0 0.55 0.15 0.85 0.9 0.4 0.0 0.35 0.3 0.9 0.2 0.45 1.0 0.3 0.2 0.7 0.9 0.6 0.75 0.45 0.3 0.1 0.4 0.9 0.9 0.0 0.5 0.95 0.7 0.75 
-0.019372452481503575 0.6559749813531766 0.7415116875754246 0.6 0.7 0.2 0.15 0.5 0.7 0.9 0.15 0.55 0.9 1.0 0.75 0.75 0.5 0.55 0.25 0.15 0.85 1.0 0.3 0.35 0.9 0.6 0.65 0.9 0.85 0.3 0.3 0.65 0.95 0.95 0.7 0.4 1.0 0.95 0.55 
-10.046130841671342 0.5440689713368188 0.3659450609945126 0.3 1.0 0.25 0.65 0.15 0.25 1.0 0.25 0.45 0.9 0.95 0.6 0.1 0.35 0.35 0.55 0.35 0.85 0.95 0.4 0.7 0.9 0.6 0.65 0.8 0.6 0.15 0.3 0.55 0.2 0.9 0.65 0.8 0.9 0.9 0.65 
-170.5259838808119 0.49070825923698735 0.7811605662502699 0.6 0.75 0.2 0.15 0.5 0.6 0.95 0.15 0.9 0.9 0.0 0.75 0.45 0.8 0.55 0.25 0.15 0.2 1.0 0.3 0.35 0.75 0.6 0.65 0.9 0.85 0.3 0.3 0.55 0.9 0.95 0.8 0.4 1.0 0.0 0.55 
-168.61067307825093 0.45106292495182815 0.7536282454914849 0.6 0.7 0.2 0.15 0.5 0.6 0.95 0.15 0.8 0.9 0.0 0.8 0.75 0.8 0.55 0.25 0.15 0.1 1.0 0.3 0.35 0.8 0.6 0.65 0.9 0.85 0.3 0.3 0.55 0.9 0.95 0.8 0.4 1.0 0.0 0.55 
-15.746131612653897 0.528632064588419 0.36936197492386863 0.3 1.0 0.25 0.65 0.15 0.25 1.0 0.25 0.45 0.9 0.95 0.6 0.1 0.35 0.35 0.55 0.35 0.85 0.95 0.4 0.7 0.9 0.6 0.65 0.8 0.6 0.15 0.3 0.55 0.7 0.9 0.65 0.8 0.9 0.9 0.65 
-6.3803517769301585 0.577836822790418 0.8025352291445488 0.6 0.7 0.2 0.15 0.5 0.7 0.9 0.15 0.85 0.9 1.0 0.75 0.75 0.5 0.55 0.25 0.8 0.85 1.0 0.3 0.35 0.9 0.6 0.65 0.9 0.85 0.3 0.3 0.55 0.95 0.95 0.75 0.4 1.0 0.95 0.55 
-0.1948528213367344 0.6659253204518716 0.7515661546066301 0.6 0.7 0.2 0.3 0.5 0.7 0.95 0.15 0.85 0.9 1.0 0.75 0.65 0.2 0.95 0.25 0.8 0.85 1.0 0.3 0.3 0.9 0.6 0.65 0.9 0.85 0.3 0.3 0.55 0.95 0.95 0.75 0.4 0.75 0.95 0.55 
-0.0368654776759765 0.27392366076646324 0.5298437629313202 0.4 0.35 1.0 0.9 0.05 0.75 1.0 0.55 0.15 0.85 0.9 0.4 0.0 0.9 0.4 0.9 0.3 0.45 1.0 0.2 0.1 0.7 0.9 0.5 0.95 0.45 0.3 0.05 0.25 0.45 0.8 0.0 0.3 0.95 0.75 0.75 
-0.9451022174598284 0.29218241786231114 0.6355503598854159 0.35 0.85 1.0 0.9 0.8 0.75 0.95 0.55 0.15 0.85 0.9 0.4 0.75 0.8 0.4 0.9 0.65 0.45 1.0 0.2 0.25 0.7 0.9 0.5 1.0 0.45 0.3 0.05 0.75 0.8 1.0 0.9 0.45 0.95 0.8 0.75 
-0.8145439114969325 0.2846343870886229 0.44215798474436613 0.4 0.0 0.3 0.9 0.4 1.0 1.0 0.55 0.15 0.85 0.9 0.4 0.0 0.35 0.3 0.4 0.2 0.0 0.95 0.25 0.2 0.7 0.95 0.6 0.8 0.45 0.3 0.1 0.8 0.9 0.9 0.0 0.5 0.95 0.7 0.75 
-0.3211819691519264 0.7247285365269155 0.455145836287765 0.4 0.1 0.25 0.05 0.1 0.6 0.9 0.25 0.7 0.8 0.95 0.6 0.4 0.75 0.8 0.85 0.3 0.85 1.0 0.4 0.35 1.0 0.6 0.65 0.9 0.85 0.15 0.45 0.55 0.95 0.95 0.65 0.3 1.0 0.7 0.3 
-4.301834926845341 0.5272184834748711 0.7926828748796804 0.6 0.8 0.2 0.15 0.5 0.6 0.95 0.15 0.8 0.9 1.0 0.75 0.75 0.8 0.55 0.25 0.15 0.2 1.0 0.3 0.35 0.8 0.6 0.65 0.95 0.85 0.3 0.3 0.55 0.9 0.95 0.8 0.4 1.0 0.0 0.55 
-1.3819978802694557 0.5304209036686597 0.7781911434631448 0.6 0.85 0.2 0.15 0.5 0.6 0.95 0.15 0.6 0.9 1.0 0.75 0.75 0.8 0.55 0.25 0.15 0.2 1.0 0.3 0.35 0.7 0.6 0.65 0.9 0.85 0.3 0.3 0.55 0.9 0.95 0.8 0.4 1.0 0.0 0.55 
-12.229638712594296 0.6077370026599592 0.8067698600352693 0.6 0.7 0.05 0.95 0.5 0.6 0.75 0.15 0.65 0.9 1.0 0.75 0.6 0.8 0.55 0.25 0.55 0.45 1.0 0.35 0.35 0.7 0.6 0.65 0.95 0.85 0.3 0.3 0.55 0.95 0.95 0.8 0.4 1.0 0.95 0.55 
-153.67890206258514 0.44416512372402184 0.7319053362829585 0.6 0.85 0.2 0.15 0.5 0.6 0.9 0.15 0.8 0.9 1.0 0.75 0.75 0.8 0.55 0.25 0.15 0.2 1.0 0.3 0.35 0.7 0.6 0.65 0.9 0.85 0.3 0.3 0.55 0.9 0.95 0.8 0.4 1.0 0.0 0.55 
-0.26229470797718807 0.6543451054286841 0.3750045276928098 0.6 1.0 0.25 0.65 0.15 0.25 1.0 0.25 0.75 0.9 0.95 0.6 0.1 0.35 0.35 0.55 0.35 0.85 0.95 0.4 0.2 0.9 0.6 0.65 0.85 0.6 0.15 0.3 0.55 0.95 0.9 1.0 0.8 0.9 0.9 0.65 
-7.178472677136816 0.6619072600568402 0.7602498162206605 0.6 0.7 0.25 0.65 0.95 0.6 0.85 0.25 0.25 0.85 0.65 0.3 0.85 0.35 0.85 1.0 0.35 0.2 1.0 0.4 0.35 0.9 0.6 0.6 0.95 0.85 0.4 0.4 0.4 0.85 0.95 0.65 0.35 0.95 0.0 0.65 
-0.08525981969603785 0.34385266762921873 0.36153978565769773 0.4 0.0 0.3 0.9 0.4 0.75 1.0 0.55 0.15 0.85 0.9 0.4 0.0 0.35 0.3 0.9 0.2 0.45 0.9 0.3 0.2 0.7 0.9 0.6 0.75 0.45 0.3 0.1 0.7 0.9 0.9 0.0 0.5 0.95 0.7 0.75 
-159.54942936133716 0.45547100362344967 0.74296189331774 0.6 0.8 0.2 0.15 0.5 0.6 0.95 0.15 0.8 0.9 1.0 0.75 0.55 0.8 0.55 0.25 0.15 0.2 1.0 0.3 0.35 0.8 0.6 0.65 0.95 0.85 0.3 0.0 0.55 0.9 0.95 0.8 0.4 1.0 0.0 0.55 
-0.5655445829217702 0.725071284259753 0.48836161336511374 0.4 0.1 0.25 0.05 0.1 0.6 0.9 0.25 0.7 0.8 0.95 0.6 0.4 0.75 0.8 0.85 0.8 0.85 1.0 0.4 0.35 1.0 0.6 0.65 0.9 0.85 0.15 0.45 0.3 0.95 0.95 0.65 0.3 0.75 0.7 0.3 
-9.392207129213885 0.6427776297642802 0.35166348336930703 0.6 1.0 0.25 0.65 0.15 0.25 1.0 0.25 0.75 0.9 0.95 0.6 0.1 0.35 0.35 0.55 0.35 0.85 0.95 0.4 0.7 0.9 0.6 0.65 0.8 0.6 0.15 0.3 0.55 0.7 0.9 1.0 0.8 0.9 0.9 0.65 
-0.0006840426781349957 0.6459867604401139 0.3611423358218514 0.6 1.0 0.25 0.65 0.15 0.6 1.0 0.25 0.75 0.85 0.95 0.6 0.1 0.35 0.35 0.55 0.35 0.85 0.95 0.4 0.2 0.9 0.6 0.65 0.85 0.6 0.15 0.2 0.55 0.95 0.9 1.0 0.8 0.9 0.9 0.65 
-0.05671903822000256 0.4250457681841095 0.7140364050555875 0.5 0.35 0.65 0.65 0.15 0.25 0.95 0.75 0.15 0.4 1.0 0.3 0.0 0.35 0.55 0.8 0.7 0.45 0.95 0.2 0.3 0.8 0.85 0.5 0.65 0.45 0.4 0.7 1.0 0.5 1.0 0.9 0.55 0.9 0.75 0.75 
-1.3859332118391074 0.5099933832864655 0.7811923344481313 0.6 0.75 0.2 0.15 0.5 0.6 0.8 0.15 0.5 0.9 0.0 0.75 0.45 0.8 0.55 0.25 0.15 0.2 1.0 0.3 0.35 0.75 0.6 0.65 0.9 0.85 0.3 0.3 0.55 0.9 0.95 0.8 0.4 1.0 0.0 0.55 
-0.047778749018624486 0.6147802495335593 0.3576411396314306 0.6 0.7 0.25 0.65 0.45 0.25 1.0 0.25 0.75 0.9 0.95 0.6 0.1 0.35 0.35 0.25 0.35 0.85 0.2 0.4 0.2 0.9 0.6 0.65 0.8 0.6 0.15 0.3 0.55 0.7 0.7 1.0 0.8 0.9 0.9 0.65 
-10.18856280271912 0.6511921612521108 0.7755625767408039 0.6 0.7 0.2 0.3 0.5 0.7 0.9 0.15 0.8 0.9 1.0 0.75 0.65 0.2 0.55 0.25 0.8 0.85 1.0 0.3 0.3 0.9 0.6 0.65 0.9 0.85 0.3 0.3 0.55 0.95 0.95 0.75 0.4 0.75 0.95 0.55 
-0.46016111562624074 0.4020102384168777 0.7062733388697836 0.5 0.35 0.65 0.65 0.15 0.25 0.95 0.75 0.15 0.4 1.0 0.4 0.0 0.35 0.55 0.8 0.65 0.45 0.95 0.2 0.3 0.95 0.85 0.5 0.85 0.45 0.4 0.7 1.0 0.3 1.0 0.9 0.75 0.65 0.75 0.75 
-5.4642038864194715 0.7350656604967061 0.604225519104208 0.6 0.3 0.25 0.65 0.5 0.25 1.0 0.25 0.6 0.9 0.95 0.6 0.1 0.35 0.45 0.55 0.35 0.85 0.95 0.4 0.3 0.85 0.6 0.65 1.0 0.6 0.15 0.4 0.6 0.7 0.95 0.65 0.35 0.85 0.0 0.65 
-21.757222139212644 0.44218510934021016 0.3311652385209024 0.4 0.4 0.15 0.55 0.8 0.15 1.0 0.55 0.15 0.85 0.9 0.4 0.0 1.0 0.9 0.75 1.0 0.45 0.95 0.4 0.1 1.0 0.9 0.85 0.8 0.45 0.65 0.05 0.1 0.85 0.9 0.0 0.3 1.0 0.7 0.75 
-168.7592229603023 0.4802065266819429 0.7775003672442735 0.6 0.7 0.2 0.15 0.5 0.6 0.95 0.15 0.9 0.8 1.0 0.8 0.75 0.8 0.55 0.25 0.15 0.2 1.0 0.3 0.35 0.8 0.6 0.65 0.9 0.85 0.3 0.3 0.55 0.9 0.95 0.8 0.4 1.0 0.0 0.55 
-19.74664431970069 0.6426234195624512 0.7968183609271844 0.6 0.7 0.05 0.95 0.5 0.6 1.0 0.15 0.65 0.9 1.0 0.75 0.6 0.85 0.55 0.25 0.55 0.45 1.0 0.35 0.35 0.7 0.6 0.65 0.95 0.85 0.3 0.3 0.55 0.95 0.95 0.8 0.4 1.0 0.95 0.55 
-13.20087802909515 0.7367462068461693 0.5713411877489093 0.4 0.1 0.25 0.05 0.1 0.6 0.9 0.25 0.7 0.8 0.95 0.6 0.4 0.75 0.8 0.85 0.3 0.85 1.0 0.4 0.35 1.0 0.6 0.65 0.9 0.85 0.35 0.45 0.55 0.95 0.95 0.65 0.3 1.0 0.7 0.3 
-0.4169362260345871 0.5988887735980051 0.3494801114051752 0.6 0.7 0.25 0.65 0.45 0.25 1.0 0.25 0.75 0.9 0.95 0.6 0.1 0.35 0.35 0.25 0.35 0.85 0.15 0.4 0.2 0.9 0.6 0.65 0.8 0.6 0.15 0.3 0.55 0.7 0.7 1.0 0.8 0.95 0.9 0.65 
-17.843839277180503 0.63620146269681 0.8091939669608113 0.6 1.0 0.2 0.15 0.8 0.65 0.9 0.15 0.55 0.9 1.0 0.75 0.75 0.5 0.55 0.25 0.9 0.85 1.0 0.35 0.35 0.9 0.6 0.65 0.9 0.85 0.3 0.25 0.55 0.95 0.95 0.75 0.4 1.0 0.95 0.55 
-15.69887070519815 0.5531404649542053 0.35760262023182354 0.6 0.7 0.25 0.65 0.45 0.25 1.0 0.25 0.75 0.9 0.95 0.6 0.1 0.35 0.35 0.25 0.35 0.85 0.15 0.4 0.2 0.9 0.6 0.65 0.8 0.6 0.15 0.3 0.55 0.7 0.1 1.0 0.8 0.95 0.9 0.65 
-0.7168793332485432 0.7078577264328785 0.6867766410100213 0.6 0.7 0.25 0.1 0.95 0.6 0.9 0.25 0.7 0.8 0.65 0.3 0.25 0.45 0.85 0.55 0.35 0.2 1.0 0.4 0.35 0.95 0.6 0.6 0.95 0.85 0.4 0.45 0.55 0.75 0.9 0.65 0.35 1.0 0.0 0.65 
