-0.016106919086381094 0.5174865734296282 0.5044284420366213 0.7 0.5 0.4 0.3 0.1 0.55 0.9 0.4 0.55 0.25 0.25 0.25 0.25 0.25 0.6 0.95 0.45 0.6 0.05 0.55 0.05 0.8 0.3 0.5 0.45 0.75 0.7 0.7 0.4 0.1 0.95 0.8 0.2 0.1 0.5 0.15 
-0.044876259640280816 0.5033456899490244 0.5557356508168042 0.65 0.75 0.4 0.65 0.4 0.6 0.1 0.45 0.9 0.45 0.25 0.25 0.65 1.0 0.65 0.65 0.65 0.8 0.75 0.05 0.2 0.75 0.35 0.5 0.75 1.0 0.5 0.5 0.35 0.15 1.0 0.8 0.55 0.9 0.75 0.5 
-0.06330679939114284 0.5123394826522436 0.5181555329189741 0.65 0.4 0.4 0.3 0.75 0.95 0.75 0.45 0.1 0.45 0.25 0.2 0.4 1.0 0.6 0.1 0.8 0.75 0.85 0.95 0.2 0.7 0.35 0.5 0.75 0.0 0.3 0.95 0.05 0.2 0.2 0.8 0.45 0.8 0.75 0.25 
-0.004806432543997941 0.4922065564288723 0.4654730084046092 1.0 0.55 0.05 0.0 0.05 0.85 1.0 0.9 0.55 0.9 0.95 0.25 0.25 0.35 0.4 0.3 0.65 0.85 0.65 0.8 0.4 0.15 0.45 0.3 0.6 0.5 0.45 0.85 0.4 0.15 0.9 0.9 0.35 0.7 0.0 0.4 
-0.005849107855395197 0.4824804799770611 0.5132342454469533 0.45 0.9 0.2 0.8 0.0 0.2 1.0 0.65 0.55 0.15 0.4 0.1 0.3 0.35 0.35 0.35 0.15 0.2 0.25 0.15 0.55 0.4 0.1 0.9 0.65 0.1 0.15 0.8 0.45 0.75 0.95 0.75 0.2 0.2 0.7 0.9 
-0.008777817519114647 0.46639906998077585 0.46853766412065023 0.15 0.55 0.05 0.0 0.2 0.85 0.4 0.9 0.55 0.9 0.95 0.2 0.25 0.15 0.4 0.3 0.65 0.85 0.25 0.8 0.35 0.15 0.8 0.4 0.6 0.5 0.45 0.4 0.4 0.15 0.65 0.55 0.15 0.7 0.35 0.4 
-0.007237288983889286 0.45030012576802064 0.48871806156413766 0.55 0.55 0.05 0.15 0.2 0.65 0.3 0.9 0.6 0.9 0.95 0.15 0.45 0.35 0.9 0.3 0.55 0.4 0.65 0.95 0.4 0.1 0.05 0.7 0.85 0.5 0.65 0.85 0.25 0.1 0.9 0.8 0.15 0.45 0.35 0.4 
-0.005203800873461695 0.5075692897812829 0.5450377818987853 0.55 0.2 0.4 0.95 0.7 0.55 1.0 0.5 0.6 0.15 0.3 0.15 0.85 1.0 0.9 0.95 0.6 0.75 0.9 0.05 0.2 0.7 0.35 0.5 0.75 0.4 0.8 0.7 0.65 0.2 0.95 0.8 0.35 0.75 0.75 0.2 
-0.002396840986376513 0.5357647600286889 0.507578085535506 0.5 1.0 0.15 0.65 0.5 0.0 0.85 0.25 0.5 0.75 0.3 0.7 0.55 0.4 0.9 0.9 0.15 0.0 0.5 0.1 0.6 0.05 1.0 0.35 0.8 0.3 0.7 0.05 0.15 0.0 0.65 0.85 0.2 0.35 1.0 0.7 
-0.0006058100094458341 0.45817284341045256 0.4886283073995541 0.35 0.85 0.05 0.35 0.0 0.15 0.65 0.45 0.65 0.4 0.25 0.2 0.4 0.45 0.9 0.95 0.5 0.75 0.9 0.05 0.7 0.8 0.35 0.5 1.0 0.0 0.85 0.05 0.0 0.2 0.95 0.8 0.45 0.95 0.75 0.9 
-0.00016462119755491727 0.5457873040677449 0.4991338701648184 0.15 0.55 0.05 0.0 0.2 0.85 1.0 0.9 0.55 0.9 0.45 0.2 0.25 0.15 0.4 0.3 0.65 0.85 0.25 0.8 0.4 0.15 0.8 0.4 0.6 0.5 0.45 0.85 0.4 0.15 0.65 0.55 0.15 0.7 0.35 0.4 
-0.01726576853069327 0.48227224865619583 0.4949185293123826 0.15 0.55 0.05 0.0 0.2 0.85 0.4 0.2 0.55 0.9 0.95 0.2 0.25 0.15 0.4 0.3 0.65 0.85 0.25 0.8 0.35 0.15 0.8 0.4 0.6 0.4 0.45 0.4 0.4 0.15 0.65 0.55 0.15 0.7 0.35 0.4 
-0.0003774770720911591 0.5411443689229447 0.56399021123061 0.35 0.85 0.05 0.5 0.0 0.15 0.75 0.45 0.3 0.45 0.25 0.2 0.4 0.45 0.9 0.95 0.35 0.8 1.0 0.25 0.25 0.85 0.35 0.5 1.0 0.0 0.45 0.95 0.25 0.2 0.95 0.8 0.45 0.95 0.75 0.25 
-6.72858138528404e-05 0.5643630484044587 0.48855630824087853 0.25 0.4 0.95 0.3 0.4 0.95 1.0 0.4 0.55 0.5 0.25 0.15 0.4 1.0 0.6 0.9 0.4 0.6 0.05 0.8 0.2 0.7 0.35 0.5 0.65 0.45 0.3 0.7 0.75 0.45 0.95 0.8 0.75 0.8 0.1 0.15 
-0.009217516132922864 0.4343944164919896 0.5137524020572622 0.45 0.9 0.65 0.8 0.0 0.2 1.0 0.65 0.55 0.15 0.4 0.1 0.3 0.25 0.35 0.35 0.15 0.2 0.25 0.15 0.55 0.4 1.0 0.9 0.65 0.1 0.15 0.8 0.45 0.75 0.95 0.75 0.1 0.2 0.7 0.8 
-0.00649752030405074 0.534183786146621 0.46975151482157523 0.35 1.0 0.85 0.65 0.5 0.0 0.85 0.5 0.5 0.75 0.3 0.7 0.55 0.4 0.7 0.9 0.15 0.25 0.25 1.0 0.2 0.05 0.95 0.35 0.5 0.3 0.85 0.05 0.85 0.0 0.5 0.85 0.2 0.4 1.0 0.7 
-0.05331868967959755 0.5344559806587069 0.5393914414340917 0.65 0.45 0.4 0.3 0.3 0.95 0.6 0.5 0.55 0.45 0.2 0.15 0.4 0.9 0.9 0.25 0.8 0.65 0.3 0.05 0.2 0.4 0.4 0.5 0.75 0.8 0.3 0.35 0.1 0.2 0.95 0.8 0.3 0.8 0.75 0.55 
-0.015006310512964626 0.5834114580895252 0.4928691918541579 0.7 0.85 0.4 0.75 0.9 0.6 1.0 0.4 0.55 0.5 0.05 0.15 0.4 0.6 0.1 0.4 0.1 0.6 0.6 0.65 0.95 0.8 0.3 0.5 0.15 0.75 0.3 0.65 0.05 0.65 0.95 0.8 0.2 1.0 0.75 0.3 
-0.00114809669469369 0.543091826713117 0.5239268739485075 0.55 0.35 0.4 0.95 0.7 0.3 1.0 0.4 0.55 0.25 0.25 0.15 0.75 1.0 0.55 0.25 0.4 0.95 0.95 0.05 0.25 0.7 0.45 0.5 0.45 0.5 0.8 0.65 1.0 0.2 0.0 0.8 0.85 1.0 0.75 0.2 
-0.0008429794528702337 0.5612718835276098 0.5428416057933315 0.65 0.15 0.4 0.3 0.4 0.0 0.6 0.5 0.55 0.45 0.2 0.15 0.4 0.6 0.9 0.95 0.9 0.65 0.75 0.05 0.2 0.7 0.35 0.5 0.7 0.0 0.3 0.35 1.0 0.2 0.55 0.8 0.3 0.8 0.75 0.55 
-0.0021480098276707915 0.5353055224989466 0.4887597213870475 0.65 0.4 0.95 0.3 0.4 0.95 1.0 0.4 0.55 0.15 0.25 0.15 0.4 1.0 0.6 0.95 0.4 0.6 0.6 0.35 0.2 0.2 0.35 0.5 0.65 0.45 0.3 0.7 0.05 0.45 0.3 0.8 0.25 0.8 0.75 0.15 
-0.034321153388034265 0.4627789355811964 0.5432618729586106 0.55 0.4 0.4 0.4 0.1 0.45 0.05 0.9 0.25 0.8 0.6 0.55 0.1 0.0 1.0 0.65 0.5 0.15 0.85 0.2 0.25 0.7 0.8 0.55 0.4 0.75 0.55 0.05 0.4 0.25 0.8 0.4 0.3 0.9 0.1 0.15 
-0.0020260590098231408 0.5655904225030044 0.5381950819159397 0.55 0.15 0.4 0.95 0.7 0.3 1.0 0.4 0.95 0.05 0.25 0.15 0.75 1.0 0.55 0.25 0.4 0.95 0.95 0.05 0.25 0.05 0.35 0.5 1.0 0.4 0.8 0.15 1.0 0.2 0.95 0.8 0.35 1.0 0.75 0.1 
-0.002021489906599574 0.43352724631133344 0.48062696234827285 0.7 0.9 0.95 0.25 1.0 0.4 1.0 0.75 0.4 0.55 0.05 0.4 0.65 0.95 0.0 0.1 0.2 0.95 1.0 0.35 0.4 0.25 0.95 0.55 0.05 0.85 0.7 0.6 1.0 0.8 0.3 0.8 0.55 0.7 0.35 0.9 
-0.0034432422302380244 0.5905749589907454 0.5093322207779288 0.5 1.0 0.15 0.65 0.5 0.0 0.85 0.5 0.5 0.75 0.3 0.7 0.55 0.4 0.7 0.9 0.15 0.0 0.55 1.0 0.6 0.05 1.0 0.35 0.8 0.3 0.7 0.05 0.15 0.0 0.5 0.85 0.2 0.4 1.0 0.7 
-0.0005540359477747772 0.46771626358954793 0.550396480339803 0.55 0.9 0.9 0.45 1.0 0.2 0.75 0.7 0.65 0.75 0.55 0.35 0.65 0.35 0.0 0.55 0.2 0.1 1.0 0.35 0.4 0.55 0.95 0.55 0.2 0.5 0.3 1.0 1.0 0.8 0.65 0.2 0.75 0.7 1.0 0.35 
-0.0010470554827015986 0.5101005175516519 0.6031958830202881 0.0 0.15 0.45 0.3 0.35 0.95 0.25 0.45 0.55 0.2 0.2 0.15 0.15 0.6 0.9 0.9 0.8 0.8 0.05 0.6 0.25 0.7 0.55 0.5 0.75 0.95 0.3 0.35 0.55 0.55 0.95 0.8 0.3 0.8 0.75 0.25 
-0.019416325062984657 0.5329498007420732 0.5588870007152918 0.0 0.15 0.0 0.3 0.4 0.75 0.2 0.0 0.3 1.0 0.3 0.25 0.15 0.55 0.9 0.7 0.6 0.85 0.25 0.55 0.5 1.0 0.6 0.5 0.75 0.95 0.3 0.3 0.55 0.2 0.8 0.8 0.3 0.8 0.75 0.25 
-0.003822833925444461 0.45379927881371956 0.5384173850324272 0.55 0.4 0.4 0.4 0.1 0.45 0.05 0.45 0.25 0.8 0.6 0.55 0.1 0.5 1.0 0.9 0.5 0.15 0.85 0.2 0.25 0.7 0.8 0.55 0.4 0.75 0.55 0.05 0.95 0.25 0.8 0.4 0.3 0.9 0.1 0.15 
-0.0012795982190347641 0.5315438667385234 0.45379962372203847 0.7 0.4 0.4 0.3 0.1 0.55 1.0 0.4 0.55 0.65 0.25 0.15 0.6 1.0 0.95 0.95 0.0 0.6 0.65 0.6 0.65 0.8 0.3 0.5 0.45 0.75 0.3 0.55 0.05 0.45 0.55 0.05 0.45 1.0 0.75 0.15 
-0.038350481121782146 0.4115660986315658 0.49864142926211513 0.85 0.55 0.65 0.0 0.2 0.85 1.0 0.9 0.6 0.9 0.85 0.25 0.25 0.95 0.4 0.3 0.65 0.85 0.7 0.25 0.05 0.4 0.45 0.3 0.6 0.5 0.45 0.55 0.4 0.25 0.9 0.9 0.35 0.7 0.5 0.4 
-0.014609613717658268 0.46955644737729396 0.576792925487882 0.55 0.4 0.4 0.4 0.1 0.45 0.05 0.9 0.25 0.8 0.6 0.55 0.1 0.5 1.0 0.65 0.5 0.15 0.85 0.2 0.25 0.45 0.8 0.55 0.4 0.75 0.55 0.05 0.95 0.25 0.8 0.4 0.3 0.9 0.1 0.15 
-0.00450504414472549 0.4525058397754528 0.4650763232867867 0.75 0.55 0.05 0.0 0.2 0.85 1.0 0.9 0.55 0.9 0.7 0.25 0.1 0.5 0.4 0.3 0.65 0.85 0.75 0.8 0.6 0.15 0.45 0.2 0.6 0.5 0.45 0.85 0.4 0.15 0.95 0.4 0.35 0.75 0.35 0.4 
-0.004419065342003097 0.5283417522743543 0.44553315942898064 0.5 0.65 0.05 0.3 0.0 0.05 1.0 0.25 0.6 0.55 0.85 0.3 0.15 0.45 0.3 0.95 0.35 0.4 0.4 0.7 0.05 0.15 0.15 0.25 0.75 0.15 0.65 0.0 0.2 1.0 1.0 0.15 0.85 0.5 0.7 0.7 
-0.005356205160431381 0.41049470969900914 0.5226275346127408 0.55 0.45 0.2 0.45 0.35 0.1 1.0 0.45 0.7 0.9 0.0 0.15 0.45 0.35 0.7 0.8 0.9 0.1 0.65 0.5 0.3 0.5 0.2 0.7 0.1 0.8 0.65 0.2 0.05 0.15 0.3 0.25 0.1 0.7 0.35 0.55 
-0.003714346541574012 0.4977939495381827 0.5878529490090012 0.45 0.4 0.6 0.4 0.1 0.2 0.05 0.9 0.7 0.6 0.6 0.55 0.75 0.95 1.0 0.65 0.5 0.25 0.85 0.2 0.25 0.7 0.8 0.55 0.8 0.5 0.45 0.8 0.5 0.5 0.3 0.5 0.3 0.9 0.1 0.05 
-0.013326956535994541 0.5820695049139358 0.535521737689899 0.65 0.4 0.4 0.3 0.75 0.95 0.85 0.45 0.45 0.25 0.25 0.1 0.4 1.0 0.6 0.95 0.35 0.75 1.0 0.15 0.25 0.75 0.35 0.5 0.75 0.0 0.45 0.95 0.0 0.2 0.95 0.8 0.45 0.8 0.0 0.25 
-0.019228439536853787 0.48954189151229843 0.440863597157961 1.0 0.55 0.05 0.0 0.2 0.85 1.0 0.9 0.55 0.9 0.95 0.25 0.25 0.35 0.8 0.3 0.9 0.85 0.65 0.8 0.4 0.1 0.45 0.3 0.6 0.5 0.45 0.85 0.4 0.25 0.9 0.55 0.15 0.7 0.35 0.4 
-0.017216123591106768 0.5806212427119846 0.5726249104469262 0.65 0.15 0.4 0.3 0.4 0.95 0.75 0.45 0.55 0.45 0.25 0.2 0.85 1.0 0.15 0.95 0.0 0.9 0.65 0.05 0.2 0.75 0.35 0.5 0.65 0.2 0.3 0.7 0.05 0.5 0.95 0.8 0.25 0.8 0.8 0.15 
-0.0057177490107992 0.46008999432172604 0.54997994711645 0.55 0.4 0.4 0.4 0.1 0.45 0.05 0.9 0.25 0.8 0.6 0.55 0.1 0.5 1.0 0.65 0.5 0.15 0.85 0.2 0.25 0.7 0.8 0.55 0.4 0.75 0.55 0.05 0.95 0.25 0.8 0.4 0.3 0.9 0.1 0.15 
-0.0020895267103613114 0.4338060799404602 0.5938401032331146 0.45 0.95 0.2 0.8 0.0 0.25 0.05 0.0 0.95 0.1 0.6 0.0 0.5 0.6 0.5 0.6 0.9 0.1 0.8 0.15 0.25 0.35 0.85 0.85 0.9 0.6 0.2 0.8 0.45 0.75 0.05 0.75 0.65 0.5 0.6 0.8 
-0.002083464513046984 0.42596348515910626 0.5162825528877597 0.45 0.9 0.2 0.8 0.0 0.2 1.0 0.65 0.55 0.15 0.4 0.1 0.3 0.35 0.35 0.35 0.15 0.2 0.25 0.15 0.55 0.4 1.0 0.9 0.65 0.1 0.15 0.8 0.45 0.75 0.95 0.75 0.2 0.2 0.7 0.8 
-0.0004322304447471926 0.5787062768857247 0.5091987160525222 0.65 0.45 0.4 0.3 0.4 0.95 0.6 0.45 0.55 0.45 0.2 0.15 0.4 0.6 0.9 0.0 0.8 0.65 0.3 0.05 0.2 0.7 0.35 0.5 0.75 0.8 0.3 0.35 0.1 0.2 0.95 0.85 0.3 0.8 0.75 0.25 
-0.016195296689742903 0.595654554213266 0.5019746552783663 0.2 0.95 0.55 0.6 0.9 0.3 0.85 0.15 0.55 0.35 0.75 0.45 0.1 0.55 1.0 0.9 0.45 0.55 0.85 0.35 0.8 0.65 0.45 0.9 0.7 0.35 0.3 0.35 0.85 0.7 0.95 0.75 0.15 0.6 0.2 0.45 
-0.0087499192053994 0.5596003779454787 0.45742188590140803 0.3 0.7 0.75 0.55 0.7 0.7 1.0 0.45 0.8 0.85 0.65 0.1 0.25 0.65 0.7 0.3 0.15 0.15 0.55 1.0 0.45 0.65 0.85 0.25 0.95 0.35 0.25 0.35 0.25 0.95 0.7 0.15 0.6 0.0 0.5 0.75 
-0.020898559989377643 0.5484305794154869 0.5707198508310949 0.65 0.75 0.4 0.65 0.55 0.6 0.3 0.45 0.55 0.45 0.25 0.25 0.65 0.8 0.6 0.65 0.65 0.8 0.75 0.05 0.2 0.1 0.35 0.5 0.75 1.0 0.5 0.85 0.6 0.7 1.0 0.8 0.75 0.9 0.75 0.3 
-0.11493716376158097 0.4947266068141696 0.45898816131187115 1.0 0.95 0.05 0.0 0.2 0.85 1.0 0.9 0.55 0.9 0.95 0.25 0.25 0.35 0.4 0.75 0.65 0.85 0.4 0.8 0.4 0.1 0.45 0.3 0.6 0.5 0.45 0.85 0.4 0.15 0.9 0.9 0.35 0.7 0.35 0.5 
-0.009548813026176457 0.48664279558314016 0.5925116805953354 0.35 0.4 0.6 0.4 0.1 0.7 0.05 0.9 0.7 0.4 0.6 0.55 0.75 0.95 1.0 0.65 0.5 0.25 0.85 0.2 0.25 0.7 0.8 0.55 0.95 0.5 0.45 0.8 0.5 0.5 0.65 0.0 0.3 0.9 0.75 0.05 
-0.003645206855229434 0.44813951203801494 0.44633606174848056 0.55 0.55 0.05 0.25 0.15 0.85 0.8 0.9 0.55 0.75 0.9 0.25 0.65 0.35 0.0 0.3 0.7 0.1 0.1 0.8 0.1 0.1 0.0 0.85 0.2 0.5 0.9 0.85 0.4 0.25 0.75 0.2 0.15 0.7 0.35 0.4 
-0.031161094610517356 0.5207158221684912 0.4281760553589707 0.7 0.4 0.8 0.3 0.1 0.45 0.95 0.4 0.55 0.25 0.25 0.15 0.4 1.0 0.6 0.95 0.0 0.6 0.65 1.0 0.15 0.8 0.3 0.5 1.0 0.75 0.3 0.7 0.4 0.55 0.95 0.8 0.2 1.0 0.75 0.15 
-0.003418484838692036 0.5017783927133601 0.5943407901760918 0.65 0.75 0.4 0.65 0.4 0.95 0.4 0.45 0.15 0.45 0.25 0.25 0.4 1.0 0.6 0.05 0.65 0.6 0.8 0.3 0.2 0.75 0.35 0.5 0.75 0.3 0.5 0.85 0.0 0.85 0.95 0.8 0.45 0.9 0.75 0.3 
-0.011428992199487597 0.406180203404939 0.47935835179371006 0.7 0.9 0.95 0.45 1.0 0.4 1.0 0.9 0.85 0.55 0.9 0.35 0.65 0.2 0.0 0.1 0.2 0.0 1.0 0.4 0.4 0.85 0.95 0.55 0.85 0.75 0.7 0.6 1.0 0.8 0.3 0.25 0.55 0.7 0.35 0.35 
-0.00725304823262647 0.5750062399359714 0.4679083270022479 0.7 0.4 0.55 0.0 0.1 0.05 0.95 0.3 0.55 0.6 0.25 0.8 0.05 1.0 0.75 0.4 0.0 0.6 0.6 0.95 0.15 0.8 0.3 0.5 0.95 0.75 0.3 0.7 0.95 0.6 0.95 0.8 0.2 1.0 0.75 0.15 
-0.004932145868405451 0.581268245246689 0.44445876901215636 0.65 0.4 0.95 0.6 0.4 0.55 0.55 0.4 0.55 0.3 0.9 0.15 0.4 1.0 0.6 0.65 0.25 0.6 0.6 0.05 0.2 0.8 0.35 0.6 0.95 0.45 0.3 1.0 0.2 0.75 0.7 0.8 0.75 0.75 0.75 0.15 
-0.0015919918631957645 0.41681342685928696 0.5401746460888018 0.35 0.45 0.35 0.8 0.0 0.25 0.8 0.65 0.55 0.15 0.4 0.1 0.7 0.6 0.25 0.0 0.15 0.75 0.8 0.0 0.55 0.45 1.0 0.9 0.85 0.6 0.2 0.85 0.45 0.75 0.95 0.3 0.2 0.75 0.6 0.8 
-0.003480218592102451 0.48352087339939903 0.4225049336154302 0.6 0.55 0.05 0.1 0.9 0.85 1.0 0.9 0.55 0.9 0.95 0.25 1.0 0.75 0.8 0.2 0.95 0.6 0.95 0.8 0.4 0.1 1.0 0.2 0.6 0.55 0.55 0.85 0.4 0.25 0.9 0.9 0.65 0.65 0.35 0.4 
-0.0029537514407795063 0.5459480157484994 0.601596247085004 0.0 0.15 0.0 0.3 0.4 0.75 0.2 0.0 0.3 1.0 0.3 0.25 0.15 0.55 0.9 0.7 0.6 0.65 0.85 0.55 0.5 1.0 0.6 0.5 0.75 0.95 0.3 0.3 0.55 0.2 0.8 0.8 0.3 0.8 0.75 0.25 
-0.0025901205937373154 0.42639912001496244 0.4285879205861685 0.55 0.55 0.05 0.15 0.2 0.65 1.0 0.9 0.7 0.95 0.95 0.15 0.45 0.35 0.7 0.6 0.7 0.1 0.65 0.8 0.85 0.1 0.05 0.7 0.2 0.0 0.65 0.85 0.4 0.25 0.9 0.8 0.15 0.7 0.35 0.4 
-0.02628631876326085 0.44092735396581717 0.4556083848674899 0.55 0.55 0.7 0.05 0.4 0.1 0.85 0.9 0.55 0.25 0.9 0.45 0.65 0.35 0.0 0.1 0.05 0.1 0.45 0.35 0.4 0.95 0.05 0.55 0.6 0.5 0.75 0.85 0.6 0.25 0.55 0.9 0.05 0.7 0.35 0.4 
-0.00323961335996103 0.5694358432129905 0.5772644029252664 0.65 0.4 0.9 0.65 0.45 0.55 0.45 0.6 0.55 0.45 0.25 0.15 0.4 1.0 0.6 0.55 0.25 0.6 0.65 0.05 0.15 0.7 0.35 0.5 0.2 0.8 0.3 0.7 0.05 0.45 0.85 0.65 0.2 0.8 0.7 0.15 
-0.1672522527436065 0.5239766868763513 0.40413505211123624 0.7 0.4 0.4 0.3 0.6 0.55 0.95 0.4 0.55 0.25 0.25 0.1 0.4 1.0 0.6 0.4 0.0 0.6 0.65 0.6 0.15 0.8 0.3 0.55 0.45 0.75 0.3 0.7 0.95 0.45 0.55 0.8 0.9 1.0 0.75 0.15 
-0.0001211606783271949 0.48129367560594405 0.42717709167274 1.0 0.55 0.05 0.0 0.2 0.85 1.0 0.9 0.55 0.9 0.95 0.25 0.1 0.35 0.4 0.3 0.65 0.85 0.75 0.8 0.6 0.15 0.45 0.2 0.6 0.5 0.45 0.85 0.4 0.15 0.95 0.4 0.35 0.75 0.35 0.4 
-0.007332078590190734 0.5490155919481499 0.44647983365687954 0.7 0.4 0.55 0.0 0.1 0.05 0.95 0.4 0.55 0.6 0.25 0.8 0.05 1.0 0.75 0.4 0.0 0.6 0.6 0.95 0.15 0.8 0.3 0.5 0.95 0.75 0.3 0.7 0.95 0.6 0.95 0.8 0.2 1.0 0.75 0.15 
-0.003866048281483497 0.4488403397426227 0.45311643511826655 0.1 0.85 0.95 0.45 0.45 0.4 1.0 0.85 0.55 0.6 0.9 0.25 0.95 0.4 0.85 0.95 0.2 0.95 1.0 0.8 0.4 0.95 0.5 0.4 0.9 0.75 0.7 0.7 1.0 0.4 0.95 1.0 0.9 0.7 0.35 0.35 
-0.004015453397335951 0.47616350220281767 0.4179861231531825 1.0 0.55 0.85 0.0 0.2 0.85 1.0 0.9 0.55 0.9 0.95 0.25 0.25 0.35 0.4 0.3 0.65 0.85 0.45 0.8 0.4 0.15 0.5 0.75 0.6 0.5 0.45 0.55 0.4 0.15 0.9 0.9 0.7 0.7 0.35 0.4 
-0.003655902917746304 0.523510709720629 0.6262266497269015 0.0 0.15 0.45 0.3 0.35 0.95 0.25 0.4 0.55 0.2 0.2 0.15 0.55 0.6 0.9 0.9 0.8 0.8 0.65 0.0 0.25 0.7 0.55 0.5 0.75 0.95 0.3 0.35 0.55 0.55 0.95 0.8 0.3 0.8 0.75 0.25 
-0.008645246057724574 0.6084907986122812 0.5358984828551192 0.2 0.95 0.55 0.6 0.9 0.3 0.85 0.15 0.55 0.35 0.75 0.45 0.1 0.55 1.0 0.9 0.45 0.55 0.9 0.35 0.8 0.65 0.45 0.9 0.7 0.35 0.3 0.35 0.85 0.7 0.95 0.75 0.35 0.6 0.2 0.45 
-0.0023064884281353186 0.5990401970426112 0.5645715543576433 0.65 0.4 0.25 0.7 0.45 0.55 0.9 0.45 0.15 0.45 0.25 0.15 0.4 1.0 0.6 0.95 0.0 0.6 0.65 0.0 0.15 0.7 0.35 0.5 0.65 0.45 0.3 0.7 0.05 0.45 0.95 0.8 0.2 0.8 0.75 0.0 
-0.029330199425043578 0.4330702154977054 0.6138039582775502 0.6 0.25 0.2 0.8 0.0 0.3 0.95 0.65 0.55 0.15 0.65 0.2 0.5 0.6 0.25 0.0 1.0 0.0 0.8 0.15 0.55 0.85 0.95 0.9 0.9 0.6 0.2 0.7 0.4 0.75 0.95 0.75 0.3 0.45 0.6 0.85 
-0.00984517541510677 0.5596017709319462 0.6145005976386129 0.65 0.15 0.4 0.3 0.85 0.95 0.15 0.0 0.55 0.45 0.25 0.15 0.4 1.0 0.55 0.95 0.0 0.6 0.85 0.05 0.3 0.7 0.35 0.5 0.85 0.45 0.3 0.7 0.05 0.3 0.95 0.8 0.45 0.8 0.75 0.15 
-0.0051406754890379784 0.405271811817796 0.5448833611778902 0.7 0.9 0.95 0.45 1.0 0.4 1.0 0.9 0.15 0.55 0.9 0.35 0.65 0.95 0.0 0.1 0.2 0.95 1.0 0.2 0.65 0.85 0.95 0.55 0.85 0.75 0.7 0.6 1.0 0.8 0.3 0.8 0.55 0.7 0.35 0.35 
-0.005059772879951498 0.6006375029852418 0.4600357330046734 0.55 0.15 0.4 0.95 0.6 0.55 1.0 0.4 0.55 0.25 0.7 0.15 0.8 1.0 0.55 0.95 0.0 0.05 0.95 0.05 0.2 0.7 0.35 0.5 0.2 0.4 0.85 0.7 1.0 0.2 0.3 0.8 0.35 0.85 0.75 0.15 
-0.04025688524196268 0.6198044780198962 0.46291646573774853 0.5 0.65 0.05 0.3 0.0 0.05 1.0 0.25 0.6 0.55 0.85 0.3 0.15 0.45 0.3 0.95 0.7 0.4 0.4 0.15 0.1 0.15 0.15 0.85 0.3 0.6 0.8 0.0 0.95 1.0 1.0 0.15 0.75 0.0 0.1 0.7 
-0.0065149099508586585 0.608990621060841 0.47678459700290554 0.5 0.65 0.05 0.3 0.0 0.05 1.0 0.25 0.6 0.55 0.85 0.3 0.15 0.45 0.3 0.95 0.7 0.4 0.4 0.15 0.1 0.15 0.15 0.85 0.3 0.6 0.8 0.1 0.15 1.0 1.0 0.4 0.75 0.0 0.1 0.7 
-0.01173805833327158 0.42462852069685614 0.5956809840722193 0.05 0.9 0.6 0.4 0.85 0.45 0.05 0.55 0.15 0.1 0.6 0.55 0.75 0.0 1.0 0.9 0.5 0.15 0.85 0.2 0.25 0.7 0.8 0.55 0.95 0.6 0.45 0.8 0.4 0.65 0.9 0.4 0.3 0.9 0.1 0.15 
-0.002822045050821835 0.4113869145866131 0.5662786448398887 0.85 0.55 0.85 0.0 0.2 0.85 1.0 0.9 0.6 0.9 0.8 0.25 0.25 0.95 0.4 0.3 0.65 0.85 0.7 0.25 0.4 0.4 0.45 0.3 0.6 0.5 0.45 0.55 0.4 0.25 0.9 0.9 0.35 0.7 0.5 0.4 
-0.05701492268253778 0.5152787762965783 0.42416519699736255 0.7 0.4 0.4 0.3 0.1 0.55 0.85 0.4 0.55 0.25 0.25 0.15 0.6 1.0 0.6 0.95 0.0 0.6 0.65 0.6 0.15 0.8 0.3 0.5 0.45 0.75 0.3 0.7 0.95 0.45 0.55 0.8 0.75 1.0 0.75 0.15 
-0.013054871890443543 0.6116614699417982 0.5458019728381523 0.7 0.85 0.2 0.75 0.35 0.6 0.15 0.4 0.55 0.5 0.25 0.15 0.4 0.6 0.45 0.4 0.1 0.6 0.6 0.65 0.95 0.8 0.3 0.5 0.15 0.75 0.3 0.65 0.05 0.65 0.95 0.8 0.2 1.0 0.75 0.15 
-0.0002738125426683722 0.6274883875426245 0.5870872960057406 0.65 0.4 0.4 0.3 0.4 0.55 0.45 0.45 0.55 0.45 0.25 0.15 0.4 1.0 0.6 0.95 0.0 0.6 0.65 0.0 0.2 0.7 0.35 0.5 0.65 0.45 0.3 0.7 0.05 0.45 0.95 0.8 0.2 0.8 0.75 0.15 
-0.0027589013397543555 0.5764413352471316 0.6381603796432844 0.65 0.4 0.9 0.3 0.25 0.95 0.75 0.65 0.1 0.45 0.25 0.25 0.4 1.0 0.6 0.95 0.8 0.75 0.85 0.05 0.2 0.7 0.35 0.5 0.75 0.0 0.3 0.7 0.05 0.2 0.95 0.8 0.45 0.8 0.75 0.25 
-0.030858520749600448 0.3807402077710398 0.5951500004112521 0.7 0.9 1.0 0.45 1.0 0.4 1.0 0.75 0.4 0.55 0.05 0.4 0.65 0.95 0.0 0.1 0.2 0.95 1.0 0.35 0.4 0.85 0.95 0.55 0.05 0.25 0.35 0.6 1.0 0.8 0.3 0.8 0.55 0.7 0.35 0.35 
-0.0028234098273261206 0.39297356699179 0.45226252535783756 0.25 0.6 0.5 0.0 0.5 0.85 1.0 0.9 0.25 0.85 0.95 0.25 0.25 0.0 0.15 0.7 0.15 0.7 0.65 0.8 0.75 0.25 0.45 0.2 1.0 0.45 0.25 0.7 0.4 0.25 1.0 0.85 0.6 0.75 0.3 0.4 
-0.005219563884286045 0.5798293023837181 0.5985529921308599 0.65 0.4 0.4 0.3 0.75 0.95 0.85 0.45 0.45 0.25 0.25 0.15 0.4 1.0 0.6 0.95 0.35 0.75 1.0 0.15 0.25 0.75 0.35 0.4 0.75 0.0 0.45 0.95 0.0 0.2 0.95 1.0 0.45 0.8 0.0 0.25 
-0.009474458494546742 0.5399125794110592 0.6180326439024963 0.0 0.15 0.45 0.3 0.35 0.95 0.25 0.4 0.55 0.2 0.2 0.15 0.55 0.6 0.9 0.9 0.8 0.8 0.65 0.0 0.25 0.7 0.55 0.5 0.75 0.95 0.3 0.35 0.55 0.55 0.95 0.8 0.3 0.2 0.75 0.25 
-0.00450285247603986 0.5934679674799901 0.581208052288935 0.65 0.4 0.25 0.65 0.4 0.95 0.45 0.8 0.0 0.45 0.25 0.2 0.55 1.0 0.6 0.95 0.0 0.6 0.85 0.05 0.2 0.7 0.35 0.5 0.55 0.45 0.3 0.7 0.9 0.55 0.95 0.8 0.7 0.8 0.75 0.25 
-0.002706279847493323 0.39957440070750283 0.47808132484373006 0.55 0.45 0.2 0.45 0.35 0.1 1.0 0.9 0.7 0.9 0.0 0.15 0.45 0.35 0.7 0.8 0.9 0.1 0.65 0.5 0.3 0.5 0.2 0.7 0.1 0.65 0.65 0.2 0.05 0.15 0.3 0.75 0.1 0.7 0.35 0.6 
-0.005822393373331871 0.5025900537911084 0.5990000011838768 0.65 0.4 0.5 0.3 0.4 0.95 0.25 0.45 0.15 0.45 0.35 0.4 0.4 1.0 0.6 0.0 0.35 0.75 0.75 0.1 0.25 0.7 0.35 0.5 0.75 0.0 0.45 0.95 0.0 0.2 0.95 0.8 0.45 0.8 0.75 0.25 
-0.01663398103472108 0.4259291285806228 0.5724149525170623 0.55 0.4 0.4 0.4 0.1 0.45 0.05 0.9 0.25 0.8 1.0 0.75 0.1 0.5 1.0 0.65 0.5 0.15 0.85 0.2 0.25 0.7 0.8 0.55 0.4 0.75 0.55 0.05 0.95 0.25 0.8 0.4 0.3 0.9 0.1 0.15 
-0.020133825941468318 0.46538732585482057 0.6232288716969426 0.45 0.95 0.2 0.8 0.0 1.0 0.8 0.2 0.55 0.15 0.4 0.1 0.5 0.6 0.25 0.0 1.0 0.25 0.8 0.15 0.55 0.45 0.05 0.9 0.9 0.6 0.2 0.7 0.45 0.75 0.95 0.75 0.8 0.5 0.6 0.85 
-0.001990961884066578 0.40035243731468684 0.47654776205506555 0.55 0.45 0.05 0.45 0.35 0.65 1.0 0.9 0.7 0.9 0.0 0.15 0.45 0.35 0.7 0.8 0.9 0.1 0.65 0.5 0.3 0.5 0.2 0.7 0.2 0.65 0.65 0.2 0.05 0.15 0.3 0.75 0.1 0.7 0.35 0.6 
-0.00952584397955769 0.3728153017314887 0.46060619905577493 0.55 0.9 0.95 0.45 0.95 0.4 1.0 0.7 0.55 0.55 0.9 0.35 0.7 0.95 0.0 0.1 0.2 0.95 1.0 0.35 0.9 0.85 0.95 0.55 0.3 0.0 0.7 0.85 1.0 0.8 0.3 0.4 0.55 0.9 0.35 0.35 
-0.0036569060816303927 0.5732081166854277 0.4315668602035796 1.0 0.4 0.4 0.35 0.1 0.55 0.9 0.4 0.55 0.05 0.25 0.25 0.85 0.25 0.6 0.95 0.0 0.6 0.25 0.55 0.05 0.8 0.3 0.5 0.45 0.85 0.45 0.7 0.35 0.9 0.95 0.8 0.2 1.0 0.75 0.15 
-0.06557020147280103 0.5582092095330893 0.4212319980650604 0.6 1.0 0.45 0.15 0.05 0.5 0.95 0.25 0.45 0.15 0.9 0.0 0.8 0.05 0.7 0.1 0.75 0.05 0.5 0.8 0.85 0.75 0.4 0.85 0.65 0.45 0.0 0.55 0.5 0.85 0.35 0.25 0.1 0.7 0.35 0.0 
-0.008633225040435918 0.4560591431009534 0.6063734297268187 0.45 0.95 0.2 0.8 0.0 1.0 0.8 0.65 0.55 1.0 0.4 0.1 0.5 0.6 0.25 0.0 1.0 0.0 0.8 0.15 0.55 0.45 0.05 0.9 0.9 0.6 0.2 0.7 0.45 0.75 0.95 0.75 0.85 0.5 0.6 0.85 
-0.058860995531432404 0.41020572126042587 0.45061636072807865 0.55 0.55 0.7 0.9 0.4 0.1 0.85 0.9 0.55 0.9 0.9 0.45 0.65 0.35 0.0 0.1 0.05 0.1 0.45 0.35 0.4 0.95 0.05 0.55 0.2 0.5 0.75 0.85 0.6 0.25 0.55 0.9 0.05 0.7 0.35 0.4 
-0.029447094252978274 0.6227267087872725 0.5113790893548569 0.55 0.15 0.4 0.95 0.7 0.3 1.0 0.4 0.55 0.05 0.25 0.15 0.75 1.0 0.55 0.25 0.4 0.95 0.95 0.05 0.25 0.05 0.35 0.5 1.0 0.4 0.8 0.3 1.0 0.2 0.95 0.8 0.35 1.0 0.75 0.1 
-0.08651263816714966 0.5118619444798356 0.617651518968411 0.45 0.75 0.4 0.65 0.4 0.6 0.1 0.05 0.9 0.45 0.25 0.25 0.65 1.0 0.65 0.65 0.65 0.8 0.75 0.05 0.2 0.75 0.35 0.5 0.75 1.0 0.5 0.5 0.35 0.15 1.0 0.8 0.55 0.9 0.75 0.5 
-0.032459357735469374 0.5932034688171957 0.6234562897783946 0.65 0.15 0.4 0.0 0.85 0.95 0.15 0.0 0.55 0.45 0.25 0.15 0.4 1.0 0.55 0.95 0.0 0.6 0.85 0.2 0.3 0.7 0.3 0.5 0.85 0.45 0.3 0.7 0.05 0.3 0.95 0.8 0.45 0.8 0.75 0.15 
-0.002761295761055213 0.4562878347851217 0.41128446861303314 1.0 0.55 0.85 0.0 0.2 0.85 1.0 0.9 0.55 0.9 0.95 0.25 0.25 0.35 0.4 0.3 0.65 0.85 0.65 0.8 0.4 0.15 0.45 0.75 0.6 0.5 0.45 0.55 0.4 0.15 0.9 0.9 0.7 0.7 0.35 0.4 
-0.011064590057995073 0.6286804610263389 0.5301572875246491 0.2 0.95 0.55 0.6 0.9 0.3 0.85 0.15 0.55 0.35 0.75 0.45 0.1 0.55 1.0 0.9 0.45 0.55 0.85 0.35 0.8 0.65 0.45 0.9 0.7 0.35 0.3 0.35 0.85 0.7 0.95 0.75 0.05 0.6 0.2 0.45 
-0.012444791336663645 0.5578562262679536 0.5881143470247628 0.65 0.75 0.4 0.95 0.4 0.6 0.0 0.45 0.9 0.45 0.25 0.25 0.65 1.0 0.65 0.65 0.65 0.8 0.75 0.05 0.2 0.75 0.35 0.5 0.75 0.35 0.5 0.5 0.35 0.75 0.7 0.8 0.55 0.8 0.75 0.3 
-0.009266108406814319 0.3637277144719654 0.471965865377377 0.55 0.9 0.95 0.45 1.0 0.4 1.0 0.7 0.55 0.55 0.9 0.35 0.65 0.95 0.0 0.1 0.2 0.95 1.0 0.35 0.4 0.85 0.95 0.55 0.2 0.75 0.7 0.85 1.0 0.8 0.3 0.4 0.55 0.7 0.35 0.35 
-0.012300590076219626 0.3800051711004512 0.5125991986321174 0.1 0.9 0.65 0.45 0.45 0.4 1.0 0.7 0.55 0.5 0.9 0.25 0.65 0.95 0.8 0.1 0.2 0.25 1.0 0.2 0.4 0.45 0.95 0.55 0.85 0.75 0.7 0.3 1.0 0.35 1.0 0.8 0.0 0.7 0.35 0.35 
-0.26273954545978895 0.4808542118800787 0.6442394639831611 0.05 0.4 0.6 0.4 0.1 0.6 0.05 0.6 0.25 0.4 0.6 0.7 0.1 0.0 1.0 0.65 0.5 0.05 0.85 0.2 0.25 0.8 0.8 0.55 0.95 0.5 0.45 0.7 0.45 0.6 0.8 0.95 0.55 1.0 0.1 0.1 
-0.0101768551707419 0.4005502826776751 0.6296283340461508 0.45 0.95 0.2 0.8 0.0 1.0 0.8 0.65 0.55 0.15 0.4 0.15 0.5 0.6 0.25 0.65 1.0 0.0 0.8 0.15 0.55 0.45 0.2 0.9 0.9 0.6 0.2 0.7 0.45 0.75 0.95 0.75 0.65 0.5 0.6 0.85 
-0.026805346178693214 0.37753735594813714 0.5698757307656095 0.55 0.6 0.2 0.45 0.1 0.4 1.0 0.85 0.55 0.55 0.05 0.35 0.65 0.95 0.2 0.1 0.2 0.95 0.6 0.35 0.5 0.85 0.95 0.55 0.85 0.75 0.0 0.75 0.05 0.8 0.85 0.6 0.3 0.3 0.35 0.7 
-0.01940063649208082 0.45122706505684673 0.6353542010988152 0.85 0.4 0.6 0.4 0.1 0.2 0.05 0.55 0.25 0.25 0.6 0.55 0.1 0.0 0.15 0.65 0.5 0.15 0.85 0.2 0.25 0.7 0.8 0.55 0.95 0.5 0.45 0.85 0.4 0.6 0.8 0.35 0.0 0.9 0.1 0.15 
-0.024293447547768205 0.465997974947791 0.6411246922593594 0.05 0.4 0.6 0.4 0.1 0.6 0.05 0.6 0.25 0.4 0.6 0.7 0.1 0.0 1.0 0.65 0.5 0.05 0.85 0.2 0.25 0.8 0.8 0.55 0.95 0.5 0.45 0.8 0.45 0.6 0.8 0.95 0.85 1.0 0.1 0.1 
-0.1423033833051213 0.4701246723684247 0.6549422954397888 0.05 0.4 0.6 0.4 0.1 0.6 0.05 0.6 0.25 0.4 0.6 0.7 0.1 0.0 1.0 0.65 0.5 0.05 0.85 0.2 0.25 0.8 0.8 0.55 0.95 0.5 0.45 0.8 0.45 0.6 0.8 0.95 0.55 1.0 0.1 0.1 
-0.18732279351627257 0.4770687020463546 0.3963499591012428 0.6 0.55 0.05 0.7 0.85 0.85 1.0 0.9 0.55 0.9 0.95 0.25 1.0 0.75 0.8 0.2 0.95 0.85 0.95 0.8 0.4 0.1 1.0 0.2 0.6 0.55 0.55 0.85 0.4 0.25 0.9 0.9 0.7 0.7 0.35 0.4 
-0.0009577540521058888 0.43949084016888273 0.42264758101560607 1.0 0.55 0.05 0.0 0.2 0.85 1.0 0.9 0.55 0.9 0.95 0.2 0.25 0.15 0.4 0.3 0.65 0.85 0.25 0.8 0.4 0.15 0.45 0.3 0.6 0.5 0.45 0.85 0.4 0.15 0.9 0.9 0.15 0.7 0.35 0.15 
-0.005857194304939061 0.36030049923616325 0.5764568440219222 0.45 0.0 0.35 0.8 0.7 0.25 1.0 0.65 0.55 0.15 0.55 0.0 0.2 0.6 0.25 0.0 0.0 0.75 0.85 0.15 0.55 0.45 1.0 0.9 0.6 0.6 0.2 0.85 0.45 0.75 0.95 0.3 0.2 0.8 0.6 0.8 
-0.06969430564791666 0.40658599502462855 0.6118198649523967 0.45 0.95 0.2 0.0 0.9 0.25 0.9 0.6 0.55 0.15 0.4 0.0 0.0 0.6 0.25 0.7 1.0 0.1 0.65 0.15 0.35 0.35 1.0 0.9 0.9 0.6 0.2 0.8 0.45 0.75 0.45 0.75 0.65 0.2 0.6 0.8 
-0.021602289156857083 0.3801759480732069 0.4962333831994149 0.55 0.45 0.05 0.45 0.35 0.5 1.0 0.9 0.7 0.9 0.0 0.15 0.45 0.35 0.7 0.8 0.9 0.1 0.65 0.5 0.3 0.4 0.2 0.7 0.2 0.7 0.65 0.2 0.05 0.15 0.3 0.75 0.55 0.65 0.3 0.6 
-0.0016087517511086996 0.3479701822890845 0.4718693206654822 0.55 0.9 0.95 0.45 1.0 0.4 1.0 0.7 0.55 0.55 0.9 0.35 0.65 0.95 0.0 0.1 0.2 0.95 1.0 0.35 0.4 0.85 0.95 0.55 0.2 0.75 0.7 0.85 1.0 0.8 0.35 0.4 0.55 0.7 0.35 0.35 
-0.017149714062914365 0.6573346181147145 0.4935455023100846 0.55 0.15 0.4 0.95 0.7 0.55 1.0 0.4 0.55 0.25 0.25 0.15 0.8 1.0 0.55 0.95 0.0 0.95 0.95 0.05 0.25 0.7 0.35 0.5 0.2 0.95 0.8 0.95 1.0 0.2 0.65 0.8 0.3 0.85 0.75 0.15 
-0.019480411470883096 0.36585005541927273 0.532756057319956 0.55 0.9 0.95 0.8 1.0 0.4 0.4 0.7 0.55 0.55 0.9 0.35 0.65 0.95 0.0 0.1 0.2 0.95 1.0 0.35 0.4 0.85 0.95 0.55 0.55 0.75 0.7 0.7 1.0 0.8 0.3 0.8 0.6 0.85 0.35 0.35 
-0.12662430797466576 0.4424409645250092 0.3997958945607732 1.0 0.55 0.85 0.0 0.2 0.85 1.0 0.9 0.55 0.9 0.95 0.25 0.25 0.35 0.4 0.3 0.65 0.85 0.45 0.8 0.4 0.15 0.45 0.75 0.6 0.5 0.45 0.55 0.4 0.15 0.9 0.9 0.7 0.7 0.35 0.4 
-0.01721216185385897 0.6214379725971663 0.618855112114636 0.65 0.4 0.95 0.3 0.4 0.95 0.2 0.45 0.55 0.45 0.25 0.15 0.4 1.0 0.6 0.95 0.0 0.6 0.65 0.05 0.2 0.7 0.35 0.5 0.65 0.45 0.3 0.7 0.05 0.45 0.95 0.8 0.25 0.8 0.75 0.15 
-0.025269130173334542 0.5108478515459957 0.6577489356189535 0.65 0.4 0.1 0.3 0.0 0.95 0.1 0.25 0.65 0.45 0.35 0.25 0.4 1.0 0.6 0.95 0.35 0.75 1.0 0.1 0.8 0.7 0.35 0.5 0.75 0.0 0.45 0.95 0.0 0.2 0.95 0.8 0.45 0.8 0.75 0.25 
-0.0001572775270457466 0.3465794360179133 0.5100567994903067 0.55 0.9 0.5 0.8 0.15 0.25 1.0 0.85 0.55 0.5 0.9 0.35 0.95 0.35 0.8 0.3 0.9 0.8 0.7 0.35 0.65 0.4 0.95 0.55 0.15 0.75 0.05 0.2 0.7 0.25 0.65 0.9 0.8 0.7 0.35 0.45 
-0.007920538281371532 0.40764306877873413 0.41417607399164413 0.55 0.55 0.05 0.15 0.35 0.65 1.0 0.9 0.7 0.9 0.95 0.15 0.45 0.35 0.7 0.8 0.9 0.1 0.65 0.5 0.4 0.2 0.2 0.7 0.2 0.65 0.65 0.95 0.4 0.25 0.3 0.75 0.15 0.7 0.35 0.4 
-0.0024972447156228665 0.3794361522364794 0.40906920689066933 0.6 0.55 0.05 0.7 0.85 0.85 1.0 0.9 0.55 0.9 0.95 0.25 1.0 0.75 0.8 0.2 0.95 0.85 0.95 0.8 0.25 0.1 1.0 0.2 0.6 0.55 0.55 0.85 0.4 0.25 0.9 0.9 0.7 0.7 0.35 0.4 
-0.0007581596509388459 0.41382060477531474 0.4175079049035049 0.55 0.55 0.05 0.15 0.35 0.65 1.0 0.9 0.7 0.9 0.95 0.15 0.45 0.35 0.7 0.8 0.9 0.1 0.65 0.5 0.4 0.2 0.2 0.7 0.2 0.65 0.65 0.95 0.4 0.25 0.3 0.75 0.15 0.7 0.35 0.4 
-0.01644842486975502 0.3245173825855854 0.5854551805951771 0.55 0.4 0.95 0.45 1.0 0.75 1.0 0.85 0.55 0.4 0.9 0.5 0.55 0.95 0.5 1.0 0.2 0.95 1.0 0.3 0.55 0.85 0.95 0.6 0.85 0.75 0.7 0.1 0.0 0.55 0.95 0.85 0.55 0.7 0.35 0.35 
-0.010835862987792147 0.5306538996667705 0.6458529188374729 0.65 0.75 0.4 0.65 0.4 0.25 0.4 0.45 0.1 0.45 0.25 0.25 0.4 1.0 0.6 0.05 0.65 0.6 0.8 0.05 0.2 0.75 0.35 0.5 0.75 0.3 0.25 0.85 0.0 0.55 0.95 0.8 0.45 0.9 0.75 0.3 
-0.01112735739735522 0.5460299113401295 0.6501143486663311 0.65 0.4 0.5 0.85 0.0 0.95 0.65 0.45 0.65 0.45 0.35 0.25 0.4 1.0 0.6 0.95 0.35 0.75 1.0 0.1 0.25 0.7 0.35 0.5 0.35 0.0 0.45 0.4 0.0 0.2 0.95 0.8 0.45 0.8 0.75 0.25 
-0.00701295135561645 0.6439601120683042 0.5280273708523338 0.55 0.15 0.4 0.3 0.65 0.3 1.0 0.4 0.55 0.25 0.25 0.15 0.75 0.45 0.55 0.25 0.4 0.95 0.8 0.05 0.55 0.7 0.35 0.5 0.6 0.35 0.7 0.7 1.0 0.2 0.95 0.8 0.8 0.85 0.75 0.2 
-0.22867995117014772 0.5007800008845982 0.67217048567938 0.65 0.4 0.5 0.85 0.0 0.95 0.5 0.45 0.65 0.45 0.35 0.25 1.0 1.0 0.6 0.95 0.35 0.75 1.0 0.1 0.25 0.7 0.35 0.5 0.75 0.0 0.45 0.4 1.0 0.2 0.95 0.8 0.45 0.8 0.75 0.25 
-0.034014985869115145 0.5306115406973916 0.6569315876360697 0.65 0.4 0.5 0.85 0.0 0.95 0.65 0.45 0.65 0.45 0.35 0.25 0.4 1.0 0.6 0.95 0.35 0.75 1.0 0.1 0.25 0.7 0.35 0.5 0.75 0.0 0.45 0.3 0.0 0.2 0.95 0.8 0.45 0.8 0.75 0.25 
-0.01991959518501654 0.5892004277624262 0.6502268349459364 0.65 0.4 0.95 0.3 0.4 0.95 0.2 0.45 0.55 0.45 0.25 0.15 0.4 1.0 0.6 0.95 0.0 0.6 0.65 0.05 0.2 0.7 0.35 0.5 0.65 0.45 0.3 0.7 0.0 0.45 0.95 0.8 0.25 0.55 0.75 0.15 
-0.013767106167852497 0.32102653038094664 0.5555093897799929 0.55 0.9 0.95 0.9 0.15 0.4 1.0 0.9 0.55 0.55 0.9 0.35 0.65 0.95 0.0 0.1 0.2 0.95 1.0 0.35 0.4 0.45 0.95 0.55 0.85 0.75 0.7 0.85 1.0 0.8 0.35 0.8 0.55 0.7 0.35 0.35 
-0.009024367054929382 0.3499967996330339 0.5354891745357016 0.7 0.9 0.95 0.45 1.0 0.4 1.0 0.9 0.5 0.55 0.9 0.35 0.65 0.95 0.0 0.1 0.2 0.55 1.0 0.35 0.4 0.85 0.95 0.55 0.85 0.75 0.7 0.6 1.0 0.8 0.3 0.25 0.55 0.7 0.35 0.35 
-0.04070575009866109 0.6102866023662765 0.6663661751317785 0.35 0.85 0.05 0.35 0.0 0.05 0.65 0.45 0.75 0.4 0.25 0.2 0.4 0.3 0.6 0.95 0.35 0.75 0.7 0.05 0.25 0.85 0.35 0.5 1.0 0.0 0.45 0.95 0.0 0.2 0.95 0.8 0.45 0.95 0.75 0.25 
-0.0059140666937174576 0.5414568101300301 0.6717564810405391 0.65 0.4 0.5 0.85 0.4 0.95 0.65 0.45 0.0 0.45 0.35 0.25 0.4 1.0 0.6 0.0 0.35 0.75 1.0 0.1 0.25 0.7 0.35 0.5 0.75 0.0 0.45 0.95 0.0 0.2 0.95 0.8 0.45 0.8 0.75 0.25 
-0.024362928672806487 0.5680911583604269 0.6594649633431514 0.35 0.85 0.05 0.35 0.0 0.05 0.65 0.45 0.15 0.4 0.8 0.2 0.4 0.3 0.6 0.95 0.35 0.75 0.7 0.05 0.25 0.85 0.35 0.5 1.0 0.0 0.45 0.95 0.0 0.2 0.95 0.8 0.45 0.95 0.75 0.25 
-0.034515492333791434 0.6685103061555937 0.5429391334916118 0.65 0.4 0.05 0.35 0.0 0.25 0.9 0.45 0.65 0.35 0.25 0.2 0.4 0.45 0.9 0.95 0.35 0.5 1.0 0.05 0.25 0.7 0.35 0.5 0.7 0.6 0.05 0.95 0.0 0.2 0.95 0.8 0.45 0.95 0.75 0.2 
-0.02067881390272267 0.38341072463171366 0.6031029038754159 0.7 0.9 0.95 0.45 1.0 0.4 1.0 0.75 0.4 0.55 0.05 0.4 0.65 0.95 0.0 0.1 0.2 0.95 1.0 0.35 0.4 0.85 0.95 0.55 0.05 0.75 0.7 0.6 1.0 0.8 0.3 0.8 0.55 0.7 0.35 0.35 
-0.001175383701230878 0.4435183467681215 0.6499707267136388 0.45 0.95 0.2 0.8 0.15 0.25 0.05 0.0 0.55 0.1 0.6 0.15 0.5 0.6 0.25 0.0 0.9 0.1 0.8 0.15 0.25 0.35 1.0 0.85 0.9 0.6 0.2 0.8 0.45 0.75 0.95 0.75 0.65 0.5 0.6 0.8 
-15.671156145759598 0.4800197156791398 0.3716285554547023 0.6 0.55 0.05 0.7 0.2 0.85 1.0 0.9 0.55 0.9 0.95 0.25 1.0 0.75 0.8 0.2 0.95 0.85 0.9 0.8 0.4 0.1 0.9 0.15 0.75 0.55 0.25 0.85 0.4 0.25 0.9 0.9 0.4 0.8 0.35 0.4 
-0.005815944244770747 0.36220712509907316 0.441370705003097 0.55 0.9 0.95 0.45 0.95 0.6 1.0 0.7 0.55 0.55 0.9 0.35 0.7 0.95 0.0 0.1 0.2 0.95 1.0 0.35 0.9 0.85 0.95 0.55 0.3 0.0 0.7 0.85 1.0 0.8 0.3 0.05 0.55 0.9 0.35 0.35 
-0.02029357268113707 0.6457606911842408 0.5707107844566496 0.65 0.0 0.4 0.3 0.4 0.95 0.85 0.45 0.55 0.45 0.25 0.25 0.4 1.0 0.6 0.5 0.8 0.6 0.85 0.05 0.2 0.75 0.35 0.5 0.75 0.25 0.3 0.7 0.0 0.45 0.95 0.8 0.45 0.75 0.75 0.15 
-0.0017171553104373216 0.3291603811270436 0.49743382752107435 0.45 0.55 0.3 0.0 1.0 0.65 1.0 0.7 0.35 0.7 0.9 0.25 0.8 0.55 0.1 0.6 0.2 0.1 1.0 0.35 0.3 0.35 0.95 0.5 0.45 0.5 0.6 0.2 0.05 0.8 0.95 0.2 0.75 0.7 0.5 0.35 
-0.010424711013003494 0.33926613882615964 0.4614917479431191 0.65 0.9 0.95 0.45 1.0 0.4 1.0 0.7 0.55 0.55 0.9 0.35 0.65 0.95 0.0 0.1 0.2 0.95 1.0 0.35 0.4 0.85 0.95 0.55 0.2 0.75 0.7 0.35 1.0 0.8 0.35 0.4 0.55 0.7 0.35 0.35 
-0.012899458183499767 0.6094174328120932 0.6455646243426841 0.65 0.4 0.4 0.3 0.0 0.25 0.85 0.05 0.65 0.45 0.25 0.2 0.4 1.0 0.6 0.95 0.35 0.75 1.0 0.05 0.25 0.7 0.35 0.5 1.0 0.0 0.75 0.95 0.0 0.2 0.95 0.8 0.45 0.8 0.75 0.25 
-0.00915514786385552 0.3343809883779961 0.5203181036949961 0.6 0.55 0.3 0.0 1.0 0.65 1.0 0.7 0.35 0.7 0.9 0.25 0.8 0.55 0.1 0.6 0.2 0.05 1.0 0.45 0.3 0.35 0.0 0.55 0.45 0.5 0.6 0.2 0.05 0.8 0.9 0.2 0.75 0.7 0.5 0.35 
-0.07221602257283123 0.3420828128604111 0.6126638049477364 0.55 0.4 0.95 0.45 1.0 0.75 1.0 0.85 0.55 0.55 0.9 0.5 0.1 0.95 0.5 1.0 0.2 0.95 1.0 0.3 0.55 0.55 0.95 0.6 0.85 0.75 0.7 0.1 0.0 0.55 0.95 0.85 0.55 0.7 0.35 0.35 
-0.05724200686582297 0.42808987781966257 0.4055018269390277 0.55 0.55 0.05 0.15 0.35 0.85 1.0 0.9 0.7 0.9 0.95 0.15 0.45 0.35 0.7 0.8 0.9 0.1 0.35 0.1 0.4 0.1 0.2 0.7 0.4 0.65 0.65 0.95 0.4 0.25 0.3 0.75 0.55 0.75 0.35 0.4 
-0.01764979435793402 0.306930989969343 0.5382112628930303 0.6 0.55 0.3 0.0 1.0 0.65 1.0 0.7 0.35 0.7 0.9 0.25 0.8 0.55 0.1 0.6 0.2 0.05 1.0 0.45 0.3 0.35 0.0 0.55 0.75 0.6 0.6 0.2 0.05 0.8 0.9 0.2 0.75 0.7 0.5 0.35 
-0.004995269310910708 0.4457241728072896 0.6644463136034539 0.45 0.95 0.2 0.8 0.0 0.25 0.05 0.0 0.55 0.1 0.6 0.0 0.5 0.6 0.25 0.0 0.9 0.1 0.8 0.15 0.25 0.35 1.0 0.85 0.9 0.6 0.2 0.8 0.45 0.75 0.95 0.75 0.65 0.5 0.6 0.8 
-0.00886953247164956 0.5130613429934654 0.6870368031125919 0.65 0.75 0.4 0.95 0.4 0.6 0.0 0.45 0.9 0.45 0.25 0.25 0.65 1.0 0.65 0.65 0.65 0.8 0.75 0.05 0.2 0.75 0.35 0.5 0.75 1.0 0.5 0.5 0.35 0.75 1.0 0.8 0.55 0.8 0.75 0.3 
-7.418502048732964e-05 0.45519451602123207 0.6913027570088555 0.95 0.2 0.2 0.85 1.0 0.4 0.7 0.8 0.55 0.2 0.05 0.1 0.65 0.05 0.2 0.1 0.2 0.8 1.0 0.35 0.4 0.85 0.95 0.55 0.9 0.75 0.7 0.55 1.0 0.8 0.95 0.6 0.2 0.75 0.35 0.7 
-0.0083302984812415 0.3585527749000132 0.6235707210058606 0.45 0.95 0.2 0.35 0.0 0.25 0.8 0.65 0.55 0.15 0.4 0.0 0.5 0.6 0.25 0.0 1.0 0.1 0.8 0.15 0.55 0.5 1.0 0.9 0.9 0.6 0.2 0.8 0.45 0.75 0.4 0.75 0.2 0.45 0.6 0.8 
-5.545403630679423 0.44051307174306414 0.38829609225571193 1.0 0.55 0.05 0.0 0.2 0.85 1.0 0.9 0.55 0.9 0.95 0.25 0.25 0.35 0.4 0.75 0.65 0.85 0.4 0.8 0.4 0.1 0.45 0.3 0.6 0.5 0.45 0.85 0.4 0.15 0.9 0.9 0.35 0.7 0.35 0.4 
-0.013518646230554921 0.6203727616026058 0.6326989645110773 0.55 0.15 0.4 0.05 0.7 0.3 0.4 0.4 0.55 0.25 0.25 0.15 0.75 1.0 0.55 0.25 0.4 0.95 0.95 0.05 0.25 0.7 0.35 0.5 1.0 0.4 0.8 0.7 1.0 0.2 0.95 0.8 0.35 1.0 0.75 0.15 
-5.965936727073308 0.4676830160248918 0.38974875485167265 0.6 0.55 0.05 0.7 0.85 0.85 1.0 0.9 0.55 0.9 0.95 0.25 1.0 0.1 0.8 0.2 0.95 0.85 0.95 0.8 0.4 0.1 1.0 0.2 0.85 0.55 1.0 0.85 0.4 0.25 0.9 0.9 0.7 0.7 0.35 0.4 
-0.013992278280754425 0.3747147194275413 0.6300685297598849 0.6 0.25 0.2 0.8 0.0 0.3 0.95 0.65 0.55 0.4 0.65 0.2 0.5 0.6 0.25 0.0 1.0 0.0 0.8 0.15 0.55 0.45 0.05 0.9 0.9 0.6 0.2 0.7 0.4 0.75 0.95 0.75 0.3 0.45 0.6 0.85 
-0.025798063407029625 0.314696681067111 0.5786346938747696 0.55 0.4 0.95 0.45 1.0 0.75 1.0 0.85 0.55 0.55 0.9 0.5 0.55 0.95 0.5 1.0 0.2 0.95 1.0 0.3 0.55 0.85 0.95 0.6 0.85 0.75 0.7 0.1 0.0 0.55 0.95 0.85 0.55 0.7 0.35 0.35 
-0.028185241790837718 0.6410554493797295 0.46578524417924977 0.55 0.15 0.4 0.95 0.7 0.3 1.0 0.4 0.55 0.25 0.25 0.15 0.75 1.0 0.55 0.25 0.4 0.95 0.95 0.05 0.25 0.7 0.35 0.5 0.45 0.5 0.8 0.7 1.0 0.2 0.95 0.8 0.85 1.0 0.75 0.2 
-0.005050822066640275 0.30618859762147943 0.5137595068187777 0.85 0.9 0.4 0.45 1.0 0.4 1.0 0.7 0.4 0.55 0.9 0.35 0.8 0.95 0.0 0.1 0.2 0.95 1.0 0.35 0.4 0.65 0.95 0.55 0.35 0.75 0.7 0.85 1.0 0.8 0.3 0.8 0.55 0.8 0.35 0.35 
-0.003518658086023905 0.6410848161126872 0.5871062822514402 0.55 0.15 0.4 0.95 0.7 0.3 1.0 0.4 0.55 0.25 0.4 0.15 0.75 0.85 0.55 0.25 0.4 0.95 0.95 0.05 0.25 0.7 0.35 0.5 1.0 0.4 0.8 0.65 1.0 0.5 0.95 0.8 0.35 1.0 0.8 0.2 
-0.07496498330885225 0.3186024979425096 0.6215698528312489 0.55 0.9 0.95 0.85 0.15 0.4 1.0 0.9 0.55 0.55 0.9 0.35 0.65 0.85 0.0 0.1 0.2 0.95 1.0 0.35 0.4 0.45 0.95 0.55 0.75 0.75 0.7 0.85 1.0 0.75 0.9 0.8 0.55 0.7 0.35 0.35 
-0.004653358057148967 0.3573587169242055 0.42709593486743747 0.55 0.9 0.95 0.45 1.0 0.4 1.0 0.7 0.55 0.55 0.9 0.35 0.65 0.95 0.0 0.1 0.2 0.95 1.0 0.35 0.4 0.85 0.95 0.55 0.2 0.75 0.7 0.85 0.45 0.8 0.3 0.4 0.55 0.7 0.35 0.35 
-0.00025758790949420964 0.3083973013721033 0.5953469060249685 0.55 0.4 0.95 0.45 1.0 0.75 1.0 0.85 0.55 0.55 0.9 0.5 0.65 0.95 0.5 1.0 0.2 0.95 1.0 0.3 0.55 0.85 0.95 0.6 0.85 0.75 0.7 0.1 0.0 0.55 0.95 0.8 0.55 0.7 0.35 0.35 
-0.005908381604954385 0.5557888525307194 0.6837011111354788 0.35 0.85 0.05 0.4 0.0 0.15 0.75 0.45 0.3 0.45 0.25 0.2 0.4 0.45 0.9 0.95 0.35 0.05 1.0 0.05 0.25 0.8 0.35 0.5 1.0 0.0 0.45 0.95 0.0 0.2 0.95 0.85 0.45 0.85 0.75 0.25 
-0.0019009887115897667 0.4201072737360981 0.6442208637251353 0.6 0.25 0.2 0.8 0.0 0.3 0.95 0.65 0.55 0.15 1.0 0.1 0.5 0.6 0.25 0.0 1.0 0.0 1.0 0.15 0.3 0.35 0.05 0.9 0.9 0.6 0.2 0.7 0.45 0.75 0.95 0.75 0.65 0.5 0.6 0.85 
-0.0008405929448272214 0.34174299011908116 0.5979241966203925 0.6 0.4 0.95 0.45 1.0 0.75 1.0 0.85 0.55 0.55 0.9 0.5 0.1 0.95 0.5 1.0 0.2 0.95 1.0 0.25 0.55 0.3 0.95 0.6 0.85 0.75 0.7 0.1 0.15 0.55 0.95 0.85 0.55 0.7 0.35 0.35 
-0.019075709906542407 0.31532540916450436 0.5016899032472216 0.85 0.9 0.3 0.45 1.0 0.4 1.0 0.7 0.4 0.55 0.9 0.35 0.65 0.95 0.0 0.1 0.2 0.95 1.0 0.35 0.4 0.85 0.95 0.55 0.2 0.75 0.7 0.85 1.0 0.75 0.3 0.8 0.55 0.8 0.35 0.35 
-0.055002278841600194 0.4063722409833882 0.6593504827541236 0.45 0.95 0.2 0.8 0.0 0.25 0.8 0.65 0.65 0.15 0.05 0.0 0.5 0.6 0.25 0.75 1.0 0.1 0.8 0.15 0.55 0.45 1.0 0.9 0.9 0.6 0.2 0.8 0.45 0.75 0.95 0.75 0.6 0.5 0.6 0.8 
-0.03204034153212771 0.3946950617972987 0.656960291929393 0.45 0.95 0.2 0.8 0.0 1.0 0.75 0.65 0.55 0.15 0.4 0.15 0.5 0.65 0.25 0.0 0.8 0.1 0.8 0.15 0.9 0.6 0.05 0.9 0.9 0.6 0.2 0.7 0.45 0.75 0.95 0.75 0.65 0.5 0.6 0.85 
-0.005019372590423934 0.6520136825715614 0.6083846293031963 0.65 0.15 0.4 0.3 0.4 0.95 0.75 0.45 0.55 0.45 0.25 0.2 0.85 1.0 0.15 0.95 0.0 0.9 0.65 0.05 0.2 0.75 0.35 0.5 0.65 0.45 0.3 0.7 0.05 0.5 0.95 0.8 0.25 0.8 0.8 0.15 
-0.03885651380611589 0.3345007962159906 0.4665380144221757 0.55 0.9 0.95 0.45 1.0 0.4 1.0 0.7 0.55 0.55 0.9 0.35 0.1 0.95 0.0 0.9 0.2 0.95 1.0 0.35 0.4 0.85 0.95 0.55 0.2 0.75 0.7 0.85 1.0 0.8 0.3 0.4 0.05 0.7 0.35 0.35 
-0.00041524481791370535 0.42311857183240736 0.39285835450300727 1.0 0.1 0.05 0.0 0.2 0.85 1.0 0.9 0.55 0.9 0.95 0.25 0.05 0.35 0.4 0.3 0.65 0.85 0.75 0.8 0.6 0.15 0.45 0.3 0.6 0.5 0.45 0.85 0.4 0.1 0.75 0.9 0.35 0.7 0.35 0.4 
-0.13886551324025959 0.6456632906602329 0.6511558864538323 0.35 0.85 0.05 0.35 0.0 0.15 0.65 0.45 0.65 0.4 0.25 0.2 0.4 0.45 0.9 0.95 0.35 0.75 0.9 0.05 0.25 0.8 0.35 0.5 1.0 0.0 0.85 0.95 0.0 0.2 0.95 0.8 0.45 0.95 0.75 0.25 
-0.011889071587020798 0.3859067655769641 0.39466655330024253 1.0 0.1 0.05 0.0 0.2 0.85 1.0 0.9 0.55 0.9 0.95 0.25 0.05 0.35 0.4 0.3 0.65 0.85 0.75 0.8 0.6 0.15 0.45 0.3 0.6 0.5 0.55 0.85 0.4 0.1 0.75 0.9 0.35 0.7 0.35 0.4 
-4.697923463763756 0.5286119003162444 0.3908834988827932 0.7 0.4 0.4 0.75 0.1 0.25 0.95 0.4 0.55 0.5 0.25 0.15 0.4 1.0 0.75 0.4 0.0 0.2 0.6 0.65 0.15 0.95 0.3 0.5 0.8 0.75 0.3 0.7 0.95 0.7 0.95 0.8 0.2 0.8 0.75 0.15 
-0.0013975468775000667 0.3909352682151217 0.6807485425369739 0.45 0.95 0.2 0.8 0.0 1.0 0.75 0.65 0.55 0.15 0.4 0.15 0.5 0.65 0.25 0.0 0.8 0.1 0.8 0.15 0.55 0.6 0.05 0.9 0.9 0.6 0.2 0.7 0.45 0.75 0.95 0.75 0.65 0.5 0.6 0.85 
-15.455461607053662 0.47265709287904273 0.3693633843128812 0.6 0.55 0.05 0.7 0.2 0.65 1.0 0.9 0.55 0.9 0.95 0.25 1.0 0.75 0.8 0.2 0.95 0.85 0.9 0.8 0.4 0.1 0.35 0.15 0.75 0.55 0.25 0.85 0.4 0.25 0.9 0.9 0.4 0.8 0.35 0.4 
-0.07264350591004357 0.42231009589316315 0.6806857803845201 0.55 0.9 0.2 0.85 1.0 0.4 0.8 0.8 0.55 0.2 0.05 0.1 0.65 0.05 0.2 0.1 0.2 0.8 1.0 0.35 0.9 0.85 0.95 0.55 0.9 0.75 0.7 0.55 1.0 0.8 0.95 0.6 0.3 0.7 0.35 0.7 
-0.03992946637536141 0.3375842067468374 0.4289851302832719 0.85 0.55 0.85 0.0 0.2 0.85 1.0 0.9 0.6 0.9 0.95 0.25 0.25 0.35 0.4 0.3 0.65 0.85 0.7 0.25 0.4 0.15 0.1 0.75 0.6 0.5 0.45 0.55 0.4 0.25 0.9 0.9 0.35 0.7 0.35 0.4 
-0.0005420877753605745 0.3705705064986683 0.39484726478732196 1.0 0.55 0.85 0.0 0.2 0.85 1.0 0.9 0.55 0.9 0.95 0.25 0.25 0.35 0.4 0.3 0.65 0.85 0.7 0.25 0.4 0.15 0.45 0.75 0.6 0.5 0.45 0.55 0.4 0.15 0.9 0.9 0.35 0.7 0.35 0.4 
-0.07179942838241282 0.476180887196721 0.7016729822042678 0.55 0.9 0.2 0.85 1.0 0.4 0.8 0.8 0.55 0.2 0.05 0.1 0.65 0.05 0.2 0.1 0.2 0.8 1.0 0.35 0.4 0.85 0.95 0.55 0.9 0.75 0.7 0.55 1.0 0.8 0.95 0.6 0.3 0.7 0.35 0.7 
-0.0638293326341283 0.37017186545736014 0.6715857007278887 0.45 0.95 0.2 0.8 0.0 1.0 0.8 0.65 0.55 0.15 0.4 0.15 0.5 0.6 0.25 0.0 1.0 0.0 0.8 0.15 0.55 0.45 0.05 0.9 0.9 0.6 0.2 0.7 0.45 0.75 0.95 0.75 0.65 0.5 0.6 0.85 
-0.13817572524294347 0.3594281863648353 0.6424113393143336 0.6 0.25 0.2 0.8 0.0 0.3 0.95 0.65 0.55 0.15 0.65 0.2 0.5 0.6 0.25 0.0 1.0 0.0 0.8 0.15 0.55 0.45 0.05 0.9 0.9 0.6 0.2 0.7 0.4 0.75 0.95 0.75 0.3 0.45 0.6 0.85 
-0.006768633795053322 0.6555258062343273 0.5533876528642065 0.35 0.85 0.05 0.35 0.0 0.15 0.9 0.45 0.65 0.45 0.25 0.2 0.4 0.45 0.9 0.95 0.35 0.75 1.0 0.05 0.25 0.8 0.35 0.5 1.0 0.0 0.1 0.95 0.0 0.2 0.95 0.8 0.45 0.95 0.75 0.25 
-0.003795091564137148 0.6315005795150966 0.4586783160308036 0.65 0.4 0.95 0.35 0.4 0.55 1.0 0.4 0.55 0.3 0.9 0.15 0.9 1.0 0.6 0.95 0.1 0.6 0.6 0.05 0.2 0.05 0.35 0.5 0.95 0.45 0.3 1.0 0.05 0.45 0.95 0.8 0.75 0.8 0.75 0.15 
-0.8727503276787333 0.28643380301975463 0.5722144844478501 0.85 0.45 0.95 0.3 0.95 0.4 1.0 0.7 0.5 0.65 0.9 0.4 0.65 0.4 0.7 0.95 0.2 0.95 1.0 0.35 0.4 0.85 0.95 0.55 0.5 0.75 0.7 0.7 1.0 0.65 1.0 0.8 0.55 0.7 0.35 0.35 
-0.08312474516153454 0.29361888010317727 0.5119455268281994 0.1 0.85 0.95 0.6 0.45 0.4 1.0 0.85 0.55 0.6 0.9 0.25 0.95 0.3 0.25 0.95 0.2 0.95 1.0 0.5 0.75 0.85 0.95 0.25 0.5 0.75 0.7 0.9 1.0 0.4 0.95 1.0 0.65 0.7 0.35 0.35 
-0.027151831098242825 0.3558409532510193 0.6601506475281012 0.55 0.8 0.2 0.35 1.0 0.4 0.9 0.85 0.55 0.75 0.9 0.35 0.65 0.95 0.2 0.1 0.2 0.95 0.85 0.35 0.35 0.85 1.0 0.55 0.85 0.75 0.7 0.75 0.05 0.8 0.95 0.6 0.3 0.7 0.35 0.7 
-0.47552354629493254 0.3325873734405552 0.6425893126264124 0.55 0.75 0.95 0.55 1.0 0.75 1.0 0.85 0.55 0.35 0.9 0.35 0.65 0.65 0.4 0.7 0.55 0.95 0.9 0.3 0.55 0.85 0.95 0.55 0.85 0.75 0.7 0.1 1.0 0.85 0.95 0.8 0.5 0.7 0.35 0.35 
-0.003721469072448657 0.5702525804874684 0.6898250440567046 0.65 0.4 0.5 0.3 0.4 0.95 0.25 0.45 0.15 0.45 0.35 0.25 0.4 1.0 0.6 0.0 0.35 0.75 1.0 0.1 0.25 0.7 0.35 0.5 0.75 0.0 0.45 0.95 0.0 0.2 0.95 0.8 0.45 0.8 0.75 0.25 
-0.0005479291513009984 0.6553549856778239 0.5260349807620173 0.55 0.4 0.4 0.3 0.7 0.55 1.0 0.5 0.55 0.25 0.25 0.15 0.8 1.0 0.55 0.95 0.0 0.75 0.85 0.05 0.2 0.7 0.35 0.5 0.2 0.75 0.8 0.7 0.05 0.2 0.95 0.8 0.35 0.85 0.75 0.15 
-0.036249244053660055 0.329437301593149 0.6305899288929153 0.55 0.9 0.95 0.9 0.15 0.4 1.0 0.9 0.55 0.55 0.9 0.35 0.65 0.95 0.0 0.1 0.2 0.95 1.0 0.35 0.4 0.45 0.95 0.55 0.85 0.75 0.7 0.85 1.0 0.8 0.9 0.8 0.55 0.7 0.35 0.35 
-0.06368396621444916 0.2970055340845531 0.5891054037818688 0.85 0.45 0.95 0.3 0.95 0.4 1.0 0.7 0.5 0.65 0.9 0.4 0.65 0.4 0.7 0.95 0.2 0.95 1.0 0.35 0.4 0.85 0.95 0.55 0.5 0.75 0.7 0.7 1.0 0.65 1.0 0.8 0.55 0.65 0.35 0.35 
-0.07976356194613501 0.32336899156865684 0.4491307673956248 0.1 0.85 0.95 0.6 0.45 0.4 0.95 0.85 0.55 0.6 0.9 0.25 0.95 0.4 0.85 0.95 0.2 0.95 1.0 0.5 0.4 0.95 0.95 0.25 0.9 0.75 0.7 0.7 1.0 0.4 0.55 1.0 0.65 0.7 0.35 0.35 
-0.002800874812955659 0.524872410554135 0.6901636208193196 0.35 0.85 0.05 0.35 0.0 0.8 0.9 0.6 0.15 0.4 0.35 0.2 0.4 0.3 0.6 0.95 0.35 0.75 0.7 0.05 0.25 0.85 0.35 0.5 1.0 0.0 0.45 0.95 0.0 0.2 0.95 0.8 0.45 0.95 0.75 0.25 
-0.0711061315132101 0.2935464385726666 0.570027379542721 0.1 0.65 0.95 0.45 0.45 0.4 1.0 0.7 0.55 0.6 0.9 0.25 0.65 0.4 0.0 0.1 0.2 0.95 1.0 0.35 0.4 0.85 0.95 0.55 0.85 0.75 0.7 0.7 1.0 0.65 0.85 0.8 0.55 0.7 0.35 0.35 
-0.09472459854163033 0.28891022846429415 0.5781877427466386 0.85 0.45 0.95 0.3 0.95 0.4 1.0 0.7 0.5 0.65 0.9 0.4 0.65 0.4 0.7 0.95 0.2 0.95 1.0 0.35 0.4 0.85 0.95 0.55 0.5 0.75 0.7 0.7 1.0 0.65 1.0 0.8 0.55 0.75 0.35 0.35 
-0.022671351466424208 0.6665028756896817 0.504715542558755 0.55 0.15 0.4 0.95 0.7 0.55 1.0 0.4 0.55 0.25 0.25 0.15 0.8 1.0 0.55 0.95 0.0 0.95 0.95 0.05 0.25 0.7 0.35 0.5 0.2 0.4 0.8 0.7 1.0 0.2 0.65 0.8 0.3 0.85 0.75 0.15 
-0.016554932692387937 0.6620342663085387 0.5760030112756814 0.55 0.15 0.4 0.95 0.7 0.55 1.0 0.4 0.55 0.25 0.7 0.15 0.8 1.0 0.55 0.95 0.0 0.95 0.95 0.05 0.2 0.7 0.35 0.5 0.2 0.4 0.8 0.7 1.0 0.2 0.95 0.8 0.35 0.85 0.75 0.15 
-0.0027408131432473644 0.6675638145144509 0.5969628680204101 0.65 0.4 0.95 0.6 0.4 0.55 1.0 0.4 0.5 0.3 0.65 0.15 0.85 0.7 0.6 0.95 0.1 0.6 0.85 0.05 0.2 0.8 0.35 0.5 0.8 0.45 0.3 1.0 0.05 0.5 0.95 0.8 0.75 0.55 0.75 0.05 
-0.0030251102726273267 0.5967290900227807 0.4256253640292029 0.35 1.0 0.4 0.3 0.1 0.55 0.9 0.4 0.55 0.25 0.0 0.25 0.4 0.5 0.6 0.95 0.0 0.6 0.65 0.25 0.05 0.7 0.3 0.5 0.7 0.85 0.7 0.7 0.35 1.0 0.95 0.8 0.2 1.0 0.75 0.15 
-0.005349513894629674 0.6602550533829424 0.6089348570872473 0.65 0.4 0.95 0.3 0.4 0.95 0.7 0.45 0.55 0.45 0.25 0.15 0.15 1.0 0.6 0.95 0.0 0.6 0.65 0.05 0.2 0.7 0.35 0.5 0.7 0.45 0.3 0.65 0.05 0.45 0.95 0.8 0.25 0.8 0.75 0.15 
-0.014778787109794746 0.6714315871737426 0.4652714119160532 0.65 0.4 0.95 0.6 0.4 0.55 1.0 0.4 0.55 0.2 0.9 0.1 0.4 1.0 0.6 0.95 0.1 0.6 0.6 0.05 0.2 0.8 0.35 0.5 0.85 0.45 0.3 1.0 0.05 0.45 0.65 0.8 0.75 0.8 0.75 0.15 
-0.002735138998280968 0.5142434342266643 0.7097717875145938 0.65 0.4 0.4 0.3 0.0 0.95 0.6 0.15 0.65 0.45 0.25 0.2 0.4 1.0 0.6 0.95 0.35 0.75 1.0 0.05 0.25 0.7 0.3 0.5 1.0 0.0 0.45 0.3 0.0 0.2 0.95 0.8 0.45 0.8 0.75 0.25 
-3.015434858202186 0.5057313945073374 0.7542996931383741 0.65 0.75 0.4 0.65 0.4 0.6 0.1 0.45 0.9 0.45 0.25 0.25 0.65 1.0 0.65 0.65 0.65 0.8 0.75 0.05 0.2 0.75 0.35 0.5 0.75 1.0 0.5 0.5 0.35 0.75 1.0 0.8 0.55 0.9 0.75 0.3 
-0.045590965183856656 0.6668278955291521 0.45211019552106746 0.7 0.85 0.4 0.75 0.9 0.6 1.0 0.4 0.55 0.5 0.25 0.15 0.4 0.6 0.1 0.4 0.1 0.6 0.6 0.65 0.95 0.8 0.3 0.5 0.15 0.75 0.3 0.65 0.05 0.65 0.95 0.8 0.2 1.0 0.75 0.15 
-0.16077164512839048 0.2984665764903073 0.4768728538603026 0.45 0.9 0.95 0.45 0.45 0.4 1.0 0.85 0.55 0.6 0.9 0.25 0.95 0.4 0.0 0.1 0.2 0.95 1.0 0.35 0.4 0.85 0.95 0.4 0.85 0.45 0.7 0.55 0.25 0.4 0.95 1.0 0.55 0.75 0.35 0.35 
-0.0051047604688587 0.630187863332885 0.4267320385478853 0.7 0.4 0.4 0.1 0.1 0.65 0.95 0.4 0.55 0.5 0.95 0.15 0.65 1.0 0.15 0.75 0.0 0.3 0.6 0.65 0.55 0.8 0.3 0.25 0.85 0.95 0.3 0.6 0.95 0.6 0.95 0.8 0.2 1.0 0.75 0.15 
-0.035345321018317354 0.28829921666497027 0.5428210269626823 0.1 0.5 0.95 0.6 0.45 0.4 0.95 0.85 0.55 0.6 0.9 0.25 0.95 0.7 0.85 0.95 0.2 0.95 1.0 0.3 0.45 0.95 0.95 0.25 0.9 0.75 0.65 0.15 1.0 0.4 0.95 1.0 0.65 0.7 0.35 0.35 
-0.001258305665217794 0.6234306956206049 0.6695514593412569 0.35 0.85 0.05 0.35 0.0 0.15 0.65 0.45 0.65 0.45 0.25 0.2 0.4 0.45 0.9 0.95 0.35 0.75 1.0 0.05 0.25 0.8 0.35 0.5 1.0 0.0 0.45 0.95 0.0 0.2 0.6 0.8 0.45 0.95 0.75 0.25 
-13.175659326550315 0.4508383084284062 0.3653848963263086 1.0 0.55 0.05 0.0 0.2 0.85 1.0 0.9 0.55 0.9 0.95 0.25 0.25 0.35 0.75 0.3 0.65 0.8 0.65 0.1 0.95 0.15 0.45 0.2 0.6 0.5 0.35 0.85 0.4 0.15 0.65 0.9 0.35 0.7 0.35 0.4 
-0.031280813625522104 0.683495874914264 0.4454880634980174 0.65 0.4 0.95 0.35 0.4 0.55 1.0 0.4 0.55 0.3 0.9 0.15 0.4 1.0 0.6 0.95 0.1 0.6 0.65 0.05 0.2 0.75 0.35 0.5 0.95 0.45 0.3 1.0 0.05 0.45 0.95 0.8 0.75 0.8 0.75 0.15 
-0.021048654151303733 0.6818465849971312 0.5962320638767731 0.55 0.95 0.25 0.35 0.7 0.55 0.9 0.4 0.5 0.3 0.25 0.1 0.8 1.0 1.0 0.95 0.0 0.95 0.95 0.05 0.25 0.85 0.35 0.5 1.0 0.9 0.85 0.95 1.0 0.3 0.95 0.8 0.4 0.85 0.75 0.15 
-0.030908585574729253 0.5173246530676527 0.7158339529363107 0.65 0.75 0.4 0.65 0.4 0.6 0.1 0.45 0.9 0.45 0.25 0.25 0.65 1.0 0.65 0.65 0.65 0.8 0.75 0.05 0.2 0.75 0.35 0.5 0.75 1.0 0.5 0.5 0.35 0.75 1.0 0.8 0.55 0.75 0.75 0.3 
-0.0019823971408394407 0.6623909053467684 0.6573266526757717 0.35 0.85 0.05 0.35 0.0 0.15 0.65 0.45 0.65 0.4 0.25 0.2 0.4 0.3 0.9 0.95 0.35 0.75 0.9 0.05 0.25 0.85 0.35 0.5 1.0 0.0 0.45 0.95 0.0 0.2 0.95 0.8 0.45 0.95 0.75 0.25 
-0.02370902249686278 0.6013256216046804 0.403874796389669 0.7 0.4 0.4 0.3 0.1 0.55 0.95 0.4 0.55 0.25 0.25 0.15 0.4 1.0 0.6 0.95 0.0 0.6 0.65 0.1 0.15 0.8 0.3 0.5 0.3 0.75 0.3 0.7 0.95 0.55 0.95 0.8 0.2 1.0 0.75 0.15 
-0.007921700308627771 0.6858580229461968 0.5466392243727781 0.55 0.15 0.4 0.95 0.7 0.3 1.0 0.4 0.55 0.25 0.25 0.15 0.75 1.0 0.55 0.25 0.4 0.95 0.95 0.05 0.25 0.7 0.35 0.5 1.0 0.4 0.8 0.7 1.0 0.2 0.95 0.8 0.55 1.0 0.75 0.15 
-0.0055540774521212815 0.6642697594562545 0.6302179733264862 0.65 0.4 0.05 0.35 0.0 0.25 0.9 0.45 0.65 0.35 0.25 0.2 0.4 0.45 0.9 0.95 0.35 0.5 1.0 0.05 0.25 0.7 0.35 0.5 0.7 0.0 0.45 0.95 0.0 0.2 0.95 0.8 0.45 0.95 0.75 0.2 
-1.2870681593124922 0.5052293129004498 0.7389726347595624 0.65 0.75 0.4 0.95 0.4 0.6 0.1 0.45 0.9 0.45 0.25 0.25 0.65 1.0 0.65 0.65 0.65 0.8 0.75 0.05 0.2 0.75 0.35 0.5 0.75 1.0 0.5 0.5 0.35 0.75 1.0 0.8 0.55 0.8 0.75 0.3 
-0.00339185820558329 0.6913300192384306 0.6020857041034289 0.55 0.15 0.4 0.95 0.7 0.55 0.95 0.4 0.55 0.35 0.25 0.15 0.8 1.0 0.55 0.95 0.0 0.95 0.95 0.05 0.25 0.7 0.35 0.5 1.0 0.4 0.8 0.85 1.0 0.2 0.95 0.8 0.3 0.85 0.75 0.15 
-0.07722921154351091 0.6659885358137398 0.41991282197380986 0.65 0.4 0.95 0.6 0.85 0.55 1.0 0.4 0.55 0.2 0.9 0.15 0.35 1.0 0.6 0.6 0.1 0.6 0.25 0.05 0.2 0.8 0.35 0.5 0.85 0.45 0.25 0.95 0.05 0.7 0.95 0.8 0.75 0.8 0.75 0.15 
-0.32209270803236334 0.6272328238189581 0.7061274566074061 0.35 0.85 0.05 0.35 0.0 0.15 0.65 0.45 0.65 0.45 0.25 0.2 0.4 0.45 0.9 0.95 0.35 0.75 1.0 0.05 0.25 0.95 0.35 0.5 1.0 0.0 0.45 0.95 0.0 0.2 0.95 0.8 0.45 1.0 0.75 0.25 
-0.008943874863642575 0.6885351206343526 0.5573424885292013 0.55 0.95 0.25 0.2 0.7 0.55 0.9 0.4 0.5 0.35 0.25 0.1 0.8 1.0 1.0 0.95 0.0 0.95 0.95 0.05 0.25 0.95 0.35 0.5 1.0 1.0 0.95 0.55 1.0 0.4 0.95 0.8 0.3 0.85 0.75 0.15 
-0.004833141879287857 0.57485831033334 0.39518419005321354 0.7 0.4 0.4 0.3 0.1 0.55 0.95 0.4 0.55 0.25 0.25 0.15 0.4 1.0 0.6 0.95 0.0 0.6 0.65 0.3 0.15 0.8 0.3 0.5 0.3 0.75 0.3 0.7 0.95 0.55 0.95 0.8 0.2 1.0 0.75 0.15 
-0.00822924038435781 0.6934944176692487 0.5619787433935295 0.55 0.15 0.3 0.05 0.7 0.3 1.0 0.4 0.55 0.45 0.25 0.15 0.75 1.0 0.55 0.25 0.4 0.95 0.95 0.05 0.25 0.7 0.35 0.5 0.5 0.4 0.8 0.7 1.0 0.2 0.95 0.8 0.35 1.0 0.75 0.1 
-0.2419286253958751 0.5544083856330133 0.7289665949336303 0.35 0.85 0.05 0.35 0.0 0.15 0.2 0.45 0.65 0.45 0.3 0.2 0.85 0.95 0.9 0.95 0.35 0.75 1.0 0.05 0.25 0.8 0.35 0.5 1.0 0.0 0.45 0.95 0.0 0.2 1.0 0.8 0.45 0.95 0.8 0.25 
-0.1304968847961429 0.6789697369643206 0.520803114349281 0.55 0.45 0.15 0.95 0.7 0.55 1.0 0.4 0.5 0.25 0.7 0.15 0.8 1.0 0.55 0.95 0.0 0.95 0.95 0.05 0.2 0.7 0.35 0.5 0.2 0.4 0.75 0.7 1.0 0.2 0.95 0.8 0.35 0.85 0.75 0.0 
-0.03229867198187622 0.5846343688423828 0.41360636653921956 0.65 0.3 0.5 0.35 0.4 0.55 1.0 0.4 0.55 0.55 0.9 0.15 0.5 1.0 0.6 0.5 0.35 0.6 0.6 0.2 0.0 0.8 0.35 0.5 0.85 0.6 0.3 1.0 0.4 0.75 1.0 0.8 0.75 0.8 0.75 0.15 
-0.16683546412959693 0.5595516472026874 0.6938371649022517 0.65 0.4 0.5 0.85 0.4 0.95 0.65 0.45 0.0 0.45 0.35 0.25 0.4 1.0 0.6 0.0 0.35 0.75 1.0 0.1 0.25 0.7 0.35 0.5 0.75 0.0 0.45 0.95 0.0 0.2 0.95 0.8 0.45 1.0 0.75 0.25 
-0.055793244840348366 0.5991605741786478 0.6971461307735718 0.65 0.4 0.05 0.35 0.0 0.25 0.9 0.45 0.65 0.45 0.25 0.2 0.4 0.45 0.9 0.95 0.35 0.75 1.0 0.05 0.25 0.7 0.35 0.5 1.0 0.0 0.45 0.95 0.0 0.2 0.95 0.8 0.45 0.95 0.75 0.25 
-0.11947589107943839 0.6471006300791999 0.43404586908755344 0.7 0.85 0.75 0.75 0.9 0.6 1.0 0.4 0.55 0.5 0.15 0.15 0.35 0.6 0.05 0.4 0.1 0.6 0.6 0.15 0.95 0.8 0.3 0.5 0.65 0.75 0.3 0.65 0.95 0.65 0.95 0.8 0.2 1.0 0.75 0.15 
-0.14600966636439866 0.5423650921171412 0.7253199210697728 0.65 0.4 0.4 0.3 0.5 0.25 0.15 0.15 0.65 0.45 0.25 0.1 0.4 1.0 0.6 0.95 0.35 0.75 1.0 0.05 0.25 0.7 0.3 0.5 1.0 0.0 0.45 0.95 0.0 0.2 0.95 0.8 0.45 0.8 0.75 0.25 
-0.5240361984396206 0.5486810648054521 0.3939792603399621 0.7 0.4 0.4 0.75 0.1 0.6 0.95 0.4 0.55 0.5 0.25 0.15 0.4 1.0 0.75 0.4 0.0 0.6 0.6 0.65 0.15 0.8 0.3 0.5 0.45 0.75 0.3 0.7 0.95 0.6 0.95 0.8 0.2 1.0 0.75 0.15 
-0.13774174915913392 0.63710722560175 0.6911199626531331 0.35 0.85 0.05 0.35 0.0 0.15 0.65 0.45 0.65 0.45 0.25 0.2 0.4 0.45 0.9 0.95 0.35 0.75 1.0 0.05 0.25 0.8 0.35 0.5 1.0 0.0 0.45 0.95 0.0 0.2 0.95 0.8 0.45 0.95 0.75 0.25 
-0.0868829420273197 0.6760366025465067 0.5041864293225548 0.55 0.15 0.4 0.95 0.7 0.55 1.0 0.4 0.55 0.25 0.25 0.15 0.8 1.0 0.55 0.95 0.0 0.95 0.95 0.05 0.25 0.7 0.35 0.5 0.2 0.4 0.8 0.7 1.0 0.2 0.8 0.8 0.3 0.85 0.75 0.15 
-0.040707057345347596 0.5014150372876816 0.7256109013903498 0.65 0.4 0.05 0.35 0.0 0.1 0.9 0.9 0.65 0.45 0.25 0.2 0.4 0.45 0.9 0.95 0.35 0.75 1.0 0.05 0.25 0.7 0.35 0.5 0.7 0.0 0.45 0.95 0.0 0.2 0.95 0.8 0.45 0.95 0.75 0.25 
-0.1538162115856851 0.7061693929131984 0.5026416664355042 0.65 0.4 0.95 0.6 0.4 0.55 1.0 0.4 0.5 0.3 0.65 0.15 0.85 0.7 0.6 0.95 0.1 0.6 0.85 0.05 0.2 0.8 0.35 0.5 0.8 0.45 0.3 1.0 0.05 0.5 0.95 0.8 0.75 0.95 0.75 0.05 
-0.00322903999243384 0.6886638523358505 0.462620454430758 0.65 0.4 0.95 0.6 0.4 0.55 1.0 0.4 0.55 0.2 0.9 0.15 0.4 1.0 0.6 0.95 0.1 0.6 0.6 0.05 0.2 0.8 0.35 0.5 0.85 0.45 0.3 1.0 0.05 0.45 0.95 0.8 0.75 0.8 0.75 0.15 
-0.007773377909192594 0.5133359447659315 0.7337105996119793 0.8 0.4 0.85 0.95 0.7 0.15 0.65 0.95 0.6 0.45 0.4 0.2 0.4 0.05 0.9 0.95 0.95 1.0 1.0 0.05 0.25 1.0 0.35 0.5 1.0 0.0 0.45 0.9 0.0 0.2 0.75 0.8 0.45 0.75 0.75 0.25 
-0.08050520920702206 0.6654064619861224 0.6779749935546755 0.35 0.85 0.05 0.35 0.0 0.15 0.9 0.45 0.65 0.45 0.25 0.05 0.4 0.45 0.9 0.95 0.35 0.75 1.0 0.05 0.25 0.8 0.35 0.5 1.0 0.0 0.45 0.95 0.0 0.2 1.0 0.8 0.45 0.95 0.8 0.25 
-0.08836805235260957 0.6035842998621543 0.3885980460836493 0.65 0.4 0.95 0.6 0.4 0.55 1.0 0.4 0.55 0.2 0.9 0.15 0.25 1.0 0.6 0.95 0.1 0.6 0.6 0.35 0.2 0.8 0.35 0.7 0.85 0.45 0.3 1.0 0.05 0.8 1.0 0.8 0.75 0.75 0.75 0.15 
-0.06285314937622033 0.31804729962513445 0.6351251547114776 0.55 0.9 0.95 0.45 1.0 0.4 1.0 0.85 0.55 0.55 0.9 0.35 0.65 0.95 0.0 0.1 0.2 0.95 1.0 0.35 0.4 0.85 0.95 0.55 0.85 0.75 0.7 0.3 1.0 0.8 0.95 0.6 0.3 0.7 0.35 0.35 
-0.0945607196157182 0.3080625336544156 0.6064446323511884 0.55 0.7 0.2 0.45 1.0 0.4 1.0 0.85 0.55 0.55 0.9 0.25 0.65 0.35 0.2 0.1 0.2 0.95 1.0 0.35 0.4 0.75 1.0 0.55 0.85 0.75 0.7 0.3 1.0 0.8 0.95 0.6 0.3 0.7 0.35 0.7 
-0.29341971962697555 0.4619606555957892 0.6981181698634452 0.55 0.9 0.2 0.45 1.0 0.4 1.0 0.85 0.55 0.55 0.05 0.35 0.65 0.95 0.2 0.6 0.2 0.35 1.0 0.35 0.65 0.8 0.95 0.55 0.85 0.75 0.7 0.75 1.0 0.8 0.85 0.6 0.3 0.7 0.35 0.7 
-0.0030424312235883813 0.40301304313790987 0.3804750488345049 1.0 0.55 0.35 0.85 0.2 0.85 1.0 0.9 0.55 0.9 0.95 0.25 0.1 0.35 0.4 0.3 0.65 0.85 0.75 0.8 0.6 0.15 0.45 0.85 0.6 0.5 0.45 0.85 0.4 0.15 0.95 0.9 0.35 0.75 0.35 0.4 
-0.027740423377276533 0.625667009251566 0.39047671242194476 0.75 0.05 0.5 0.6 0.4 0.7 1.0 0.4 0.55 0.2 0.9 0.15 0.65 1.0 0.6 0.5 0.35 0.6 0.6 0.2 0.0 0.8 0.35 0.5 1.0 0.45 0.3 0.8 0.05 0.8 0.95 0.8 0.7 0.8 0.75 0.15 
-0.781762490265594 0.5672857686576183 0.38231801050303926 0.7 0.4 0.4 0.75 0.1 0.6 0.95 0.4 0.55 0.5 0.25 0.15 0.4 1.0 0.75 0.4 0.0 0.6 0.6 0.65 0.15 0.8 0.3 0.5 0.9 0.75 0.3 0.7 0.95 0.6 0.95 0.8 0.2 1.0 0.75 0.15 
-0.05473473627933806 0.6950560900708352 0.5332376145144911 0.55 0.15 0.4 0.05 0.7 0.3 1.0 0.4 0.55 0.25 0.25 0.15 0.75 1.0 0.55 0.25 0.4 0.95 0.95 0.05 0.25 0.7 0.35 0.5 0.5 0.4 0.8 0.7 1.0 0.2 0.95 0.8 0.35 1.0 0.75 0.1 
-0.05309884871833762 0.6271161092154178 0.39841614724850816 0.75 0.05 0.5 0.6 0.4 0.7 1.0 0.4 0.55 0.15 0.9 0.15 0.65 1.0 0.6 0.5 0.35 0.6 0.6 0.2 0.0 0.8 0.35 0.5 1.0 0.45 0.3 0.8 0.05 0.8 0.95 0.8 0.7 0.8 0.75 0.15 
-0.027931126038718196 0.6777170867357541 0.6321838150901605 0.65 0.4 0.05 0.35 0.0 0.25 0.9 0.45 0.65 0.45 0.25 0.2 0.4 0.45 0.9 0.95 0.35 0.75 1.0 0.05 0.25 0.7 0.35 0.5 0.7 0.0 0.45 0.95 0.0 0.2 0.95 0.8 0.45 0.95 0.75 0.25 
-5.269842137692551 0.42337331296814984 0.37026368910774066 1.0 0.55 0.35 0.0 0.2 0.85 1.0 0.9 0.55 0.9 0.95 0.25 0.1 0.35 0.4 0.3 0.65 0.85 0.75 0.8 0.6 0.15 0.45 0.5 0.6 0.5 0.45 0.85 0.4 0.15 0.95 0.9 0.35 0.75 0.35 0.4 
-0.311401419927748 0.44805453377864346 0.7119124352785793 0.55 0.9 0.2 0.45 1.0 0.4 1.0 0.85 0.55 0.55 0.05 0.35 0.65 0.95 0.2 0.6 0.2 0.35 1.0 0.35 0.65 0.85 0.95 0.55 0.85 0.75 0.7 0.75 1.0 0.8 0.85 0.6 0.3 0.7 0.35 0.7 
-0.6909965420897135 0.5234640859754368 0.7654242754759579 0.65 0.4 0.4 0.95 0.05 0.15 0.8 0.95 0.6 0.4 0.3 0.2 0.4 0.3 0.9 0.95 0.95 1.0 1.0 0.05 0.25 1.0 0.35 0.5 1.0 0.0 0.45 0.9 0.0 0.3 0.95 0.8 0.45 0.75 0.75 0.25 
-5.012911987067255 0.5898561433731635 0.3769694155571895 0.7 0.4 0.4 0.1 0.1 0.65 0.95 0.4 0.55 0.5 0.95 0.15 0.65 1.0 0.75 0.4 0.0 0.3 0.6 0.65 0.55 0.8 0.3 0.5 0.85 0.95 0.3 0.6 0.95 0.6 0.95 0.8 0.2 1.0 0.75 0.15 
-0.2039109530472951 0.5769009761608552 0.7148901224348174 0.35 0.85 0.8 0.2 0.0 0.15 0.6 0.45 0.65 0.45 0.3 0.2 0.85 0.95 0.9 0.95 0.35 0.75 1.0 0.05 0.25 0.8 0.35 0.5 1.0 0.0 0.45 0.95 0.0 0.2 1.0 0.8 0.45 0.95 0.8 0.25 
-0.04263540511294266 0.6863998876514414 0.6630670926710003 0.35 0.85 0.05 0.35 0.0 0.15 0.9 0.45 0.65 0.45 0.25 0.2 0.4 0.45 0.9 0.95 0.35 0.75 1.0 0.05 0.25 0.8 0.35 0.5 1.0 0.0 0.45 0.9 0.0 0.2 0.95 0.8 0.45 0.95 0.75 0.25 
-3.356203705414495 0.4151000777272533 0.3688861003541286 1.0 0.55 0.05 0.0 0.2 0.85 1.0 0.9 0.55 0.9 0.95 0.25 0.1 0.35 0.4 0.3 0.65 0.85 0.75 0.8 0.6 0.15 0.45 0.3 0.6 0.5 0.45 0.85 0.4 0.15 0.95 0.9 0.35 0.75 0.35 0.4 
-0.00656296346461498 0.642131614787065 0.3907669159401993 0.75 0.05 0.5 0.6 0.4 0.7 1.0 0.4 0.55 0.2 0.9 0.15 0.5 1.0 0.6 0.5 0.35 0.6 0.6 0.2 0.0 0.8 0.35 0.5 1.0 0.45 0.3 0.85 0.05 0.8 0.95 0.8 0.75 0.8 0.75 0.15 
-0.028882140003843336 0.6869826823332197 0.6100355399671491 0.55 0.15 0.4 0.95 0.7 0.55 0.95 0.4 0.55 0.35 0.25 0.15 0.85 1.0 0.55 0.95 0.0 0.95 0.95 0.05 0.25 0.7 0.35 0.5 0.85 0.4 0.8 0.7 1.0 0.2 0.95 0.8 0.3 0.85 0.75 0.15 
-0.4265303298782028 0.5671893405366794 0.7343277164034276 0.65 0.4 0.4 0.3 0.0 0.25 0.85 0.05 0.65 0.45 0.25 0.2 0.4 1.0 0.6 0.95 0.35 0.75 1.0 0.05 0.25 0.7 0.35 0.5 1.0 0.0 0.45 0.95 0.0 0.2 0.95 0.8 0.45 0.8 0.75 0.25 
-1.4561200572369182 0.37855787219510123 0.36442094626654953 1.0 0.55 0.85 0.0 0.2 0.85 1.0 0.9 0.55 0.9 0.95 0.25 0.25 0.35 0.4 0.3 0.65 0.85 0.55 0.25 0.25 0.0 0.45 0.75 0.7 0.5 0.45 0.55 0.4 0.25 0.95 0.9 0.35 0.7 0.35 0.4 
-0.1334925361649058 0.36902131183142894 0.3807205042672319 0.1 0.7 1.0 0.6 0.45 0.4 1.0 0.85 0.45 0.6 0.9 0.25 0.95 0.4 0.85 0.95 0.2 0.95 1.0 0.3 0.2 0.95 0.95 0.25 0.65 0.75 0.7 0.7 1.0 0.5 0.15 1.0 0.65 0.7 0.35 0.35 
-1.4572047348016692 0.7047782534844298 0.5531744971772223 0.55 0.2 0.4 0.95 0.7 0.55 1.0 0.5 0.6 0.15 0.3 0.15 0.85 1.0 0.9 0.95 0.6 0.75 0.9 0.05 0.2 0.7 0.35 0.5 0.75 0.4 0.8 0.7 0.05 0.2 0.95 0.8 0.35 0.85 0.75 0.2 
-9.953558152255939 0.45006062422038196 0.7473695167536615 0.55 0.9 0.2 0.45 1.0 0.4 1.0 0.85 0.55 0.55 0.05 0.35 0.65 0.95 0.2 0.1 0.2 0.95 1.0 0.35 0.65 0.85 0.95 0.55 0.85 0.75 0.7 0.75 0.05 0.85 0.85 0.6 0.3 0.7 0.35 0.7 
-22.39891178570507 0.48600104195484894 0.35564711017910067 0.6 0.55 0.05 0.7 0.2 0.85 1.0 0.9 0.55 0.9 0.95 0.25 1.0 0.75 0.8 0.2 0.2 0.85 0.9 0.8 0.4 0.1 0.85 0.2 0.75 0.55 0.25 0.85 0.4 0.25 0.9 0.9 0.3 0.8 0.35 0.4 
-0.06859455492992854 0.6828228887146627 0.673039231427722 0.35 0.85 0.05 0.35 0.0 0.15 0.9 0.45 0.65 0.45 0.3 0.2 0.85 0.95 0.9 0.95 0.35 0.75 1.0 0.05 0.25 0.8 0.35 0.5 1.0 0.0 0.45 0.95 0.0 0.2 1.0 0.8 0.45 0.95 0.8 0.25 
-0.2980503030262557 0.6752427603696629 0.6867153757463733 0.35 0.85 0.05 0.35 0.0 0.15 0.85 0.45 0.65 0.45 0.25 0.2 0.4 0.45 0.9 0.95 0.35 0.75 1.0 0.05 0.25 0.8 0.35 0.5 1.0 0.0 0.45 0.95 0.0 0.2 1.0 0.8 0.45 0.95 0.8 0.25 
-0.035499599679938564 0.6112426160943388 0.7214585749109496 0.65 0.75 0.4 0.65 0.4 0.6 0.1 0.45 0.9 0.45 0.25 0.25 0.65 1.0 0.65 0.65 0.65 0.8 0.75 0.05 0.2 0.75 0.35 0.5 0.75 1.0 0.5 0.5 0.35 0.5 1.0 0.8 0.55 0.9 0.75 0.5 
-0.6742187535616466 0.699465997252754 0.4190581846177883 0.65 0.4 0.95 0.6 0.4 0.55 1.0 0.4 0.55 0.3 0.9 0.15 0.4 1.0 0.3 0.65 0.1 0.6 0.6 0.05 0.2 0.75 0.35 0.5 0.95 0.45 0.3 1.0 0.05 0.75 0.95 0.8 0.75 0.85 0.75 0.15 
-0.12954583072143674 0.5418413740867868 0.7568400873663337 0.65 0.4 0.85 0.95 0.7 0.15 0.65 0.9 0.6 0.45 0.3 0.2 0.4 0.3 0.9 0.95 0.95 1.0 1.0 0.05 0.25 1.0 0.35 0.5 1.0 0.0 0.45 0.9 0.0 0.2 1.0 0.8 0.45 0.75 0.75 0.25 
-0.03332643846903066 0.6754328118609161 0.403616804620957 0.65 0.4 0.95 0.6 0.85 0.55 1.0 0.4 0.55 0.3 0.9 0.15 0.35 1.0 0.6 0.6 0.1 0.3 0.25 0.05 0.2 0.8 0.35 0.5 0.85 0.45 0.25 0.95 0.05 0.7 0.95 0.8 0.75 0.8 0.75 0.15 
-0.03710348076273523 0.6716593948293067 0.4106095992468515 0.65 0.4 0.95 0.6 0.4 0.55 1.0 0.4 0.55 0.2 0.9 0.15 0.35 1.0 0.6 0.6 0.1 0.6 0.25 0.05 0.2 0.8 0.35 0.5 0.85 0.45 0.25 1.0 0.05 0.7 0.95 0.8 0.75 0.8 0.75 0.15 
-0.13801364670905056 0.44304118736461184 0.7050854513132789 0.55 0.9 0.2 0.45 1.0 0.4 1.0 0.85 0.55 0.55 0.05 0.35 0.65 0.95 0.2 0.6 0.2 0.35 1.0 0.35 0.65 0.85 0.95 0.55 0.85 0.75 0.7 0.75 1.0 0.8 0.7 0.6 0.3 0.7 0.35 0.7 
-7.723026283454997 0.5786705270316517 0.374461356175415 0.65 0.4 0.95 0.6 0.4 0.55 1.0 0.4 0.55 0.3 0.9 0.15 0.4 1.0 0.75 0.65 0.1 0.6 0.6 0.7 0.2 0.75 0.35 0.5 0.95 0.45 0.3 1.0 0.05 0.75 0.95 0.8 0.75 0.85 0.75 0.15 
-0.7052819469670156 0.7116528698296827 0.43918816923636483 0.65 0.4 0.95 0.85 0.5 0.55 1.0 0.4 0.5 0.3 0.9 0.15 0.4 1.0 0.6 0.95 0.1 0.6 0.75 0.05 0.25 0.8 0.35 0.5 0.95 0.45 0.3 0.95 0.05 0.75 0.9 0.8 0.75 1.0 0.75 0.15 
-0.45724339173265266 0.42828236434298317 0.7469410429036506 0.55 0.6 0.2 0.45 1.0 0.4 1.0 0.85 0.55 0.55 0.05 0.35 0.65 0.4 0.2 0.25 0.4 0.95 1.0 0.35 0.5 0.85 0.95 0.55 0.85 0.75 0.7 0.75 0.0 0.8 0.9 0.6 0.3 0.7 0.35 0.7 
-10.913751928735014 0.4183339131857108 0.3458491466476032 0.25 0.6 0.5 0.0 0.65 0.85 1.0 0.9 0.55 0.85 0.95 0.25 0.25 0.0 0.15 0.7 0.15 0.7 0.15 0.8 0.75 0.25 0.45 0.2 1.0 0.45 0.25 0.7 0.4 0.25 1.0 0.85 0.6 0.75 0.3 0.4 
-9.20518307440634 0.45655584598490034 0.7343760812330737 0.55 0.9 0.2 0.45 1.0 0.4 1.0 0.85 0.55 0.55 0.05 0.35 0.65 0.95 0.2 0.1 0.2 0.95 1.0 0.35 0.65 0.85 0.95 0.55 0.85 0.75 0.7 0.75 0.05 0.8 0.85 0.6 0.3 0.7 0.35 0.7 
-0.043836104619942126 0.41702779344411445 0.693864934529928 0.55 0.9 0.2 0.45 0.0 0.4 0.6 0.85 0.55 0.55 0.05 0.35 0.65 0.95 0.2 0.1 0.2 0.95 1.0 0.35 0.4 0.85 0.95 0.55 0.85 0.75 0.7 0.75 1.0 0.8 0.75 0.6 0.3 0.7 0.35 0.7 
-12.83169236471203 0.3965888505981442 0.34296946275093343 0.25 0.6 0.5 0.0 0.65 0.85 1.0 0.9 0.55 0.85 0.95 0.25 0.25 0.0 0.3 0.3 0.9 0.7 0.45 0.8 0.95 0.85 0.45 0.3 0.65 0.5 0.25 0.8 0.4 0.25 0.9 0.85 0.6 0.75 0.35 0.4 
-0.17887405472636 0.7046371159178342 0.6113718912912496 0.55 0.95 0.25 0.2 0.7 0.55 0.9 0.4 0.5 0.3 0.25 0.1 0.8 1.0 1.0 0.95 0.0 0.95 0.95 0.05 0.25 0.85 0.35 0.5 1.0 1.0 0.85 0.55 1.0 0.4 0.95 0.8 0.3 0.85 0.75 0.15 
-0.0676216863570329 0.7124987930454745 0.4776739422597346 0.65 0.4 1.0 0.55 0.4 0.55 1.0 0.4 0.55 0.3 0.9 0.0 0.4 0.95 0.6 0.95 0.1 0.6 0.85 0.05 0.25 0.95 0.35 0.5 0.95 0.45 0.3 0.65 0.05 0.75 0.9 0.8 0.75 0.9 0.75 0.15 
-22.038921271050505 0.6119958653289486 0.3619909450567501 0.7 0.4 0.4 0.75 0.1 0.25 0.95 0.4 0.55 0.5 0.25 0.15 0.4 1.0 0.75 0.4 0.0 0.2 0.6 0.65 0.15 0.8 0.3 0.5 0.8 0.75 0.3 0.7 0.95 0.7 0.95 0.8 0.2 0.8 0.75 0.15 
-1.1862197929209595 0.5794631829887443 0.7517014762165868 0.8 0.4 0.85 0.95 0.7 0.15 0.65 0.95 0.7 0.45 0.4 0.2 0.4 0.05 0.9 0.95 0.95 1.0 1.0 0.05 0.25 1.0 0.35 0.5 1.0 0.0 0.45 0.9 0.0 0.2 0.75 0.85 0.55 0.75 0.75 0.25 
-0.22051219223778737 0.43033350980445234 0.7177657739745716 0.55 0.6 0.2 0.45 1.0 0.4 1.0 0.85 0.55 0.55 0.05 0.35 0.65 0.95 0.2 0.1 0.2 0.95 1.0 0.35 0.5 0.85 0.95 0.55 0.85 0.75 0.7 0.75 0.05 0.8 0.85 0.6 0.3 0.3 0.35 0.7 
-0.17124618426785843 0.6137522766806116 0.7228415610795698 0.35 0.85 0.05 0.35 0.2 0.15 0.65 0.45 0.65 0.45 0.25 0.2 0.4 0.55 0.9 0.95 0.35 0.75 1.0 0.05 0.25 0.8 0.35 0.5 1.0 0.0 0.45 0.85 0.0 0.2 0.95 0.8 0.45 0.7 0.75 0.25 
-16.155764133493104 0.5278015674537022 0.36823481957692283 0.7 0.4 0.4 0.3 1.0 0.55 1.0 0.4 0.5 0.25 0.25 0.25 0.4 1.0 0.95 0.95 0.0 0.6 0.65 0.6 0.65 0.8 0.3 0.5 0.45 0.75 0.1 0.7 0.95 0.7 0.3 0.05 0.45 1.0 0.75 0.15 
-0.5239303215528495 0.2988009626783561 0.6523921721160891 0.55 0.9 0.7 0.75 1.0 0.4 1.0 0.8 0.55 0.55 0.9 0.15 0.05 0.95 0.2 0.45 0.2 0.35 0.95 0.35 0.4 0.75 0.95 0.55 0.85 0.75 0.7 0.7 1.0 0.8 1.0 0.6 0.3 0.7 0.35 0.7 
-0.619243112309911 0.6907007746937964 0.4091357195734105 0.65 0.4 0.95 0.6 0.4 0.55 1.0 0.4 0.55 0.3 0.9 0.15 0.4 1.0 0.3 0.65 0.1 0.6 0.5 0.05 0.2 0.75 0.35 0.5 0.95 0.45 0.3 1.0 0.05 0.75 0.95 0.8 0.75 0.85 0.75 0.15 
-16.004301936866845 0.5363327661722603 0.36901994164354235 0.7 0.4 0.85 0.3 1.0 0.55 1.0 0.4 0.5 0.3 0.25 0.25 0.75 0.15 0.45 0.0 0.65 0.9 0.45 0.6 0.65 0.8 0.3 0.5 0.6 1.0 0.0 0.55 0.95 0.7 0.65 0.05 0.45 1.0 0.75 0.15 
-142.29237936535728 0.47299505274431186 0.750999251051164 0.85 0.4 0.4 0.95 0.05 0.15 0.9 0.95 0.6 0.4 0.3 0.2 0.2 0.3 0.9 0.95 1.0 1.0 1.0 0.05 0.25 1.0 0.35 0.5 1.0 0.0 0.45 0.9 0.0 0.3 0.4 0.95 0.45 0.75 0.75 0.25 
-17.65583068766719 0.4034352880252115 0.3345001833372142 0.25 0.6 0.5 0.0 0.95 0.85 1.0 0.9 0.55 0.8 0.95 0.25 0.25 0.0 0.15 0.3 0.9 0.85 0.7 0.8 0.95 0.25 0.45 0.3 0.6 0.5 0.25 0.65 0.4 0.25 0.9 0.85 0.6 0.75 0.3 0.4 
-3.0521223162275355 0.6449205117595266 0.7114505043026125 0.35 0.95 0.05 0.35 0.0 0.15 0.9 0.45 0.65 0.45 0.8 0.2 0.4 0.45 0.9 0.95 0.35 0.75 1.0 0.05 0.25 0.8 0.35 0.5 1.0 0.0 0.45 0.95 0.0 0.2 1.0 0.8 0.45 0.95 0.8 0.25 
-0.4275074356253788 0.525992504215962 0.7744875717331652 0.65 0.4 0.85 0.95 0.0 0.15 0.65 0.95 0.6 0.45 0.3 0.2 0.4 0.3 0.9 0.95 0.95 1.0 1.0 0.05 0.25 1.0 0.35 0.5 1.0 0.0 0.45 0.9 0.0 0.2 0.95 0.8 0.4 0.75 0.75 0.25 
-2.4895643335637008 0.6585090945759667 0.38854224375057694 0.65 0.05 0.5 0.6 0.4 0.55 1.0 0.4 0.55 0.35 0.9 0.15 0.5 1.0 0.6 0.5 0.35 0.6 0.6 0.2 0.0 0.8 0.35 0.5 0.85 0.45 0.3 0.8 0.05 0.8 1.0 0.8 0.75 0.8 0.75 0.15 
-0.04750416085533409 0.7061340293222174 0.5828286452205145 0.55 0.95 0.25 0.2 0.7 0.55 0.9 0.4 0.5 0.3 0.25 0.1 0.8 1.0 1.0 0.95 0.2 0.95 0.95 0.05 0.25 0.95 0.35 0.5 1.0 1.0 0.85 0.95 1.0 0.4 0.95 0.8 0.3 0.85 0.75 0.15 
-0.20107811074355744 0.70438320964527 0.5133965113202541 0.65 0.4 0.95 0.6 0.4 0.55 1.0 0.4 0.5 0.3 0.65 0.15 0.85 0.7 0.6 0.95 0.1 0.6 0.85 0.05 0.2 0.8 0.35 0.5 0.85 0.45 0.3 1.0 0.05 0.5 0.95 0.8 0.75 0.95 0.75 0.05 
-14.529850413006194 0.4340411745302042 0.3429871417389482 1.0 0.05 0.05 0.0 0.2 0.85 1.0 0.9 0.55 0.9 0.95 0.25 0.25 0.35 0.75 0.1 0.65 0.85 0.65 0.05 0.95 0.15 0.45 0.2 0.6 0.5 0.45 0.85 0.4 0.15 0.95 0.9 0.65 0.7 0.35 0.4 
-0.7317036885365246 0.630033658113122 0.377039546266896 0.65 0.4 0.95 0.6 0.4 0.55 1.0 0.4 0.55 0.3 0.9 0.15 0.4 1.0 0.6 0.65 0.1 0.6 0.6 0.05 0.2 0.8 0.35 0.6 0.95 0.45 0.3 1.0 0.05 0.75 0.7 0.8 0.75 0.75 0.75 0.15 
-0.015160535610060895 0.31133206749880526 0.6768352157021194 0.55 0.2 0.95 0.45 0.2 0.4 0.95 0.8 0.55 0.8 0.9 0.15 0.65 0.95 0.2 0.1 0.2 0.95 1.0 0.35 0.6 0.85 0.95 0.55 0.95 0.75 0.7 0.75 1.0 0.8 0.95 0.6 0.2 0.75 0.35 0.7 
-0.08247364717881873 0.34474826787174484 0.40994045551474534 1.0 0.55 0.85 0.0 0.2 0.85 1.0 0.9 0.6 0.9 0.95 0.25 0.25 0.35 0.4 0.3 0.65 0.85 0.7 0.25 0.4 0.15 0.45 0.3 0.6 0.5 0.45 0.55 0.4 0.25 0.9 0.9 0.35 0.7 0.35 0.4 
-0.7991136777096326 0.34777501183607296 0.3783406639919231 0.1 0.7 1.0 0.6 0.45 0.05 1.0 0.85 0.45 0.6 0.9 0.25 0.95 0.4 0.35 0.95 0.2 0.95 1.0 0.3 0.2 0.95 0.95 0.25 0.65 0.75 0.7 0.7 1.0 0.55 0.5 1.0 0.65 0.7 0.35 0.35 
-19.25341167772003 0.4256524483324573 0.3308347227449834 0.25 0.6 0.9 0.0 0.5 0.85 1.0 0.9 0.55 0.85 0.95 0.25 0.25 0.0 0.15 0.3 0.9 0.7 0.9 0.8 0.9 0.25 0.45 0.65 0.6 0.5 0.25 0.8 0.4 0.25 1.0 0.85 0.6 0.75 0.35 0.4 
-8.026647972135235 0.5567195069395185 0.8066558978147158 0.65 0.4 0.85 0.95 0.0 0.15 0.65 0.95 0.6 0.45 0.3 0.2 0.4 0.3 0.9 0.95 0.95 1.0 1.0 0.05 0.25 1.0 0.35 0.5 1.0 0.0 0.45 0.9 0.0 0.2 0.95 0.8 0.45 0.75 0.75 0.25 
-0.9326411439606208 0.7126296701256654 0.5639567121319566 0.35 0.3 0.05 0.35 0.0 0.15 0.9 0.45 0.65 0.45 0.8 0.2 0.4 0.45 0.9 0.95 0.35 0.75 0.2 0.05 0.25 0.8 0.35 0.5 1.0 0.0 0.45 0.95 0.0 0.2 1.0 0.8 0.45 0.95 0.8 0.25 
-18.591185837347112 0.552846110751526 0.35827573911792887 0.7 0.4 0.85 0.3 1.0 0.55 1.0 0.4 0.5 0.3 0.25 0.25 0.75 0.15 0.95 0.0 0.65 0.9 0.45 0.6 0.65 0.8 0.3 0.5 0.45 0.8 0.0 0.75 0.95 0.7 0.65 0.05 0.45 1.0 0.75 0.15 
-0.09983799449407955 0.28885442547314244 0.46317756717717773 0.1 0.85 0.95 0.6 0.45 0.4 1.0 0.85 0.55 0.6 0.9 0.25 0.95 0.4 0.25 0.95 0.2 0.95 1.0 0.55 0.55 0.95 0.95 0.25 0.9 0.75 0.7 0.9 1.0 0.4 0.95 1.0 0.65 0.7 0.35 0.35 
-1.6082208029898584 0.577632322232682 0.7656838444838066 0.8 0.4 0.85 0.95 0.7 0.15 0.65 0.95 0.7 0.45 0.4 0.2 0.4 0.05 0.9 0.95 0.95 1.0 1.0 0.05 0.25 1.0 0.35 0.5 1.0 0.0 0.45 0.9 0.0 0.2 0.75 0.85 0.45 0.75 0.75 0.25 
-0.23041719230880026 0.29982114244829927 0.4180887442972933 0.1 0.7 1.0 0.6 0.45 0.4 1.0 0.85 0.45 0.6 0.9 0.25 0.95 0.4 0.85 0.95 0.2 0.95 1.0 0.35 0.2 0.95 0.95 0.25 0.65 0.75 0.7 0.7 1.0 0.4 0.95 1.0 0.65 0.7 0.35 0.35 
-0.24936246885788788 0.3382440770954046 0.6852381030988767 0.55 0.9 0.95 0.45 1.0 0.4 1.0 0.8 0.55 0.4 0.9 0.15 0.05 0.95 0.2 0.45 0.2 0.35 0.95 0.35 0.4 0.75 0.95 0.55 0.85 0.75 0.7 0.7 1.0 0.8 0.95 0.6 0.3 0.7 0.35 0.7 
-0.05617382566322588 0.27877675717989436 0.4779690727666548 0.1 0.5 0.95 0.6 0.45 0.4 1.0 0.85 0.55 0.6 0.9 0.25 0.95 0.7 0.85 0.95 0.2 0.95 1.0 0.2 0.45 0.95 0.95 0.25 0.9 0.75 0.65 0.15 1.0 0.4 0.95 1.0 0.65 0.7 0.35 0.35 
-21.28729335855524 0.42024835202476346 0.31022052853284976 0.25 0.6 0.5 0.0 0.65 0.85 1.0 0.9 0.55 0.85 0.95 0.25 0.25 0.0 0.15 0.7 0.15 0.7 0.8 0.8 0.75 0.25 0.45 0.2 1.0 0.45 0.25 0.7 0.4 0.25 1.0 0.85 0.6 0.75 0.3 0.4 
-1.5476928331299955 0.28775777325354457 0.4324775497104537 0.1 0.85 0.95 0.6 0.45 0.4 1.0 0.85 0.55 0.6 0.9 0.25 0.95 0.4 0.25 0.95 0.2 0.95 1.0 0.55 0.4 0.95 0.95 0.25 0.9 0.75 0.7 0.9 1.0 0.4 0.95 1.0 0.65 0.7 0.35 0.35 
-0.010109307892672422 0.28297922495034966 0.5115937544065292 0.1 0.85 0.95 1.0 0.45 0.4 1.0 0.85 0.55 0.6 0.9 0.25 0.95 0.3 0.25 0.95 0.2 0.95 1.0 0.5 0.75 0.85 0.95 0.25 0.8 0.75 0.7 0.9 1.0 0.4 0.9 1.0 0.65 0.7 0.35 0.35 
-21.922447911837615 0.48127338595694963 0.3493975704050157 0.6 0.55 0.05 0.7 0.2 0.95 1.0 0.9 0.55 0.9 0.95 0.25 1.0 0.75 0.8 0.2 0.95 0.85 0.9 0.8 0.4 0.1 0.4 0.85 0.75 0.55 0.25 0.85 0.4 0.25 0.9 0.9 0.45 0.8 0.35 0.4 
-21.836878087550154 0.44089392854358944 0.32764726825912416 0.25 0.6 0.5 0.3 0.65 1.0 1.0 0.9 0.6 0.9 0.95 0.25 0.25 0.95 0.3 0.3 0.9 0.3 0.45 0.7 0.7 0.25 0.45 0.3 0.6 0.45 0.25 0.8 0.4 0.25 0.9 0.85 0.7 0.85 0.35 0.4 
-0.7695543818664018 0.30454386989561955 0.40524527992766274 0.45 0.7 1.0 0.05 0.45 0.4 0.95 0.85 0.45 0.6 0.9 0.25 0.95 0.4 0.85 0.95 0.2 0.95 1.0 0.3 0.2 0.95 0.95 0.25 0.65 0.75 0.7 0.7 1.0 0.4 0.95 1.0 0.65 0.7 0.35 0.35 
-3.8532508162394046 0.2688517665015362 0.49329779897656467 0.1 0.85 0.95 0.6 0.45 0.4 1.0 0.85 0.55 0.6 0.9 0.25 0.95 0.4 0.3 0.95 0.2 0.95 1.0 0.3 0.6 0.95 0.95 0.25 0.9 0.75 0.7 0.7 1.0 0.4 0.95 1.0 0.5 0.7 0.35 0.35 
-0.33247065366575074 0.5462029390942446 0.7812974325145952 0.65 0.4 0.85 0.55 0.0 0.15 0.65 0.95 0.65 0.45 0.3 0.2 0.4 0.3 0.9 0.95 0.95 1.0 1.0 0.05 0.25 1.0 0.35 0.5 1.0 0.0 0.45 0.9 0.0 0.2 0.95 0.8 0.45 0.75 0.75 0.25 
-26.314086873571444 0.44433618697886695 0.308798521460773 0.25 0.6 0.5 0.0 0.65 1.0 1.0 0.9 0.55 0.9 0.95 0.25 0.25 0.0 0.15 0.3 0.9 0.3 0.6 0.85 0.95 0.25 0.45 0.3 0.6 0.5 0.25 0.8 0.4 0.25 0.9 0.85 0.6 0.75 0.35 0.4 
-1.8910788418235034 0.2747133652678415 0.5258874304507799 0.1 0.85 0.95 0.6 0.45 0.4 1.0 0.85 0.55 0.6 0.9 0.25 0.95 0.7 0.85 0.75 0.55 0.95 1.0 0.3 0.6 0.95 0.95 0.25 1.0 0.75 0.65 0.25 1.0 0.4 1.0 1.0 0.65 0.7 0.35 0.35 
-0.716755549246581 0.7141924693598494 0.4433023815446891 0.65 0.4 0.95 0.85 0.5 0.55 1.0 0.4 0.5 0.3 0.9 0.15 0.4 1.0 0.6 0.95 0.1 0.6 0.85 0.05 0.25 0.8 0.35 0.5 0.95 0.45 0.3 0.95 0.05 0.75 0.9 0.8 0.75 1.0 0.75 0.15 
-152.32962986544598 0.41916073975546936 0.7585383285974989 0.65 0.4 0.4 0.95 0.0 0.15 0.65 0.95 0.6 0.4 0.3 0.2 0.4 0.3 0.9 0.95 0.95 1.0 1.0 0.05 0.25 1.0 0.35 0.5 1.0 0.0 0.45 0.9 0.0 0.2 0.95 0.8 0.45 0.75 0.75 0.25 
-25.286898220781207 0.4621891390859307 0.33613894659976784 0.25 0.6 0.5 0.3 0.65 1.0 1.0 0.9 0.6 0.9 0.95 0.25 0.55 0.95 0.3 0.95 0.9 0.3 0.45 0.7 0.95 0.25 0.45 0.3 0.6 0.45 0.25 0.8 0.4 0.25 0.9 0.85 0.7 0.6 0.35 0.4 
-0.22315432567775156 0.34350689296439996 0.6989322622379638 0.55 0.9 0.95 0.45 1.0 0.4 0.95 0.8 0.55 0.4 0.9 0.15 0.05 0.95 0.2 0.45 0.2 0.35 0.95 0.35 0.4 0.75 0.95 0.55 0.85 0.75 0.7 0.7 1.0 0.8 0.95 0.6 0.3 0.7 0.35 0.7 
-5.299329938801007 0.33272195847307606 0.6972731454701973 0.55 0.9 0.95 0.45 1.0 0.4 1.0 0.8 0.55 0.55 0.9 0.15 0.05 0.95 0.2 0.45 0.2 0.35 0.95 0.35 0.4 0.85 0.95 0.55 0.85 0.75 0.7 0.7 1.0 0.8 0.95 0.6 0.3 0.7 0.35 0.7 
-0.272130174867301 0.35899668427840226 0.7052141239782337 0.55 0.8 0.95 0.45 0.2 0.7 0.95 0.8 0.55 0.4 0.9 0.15 0.65 0.95 0.2 0.1 0.2 0.95 1.0 0.35 0.45 0.85 0.95 0.55 0.95 0.75 0.7 0.75 1.0 0.8 0.95 0.6 0.2 0.75 0.35 0.7 
-0.09795070471210286 0.38899700754719935 0.7042947987030758 0.55 0.9 0.2 0.45 1.0 0.4 1.0 0.85 0.55 0.55 0.05 0.35 0.65 0.95 0.2 0.1 0.2 0.95 1.0 0.35 0.4 0.4 0.95 0.55 1.0 0.75 0.7 0.3 1.0 0.65 0.95 0.6 0.3 0.7 0.35 0.6 
-163.60909475899356 0.4473029266620209 0.7509089893128098 0.35 0.85 0.05 0.35 0.0 0.15 0.75 0.4 0.05 0.45 0.25 0.2 0.4 0.45 0.9 0.95 0.35 0.75 1.0 0.05 0.25 0.8 0.35 0.5 1.0 0.0 0.45 0.95 0.0 0.2 0.95 0.8 0.45 0.9 0.75 0.25 
-1.3826941980211764 0.5409750490845197 0.7954735617817987 0.65 0.4 0.85 0.95 0.0 0.15 0.7 0.95 0.6 0.45 0.3 0.25 0.4 0.3 0.9 0.1 0.85 0.7 1.0 0.05 0.25 1.0 0.35 0.5 1.0 0.0 0.45 0.9 0.0 0.2 0.95 0.8 0.45 0.75 0.75 0.25 
-27.60722204071993 0.4243177973955248 0.2835730366654893 0.25 0.6 0.5 0.0 0.65 0.85 1.0 0.9 0.55 0.85 0.95 0.25 0.25 0.0 0.15 0.3 0.15 0.7 0.65 0.8 0.75 0.25 0.45 0.2 0.6 0.5 0.25 0.7 0.4 0.25 0.9 0.85 0.65 0.75 0.3 0.4 
-24.379301333534436 0.40776510913903347 0.297728953067117 0.25 0.65 0.5 0.0 0.65 0.85 1.0 0.9 0.55 0.85 0.95 0.25 0.25 0.0 0.15 0.3 0.15 0.7 0.65 0.8 0.75 0.25 0.45 0.2 0.6 0.5 0.25 0.7 0.4 0.25 0.95 0.85 0.6 0.75 0.3 0.4 
-22.989121932043197 0.3863764961166665 0.3088843924656324 0.25 0.6 0.5 0.0 0.65 0.85 1.0 0.9 0.55 0.85 0.95 0.25 0.25 0.0 0.15 0.7 0.15 0.7 0.65 0.8 0.75 0.25 0.45 0.2 1.0 0.5 0.25 0.7 0.4 0.25 1.0 0.85 0.6 0.75 0.3 0.4 
-5.4488931356938375 0.6174233741197177 0.7926815909633612 0.35 0.95 0.05 0.35 0.0 0.15 0.9 0.1 0.65 0.45 0.65 0.2 0.4 0.45 0.9 0.95 0.5 0.75 1.0 0.05 0.25 0.8 0.35 0.5 1.0 0.0 0.45 0.95 0.0 0.2 1.0 0.8 0.45 0.95 0.8 0.25 
-7.960637704243495 0.2799484593033894 0.4201677216981966 0.1 0.85 0.95 0.2 0.45 0.4 1.0 0.85 0.55 0.6 0.9 0.25 0.95 0.4 0.25 0.95 0.2 0.95 1.0 0.5 0.4 0.95 0.95 0.25 0.9 0.75 0.7 0.9 1.0 0.4 0.95 1.0 0.55 0.7 0.35 0.35 
-3.158349282642686 0.5944849184134534 0.7587824250513889 0.35 0.85 0.05 0.75 0.0 0.15 0.9 0.95 0.3 0.45 0.35 0.2 0.35 0.45 1.0 0.95 0.35 0.2 1.0 0.05 0.25 0.8 0.35 0.5 1.0 0.0 0.45 0.85 0.0 0.2 0.95 0.8 0.45 0.95 0.75 0.25 
-0.24574658793581583 0.4031562142128212 0.7101796585909194 0.55 0.9 0.2 0.45 0.0 0.4 0.7 0.85 0.55 0.55 0.05 0.35 0.65 0.95 0.2 0.1 0.2 0.95 1.0 0.35 0.4 0.85 0.95 0.55 0.85 0.75 0.7 0.75 1.0 0.8 0.75 0.6 0.3 0.7 0.35 0.7 
-1.7663029022728989 0.6096595326572507 0.75730027579383 0.35 0.95 0.95 0.35 0.0 0.15 0.9 0.1 0.65 0.45 0.65 0.25 0.4 0.45 0.9 0.95 0.5 0.75 1.0 0.05 0.25 0.8 0.35 0.5 1.0 0.0 0.45 0.95 0.0 0.2 1.0 0.8 0.45 0.95 0.8 0.25 
-16.2484418535963 0.2586197047300324 0.5060173150256285 0.1 0.85 0.95 0.6 0.45 0.4 1.0 0.85 0.55 0.6 0.9 0.25 0.95 0.7 0.85 0.75 0.2 0.95 1.0 0.3 0.4 0.95 0.95 0.25 1.0 0.75 0.65 0.25 1.0 0.4 1.0 1.0 0.65 0.7 0.35 0.35 
-0.36830551328663474 0.7090578030021522 0.6463673724302852 0.55 0.95 0.25 0.35 0.7 0.55 0.9 0.4 0.5 0.3 0.25 0.1 0.8 1.0 1.0 0.95 0.0 0.95 0.95 0.05 0.25 0.85 0.35 0.5 1.0 1.0 0.85 0.95 1.0 0.3 0.95 0.8 0.4 0.85 0.75 0.15 
-18.638963355929572 0.6320693997897416 0.7744103643471594 0.35 0.95 0.05 0.35 0.0 0.1 0.9 0.1 0.65 0.45 0.65 0.2 0.4 0.45 0.9 0.95 0.5 0.75 1.0 0.05 0.25 0.8 0.35 0.5 1.0 0.0 0.45 0.95 0.0 0.2 0.8 0.8 0.35 0.95 0.8 0.25 
-158.3608427727122 0.49167801310396975 0.7815382343670061 0.65 0.4 0.4 0.9 0.05 1.0 0.8 0.95 0.6 0.4 0.3 0.2 0.4 0.3 0.9 0.95 0.95 1.0 1.0 0.05 0.25 1.0 0.35 0.5 1.0 0.0 0.45 0.9 0.0 0.25 0.95 0.8 0.45 0.75 0.75 0.25 
-0.21882223638607443 0.37424491318308284 0.7221025046638152 0.55 0.9 0.2 0.45 1.0 0.4 1.0 0.85 0.55 0.75 0.9 0.35 0.65 0.95 0.2 0.1 0.2 0.95 0.85 0.35 0.4 0.85 1.0 0.55 0.85 0.75 0.7 0.75 0.05 0.8 0.95 0.6 0.3 0.7 0.35 0.7 
-3.2058774959631067 0.5111719066649723 0.780391765880152 0.65 0.4 0.85 0.95 0.0 0.15 0.7 0.95 0.6 0.45 0.3 0.2 0.4 0.3 0.9 0.95 0.85 1.0 1.0 0.05 0.25 0.6 0.35 0.5 1.0 0.0 0.45 0.9 0.0 0.2 0.95 0.8 0.45 0.75 0.75 0.25 
-5.12159808984436 0.709955680492239 0.6529205572393317 0.55 0.95 0.25 0.2 0.7 0.55 0.9 0.4 0.5 0.35 0.25 0.15 0.8 1.0 0.55 0.95 0.0 0.95 0.95 1.0 0.25 1.0 0.35 0.5 1.0 1.0 0.85 0.65 1.0 0.65 0.95 0.8 0.3 0.85 0.75 0.15 
-149.07890448760014 0.4765272512196588 0.7829416660276798 0.65 0.4 0.4 0.95 0.0 0.15 0.65 0.95 0.6 0.4 0.3 0.2 0.4 0.3 0.9 0.95 0.95 1.0 1.0 0.05 0.25 1.0 0.35 0.5 1.0 0.0 0.45 0.9 0.0 0.3 0.95 0.8 0.45 0.75 0.65 0.25 
-11.591642983194987 0.2861099025563335 0.6008770406870532 0.65 0.45 0.95 0.25 0.45 0.4 1.0 0.7 0.5 0.6 0.9 0.4 0.65 0.4 0.0 0.95 0.2 0.95 1.0 0.35 0.4 0.85 0.95 0.55 0.05 0.75 0.7 0.7 1.0 0.6 1.0 0.8 0.55 0.7 0.35 0.35 
-2.1259604910697796 0.5426456466727334 0.8127795398313036 0.65 0.4 0.4 0.95 0.0 0.9 0.65 0.95 0.6 0.4 0.3 0.2 0.4 0.55 0.9 0.95 0.95 1.0 1.0 0.05 0.25 1.0 0.35 0.5 1.0 0.0 0.45 0.9 0.0 0.3 0.95 0.8 0.45 0.75 0.75 0.25 
-6.609596694550122 0.3700158159422752 0.35959047485043677 1.0 0.55 0.85 0.0 0.2 0.85 1.0 0.9 0.55 0.9 0.95 0.25 0.25 0.35 0.4 0.3 0.65 0.85 0.7 0.25 0.4 0.0 0.45 0.75 0.7 0.5 0.45 0.55 0.4 0.25 0.95 0.9 0.35 0.7 0.35 0.4 
-7.776482239771971 0.567153761234652 0.792110668948502 0.65 0.4 0.4 0.95 0.05 0.15 0.9 0.95 0.65 0.4 0.3 0.2 0.2 0.3 0.9 0.95 1.0 1.0 1.0 0.05 0.25 1.0 0.35 0.5 1.0 0.0 0.45 0.9 0.0 0.3 0.95 0.8 0.45 0.75 0.75 0.25 
-8.546461602479926 0.29594682817627294 0.39907822462780657 0.1 0.65 0.95 0.6 0.45 0.4 1.0 0.85 0.55 0.6 0.9 0.25 0.95 0.4 0.25 0.95 0.2 0.9 1.0 0.55 0.4 0.95 0.95 0.25 0.9 0.75 0.7 0.9 1.0 0.65 0.9 1.0 0.65 0.7 0.35 0.35 
-5.2250915196111505 0.3026790617725599 0.3866806595071577 0.1 0.85 0.95 0.35 0.45 0.4 1.0 0.85 0.55 0.6 0.9 0.25 0.95 0.4 0.25 0.95 0.2 0.7 1.0 0.55 0.4 0.95 0.95 0.25 0.9 0.75 0.7 0.9 1.0 0.65 0.95 1.0 0.5 0.7 0.35 0.35 
-0.43116673434592817 0.32787437205107683 0.38396456364507064 0.1 0.85 0.95 0.6 0.45 0.45 1.0 0.85 0.55 0.6 0.9 0.25 0.1 0.4 0.25 0.95 0.2 0.7 1.0 0.55 0.4 0.95 0.95 0.25 0.9 0.75 0.7 0.9 1.0 0.65 0.7 1.0 0.8 0.7 0.35 0.35 
-0.08679785797197494 0.2948669028574944 0.6378937583565358 0.55 0.9 0.95 0.45 1.0 0.4 1.0 0.8 0.55 0.55 0.9 0.15 0.05 0.95 0.2 0.45 0.2 0.35 0.95 0.35 0.4 0.75 0.95 0.55 0.85 0.75 0.7 0.7 1.0 0.8 0.95 0.6 0.3 0.7 0.35 0.7 
-9.0497556876866 0.5521253898997541 0.8202458215893778 0.65 0.4 0.4 0.95 0.0 0.15 0.9 0.95 0.65 0.4 0.3 0.2 0.2 0.3 0.9 0.95 1.0 1.0 1.0 0.05 0.25 1.0 0.35 0.5 1.0 0.0 0.45 0.9 0.0 0.3 0.9 0.8 0.45 0.75 0.75 0.25 
-16.237639184572544 0.640265489697736 0.746281073762062 0.35 0.95 0.05 0.35 0.0 0.1 0.9 0.1 0.45 0.45 0.65 0.2 0.4 0.45 0.9 0.95 0.5 0.75 1.0 0.05 0.25 0.8 0.35 0.5 1.0 0.0 0.45 0.95 0.0 0.2 0.8 0.8 0.35 0.95 0.8 0.25 
-6.179781935085749 0.7286112681987651 0.6121474503641402 0.55 0.15 0.25 0.85 0.7 0.55 0.9 0.4 0.5 0.35 0.3 0.15 0.8 1.0 0.55 0.95 0.0 0.95 0.95 1.0 0.25 1.0 0.35 0.6 1.0 1.0 0.85 0.55 1.0 0.65 0.95 0.8 0.3 0.85 0.75 0.15 
-27.38985948424333 0.3734152070094249 0.33206584756973534 0.25 0.6 0.5 0.0 0.65 0.85 1.0 0.9 0.55 0.85 0.95 0.25 0.25 0.0 0.15 0.7 0.15 0.4 0.65 0.6 0.75 0.25 0.45 0.2 1.0 0.5 0.25 0.7 0.4 0.25 1.0 0.85 0.6 0.75 0.3 0.4 
-6.352747927117649 0.2716234481887888 0.45708673587089477 0.1 0.7 0.75 0.6 0.45 0.4 1.0 0.85 0.45 0.6 0.9 0.25 0.95 0.4 0.85 0.95 0.2 0.95 1.0 0.35 0.4 1.0 0.95 0.25 0.65 0.75 0.7 0.7 1.0 0.4 0.95 1.0 0.65 0.7 0.35 0.35 
-5.926052597863106 0.3048193995565023 0.6905439835949809 0.55 0.2 0.95 0.45 0.2 0.7 0.95 0.8 0.55 0.8 0.9 0.15 0.65 0.95 0.2 0.1 0.2 0.95 1.0 0.35 0.45 0.85 0.95 0.55 0.95 0.75 0.7 0.75 1.0 0.8 0.95 0.6 0.2 0.75 0.35 0.7 
-3.0306935768538104 0.400653242461832 0.7392082537253168 0.55 0.6 0.3 0.45 1.0 0.4 1.0 0.85 0.55 0.55 0.05 0.35 0.65 0.4 0.45 0.25 0.4 0.95 1.0 0.35 0.4 0.85 0.95 0.55 0.85 0.75 0.7 0.75 0.0 0.8 0.9 0.6 0.3 0.75 0.35 0.7 
-7.860075310371366 0.2687234422166457 0.4388895023248353 0.1 0.7 0.75 0.6 0.45 0.4 1.0 0.85 0.45 0.6 0.9 0.25 0.95 0.4 0.85 0.95 0.2 0.95 1.0 0.35 0.4 1.0 0.95 0.25 0.65 0.75 0.7 0.7 1.0 0.7 0.95 1.0 0.65 0.7 0.35 0.35 
-0.02008829907244956 0.7215208433594441 0.45625163700789056 0.65 0.4 0.95 0.85 0.5 0.55 1.0 0.4 0.5 0.3 0.9 0.15 0.4 1.0 0.6 0.95 0.1 0.6 0.85 0.05 0.25 0.8 0.35 0.5 0.95 0.45 0.3 0.95 0.05 0.75 0.95 0.8 0.75 1.0 0.75 0.15 
-2.530596894670422 0.38889574776556785 0.7328665050891834 0.55 0.8 0.2 0.45 1.0 0.4 0.9 0.85 0.55 0.75 0.9 0.35 0.65 0.95 0.2 0.1 0.2 0.95 0.85 0.35 0.4 0.85 1.0 0.55 0.85 0.75 0.7 0.75 0.05 0.8 0.95 0.6 0.3 0.7 0.35 0.7 
