-0.03401727799372398 0.5195042326734352 0.5386103683468259 0.2 0.7 0.4 0.4 0.45 0.95 0.95 0.9 0.65 0.4 0.2 0.55 0.1 0.2 0.7 0.0 0.8 0.1 0.15 0.15 1.0 0.35 0.2 0.45 0.95 0.5 0.25 0.05 0.75 0.2 0.9 0.75 0.25 0.8 0.35 0.2 
-0.009141630016580677 0.4808859174067646 0.5054411169649436 0.3 0.4 0.25 0.7 0.8 0.4 0.7 0.55 0.75 0.4 0.75 0.95 0.9 0.75 0.25 0.35 0.35 0.8 0.95 0.7 0.1 0.55 0.75 1.0 0.5 0.5 0.45 0.85 0.85 0.8 0.55 0.55 0.2 0.5 0.0 0.9 
-0.035933190250833545 0.48472763253798895 0.5134955812224881 0.85 0.1 0.2 0.5 0.8 0.75 0.75 0.1 0.6 0.8 0.95 0.25 0.85 0.3 0.15 0.95 0.3 0.95 0.85 0.25 0.35 0.45 0.85 0.55 0.95 1.0 0.75 1.0 1.0 0.85 0.6 0.2 0.7 0.8 0.7 0.45 
-0.015611110484651075 0.5067385630960644 0.5165612160958988 0.4 0.85 0.05 0.35 0.75 0.2 1.0 0.75 0.4 0.9 0.95 0.2 0.25 0.95 0.7 0.4 0.9 0.55 0.8 0.35 0.4 1.0 0.6 0.6 0.85 0.55 0.5 0.25 0.05 0.85 0.7 0.9 0.25 0.05 0.8 0.7 
-0.0025580000256223527 0.5182314117566966 0.49691472734627684 0.3 0.6 0.8 0.0 0.05 0.6 0.3 0.35 0.45 0.3 0.95 0.3 0.65 0.15 0.7 0.7 0.5 0.9 0.1 0.15 0.95 0.8 0.4 0.2 0.6 0.6 0.85 0.65 0.75 0.65 0.6 0.8 0.2 0.1 0.35 0.15 
-0.003565753513999553 0.5288431088730988 0.5076827911541175 0.3 0.6 0.8 0.0 0.0 0.6 0.3 0.25 0.45 0.3 0.95 0.3 0.65 0.15 0.7 0.7 0.5 0.9 0.1 0.15 0.95 0.8 0.4 0.2 0.6 0.6 0.85 0.65 0.75 0.65 0.6 0.9 0.8 0.1 0.35 0.15 
-0.008499116739624663 0.5409458581313029 0.5275251537171268 0.7 0.7 1.0 0.25 0.7 0.6 0.1 0.35 0.45 0.9 0.95 0.3 0.25 0.15 0.7 0.8 0.9 0.9 0.5 0.15 0.15 0.9 0.4 0.45 0.4 0.6 0.4 0.3 0.6 0.85 0.9 0.85 0.1 0.5 0.35 0.55 
-0.005574882113177185 0.5437757830705152 0.49592777178302666 0.3 0.6 0.8 0.0 0.05 0.6 0.3 0.35 0.45 0.3 0.95 0.3 0.65 0.15 0.7 0.7 0.5 0.9 0.1 0.15 0.95 0.8 0.4 0.6 0.6 0.6 0.85 0.65 0.8 0.65 0.6 0.8 0.2 0.1 0.35 0.15 
-0.14931144968034407 0.502318840901391 0.4786869871644538 1.0 0.15 0.5 0.5 0.05 0.25 1.0 0.4 0.55 0.7 0.25 0.75 0.1 0.2 0.25 0.65 0.4 0.65 0.9 0.7 0.65 0.75 0.55 0.6 0.5 0.45 0.25 0.9 1.0 0.45 0.45 0.95 0.65 0.75 0.6 0.0 
-0.0027187115739871997 0.4734716985661368 0.4629827610756727 1.0 0.15 0.8 0.3 0.25 0.25 1.0 0.4 0.55 0.9 0.65 0.75 0.2 0.5 0.25 0.9 0.4 0.65 0.8 0.7 0.55 0.75 0.65 0.6 0.35 0.7 0.6 1.0 0.45 0.25 0.9 0.95 0.65 0.75 0.5 0.0 
-0.00896258587802294 0.46712003894315784 0.5076661882572157 0.05 0.85 0.85 0.35 0.75 0.9 0.9 0.8 0.95 0.8 0.95 0.25 0.15 0.5 0.8 0.65 0.9 0.95 0.95 0.35 0.5 0.5 0.7 0.6 1.0 0.55 0.5 0.45 1.0 0.45 0.95 0.9 0.5 0.9 0.8 0.85 
-0.01293151908593409 0.4678608546013507 0.5513246981425839 0.7 0.3 0.4 0.35 0.6 0.05 0.9 0.75 0.4 0.9 1.0 0.1 0.15 0.4 0.7 0.4 0.25 0.75 0.75 0.35 0.6 0.5 0.95 0.6 0.95 0.55 0.5 0.15 0.05 0.1 0.9 0.5 0.5 0.95 0.8 0.85 
-0.06003872623761018 0.5100431323359824 0.5454954844655753 0.0 0.7 0.4 0.4 0.45 0.95 0.95 0.0 0.65 0.4 0.0 0.55 0.1 0.2 0.7 0.0 0.8 0.0 0.15 0.15 1.0 0.35 0.4 0.45 0.95 0.5 0.25 0.2 0.75 0.2 0.9 0.75 0.15 0.8 0.35 0.2 
-0.010435024586806169 0.43198650887532924 0.5041273100838206 0.2 0.6 0.2 0.85 0.2 0.85 0.85 0.6 0.35 0.5 0.6 0.15 0.85 0.15 0.7 0.6 0.4 0.55 0.9 0.65 0.25 0.2 0.9 0.55 0.7 0.45 0.65 0.45 0.85 0.35 0.7 0.35 0.3 0.6 0.2 0.6 
-0.001275940934717934 0.46505457032871655 0.5224014364086376 0.25 0.55 0.1 0.6 0.9 0.3 0.65 0.8 0.85 0.35 0.4 0.75 0.6 0.15 0.9 1.0 0.35 0.6 0.65 0.05 0.0 0.35 0.9 0.15 1.0 0.75 0.6 0.55 0.65 0.6 0.65 0.1 0.95 0.2 0.3 0.7 
-0.0005338809839007118 0.5679022839563383 0.5438944978550201 0.25 0.95 0.6 0.25 0.85 0.55 0.15 0.35 0.6 0.75 0.3 0.55 0.55 0.15 1.0 0.35 0.4 0.8 0.95 0.85 0.7 0.8 0.6 0.35 0.9 0.55 0.95 0.2 0.4 0.4 0.85 0.85 0.5 0.35 0.15 0.7 
-0.010563101214660767 0.4566177278008303 0.4608785211290709 0.05 0.5 0.8 0.65 0.55 0.25 1.0 0.4 0.55 0.9 0.7 0.75 0.4 0.2 0.25 0.9 0.4 0.65 0.95 0.75 0.1 0.9 0.55 0.6 0.35 0.5 0.25 1.0 0.45 0.45 0.9 0.95 0.65 0.75 0.5 0.0 
-0.008432398844768747 0.5569360487543792 0.5832753233924607 0.9 0.2 0.6 1.0 0.4 0.8 0.8 0.35 0.6 0.4 0.25 0.55 0.55 0.15 0.45 0.45 0.45 0.65 0.15 0.85 0.75 0.8 0.0 0.35 0.75 0.55 0.85 0.65 0.4 0.05 0.95 0.85 0.45 0.4 0.2 0.2 
-0.10731617600693441 0.5044536292809246 0.6064818614696006 0.05 0.95 0.6 0.55 0.85 0.55 0.15 0.15 0.6 0.4 0.3 0.55 0.55 0.9 1.0 0.35 0.45 1.0 0.95 0.85 0.7 0.8 0.0 0.35 0.9 0.1 0.6 0.35 0.4 0.4 0.85 0.85 0.5 0.6 0.15 0.95 
-0.008221946298710517 0.5698184979809868 0.521972693317235 0.9 0.95 0.6 0.9 0.15 0.55 0.6 0.5 0.6 0.75 0.35 0.55 0.35 0.15 0.85 0.45 0.45 1.0 1.0 1.0 0.95 0.85 0.2 0.35 0.9 0.55 0.7 0.85 0.7 0.4 0.45 0.85 0.5 0.4 0.1 0.2 
-0.021664648826813068 0.4201011110577108 0.5179425200127604 0.25 0.55 0.1 0.6 0.25 0.3 0.65 0.8 0.3 0.25 0.4 0.75 0.6 0.15 0.9 1.0 0.35 0.6 0.65 0.05 0.9 0.35 0.9 0.15 1.0 0.75 0.6 0.55 0.65 0.6 0.65 0.45 0.15 0.15 0.25 0.7 
-0.0037729525805295515 0.5533201426999885 0.5181611023960376 0.45 0.4 0.15 0.75 0.45 0.45 0.3 0.35 0.25 0.8 0.95 0.3 0.35 0.2 0.65 0.65 0.75 0.85 0.85 0.15 0.15 0.7 0.4 0.45 0.95 0.7 1.0 0.05 0.75 0.0 0.9 0.85 0.35 0.8 0.35 0.2 
-0.0041825676447169126 0.5838004497618187 0.4733349024256104 0.0 0.7 0.6 0.75 0.45 0.95 0.9 0.35 0.35 0.55 1.0 0.3 0.1 0.05 0.05 0.8 0.75 0.2 0.5 0.15 0.15 0.7 0.4 0.55 0.95 0.05 0.8 0.1 0.75 0.85 0.9 0.25 0.85 0.0 0.35 0.2 
-0.005916966877070827 0.553274533041902 0.5082430054189327 0.35 0.7 0.75 0.25 0.25 0.25 1.0 0.15 0.3 0.9 0.25 0.75 0.4 0.5 0.0 0.9 0.7 0.4 1.0 0.0 0.65 0.6 0.65 0.6 0.4 0.25 0.65 1.0 0.45 0.45 0.9 0.95 0.65 0.5 0.45 0.0 
-0.0011580016205816291 0.4379419199739439 0.5324891349438414 0.7 0.85 0.4 0.35 0.6 0.6 0.9 0.75 0.4 0.75 1.0 0.25 0.15 0.0 0.4 0.4 0.45 0.2 0.9 0.35 0.6 0.5 0.95 0.6 0.3 0.7 0.5 0.15 0.05 0.85 0.9 0.9 0.35 0.95 0.1 0.85 
-0.012137747465193844 0.5783610773012128 0.4972981989666814 0.45 0.4 0.15 0.75 0.45 0.45 0.3 0.35 0.45 0.8 0.95 0.3 0.35 0.2 0.65 0.65 0.75 0.85 0.85 0.15 0.15 0.7 0.4 0.45 0.95 0.05 1.0 0.05 0.75 0.0 0.9 0.85 0.35 0.8 0.35 0.2 
-0.02433504245671447 0.5253344679158398 0.48155712945153334 0.7 0.4 0.1 0.6 0.6 1.0 0.7 0.05 0.55 0.7 0.7 0.55 0.3 0.1 0.45 0.5 0.85 0.3 0.3 0.55 0.15 0.85 0.7 0.95 0.35 0.0 0.3 0.4 0.75 0.1 0.5 0.45 0.0 0.25 0.5 0.5 
-0.0023083145414715647 0.547001535783563 0.5393825359051264 0.7 0.7 1.0 0.25 0.7 0.6 0.1 0.35 0.45 0.9 0.95 0.3 0.45 0.15 0.7 0.8 0.9 0.9 0.5 0.15 0.15 0.85 0.4 0.45 0.4 0.6 0.4 0.3 0.6 0.85 0.9 0.85 0.1 0.5 0.35 0.55 
-0.007035241201805962 0.43252042855521683 0.4748164836444234 0.7 0.0 0.85 0.25 0.5 0.45 1.0 0.55 0.25 0.2 0.9 0.15 0.8 0.8 0.8 0.8 0.3 0.7 0.5 0.55 0.15 0.95 0.8 0.55 0.6 0.65 0.4 0.0 0.55 0.15 0.35 0.85 0.25 0.35 0.2 0.4 
-0.015296024745133628 0.561908410267617 0.4494926923177098 1.0 0.4 0.8 0.45 0.05 0.15 1.0 0.4 0.55 0.15 0.25 0.75 0.1 0.2 0.25 0.6 0.95 0.05 0.7 0.7 0.3 0.5 0.45 0.5 0.15 0.5 0.65 0.05 0.45 0.65 0.9 0.95 0.15 0.75 0.5 0.0 
-0.0017323702657458446 0.44496931839212744 0.5249273445532492 0.25 0.55 0.1 0.15 0.25 0.3 0.3 0.8 0.3 0.25 0.4 0.75 0.45 0.15 0.9 1.0 0.35 0.6 0.65 0.05 0.0 0.35 0.9 0.15 1.0 0.75 0.6 0.55 0.65 0.6 0.65 0.45 0.1 0.2 0.3 0.7 
-0.06545510041930981 0.4737173171629109 0.45531966629300097 0.8 0.45 0.85 0.8 0.45 0.1 1.0 0.75 0.15 0.85 0.95 0.25 0.5 0.4 0.9 0.05 0.15 0.8 0.15 0.7 0.8 0.85 0.8 0.45 0.85 0.55 0.75 0.6 0.05 0.3 0.9 0.05 0.35 0.65 0.25 0.35 
-0.0326050869324978 0.4999083149342836 0.5707823027871893 1.0 0.4 0.2 0.0 0.2 0.05 0.85 1.0 0.6 0.8 0.6 0.3 0.55 1.0 0.75 0.85 0.7 0.55 0.9 0.65 0.25 0.35 0.6 0.2 0.6 0.45 0.8 0.4 0.85 0.45 0.5 0.25 0.9 0.55 0.75 0.6 
-0.021691463898928176 0.46302492322830174 0.45865161839657825 0.8 0.45 0.85 0.8 0.45 0.1 1.0 0.75 0.15 0.85 0.95 0.25 0.5 0.4 0.9 0.05 0.15 0.8 0.15 0.7 0.8 0.85 0.8 0.45 0.85 0.55 0.75 0.6 0.05 0.3 0.9 0.05 0.35 0.65 0.25 0.8 
-0.024696224111958286 0.4911896247912353 0.5608967649760878 1.0 0.4 0.2 0.0 0.2 0.05 0.85 1.0 0.6 0.8 0.6 0.3 0.55 1.0 0.75 0.85 0.7 0.55 0.9 0.65 0.25 0.35 0.6 0.2 0.6 0.45 0.8 0.4 0.85 0.45 0.5 0.25 0.75 0.7 0.6 0.6 
-0.004647722206116284 0.5356729646217496 0.5697578745538621 0.9 0.95 0.6 0.9 0.85 0.6 0.75 0.4 0.6 0.4 0.35 0.55 0.35 0.05 0.85 0.9 0.25 1.0 0.85 0.95 0.9 0.8 0.9 0.35 0.9 0.55 0.6 0.65 0.65 0.4 0.9 0.85 0.5 0.6 0.1 0.35 
-0.0027088405338211376 0.4140023375523165 0.4890135251806675 0.2 0.5 0.4 0.85 0.2 0.2 0.85 0.6 0.4 0.8 0.6 0.15 0.5 1.0 0.7 0.55 0.2 0.1 0.4 0.2 0.25 0.2 0.6 0.7 0.75 0.45 0.55 0.4 0.85 0.25 0.2 0.95 0.1 0.3 0.85 0.9 
-0.0005401371830747292 0.42327187156524515 0.566871064978756 0.2 0.75 0.2 0.85 0.2 0.5 0.85 0.6 0.35 0.5 0.6 0.15 0.85 1.0 0.7 0.6 0.4 0.55 0.9 0.65 0.25 0.2 0.8 0.55 0.7 0.45 0.65 0.8 0.95 0.25 0.25 0.35 0.95 0.6 0.65 0.6 
-0.01978267431211289 0.4624083000471145 0.5766302582921163 0.2 0.8 0.35 0.0 0.2 0.35 0.75 1.0 0.95 0.8 0.6 0.05 0.85 0.7 0.55 0.6 0.7 0.45 0.9 0.65 0.2 0.35 0.6 0.45 0.6 0.45 0.55 0.55 0.85 0.9 0.25 0.95 0.1 0.7 0.6 0.6 
-0.003142085607497738 0.5720692080769079 0.4858985604681817 0.7 0.7 1.0 0.0 0.7 0.6 0.8 0.35 0.45 0.9 0.95 0.3 0.65 0.5 0.7 0.8 0.35 0.9 0.15 0.15 0.3 0.8 0.4 0.6 0.4 0.6 0.4 0.05 0.6 1.0 0.9 0.85 0.9 0.5 0.35 0.55 
-0.018520690305344967 0.4453356552033378 0.5793173635049652 1.0 0.4 0.2 0.0 0.2 0.5 0.7 1.0 0.6 0.8 0.6 0.05 0.55 1.0 0.75 0.15 0.7 0.55 0.9 0.65 0.25 0.35 0.05 0.45 0.6 0.45 0.8 0.55 0.85 0.45 0.5 1.0 0.75 0.7 0.6 0.6 
-0.010506207980411622 0.49350657642321577 0.44040469872144755 0.05 0.8 0.8 0.35 0.7 0.9 0.85 0.7 0.45 0.95 0.95 0.25 0.1 0.55 0.9 0.4 0.2 0.3 0.8 0.3 0.25 0.95 0.95 0.75 1.0 0.55 0.8 0.45 0.05 0.85 0.45 0.0 0.05 1.0 0.4 0.85 
-0.0021959718752142593 0.6198740777381676 0.4838851815130584 1.0 0.7 0.4 0.75 0.45 0.95 0.9 0.35 0.6 0.8 0.95 0.35 0.05 0.2 0.7 0.5 0.75 0.35 0.5 0.15 0.4 0.7 0.4 0.45 0.95 0.05 0.8 0.85 0.75 1.0 0.9 0.85 0.35 0.55 0.35 0.2 
-0.0054450309744371326 0.6044554515313104 0.49421287278881115 0.7 0.7 0.0 0.0 0.7 0.45 0.9 0.35 0.45 0.9 0.95 0.3 0.65 0.15 0.7 0.8 0.9 0.9 0.5 0.15 0.3 0.8 0.4 0.45 0.4 0.6 0.4 0.3 0.6 0.85 0.5 0.7 0.1 0.5 0.35 0.55 
-0.044182911856535195 0.4455870336211435 0.6117500101257263 0.2 0.4 0.2 0.0 0.2 0.5 0.85 1.0 0.55 0.8 0.6 0.05 0.85 1.0 0.75 0.6 0.7 0.55 0.9 0.65 0.25 0.35 0.6 0.45 0.6 0.45 0.55 0.6 0.85 0.7 0.65 0.3 0.75 0.7 0.6 0.6 
-0.026493837503561896 0.48226789493246736 0.588594397141923 0.7 0.85 0.45 0.55 0.8 0.6 0.7 0.75 0.45 0.9 0.05 0.25 0.55 0.65 0.7 0.0 0.9 0.95 0.95 0.35 0.6 0.85 0.95 0.5 0.85 0.55 0.5 0.5 0.85 0.75 0.6 0.9 0.15 0.95 0.75 0.25 
-0.0024584164195774437 0.39103526340769174 0.543048973267921 0.7 0.85 0.2 0.35 0.9 0.6 0.75 0.75 0.4 0.3 0.95 0.25 0.15 0.5 0.9 0.2 0.1 0.95 0.8 0.3 0.5 0.8 0.95 0.75 0.85 0.55 0.5 0.35 0.05 0.9 0.65 0.9 0.5 0.95 0.8 0.85 
-0.009270715133741851 0.40511474991456253 0.4830863657635833 0.2 0.5 0.4 0.85 0.2 0.2 0.85 0.6 0.4 0.8 0.6 0.15 0.5 1.0 0.7 0.55 0.2 0.1 0.4 0.2 0.25 0.2 0.6 0.7 0.75 0.45 0.55 0.1 0.85 0.25 0.2 0.95 0.1 0.3 0.85 0.9 
-0.0012494375690133299 0.5465352281743555 0.45672375869164544 1.0 0.0 1.0 0.8 0.25 0.75 0.95 0.6 0.6 0.2 0.5 0.8 0.0 0.75 0.05 0.0 0.15 0.7 0.1 0.15 0.9 0.0 0.75 0.2 0.6 0.65 0.1 0.1 0.45 0.05 1.0 0.9 1.0 0.75 0.3 0.35 
-0.009451295908255882 0.5620985784909571 0.5796407816483578 0.9 0.95 0.6 0.9 0.85 0.6 0.75 0.4 0.6 0.4 0.35 0.55 0.35 0.05 0.85 0.9 0.25 1.0 0.85 0.95 0.9 0.8 0.9 0.35 0.9 0.55 0.6 0.65 0.45 0.4 0.9 0.85 0.5 0.6 0.1 0.35 
-0.005708143843139595 0.5839646618600598 0.566367349688848 0.55 0.95 0.6 0.9 0.85 0.55 0.75 0.5 0.45 0.75 0.35 0.6 0.35 0.15 0.85 0.45 0.7 1.0 1.0 1.0 0.9 0.9 0.0 0.35 0.9 0.55 0.6 0.6 0.7 0.4 0.9 0.05 0.35 0.15 0.1 0.55 
-0.026048429625974243 0.4436780820855475 0.5675291822144816 0.05 0.85 0.85 0.35 0.75 0.9 0.9 0.8 0.4 0.05 0.95 0.25 0.15 0.5 0.8 0.4 0.9 0.95 0.65 0.35 0.5 0.5 0.95 0.6 1.0 0.55 0.5 0.15 1.0 0.45 0.95 0.9 0.5 0.9 0.8 0.85 
-0.008168899874149638 0.44024402646730715 0.45010020975407816 0.7 0.8 0.85 0.65 0.3 0.35 0.9 0.75 0.4 0.95 0.95 0.2 0.1 0.5 0.9 0.4 0.65 0.95 0.2 0.35 0.3 0.8 0.85 0.6 1.0 0.55 0.5 0.65 0.05 0.85 1.0 0.0 0.5 0.9 0.05 0.85 
-0.0034197154973397937 0.40988550958333775 0.5094676928448368 0.05 0.85 0.4 0.35 0.6 0.0 0.9 0.75 0.4 0.95 1.0 0.25 0.15 0.0 0.4 0.4 0.45 0.2 0.9 0.35 0.6 0.5 0.95 0.6 0.3 0.7 0.5 0.15 0.05 0.85 0.9 0.9 0.35 0.95 0.1 0.85 
-0.006927671309223267 0.5537483643076425 0.5996276203491455 0.9 0.65 0.6 1.0 0.4 0.55 0.95 0.35 0.6 0.4 0.25 0.55 0.55 0.15 0.45 0.45 0.45 0.65 0.55 0.85 0.75 0.8 0.0 0.35 0.75 0.55 0.85 0.65 0.4 0.05 0.95 0.85 0.5 0.4 0.2 0.2 
-0.012587970248917883 0.39719421559199675 0.5590351639616233 0.2 0.6 0.2 0.85 0.2 0.85 0.85 0.6 0.55 0.5 0.6 0.15 0.85 0.15 0.7 0.6 0.4 0.55 0.8 0.65 0.25 0.2 0.9 0.55 0.7 0.45 0.65 0.45 0.85 0.3 0.45 0.35 0.3 0.6 0.65 0.6 
-0.010832220810441301 0.5792090888589272 0.5375077862278843 0.55 0.95 0.6 0.9 0.85 0.55 0.75 0.5 0.45 0.75 0.35 0.6 0.35 0.15 0.85 0.45 0.7 1.0 1.0 1.0 0.9 0.9 0.0 0.35 0.9 0.55 0.6 0.6 0.7 0.4 0.9 0.25 0.5 0.15 0.1 0.55 
-0.00882810839711565 0.43137135356580336 0.5565073122715734 0.7 0.85 0.4 0.35 0.6 0.6 0.9 0.75 0.4 0.9 1.0 0.25 0.15 0.65 0.4 0.4 0.45 0.2 0.9 0.35 0.6 0.5 0.95 0.6 1.0 0.7 0.5 0.15 0.05 0.85 0.9 0.9 0.35 0.95 0.8 0.85 
-0.0036584782544880922 0.3793492694757687 0.48765089770169306 0.2 0.5 0.2 0.85 0.2 0.5 0.85 0.6 0.4 0.8 0.6 0.15 0.5 1.0 0.7 0.6 0.4 0.1 0.4 0.25 0.25 0.2 0.6 0.35 0.75 0.45 0.55 0.4 0.85 0.25 0.2 0.95 0.1 0.6 0.85 0.9 
-0.005370672743162299 0.6007885758206983 0.4715520611938696 0.7 0.7 0.0 0.0 0.7 0.45 0.9 0.35 0.45 0.9 0.95 0.3 0.65 0.15 0.7 0.8 0.9 0.9 0.5 0.15 0.3 0.8 0.4 0.45 0.4 0.6 0.4 0.3 0.6 0.85 0.5 0.7 0.75 0.5 0.35 0.55 
-9.697004570245026e-06 0.6330980843703727 0.4886333404118384 0.65 0.7 0.5 0.65 0.1 0.5 1.0 0.35 0.45 0.4 0.95 0.3 0.1 0.7 0.95 0.8 0.95 0.5 0.05 0.15 0.3 0.7 0.4 0.25 0.95 0.05 0.8 0.1 0.4 0.85 0.55 0.75 0.0 0.55 0.35 0.2 
-0.0077707605580978 0.6156270522725593 0.5167379396740498 0.2 0.7 0.4 0.75 0.45 0.95 0.95 0.35 0.35 0.4 0.0 0.55 0.1 0.2 0.7 0.0 0.8 0.0 0.15 0.15 0.15 0.7 0.4 0.45 0.95 0.5 0.25 0.05 0.75 0.9 0.9 0.75 0.15 0.8 0.35 0.0 
-0.03662559291576663 0.4086262506241675 0.5837348315269766 0.2 0.75 0.2 0.85 0.2 0.5 0.85 0.6 0.35 0.5 0.6 0.15 0.85 0.15 0.7 0.6 0.4 0.55 0.9 0.65 0.25 0.2 0.8 0.55 0.7 0.45 0.65 0.45 0.85 0.3 0.95 0.35 0.05 0.6 0.65 0.6 
-0.01904314478884397 0.5949914098013824 0.582320512004387 0.75 0.95 0.1 0.9 0.85 0.55 0.75 0.5 0.5 0.75 0.35 0.55 0.35 0.15 0.85 0.45 0.45 0.2 1.0 1.0 0.9 0.9 0.0 0.35 1.0 0.55 0.6 0.7 0.7 0.4 0.9 0.25 0.5 0.4 0.1 0.5 
-0.00719437874011234 0.5899288631042888 0.5595999468410808 0.75 0.95 0.1 0.9 0.85 0.55 0.75 0.5 0.5 0.75 0.35 0.55 0.35 0.15 0.85 0.45 0.45 0.2 1.0 1.0 0.9 0.9 0.0 0.35 0.7 0.55 0.6 0.7 0.7 0.4 0.9 0.25 0.5 0.4 0.1 0.5 
-0.012182232698732733 0.38319317728365127 0.5142576519144864 0.7 0.85 0.05 0.35 0.75 0.6 0.9 0.75 0.7 0.95 0.95 0.25 0.85 0.65 0.95 0.4 0.9 0.95 0.8 0.35 0.1 0.45 0.0 0.6 0.85 0.55 0.5 0.25 0.05 0.7 0.75 0.9 0.4 0.6 0.8 0.85 
-7.911123917336084e-05 0.3872602966042416 0.4806204217473205 0.7 0.85 0.4 0.35 0.75 0.6 0.9 0.75 0.4 0.95 0.95 0.25 0.15 0.1 0.7 0.4 0.9 0.95 0.8 0.35 0.5 0.5 1.0 0.6 0.85 0.55 0.5 0.25 0.05 0.85 0.6 0.9 0.5 0.95 0.85 0.85 
-0.002530592000832903 0.584119181363935 0.5287456943540667 0.9 0.95 0.6 0.9 0.85 0.4 0.75 0.5 0.6 0.75 0.35 0.55 0.5 0.15 0.85 0.45 0.45 1.0 0.55 0.9 0.5 0.8 0.0 0.35 0.9 0.55 0.6 0.65 0.4 0.4 0.9 0.85 0.5 0.6 0.1 0.3 
-0.00949699122088542 0.6010425502062383 0.44204350580746393 0.35 0.7 0.8 0.25 0.25 0.25 1.0 0.4 0.3 0.85 0.25 0.75 0.4 0.5 0.05 0.9 0.05 0.95 0.85 0.7 0.65 0.8 0.65 0.95 0.4 1.0 0.65 1.0 0.45 0.45 0.9 0.95 0.65 0.5 0.45 0.0 
-0.00641311948267444 0.6066994780389887 0.5543099050594422 0.65 0.05 0.65 0.75 0.35 0.95 0.9 0.35 0.2 0.4 1.0 0.35 0.1 0.7 0.05 0.8 0.15 0.65 0.9 0.25 0.5 0.7 0.4 0.45 0.95 0.05 0.8 0.1 0.25 0.85 0.9 0.8 0.35 0.8 0.35 0.2 
-0.005725242344856644 0.5194066919339458 0.5824573671020283 0.9 0.95 0.6 1.0 0.85 0.55 0.75 0.85 0.6 0.35 0.25 0.55 0.55 0.15 1.0 0.15 0.45 0.65 0.45 1.0 0.85 0.8 0.0 0.35 0.9 0.55 0.6 0.65 0.4 0.4 0.85 0.85 0.5 0.6 0.2 0.55 
-0.008241126626284125 0.5206157025682444 0.44321806314222706 1.0 0.4 0.8 0.45 0.05 0.15 1.0 0.4 0.6 0.7 0.25 0.75 0.1 0.2 0.25 0.6 1.0 0.8 0.7 0.7 0.55 0.1 0.45 0.5 0.25 0.15 0.85 0.2 0.45 0.65 0.9 0.95 1.0 0.75 0.5 0.0 
-0.003701955048449661 0.6052115708704229 0.4431071768257548 0.85 0.35 0.15 0.15 0.45 0.95 1.0 0.35 0.45 0.8 0.95 0.3 0.05 0.2 0.7 0.5 0.75 0.35 0.75 0.15 0.2 0.7 0.4 0.45 0.7 0.05 0.8 0.05 0.75 0.35 0.55 0.85 0.35 0.6 0.9 0.2 
-0.18356572080819825 0.5011157854718811 0.6395004138446607 0.05 0.95 0.6 0.25 0.85 0.55 0.15 0.45 0.6 0.4 0.3 0.55 0.55 0.15 1.0 0.35 0.45 1.0 0.95 0.85 0.7 0.8 0.0 0.35 0.9 0.1 0.6 0.7 0.4 0.4 0.85 0.85 0.5 0.4 0.15 0.95 
-0.003351190441291134 0.39397561336440434 0.5837928110302844 0.2 0.75 0.2 0.85 0.2 0.5 0.85 0.6 0.35 0.5 0.6 0.15 0.85 0.15 0.7 0.2 0.4 0.85 0.9 0.65 0.25 0.2 0.8 0.55 0.7 0.45 0.8 0.45 0.85 0.3 0.95 0.35 0.05 0.6 0.65 0.6 
-0.017198391049294354 0.5246263096559831 0.6102142486854238 0.05 0.95 0.6 0.25 0.85 0.55 0.15 0.9 0.6 0.75 0.3 0.55 0.55 0.15 1.0 0.35 0.45 1.0 0.95 0.85 0.7 0.8 0.0 0.35 0.9 0.55 0.6 0.7 0.4 0.4 0.85 0.85 0.5 0.4 0.15 0.3 
-0.0169865207021916 0.6334879936464511 0.44878529048155014 0.3 0.6 0.8 0.0 0.95 0.6 0.9 0.35 0.45 0.9 0.95 0.3 0.65 0.15 0.7 0.7 0.45 0.9 0.55 0.15 0.95 0.8 0.4 0.6 0.6 0.6 0.4 0.65 0.8 0.65 0.6 0.85 0.15 0.1 0.35 0.15 
-0.01748319978964237 0.4636765463514265 0.6234825458463928 0.05 0.85 0.85 0.35 0.75 0.9 0.9 0.8 0.95 0.8 0.95 0.25 0.15 0.5 0.8 0.65 0.9 0.95 0.65 0.35 0.5 0.5 0.95 0.6 1.0 0.55 0.5 0.45 1.0 0.45 0.95 0.9 0.5 0.9 0.8 0.85 
-0.008433636284843631 0.6188908456515777 0.42452534081184984 1.0 0.15 0.8 0.25 0.05 0.25 1.0 0.4 0.3 0.7 0.25 0.75 0.55 0.2 0.8 0.9 0.4 0.05 0.9 0.7 0.3 0.6 0.55 0.55 0.35 0.5 0.55 0.9 0.45 0.45 0.85 0.95 0.65 0.75 0.5 0.0 
-0.001396225878953686 0.5365442772746174 0.43225365512989294 1.0 0.4 0.8 0.25 0.05 0.15 0.95 0.4 0.55 0.7 0.25 0.75 0.8 0.2 0.25 0.6 0.4 1.0 0.9 0.7 0.3 0.5 0.55 0.6 0.4 0.5 0.0 0.05 0.15 0.65 0.95 0.95 0.8 0.95 0.5 0.0 
-0.014097076531058166 0.3821836444195961 0.5591894881607425 0.2 0.6 0.2 0.85 0.2 0.85 0.85 0.6 0.35 0.5 0.6 0.15 0.85 0.15 0.7 0.6 0.4 0.55 0.9 0.65 0.25 0.2 0.9 0.55 0.7 0.45 0.65 0.45 0.85 0.3 0.45 0.35 0.3 0.6 0.65 0.6 
-0.008247019063338341 0.5527077847402688 0.4302685923711188 1.0 0.15 0.5 0.5 0.05 0.25 1.0 0.4 0.55 0.7 0.25 0.75 0.1 0.2 0.25 0.9 0.4 0.65 0.9 0.7 0.65 0.3 0.55 0.6 0.0 0.45 0.25 0.85 1.0 0.45 0.9 0.95 0.65 0.75 0.95 0.0 
-0.0061749643950204085 0.3930616613533633 0.608154747504388 0.2 0.75 0.2 0.85 0.5 0.5 0.85 0.6 0.35 0.5 0.6 0.15 0.85 0.05 0.7 0.6 0.6 0.55 0.9 0.65 0.7 0.2 0.95 0.55 0.7 0.4 0.65 0.45 0.85 0.3 0.25 0.35 0.0 0.6 0.65 0.6 
-0.011461543217020346 0.5368083943730321 0.5874630797844771 0.7 0.25 0.05 0.35 0.8 0.6 0.85 0.75 0.4 0.95 0.05 0.25 0.45 0.65 0.7 0.4 0.9 0.95 0.95 0.35 0.6 0.5 0.45 0.6 0.85 0.55 0.5 0.25 0.05 0.85 0.85 0.9 0.5 0.95 0.15 0.85 
-0.038106136301498374 0.660215109264899 0.5038038018913001 1.0 0.7 0.85 0.75 0.05 0.95 0.9 0.35 0.45 0.8 0.95 0.3 0.05 0.2 0.7 0.5 0.75 0.3 0.5 0.15 0.4 0.65 0.4 0.45 0.95 0.05 0.8 0.05 0.75 1.0 0.2 0.85 0.3 0.55 0.35 0.2 
-0.004144699192413574 0.5623892536244085 0.4137536106674152 0.35 0.15 0.75 0.25 0.05 0.25 1.0 0.4 0.55 0.95 0.25 0.75 0.4 0.5 0.35 0.9 0.7 0.4 0.75 0.7 0.65 0.75 0.55 0.6 0.7 0.95 0.95 1.0 0.45 0.6 0.25 0.95 0.7 0.75 0.45 0.0 
-0.0465965873367139 0.5907852708803247 0.5975450175345204 0.9 0.95 0.6 0.9 0.85 0.4 0.75 0.5 0.6 0.75 0.35 0.55 0.5 0.15 0.85 0.45 0.1 1.0 0.55 0.9 0.5 0.8 0.05 0.35 0.9 0.55 0.6 0.65 0.4 0.4 0.9 0.85 0.5 0.6 0.1 0.3 
-0.01393165440596555 0.6423443813632078 0.481594998988381 1.0 0.7 0.4 0.9 0.5 0.9 0.8 0.35 0.65 0.8 0.95 0.3 0.9 0.5 0.7 0.05 0.75 0.35 0.5 0.15 0.15 0.7 0.4 0.45 0.95 0.05 0.8 0.05 0.95 1.0 0.05 0.85 0.35 0.55 0.35 0.2 
-0.031353454568718006 0.549065745958676 0.6082601570382529 0.9 0.65 0.6 1.0 0.4 0.55 0.8 0.35 0.6 0.4 0.25 0.55 0.55 0.15 0.45 0.45 0.45 0.65 0.55 0.85 0.75 0.8 0.0 0.35 0.75 0.55 0.85 0.65 0.4 0.05 0.95 0.85 0.5 0.4 0.2 0.2 
-4.9482057209805766e-05 0.6420054671878018 0.5245027186748339 0.2 0.7 0.4 0.95 0.45 0.95 0.95 0.35 0.65 0.4 0.0 0.55 0.1 0.2 0.7 0.0 0.8 0.0 0.15 0.15 1.0 0.35 0.4 0.45 0.95 0.5 0.25 0.05 0.75 0.85 0.9 0.75 0.15 0.8 0.35 0.2 
-0.01410709379717723 0.5309160043288338 0.6371736527607103 0.05 0.95 0.6 0.25 0.85 0.55 0.15 0.45 0.6 0.4 0.3 0.55 0.55 0.15 1.0 0.35 0.45 1.0 0.95 0.85 0.7 0.8 0.0 0.35 0.9 0.55 0.6 0.7 0.4 0.4 0.85 0.85 0.5 0.4 0.15 0.7 
-0.002791747525667835 0.5657993316349104 0.4332769851091188 0.3 0.6 0.8 0.0 0.05 0.6 0.9 0.35 0.45 0.9 0.95 0.3 0.65 0.15 0.7 0.7 0.45 0.9 0.55 0.15 0.95 0.8 0.4 0.6 0.6 0.6 0.85 0.65 0.8 0.65 0.6 0.8 0.15 0.1 0.35 0.15 
-0.011529180477029798 0.512936081771321 0.6224610518397007 0.9 0.5 0.6 0.9 0.85 0.55 0.75 0.5 0.2 0.05 0.35 0.6 0.35 0.15 0.85 0.45 0.45 1.0 1.0 1.0 0.9 0.9 0.0 0.35 0.9 0.55 0.6 0.4 0.7 0.3 0.9 0.85 0.5 0.15 0.1 0.55 
-0.011234898716708299 0.5354621528931287 0.4122657038970991 1.0 0.15 0.8 0.3 0.25 0.25 1.0 0.4 0.45 0.9 0.25 0.75 0.75 0.5 0.25 0.9 0.4 0.4 0.9 0.7 0.1 0.75 0.55 0.6 0.35 0.4 0.25 0.4 0.9 0.45 0.9 0.95 0.65 0.75 0.5 0.0 
-0.028198907992695678 0.5112885545188446 0.6335123780677995 0.05 0.95 0.6 0.25 0.85 0.55 0.75 0.45 0.6 0.4 0.3 0.55 0.55 0.15 0.5 0.35 0.45 1.0 0.95 0.85 0.7 0.8 0.1 0.7 0.9 0.1 0.6 0.7 0.4 0.4 0.85 0.85 0.5 0.4 0.15 0.95 
-0.017316565961204754 0.4122807736776741 0.6259083116584798 0.2 0.4 0.2 0.0 0.2 0.5 0.85 1.0 0.55 0.8 0.6 0.05 0.85 1.0 0.75 0.6 0.7 0.55 0.9 0.65 0.25 0.35 0.6 0.45 0.6 0.45 0.55 0.55 0.85 0.45 0.65 0.3 0.75 0.7 0.6 0.6 
-0.004334222090411564 0.4302628355766319 0.6278126289109753 0.25 0.4 0.2 0.0 0.2 0.5 0.85 1.0 0.6 0.8 0.6 0.05 0.55 1.0 0.75 0.6 0.7 0.55 0.9 0.65 0.25 0.35 0.6 0.45 0.6 0.45 0.8 0.55 0.85 0.45 0.5 0.3 0.75 0.7 0.6 0.6 
-0.0004252238480257002 0.5340970881919281 0.37388304385003623 1.0 0.15 0.8 0.3 0.25 0.25 1.0 0.4 0.55 0.9 0.25 0.75 0.2 0.5 0.25 0.9 0.4 0.2 0.9 0.7 0.55 0.75 0.55 0.6 0.8 0.7 0.25 1.0 0.45 0.45 0.9 0.95 0.65 0.75 0.5 0.0 
-0.08558356035116914 0.5057626662520367 0.6558525494219516 0.3 0.95 0.6 0.9 0.85 0.1 0.4 0.5 0.5 0.7 0.35 0.55 0.35 0.45 0.5 0.0 0.15 1.0 1.0 1.0 0.9 0.9 0.0 0.35 0.9 0.55 0.6 0.5 0.7 0.35 0.9 0.85 0.5 0.15 0.1 0.55 
-0.022616999241686614 0.5707392942604106 0.4068519764512389 0.35 0.4 0.75 0.25 0.5 0.35 0.95 0.4 0.55 0.95 0.25 0.75 0.4 0.5 0.35 0.9 0.1 0.4 0.75 0.7 0.65 0.55 0.55 0.6 0.85 0.85 0.9 0.0 0.45 0.8 0.9 0.95 0.7 0.6 0.45 0.0 
-0.013172731292983008 0.3979081445811593 0.46197858887161825 0.05 0.2 0.85 0.35 1.0 0.9 1.0 0.75 0.45 0.95 0.95 0.25 0.1 0.45 0.9 0.4 0.2 0.95 0.8 0.3 0.6 0.8 0.65 0.55 1.0 0.55 0.5 0.3 0.05 0.85 0.95 0.0 0.3 0.85 0.8 0.85 
-0.005237570030225766 0.41062878325058993 0.444603199247507 0.75 0.45 0.85 0.35 0.3 0.35 0.75 0.75 0.2 0.85 0.95 0.25 0.7 0.55 0.45 0.4 0.15 0.35 0.35 0.7 0.8 0.8 0.8 0.65 0.85 0.55 0.75 0.55 0.0 0.65 0.75 0.05 0.35 0.85 0.8 0.85 
-0.008323948214144032 0.4340050018245119 0.43997464380759044 0.75 0.45 0.85 0.35 0.3 0.35 0.75 0.75 0.2 0.85 0.95 0.25 0.7 0.6 0.45 0.4 0.15 0.35 0.0 0.7 0.8 0.8 0.8 0.65 0.65 0.55 0.75 1.0 0.0 0.65 0.75 0.05 0.35 0.85 0.8 0.85 
-0.010205013693868075 0.5603485401316204 0.6269761980576521 0.7 0.3 0.05 0.35 0.35 0.6 0.9 0.75 0.7 0.95 1.0 0.25 0.15 0.65 0.4 0.4 0.45 0.75 0.95 0.35 0.55 0.65 0.35 0.6 1.0 0.55 0.5 0.25 0.05 0.85 0.9 0.9 0.45 0.95 0.8 0.2 
-0.017110719362561092 0.6605454515022042 0.5190526651515297 0.7 0.7 1.0 0.4 0.15 0.6 0.9 0.35 0.45 0.7 0.95 0.35 0.65 0.15 0.7 0.8 0.9 0.9 0.2 0.15 0.3 0.8 0.35 0.45 0.4 0.6 0.4 0.05 0.7 0.15 0.9 0.85 0.1 0.5 0.35 0.2 
-0.01404688779471928 0.3630222299305416 0.5493311999996642 0.05 0.95 0.95 0.35 0.85 0.0 1.0 0.75 0.45 0.85 0.95 0.25 0.75 0.45 0.9 0.4 0.9 0.35 0.5 0.3 0.5 0.8 0.95 0.75 1.0 0.55 0.6 0.3 0.1 0.85 0.8 0.85 0.55 0.9 0.8 0.85 
-0.025170437277950614 0.6490113662504626 0.5445503120554419 0.4 0.85 0.05 0.35 0.75 0.6 1.0 0.3 0.4 0.9 0.95 0.25 0.25 0.95 0.7 0.4 0.9 0.55 0.8 0.35 0.4 1.0 0.6 0.6 1.0 0.85 0.5 0.25 0.05 0.85 0.7 0.9 0.25 0.05 0.8 0.7 
-0.009446787890376843 0.6396884389209722 0.5371116080055406 0.2 0.7 0.4 0.4 0.45 0.95 0.95 0.35 0.65 0.4 0.0 0.55 0.1 0.2 0.7 0.0 0.8 0.0 0.15 0.15 1.0 0.35 0.4 0.45 0.95 0.5 0.25 0.05 0.75 0.2 0.9 0.75 0.15 0.8 0.35 0.2 
-0.0010151742038531323 0.4160826310158571 0.3820214638858415 0.15 0.45 0.85 0.35 0.45 0.1 0.9 0.75 0.15 0.85 0.95 0.25 0.5 0.25 0.9 0.4 0.15 0.45 0.95 0.7 0.9 0.85 0.8 0.45 0.65 0.55 0.8 0.6 0.05 0.25 0.9 0.05 0.35 0.9 0.8 0.85 
-0.0045960217453122135 0.6430667727319479 0.5672031513568192 0.0 0.7 0.6 0.75 0.45 0.95 0.9 0.35 0.35 0.55 1.0 0.3 1.0 0.05 0.05 0.8 0.75 0.2 0.5 0.15 0.15 0.7 0.4 0.45 0.95 0.05 0.8 0.1 0.75 0.85 0.9 0.85 0.65 0.4 0.35 0.2 
-0.006281098699286814 0.4639272686856048 0.3921369025551606 0.05 0.8 0.85 0.35 0.7 0.9 1.0 0.75 0.45 0.95 0.95 0.25 0.1 0.55 0.9 0.4 0.2 0.3 0.8 0.3 0.25 0.95 0.95 0.75 1.0 0.55 0.8 0.3 0.05 0.15 0.75 0.0 0.3 1.0 0.8 0.85 
-0.013482382211051877 0.43014646042754545 0.40311284337946307 0.15 0.45 0.85 0.35 0.45 0.1 0.9 0.75 0.15 0.85 0.95 0.25 0.5 0.25 0.9 0.4 0.15 0.45 0.95 0.7 0.9 0.85 0.8 0.45 0.85 0.55 0.8 0.6 0.05 0.25 0.9 0.05 0.95 0.9 0.8 0.85 
-0.025897587781000746 0.41544471216335926 0.42675347942446845 0.15 0.45 0.85 0.35 0.45 0.35 0.9 0.75 0.15 0.85 0.95 0.25 0.5 0.25 0.9 0.4 0.5 0.8 0.8 0.7 0.8 0.85 0.8 0.45 0.65 0.55 0.75 0.5 0.05 0.3 0.9 0.7 0.35 0.9 0.8 0.85 
-0.0004667550149182036 0.5756756299164763 0.6220821594417554 0.7 0.85 0.05 0.35 0.35 0.6 0.9 0.75 0.35 0.95 1.0 0.25 0.15 0.65 0.4 0.4 0.45 0.75 0.95 0.35 0.55 0.65 0.35 0.6 1.0 0.55 0.5 0.25 0.05 0.85 0.9 0.9 0.45 0.95 0.8 0.85 
-0.06960215331550938 0.4607071890269717 0.4257229997080492 0.15 0.45 0.9 0.35 0.55 0.35 0.75 0.75 0.2 0.85 0.95 0.25 0.7 0.5 0.5 0.05 0.5 0.8 0.85 0.7 0.8 0.7 0.8 0.6 0.1 0.55 0.75 0.8 0.0 0.2 0.75 0.05 0.35 0.6 0.8 0.85 
-0.014404477299722383 0.5149796964721279 0.4166688745064549 1.0 0.15 0.8 0.3 0.25 0.25 1.0 0.4 0.45 0.9 0.25 0.75 0.95 0.5 0.25 0.9 0.4 0.4 0.9 0.7 0.1 0.75 0.55 0.6 0.35 0.9 0.25 0.65 0.9 0.45 0.9 0.95 0.65 0.75 0.5 0.0 
-0.02634052558517135 0.44060116924274995 0.42629965014698723 0.4 0.05 0.85 0.35 0.45 0.2 0.85 0.75 0.4 0.95 0.95 0.25 0.1 0.15 0.9 0.4 0.9 0.35 0.25 1.0 0.55 0.6 0.95 0.75 0.85 0.55 0.3 0.3 0.05 0.85 0.75 0.0 0.5 0.0 0.8 0.85 
-0.006774191341555915 0.5996204819368607 0.6238206541945146 0.0 0.7 0.5 0.1 0.4 0.95 0.75 0.35 0.6 0.8 0.1 0.65 0.1 0.7 0.4 0.75 0.1 0.2 0.9 0.2 0.3 0.7 0.4 0.45 0.95 1.0 0.75 0.2 0.75 0.0 0.9 0.85 0.35 0.55 0.4 1.0 
-0.0334298148674051 0.4475056324066461 0.4210571208675271 0.35 0.7 0.85 0.35 0.45 0.1 0.95 0.75 0.15 0.85 0.95 0.25 0.5 0.4 0.9 0.4 0.65 0.8 0.6 1.0 0.8 0.85 0.8 0.45 1.0 0.55 0.75 0.8 0.25 0.3 0.9 0.05 0.35 0.9 0.8 0.85 
-0.0028407291981086165 0.3503163638163073 0.46713229483998137 0.65 0.6 0.85 0.95 0.7 0.9 1.0 0.75 0.5 0.95 0.95 0.25 0.1 0.55 0.9 0.4 0.2 0.3 0.8 0.3 0.25 1.0 0.95 0.55 1.0 0.55 0.95 0.4 0.05 0.85 0.65 0.0 0.3 0.75 0.8 0.85 
-0.006432252064425675 0.3774321888741355 0.44521958887929897 0.05 0.8 0.85 0.35 0.7 0.9 1.0 0.75 0.5 1.0 0.95 0.25 0.95 0.55 0.9 0.1 0.2 0.3 0.8 0.3 0.25 0.45 0.95 0.75 1.0 0.55 0.8 0.4 0.05 0.85 0.4 0.0 0.3 0.75 0.8 0.85 
-0.020333460127262847 0.47919880259927444 0.41215586264420023 0.05 0.8 0.8 0.35 0.7 0.9 0.85 0.7 0.45 0.95 0.95 0.25 0.1 0.55 0.9 0.4 0.2 0.3 0.8 0.3 0.25 0.95 0.95 0.75 1.0 0.55 0.8 0.45 0.05 0.85 0.45 0.0 0.05 1.0 0.8 0.85 
-0.0830049242778253 0.46009976246291 0.3832888425821248 0.05 0.8 0.85 0.35 0.7 0.9 0.85 0.75 0.45 0.95 0.95 0.25 0.1 0.55 0.9 0.4 0.2 0.3 0.8 0.3 0.25 0.95 0.95 0.75 1.0 0.55 0.8 0.1 0.05 0.85 0.4 0.0 0.05 1.0 0.8 0.85 
-0.021528718011987063 0.3189301240453344 0.50573421493461 0.7 0.8 0.85 0.35 0.3 0.9 0.85 0.75 0.4 0.95 0.95 0.25 0.1 0.75 0.9 0.4 0.65 0.95 0.8 0.35 0.3 0.8 1.0 0.6 1.0 0.55 0.5 0.65 0.05 0.85 1.0 0.7 0.4 0.8 0.25 0.85 
-0.0304551219756863 0.48304456646258737 0.43161869337223624 0.15 0.0 0.85 0.35 0.95 0.1 0.9 0.75 0.15 0.9 0.95 0.25 0.5 0.25 0.9 0.4 0.05 0.8 0.95 1.0 0.9 0.85 0.8 0.6 0.45 0.55 0.75 0.6 0.05 0.3 1.0 0.4 0.45 0.9 0.8 0.85 
-0.0015220648332068386 0.375016488116652 0.4511640008816952 0.15 0.3 1.0 0.35 1.0 0.35 0.75 0.85 0.6 0.95 0.95 0.25 0.1 0.5 0.9 0.4 0.15 0.45 0.35 0.7 0.8 0.8 0.8 0.55 0.75 0.55 0.75 0.45 0.05 0.85 0.75 0.05 0.8 0.85 0.8 0.85 
-0.0026928850474218155 0.5253692979575807 0.6641747639531421 0.9 0.95 0.6 0.9 0.85 0.25 0.75 0.5 0.5 0.75 0.35 0.6 0.35 0.15 0.85 0.45 0.45 1.0 0.75 1.0 0.9 0.95 0.0 0.35 0.9 0.5 0.6 0.75 0.7 0.4 0.95 0.85 0.5 0.0 0.1 0.55 
-0.0492719719098543 0.5119097580182617 0.4300337371921996 1.0 0.15 0.8 0.3 0.25 0.25 1.0 0.4 0.45 0.9 0.25 0.75 0.95 0.5 0.25 0.9 0.0 0.75 0.9 0.7 0.1 0.75 0.55 0.6 0.85 0.9 0.25 1.0 0.9 0.6 0.9 0.95 0.65 0.75 0.5 0.0 
-0.030442808334517516 0.5597654628093947 0.6482854271222026 0.7 0.85 0.05 0.35 0.95 0.6 0.6 0.75 0.15 0.95 0.05 0.25 0.15 0.65 0.7 0.4 0.45 0.95 0.95 0.35 0.6 0.5 0.4 0.6 1.0 0.55 0.5 0.25 0.05 0.85 0.9 0.9 0.5 0.95 0.8 0.85 
-0.0005390652701854757 0.5793104553114243 0.6535468104290244 0.7 0.85 0.05 0.35 0.35 0.6 0.9 0.75 0.35 0.95 1.0 0.25 0.15 0.65 0.7 0.4 0.45 0.75 0.95 0.35 0.65 0.65 0.35 0.6 1.0 0.55 0.5 0.25 0.05 0.85 0.9 0.9 0.45 0.95 0.8 0.85 
-0.0028142491720288985 0.37643777709314735 0.43428449824107085 0.15 0.45 0.85 0.35 0.45 0.35 0.75 0.75 0.15 0.85 0.95 0.25 0.5 0.25 0.9 0.4 0.15 0.8 0.8 0.7 0.8 0.85 0.8 0.45 0.65 0.55 0.3 0.55 0.05 0.3 0.9 0.05 0.35 0.9 0.8 0.85 
-0.027498801151567567 0.5322821416011985 0.6724223181986503 0.9 0.5 0.6 0.9 0.85 0.55 0.75 0.5 0.2 0.75 0.35 0.6 0.35 0.15 0.85 0.45 0.45 1.0 1.0 1.0 0.9 0.9 0.0 0.35 0.9 0.55 0.6 0.4 0.7 0.4 0.9 0.85 0.5 0.15 0.1 0.55 
-0.014582991464914033 0.3461765934969172 0.4996049362647323 0.4 0.8 0.85 0.35 0.45 0.2 0.85 0.75 0.4 0.95 0.95 0.25 0.1 0.15 0.55 0.4 0.9 0.35 0.75 0.3 0.5 0.6 0.95 0.6 0.35 0.55 0.5 0.1 0.05 0.85 0.75 0.0 0.5 0.95 0.8 0.85 
-0.14276038267181926 0.4804369659428102 0.3779081976973554 0.05 0.8 0.85 0.35 0.7 0.9 0.85 0.75 0.45 0.95 0.95 0.25 0.1 0.55 0.9 0.4 0.2 0.3 0.8 0.3 0.25 0.95 0.95 0.75 1.0 0.55 0.8 0.1 0.1 0.85 0.45 0.0 0.05 1.0 0.8 0.85 
-0.01200688450635635 0.3473846512996878 0.5076710434673983 0.7 0.85 0.85 0.35 0.95 0.6 0.85 0.75 0.4 0.95 0.95 0.45 0.1 0.15 0.25 0.4 0.9 0.95 0.7 0.85 0.05 0.8 0.95 0.6 0.85 0.55 0.5 0.35 0.05 0.35 0.75 0.9 0.5 0.75 0.8 0.85 
-0.0037135958208575036 0.5982271123577855 0.3994042080197286 0.25 0.7 0.8 0.55 0.6 0.25 1.0 0.4 0.3 0.9 0.25 0.75 0.4 0.5 0.25 0.9 0.7 0.4 0.95 0.7 0.65 0.75 0.65 0.65 0.6 0.2 0.65 0.2 0.45 0.45 0.9 0.9 0.6 0.5 0.45 0.0 
-0.04922849834589015 0.3294570452607083 0.5082765531923168 0.7 0.85 0.85 0.35 0.95 0.6 0.85 0.75 0.4 0.95 0.95 0.45 0.1 0.15 0.25 0.4 0.9 0.95 0.65 0.6 0.05 0.8 0.95 0.6 0.85 0.7 0.5 0.35 0.05 0.35 0.75 0.9 0.5 0.75 0.8 0.85 
-0.0093102806999244 0.5724172816551013 0.39843451455886847 0.15 0.15 0.8 0.25 0.25 0.25 1.0 0.4 0.55 0.9 0.25 0.75 0.2 0.5 0.25 0.85 0.4 0.2 0.6 0.7 0.55 0.75 0.7 0.6 0.35 0.7 0.25 1.0 0.45 0.45 0.9 1.0 0.65 0.75 0.5 0.0 
-0.028904356545278367 0.3459422582770552 0.53270737167055 0.7 0.85 0.05 0.8 0.75 0.6 1.0 0.75 0.4 0.95 0.9 0.25 0.15 0.8 0.7 0.95 0.9 0.05 1.0 0.65 0.5 0.2 0.95 0.6 0.85 0.55 0.5 0.2 0.05 0.85 0.9 0.9 0.4 0.95 0.8 0.85 
-0.00359407564365392 0.3429905694163632 0.5645601216302162 0.3 0.85 0.2 0.35 1.0 0.6 0.7 0.75 0.4 0.95 0.95 0.2 0.15 0.5 0.9 0.2 0.1 0.95 0.8 0.3 0.5 0.8 0.75 0.45 0.85 0.55 0.5 0.35 0.05 0.85 0.45 0.9 0.5 0.95 0.8 0.85 
-0.013124091938149892 0.36639912553453 0.45034850166959156 1.0 0.5 0.85 0.55 1.0 0.9 1.0 0.75 0.4 0.95 0.95 0.25 0.1 0.45 0.9 0.0 0.4 0.95 0.85 0.3 0.3 0.8 0.95 0.8 0.75 0.55 0.4 0.3 0.05 0.85 0.05 0.7 0.25 0.85 0.8 0.85 
-0.023002350496361148 0.3293347756812687 0.5546229520207697 0.05 0.8 0.85 0.35 0.3 0.9 0.45 0.65 0.4 0.95 0.95 0.25 0.1 0.45 0.9 0.8 0.2 0.95 0.8 0.3 0.3 0.85 0.95 0.75 1.0 0.55 0.5 0.55 0.05 0.9 1.0 0.0 0.4 1.0 0.8 0.85 
-0.0038496522119098927 0.5703162396494486 0.378063338859073 0.05 0.15 0.8 0.65 0.25 0.25 1.0 0.4 0.55 0.9 0.25 0.75 0.4 0.2 0.25 0.9 0.4 0.4 0.9 0.75 0.1 0.9 0.55 0.6 0.35 0.5 0.25 1.0 0.45 0.45 0.9 0.95 0.65 0.75 0.5 0.0 
-0.05310481560382696 0.4270036984612263 0.6283302321168347 0.25 0.4 0.2 0.0 0.2 0.5 0.85 1.0 0.6 0.8 0.6 0.05 0.55 1.0 0.75 0.6 0.7 0.55 0.9 0.65 0.25 0.35 0.6 0.45 0.55 0.45 0.8 0.55 0.85 0.45 0.5 0.3 0.75 0.7 0.6 0.6 
-0.0029088807373725575 0.3871838812212997 0.6128272343687118 0.7 0.45 0.2 0.6 1.0 0.6 0.6 0.75 0.4 0.95 1.0 0.25 0.15 0.5 0.9 0.4 0.85 0.95 0.8 0.45 0.5 0.8 0.95 0.75 0.85 0.55 0.5 0.35 0.05 0.85 0.3 0.7 0.5 0.95 0.8 0.85 
-0.0732759940583698 0.32165242771820723 0.5422222508634562 0.7 0.85 0.95 0.35 0.3 0.9 0.85 0.75 0.4 0.95 0.95 0.25 0.1 0.75 0.9 0.4 0.65 0.95 0.8 0.25 0.3 0.8 1.0 0.6 1.0 0.55 0.5 0.65 0.05 0.85 1.0 0.7 0.4 0.8 0.25 0.85 
-0.011358925250231213 0.3214932631088958 0.4802707349680319 0.7 0.8 0.85 0.4 0.3 0.9 0.85 0.75 0.4 0.95 0.95 0.25 0.1 0.75 0.9 0.4 0.65 0.95 0.8 0.3 0.3 0.8 0.95 0.6 1.0 0.55 0.5 0.65 0.05 0.85 0.9 0.0 0.5 0.85 0.55 0.85 
-0.0009882908462822736 0.6705139993502801 0.4857522440174176 1.0 0.7 0.4 0.75 0.45 0.95 0.9 0.35 0.6 0.85 0.95 0.3 0.05 0.2 0.2 0.5 0.75 0.35 0.5 0.15 0.95 0.7 0.4 0.65 0.95 0.05 0.8 0.05 0.75 1.0 0.9 0.85 0.35 0.55 0.35 0.2 
-0.025704983857751322 0.5767516369038275 0.6540630364552517 0.7 0.25 0.05 0.35 0.8 0.6 0.85 0.75 0.4 0.95 0.05 0.25 0.15 0.65 0.7 0.4 0.9 0.95 0.95 0.35 0.6 0.5 0.45 0.6 0.85 0.55 0.5 0.25 0.05 0.85 0.85 0.9 0.5 0.95 0.8 0.85 
-0.015097619526133975 0.6341789095915515 0.4190373947345347 1.0 0.15 0.8 0.25 0.25 0.2 1.0 0.4 0.25 0.9 0.25 0.75 0.4 0.5 0.25 0.9 0.7 0.4 0.05 0.65 0.45 0.75 0.5 0.6 0.35 1.0 0.25 1.0 0.45 0.45 0.9 0.95 0.65 0.75 0.5 0.0 
-0.011106044637271644 0.6705100815924193 0.4780129554167393 1.0 0.7 0.4 0.75 0.45 0.65 0.9 0.35 0.6 0.8 0.95 0.3 0.05 0.65 0.7 0.5 0.9 0.35 0.65 0.15 0.15 0.65 0.4 0.45 0.1 0.05 0.8 0.05 0.75 1.0 0.9 0.85 0.35 0.55 0.35 0.2 
-0.048671156978461465 0.3286836505136288 0.49181047059519833 0.7 0.85 0.85 0.35 0.95 0.6 0.85 0.75 0.4 0.95 0.95 0.45 0.1 0.15 0.25 0.4 0.9 0.95 0.7 0.85 0.05 0.8 0.95 0.6 0.85 0.7 0.5 0.35 0.05 0.35 0.75 0.9 0.5 0.75 0.8 0.85 
-0.001805810380558199 0.33741645471798043 0.4596376783826116 0.7 0.8 0.85 0.35 0.3 0.9 1.0 0.7 0.4 1.0 0.95 0.25 0.1 0.75 0.9 0.4 0.65 0.0 0.8 0.3 0.75 0.8 0.95 0.6 0.85 1.0 0.5 0.65 0.05 0.85 0.75 0.0 0.25 0.8 0.85 0.85 
-0.019829412697870998 0.5968256442102686 0.3838929036191689 0.9 1.0 0.8 0.25 0.05 0.25 1.0 0.4 0.45 0.9 0.25 0.75 0.55 0.2 0.25 0.9 0.4 0.05 0.9 0.7 0.3 0.5 0.55 0.85 0.3 0.7 0.9 0.9 0.45 0.45 0.95 0.95 0.65 0.75 0.5 0.0 
-0.03551796014779384 0.3931273162865892 0.4133940944265238 0.4 0.05 0.85 0.35 0.45 0.2 0.85 0.75 0.4 0.95 0.95 0.25 0.1 0.15 0.9 0.4 0.9 0.35 0.25 1.0 0.55 0.6 0.95 0.75 0.85 0.55 0.3 0.3 0.05 0.85 0.75 0.0 0.5 0.95 0.8 0.85 
-0.014562151863424123 0.6346798968690471 0.5837088654683479 0.55 0.2 0.2 0.65 0.85 0.6 0.95 0.35 0.6 0.7 1.0 0.5 0.1 0.2 0.9 0.75 0.9 0.75 0.95 1.0 0.3 0.7 0.4 0.45 0.95 1.0 0.45 0.1 0.75 0.85 1.0 0.85 0.4 0.7 0.35 0.85 
-0.09276444499318263 0.660604405634754 0.4515769078383908 0.3 0.6 0.8 0.0 0.95 0.6 0.9 0.35 0.45 0.9 0.95 0.3 0.65 0.15 0.7 0.7 0.45 0.9 0.55 0.15 0.6 1.0 0.4 0.6 0.6 0.6 0.4 0.65 0.8 0.65 0.6 0.85 0.15 0.9 0.35 0.15 
-0.05430034760991552 0.3442575428637067 0.41935831715127686 1.0 0.5 0.85 0.35 1.0 0.9 1.0 0.75 0.4 0.95 0.95 0.25 0.1 0.45 0.9 0.4 0.2 0.95 0.85 0.3 0.3 0.8 0.95 0.8 0.75 0.55 0.5 0.85 0.05 0.85 0.3 0.0 0.25 0.85 0.8 0.85 
-0.07259027115869213 0.5659798688568669 0.6735253666550719 0.7 0.25 0.05 0.35 0.8 0.6 0.85 0.75 0.4 0.95 0.05 0.25 0.15 0.65 0.7 0.4 0.9 0.95 0.95 0.35 0.6 0.5 0.45 0.6 0.85 0.55 0.5 0.25 0.05 0.85 0.85 0.9 0.5 0.8 0.8 0.85 
-0.0017753360250077077 0.6274235582521753 0.41056014592822365 1.0 0.15 0.8 0.25 0.25 0.2 1.0 0.4 0.55 0.9 0.25 0.75 0.4 0.5 0.25 0.9 0.7 0.4 0.05 0.7 0.55 0.75 0.5 0.6 0.35 1.0 0.25 1.0 0.45 0.45 0.9 0.95 0.65 0.75 0.5 0.0 
-0.00933920042195393 0.529028386216957 0.37290752800537597 1.0 0.15 0.8 0.0 0.25 0.75 1.0 0.4 0.75 1.0 0.25 0.75 0.4 0.0 0.25 0.9 0.95 0.3 0.9 0.7 0.4 0.95 0.55 0.6 0.6 0.45 0.35 1.0 0.45 0.45 0.9 0.95 0.65 0.75 0.5 0.0 
-0.013494861147943028 0.5235386079056811 0.37046823566928233 1.0 0.15 0.8 0.3 0.25 0.25 1.0 0.4 0.75 1.0 0.25 0.75 0.4 0.35 0.25 0.9 0.4 0.3 0.9 0.7 0.4 0.95 0.55 0.6 0.4 0.65 0.25 1.0 0.45 0.45 0.9 0.95 0.65 0.75 0.5 0.0 
-0.002911601973492374 0.6455456484710693 0.4286024759873471 1.0 0.15 0.8 0.25 0.25 0.2 1.0 0.4 0.55 0.9 0.25 0.75 0.4 0.5 0.25 0.9 0.7 0.4 0.05 0.7 0.55 0.75 0.55 0.6 0.35 1.0 0.25 1.0 0.45 0.45 0.9 0.95 0.65 0.75 0.5 0.0 
-0.04711728709287745 0.6708827666713634 0.5155042405178818 0.7 0.1 1.0 0.75 1.0 0.7 0.9 0.35 0.45 0.9 0.95 0.3 0.3 0.15 0.7 0.8 0.1 0.9 0.5 0.15 0.95 0.8 0.4 0.45 0.95 0.6 0.4 0.2 0.6 0.85 0.9 0.85 0.35 0.8 0.35 0.2 
-0.03335759813215854 0.5825450614979066 0.37551034445252296 1.0 0.15 0.8 0.3 0.25 0.25 1.0 0.4 0.55 0.9 0.25 0.75 0.2 0.5 0.25 0.9 0.4 0.2 0.9 0.7 0.55 0.75 0.55 0.6 0.35 0.7 0.5 1.0 0.45 0.45 0.9 0.95 0.65 0.75 0.5 0.0 
-0.12170314700407854 0.3294546693867254 0.625996640388409 0.05 0.85 0.85 0.35 0.75 0.9 0.9 0.8 0.5 0.65 0.95 0.25 0.15 0.5 0.8 0.4 0.9 0.95 0.3 0.35 0.5 0.5 0.95 0.6 1.0 0.55 0.5 0.45 1.0 0.45 0.95 0.9 0.5 0.95 0.8 0.85 
-0.02029990818515498 0.6655612262097252 0.42309868776117626 0.3 1.0 0.8 0.25 0.55 0.25 1.0 0.4 0.55 0.9 0.25 0.75 0.55 0.2 0.95 0.9 0.4 0.25 0.9 0.7 0.65 0.25 0.55 0.85 0.25 0.5 0.7 1.0 0.45 0.45 0.9 0.95 0.65 0.75 0.5 0.0 
-0.003869183102606907 0.3456942281920239 0.5986611431590437 0.7 0.85 0.2 0.35 1.0 0.6 0.6 0.75 0.4 0.95 0.95 0.25 0.15 0.5 0.9 0.4 0.9 0.95 0.8 0.3 0.5 0.8 0.95 0.75 0.85 0.55 0.5 0.35 0.05 0.85 0.75 0.9 0.5 0.95 0.8 0.85 
-0.08476061185019258 0.32579189047557067 0.5827557901486908 1.0 0.85 0.05 0.8 0.75 0.6 0.9 0.75 0.4 1.0 0.95 0.25 0.15 0.8 0.7 0.4 0.6 0.95 0.8 0.35 0.9 0.5 0.95 0.6 0.8 0.55 0.5 0.25 0.05 0.85 0.5 0.9 0.5 0.95 0.8 0.85 
-0.03924809962762813 0.34781497592594424 0.6100020102826171 0.35 0.85 0.85 0.35 0.75 0.7 0.9 0.75 0.35 0.95 0.95 0.25 0.15 0.5 0.9 0.4 0.9 0.95 0.65 0.7 0.5 0.5 0.95 0.6 1.0 0.55 0.5 0.35 1.0 0.45 0.95 0.9 0.5 0.95 0.8 0.85 
-0.08799902931056458 0.5729947930638645 0.3717968346092527 1.0 0.15 0.8 0.3 0.25 0.25 1.0 0.4 0.55 0.9 0.25 0.75 0.2 0.5 0.25 0.9 0.4 0.65 0.8 0.7 0.55 0.75 0.65 0.6 0.35 0.7 0.25 1.0 0.45 0.45 0.9 0.95 0.65 0.75 0.5 0.0 
-0.02891900379772347 0.6957065297563988 0.5075496060093041 1.0 0.7 0.15 0.75 0.45 0.95 1.0 0.35 0.45 0.8 0.95 0.3 0.35 0.2 0.65 0.65 0.75 0.85 0.85 0.15 0.15 0.7 0.4 0.45 0.95 0.05 0.8 0.05 0.75 0.0 0.9 0.85 0.35 0.8 0.35 0.2 
-0.014642547282487412 0.7100194180174121 0.4877598238823121 0.8 0.7 0.15 0.75 0.45 0.95 1.0 0.35 0.5 0.9 0.95 0.3 0.35 0.2 0.55 0.65 0.75 0.85 0.35 0.15 0.15 0.7 0.4 0.45 0.95 0.05 0.8 0.05 0.5 0.85 0.9 0.85 0.35 0.8 0.35 0.2 
-0.004126757555520138 0.6813355940869781 0.6049373119585102 0.65 0.7 0.4 0.65 0.45 0.5 1.0 0.35 0.45 0.4 0.95 0.35 0.1 0.7 0.05 0.8 0.0 0.2 0.75 0.15 0.3 0.7 0.4 0.45 0.95 0.05 0.8 0.1 0.3 0.85 0.9 0.85 0.35 0.55 0.35 0.2 
-0.008605653181497164 0.6893514447964568 0.5324512865752309 1.0 0.7 0.4 0.75 0.45 0.95 0.9 0.35 0.6 0.8 0.95 0.35 0.05 0.2 0.1 0.5 0.7 0.35 1.0 0.15 0.3 0.7 0.4 0.45 0.95 0.05 0.8 0.05 0.8 0.9 0.45 0.85 0.35 0.55 0.35 0.2 
-0.026815801361933476 0.6843794999259153 0.5436486370465826 1.0 0.7 0.4 0.75 0.9 0.95 0.95 0.35 0.45 0.25 0.95 0.3 0.05 0.2 0.7 0.5 0.75 0.35 0.1 0.15 0.55 0.65 0.4 0.45 0.95 0.05 0.8 0.05 0.75 1.0 0.9 0.85 0.35 0.55 0.35 0.2 
-0.008187007473598355 0.6741007458214957 0.5641537998472438 1.0 0.7 0.4 0.75 0.45 0.95 0.9 0.35 0.6 0.8 0.95 0.35 0.05 0.2 0.7 0.5 0.75 0.35 1.0 0.15 0.3 1.0 0.4 0.45 0.95 0.05 0.8 0.05 0.8 0.0 0.9 0.85 0.35 0.55 0.35 0.2 
-0.02162584949843408 0.3677785449900767 0.6032785343201719 0.35 0.85 0.85 0.35 0.75 0.7 0.9 0.75 0.35 0.95 0.95 0.25 0.15 0.5 0.9 0.4 0.9 0.95 0.2 0.7 0.5 0.5 0.95 0.6 1.0 0.55 0.5 0.35 1.0 0.45 0.95 0.9 0.5 0.95 0.8 0.85 
-0.0006950110792641018 0.608800649167487 0.3903696835158159 0.35 0.15 0.8 0.25 0.25 0.25 1.0 0.4 0.55 0.9 0.25 0.75 0.4 0.5 0.25 0.6 0.7 0.4 0.9 0.7 0.05 0.75 0.55 0.6 0.8 0.4 0.25 1.0 0.45 0.45 0.9 0.95 0.65 0.75 0.5 0.0 
-0.10369739413700937 0.5324941926159095 0.679521611771203 0.8 0.95 0.6 0.9 0.85 0.1 0.75 0.5 0.5 0.7 0.35 0.55 0.35 0.45 0.5 0.45 0.15 1.0 1.0 1.0 0.8 0.9 0.0 0.35 0.9 0.55 0.6 0.5 0.7 0.4 0.9 0.85 0.5 0.15 0.1 0.55 
-0.02293970752779892 0.6788072108686076 0.5965596159918335 0.65 0.7 0.4 0.65 0.45 0.5 1.0 0.35 0.45 0.4 0.95 0.35 0.1 0.7 0.05 0.8 0.0 0.2 0.75 0.15 0.3 0.7 0.4 0.45 0.95 0.05 0.8 0.1 0.5 0.85 0.9 0.85 0.35 0.55 0.35 0.2 
-0.013158405831886804 0.4684739684590129 0.6405297226785707 0.7 0.85 0.45 0.55 0.8 0.6 0.7 0.75 0.4 0.9 0.05 0.25 0.55 0.65 0.7 0.4 0.9 0.95 0.95 0.35 0.6 0.85 0.95 0.5 0.85 0.55 0.5 0.5 0.05 0.75 0.6 0.9 0.15 0.7 0.75 0.75 
-0.002914765847994716 0.509915116970918 0.6778516334864707 0.9 0.95 0.6 0.9 0.85 0.9 0.75 0.5 0.5 0.75 0.35 0.55 0.35 0.15 0.85 0.45 0.45 1.0 0.75 1.0 0.9 0.95 0.0 0.35 0.9 0.5 0.6 0.75 0.7 0.4 0.95 0.85 0.5 0.15 0.1 0.55 
-0.002905613495496066 0.36832519620260784 0.6262541795938592 0.7 0.85 0.4 0.35 0.6 0.6 0.9 0.05 0.4 0.9 1.0 0.25 0.15 0.65 0.7 0.4 0.45 0.75 0.9 0.35 0.6 0.15 0.95 0.6 1.0 0.55 0.5 0.15 0.3 0.05 0.9 0.9 0.5 0.95 0.8 0.85 
-0.060369876441289425 0.6450418682432371 0.5888511500268985 0.65 0.7 0.4 0.65 0.45 0.95 0.7 0.35 0.45 0.4 1.0 0.3 0.1 0.7 0.05 0.8 0.65 0.2 0.9 0.15 0.3 0.7 0.4 0.45 0.8 0.05 0.8 0.1 0.4 0.85 0.9 0.85 0.35 0.55 0.35 0.2 
-0.7611895948637986 0.5067477869835679 0.37787341587522383 1.0 0.15 0.8 0.3 0.25 0.25 1.0 0.4 0.75 1.0 0.25 0.75 0.4 0.35 0.25 0.9 0.4 0.3 0.9 0.7 0.4 0.95 0.55 0.6 0.4 0.65 0.45 1.0 0.45 0.45 0.9 0.95 0.65 0.75 0.5 0.0 
-0.015986963852949405 0.6590478371601346 0.5564776918999268 0.85 0.05 0.65 0.75 0.45 0.95 0.95 0.35 0.65 0.4 0.85 0.25 0.85 0.7 0.05 0.8 0.5 0.5 0.9 0.25 0.3 0.75 0.4 0.45 1.0 0.05 0.9 0.1 0.25 0.35 0.9 0.8 0.35 0.55 1.0 0.2 
-0.010149667080810864 0.6644410177755388 0.5923158736419749 0.0 0.7 0.6 0.75 0.45 0.95 0.9 0.35 0.35 0.55 1.0 0.3 0.1 0.05 0.05 0.8 0.75 0.2 0.5 0.15 0.15 0.7 0.4 0.45 0.95 0.05 0.8 0.1 0.75 0.85 0.9 0.85 0.35 0.55 0.35 0.2 
-0.007521613206909876 0.6729446464122247 0.5805175608698365 0.65 0.7 0.4 0.65 0.45 0.5 1.0 0.35 0.45 0.4 0.95 0.35 0.1 0.7 0.05 0.8 0.0 0.2 0.75 0.15 0.3 0.7 0.4 0.45 0.95 0.05 0.8 0.1 0.5 0.85 0.75 0.85 0.35 0.55 0.35 0.2 
-0.006477446237736673 0.46401659244949756 0.670913069316601 0.55 0.85 0.05 0.35 0.7 0.65 0.9 0.75 0.35 0.95 1.0 0.25 0.15 0.3 0.7 0.4 0.45 0.75 0.85 0.35 0.55 0.65 0.95 0.55 1.0 0.55 0.5 0.25 0.0 0.8 0.9 0.9 0.5 1.0 0.65 0.85 
-0.01471797380520489 0.3699869594038435 0.6314035844699457 0.05 0.85 0.85 0.35 0.75 0.7 0.9 0.75 0.35 0.95 0.95 0.25 0.15 0.5 0.9 0.4 0.2 0.95 0.4 0.35 0.5 0.5 0.95 0.6 1.0 0.55 0.5 0.35 1.0 0.45 0.8 0.9 0.85 0.95 0.8 0.85 
-0.12996896767217184 0.3729578106965531 0.6792984715117343 0.05 0.85 0.85 0.35 0.75 0.7 0.9 0.75 0.35 0.95 0.95 0.25 0.15 0.5 0.9 0.4 0.9 0.95 0.65 0.35 0.5 0.5 0.95 0.6 1.0 0.55 0.5 0.35 1.0 0.45 0.95 0.9 0.5 0.95 0.8 0.85 
-0.017375666820712635 0.4510290422650601 0.6449483108634737 0.7 0.85 0.4 0.35 0.35 0.6 0.9 0.75 0.4 0.95 0.05 0.25 0.15 0.65 0.7 0.4 0.45 0.75 0.95 0.35 0.6 0.65 0.95 0.6 0.95 0.55 0.45 0.0 0.05 0.85 0.9 0.9 0.5 0.85 0.8 0.85 
-0.05993489246798357 0.704130667406554 0.6166778568404476 0.65 0.05 0.65 0.75 0.45 0.95 0.9 0.35 0.55 0.4 0.9 0.25 0.1 0.7 0.05 0.1 0.15 0.65 0.9 0.25 0.3 0.7 0.4 0.45 1.0 0.05 0.8 0.1 0.25 0.85 0.9 0.8 0.35 0.55 0.35 0.2 
-0.03453303171270824 0.3564636877776699 0.39968672670620625 0.35 0.45 0.85 0.35 0.45 0.1 0.95 0.75 0.15 0.85 0.95 0.25 0.5 0.4 0.9 0.4 0.15 0.8 0.6 0.7 0.8 0.85 0.8 0.45 0.85 0.55 0.75 0.55 0.25 0.3 0.9 0.05 0.35 0.9 0.8 0.85 
-0.0680556306670282 0.3564076068609907 0.6360140962255001 0.7 0.2 0.85 0.35 0.4 0.4 0.8 0.0 0.4 0.95 0.95 0.25 0.4 0.15 0.9 0.4 0.9 0.95 0.75 0.3 0.35 0.8 0.95 0.6 0.85 0.55 0.5 0.35 0.05 0.85 0.45 0.0 0.65 0.95 0.8 0.85 
-0.021830511166462487 0.6911387790789375 0.6029569465412787 0.65 0.05 1.0 0.65 0.45 0.95 0.9 0.35 0.55 0.4 0.85 0.25 0.85 0.7 0.05 0.8 0.15 0.65 0.9 0.25 0.3 0.75 0.4 0.45 0.95 0.05 0.8 0.45 1.0 0.85 0.9 0.8 0.35 0.55 0.35 0.2 
-0.045451660306046096 0.6266131570944447 0.6234616469412495 0.65 0.7 0.5 0.1 0.45 0.95 0.7 0.35 0.6 0.3 0.1 0.65 0.1 0.7 0.4 0.75 0.1 0.2 0.9 0.2 0.3 0.7 0.4 0.45 0.95 0.05 0.75 0.1 0.75 0.0 0.9 0.85 0.35 0.55 0.35 0.85 
-0.004753197820916198 0.6569035445422593 0.6135722432850028 0.85 0.05 0.65 0.75 0.45 0.95 0.95 0.35 0.65 0.4 0.85 0.25 0.85 0.7 0.05 0.8 0.5 0.5 0.9 0.25 0.3 0.75 0.4 0.45 1.0 0.05 0.9 0.1 0.25 0.35 0.9 0.8 0.35 0.55 0.35 0.2 
-0.07669417479503765 0.5958980564224606 0.673044214496282 0.55 0.7 0.5 0.1 0.45 0.95 0.7 0.35 0.6 0.8 0.1 0.65 0.1 0.7 0.4 0.75 0.1 0.2 0.9 0.2 0.3 0.6 0.4 0.45 0.95 1.0 0.75 0.1 0.75 0.0 0.9 0.85 0.35 0.7 0.35 0.85 
-0.05040312073552657 0.39880923814376656 0.649412088426383 0.7 0.85 0.45 0.55 0.6 0.6 0.7 0.75 0.4 0.9 0.05 0.25 0.55 0.65 0.7 0.4 0.9 0.95 0.8 0.35 0.6 0.85 0.95 0.5 0.85 0.55 0.5 0.5 0.05 0.75 0.6 0.9 0.15 0.95 0.75 0.85 
-0.002643272591990777 0.350839855765483 0.6686221389291321 0.7 0.85 0.05 0.35 0.75 0.6 1.0 0.75 0.4 0.9 0.95 0.25 0.25 0.1 0.7 0.75 0.9 0.55 0.8 0.35 0.8 0.55 0.0 0.6 1.0 0.55 0.5 0.25 0.05 0.85 0.45 0.9 0.15 0.95 0.8 0.85 
-0.002890149523120605 0.37685703526970765 0.661001775017265 0.75 0.2 0.85 0.35 0.4 0.6 0.8 0.0 0.4 0.95 0.95 0.25 0.4 0.15 0.9 0.4 0.9 0.95 0.75 0.3 0.35 0.8 0.95 0.6 0.85 0.55 0.5 0.45 0.05 0.85 0.45 0.0 0.75 0.95 0.8 0.85 
-0.042867701246779334 0.66232092144993 0.6275089042096981 0.65 0.05 0.65 0.75 0.45 0.95 0.9 0.35 0.55 0.4 1.0 0.25 0.1 0.7 0.05 0.8 0.15 0.65 0.9 0.25 0.3 0.7 0.4 0.45 0.95 0.05 0.8 0.1 0.25 0.85 0.9 0.8 0.35 0.55 0.35 0.2 
-0.022078117279271954 0.6933014748011936 0.5581030035482529 1.0 0.7 0.4 0.75 0.45 0.95 0.9 0.35 0.6 0.8 0.95 0.35 0.05 0.2 0.7 0.5 0.75 0.35 0.5 0.15 0.4 0.7 0.4 0.45 0.95 0.05 0.8 0.05 0.75 1.0 0.9 0.85 0.35 0.55 0.35 0.2 
-0.006923610258573011 0.639443081898584 0.6606367930867392 0.6 0.7 0.5 0.65 0.85 0.6 0.95 0.35 0.35 0.7 1.0 0.5 0.55 0.7 0.9 0.5 0.75 0.4 0.85 0.2 0.3 0.7 0.4 0.45 0.45 0.05 0.25 0.1 0.4 0.85 0.95 0.85 0.4 0.5 0.35 0.85 
-0.022193062242777815 0.39453784662539937 0.3920643330073603 0.05 0.8 0.85 0.35 0.65 0.9 1.0 0.75 0.35 0.95 0.95 0.25 0.1 0.1 0.9 0.85 0.2 0.95 0.55 0.3 0.3 0.8 0.95 0.75 0.25 0.55 0.5 0.55 0.05 0.9 1.0 0.0 0.05 0.9 0.8 0.85 
-0.06252765491734344 0.3230536226594285 0.5674583807891512 0.05 0.8 0.85 0.35 0.3 0.9 0.45 0.65 0.4 0.95 0.95 0.25 0.1 0.45 0.9 0.8 0.2 0.95 0.8 0.3 0.3 0.8 0.95 0.75 1.0 0.55 0.5 0.55 0.05 0.9 1.0 0.0 0.4 1.0 0.8 0.85 
-0.01629236490610837 0.6323219771355711 0.6415652903734906 0.65 0.7 0.5 0.2 0.45 0.95 0.85 0.35 0.6 0.4 1.0 0.1 0.1 0.1 0.4 0.75 0.1 0.2 0.9 0.2 0.3 0.9 0.4 0.45 0.95 0.05 0.75 0.1 0.2 0.9 0.9 0.85 0.35 0.65 0.35 0.85 
-0.046126389181038466 0.6185666730918026 0.6488913414532238 0.55 0.2 0.15 1.0 0.85 0.15 0.95 0.35 0.6 0.7 1.0 0.6 0.1 0.5 0.25 0.05 0.9 0.85 0.95 0.2 0.3 0.65 0.4 0.45 0.95 1.0 0.8 0.1 0.75 0.55 0.85 0.9 0.4 0.85 0.35 0.95 
-0.0310199901118673 0.3120008170656948 0.6701871886683679 0.05 0.85 0.85 0.35 0.75 0.7 0.9 0.75 0.5 0.8 0.95 0.25 0.15 0.5 0.8 0.4 0.9 0.95 0.65 0.35 0.5 0.8 0.95 0.6 0.9 0.55 0.5 0.35 1.0 0.45 0.95 0.9 0.5 0.95 0.8 0.85 
-0.048794122725190625 0.3254008355901663 0.6171362150463913 0.05 0.85 0.85 0.35 0.75 1.0 0.9 0.8 0.2 0.8 0.95 0.25 0.15 0.5 0.8 0.4 0.9 0.95 0.6 0.3 0.4 0.5 0.95 0.6 1.0 0.55 0.5 0.45 1.0 0.45 0.95 0.9 0.5 0.95 0.8 0.85 
-0.07105338164488353 0.35608519562700347 0.6750225565575972 0.05 0.85 0.85 0.35 0.75 0.7 0.9 0.75 0.35 0.95 0.95 0.25 0.15 0.5 0.9 0.4 0.9 0.95 0.65 0.35 0.5 0.55 0.95 0.6 1.0 0.55 0.5 0.35 1.0 0.4 0.95 0.9 0.5 0.95 0.8 0.85 
-0.024792885873699218 0.29974295651783234 0.5681543943561352 0.05 0.8 0.85 0.35 0.3 0.9 0.45 0.75 0.4 0.95 0.95 0.25 0.1 0.45 0.9 0.4 0.2 0.95 0.8 0.3 0.3 0.8 0.95 0.75 1.0 0.55 0.5 0.55 0.05 0.9 1.0 0.0 0.4 0.9 0.8 0.85 
-0.05207308291325729 0.33304596166970935 0.6858358003004543 0.7 0.85 0.05 0.35 0.75 0.6 1.0 0.75 0.4 0.9 0.95 0.25 0.25 0.1 0.7 0.4 0.9 0.55 0.8 0.35 0.4 0.55 0.0 0.6 1.0 0.55 0.5 0.25 0.05 0.85 0.45 0.9 0.15 0.95 0.8 0.85 
-0.016040196375428143 0.32905324882460174 0.6531596964439642 0.7 0.85 0.05 0.35 0.75 0.6 0.9 0.75 0.4 0.95 0.95 0.25 0.15 0.5 0.7 0.4 0.9 0.95 0.7 0.35 0.5 0.5 0.95 0.6 0.85 0.55 0.5 0.25 0.05 0.85 0.75 0.9 0.65 0.95 0.8 0.85 
-0.040820096004440094 0.3803973216023885 0.7134663467294348 0.7 0.85 0.05 1.0 0.9 0.6 0.9 0.75 0.4 0.9 0.95 0.25 0.25 0.95 0.7 0.4 0.9 0.85 0.8 0.35 0.4 0.55 0.0 0.6 1.0 0.55 0.5 0.25 0.05 0.75 0.85 0.9 0.8 0.95 0.8 0.85 
-0.07302419963928344 0.7218400655767306 0.5623344065133162 0.85 0.05 0.65 0.75 0.45 0.95 0.95 0.35 0.55 0.4 0.85 0.25 0.85 0.7 0.05 0.8 0.15 0.5 0.9 0.25 0.3 0.75 0.4 0.45 1.0 0.05 0.8 0.1 0.25 0.45 0.9 0.8 0.35 0.9 0.35 0.2 
-0.44704876685298933 0.721459711842245 0.5202030127811917 1.0 0.7 0.4 0.75 0.45 0.65 0.9 0.35 0.6 0.8 0.95 0.3 0.05 0.65 0.7 0.5 0.9 0.35 0.65 0.15 0.15 0.65 0.4 0.45 0.9 0.05 0.8 0.05 0.75 1.0 0.9 0.85 0.35 0.55 0.35 0.2 
-0.04815901739840674 0.30052663305976346 0.656068475992592 0.05 0.85 0.85 0.35 0.15 1.0 0.9 0.8 0.5 0.8 0.95 0.3 0.15 0.5 0.8 0.4 0.9 0.95 0.6 0.35 0.4 0.5 0.95 0.6 1.0 0.55 0.5 0.45 1.0 0.45 0.95 0.9 0.5 0.95 0.8 0.85 
-0.015949625532752823 0.27401330978357086 0.5717191679085252 0.05 0.2 0.85 0.35 0.8 0.9 1.0 0.75 0.45 0.95 0.95 0.25 0.1 0.45 0.9 0.4 0.2 0.95 0.8 0.3 0.65 0.65 0.95 0.55 1.0 0.55 0.5 0.3 0.05 0.85 0.95 0.0 0.25 0.85 0.8 0.85 
-0.041025576856259065 0.31633347472182416 0.5896493344590543 0.05 0.85 0.85 0.35 0.75 0.7 0.9 0.75 0.5 0.8 0.95 0.25 0.15 0.5 0.8 0.4 0.75 0.95 0.65 0.35 0.5 0.5 0.95 0.75 1.0 0.55 0.5 0.35 1.0 0.4 0.95 0.9 0.5 0.95 0.8 0.85 
-0.019410976643116806 0.7026502184160365 0.5402295986939464 0.25 0.05 0.65 0.75 0.45 0.95 0.95 0.35 0.55 0.4 0.9 0.25 0.85 0.7 0.05 0.8 0.15 0.55 0.9 0.25 1.0 0.75 0.4 0.45 0.75 0.05 0.8 0.1 0.25 0.45 0.9 0.8 0.35 0.55 0.35 0.2 
-0.0037406220408381582 0.4257136844609061 0.6639393313072619 0.7 0.85 0.05 0.35 0.35 0.65 0.9 0.75 0.35 0.9 1.0 0.25 0.15 0.3 0.7 0.4 0.45 0.75 0.85 0.35 0.55 0.65 0.95 0.55 1.0 0.55 0.5 0.25 0.05 0.85 0.6 0.25 0.5 0.95 0.8 0.85 
-0.014387221071288673 0.30905702998106044 0.6352374435284673 0.05 0.45 0.85 0.35 0.75 1.0 0.9 0.8 0.5 0.8 0.95 0.25 0.05 0.5 0.55 0.4 0.9 0.95 0.25 0.35 0.4 0.5 0.95 0.6 1.0 0.55 0.5 0.45 1.0 0.45 0.95 0.9 0.2 0.8 0.8 0.85 
-0.06467653984273553 0.3133492080921425 0.48733621152573425 0.05 0.8 0.85 0.35 0.65 0.9 1.0 0.75 0.65 0.95 0.95 0.25 0.1 0.1 0.85 0.85 0.2 0.95 0.55 0.3 0.3 0.8 0.95 0.75 0.7 0.55 0.5 0.55 0.05 0.9 0.95 0.0 0.35 0.9 0.8 0.85 
-0.044385439100051695 0.40029180628734695 0.6796850298332587 0.05 0.85 0.85 0.35 0.15 1.0 0.9 0.0 0.5 0.8 0.95 0.3 0.15 0.5 0.8 0.4 0.9 0.95 0.6 0.35 0.4 0.5 0.95 0.6 1.0 0.55 0.45 0.45 1.0 0.45 0.95 0.9 0.5 0.95 0.8 0.85 
-0.03959713522380548 0.29696753173561063 0.5773535909807912 0.05 0.85 0.85 0.35 0.75 0.7 0.9 0.75 0.5 0.8 0.95 0.25 0.15 0.5 0.8 0.95 0.75 0.95 0.65 0.35 0.5 0.5 0.85 0.6 1.0 0.55 0.5 0.35 1.0 0.4 0.95 0.9 0.5 0.95 0.8 0.85 
-0.12315867375567997 0.7243259017048284 0.5080820498224295 1.0 0.7 0.15 0.75 0.45 0.95 1.0 0.35 0.45 0.8 0.95 0.3 0.05 0.2 0.7 0.5 0.75 0.35 0.75 0.15 0.15 0.7 0.4 0.45 0.95 0.05 0.8 0.05 0.75 1.0 0.9 0.85 0.35 0.55 0.35 0.2 
-0.002245033153361081 0.29584223137508303 0.5249782524738361 0.7 0.8 0.85 0.35 0.45 0.6 0.85 0.75 0.65 0.95 0.95 0.25 0.1 0.15 0.9 0.4 0.9 0.95 0.8 0.3 0.5 0.6 0.95 0.6 0.85 0.55 0.5 0.25 0.05 0.85 0.75 0.0 0.5 0.95 0.8 0.85 
-0.011888317960450792 0.2965390788245321 0.6191498154697173 0.05 0.85 0.85 0.35 0.15 1.0 0.9 0.8 0.5 0.8 0.95 0.3 0.15 0.5 0.8 0.4 0.9 0.95 0.6 0.35 0.4 0.5 0.95 0.6 1.0 0.55 0.5 0.5 1.0 0.45 0.95 0.9 0.5 0.95 0.8 0.85 
-0.020645383622709367 0.3468027810000862 0.40863486651856834 0.05 0.8 0.85 0.35 0.7 0.9 1.0 0.75 0.45 0.95 0.95 0.25 0.75 0.55 0.9 0.4 0.2 0.3 0.85 0.3 0.25 0.8 0.95 0.75 0.45 0.55 0.5 0.35 0.05 0.85 0.95 0.0 0.3 1.0 0.8 0.85 
-0.006574100599879464 0.4464556526132709 0.6739390214437859 0.7 0.85 0.45 0.55 0.8 0.6 0.7 0.75 0.4 0.9 0.05 0.25 0.55 0.65 0.65 0.4 0.9 0.95 0.95 0.35 0.6 0.85 0.95 0.5 0.85 0.55 0.5 0.5 0.05 0.75 0.65 0.9 0.15 0.95 0.75 0.85 
-0.05236123915669199 0.7061306598463177 0.4630723786147031 0.35 0.8 0.8 0.7 0.25 0.25 1.0 0.4 0.3 0.85 0.25 0.75 0.4 0.5 0.25 0.9 0.7 0.4 0.9 0.7 0.65 0.75 0.65 0.6 0.4 0.25 0.55 1.0 0.45 0.45 0.9 0.95 0.65 0.5 0.45 0.0 
-0.017037515266291096 0.6385431809098173 0.3887074069576492 0.35 0.15 0.75 0.25 0.05 0.25 1.0 0.4 0.55 0.95 0.25 0.75 0.4 0.05 0.1 0.9 0.7 0.95 1.0 0.7 0.6 0.75 0.55 0.6 0.6 0.25 0.95 1.0 0.45 0.45 0.9 0.95 0.65 0.6 0.45 0.0 
-0.06734223528280664 0.2645640773964012 0.5445824647586499 0.05 0.2 0.85 0.35 0.3 0.9 1.0 0.75 0.4 0.95 0.95 0.25 0.1 0.45 0.9 0.4 0.2 0.95 0.8 0.3 0.3 0.8 0.95 0.55 1.0 0.55 0.5 0.3 0.05 0.85 0.8 0.0 0.25 0.9 0.85 0.85 
-0.11290889869653362 0.7261289943051479 0.5505427669604668 1.0 0.7 0.4 0.75 0.45 0.95 0.9 0.35 0.6 0.8 0.95 0.3 0.05 0.2 0.7 0.5 0.75 0.35 0.5 0.15 0.4 0.7 0.4 0.45 0.95 0.05 0.8 0.05 0.75 1.0 0.9 0.85 0.35 0.55 0.35 0.2 
-0.029453934882839185 0.605940500668313 0.6772906193873001 0.55 0.7 0.5 0.1 0.45 0.95 0.7 0.35 0.6 0.8 0.1 0.65 0.1 0.7 0.4 0.75 0.1 0.2 0.9 0.2 0.3 0.7 0.4 0.45 0.95 1.0 0.75 0.1 0.75 0.0 0.9 0.85 0.35 0.7 0.35 0.85 
-0.035367964674481334 0.3274573186835473 0.7064474216819859 0.05 0.85 0.85 0.35 0.75 0.9 0.9 0.8 0.5 0.8 0.95 0.25 0.15 0.5 0.8 1.0 0.9 0.95 0.65 0.35 0.45 0.5 0.95 0.6 1.0 0.55 0.5 0.45 1.0 0.45 0.95 0.9 0.5 0.95 0.8 0.85 
-0.04720076343588424 0.5418233158653792 0.3637339233020921 0.35 0.15 0.8 0.25 0.25 0.25 1.0 0.4 0.7 0.9 0.25 0.75 0.4 0.55 0.25 0.6 0.7 0.4 0.9 0.7 0.65 0.95 0.55 0.6 0.25 0.25 0.25 1.0 0.45 0.45 0.9 0.95 0.65 0.75 0.45 0.0 
-6.1948067941445695 0.6358468148070379 0.3745796560282839 0.35 0.95 0.1 0.25 0.05 0.25 1.0 0.4 0.45 0.95 0.25 0.75 0.4 0.5 0.55 0.9 0.7 0.4 0.85 0.7 0.65 0.75 0.55 0.6 0.9 0.95 0.95 1.0 0.45 0.45 0.9 0.95 0.65 0.6 0.45 0.0 
-0.04621835927674109 0.42247345897806476 0.6881233589186116 0.7 0.85 0.4 0.35 0.6 0.6 0.9 0.75 0.4 0.9 1.0 0.25 0.15 0.65 0.7 0.4 0.45 0.75 0.9 0.35 0.6 0.15 0.95 0.6 1.0 0.55 0.5 0.15 0.45 0.85 0.9 0.9 0.5 1.0 0.8 0.85 
-0.12173970202587477 0.4382328524188461 0.6911651048883642 0.7 0.85 0.4 0.35 0.6 0.6 0.9 0.75 0.4 0.9 1.0 0.25 0.15 0.65 0.7 0.4 0.45 0.75 0.9 0.35 0.6 0.15 0.95 0.6 1.0 0.55 0.5 0.15 0.45 0.85 0.9 0.9 0.5 0.95 0.8 0.85 
-0.013949509320839718 0.5034213334010383 0.6730049415384843 0.9 0.95 0.6 0.9 0.85 0.9 0.75 0.5 0.5 0.75 0.35 0.55 0.35 0.15 0.85 0.45 0.45 1.0 0.75 1.0 0.9 0.95 0.0 0.35 0.9 0.5 0.6 0.5 0.7 0.4 0.95 0.85 0.5 0.15 0.1 0.55 
-0.05729265916305895 0.3290568039377725 0.41119323676349906 0.05 0.8 0.85 0.35 0.3 0.9 1.0 0.75 0.4 0.95 0.95 0.25 0.1 0.45 0.9 0.4 0.2 0.95 0.8 0.3 0.15 0.8 0.95 0.75 1.0 0.55 0.5 0.55 0.05 0.9 1.0 0.0 0.4 0.9 0.8 0.85 
-0.05603612906717932 0.2982875330760296 0.5068911421195276 0.7 0.8 0.85 0.4 0.3 0.9 0.85 0.75 0.4 0.95 0.95 0.25 0.1 0.75 0.9 0.4 0.65 0.95 0.8 0.3 0.3 0.8 0.95 0.6 1.0 0.55 0.5 0.65 0.05 0.85 0.9 0.0 0.5 0.9 0.2 0.85 
-0.07647622856175208 0.7092658770778969 0.6057940606691772 0.65 0.45 0.65 0.75 0.45 0.95 0.9 0.35 0.5 0.4 0.9 0.25 0.1 0.7 0.05 0.1 0.15 0.65 0.9 0.25 0.3 0.7 0.4 0.45 1.0 0.05 0.8 0.1 0.25 0.85 0.9 0.8 0.35 0.55 0.35 0.2 
-0.008374976255876306 0.3711707462519813 0.3715025959898628 0.05 0.8 0.85 0.35 0.7 0.9 1.0 0.75 0.45 0.95 0.95 0.25 0.1 0.55 0.9 0.4 0.2 0.3 0.85 0.3 0.25 0.8 0.95 0.75 1.0 0.55 0.5 0.35 0.05 0.85 0.95 0.0 0.3 1.0 0.8 0.85 
-0.02134518263999657 0.6948164986686117 0.6466382278090712 0.85 0.05 0.65 0.75 0.45 0.95 0.95 0.35 0.65 0.4 0.85 0.25 0.85 0.7 0.05 0.8 0.5 0.5 0.9 0.25 0.3 0.75 0.4 0.45 1.0 0.05 0.8 0.1 0.25 0.35 0.9 0.8 0.35 0.55 0.35 0.2 
-0.05969889961325074 0.26806058496354246 0.5816697026310588 0.05 0.2 0.85 0.35 1.0 0.9 1.0 0.75 0.45 0.95 0.95 0.25 0.1 0.45 0.9 0.4 0.2 0.95 0.8 0.3 0.65 0.8 0.95 0.55 1.0 0.55 0.5 0.3 0.05 0.85 0.95 0.0 0.8 0.85 0.8 0.85 
-0.00984005537993521 0.39114015224003934 0.3809811814316866 0.05 0.85 0.95 0.35 0.7 0.9 1.0 0.75 0.4 0.45 0.95 0.25 0.55 0.45 0.75 0.8 0.2 0.95 0.8 0.3 0.3 0.8 0.95 0.75 1.0 0.55 0.75 0.3 0.05 0.85 0.65 0.0 0.75 0.9 0.8 0.85 
-0.04033164779752823 0.45006607591935777 0.7161290382208139 0.7 0.3 0.05 0.35 0.8 0.6 0.9 0.75 0.4 0.95 0.05 0.25 0.15 0.85 0.85 0.85 0.45 0.15 0.95 0.35 0.55 0.6 0.95 0.6 0.95 0.55 0.5 0.25 0.05 0.85 0.9 0.85 0.35 0.85 0.8 0.85 
-0.4543830589278983 0.46168987832387076 0.6914135423909143 0.7 0.85 0.05 0.35 0.85 0.6 0.9 0.75 0.4 0.95 0.05 0.25 0.15 0.85 0.7 0.85 0.45 0.75 0.95 0.35 0.6 0.6 0.95 0.6 0.95 0.55 0.5 0.25 0.05 0.85 0.9 0.85 0.35 0.7 0.8 0.85 
-0.03544481968501186 0.260482347028529 0.5145735646910855 0.05 0.2 0.85 0.35 0.3 0.9 1.0 0.75 0.4 0.95 0.95 0.25 0.1 0.45 0.9 0.4 0.2 0.95 0.8 0.3 0.3 0.8 0.95 0.55 1.0 0.55 0.5 0.3 0.05 0.85 0.8 0.0 0.25 0.9 0.8 0.85 
-0.11444408976829064 0.409270147756 0.6925537728426916 0.7 0.85 0.05 0.35 0.35 0.6 0.9 0.75 0.35 0.95 1.0 0.25 0.35 0.65 0.7 0.4 0.45 0.75 0.95 0.35 0.65 0.65 0.95 0.6 1.0 0.55 0.5 0.25 0.05 0.85 0.2 0.9 0.5 0.95 0.8 0.85 
-0.14443495127477546 0.5782436099695072 0.6804935748604755 0.0 0.7 0.5 0.1 0.45 0.95 0.7 0.35 0.6 0.8 0.1 0.65 0.1 0.7 0.4 0.75 0.1 0.2 0.9 0.2 0.3 0.7 0.4 0.45 0.95 1.0 0.75 0.2 0.75 0.0 0.9 0.85 0.35 0.55 0.35 0.85 
-0.04893497872083892 0.3466433014419701 0.7207260504912779 0.7 0.85 0.05 0.35 0.75 0.6 1.0 0.75 0.4 0.9 0.95 0.25 0.25 0.95 0.7 0.4 0.9 0.55 0.8 0.35 0.4 0.55 0.0 0.6 1.0 0.55 0.5 0.25 0.05 0.85 0.7 0.9 0.15 0.95 0.8 0.85 
-0.11024928710389514 0.3563611535837605 0.3832320368681747 0.05 0.95 0.95 0.35 0.85 0.0 1.0 0.75 0.45 0.85 0.95 0.25 0.75 0.45 0.9 0.4 0.2 0.35 0.5 0.3 0.3 0.8 0.95 0.75 1.0 0.55 0.6 0.3 0.05 0.85 0.8 0.0 0.55 0.9 0.8 0.85 
-0.04193895607431466 0.39916050584218654 0.3523578320106483 0.95 0.75 0.95 0.1 0.7 0.9 1.0 0.75 0.5 0.85 0.95 0.25 0.7 0.45 0.25 0.3 0.2 0.95 0.8 0.3 0.3 0.8 0.95 0.8 1.0 0.55 0.75 0.3 0.05 0.8 0.65 0.0 0.25 0.9 0.8 0.85 
-0.008123040191482375 0.6598469695818415 0.3984948438497701 0.35 0.15 0.75 0.25 0.25 0.25 1.0 0.4 0.6 0.95 0.25 0.75 0.4 0.5 0.35 0.1 0.95 0.4 0.9 0.7 0.65 0.45 0.55 0.6 0.4 0.75 0.95 0.95 0.45 0.45 0.9 0.9 0.65 0.6 0.45 0.0 
-0.0007695948987470954 0.29227742989066385 0.47975740274682693 0.05 0.2 0.85 0.35 0.3 0.9 1.0 0.75 0.4 0.95 0.95 0.25 0.1 0.45 0.9 0.4 0.2 0.95 0.8 0.3 0.3 0.8 0.95 0.55 0.6 0.55 0.5 0.3 0.05 0.85 1.0 0.0 0.25 0.9 0.8 0.85 
-0.06400100825010537 0.4168825474752471 0.7228346201514357 0.7 0.85 0.05 0.35 0.35 0.6 0.9 0.75 0.35 0.95 1.0 0.25 0.35 0.65 0.7 0.4 0.45 0.75 0.95 0.35 0.65 0.65 0.95 0.6 1.0 0.55 0.5 0.35 0.05 0.85 0.85 0.9 0.5 0.95 0.8 0.85 
-0.048150994398844876 0.6647695145917741 0.6786714875233746 0.85 0.2 0.5 0.65 0.85 0.6 0.95 0.35 0.6 0.7 1.0 0.5 0.1 0.2 0.9 0.95 0.9 0.4 0.95 0.2 0.3 0.7 0.4 0.45 0.95 1.0 0.8 0.1 0.75 0.6 0.7 0.85 0.4 0.5 0.35 0.85 
-0.008689539864548209 0.2723816063267651 0.6000301162132837 0.05 0.2 0.85 0.35 1.0 0.9 1.0 0.75 0.45 0.95 0.95 0.25 0.1 0.45 0.9 0.4 0.2 0.95 0.8 0.3 0.7 0.8 0.95 0.55 1.0 0.55 0.5 0.45 0.05 0.85 0.95 0.0 0.25 0.85 0.8 0.85 
-0.13427240981180844 0.7178525261170375 0.5866165562709316 0.65 0.05 0.65 0.75 0.45 0.95 0.9 0.35 0.55 0.4 0.9 0.25 0.1 0.7 0.05 0.7 0.15 0.65 0.9 0.25 0.3 0.65 0.4 0.45 1.0 0.05 0.8 0.1 0.25 0.85 0.9 0.8 0.35 0.55 0.35 0.2 
-0.0036999291404446796 0.37798067193521057 0.3424119821197536 0.05 0.8 0.85 0.35 0.7 0.4 1.0 0.75 0.45 0.95 0.95 0.25 0.1 0.55 0.9 0.5 0.15 0.3 0.85 0.3 0.25 0.95 0.95 0.75 1.0 0.55 0.8 0.35 0.05 0.9 0.95 0.0 0.65 1.0 0.8 0.85 
-3.802965570346837 0.4963216828163875 0.7322946617880811 0.7 0.85 0.05 0.1 0.35 0.6 0.9 0.75 0.4 0.95 0.05 0.25 0.15 0.65 0.7 0.4 0.45 0.75 0.95 0.35 0.8 0.65 0.95 0.6 0.95 0.55 0.45 0.25 0.05 0.85 0.9 0.9 0.5 0.85 0.8 0.85 
-0.08356845628316045 0.6355775601701656 0.7048337956517344 0.55 0.2 0.5 0.65 0.85 0.6 0.95 0.35 0.6 0.7 1.0 0.6 0.1 0.5 0.25 0.05 0.0 0.4 0.95 0.2 0.3 0.65 0.4 0.45 0.95 1.0 0.8 0.1 0.95 0.55 1.0 0.85 0.4 0.85 0.35 0.85 
-0.299698934188405 0.7017602722484226 0.4550278328754323 0.35 0.7 0.8 0.25 0.25 0.25 1.0 0.4 0.3 0.85 0.25 0.75 0.4 0.5 0.05 0.9 0.7 0.95 0.85 0.7 0.65 0.8 0.65 0.6 0.4 0.25 0.65 1.0 0.45 0.45 0.9 0.95 0.65 0.5 0.45 0.0 
-0.020417599973596007 0.36691237774661734 0.7138020622439714 0.7 0.85 0.05 0.35 0.75 0.3 1.0 0.75 0.4 0.9 0.95 0.25 0.25 0.95 0.7 0.4 0.9 0.55 0.8 0.35 0.4 0.55 0.0 0.6 1.0 0.55 0.5 0.25 0.05 0.85 0.7 0.9 0.75 0.95 0.8 0.85 
-0.03890635168012174 0.6687247120491888 0.6729810484783342 0.85 0.2 0.5 0.65 0.85 0.6 0.95 0.35 0.6 0.7 1.0 0.5 0.1 0.2 0.9 0.95 0.9 0.4 0.95 0.2 0.3 0.7 0.4 0.45 0.95 1.0 0.8 0.1 0.7 0.6 0.7 0.85 0.4 0.5 0.35 0.85 
-0.1777091531065394 0.38802178472135584 0.7169355206517731 0.7 0.3 0.4 0.35 0.6 0.6 0.9 0.75 0.4 0.9 1.0 0.25 0.7 0.85 0.7 0.6 0.45 0.75 0.9 0.35 0.6 0.5 0.95 0.6 0.95 0.55 0.5 0.15 0.05 0.85 0.9 0.9 0.5 0.95 0.8 0.8 
-0.27933995103527326 0.5057577520189304 0.7035349024306073 0.55 0.2 0.2 0.65 0.85 0.95 0.95 0.35 0.6 0.95 0.15 0.55 0.1 0.3 0.9 0.75 0.9 0.4 0.95 0.2 0.3 0.65 0.4 0.45 0.95 1.0 0.2 0.1 0.75 0.85 1.0 0.85 0.4 0.7 0.35 0.85 
-0.030448919975500227 0.28348025957313794 0.47808330710578023 1.0 0.5 0.85 0.35 1.0 0.9 1.0 0.75 0.4 0.95 0.95 0.25 0.1 0.45 0.9 0.4 0.2 0.95 0.85 0.3 0.3 0.8 0.95 0.55 0.75 0.55 0.5 0.3 0.05 0.85 0.75 0.0 0.25 0.85 0.8 0.85 
-0.3431286396897146 0.2579243093923719 0.5205770677465404 0.05 0.35 0.85 0.35 0.3 0.9 1.0 0.75 0.4 0.95 0.95 0.25 0.1 0.45 0.65 0.4 0.2 0.95 0.8 0.3 0.3 0.8 0.95 0.55 1.0 0.55 0.5 0.4 0.05 0.85 0.85 0.0 0.25 0.9 0.85 0.85 
-0.04922612272465058 0.41275524774526445 0.7564081097234107 0.7 0.85 0.05 0.35 0.7 0.65 0.9 0.75 0.35 0.9 1.0 0.25 0.15 0.3 0.7 0.3 0.45 0.75 0.85 0.35 0.55 0.65 0.95 0.55 1.0 0.55 0.5 0.25 0.0 0.8 0.85 0.9 0.5 1.0 0.8 0.85 
-0.042155661901909065 0.3551722728297383 0.7365313772293222 0.7 0.85 0.05 0.75 0.75 0.3 1.0 0.75 0.4 0.9 0.95 0.25 0.25 0.95 0.7 0.4 0.7 0.55 0.8 0.35 0.4 0.55 0.0 0.6 1.0 0.55 0.5 0.25 0.05 0.85 0.75 0.9 0.2 0.95 0.8 0.85 
-0.8991363383921498 0.4634782041870659 0.7101244666867627 0.7 0.3 0.4 0.35 0.6 0.6 0.9 0.75 0.4 0.9 1.0 0.1 0.15 0.85 0.7 0.4 0.45 0.75 0.75 0.35 0.6 0.5 0.95 0.6 0.95 0.55 0.5 0.15 0.05 0.85 0.9 0.9 0.5 0.95 0.8 0.85 
-0.011108170239808523 0.4528616407367618 0.3773829626286374 1.0 0.75 0.95 0.35 0.7 0.9 1.0 0.75 0.4 0.85 0.95 0.25 0.7 0.45 0.25 0.3 0.2 0.75 0.95 0.3 0.3 0.85 0.95 0.8 1.0 0.55 0.75 0.3 0.05 0.8 0.45 0.0 0.25 0.9 0.8 0.95 
-0.0231433489069467 0.6005668990823527 0.7095268845382007 0.55 0.2 0.15 1.0 0.85 0.15 0.95 0.35 0.6 0.7 1.0 0.6 0.1 0.5 0.25 0.05 0.9 0.85 0.95 0.2 0.3 0.65 0.4 0.45 0.95 1.0 0.8 0.1 0.0 0.55 0.85 0.9 0.4 0.85 0.35 0.85 
-0.07598836479544761 0.30417858900119843 0.43625931982883775 0.05 0.2 0.85 0.35 0.3 0.9 1.0 0.75 0.4 0.9 0.95 0.25 0.55 0.45 0.9 0.4 0.2 0.15 0.65 0.3 0.3 0.8 0.95 0.55 1.0 0.55 0.5 0.3 0.05 0.5 1.0 0.0 0.8 0.9 0.8 0.85 
-0.04309791574773625 0.4049673024717671 0.7388011740491917 0.7 0.85 0.05 0.35 0.7 0.65 0.9 0.75 0.35 0.9 1.0 0.25 0.15 0.3 0.7 0.4 0.45 0.75 0.85 0.35 0.55 0.65 0.95 0.55 1.0 0.55 0.5 0.25 0.0 0.6 0.9 0.9 0.5 0.95 0.8 0.85 
-0.0972909686874674 0.3770195719452924 0.7489525704179614 0.8 0.85 0.25 0.35 0.35 0.6 0.9 0.75 0.45 0.95 1.0 0.3 0.95 0.95 0.7 0.4 0.45 0.75 0.9 0.35 0.4 0.5 0.95 0.6 1.0 0.55 0.5 0.25 0.05 0.85 0.8 0.9 0.5 0.95 0.8 0.85 
-0.03306874107105654 0.43467970266457157 0.7360825226140442 0.7 0.85 0.05 0.35 0.7 0.65 0.9 0.75 0.35 0.95 1.0 0.25 0.15 0.3 0.7 0.4 0.45 0.75 0.85 0.35 0.55 0.65 0.95 0.55 1.0 0.55 0.5 0.25 0.0 0.8 0.9 0.9 0.5 1.0 0.8 0.85 
-0.027728416776136598 0.6790796918505809 0.4170879764310166 0.35 0.15 0.75 0.25 0.05 0.25 1.0 0.4 0.6 0.95 0.25 0.75 0.4 0.5 0.35 0.9 0.7 0.4 0.9 0.7 0.65 0.45 0.55 0.6 0.55 0.25 0.95 1.0 0.45 0.45 0.9 0.95 0.65 0.6 0.45 0.0 
-0.01093959824614541 0.6834139708868718 0.4544626155084106 0.35 0.7 0.8 0.25 0.25 0.25 1.0 0.4 0.3 0.9 0.25 0.75 0.4 0.5 0.25 0.9 0.7 0.4 0.4 0.7 0.65 0.75 0.65 0.6 0.4 0.25 0.65 1.0 0.45 0.45 0.9 0.95 0.65 0.5 0.45 0.0 
-0.001293796707068393 0.3220248883568555 0.4074193118596708 0.05 0.8 0.85 0.35 0.3 0.9 1.0 0.75 0.4 0.9 0.95 0.25 0.15 0.45 0.9 0.4 0.2 0.95 0.8 0.3 0.15 0.8 0.95 0.75 1.0 0.55 0.5 0.55 0.05 0.9 1.0 0.0 0.4 0.9 0.8 0.85 
-0.14401848555934343 0.46187050658844814 0.36549506342383997 0.05 0.8 0.85 0.35 0.7 0.9 1.0 0.75 0.45 0.95 0.95 0.25 0.1 0.25 0.9 0.4 0.2 0.3 0.45 0.3 0.25 1.0 0.95 0.75 1.0 0.55 0.8 0.3 0.05 0.85 0.75 0.1 0.3 0.75 0.8 0.85 
-1.1468702040958954 0.446965714033319 0.7497924924032773 0.7 0.85 0.05 0.35 0.7 0.65 0.9 0.85 0.35 0.9 1.0 0.25 0.15 0.45 0.7 0.4 0.75 0.2 0.85 0.35 0.65 0.65 0.95 0.55 1.0 0.55 0.5 0.25 0.0 0.65 0.95 0.9 0.5 1.0 0.8 0.85 
-0.12139361165194974 0.621090215442882 0.7094767137261843 0.55 0.2 0.15 1.0 0.85 0.6 0.95 0.35 0.6 0.7 1.0 0.6 0.1 0.5 0.25 0.05 0.9 0.85 0.95 0.2 0.3 0.65 0.4 0.45 0.95 1.0 0.8 0.25 0.0 0.55 1.0 0.9 0.4 0.85 0.35 0.85 
-0.005061559746266762 0.3274299347495103 0.3711382571023819 0.05 0.8 0.85 0.35 0.65 0.9 1.0 0.75 0.4 0.95 0.95 0.25 0.5 0.1 0.9 0.85 0.2 0.95 0.55 0.3 0.3 0.8 0.95 0.75 0.8 0.55 0.5 0.55 0.05 0.9 0.8 0.0 0.35 0.9 0.8 0.85 
-0.2335749371040727 0.5020361736316179 0.35992342757471163 0.35 0.15 0.8 0.25 0.25 0.25 1.0 0.4 0.7 0.9 0.25 0.75 0.4 0.55 0.25 0.6 0.7 0.4 0.9 0.7 0.65 1.0 0.55 0.6 0.8 0.9 0.25 1.0 0.45 0.45 0.9 0.95 0.65 0.75 0.45 0.0 
-1.5220242490281066 0.34043678298259505 0.726559393463814 0.8 0.85 0.25 0.35 0.35 0.6 0.9 0.75 0.45 0.95 1.0 0.3 0.95 0.95 0.7 0.4 0.45 0.05 0.6 0.35 0.4 0.5 0.95 0.6 1.0 0.55 0.5 0.05 0.05 0.85 0.8 0.9 0.5 0.95 0.8 0.85 
-2.2593667862797386 0.4516719677708761 0.7334396119563651 0.7 0.85 0.05 0.35 0.35 0.6 0.9 0.75 0.4 0.95 0.05 0.25 0.15 0.65 0.7 0.4 0.45 0.75 0.95 0.35 0.8 0.65 0.95 0.6 0.9 0.55 0.45 0.25 0.05 0.85 0.85 0.9 0.2 0.85 0.8 0.85 
-0.0386159709490797 0.30381586068650135 0.6920118721989547 0.05 0.85 0.85 0.35 0.75 1.0 0.9 0.8 0.5 0.8 0.95 0.25 0.15 0.5 0.8 0.4 0.9 0.95 0.6 0.35 0.4 0.5 0.95 0.6 1.0 0.55 0.5 0.45 1.0 0.45 0.95 0.9 0.5 0.95 0.8 0.85 
-0.028701020034781147 0.3663194828126801 0.3532661444850252 0.05 0.95 0.95 0.35 0.7 0.9 1.0 0.75 0.4 0.85 0.95 0.25 0.75 0.45 0.9 0.4 0.2 0.35 0.55 0.3 0.3 0.8 0.95 0.75 1.0 0.55 0.6 0.3 0.05 0.85 0.55 0.0 0.75 0.9 0.8 0.85 
-2.4965109186564693 0.30740465309608334 0.7255408230883192 0.9 0.85 0.45 0.45 0.25 0.6 1.0 0.75 0.5 0.95 0.9 0.2 0.15 0.8 0.7 0.95 0.9 0.35 0.9 0.35 0.5 0.6 0.95 0.6 0.95 0.55 0.5 0.25 0.05 0.8 0.9 0.85 0.55 1.0 0.8 0.9 
-1.7601471752476516 0.2539311081834149 0.6388033506689295 0.9 0.85 0.4 0.8 0.25 0.6 1.0 0.75 0.5 0.95 0.9 0.2 0.15 0.8 0.7 0.95 0.9 0.35 0.9 0.35 0.4 0.6 0.95 0.6 0.95 0.55 0.5 0.25 0.05 0.45 0.9 0.9 0.4 1.0 0.8 0.9 
-0.3248047848783259 0.4574458151898604 0.3295196745544533 0.05 0.8 0.85 0.35 0.7 0.9 1.0 0.75 0.5 0.95 0.95 0.25 0.1 0.55 0.9 0.4 0.2 0.3 0.65 0.3 0.25 1.0 0.95 0.75 1.0 0.55 0.8 0.4 0.05 0.85 0.9 0.0 0.2 0.75 0.8 0.85 
-0.02215531729081232 0.2851096149464649 0.6411949560382831 0.7 0.85 0.05 0.8 0.75 0.3 1.0 0.75 0.45 0.95 0.9 0.2 0.15 0.8 0.7 0.95 0.9 0.05 1.0 0.1 0.4 0.5 0.95 0.6 1.0 0.55 0.5 0.25 0.0 0.85 0.9 0.9 0.4 0.95 0.8 0.85 
-0.03071537005968064 0.26017764306170055 0.5591832448975436 0.35 0.2 0.2 0.35 1.0 0.9 1.0 0.75 0.45 0.95 0.95 0.25 0.7 0.25 0.9 0.4 0.2 0.95 0.8 0.3 0.3 0.8 0.95 0.55 1.0 0.55 0.5 0.3 0.05 0.8 0.95 0.95 0.25 0.85 0.8 0.85 
-0.10406446406906142 0.5670180590911089 0.7037012420237768 0.35 0.2 0.2 0.65 0.85 0.95 0.95 0.35 0.6 0.95 0.15 0.55 0.1 0.3 0.2 0.75 0.9 0.4 0.95 0.2 0.3 0.65 0.4 0.45 0.95 1.0 0.2 0.1 0.75 0.8 1.0 0.85 0.4 0.75 0.35 0.85 
-0.1026486294592948 0.4234358279785816 0.33202256403037933 0.05 0.8 0.85 0.35 0.7 0.9 1.0 0.75 0.45 0.95 0.95 0.25 0.1 0.55 0.9 0.4 0.2 0.3 0.85 0.3 0.25 0.95 0.95 0.75 1.0 0.55 0.8 0.35 0.05 0.85 0.95 0.0 0.3 1.0 0.8 0.85 
-0.028571537485377496 0.3611506672600103 0.32894139132431754 0.05 0.95 0.95 0.35 0.7 0.9 1.0 0.75 0.4 0.85 0.95 0.25 0.15 0.45 0.9 0.4 0.2 0.4 0.55 0.3 0.3 0.8 0.95 0.75 1.0 0.55 0.6 0.3 0.05 0.85 0.8 0.0 0.8 0.9 0.8 0.85 
-0.08705392655073632 0.2774653486949693 0.44421709854167807 0.05 0.8 0.85 0.35 0.3 0.9 1.0 0.75 0.4 0.95 0.95 0.25 0.1 0.45 0.9 0.4 0.2 0.95 0.8 0.3 0.3 0.8 0.95 0.75 1.0 0.55 0.5 0.55 0.05 0.9 1.0 0.0 0.4 0.9 0.8 0.85 
-0.0011325229377446946 0.309352514679077 0.4152442301772049 0.35 0.5 0.85 0.35 1.0 0.85 1.0 0.75 0.4 0.95 0.95 0.25 0.1 0.45 0.9 0.4 0.2 0.95 0.85 0.3 0.3 0.8 0.95 0.8 0.75 0.55 0.5 0.7 1.0 0.85 0.75 0.0 0.25 0.85 0.8 0.85 
-0.04587437628904847 0.2853770845076974 0.44703730840093536 0.05 0.8 0.85 0.35 0.3 0.9 1.0 0.75 0.4 0.95 0.95 0.25 0.1 0.45 0.9 0.4 0.2 0.95 0.8 0.3 0.3 0.8 0.95 0.75 1.0 0.55 0.5 0.55 0.05 0.9 1.0 0.0 0.75 0.9 0.8 0.85 
-0.039279951499696056 0.43268591802218226 0.3407116342496125 0.85 0.8 0.85 0.35 0.3 0.9 1.0 0.75 0.45 0.95 0.95 0.25 0.1 0.55 0.9 0.4 0.2 0.3 0.8 0.3 0.25 0.95 0.95 0.75 1.0 0.55 0.8 0.35 0.05 0.85 0.5 0.0 0.85 0.95 0.8 0.85 
-15.690671046946333 0.48789070228611253 0.32279296224896004 0.05 0.8 0.85 0.35 0.7 0.9 1.0 0.75 0.55 0.95 0.95 0.25 0.3 0.55 0.9 0.4 0.2 0.3 0.65 0.3 0.25 1.0 0.95 0.75 1.0 0.55 0.8 0.4 0.05 0.85 0.75 0.0 0.2 0.7 0.8 0.85 
-0.2791715883840687 0.43880697329220064 0.34919948069524354 0.05 0.8 0.95 0.35 0.7 0.9 1.0 0.75 0.4 0.85 0.95 0.25 0.75 0.45 0.9 0.4 0.2 0.2 0.55 0.3 0.3 0.8 0.95 0.75 1.0 0.55 0.85 0.3 0.05 0.8 0.85 0.0 0.75 0.9 0.8 0.85 
-0.10374252845697483 0.29357978851300726 0.6890713973532976 0.05 0.85 0.85 0.35 0.95 0.7 0.9 0.75 0.5 0.7 0.95 0.25 0.85 0.5 0.8 0.4 0.9 0.95 0.55 0.35 0.5 0.5 0.95 0.6 1.0 0.55 0.5 0.35 1.0 0.45 0.95 0.9 0.5 0.95 0.8 0.85 
-0.4230998899064945 0.4691308339267208 0.3454743015318677 0.05 0.8 0.85 0.35 0.7 0.9 1.0 0.75 0.5 0.95 0.95 0.25 0.9 0.55 0.9 0.4 0.2 0.3 0.9 0.3 0.25 1.0 0.95 0.75 1.0 0.55 0.8 0.4 0.05 0.85 0.75 0.0 0.3 0.75 0.8 0.85 
-0.007579751804675171 0.4264673361830936 0.36241510284905876 0.05 1.0 0.85 0.0 0.1 0.0 1.0 0.75 0.45 0.85 0.95 0.25 0.1 0.45 0.9 0.4 0.2 0.95 0.8 0.3 0.3 1.0 0.95 0.75 1.0 0.55 0.75 0.3 0.05 0.85 0.8 0.3 0.15 0.9 0.8 0.85 
-11.834479642307175 0.44621999151956526 0.30813480336534427 0.05 0.8 0.85 0.35 0.7 0.9 1.0 0.75 0.45 0.95 0.95 0.25 0.1 0.55 0.9 0.4 0.2 0.3 0.45 0.3 0.25 1.0 0.95 0.75 1.0 0.55 0.8 0.3 0.05 0.85 0.75 0.0 0.3 0.75 0.8 0.85 
-0.06247862760664638 0.42940942541894095 0.3315303272954787 0.05 0.8 0.85 0.35 0.7 0.9 1.0 0.75 0.45 0.95 0.95 0.25 0.1 0.55 0.9 0.4 0.2 0.3 0.8 0.3 0.25 0.95 0.95 0.75 1.0 0.55 0.8 0.35 0.05 0.85 0.75 0.0 0.85 0.95 0.8 0.85 
-1.0491544371572041 0.4682393162020621 0.7621235592315161 0.7 0.85 0.05 0.35 0.7 0.65 0.95 0.85 0.35 0.9 1.0 0.25 0.15 0.3 0.7 0.4 0.45 0.2 0.85 0.35 0.55 0.65 0.95 0.55 1.0 0.55 0.5 0.25 0.0 0.8 0.95 0.9 0.5 1.0 0.8 0.85 
-0.019588478751730812 0.3865863491244006 0.3253194926284003 0.95 0.75 0.95 0.35 0.7 0.9 1.0 0.75 0.4 0.85 0.95 0.25 0.7 0.45 1.0 0.3 0.2 0.95 0.8 0.3 0.3 0.8 0.95 0.8 1.0 0.55 0.75 0.3 0.05 0.8 0.65 0.0 0.25 0.7 0.8 0.85 
-21.232059749671954 0.4921837982969283 0.33075576706489673 0.05 0.8 0.85 0.35 0.8 0.9 1.0 0.75 0.5 0.95 0.95 0.25 0.9 0.55 0.9 0.4 0.9 0.3 0.9 0.35 0.25 1.0 0.95 0.75 1.0 0.55 0.8 0.4 0.05 0.85 0.75 0.0 0.3 0.75 0.8 0.85 
-0.16316903782748274 0.46228581097473204 0.3360359713686406 0.05 0.8 0.85 0.35 0.7 0.9 1.0 0.75 0.5 0.95 0.95 0.25 0.1 0.55 0.9 0.4 0.2 0.3 0.8 0.3 0.25 1.0 0.95 0.75 1.0 0.55 0.8 0.4 0.05 0.85 0.75 0.0 0.3 0.75 0.8 0.85 
-0.16302188272354573 0.4119209424727601 0.33107363462265704 0.05 0.8 0.85 0.35 0.7 0.9 1.0 0.75 0.45 0.95 0.95 0.25 0.1 0.55 0.9 0.4 0.15 0.3 0.85 0.3 0.25 0.95 0.95 0.75 1.0 0.55 0.8 0.35 0.05 0.85 0.95 0.0 0.65 1.0 0.8 0.85 
-0.2970151811671817 0.37560642433119534 0.7602159322092328 0.75 0.85 0.25 0.35 0.35 0.6 0.9 0.75 0.4 0.95 1.0 0.3 0.95 0.95 0.7 0.4 0.15 0.75 0.9 0.35 0.4 0.6 0.95 0.6 1.0 0.55 0.5 0.2 0.05 0.8 0.8 0.9 0.5 0.95 0.8 0.85 
-127.66671338571281 0.5323720164173444 0.33652636285420356 0.95 0.05 0.15 0.35 0.8 0.0 0.8 0.9 0.45 0.7 0.95 0.25 0.3 0.3 0.0 0.95 0.45 0.15 0.45 0.85 0.2 0.85 0.85 0.75 0.95 0.55 0.8 0.1 0.05 0.8 0.6 0.0 0.85 0.8 0.8 0.75 
-1.3721867407940733 0.45791205378604727 0.7442182934434085 0.7 0.85 0.05 0.35 0.7 0.65 0.9 0.85 0.35 0.9 1.0 0.25 0.15 0.3 0.7 0.4 0.45 0.2 0.85 0.35 0.65 0.65 0.95 0.55 1.0 0.55 0.5 0.25 0.0 0.8 0.95 0.9 0.5 1.0 0.8 0.85 
-0.0050138906879395075 0.37616077969947775 0.32501002700871273 0.05 0.95 0.15 0.35 0.7 0.9 1.0 0.75 0.4 0.85 0.95 0.25 0.75 0.45 0.9 0.4 0.2 0.4 0.55 0.3 0.3 0.8 0.95 0.75 1.0 0.55 0.6 0.3 0.05 0.85 0.85 0.0 0.45 0.9 0.8 0.85 
-0.1044478071140102 0.3927753229765032 0.753503358553512 0.7 0.85 0.05 0.75 0.75 0.3 1.0 0.75 0.4 0.9 0.95 0.25 0.25 0.95 0.7 0.4 0.9 0.55 0.8 0.35 0.4 0.55 0.0 0.6 1.0 0.55 0.5 0.25 0.05 0.85 0.95 0.9 0.2 0.95 0.8 0.85 
-0.126920065004246 0.393532943796467 0.31913566526783266 0.95 0.75 0.95 0.35 0.7 0.9 1.0 0.75 0.4 0.85 0.95 0.25 0.7 0.45 0.25 0.3 0.2 0.95 0.8 0.3 0.3 0.8 0.95 0.8 1.0 0.55 0.75 0.3 0.05 0.8 0.65 0.0 0.25 0.9 0.8 0.85 
-0.04707108528034114 0.7080741250480417 0.4685320230275622 0.35 0.7 0.8 0.25 0.25 0.25 1.0 0.4 0.3 0.85 0.25 0.75 0.4 0.5 0.25 0.9 0.7 0.95 0.9 0.7 0.65 0.8 0.65 0.6 0.4 0.25 0.65 1.0 0.45 0.45 0.9 0.95 0.65 0.5 0.45 0.0 
-30.09485016878256 0.4990747924606319 0.29564741388921734 0.05 0.8 0.85 0.35 0.8 0.9 1.0 0.75 0.5 0.95 0.95 0.25 0.9 0.55 0.9 0.4 0.9 0.3 0.9 0.35 0.05 1.0 0.95 0.75 1.0 0.55 0.8 0.4 0.05 0.85 0.75 0.0 0.3 0.75 0.8 0.85 
-0.1858949939086754 0.4251060007970998 0.7598043603776674 0.7 0.85 0.05 0.35 0.7 0.65 0.9 0.75 0.35 0.9 1.0 0.25 0.15 0.3 0.7 0.4 0.45 0.75 0.85 0.35 0.55 0.65 0.95 0.55 1.0 0.55 0.5 0.25 0.0 0.8 0.9 0.9 0.5 0.95 0.8 0.85 
-0.025105000294644235 0.686143861354246 0.6704012424898629 0.85 0.2 0.5 0.65 0.85 0.6 0.95 0.35 0.6 0.7 1.0 0.5 0.1 0.85 0.9 0.95 0.9 0.4 0.95 0.2 0.3 0.7 0.4 0.45 1.0 1.0 0.75 0.1 0.75 0.55 0.7 0.85 0.4 0.5 0.35 0.85 
-0.1909568502128453 0.2549259038617453 0.6050277026829823 0.05 0.2 0.85 0.35 1.0 0.9 1.0 0.75 0.45 0.95 0.95 0.25 0.1 0.45 0.9 0.4 0.2 0.95 0.8 0.3 0.7 0.8 0.95 0.55 1.0 0.55 0.5 0.3 0.05 0.85 0.95 0.0 0.25 0.85 0.8 0.85 
-3.4136181389299303 0.5024242003803528 0.7333100317007324 0.55 0.2 0.2 0.65 0.85 0.95 0.95 0.3 0.6 0.85 0.15 0.55 0.1 0.3 0.9 0.75 0.9 0.4 0.95 0.2 0.3 0.65 0.4 0.45 0.95 1.0 0.2 0.1 0.75 0.85 1.0 0.85 0.4 0.7 0.35 0.85 
-0.19483029623135845 0.6598284592303073 0.38985717088574634 0.35 0.15 0.75 0.25 0.05 0.25 1.0 0.4 0.6 0.95 0.25 0.75 0.4 0.5 0.35 0.1 0.7 0.4 0.9 0.7 0.65 0.45 0.55 0.6 0.4 0.75 1.0 1.0 0.45 0.45 0.9 0.9 0.65 0.6 0.45 0.0 
-0.11501388023398233 0.257113513716256 0.5094696832129018 0.05 0.2 0.85 0.35 1.0 0.9 0.9 0.75 0.45 0.95 0.95 0.25 0.1 0.45 0.9 0.4 0.2 0.95 0.8 0.3 0.3 0.85 0.95 0.55 1.0 0.55 0.5 0.3 0.05 0.85 0.95 0.0 0.25 0.85 0.8 0.85 
-11.643877773863714 0.45148044050663605 0.7672527840256718 0.7 0.85 0.05 0.35 0.35 0.65 0.9 0.75 0.35 0.9 1.0 0.25 0.15 0.3 0.7 0.4 0.45 0.75 0.85 0.35 0.55 0.65 0.95 0.55 1.0 0.55 0.5 0.25 0.05 0.85 0.95 0.9 0.5 0.95 0.8 0.85 
-0.11086997641860828 0.5810720328573543 0.7095080500375262 0.9 0.2 0.2 0.65 0.85 0.95 0.95 0.35 0.6 0.95 0.15 0.55 0.1 0.3 0.2 0.75 0.9 0.4 0.95 0.2 0.3 0.65 0.4 0.45 0.95 1.0 0.2 0.1 0.75 0.8 1.0 0.85 0.4 0.7 0.35 0.85 
-0.0379655672414197 0.6845110943765594 0.676946691611303 0.85 0.85 0.5 0.6 0.95 0.6 0.95 0.35 0.6 0.7 1.0 0.5 0.1 0.2 0.9 0.05 0.3 0.4 1.0 0.2 0.3 0.7 0.4 0.45 0.95 1.0 0.75 0.1 0.5 0.55 0.75 0.85 0.4 0.5 0.35 0.85 
-0.07650998212836989 0.6012514281169189 0.7237103414659861 0.55 0.2 0.2 0.65 0.75 0.95 0.95 0.3 0.6 1.0 0.15 0.55 0.1 0.3 0.9 1.0 0.9 0.4 0.95 0.2 0.3 0.5 0.4 0.45 0.95 1.0 0.2 0.1 0.75 0.85 1.0 0.85 0.4 0.7 0.35 0.85 
-0.15293985153727327 0.3473120044334126 0.35454616321645405 0.05 0.95 0.95 0.35 0.85 0.0 1.0 0.75 0.45 0.85 0.95 0.25 0.75 0.45 0.9 0.4 0.2 0.35 0.55 0.3 0.3 0.8 0.95 0.75 1.0 0.55 0.6 0.3 0.05 0.85 0.8 0.0 0.75 0.9 0.8 0.85 
-0.45176444414853795 0.2925710847946179 0.6664288354020353 0.05 0.85 0.85 0.35 0.75 0.7 0.9 0.75 0.5 0.8 0.95 0.25 0.15 0.5 0.8 0.4 0.75 0.0 0.65 0.35 0.75 0.5 0.95 0.6 1.0 0.55 0.5 0.35 1.0 0.4 0.95 0.9 0.5 0.95 0.8 0.85 
-1.3296206265882218 0.5495418608927135 0.3513574209297846 0.35 0.7 0.1 0.25 0.3 0.25 1.0 0.4 0.45 0.95 0.25 0.75 0.4 0.5 0.35 0.9 0.55 0.4 0.85 0.75 0.65 0.95 0.55 0.6 0.1 0.95 0.95 0.95 0.45 0.8 0.9 0.95 0.65 0.6 0.45 0.0 
-0.49165940473822434 0.24650989752467983 0.5837812732495224 0.05 0.2 0.85 0.35 1.0 0.9 1.0 0.75 0.45 0.95 0.95 0.25 0.1 0.45 0.9 0.7 0.2 0.95 0.8 0.3 0.6 0.8 0.95 0.55 1.0 0.55 0.5 0.3 0.05 0.85 0.95 0.0 0.3 0.85 0.8 0.85 
-0.0732869035360139 0.5549346865423279 0.7147708938434351 0.55 0.2 0.2 0.65 0.85 0.95 0.95 0.3 0.6 0.95 0.15 0.5 0.1 0.3 0.9 0.9 0.9 0.05 0.95 0.2 0.3 0.65 0.4 0.45 0.95 1.0 0.2 0.1 0.75 0.85 0.85 0.85 0.4 0.7 0.35 0.85 
-0.198200183367178 0.7450758517821887 0.5053086876403918 1.0 0.7 0.6 0.75 0.45 0.05 1.0 0.35 0.45 0.8 0.95 0.3 0.35 0.2 0.55 0.65 0.75 0.25 0.85 0.15 0.15 0.7 0.4 0.45 0.95 0.05 0.8 0.05 0.75 0.8 0.9 0.85 0.4 0.8 0.35 0.2 
-0.28531322771587675 0.7014932638200301 0.6402650082071546 0.85 0.05 0.9 0.75 0.45 0.95 0.95 0.35 0.65 0.4 0.85 0.25 0.85 0.7 0.05 0.8 0.15 0.5 0.9 0.25 0.3 0.75 0.4 0.45 1.0 0.05 0.8 0.1 0.25 0.45 0.9 0.8 0.35 0.55 0.35 0.2 
-13.093063961500585 0.46075305785879955 0.3074907952505146 0.05 0.8 0.85 0.35 0.7 0.9 1.0 0.75 0.5 0.95 0.95 0.25 0.1 0.55 0.9 0.4 0.2 0.3 0.45 0.3 0.25 1.0 0.95 0.75 1.0 0.55 0.8 0.4 0.05 0.85 0.75 0.0 0.3 0.75 0.8 0.85 
-41.35204717139858 0.5925028461975507 0.7355874709266095 0.55 0.7 0.5 0.65 0.85 0.6 0.95 0.35 0.75 0.8 1.0 0.5 0.1 0.2 0.9 0.95 0.9 0.4 0.95 0.2 0.3 0.7 0.4 0.45 0.95 0.4 0.25 0.1 0.75 0.85 1.0 0.85 0.4 0.5 0.35 0.85 
-1.454644355199568 0.2664880334205755 0.4941764982349025 0.05 0.2 0.85 0.45 0.3 0.9 1.0 0.75 0.4 0.95 0.95 0.25 0.1 0.45 0.9 0.4 0.2 0.95 0.8 0.3 0.3 0.8 0.95 0.55 0.75 0.55 0.5 0.3 0.05 0.85 1.0 0.0 0.25 0.9 0.8 0.85 
-0.2519613187126418 0.5210311655507645 0.7018014236090915 0.7 0.2 0.2 0.65 0.85 0.95 0.95 0.35 0.6 0.95 0.15 0.55 0.1 0.3 0.9 0.75 0.9 0.4 0.95 0.2 0.3 0.65 0.4 0.45 0.95 1.0 0.2 0.1 0.75 0.85 0.9 0.85 0.4 0.7 0.35 0.85 
-123.18594213619886 0.554669308407048 0.3231411962747921 0.95 0.45 0.15 0.35 0.35 0.9 0.85 0.9 0.45 0.7 0.95 0.25 0.3 0.45 0.25 0.2 0.45 0.5 0.8 0.85 0.2 0.8 0.85 0.75 0.95 0.55 0.8 0.25 0.75 0.75 0.6 0.0 0.85 0.8 0.8 0.75 
-0.6537013539317683 0.2702808475594429 0.4535747534997824 0.05 0.2 0.85 0.35 1.0 0.9 1.0 0.75 0.45 0.95 0.95 0.25 0.1 0.45 0.9 0.4 0.2 0.25 0.8 0.3 0.3 0.8 0.95 0.55 1.0 0.55 0.5 0.3 0.05 0.85 0.95 0.0 0.75 0.85 0.8 0.85 
-2.9569578512754826 0.2654646196392243 0.6641951342291392 0.9 0.85 0.45 0.8 0.25 0.6 1.0 0.75 0.5 0.95 0.9 0.2 0.15 0.8 0.7 0.95 0.9 0.35 0.9 0.35 0.5 0.6 0.95 0.6 0.95 0.55 0.5 0.25 0.05 0.8 0.65 0.9 0.4 1.0 0.8 0.9 
-8.890247273586244 0.4115780940031318 0.30859544217574164 0.05 0.75 0.1 0.35 0.7 0.9 1.0 0.75 0.4 0.8 0.95 0.25 0.75 0.45 0.9 0.4 0.2 0.2 0.55 0.3 0.3 0.95 0.95 0.75 1.0 0.55 0.85 0.3 0.05 1.0 0.85 0.0 0.75 0.9 0.8 0.85 
-0.32613700266047285 0.5481287800302441 0.3399504876619497 0.35 0.15 0.8 0.25 0.25 0.25 1.0 0.4 0.7 0.9 0.25 0.75 0.4 0.55 0.25 0.6 0.7 0.4 0.9 0.7 0.65 1.0 0.55 0.6 0.25 0.9 0.25 1.0 0.45 0.45 0.9 0.95 0.65 0.75 0.45 0.0 
-4.998060315581132 0.3277296907902393 0.7411657206619525 0.7 0.85 0.05 0.8 0.75 0.3 1.0 0.75 0.45 0.95 0.9 0.2 0.15 0.8 0.7 0.95 0.9 0.05 1.0 0.35 0.4 0.5 0.95 0.6 1.0 0.55 0.5 0.25 0.0 0.85 0.9 0.9 0.4 0.95 0.8 0.85 
-0.0420998693812286 0.3095211524678836 0.38710243821980916 0.05 0.8 0.85 0.35 0.65 0.9 1.0 0.75 0.4 0.95 0.95 0.25 0.5 0.1 0.9 0.85 0.2 0.95 0.55 0.3 0.3 0.8 0.95 0.75 0.75 0.55 0.5 0.55 0.05 0.9 0.8 0.0 0.35 0.9 0.8 0.85 
-0.05191276124309902 0.7144741905304656 0.4566248423418961 0.35 0.7 0.8 0.25 0.6 0.25 1.0 0.4 0.3 0.9 0.25 0.75 0.4 0.5 0.25 0.9 0.7 0.4 1.0 0.7 0.65 0.65 0.65 0.65 0.4 0.2 0.65 1.0 0.45 0.45 0.9 0.9 0.6 0.5 0.45 0.0 
-0.1232199729279517 0.6614093265887415 0.6991842107807821 0.2 0.2 0.5 0.65 0.85 0.6 0.95 0.35 0.6 0.7 1.0 0.6 0.1 0.5 0.25 0.05 0.0 0.4 0.95 0.2 0.35 0.65 0.4 0.45 0.95 1.0 0.8 0.1 0.95 0.55 1.0 0.85 0.4 0.65 0.35 0.85 
-0.35771150411628283 0.3501702237472293 0.756402182552802 0.8 0.85 0.25 0.35 0.8 0.6 0.9 0.75 0.45 0.95 1.0 0.3 0.95 0.95 0.7 0.4 0.45 0.75 0.9 0.35 0.4 0.55 0.95 0.6 1.0 0.55 0.5 0.2 1.0 0.85 0.8 0.9 0.5 0.95 0.8 0.85 
-0.9168644354048646 0.2417797703748512 0.5229492288496363 0.05 0.2 0.85 0.35 0.5 0.9 1.0 0.75 0.45 0.95 0.95 0.25 0.7 0.25 0.9 0.4 0.2 0.95 0.85 0.3 0.3 0.8 0.95 0.55 1.0 0.55 0.5 0.3 0.0 0.85 0.95 0.95 0.25 0.85 0.8 0.85 
-2.9946158080356313 0.6946348067469345 0.4151922055038084 0.35 0.7 0.8 0.15 0.25 0.25 1.0 0.4 0.7 0.9 0.25 0.75 0.4 0.5 0.15 0.9 0.7 0.4 1.0 0.7 0.65 0.75 0.65 0.65 0.2 0.2 0.85 1.0 0.45 0.45 0.9 0.95 0.65 0.5 0.45 0.0 
-0.5952369734653136 0.7514483236461107 0.5223662595797726 1.0 0.7 0.1 0.75 0.45 0.05 1.0 0.35 0.45 0.8 0.95 0.3 0.35 0.2 0.55 0.65 0.75 0.25 0.85 0.15 0.15 0.7 0.4 0.45 0.95 0.05 0.8 0.05 0.15 0.8 0.9 0.85 0.4 0.8 0.35 0.2 
-144.24871212099546 0.5094951012223163 0.28916201655209905 0.05 1.0 0.85 0.35 0.1 0.9 1.0 0.75 0.45 0.85 0.95 0.25 0.1 0.45 0.9 0.4 0.2 0.95 0.8 0.8 0.3 1.0 0.95 0.75 1.0 0.55 0.8 0.3 0.05 0.85 0.1 0.65 0.15 0.9 0.8 0.85 
-2.428731438458463 0.7259187091946089 0.4848900512943478 0.35 0.7 0.8 0.55 0.6 0.25 1.0 0.4 0.3 0.9 0.25 0.75 0.4 0.5 0.25 0.9 0.7 0.4 1.0 0.7 0.65 0.8 0.65 0.65 0.6 0.2 0.65 1.0 0.45 0.45 0.9 0.9 0.6 0.5 0.45 0.0 
-2.107435015344261 0.6971520697193024 0.42435556015683434 0.35 0.7 0.8 0.25 0.25 0.25 1.0 0.4 0.3 0.9 0.25 0.75 0.4 0.5 0.25 0.9 0.7 0.4 1.0 0.7 0.65 0.75 0.65 0.65 0.4 0.2 0.65 1.0 0.45 0.45 0.9 0.9 0.65 0.5 0.45 0.0 
-0.3842249384613283 0.29645302180977395 0.3962748163333964 0.05 0.8 0.85 0.35 0.65 0.9 1.0 0.75 0.4 0.95 0.95 0.25 0.1 0.1 0.9 0.85 0.2 0.95 0.55 0.3 0.3 0.8 0.95 0.75 0.8 0.55 0.5 0.55 0.05 0.9 1.0 0.0 0.35 0.9 0.8 0.85 
-5.949766879238146 0.27286902331080765 0.681726906551913 0.9 0.85 0.4 0.8 0.25 0.6 1.0 0.75 0.5 0.95 0.9 0.2 0.15 0.8 0.7 0.95 0.9 0.35 0.9 0.35 0.5 0.6 0.95 0.6 0.95 0.55 0.5 0.25 0.05 0.45 0.9 0.9 0.4 1.0 0.8 0.9 
-9.392579263389411 0.61321035476609 0.35937793138564733 0.35 0.4 0.75 0.25 0.5 0.35 0.95 0.4 0.55 0.95 0.25 0.75 0.4 0.5 0.35 0.9 0.7 0.4 0.75 0.7 0.65 0.75 0.55 0.6 0.85 0.85 0.9 1.0 0.45 0.6 0.9 0.95 0.7 0.6 0.45 0.0 
-11.844897845415398 0.5960744654748986 0.35085316737786215 0.35 0.8 0.75 0.25 0.5 0.25 0.95 0.4 0.55 0.9 0.25 0.75 0.4 0.5 0.35 0.9 0.7 0.4 0.75 0.7 0.65 0.75 0.55 0.6 0.7 0.95 0.9 1.0 0.45 0.6 0.9 0.95 0.7 0.6 0.45 0.0 
-6.828134322437855 0.7290491127947483 0.6082671609314684 0.85 0.9 0.9 0.75 0.45 0.95 0.95 0.35 0.65 0.4 0.85 0.25 0.85 0.7 0.05 0.8 0.85 0.5 1.0 0.25 0.3 0.75 0.4 0.45 1.0 0.05 0.8 0.1 0.25 0.45 0.95 0.8 0.35 0.75 0.35 0.2 
-10.387973369888856 0.5842866708685436 0.3452274999383222 0.35 0.15 0.75 0.25 0.5 0.25 0.95 0.4 0.55 0.95 0.25 0.75 0.4 0.5 0.35 0.9 0.7 0.4 0.75 0.7 0.65 0.75 0.55 0.6 0.7 0.95 0.9 1.0 0.45 0.6 0.9 0.95 0.7 0.6 0.45 0.0 
-2.0275688418192193 0.6838316340102613 0.7039330978280575 0.55 0.2 0.5 0.65 0.85 0.6 0.95 0.35 0.6 0.7 1.0 0.6 0.1 0.5 0.25 0.05 0.0 0.4 0.95 0.2 0.3 0.65 0.4 0.45 0.95 1.0 0.75 0.1 0.95 0.55 1.0 0.85 0.4 0.65 0.35 0.85 
-0.8566266995550957 0.731980165836931 0.5760456328507763 0.85 0.05 0.65 0.75 0.45 0.95 0.95 0.35 0.55 0.7 0.85 0.25 0.85 0.7 0.05 0.8 0.15 0.5 0.8 0.25 0.3 0.75 0.4 0.45 1.0 0.05 0.8 0.1 0.25 0.5 0.9 0.8 0.35 0.9 0.35 0.2 
-6.0219252306822995 0.286255960085805 0.7180461875934891 0.9 0.85 0.45 0.8 0.25 0.6 1.0 0.75 0.5 0.95 0.9 0.2 0.15 0.8 0.7 0.95 0.9 0.35 0.9 0.35 0.5 0.65 0.95 0.6 0.95 0.55 0.5 0.3 0.05 0.8 0.9 0.9 0.4 1.0 0.8 0.9 
-121.10712185354944 0.56331623373755 0.32427682744295205 0.95 0.45 0.15 0.35 0.35 0.9 0.85 0.9 0.45 0.7 0.95 0.25 0.3 0.45 0.25 0.2 0.45 0.5 0.8 0.85 0.2 0.9 0.85 0.75 0.95 0.55 0.8 0.25 0.75 0.75 0.6 0.0 0.85 0.8 0.8 0.75 
-0.0710956733050687 0.3175778524231724 0.34194964248613613 0.05 0.8 0.85 0.35 0.65 0.9 1.0 0.75 0.35 0.95 0.95 0.25 0.1 0.1 0.9 0.85 0.2 0.95 0.55 0.3 0.3 0.8 0.95 0.75 0.8 0.55 0.5 0.55 0.05 0.9 1.0 0.0 0.35 0.9 0.8 0.85 
-0.7120142619284241 0.6384002009309707 0.7161944349553527 0.2 0.2 0.5 0.65 0.85 0.6 0.95 0.35 0.6 0.7 1.0 0.6 0.1 0.5 0.25 0.05 0.0 0.4 0.95 0.2 0.35 0.65 0.4 0.45 0.95 1.0 0.8 0.6 0.95 0.6 1.0 0.85 0.4 0.65 0.35 0.85 
-0.47713658907912826 0.3906842842790172 0.7791514445267629 0.8 0.85 0.25 0.35 0.35 0.6 0.9 0.75 0.45 0.95 1.0 0.3 0.95 0.95 0.7 0.4 0.45 0.75 0.9 0.35 0.4 0.5 0.95 0.6 1.0 0.55 0.5 0.2 0.05 0.85 0.8 0.9 0.5 0.95 0.8 0.85 
-0.6048702449624114 0.3516230614289521 0.32290920050022776 0.05 0.95 0.95 0.35 0.7 0.9 1.0 0.75 0.4 0.85 0.95 0.25 0.75 0.45 0.9 0.4 0.2 0.35 0.55 0.3 0.3 0.8 0.95 0.75 1.0 0.55 0.6 0.3 0.05 0.85 0.8 0.0 0.75 0.9 0.8 0.85 
-0.06072652868610215 0.6644427293194404 0.7064995266957419 0.2 0.2 0.5 0.65 0.85 0.6 0.95 0.35 0.6 0.7 1.0 0.6 0.1 0.5 0.5 0.05 0.0 0.4 0.95 0.2 0.35 0.65 0.4 0.45 0.95 1.0 0.8 0.1 0.95 0.75 1.0 0.85 0.4 0.65 0.35 0.85 
-8.504894863649357 0.5718762148588229 0.7360731698710143 0.55 0.2 0.2 0.65 0.75 0.95 0.95 0.3 0.7 1.0 0.15 0.55 0.1 0.3 0.9 1.0 0.9 0.4 0.95 0.2 0.3 0.5 0.4 0.45 0.95 1.0 0.2 0.1 0.75 0.85 1.0 0.85 0.4 0.7 0.35 0.85 
-139.50897827307972 0.5261275214393365 0.3133333901564159 0.05 0.6 0.85 0.35 0.1 0.9 1.0 0.75 0.45 0.85 0.95 0.25 0.1 0.45 0.35 0.4 0.2 0.95 0.8 0.8 0.3 1.0 0.95 0.75 1.0 0.55 0.8 0.3 0.05 0.85 0.1 0.65 0.75 0.9 0.8 0.85 
-12.750973813389063 0.25097102962177 0.6543927082732578 0.7 0.85 0.45 0.8 0.25 0.6 1.0 0.75 0.6 0.95 0.9 0.25 0.15 0.8 0.7 0.95 0.9 0.05 0.9 0.35 0.5 0.6 0.95 0.6 0.95 0.55 0.5 0.25 0.05 0.9 0.9 0.9 0.4 0.95 0.8 0.85 
-0.4516871164507365 0.3761378911594743 0.30455455992194547 0.05 0.95 0.95 0.35 0.7 0.9 1.0 0.75 0.4 0.85 0.95 0.25 0.15 0.45 0.9 0.4 0.2 0.4 0.55 0.3 0.3 0.8 0.95 0.75 1.0 0.55 0.6 0.3 0.05 0.85 0.8 0.0 0.4 0.9 0.8 0.85 
-0.8565031687129709 0.7522576068995925 0.5048629168993208 1.0 0.7 0.6 0.75 0.45 0.95 1.0 0.35 0.45 0.8 0.95 0.3 0.35 0.2 0.55 0.65 0.75 0.85 0.85 0.15 0.15 0.7 0.4 0.45 0.95 0.05 0.8 0.05 0.75 0.85 0.9 0.85 0.4 0.8 0.35 0.2 
-1.4054414752757347 0.3118543167097988 0.3589406467389067 0.05 0.8 0.85 0.35 0.65 0.9 1.0 0.75 0.35 0.95 0.95 0.25 0.1 0.1 0.9 0.85 0.2 0.95 0.55 0.3 0.3 0.8 0.95 0.75 0.7 0.55 0.5 0.55 0.05 0.9 1.0 0.0 0.35 0.9 0.8 0.85 
-4.049139005245461 0.7106392786381698 0.6658130355950137 0.85 0.0 1.0 0.65 0.85 0.6 0.95 0.35 0.6 0.7 1.0 0.5 0.3 0.5 0.9 0.95 0.9 0.4 0.95 0.2 0.3 0.7 0.4 0.45 1.0 1.0 0.8 0.1 0.65 0.55 1.0 0.85 0.4 0.5 0.35 0.85 
-0.07958277030764013 0.5377256029982703 0.7348622303347996 0.55 0.2 0.2 0.65 0.85 0.95 0.95 0.3 0.6 0.4 0.15 0.55 0.1 0.3 0.9 0.75 0.9 0.4 0.95 0.2 0.3 0.65 0.4 0.45 0.95 1.0 0.2 0.1 0.75 0.85 1.0 0.85 0.4 0.7 0.35 0.85 
-1.9018200600764588 0.7192764190099292 0.45792236647981904 0.35 0.7 0.8 0.05 0.25 0.25 1.0 0.4 0.3 0.9 0.25 0.75 0.4 0.5 0.25 0.9 0.7 0.4 1.0 0.7 0.65 0.75 0.65 0.65 0.4 0.2 0.65 1.0 0.45 0.45 0.9 0.95 0.65 0.5 0.45 0.0 
-0.26910545691114895 0.6276774711000992 0.7235723125400991 0.55 0.2 0.15 1.0 0.85 0.6 0.95 0.35 0.6 0.7 1.0 0.6 0.1 0.5 0.25 0.45 0.9 0.85 0.95 0.2 0.3 0.65 0.4 0.45 0.95 1.0 0.8 0.2 0.0 0.55 1.0 0.9 0.4 0.85 0.35 0.85 
-1.9685637828864713 0.7381624318102092 0.5732107904499499 0.85 0.05 0.65 0.75 0.45 0.95 0.95 0.35 0.55 0.7 0.85 0.25 0.85 0.7 0.05 0.8 0.15 0.5 0.9 0.25 0.3 0.75 0.4 0.45 1.0 0.05 0.8 0.1 0.45 0.5 0.9 0.8 0.35 0.9 0.35 0.2 
-10.535749180652253 0.2487384987284098 0.6434109639978027 0.7 0.85 0.45 0.8 0.25 0.6 1.0 0.75 0.6 0.95 0.9 0.25 0.15 0.8 0.7 0.95 0.9 0.05 0.9 0.35 0.5 0.6 0.95 0.6 0.95 0.55 0.5 0.25 0.05 0.9 0.9 0.9 0.4 0.95 0.8 0.9 
-5.461526570500373 0.27851113754005097 0.7123190764356474 0.9 0.85 0.45 0.8 0.25 0.6 1.0 0.75 0.5 0.95 0.9 0.2 0.15 0.8 0.7 0.95 0.9 0.35 0.9 0.35 0.5 0.6 0.95 0.6 0.95 0.55 0.5 0.25 0.05 0.8 0.9 0.9 0.4 1.0 0.8 0.9 
-159.2302601795504 0.5064250020110475 0.7469478829360943 0.7 0.85 0.05 0.35 0.7 0.65 0.9 0.85 0.35 0.9 1.0 0.25 0.15 0.3 0.4 0.4 0.45 0.2 0.85 0.35 0.65 0.65 0.95 0.55 1.0 0.55 0.5 0.25 0.05 0.8 0.95 0.9 0.5 1.0 0.8 0.85 
-119.28354633623881 0.5816168799013488 0.3133443790159163 0.95 0.45 0.15 0.35 0.4 0.9 0.85 0.9 0.45 0.7 0.95 0.25 0.3 0.45 0.25 0.2 0.45 0.5 0.8 0.85 0.2 0.9 0.85 0.75 0.95 0.55 0.8 0.25 0.75 0.5 0.6 0.0 0.85 0.8 0.8 0.75 
-14.308035391724482 0.4853579670054933 0.7538967987460452 0.7 0.85 0.05 0.35 0.7 0.65 0.95 0.85 0.35 0.9 1.0 0.25 0.15 0.3 0.4 0.4 0.45 0.2 0.85 0.35 0.65 0.65 0.95 0.55 1.0 0.55 0.5 0.25 0.05 0.8 0.95 0.9 0.5 1.0 0.8 0.85 
-8.028043725050185 0.27102254143469684 0.6997321050571984 0.9 0.85 0.45 0.8 0.25 0.6 1.0 0.75 0.5 0.95 0.9 0.2 0.3 0.8 0.7 0.9 0.9 0.35 0.9 0.35 0.5 0.95 0.95 0.6 0.95 0.55 0.5 0.3 0.05 0.8 0.9 0.9 0.4 1.0 0.8 0.9 
-132.45935139026656 0.554217002383554 0.3040374707274839 0.95 0.45 0.15 0.35 0.35 0.9 0.85 0.9 0.75 0.7 0.95 0.25 0.3 0.45 0.25 0.2 0.45 0.5 0.8 0.85 0.2 0.9 0.85 0.75 0.95 0.55 0.8 0.25 0.75 0.75 0.6 0.0 0.85 0.95 0.8 0.75 
