0.4947520930808592 0.9847834866072072 
0.48865581615631537 0.3106330293403293 
0.790882580154997 0.3124889981769765 
0.15640793660776292 0.6792432028617152 
0.7231816595287802 0.6861769361702214 
0.09555346802009079 0.2542937151926843 
0.5509645747351481 0.07529480874144306 
0.42110240310888214 0.6858879632593643 
0.6964308398717111 0.8550061008336298 
0.266634607447677 0.9147415816276829 
0.8850297023163581 0.9027082322845472 
0.883934856401301 0.07922460605324205 
0.9159765286632591 0.5268327679232392 
0.22569839850444767 0.031932073236317915 
0.3245366548058885 0.4743623321090835 
0.6230353926273687 0.5011745864777972 
0.044030380038310835 0.43211780680410494 
0.03336160368414354 0.9032321779820739 
0.7031371147812367 0.22982374350678864 
0.921117416787365 0.7310580452299762 
0.9206738672242629 0.2945034246484872 
0.3057557549114335 0.232072114152736 
0.36654046517571176 0.7984900348694749 
0.10282495582316076 0.09065041986553302 
0.7371219679462873 0.008002727152472522 
0.49617603676402666 0.7220652301870011 
0.030310678901772747 0.6556830951297168 
0.1525838523942959 0.5495407288280967 
0.7778450472464804 0.5219723664021255 
0.49963409088689165 0.4488337911325174 
0.421528956812856 0.05924454250157174 
0.537400635935703 0.6167243704840307 
0.14130825936425778 0.8102902804973899 
0.14806594622204033 0.934014894239601 
0.15494085784161166 0.42446095560122726 
0.25417556496678784 0.6280669924524458 
0.5939768285068767 0.8370459657975782 
0.9505855414853945 0.13526926025682845 
0.5954877796735837 0.22946539324044313 
0.7126234667202511 0.9275766966120214 
0.8589975616470823 0.6319335933052221 
0.2884587830425313 0.33548900352647093 
0.2350415682303218 0.11810483421637458 
0.4572982905275972 0.1840308525720446 
0.6503228162043289 0.062078475301162506 
0.5633747835928354 0.3824682260794161 
0.9112489526197927 0.38978296222013753 
0.3597805830976888 0.9083213204372884 
0.7978431276010172 0.711615936059318 
0.8050233929882391 0.15892298579976055 
0.6952675705783469 0.4031874139130544 
0.39601273226661926 0.30905526135345773 
0.46143094491004305 0.52711097373802 
0.025353465464522662 0.11459812470140929 
0.9713751463175857 0.9200217877692535 
0.2896153798117592 0.6832607026628862 
0.07176993971771678 0.8036985516019309 
0.6327514593911199 0.6385814090335583 
0.34779254292326023 0.16421966073563676 
0.5180189321343469 0.8864687219966798 
0.8278270423516769 0.8331810636629879 
0.6194588538526232 0.9107290020702341 
0.045045741392880534 0.5469895504948608 
0.17110468069900814 0.2635375399787637 
0.9751751667254762 0.6458378294804727 
0.09441493279294577 0.3677057202983762 
0.7727077274499223 0.965517778189684 
0.3730454063385641 0.6413071786190181 
0.015248823133272915 0.3240816065409349 
0.9449157641903991 0.21584922333605883 
0.21462048035193565 0.5151231333663685 
0.5952556365100589 0.1561817799574966 
0.721239962265566 0.5644524118903791 
0.6320896647289099 0.32931336346471046 
0.29366417396973454 0.7786694882564951 
0.2678237782445697 0.41252153342366654 
0.4271046416978631 0.8596751144901955 
0.8165253115040243 0.4003774005223405 
0.6680983699272719 0.133177925544961 
0.9122869131886462 0.007762739560428111 
0.6083142779202587 0.7382753029083348 
0.9922892499995284 0.8373043243518277 
0.430148375496646 0.43623287373098835 
0.009546683151395285 0.7488387731147754 
0.9321007034280995 0.4792517991504653 
0.1012766499116281 0.986061156494817 
0.31971641685467034 0.9692344608580312 
0.19949661759075382 0.8115057977572638 
0.18893906082052148 0.3484857527623636 
0.12239205024473065 0.165239595195527 
0.34016094082127507 0.4026880471418238 
0.09167493031495616 0.030057220885501168 
0.6871462514661426 0.7641192366350202 
0.362686059297409 0.5424757385116734 
0.33203935980965743 0.07574393458574025 
0.7771308205819953 0.06165794893817822 
0.571651359881412 0.009339168100142237 
0.801616270701601 0.5764391862460814 
0.8462547368501008 0.2166269093754452 
0.0066635162949357785 0.21742034435120317 
0.9205766464135403 0.8355538151461259 
0.2372415942262598 0.19423365268723275 
0.48350678287489945 0.5936725834027574 
0.4200717658924894 0.9636622553403875 
0.7496842479385801 0.8320522766773217 
0.9828255133783688 0.40241326135651134 
0.7579796570118569 0.7716189954226222 
0.07474655699557509 0.6212455387825241 
0.5967310357983001 0.9892595567823119 
0.9730447056195322 0.7305187049785926 
0.6084813810955311 0.42869393426788094 
0.5238094472757358 0.5405392624069872 
0.4983023441997512 0.26354110162367916 
0.5064183015350683 0.7858827797405462 
0.9852020686423568 0.07825713349390834 
0.2091007886675425 0.7230712435198001 
0.9899477259338383 0.5541818384208718 
0.08442307023943363 0.7485988576433023 
0.5206802380362184 0.14429123191423326 
0.5476685030643899 0.3334169239446648 
0.10626537030232425 0.505113352371898 
0.888220952826484 0.49099171362490607 
0.7025069398950425 0.49273496825584834 
0.11681942421168695 0.8521434577449383 
0.8412510058104274 0.9803598958187796 
0.38493684490591656 0.22668237066117802 
0.48397571820622176 0.03618196901062376 
0.4415791103969411 0.7603974037200829 
0.8783325362896321 0.7733765674397635 
0.10878653903990743 0.3162158145549454 
0.5790916538502158 0.5759009321026946 
0.472892780601436 0.35934797138687613 
0.2502023101170139 0.27704919710404596 
0.8461131348379756 0.30828229892251824 
0.969901331106622 0.3095490402482247 
0.5424118432494213 0.8141331611152434 
0.2617983666822228 0.8185627770962471 
0.1718127132446814 0.05255603631001943 
0.46806175460803817 0.6419933643406152 
0.04029639212123648 0.9589318385297125 
0.8830396983095007 0.1585638702660671 
0.32135471124652776 0.009663828997545587 
0.23999151332821372 0.9478230730610981 
0.5460431495830745 0.2572493560418663 
0.8183193192900557 0.6550885730039879 
0.6609021508566703 0.29080985275783744 
0.2760712383706302 0.562388240065403 
0.9468271963972739 0.9604446027716863 
0.7658388737398073 0.9026566333677929 
0.23451852643729593 0.8969664434930407 
0.6843722963225104 0.6449246863457887 
0.056994641861356055 0.05774021451941702 
0.050891595051196226 0.21003089438696404 
0.8691850726502366 0.048687517100221345 
0.3042411345569756 0.13100420069747087 
0.5141675986500761 0.9433076094514551 
0.7453876205210073 0.3623304156748013 
0.3349631607479855 0.8693539361449694 
0.7730336408923666 0.26502200359198014 
0.7139162683735366 0.3034834507451105 
0.7546586085110387 0.4414703113689154 
0.5670306803907037 0.47813998901097143 
0.8797481148472395 0.7192247127868189 
0.4710800388155767 0.11285752517288872 
0.9089338208701585 0.5989174160475774 
0.5601687998354944 0.6786603007587027 
0.5293481342389722 0.20270329066368864 
0.4145921730256985 0.47738863473542936 
0.6381713137485565 0.9898175425781186 
0.6895565146384701 0.44579974052429466 
0.8314440206782887 0.48225663672325003 
0.035165882770213264 0.4878317259149282 
0.34951243311091046 0.7417016444679849 
0.9514248985399874 0.040198539665968536 
0.7346308272125417 0.15211357734645214 
0.17418923252683433 0.10780836672092708 
0.16996808324305357 0.2010086362465789 
0.1687351193167997 0.6262281698825046 
0.27558746955208935 0.47684994641607714 
0.00711552308249408 0.027533511114908316 
0.6549324025530123 0.5404101106107052 
0.6650573904707049 0.19826825149326138 
0.00531020964216905 0.7971117066672927 
0.32045582035211995 0.573247129487771 
0.8948906522426894 0.6561891892292993 
0.6584968812452257 0.3786473154691442 
0.8647797151070483 0.3614258499722486 
0.10188315796911163 0.7001815901040719 
0.3744651160168193 0.17516772907022943 
0.4913212553025028 0.904610975739125 
0.42344644575871193 0.5732107036704344 
0.8300866853977794 0.10815512422288143 
0.41658925467591823 0.24850229756726522 
0.19813673675165794 0.39647935074784374 
0.3660160183165363 0.02970704264153845 
0.6215564748241069 0.008013748301827495 
0.3735522350383496 0.1255002160757303 
0.15424646014341864 0.9863405234139395 
0.9420672545845502 0.79956888266838 
0.17149329003001146 0.8590905132758626 
0.08522887273818092 0.5761820026585578 
0.6951322766935131 0.9613834541841895 
0.7175136878822829 0.5879442522509588 
0.8436597927738625 0.7818735137058567 
0.21148942360013506 0.8557677105443529 
0.8028273109200121 0.04438422329279418 
0.053103316148435664 0.2980677535000998 
0.8419686443250969 0.5338824088315868 
0.6674893447944976 0.8411846345246023 
0.4244252214940978 0.3844480979886485 
0.3595921520830472 0.3369081714891259 
0.9492170108609084 0.4990728655009807 
0.48925544096073753 0.49264109625548097 
0.5967628180438785 0.2891228602617716 
0.5504913241968903 0.4345523967580879 
0.02188853447781286 0.5982146526994998 
0.14054808252702028 0.7566644343482498 
0.7019622320291878 0.03198961659166105 
0.7596478196465501 0.6332055418876235 
0.4859460041404964 0.8425130708819593 
0.275584295295492 0.17246397338235353 
0.05418580385230132 0.89807227738178 
0.7369490360739244 0.09564215822119454 
0.009952273726736183 0.17250126898717055 
0.6449468244720415 0.8017832192380605 
0.8408412974486559 0.9227466748572575 
0.6077183201183611 0.08728401198597036 
0.41627057960873964 0.9143799674877864 
0.3389286889837669 0.26076256945034765 
0.5551119938846327 0.7209294388561097 
0.21511143980659164 0.696634457185574 
0.7665351822799832 0.19618933775083236 
0.9740520871765095 0.16614165111822515 
0.9486119284725026 0.5762700832895215 
0.22964750341125606 0.47326514252107205 
0.023772706405112864 0.8753635947370584 
0.043622950147279516 0.3573204277839267 
0.992020503885042 0.45932846271780503 
0.3139475979699983 0.6388215813408766 
0.9040780006379188 0.4520558863573616 
0.10681884361321453 0.44694454261758076 
0.6358033990495411 0.6964469829733936 
0.054018128291365985 0.16711735285750462 
0.21677192918708288 0.5916596681465082 
0.9327500073444805 0.36585108653794884 
0.2764760696598423 0.0664796432097779 
0.2763683090614937 0.9856836091706789 
0.30400114297315706 0.8352581117222322 
0.43824129558138236 0.8199333898351386 
0.16726883759470806 0.47648188691725285 
0.6504483711583241 0.5958521687997679 
0.3656582202135493 0.8398599629884123 
0.5222130594331527 0.007429357561101246 
0.5564036180337663 0.9261491354816028 
0.8855170882865152 0.23899590772859391 
0.2068639347262684 0.9395594249717194 
0.9082148900291692 0.8748246577614787 
0.13086945867280697 0.9261502872164349 
0.29354157887612337 0.5024196891436845 
0.18173516815266272 0.024002676076004203 
0.25999387514961525 0.7011743247367743 
0.03586644413104628 0.7150011400938804 
0.595780973276319 0.7699316916549297 
0.6408677921763066 0.23011406112444016 
0.7512745392921212 0.7255089124639016 
0.9784075611315737 0.7884674558007939 
0.4333002340780074 0.011846919170652781 
0.06978276829573093 0.13212819589069502 
0.9336378784090378 0.25254605627960836 
0.16262266084633725 0.3585023153302114 
0.3695417816066656 0.9951181425808786 
0.8877411607130086 0.13344620560446857 
0.41933132996631417 0.6139333056961738 
0.2560918167532623 0.8626736155913499 
0.5388100894510187 0.10386994905353042 
0.3843655593816695 0.5890650597982847 
0.9007251988162057 0.983540323132825 
0.30832906145370176 0.7319246129143019 
0.42588643609969107 0.10294985263154843 
0.2228217504088843 0.30000469767389026 
0.1413471426824326 0.00895979451706913 
0.8561008008371391 0.2697569404811252 
0.46616041543384085 0.732691139190052 
0.6797588872657081 0.3363567294325175 
0.9939819665164944 0.9730784879702391 
0.39760093436223537 0.5432718374064438 
0.14924489902132526 0.314049218445411 
0.9844143874365481 0.24357704757461252 
0.4493019757988116 0.32543229233098936 
0.7754743321141981 0.8847829491203018 
0.7212217658699579 0.973269562623561 
0.20461634645767734 0.7796764242246039 
0.7330948082572055 0.7870159361134907 
0.5583080550841922 0.8754592289499568 
0.37652717882230075 0.49880675523487633 
0.3035089675775784 0.912215966279847 
0.3805969725133258 0.4230040980894939 
0.8046971455524228 0.8019973299767347 
0.9039599673873505 0.20539142214867717 
0.6193950302173292 0.3876218821026406 
0.04888653690023892 0.7747801639289571 
0.5550095654421129 0.16232502125635023 
0.23973928895636826 0.7683689231434371 
0.1128816305921399 0.6234301424985865 
0.3146652672544591 0.4025461151449653 
0.8456009954556449 0.592192546058635 
0.9084451336195289 0.3406864167960659 
0.5899956194599467 0.5223515343865253 
0.11631189860260971 0.20493864355302605 
0.843594184682936 0.6877601661775258 
0.5398385544028013 0.6700068333153979 
0.6006404633772202 0.5864476012695188 
0.2589209622854567 0.22792973807564232 
0.28252694837597647 0.2889560771412235 
0.6522475151321752 0.8753647543467862 
0.375135993763346 0.7044196642231815 
0.008888632661067764 0.38016614668067394 
0.04594659069947166 0.2490281126511519 
0.7832774527772904 0.3917577944335732 
0.40167893547790806 0.12043479676761382 
0.8606593011089378 0.851801039932524 
0.9926530776802864 0.34694242986689283 
0.8200127585183496 0.4676050221336041 
0.8410311881522685 0.4505775765544558 
0.007872643881004393 0.456008959104445 
0.6939867242495159 0.05951095855125199 
0.9490360115471703 0.43238058713246647 
0.5515917633001045 0.9913549561543737 
0.07211257592440445 0.3417026236084226 
0.4218632208682816 0.16359310421460332 
0.19498431390087928 0.18857264631080078 
0.19841052286946959 0.64026447508903 
0.2598229559715314 0.3898783325595415 
0.49740832596659107 0.09570024189197651 
0.6913919808612415 0.7071047421431587 
0.521153649475101 0.3815643878705923 
0.8297753603110993 0.024740142490477124 
0.9614824686836352 0.09278490609306744 
0.9438705926340563 0.6805010093423265 
0.8161918100743584 0.1926133561989143 
0.04806315567431052 0.8364919941277194 
0.6039132603005245 0.6658153610175956 
0.19520216145414926 0.7471099163851819 
0.04267298438161993 0.010850026068311536 
0.7591665320409462 0.6852141780333982 
0.7862527273731392 0.1059417990499445 
0.37960205105511746 0.976780891415466 
0.1281790651325182 0.05813975540878058 
0.7384926359453553 0.5567312168717566 
0.6049997235044766 0.20100626607679156 
0.8145936705902618 0.7617311723589174 
0.32790548737517844 0.3141581309800924 
0.6516299263477121 0.4676116756648991 
0.8958353628854119 0.05645714749275832 
0.5772508880942304 0.05373569007590351 
0.3988196427911854 0.7532326147411577 
0.7275008078155993 0.20701505726377128 
0.24775719112730407 0.32316078911826895 
0.5161771636871695 0.28216955042200964 
0.7967134988816692 0.35479643491207624 
0.14228375979747054 0.8907433339646885 
0.6552327793364868 0.14680683211520207 
0.9130624095732826 0.9203813669804468 
0.4954923748908842 0.6813315151603836 
0.47499011923638246 0.22902208664921947 
0.3746201250639023 0.46258809191790046 
0.34059827770161316 0.7921096172478206 
0.12924404988388988 0.5847052195581852 
0.0785030495017714 0.5253596911392497 
0.19233073891094793 0.24421421127908094 
0.31900132782372087 0.19345465638355386 
0.20201038623144052 0.9852219298198381 
0.737228780980276 0.32773308485658725 
0.21053440449861482 0.43016708996485004 
0.7392464880605762 0.48048175711217245 
0.5317680625696328 0.8486157245284506 
0.9545025020290844 0.8636632114895302 
0.20602956917055282 0.11662026401170017 
0.9073113500037249 0.5694190455886071 
0.7268488383385647 0.8811012426872686 
0.08608424208812598 0.4680736850506107 
0.8000455454292604 0.959473344498256 
0.10212838453860473 0.8033816725573129 
0.6012794128822968 0.11868579043944893 
0.9697105218494737 0.13869543798121192 
0.39048060633894344 0.881487884495489 
0.46060037689457234 0.41690383634353134 
0.45985786398125206 0.24804456231054067 
0.9258525034858609 0.6150091283883978 
0.42361630650835946 0.2004887317665946 
0.569171646674581 0.6322886287126614 
0.8757136141495776 0.41675104187080764 
0.7846255111932585 0.6263637344491405 
0.1678334238131136 0.5870047461341185 
0.06431106007429677 0.7037208056877508 
0.27049716532394574 0.9442961274439106 
0.8494648834058591 0.8912572831987842 
0.2779629347640305 0.04305057342481061 
0.2847673413353841 0.8728002099539098 
0.013779376871346172 0.992512049837869 
0.45247278741578373 0.886023937196043 
0.3337694857552108 0.5143489574709658 
0.8799159818250881 0.3291083724536493 
0.4533674023107513 0.4701979645793091 
0.38579009905583783 0.026227671562354893 
0.22503799731703533 0.16076584474368633 
0.8615530871944935 0.9609554932883394 
0.0637106129166547 0.38637376726663364 
0.6659052764946068 0.4242571369561601 
0.9269190728199028 0.15397124413634933 
0.8489946487772386 0.7393492759150948 
0.8787649574613433 0.8129917346188802 
0.1361734882613322 0.720044813035926 
0.6911804814824989 0.822657340625951 
0.11584863358800945 0.9334737090706465 
0.36471030694583906 0.10117874846678171 
0.544358481443558 0.7623532927925342 
0.04918164949954462 0.08500059871911059 
0.2040308378514598 0.5314568855105914 
0.6882370767598084 0.2645673648854492 
0.32241200222099997 0.6138403232379086 
0.6757793983275561 0.005084562500442036 
0.5116080886410859 0.049077053592972986 
0.11003323684056115 0.12664540822791953 
0.7983681256098092 0.5483218916577473 
0.39344835022195845 0.8207290493485893 
0.009904695552994058 0.2775201681661218 
0.6030672525288475 0.9442704835643481 
0.7737271527688516 0.8488589347084197 
0.808949052004468 0.24205845628043776 
0.7311370247453634 0.5244984979859656 
0.02096429388881399 0.69880759654427 
0.7000929894274359 0.3448060664934782 
0.25344090479212966 0.5853293324760364 
0.46836200310917186 0.9620486541243284 
0.9562956352096765 0.5215730504826348 
0.8030456738581218 0.994633626689636 
0.8527173127358064 0.12093256114823475 
0.704045368242048 0.16007251545292928 
0.6497233399750377 0.7217636070346345 
0.5934646574944339 0.3640924947576376 
0.9405934928639086 0.7731051261725727 
0.5025126362334974 0.18254790888258177 
0.6513669501938367 0.9211057511609948 
0.729429902207706 0.7350072570712161 
0.9900552853151361 0.6992355085335616 
0.17071472394481024 0.5092200992815772 
0.13233528080364843 0.3798363323885945 
0.40739897926255453 0.7397329089791789 
0.5373116751166257 0.035189191747895976 
0.4728025527528289 0.06336094214653426 
0.5386459435629554 0.48610478274716007 
0.7692692558894749 0.012590244198732503 
0.9920130359562187 0.6069748812660497 
0.5820907584955863 0.034335965808547086 
0.2615929419877656 0.6610604099721105 
0.011334221527260713 0.5520978364550883 
0.685856475704567 0.09251847312491834 
0.1719022616433571 0.8067732886288193 
0.6816430188858378 0.5900352017670836 
0.5672354402683195 0.5959832651771428 
0.7367984391341085 0.26655125022420123 
0.8227140797069217 0.05169025421535223 
0.6424503365183425 0.27516674403884733 
0.5993382091755804 0.7061766372971374 
0.7318440425273929 0.6370940633158046 
0.5666393641692159 0.2124974265360669 
0.09069854165312091 0.40450515133798715 
0.3225432189844278 0.054622655290134436 
0.2697348601453604 0.10556751459326297 
0.9948288473354541 0.11143808622990292 
0.2499148746633498 0.5324784251519659 
0.3517256288447328 0.6886728923578354 
0.683125451010288 0.6825067417234999 
0.8312651391333445 0.5150334044590941 
0.07962701602780287 0.8446813788108811 
0.4979628386343443 0.5589007059422724 
0.8789677964560594 0.5779398688123742 
0.6447704663403557 0.8292815335939191 
0.5833978404446698 0.823826974730924 
0.37024717102577637 0.3000062955267266 
0.5076878317258872 0.41263252928229077 
0.05679512961796451 0.5956662678514484 
0.4076592317454206 0.9845461710248409 
0.44881697992156955 0.08156308257432399 
0.6870863664931602 0.5014069692785056 
0.9583766104455135 0.19005129180743296 
0.008517759690282234 0.0593557290358071 
0.3076991454668946 0.3541900346775173 
0.12808371068876767 0.27068206705544895 
0.6880162974305627 0.9874272080874029 
0.09046237092063247 0.29566719262694874 
0.7302334024809664 0.04199961821620157 
0.7104895244795779 0.9042981715784615 
0.27625485871213407 0.2139887775987374 
0.47774632977910664 0.15150921200147627 
0.5005801333352035 0.5159557540708347 
0.5509553327385829 0.2827789948686883 
0.5117011470016535 0.5921019055412268 
0.16891332627637745 0.9221450521370713 
0.7301040381785103 0.4266484064927203 
0.16586070845744272 0.14056063795600665 
0.7580395945766785 0.24015766698322438 
0.8385102144976517 0.3850352246597444 
0.12777952239017193 0.4742987448547572 
0.06141830815549815 0.6494798192478634 
0.2192073563668751 0.0858754589176784 
0.763538574381756 0.7937302055314325 
0.9576420117710585 0.9857654167335623 
0.49194738039887426 0.760841024000906 
0.19270073645241248 0.4415910005385871 
0.43151708698009505 0.6627793868968468 
0.6207911313532039 0.4761150076289517 
0.7574545786218678 0.9490442548868301 
0.8572806906649526 0.1827156486251395 
0.3117356337750008 0.4417068757020296 
0.4467529248479017 0.9878956152024074 
0.8971389855739089 0.25858432466014997 
0.025921371170241403 0.8374699663735125 
0.33605501422314554 0.9300236838561582 
0.9749593326150384 0.03400896216049193 
0.13787575407417157 0.6538093617379166 
0.07304209305055959 0.1762001522866437 
0.9701850174392621 0.28681191663730665 
0.967103916313953 0.8983342281101501 
0.616051701145581 0.5516371223119436 
0.8663139168636627 0.2900543519893267 
0.7503861720958889 0.6102078448896602 
0.6056505160264065 0.6205267394335436 
0.16592135104911737 0.7732741027075605 
0.04118377122731626 0.5272959630679 
0.09069522836810029 0.917599444858416 
0.6335946219739017 0.0949328277104241 
0.5695939907319053 0.11008358771578691 
0.2864008809573796 0.5361387922905598 
0.36830728948744146 0.37553161700143 
0.4887155143088289 0.6407229896451351 
0.14531542179313756 0.2258478447198769 
0.23808988168884737 0.3633948865814538 
0.4244160518941059 0.4057957856632064 
0.2752806507406359 0.6065449552543549 
0.9734313866194038 0.3707931489031293 
0.9857286456795389 0.19583180647676807 
0.6050363103592152 0.26279480505730296 
0.519863420231707 0.3283427683364266 
0.7688990735294294 0.4925256756793804 
0.18667929603333355 0.6816469330560039 
0.9033355421719178 0.7738356043772607 
0.7058192828129727 0.13178411662483014 
0.004385807860937119 0.6365877973217278 
0.9203944426818066 0.667119477622205 
0.8654179832515037 0.005469299823574858 
0.46848971991249777 0.7884298731910626 
0.2821127756576568 0.25631722916011634 
0.6336682153402589 0.7605104179043507 
0.0755762785269688 0.9922216169590841 
0.39169988464592137 0.9164808582734214 
0.7399609941072478 0.3925088806866145 
0.5065703504007847 0.24148673038166307 
0.3703157206936052 0.6048550025335306 
0.0059207692266901035 0.9627116004777856 
0.21529847018343312 0.6052060804926228 
0.9770783254322939 0.7523063277848145 
0.22425416771683665 0.9825184157305923 
0.4382127418680221 0.517536471776879 
0.9214677268803224 0.09748222746497515 
0.8566593555038472 0.5217963286310159 
0.5960547927316973 0.8707929162864008 
0.40862411414514754 0.44598832496430924 
0.20550825382796728 0.48262859583877243 
0.31912269659431647 0.7485904822870866 
0.05805629240060328 0.4723233504951581 
0.1439775242071682 0.09372262562260325 
0.16320855951213908 0.8897460856300494 
0.3044899055639402 0.1627406889874624 
0.4069773772422913 0.28569668097149586 
0.46914857473482496 0.29457497278164774 
0.43339667225424994 0.7983631234120974 
0.9571264741830423 0.3379501702383268 
0.2447685031804709 0.4336001213246528 
0.8446586760441882 0.08294183425309304 
0.013765094605265427 0.14712473337369358 
0.17974344211268173 0.7337247741386003 
0.38274074778525136 0.3527891086357716 
0.0976124577225791 0.6581691341751607 
0.1646289911022038 0.3372241266726873 
0.6450156844864927 0.03487482347819454 
0.4911087946783642 0.0020282215035580253 
0.12029315727263235 0.5242850020285477 
0.22027542360454805 0.5660389507090153 
0.8389247102827065 0.33946364668556017 
0.9552543851848228 0.8170320659714061 
0.33641062182120557 0.8244975222453854 
0.4661725634053007 0.3808950144271561 
0.20510165295907173 0.3309615831236128 
0.594219004363029 0.9180687854462306 
0.3429912447423635 0.11810160500750438 
0.6204685966460837 0.9647665650341586 
0.0979954687521985 0.7208493094951935 
0.39661780101742494 0.6896159960487878 
0.09033062718195917 0.7817509425731799 
0.3587084831353009 0.24992946951861308 
0.41500062789447767 0.3390465465103963 
0.880875075968613 0.6329732469910191 
0.3059518421138031 0.7926547084367788 
0.4461362969358521 0.1355562236922847 
0.40711881530328226 0.08773857212267738 
0.6471249658670954 0.1717549432776535 
0.9314436032399522 0.05597822008120085 
0.10248654067266189 0.15775706585683164 
0.9885382860207099 0.6671319854058387 
0.2623072761213176 0.16020487135624467 
0.8852257124166045 0.37797416031638287 
0.7609971209174208 0.5674412835549645 
0.8112879486043285 0.8576386376900753 
0.47708946592405627 0.6926542118821208 
0.17214174389076908 0.3040041489223929 
0.7936608203771784 0.4079604068818616 
0.6845186154863906 0.8959198323183579 
0.13134281671209552 0.5523474781165214 
0.8273811082662484 0.30939866817073763 
0.7774505585321015 0.8144906646634336 
0.25539531468186627 0.7547553819031372 
0.8408429633214369 0.6450793651992193 
0.8166474899716114 0.6277399222240332 
0.4770275113701044 0.8886111344656966 
0.5631972715917539 0.5299213312166607 
0.5654353599354033 0.3165775115835525 
0.9047258687618834 0.4244159743196785 
0.8054112884644824 0.06930935835690333 
0.8568770648678574 0.4524947604610492 
0.525599869689479 0.4685680023804819 
0.8078224275181503 0.9285756976219042 
0.6309027314646591 0.4217330040242285 
0.06484459500955331 0.9393962792568218 
0.7739573163728433 0.1619975535075323 
0.2964670785724395 0.6172338960850641 
0.5271314979554536 0.7789068242261056 
0.2912084956965389 0.9701961731711308 
0.6457001679301029 0.9485834619326221 
0.883944942783899 0.033872619386898506 
0.04844065810227499 0.3936928321754695 
0.13826188191337563 0.3567466575121135 
0.011445702675437375 0.5007979368093978 
0.530662385202911 0.9663471220418599 
0.46881780320678823 0.5774786624903866 
0.30570566096875446 0.018445753978684032 
0.48127605002026874 0.936030761085303 
0.45032280022459475 0.7172678591061457 
0.36220849593022475 0.2134265096702354 
0.9663831649389962 0.430479361992107 
0.2573674250057094 0.007388287589137288 
0.07016918377424353 0.2496895600642701 
0.29521868495114023 0.08024867777876288 
0.6844905012853749 0.195366816160921 
0.2674033879348833 0.7159834310373828 
0.14005512347530197 0.9541977166679019 
0.026621689181005992 0.8085879522263717 
0.7818329024141726 0.5903514173299373 
0.9413849636562484 0.8815642134395691 
0.5697473574820897 0.7907324028934373 
0.23026236996147276 0.21803098443124502 
0.6680537650242805 0.24027791780036672 
0.22690798625116787 0.25015443935984694 
0.8845630746925586 0.9377977394503754 
0.4501853405847199 0.8451545753791123 
0.830872760635174 0.17156192546793808 
0.1199121675990995 0.7875960361950861 
0.013801379808682013 0.9338161170412462 
0.04936708188830513 0.1476166009206344 
0.38848509102303513 0.839600482675144 
0.11270593410224938 0.40437329925913884 
0.8841570836165753 0.1822890426643553 
0.2230729361202226 0.8413913682956791 
0.7196740427435713 0.6607863575357489 
0.8853249389836194 0.8257573540492456 
0.33528666754780134 0.67524054852606 
0.37435227708650864 0.5647287983362561 
0.6095772634572503 0.8187382530824081 
0.2602365708799075 0.3474258148975167 
0.7996678107068833 0.21693915841247108 
0.43573417880978615 0.9222632000413635 
0.8225180300250539 0.2765324937875837 
0.5155597476724246 0.634417481806824 
0.8599607195299751 0.09600758240592011 
0.3733347102094403 0.07207214113914612 
0.37256213919242753 0.8691868827415005 
0.943016035675578 0.5424626905924828 
0.9139385388603676 0.7115068668363547 
0.4066148775989632 0.513300802134465 
0.7329311293195937 0.17571105360900813 
0.6919262841411546 0.7850040939192877 
0.7999251195263455 0.49371931655325646 
0.010622756495374419 0.4286274985808858 
0.7207862865322412 0.718335026726793 
0.18103735850408875 0.8328721990322958 
0.2975512466204995 0.3138081017326404 
0.488525910151819 0.12881803631250793 
0.2203744985432094 0.40714336173222626 
0.9155263985942581 0.9616223659652674 
0.6261924313032786 0.8929392023897177 
0.38077906549246526 0.9501030754364861 
0.7354101085799246 0.8084962876312819 
0.10741276265201949 0.8952644451305312 
0.13912071508594076 0.6218201051929205 
0.44892746788424476 0.602009933968187 
0.5798599716321728 0.4099484248084431 
0.906874733959491 0.7980519458837514 
0.24872909410089064 0.5026735778082917 
0.48567471543923874 0.21079819138842948 
0.7352299234056987 0.989781342289453 
0.7861597674959873 0.7676697331529593 
0.20526508707339347 0.36250743878931696 
0.4436334877397075 0.2245807617299675 
0.7661263480993348 0.0886916196934765 
0.8872699638883123 0.7440907597562147 
0.5310370203875001 0.7168675726164655 
0.4008590501792265 0.6051179815761585 
0.2079119608419117 0.880615135745042 
0.21407909066958203 0.01009646846435791 
0.6695381452334443 0.6618291763159224 
0.635430208877091 0.5695049964665254 
0.881943485490785 0.611610612399631 
0.5471107900291494 0.5796339039909122 
0.11263565822481081 0.0327277254372631 
0.4464723831075358 0.35525055157218294 
0.4205914154634921 0.2988415607796223 
0.28101801310819696 0.8281205953113797 
0.8850370048188327 0.8585178671571809 
0.47694402739717573 0.47412768319238346 
0.059305087276139756 0.7275740529512364 
0.1774510773583216 0.9933117003287021 
0.09207775226281018 0.04839269749471703 
0.1603801189636665 0.37659807787562494 
0.3974665860658941 0.7815689804434606 
0.2853111526199108 0.45594303004463843 
0.10694443341837262 0.5442248121638228 
0.8914466278669638 0.5322921571839494 
0.35675240788868157 0.010070103232601602 
0.6883300540673832 0.544325889918277 
0.005976050582461978 0.5776719177955187 
0.1399586812475086 0.3339678541898793 
0.9410963770610268 0.45644248175366237 
0.6297518451622003 0.7874869549355803 
0.7638685837530206 0.6577791906411549 
0.142139958983931 0.6863611881967137 
0.07444744397201286 0.21003270544005914 
0.8201559738722461 0.6988145028913729 
0.695923142879422 0.6232577880852928 
0.7949138648170104 0.7409343561495074 
0.6045231364190498 0.34054117918974264 
0.02869863688136337 0.2334732991163344 
0.7299339686492593 0.8552923619447728 
0.3026904253296248 0.46956442818783145 
0.4492063673075011 0.6800407701185105 
0.35507267278179366 0.7623500104568726 
0.7555583583221674 0.03574738504135416 
0.6038020909407471 0.5035951055760495 
0.18504258728658424 0.9534018703115451 
0.4932373205991466 0.8782800155373954 
0.7264502494254998 0.9376762255286011 
0.4850131270722857 0.5256636530246818 
0.054303545699535716 0.8785571247280781 
0.057654047623370064 0.3126357631894773 
0.3520225404306424 0.4162833215656705 
0.13379769064086455 0.8366842524009293 
0.4080865475071231 0.15408333090864662 
0.8745013822600984 0.4703452472913964 
0.21433889965056557 0.6514928423626821 
0.4961397414433083 0.8219236252986453 
0.06063053515424838 0.11506001042982839 
0.7588911701329937 0.3277541147207017 
0.11747775330749183 0.3586197340287752 
0.7606976133700141 0.5115704651332992 
0.6753831392023156 0.03734364825046754 
0.9763675186825969 0.9598550169610165 
0.6343960369945852 0.36571724145324036 
0.8565108853430621 0.6615667997531783 
0.7900804812685028 0.007558340128881069 
0.33959514550410086 0.4505918888464266 
0.9865209086897655 0.931412799062395 
0.9736065961317157 0.6062833036353706 
0.2436922550574228 0.781053061620696 
0.44335325343533316 0.050606599126141294 
0.9770834078986247 0.8154450207533839 
0.5757303948478503 0.16451940283295835 
0.18205970602963406 0.7123148168958456 
0.29650200047822967 0.6994146247959655 
0.4121287572854507 0.42504575056776317 
0.6234337901945983 0.31711944778148926 
0.19271503504231724 0.28894398437282953 
0.051427914722057044 0.7575001686466512 
0.9165342094312032 0.48911989100296965 
0.9630395772735894 0.009416292055983322 
0.6181987082653609 0.07332203528002051 
0.3789756135580755 0.15275576263038576 
0.5674097872258305 0.25065665049925545 
0.01582093616229424 0.5332690746026354 
0.4787761169740567 0.34043855076662644 
0.03207640347500085 0.29073855999843645 
0.35069813840264763 0.6352757903894173 
0.07925828273917035 0.8750836140465801 
0.9236034643626934 0.9936566188915759 
0.15624904013873137 0.18315714120621157 
0.5354834351900236 0.9262909203835243 
0.1319790552308861 0.11977168236870062 
0.30464721967797215 0.9885815251813931 
0.9001057734806369 0.6293649885490138 
0.568056641157067 0.9622525586167077 
0.8246302686243465 0.7806129718535205 
0.02123509556912001 0.041815830823145494 
0.35419100174560736 0.5774559163941314 
0.577642018104453 0.19551733256258114 
0.3606489477460827 0.9636117653308863 
0.04039917974396107 0.1937970612042717 
0.9154589725558766 0.04411846328334179 
0.2463163364368594 0.9682572371207296 
0.9627523244449125 0.6640969127807407 
0.7777988172648488 0.1451226603940005 
0.7785237706058146 0.7201850716567848 
0.4621973328629931 0.5027441791767704 
0.6478369766035306 0.4976105448011385 
0.9221673833379903 0.44035912562431495 
0.7350097011877191 0.11524834082098001 
0.05290632686059271 0.6137673257251712 
0.9898385186890996 0.6313464810809003 
0.633110241308649 0.4456431074835428 
0.4212206057089989 0.8818971797509214 
0.6800769820943918 0.9736211664590364 
0.6888325561050861 0.7309768899363344 
0.9048297886658296 0.30985570337931306 
0.5892664520122678 0.31152309628254027 
0.3826200807067046 0.3924147259081757 
0.7981333527261032 0.6604867243939823 
0.06838949028777552 0.6752434268955418 
0.5395179430971655 0.9007995630693106 
0.5725750177342072 0.8417284084288281 
0.9224860569832114 0.24181166791836778 
0.32561864665990237 0.2909777961872526 
0.36442670985398984 0.47497691344651 
0.14026579451688032 0.13905150581332693 
0.7960269149722001 0.6103599844428236 
0.9906427608570274 0.8889116415744603 
0.6644014600373173 0.7696258596000085 
0.5031785525587915 0.02546698341055098 
0.7923028293949503 0.2761087044763586 
0.5477420383510114 0.1921804786669732 
0.1052620136846531 0.009084336682459615 
0.8342188240884508 0.18978408334015856 
0.27865904014698883 0.3815490415038414 
0.00826188304740133 0.7717316755746133 
0.0033415746519668277 0.10488972966791121 
0.4620519517359255 0.8310583081554882 
0.7559883608376197 0.5351418472083188 
0.8185247371462563 0.9040620116303609 
0.3140592256728475 0.2688761661410514 
0.5618048562564639 0.7042885751354148 
0.7326644127667732 0.4595540674687093 
0.8566707726127198 0.9907645218429889 
0.7934995861609961 0.44790176279492705 
0.11053049363426476 0.27063401929482445 
0.40318354851423066 0.23809611761912247 
0.8458498045364238 0.8291686811399017 
0.6354767731963522 0.1230489521022669 
0.9878746097218408 0.4375233988719833 
0.9722611904409502 0.4735196868350458 
0.681003695737716 0.5184724399479236 
0.746418433967525 0.9205224333342437 
0.40387747704804594 0.7152711349147123 
0.1544831056141639 0.8633583173349397 
0.2825406018230391 0.6431167330340429 
0.2003873748191417 0.4581477799957908 
0.27893686427362396 0.799372433836628 
0.938817159017279 0.02222253728726592 
0.2868847661821537 0.8922474598009629 
0.48564378985610734 0.19089676144862455 
0.33355187734200564 0.9519263490670082 
0.7756303711807528 0.24086181747690316 
0.18665518979242174 0.5824474943740862 
0.6938559474826859 0.47078043947764436 
0.5325586745179286 0.30202107526553235 
0.5167648765039747 0.6086532400637271 
0.6568261554811363 0.08858650594544387 
0.19982222078707057 0.06105565046710809 
0.5168200282824793 0.3619688932994577 
0.11091994873849498 0.29431294253851925 
0.3976228272835694 0.04739458842323058 
0.6902233917751481 0.3822126932067042 
0.5113728489325828 0.1132656426952362 
0.5645972204834846 0.45058912689267583 
0.3233440077606229 0.715816539721703 
0.6936269611767233 0.11131130539396555 
0.6239358929586792 0.2779905561396637 
0.7051883792115657 0.27658592133575516 
0.9897466276673745 0.5100040273453531 
0.06342546165466062 0.5065994286937755 
0.07525858930738577 0.09495301090336539 
0.2408835215483075 0.08062240750350141 
0.5908880479001418 0.545775681664544 
0.15430860426034393 0.4528856156424506 
0.5531071685935449 0.6505515237010763 
0.12840413866029454 0.24468018902779493 
0.9377361638375518 0.18261530607571197 
0.7409032889251038 0.5867259007781765 
0.6491460069677214 0.854663429754301 
0.9225834649026606 0.5560898263395833 
0.8795186677075517 0.2025642400414005 
0.08346369090407713 0.44053941574340477 
0.5941997841987583 0.4640697175856396 
0.7011516581746638 0.004810322986397886 
0.0743240857259933 0.5578757464847117 
0.9864168680994966 0.05420455632184917 
0.9848123588634485 0.1491856852919115 
0.09067552276374569 0.9464544261451175 
0.23528170863390507 0.6949519184788233 
0.4599778686962494 0.4503937724041649 
0.08827941957164015 0.3082756042056055 
0.12231094776376933 0.9574153186505683 
0.2267308858760989 0.5460746608535388 
0.10610759081608062 0.7590915880540208 
0.3217714971388175 0.7769196478661583 
0.9851663930895723 0.5662884165578144 
0.15144041701923572 0.5950527785424373 
0.2989582001002643 0.5568234548859363 
0.3820063209078632 0.2686408906217197 
0.03387530073177997 0.9766840313812636 
0.9644706686246893 0.2283543829405889 
0.07308715101253044 0.010987742499356523 
0.40092076796709814 0.46561721325871896 
0.25341158234789585 0.8897618739136044 
0.5669571046292214 0.2664040590771143 
0.19192587612525558 0.1463415657376657 
0.8322283744582475 0.2355035492158129 
0.18517951922104825 0.9089106567749774 
0.32986759764999174 0.23166656157703447 
0.2863664704112089 0.15240088466260526 
0.09890871992997735 0.343051101307002 
0.10582542829018193 0.23549068296924663 
0.571749023251103 0.515163312090708 
0.2507887288284921 0.7351718945853862 
0.30579586547096443 0.17526285040564177 
0.7641199214440262 0.7516435239361106 
0.6374987518625665 0.3046657656623354 
0.8107646183704567 0.7220733020067714 
0.5282766105843018 0.23229772143249 
0.13484924792656267 0.03193033206919077 
0.15362405465986184 0.07151748600368596 
0.9915642948688209 0.7445375412989433 
0.1618677952378197 0.2439909215925034 
0.9580974165961766 0.2614508628975546 
0.5870980321683013 0.6032212491738435 
0.08202095695930767 0.5968406388565237 
0.4963713501184053 0.9585912038658531 
0.7404706548714175 0.40985136814869033 
0.12693409130930794 0.5035925985800176 
0.30658210956171483 0.8733687112378159 
0.32394357486668096 0.3823084642883351 
0.9302599728072356 0.31535406798677873 
0.18576685771299634 0.41181717080069 
0.515489354895567 0.6802525578600674 
0.7769084245432128 0.9907908703065819 
0.799417093918335 0.88534457755349 
0.45388737957303327 0.2762880302094729 
0.026354140978480378 0.46488310154047935 
0.8140257978741876 0.3211652509472328 
0.7000156808752651 0.36475311480383044 
0.894835400156043 0.1012686441724826 
0.8968981229196764 0.3521801692665474 
0.44606602808504736 0.6258092372983567 
0.7336581844796932 0.34031705797574596 
0.28920494587647244 0.049915757433805275 
0.9730715659766425 0.6926245848555256 
0.8603282920216984 0.9354855587134359 
0.956252063735397 0.10895456905977713 
0.05263929453620453 0.2730700693670669 
0.31053662210849753 0.5163033838855547 
0.4010848470792384 0.9609883064485827 
0.402639015770598 0.20309266550877586 
0.6916629073625302 0.2949729376434242 
0.6122032519738838 0.8706407080984839 
0.13507422271171315 0.994555536230876 
0.47332637297159885 0.6185959582406962 
0.5610970537694024 0.3449857283286233 
0.03771109616993412 0.5669915395163582 
0.6229084680341985 0.2077458589944584 
0.4553559770749006 0.16527175219428092 
0.5911165364072262 0.96109992230426 
0.6948101958088365 0.7491330919389017 
0.6132867118497429 0.8497107857429574 
0.5520504103446775 0.41159765690486694 
0.633105637072907 0.5395793982312309 
0.705605603896744 0.888119128308446 
0.5522608561314958 0.11890421290285674 
0.4030857736703174 0.007266546086313386 
0.9072604059387839 0.11495213919155911 
0.33913030014960494 0.908959659126948 
0.45715210392699895 0.3953622262982448 
0.3892900453390923 0.622396527746792 
0.104534318396176 0.8344541476787795 
0.9501113588496344 0.736712048171446 
0.6955226805355362 0.5234859451617152 
0.6844935873558606 0.21871473830579147 
0.5458815544005279 0.010555295210905424 
0.09178109306838322 0.11765437427431136 
0.9587690678645602 0.7088644113743984 
0.44554589499799074 0.5428277872538421 
0.677628509321138 0.3542611136482591 
0.701337033910637 0.1820074318936588 
0.37056458905276385 0.6785726399903641 
0.6708352159193224 0.8185678205811691 
0.2140601990167308 0.7497378836590874 
0.6281867069918532 0.5926653808665966 
0.5451486066505519 0.1403411663684288 
0.38227352662348785 0.5151028204285394 
0.6682945918953942 0.2690641395569777 
0.0974149123913986 0.5648657676175137 
0.2190109191255451 0.34510771141473606 
0.8589297992113305 0.021951378402418453 
0.8537391906494846 0.4023600278812244 
0.530303449843196 0.7994502515735831 
0.7321446180549629 0.06255649667918889 
0.5861421122760738 0.7490736387162782 
0.821162051833886 0.5386569483401695 
0.6399812261419531 0.5170847547684956 
0.22418693474808693 0.49351469701130146 
0.5310653182261762 0.830622231043104 
0.011633734777629634 0.4772628537780121 
0.6516632855384966 0.6731416461960158 
0.2880685210291444 0.7246061181538175 
0.24388707749455968 0.09361449296453261 
0.7790182848854554 0.2181942566767242 
0.1543006817028964 0.029073473484035217 
0.9524374256179562 0.05980772108073873 
0.8627515777909956 0.34080326680608725 
0.2974666568351898 0.5934056293978508 
0.5874153392983099 0.1306916455311274 
0.13812622315554152 0.40504538548861707 
0.8581463606498706 0.5682858392425417 
0.21750399554046806 0.9076608708028233 
0.806248459529946 0.09258877845652608 
0.3222662370810362 0.3355269423115774 
0.1605295714110116 0.09338504183161617 
0.24438506473646093 0.17103003193729688 
0.7431311529330611 0.29154482206322063 
0.27870733421175364 0.36287476750433806 
0.5111820295378294 0.21274085179913055 
0.8236208292979366 0.43548031941509147 
0.3496869032298944 0.14353759345661204 
0.3618297088462425 0.35627356835009416 
0.5266864839890113 0.5069223367600718 
0.8383012803801133 0.8021703260910746 
0.01840422351138371 0.36381077462311306 
0.5847924789486356 0.08015418750108227 
0.06019126974628286 0.2297015342153707 
0.6343869016725999 0.14914692457038448 
0.41977898147476295 0.6402818044030537 
0.5992500181458489 0.025026466542178938 
0.8275856265567887 0.9975268182386132 
0.5628262196873545 0.5498107349183944 
0.16664656746903128 0.28615031587073925 
0.8384115698354135 0.7119175083196525 
0.8030467173859486 0.5136190854641212 
0.7755852179774358 0.3590715099729894 
0.30488164819497204 0.11263770975928816 
0.8841895626945614 0.6952189550772533 
0.2556187815536278 0.298076206696666 
0.11527697667988812 0.7290215979885663 
0.8258407327359982 0.006466587506977206 
0.3867872855553819 0.2917300460332344 
0.3341606881753957 0.036709506016957605 
0.3385233614971618 0.09641725544583862 
0.022638332482430412 0.6366547091171995 
0.9087257740036986 0.1709780048869352 
0.7094802709225393 0.2039279606762548 
0.07680336602568866 0.15158162194110097 
0.7473861127151199 0.8599643587259687 
0.08134611801564035 0.644461270887896 
0.990646052684071 0.29017933800444673 
0.7141222972666617 0.8299192763252294 
0.6165848896055129 0.24481645395315144 
0.9911269809812229 0.36524402127464384 
0.02884036183347677 0.6758523938687222 
0.6757678062285769 0.11660207692398367 
0.6129261151279038 0.03715695057570395 
0.9757889516835557 0.8548158453564525 
0.8378987926093233 0.9515486050110986 
0.9286409230796278 0.904585860180197 
0.03199247874835015 0.2671872592486415 
0.5454902890973867 0.4595764026387218 
0.9469165178203778 0.3817605302320808 
0.7859995302755102 0.9409726381761725 
0.5079482181449108 0.0721689830129233 
0.23718338598322075 0.638534243760618 
0.8171033445955833 0.37965808247341604 
0.6159592944361969 0.16148458592283993 
0.03562942371594929 0.3251793295311909 
0.17008526688881592 0.43740971923617855 
0.8085838220805983 0.14027355973387912 
0.1890165860950377 0.2040106033180088 
0.8922241184394785 0.4326645278285436 
0.791677243083581 0.3784637211417484 
0.5386431432327775 0.9438272194638482 
0.24860898977344967 0.0271679119740581 
0.9868745690886923 0.31859895437264835 
0.0986687768332214 0.6774535216668898 
0.6717441426674338 0.7161406088848488 
0.41290883153873537 0.8322767236147113 
0.7805988364461902 0.286267497789096 
0.45385175289463114 0.902210844399818 
0.8357202522898428 0.4164225349416555 
0.05866282919323329 0.7898590592930941 
0.671630772397132 0.7930120213541546 
0.33179141590640227 0.4925620952689336 
0.24936077109577004 0.9933114211605935 
0.5360104822388458 0.276504529132091 
0.6186093226619517 0.987169613606401 
0.1832987115664499 0.7601676258719497 
0.12948355856346583 0.4525019853022761 
0.3903664796486615 0.10044461886329642 
0.057375665776448925 0.48908770708860244 
0.07452197816082823 0.4119280461817262 
0.5706761110362233 0.9859654735180083 
0.03295885791341474 0.8565829313745114 
0.6207645280366416 0.9325150244018459 
0.6140075685671467 0.22191562935863307 
0.05778980989718557 0.022282455001333745 
0.6412438653997287 0.20002626985205352 
0.33731693041435745 0.9803504290167799 
0.4357106196626772 0.7449937729232254 
0.404900480882087 0.9268150868657609 
0.17789364417197084 0.6450607682537858 
0.17805839499075665 0.17484044343718963 
0.8210897753401105 0.6067859024997689 
0.23360960158468874 0.267933600640185 
0.3112786484890919 0.5353484634334408 
0.9891587443126788 0.024072275766417905 
0.6450162411972196 0.2531603246359704 
0.19682399923178073 0.3145489210541773 
0.04967639081281561 0.9179852381188771 
0.19693807544379754 0.09026793888348195 
0.14686867540034815 0.639609070644019 
0.8774817908169829 0.924624687973799 
0.8594460315750236 0.6952144435467725 
0.9510950788087882 0.9116549258027381 
0.005198676518317402 0.1968064389149608 
0.8002924603283097 0.7805461979911865 
0.6777008761756781 0.17195141918359375 
0.8642683517640217 0.7571211525175189 
0.5792681569209202 0.8592758270792306 
0.04370721614458106 0.8135979526324812 
0.8669814720119282 0.4837844373458105 
0.6703681168406886 0.609583654311508 
0.7294448317618547 0.6702740961612534 
0.6124461641170146 0.6787421078084123 
0.5335593496165163 0.42846274542232526 
0.2978830065023223 0.42022593357102805 
0.40690168579123237 0.3250037880174911 
0.27262215543933194 0.7680373780641712 
0.9455857359872789 0.84712152623722 
0.6702775767174433 0.3966598001512877 
0.7695395288184151 0.40673013687039383 
0.45692156464821954 0.7759104081229236 
0.7481346851842822 0.7022497104503649 
0.10907852798003975 0.18847540174773753 
0.169083041668244 0.975367349398711 
0.2468567792839625 0.8470776798128012 
0.7039797801023825 0.4420255880846091 
0.9705889852063536 0.502994016807355 
0.29300584562966725 0.009878066474539149 
0.9609569984868804 0.7904520927457712 
0.716996771318094 0.014914487200739013 
0.4592559855273579 0.01270704166762604 
0.162550728008656 0.6960568345703022 
0.6605962425335035 0.6388067738418515 
0.4702665669771057 0.2685631030412676 
0.5195734218474202 0.08946345364967867 
0.9360905903230534 0.9758973219948128 
0.40922090435892994 0.4964670732364349 
0.6607801612051583 0.01244234253258758 
0.2409592582235785 0.829253208198836 
0.9146626209565667 0.27148856919088293 
0.31954204697193045 0.8342352659530625 
0.3339291770190175 0.6012212226490512 
0.022186599187334066 0.18735771925410966 
0.9878047427981913 0.9097886536200047 
0.6146150735176568 0.5248920963089816 
0.9113123832104904 0.36445096347974654 
0.4620043906861042 0.8647283850562476 
0.1708696732439765 0.5514580882119062 
0.7235216010927102 0.2856043681265794 
0.16605468686456443 0.010686967664621072 
0.22487009468661734 0.9299149018390123 
0.05485387379956991 0.8575294727104978 
0.4190606737631561 0.5468334072214186 
0.9332078450940526 0.5212727205638186 
0.15562801865169235 0.20921769172193083 
0.6452243273356497 0.34251329690441784 
0.39982428946665804 0.5653797942271505 
0.7906109684946504 0.8371123447581501 
0.6662193232153415 0.5792076982312206 
0.15065855266155637 0.8384998069592694 
0.8011801453906257 0.673611725112101 
0.5041656665349161 0.6581217394972068 
0.15336188808925988 0.49999692501602094 
0.46783779630052313 0.8180839942725392 
0.6977712135330968 0.6665697862582145 
0.3567201658667317 0.5153886000670106 
0.7535563862169309 0.13287870005957814 
0.4089607931521576 0.7697330392436261 
0.886890246536518 0.9590158672237292 
0.18441822562164156 0.6046684610894061 
0.37874186521145925 0.20020772943889664 
0.3980472603185102 0.40910344776297736 
0.5591357979724549 0.7425621944972587 
0.5167173585835092 0.7679558727415761 
0.008426080688822835 0.6592936596179115 
0.3042155317064673 0.2888964428353728 
0.2212867580624845 0.1851082555449447 
0.07902068403789003 0.2660589000485346 
0.25649573154804395 0.6106316440422803 
0.0839727779306651 0.5072877347444738 
0.1331738054318265 0.8651740871774356 
0.6216005902370335 0.3522769731696218 
0.6986788744986625 0.5685484182502951 
0.14286094924626225 0.17220628855857467 
0.7418662201932527 0.1938463549890172 
0.2784359474369038 0.667149877578179 
0.27610710495484303 0.5840595033097339 
0.8594014018246019 0.6124780372594242 
0.6971842611144653 0.24793815512980116 
0.37343778630726165 0.7435501904463291 
0.4996395314596502 0.924947255241187 
0.44454543842551525 0.0978667362172565 
0.20031711750878523 0.8371861100871234 
0.12198509956848946 0.8124036868924793 
0.7142476139995646 0.10052451234801019 
0.01079947871871001 0.2465341471691493 
0.809071352018281 0.5678681892647879 
0.4671960720031174 0.7097991005122422 
0.14775681475206115 0.7878144797106768 
0.9492942988231201 0.9322173822534816 
0.3759824815304013 0.9244974124496352 
0.34579726103417296 0.1987476135381444 
0.8359521957327225 0.14495089751332974 
0.35845177504489334 0.26443742475559756 
0.7448334532245481 0.9668068020904395 
0.4957703683378779 0.4276911695491294 
0.739763043338324 0.49782726595737153 
0.858655327324693 0.9060262629992578 
0.5551830466269307 0.5007959904955632 
0.023434787912226918 0.3416287933276093 
0.7012169466357492 0.8023964950822631 
0.03897716211460078 0.1254529936872229 
0.49279342454259395 0.3560590915669728 
0.4344115614265447 0.7038322425639527 
0.9421682919182954 0.27588398602506414 
0.28396953758023086 0.43630296541240365 
0.03528361910796696 0.21908585800841118 
0.6184866402998819 0.7052172797144782 
0.2859987127132385 0.10004401365563426 
0.769795822613156 0.4603375897021186 
0.299409393180917 0.9267148270381443 
0.9640990354698373 0.5403523134150932 
0.24709108360240906 0.8023846142232808 
0.2226955601637557 0.8188265751278783 
0.06338465438623753 0.5327027834832693 
0.06440844991324807 0.354785272319994 
0.1456339437421008 0.26193511287850035 
0.49033382766934963 0.7905731410576768 
0.881224643504126 0.8839067223157777 
0.1979807213712227 0.9701678008789835 
0.3248347679189002 0.42299014320398143 
0.7760361682336592 0.5638235931534579 
0.9348365338272404 0.7485644703349726 
0.43027638156086584 0.9873101918030507 
0.08591715984243592 0.07790159130112606 
0.29003671157886246 0.18167204591094244 
0.9796579433653716 0.1143826985579457 
0.10791334185747076 0.4789299159003561 
0.03537087808408307 0.04228088042177036 
0.5247574918539403 0.2578198626868319 
0.6670298801242802 0.4453074078268075 
0.02925917361681324 0.7623073253893282 
0.5547663071822638 0.6216029920769744 
0.33619644256910386 0.7334511380948201 
0.027387977569797328 0.4384874843095763 
0.35640782645224 0.44338242169041225 
0.40174940013867766 0.8614875401585436 
0.5787566786583818 0.7729461790620811 
0.09585256342409448 0.8605093537708162 
0.4649120404252713 0.3237040612080845 
0.5366649269616965 0.6907468465453557 
0.4317069204961669 0.4534987096573244 
0.016927605350633146 0.30438054280775656 
0.5927563167707319 0.009842556487576926 
0.875196789950998 0.39661603638114573 
0.36677802230375534 0.315695418346718 
0.661197762025463 0.906212081015179 
0.20141952315611344 0.1674000588382208 
0.03158804812846616 0.7405923733069935 
0.06434727300329285 0.450941754200801 
0.19696870943357508 0.5106346695657342 
0.909413895656628 0.08141297883540738 
0.5741117882252931 0.9182046962866308 
0.6290973547030412 0.402945127287081 
0.5764240104056986 0.891432357699621 
0.23708635235019843 0.011057143838687389 
0.43945517358718794 0.20510697713188575 
0.4714685040788031 0.4315193087015422 
0.3820132245732706 0.8177150819035467 
0.3680987632416431 0.8252835246027761 
0.29700064420779687 0.8531205375912085 
0.5374195121627002 0.5993918428818146 
0.2368991428942075 0.4000130046191497 
0.6696827176948278 0.9266540133688272 
0.03622867089576387 0.169956833120531 
0.00875665446265328 0.8551761681252135 
0.8937713601618302 0.2837995387015877 
0.8394540080342177 0.759696414772744 
0.006701668058887389 0.6860427916041547 
0.9889135481804202 0.17638644842246481 
0.9933694054105479 0.22050935283281764 
0.7162086919983498 0.6090622881400064 
0.11016431485178574 0.9576728316325136 
0.3260992942053266 0.5574552481492695 
0.17992409880920263 0.38173193727954186 
0.5106070870100681 0.30187501090583346 
0.2485516091271275 0.2457452174523787 
0.921410270659417 0.4210937337755727 
0.254554646039474 0.131537996594424 
0.6358828162046709 0.6594342094818525 
0.25166761585635883 0.5623692132040374 
0.44165993257244057 0.4947165589281661 
0.26338811812112145 0.9625199588926225 
0.17463099610739186 0.3224016168203871 
0.25075768149395733 0.2084643468569451 
0.015834552739214802 0.4050094650411533 
0.7411536687607521 0.02304567193277368 
0.9437365592573346 0.3022862245749488 
0.9089205286816677 0.18800259577234585 
0.3912801421800838 0.48351888844058705 
0.690108443727558 0.3178395964021232 
0.08811583847028481 0.8187893619511621 
0.6679288283153009 0.07602936568555896 
0.8670665377516497 0.22452523175871297 
0.6145113834288853 0.7634226780031308 
0.9512126284806812 0.6259001068038301 
0.9532689596774909 0.47507910904065004 
0.47538219052894887 0.7596184335281053 
0.555167054112188 0.8569512699581563 
0.6004642430148963 0.40548750745785594 
0.9538626672860606 0.5979711623540305 
0.5425127109768543 0.5512506575492704 
0.6047952681919246 0.18192556107814184 
0.6507180477929366 0.7458915117046925 
0.7930353064282729 0.2528056978637768 
0.1469860513326035 0.5689026079354351 
0.826854676134293 0.0823815746823684 
0.5917174932704545 0.10371274874656417 
0.5334401718987833 0.16018130913111472 
0.14738886232480192 0.5330949368414856 
0.9194610210383787 0.6428252476505747 
0.753472761142796 0.15529513596813643 
0.12140070597391783 0.6759624933126763 
0.6259974760388896 0.6186186586309617 
0.07259314389737542 0.065900606910205 
0.7568546105729741 0.812477805915681 
0.29768973484822403 0.20556335670914738 
0.442902550600558 0.9610334738758588 
0.04587766877353244 0.6408147751792265 
0.450840348701751 0.6477134930015369 
0.13060773119757585 0.30611197376162447 
0.2773063494215276 0.14058801420410127 
0.8946652621409393 0.923779708279099 
0.7878468529761702 0.19725606049862998 
0.8461006411331777 0.3260497440400323 
0.35170760036259174 0.8885828648161262 
0.820635404272643 0.680085802138288 
0.6521269211483933 0.3184901472558086 
0.8189580833480001 0.34779688517836443 
0.5521104811361159 0.23538978086705192 
0.4298421895187373 0.3196579994840587 
0.5208609327559296 0.7489266132057752 
0.24065143856907428 0.4556577479194552 
0.4785143628808325 0.552621746477524 
0.58131126787096 0.7235090001093312 
0.501328180490336 0.3313275032374948 
0.2681759700084425 0.2703688826483499 
0.9723351344485971 0.3427298208763585 
0.0715789163941078 0.9212880818056941 
0.23355563819791741 0.5155546054866766 
0.9216046427075879 0.8832763219985638 
0.9240958149337861 0.5868914481285641 
0.1578120556221121 0.7250271170214395 
0.4928350568631571 0.06364012667320296 
0.4350827737325146 0.07188993465144733 
0.5050959360936614 0.16373096360901995 
0.9949745614559646 0.8159198761264184 
0.25420107541065184 0.4838475778948087 
0.49067241082402113 0.28403749481563134 
0.9058032925145526 0.8180995876129371 
0.4544570805508542 0.035208980058962 
0.04340657034344092 0.1014779460458986 
0.8732130876703603 0.2634587880773006 
0.4320099561209711 0.836932280959474 
0.4995319847265044 0.7054961030391929 
0.9886889667113214 0.4193765322849611 
0.20410773018547235 0.619061670848264 
0.2318324303267496 0.8616599817772954 
0.8979802171548723 0.8419899472818958 
0.3613598274408405 0.27903314409190505 
0.9977671904281085 0.2641554148839239 
0.8616043167656402 0.14548255713186076 
0.4653681812435506 0.2061756177396139 
0.7950317861099158 0.019617273687316694 
0.22387495341566938 0.37830489571735143 
0.796567413095622 0.47401116161245166 
0.9187826992768586 0.4659621029687051 
0.3163400635570375 0.674018340772516 
0.13118019186167884 0.6078202315580868 
0.6288883497185818 0.8096186604549126 
0.4105568492765531 0.03335976476039426 
0.5544473703935003 0.05119772097442565 
0.08965921409952504 0.17303078196156407 
0.07246084782644141 0.29324520204702015 
0.6723979495340612 0.4653426401868881 
0.1557361009743216 0.1186555897858852 
0.807030051503739 0.42178043654168085 
0.3236845309422508 0.1284015308999043 
0.9331738119830295 0.9414852587754976 
0.5768544141409419 0.6907620208710262 
0.6370831365884689 0.9266219799495324 
0.9309142381886975 0.6887014116671677 
0.28403599803554913 0.8117806077205345 
0.7123602218120282 0.07393554327251933 
0.4808812362743281 0.08775289245217704 
0.6514580341263012 0.41744314711279407 
0.3446857531530962 0.30995135538756796 
0.7924184655999291 0.69177876990237 
0.1321655023754505 0.4368850497178326 
0.11888254745689641 0.4225573269574895 
0.49886631883920196 0.14355375609966692 
0.525781088158571 0.40467479753735625 
0.5744553821031821 0.9394122227346406 
0.2833737641372992 0.9089563355613244 
0.1760353438540051 0.5289287154163931 
0.1965869251777122 0.6673594901060372 
0.22179733011570313 0.6265074738336678 
0.388701443692476 0.6675772300355118 
0.6120582304445955 0.141126064044182 
0.6646284764940694 0.5263483261445998 
0.42853267659509114 0.2709078511752061 
0.22369012356726403 0.4456823841201381 
0.07884629811181593 0.3703806861637913 
0.21320486422121449 0.23953636417511803 
0.6599825771709253 0.9903848105939346 
0.2610892154018216 0.4569715725608878 
0.4174810118693357 0.5969237118502483 
0.9633145077077552 0.5678414200419918 
0.8981927397009871 0.72924596987796 
0.8583208631829577 0.8738480279157355 
0.15705591176884143 0.6604645889972034 
0.30314185296397583 0.8881268330670964 
0.9227853803274444 0.13402445989514644 
0.09552460247207611 0.4239730161129429 
0.7261413079345793 0.13359483686419865 
0.40670063740491935 0.9481312090000862 
0.7688542193809237 0.5804094015899337 
0.12207036791778458 0.33845473388376257 
0.8100456473921968 0.02966570335723917 
0.04925910915155812 0.3360051948583257 
0.874347078773712 0.4511793332585021 
0.035760706043409696 0.9414772640621123 
0.8456220339169795 0.3665921213728297 
0.5359664895287124 0.3524917473538299 
0.15692479925980807 0.042296279563033556 
0.2628259711393913 0.6873673158088197 
0.8916682553867359 0.5861037103153753 
0.3989830171106933 0.36930478777179415 
0.7666425335281328 0.8686686688276168 
0.5180401542591454 0.026822232590582695 
0.9416065402119528 0.7190125503112849 
0.8040169034421196 0.5273076420559107 
0.41102377048348293 0.7888470707571957 
0.9924936867436224 0.12538859579585931 
0.604634090797568 0.3755934702642201 
0.21208161851903634 0.20271547243659988 
0.1852068975275339 0.4860630650014596 
0.7344695920645831 0.7648253944235552 
0.22063889707186468 0.9583540405917086 
0.8599754524603744 0.06833863985718419 
0.310369876819702 0.49120926067577886 
0.48083577528733007 0.1725790456584877 
0.2695441649227499 0.880225977606305 
0.441907130320268 0.3722423783280162 
0.5167632315012027 0.44693792369399366 
0.592711137886009 0.6490645763841064 
0.686722994149023 0.14687189038433268 
0.14719364607483254 0.9688843301549332 
0.4014484400437064 0.06812316788007267 
0.9613887761874053 0.7696727287032445 
0.04364019831775595 0.9949265686652241 
0.5640678911931809 0.2950459866252009 
0.5782714128238425 0.33171970641700665 
0.5097122906938953 0.9936593900407747 
0.5994545356814183 0.06416470442469674 
0.8674077127078708 0.542726772170389 
0.027642272968128656 0.5111445027863889 
0.8123978378791727 0.8210874972737023 
0.12880038976531633 0.7424997556525181 
0.758192368185751 0.0756339709215465 
0.6568081040801421 0.559776021121397 
0.28877707338334235 0.24143581642850692 
0.7326066432422841 0.30900752089351835 
0.5862820428644798 0.27278088470576684 
0.34756919603227465 0.37628265897855556 
0.11337731920817046 0.10690047473542685 
0.0085600865805871 0.8754167900259006 
0.8649207021356019 0.49912091309353 
0.7074921757000486 0.4194648698804075 
0.20260191261937832 0.01742519245366786 
0.005502021635897469 0.8267253708195101 
0.27181466138721544 0.5111183377690138 
0.19853955284057406 0.5685747798966498 
0.8301325068046468 0.29132759291883825 
0.7565843533324939 0.9889237044663508 
0.6416521307525831 0.3836904264375145 
0.7077915921963596 0.9496094097300808 
0.9657573542921829 0.07553615870245689 
0.3386508326270973 0.6544919689892268 
0.09882296498118193 0.13658534090246643 
0.8719736757675702 0.11698013117148559 
0.3587543359564186 0.08404310684678018 
0.4358732258946106 0.41457881598338253 
0.24461627630711041 0.9180009965288836 
0.43607940283518737 0.1718038291385049 
0.1274471886221823 0.6976589747196448 
0.301504441136366 0.05805753161155819 
0.7054816314337304 0.9819342633427903 
0.708553856441988 0.328657609356763 
0.48381750558001807 0.24815478629386872 
0.2254927641779062 0.6693025744596683 
0.08014302710140148 0.31809623922425134 
0.4717230794605471 0.9938232206623986 
0.9044933795736612 0.14720828204678466 
0.24255582391836655 0.6627732937321494 
0.8430905110149003 0.05954065587118906 
0.6189328245482508 0.10672530764760912 
0.6549451259537551 0.11447682279879212 
0.9729168522474541 0.21620317391895932 
0.3057621513909297 0.9479588503098071 
0.7750014585732032 0.6706576437333197 
0.782527790935539 0.9214028352491271 
0.22575623903270237 0.8861022349599239 
0.7129687999652619 0.0515491257663806 
0.7454887606933741 0.2225214307492609 
0.9224987016944892 0.8005963054690386 
0.34733370435424604 0.7151968296157374 
0.9026661753513922 0.23025899904114688 
0.9867065273519817 0.7232531678055303 
0.5059286473386341 0.4697416777284784 
0.680763906125423 0.9422766555453278 
0.10801036868290903 0.8743346599896933 
0.4743240051329551 0.9138322804925587 
0.39856919887209946 0.17313407372594258 
0.5455076845134396 0.7841291644662565 
0.03337510693396978 0.3830681833533806 
0.5995641697684906 0.8921779869020909 
0.8799475302084474 0.3068362726934225 
0.45501742381858035 0.9318329876463749 
0.32767981709816474 0.811124597052161 
0.18714577252317882 0.7931977331377871 
0.08413403547414688 0.23427355259725935 
0.49288874189155063 0.3753101956301974 
0.7590335189187161 0.38630609127854476 
0.8261938237118964 0.5530078260963592 
0.614130659089862 0.4525746494672218 
0.9710825312705477 0.8403137562773405 
0.6361008706155599 0.07585620975980323 
0.9676631972280019 0.9447220482701928 
0.5061433158769308 0.5367303130055784 
0.021079546527119908 0.6162641973908033 
0.986760906104523 0.7702493938440704 
0.5475698073176603 0.21298760372024994 
0.9755978460281945 0.8762321603223877 
0.9055858688345777 0.5465626385481526 
0.10421410939771214 0.06653718047223423 
0.5728410627486171 0.14640903017745827 
0.26827525578994943 0.3166991581591292 
0.5370277680371949 0.8777562296318953 
0.08230789806299349 0.6696127017019947 
0.565225520437395 0.8086461458443873 
0.3432941484843509 0.02124663206251448 
0.7736397992346694 0.6079075589499113 
0.9058502234295797 0.6870044788940359 
0.926570886935969 0.7620407960596063 
0.9296624137466 0.33237468919155344 
0.9265801801688689 0.11713824471311457 
0.9118853929893195 0.9396915500957752 
0.9067031796938116 0.9021168329544008 
0.3550688974547737 0.9413547795068706 
0.3457463478259917 0.6135281390377016 
0.8413536018143555 0.49339199764336106 
0.4593615965659952 0.2254848808622228 
0.24194182350547183 0.15049603970669906 
0.7933781855322365 0.051642188295573044 
0.02780849287016801 0.7835007722302887 
0.41682218898180345 0.807612120719573 
0.30595280177747664 0.14893746068229985 
0.974452697115343 0.529094298146793 
0.3976097092883 0.1394423854653674 
0.19852354233895114 0.2617011917733939 
0.7881468782019021 0.6477593556665907 
0.9899000278944678 0.5866847628758737 
0.19020738789242098 0.037248871320760824 
0.2650066665538542 0.18827094872527872 
0.006273280770650869 0.007922662548243975 
0.37123072225129267 0.04904167584597574 
0.7508311055489177 0.46252492640391046 
0.16735375496225213 0.40496326659436427 
0.781352076183416 0.7936793582870472 
0.9178707115375065 0.024184932009671867 
0.8043476944010641 0.29911094881981 
0.7504527793302742 0.3459901658436987 
0.7534670285468412 0.006697970948466969 
0.5770392162000433 0.39379047234613984 
0.0944383715239846 0.9666800400203952 
0.4447702760825395 0.5863465096010485 
0.6815991528959463 0.41594337930459613 
0.7405990797999537 0.8979604553234004 
0.9112927377472211 0.06091173685393397 
0.42858133742177124 0.7707441300204657 
0.7698471022819123 0.7292255597410676 
0.09759373048153624 0.7388554889530617 
0.9416267816573825 0.41647894754936216 
0.7587245304452936 0.05560933043120858 
0.8772215500871692 0.6662567351317095 
0.7285865124816048 0.9118059486738078 
0.47356992798564645 0.6657149735922094 
0.3763591073219434 0.00867132681611138 
0.34941402086968976 0.9910625758123004 
0.9513132695192965 0.31985352031488506 
0.7988900451122528 0.3301354926835844 
0.5043070097283625 0.622830255101617 
0.040622419217292594 0.5898897949146186 
0.9421289195211412 0.8312499598232597 
0.5533847918716288 0.8308161270654258 
0.8284116670104797 0.582879616827114 
0.8485406463839531 0.4711670989828449 
0.6706208791119341 0.6940779596375409 
0.8238999564041333 0.2205664289024824 
0.6714923298624796 0.8800422909305067 
0.14013141441839827 0.19674330505479748 
0.20486169234270907 0.37941458311144344 
0.1996880746827972 0.9237859141848755 
0.11498616933418143 0.5599007925674819 
0.888469605525328 0.7979326039050338 
0.48120604099529973 0.4086073805266139 
0.21769703358036285 0.13548070958842612 
0.8975118651703928 0.40643154804485737 
0.7886082030206762 0.973285495889516 
0.3562782058876155 0.8626871655604116 
0.7586893329466713 0.9279763613185547 
0.23413237974918327 0.7350182135246882 
0.3421893857194559 0.18160044382687685 
0.18481735114092096 0.1189656441117331 
0.5930995380433653 0.803064838210827 
0.748782686700949 0.8791984619704272 
0.12464302881150235 0.9822883949699235 
0.4528871087448178 0.5637458894590736 
0.2332454982654809 0.3314596903736866 
0.07638719032087826 0.8964131013885377 
0.5238737559525701 0.5662273849988566 
0.040073244848732315 0.057810512176313056 
0.6714632361204508 0.4914528747553479 
0.3922580566041224 0.9947751951028627 
0.7234637194695759 0.44413640643450336 
0.9734699175689725 0.12638245584464142 
0.2736034986137992 0.849045573949184 
0.9505169742484243 0.2390839067820011 
0.03911013387544243 0.4145506185881086 
0.5893912121569134 0.24991156183973331 
0.9299174467710745 0.19700455674153916 
0.7448025387434982 0.6554464752017699 
0.7411984625508893 0.24463921777686665 
0.5277197099995672 0.06535281267708593 
0.42233487956128485 0.8993432190963802 
0.8793527915913155 0.9902228318182414 
0.5970382057575077 0.5707289946395611 
0.5503810953786314 0.03031723812198517 
0.7160932521720293 0.700817788683212 
0.0394251461251674 0.8828942721264035 
0.8369900808173849 0.6616983933573014 
0.3286645958362439 0.1595530496066464 
0.7176856277482614 0.390013771643568 
0.5367667297055837 0.7330466234765378 
0.4083835600401854 0.6559539118630617 
0.3470744614134913 0.7764036916687814 
0.3518274965556881 0.8118702277565575 
0.17496561117671172 0.9434746856759404 
0.04712610623891711 0.5116947375442025 
0.6097639108217869 0.3016275683009966 
0.40665193016062534 0.26933245250584786 
0.31756911584145725 0.21455610908836953 
0.7769425039646278 0.5449048254208922 
0.791353698228275 0.9052963832503141 
0.9257120879102858 0.5045410843687188 
0.8565942769104216 0.7704213283366683 
0.44633302350965953 0.3018827600479852 
0.7789879700922842 0.17932452596439202 
0.6728998622566758 0.9561835089589898 
0.9073699548877201 0.7522401597917947 
0.2705473940467795 0.7381645903651313 
0.7129131499603741 0.5431782878116493 
0.7411124201323721 0.6773032738602766 
0.7014854145499416 0.9401744736406685 
0.8421185738174064 0.278533847934592 
0.8344127775403036 0.7371724932542396 
0.6771393773672537 0.8618358482583706 
0.730520028624575 0.9550562084172649 
0.37646936696719663 0.8508590137888422 
0.7169600615533759 0.7986030070435481 
0.3766628262280597 0.24056849537042796 
0.352122367302655 0.23428621284707374 
0.24990300587413208 0.04991329928886046 
0.006701197907199474 0.7116446278541982 
0.6397892006453758 0.8942132239524978 
0.34752275263261323 0.8414694911142901 
0.4364466094626579 0.24902154248138686 
0.10894383844623218 0.5865650698436755 
0.32514486115604113 0.6303971431931936 
0.2559391989322979 0.3724363861219234 
0.43184728884825013 0.12510341988028995 
0.7045619952669815 0.7249852496929448 
0.22598082738451636 0.05741605203554384 
0.8177412169021134 0.5059014823469143 
0.12341969631858934 0.2231478731666065 
0.5093444276067903 0.8348305858003273 
0.07044729850060366 0.19099059636245685 
0.5858060053535596 0.49407179785489197 
0.8106089523835335 0.4511699789959579 
0.04323889624411309 0.028755025611824858 
0.2514986934958698 0.10810485550009036 
0.446744660418441 0.4363875372357124 
0.2899759687751303 0.7551515295129185 
0.33775142756763354 0.5382489367534783 
0.6461535447294222 0.010305134068238964 
0.6609136908008051 0.04472834107665197 
0.8533465879530644 0.2456613434441356 
0.23585230927947443 0.5980455522531416 
0.5335394665319396 0.5240375004983316 
0.4960740069437609 0.22907487057433984 
0.02775114939133061 0.14626908904197478 
0.9504114553502072 0.16641329175264552 
0.7472213273575505 0.5214397458667341 
0.5702267932598754 0.4221987343446466 
0.09653025581304636 0.6357686480466189 
0.7766037114955187 0.42559019236109047 
0.4565556312083076 0.974451706786496 
0.17330385132247972 0.07676793727851666 
0.8282376308038117 0.8714171244048281 
0.6916718456729425 0.8393882848048255 
0.8690693579933053 0.7382543912619365 
0.929187263976015 0.39937258778006895 
0.45227054918521026 0.7973091595679294 
0.6265161272683071 0.18506263092464115 
0.3241249952337115 0.8756901737955618 
0.32241542579725335 0.9241853842049677 
0.5918979958153487 0.4372226434371638 
0.6578855279921091 0.345276053942558 
0.821504992653554 0.9758731388178743 
0.23677925207363565 0.4226160780373799 
0.1113185729367624 0.9138407504572825 
0.7729035858803435 0.12297800669241138 
0.7191826546398855 0.47161795952207036 
0.3211115020903485 0.2525661076220248 
0.48989808123635753 0.7364538584396326 
0.03141666951498556 0.06985119192991107 
0.6873552826121297 0.017746421346350627 
0.9901169378761681 0.481545021216414 
0.18331361841035898 0.8839868979031463 
0.987569809831655 0.987649247905113 
0.7818806706409647 0.07808212250874774 
0.7165396031834663 0.5095233175611151 
0.4618485057876589 0.7454930347435305 
0.9900557830927079 0.799281173365064 
0.4133096436061149 0.3558775949846701 
0.18433063159174307 0.006413970640164635 
0.7761642928412795 0.32450503493476673 
0.7720585888414175 0.8304007601018275 
0.11581541844331805 0.6486069871918593 
0.9785597069371273 0.26966593554105817 
0.22953230198810387 0.7628463576892504 
0.6260333083507301 0.7304000341573355 
0.09379001416730814 0.2830758330622781 
0.7653603335346708 0.2799440252244231 
0.5769510609540891 0.4626332305796073 
0.45881694031366926 0.12967865565783054 
0.749354558559435 0.5699587608675041 
0.29795594463799696 0.2563956150162466 
0.15567275827800608 0.1540669830368262 
0.2458568719480203 0.7120980134429068 
0.9679081867593768 0.6219130363489521 
0.06065600365310664 0.5774583967500228 
0.9658211643217032 0.3883642209191511 
0.9892613779075041 0.09613806184320883 
0.018335192411353285 0.9725012091269545 
0.7114754674491359 0.639406696486704 
0.6831477733396463 0.5667116126613061 
0.08035988998222093 0.7619018513728333 
0.04471764451273319 0.45836180799173776 
0.012039822479806228 0.9125759001162468 
0.1461931289680976 0.905792061177423 
0.6225722584655825 0.8331635121613089 
0.3130787012426429 0.5900035227179239 
0.053445473727691706 0.9752139759643543 
0.994525012584875 0.5293130733031157 
0.21752686000292848 0.2749213918675486 
0.1642332160065465 0.8276834278101421 
0.44515286666980386 0.34029006206358187 
0.3822098921275961 0.7876058608524117 
0.7170800919928348 0.8653645017732303 
0.2578315913295467 0.07694145965102778 
0.7349386964194693 0.8300096776589005 
0.5685822599913584 0.08654206700098216 
0.9105517855595795 0.8575488327469736 
0.30762654858847954 0.033282288417700256 
0.8615268065795347 0.1640312996714196 
0.7717768950437245 0.6968825668371084 
0.8913373977577665 0.013290415752808982 
0.9686291450330162 0.4506279548283058 
0.33553038965700976 0.58292142851015 
0.8356339524441505 0.25525655121412605 
0.9949615383067683 0.8610073163070313 
0.7521147202524365 0.17552127466291556 
0.655367676250386 0.2136613326908598 
0.8826009181140597 0.5159831959966523 
0.86039026300782 0.19933719799219907 
0.7183819813328234 0.35540891268346664 
0.44098021871807314 0.15022940973037002 
0.3892701133350486 0.33371308932461496 
0.6704401893180072 0.30554279542473106 
0.3111289371543475 0.0762558818808915 
0.6312837779873045 0.8669200637752942 
0.12713769847984085 0.010735749587456322 
0.23552748968869497 0.3059152660412846 
0.8445520254828973 0.5624218380147319 
0.710685287519911 0.9980469705660482 
0.6477974108454526 0.7815780314315686 
0.6297712337181312 0.028505452788203434 
0.889958820038319 0.2142471239879149 
0.5191997687789278 0.1317451228316563 
0.21854757192807084 0.794749961931265 
0.5351417324856613 0.6387162738005218 
0.15599816341652345 0.9476432454222758 
0.5050087550719904 0.8619066025689103 
0.8357621563387301 0.6178910897254067 
0.2829173396566458 0.399465610591343 
0.40329690862626094 0.8936804709164383 
0.6491392900665583 0.6194325265284338 
0.21893055128941263 0.12280079541878741 
0.3648297166169941 0.3972661137011224 
0.3482650894190793 0.04137176474283433 
0.43486325585177 0.47112058423634934 
0.6737802700680621 0.7450590893731266 
0.3586183748674341 0.6567398470853258 
0.017174706362700742 0.5712943381243996 
0.8592941490550937 0.7185576487489587 
0.2649641073618398 0.7967226095317976 
0.5521284627653376 0.17704151414592412 
0.4252781292382774 0.9391233956631511 
0.05416564290238379 0.6828243880529611 
0.5761755581858281 0.23157458848311185 
0.016717588355446344 0.09309162804001414 
0.1811375152431432 0.46000513511696295 
0.5232850199172219 0.17986072043278523 
0.06573040647285022 0.4289098393368094 
0.42199204523412737 0.7273551163929618 
0.9584961026702119 0.41414864688904013 
0.4168641059630496 0.7018887470217995 
0.4966592715436571 0.5800843609495971 
0.8863172708309501 0.556825414278206 
0.9450625338361864 0.3550469018480896 
0.6100893991184382 0.7901348029769267 
0.3359834741893341 0.3522199122740928 
0.6131430072275897 0.6456490334277778 
0.16764449555756045 0.7496201803140772 
0.9559414047895121 0.6482052031559882 
0.6953358099833054 0.5936418209740733 
0.9175449308021696 0.22195880298758658 
0.36667866898341117 0.7218037156070651 
0.818423082356417 0.9413392046978166 
0.7765671623786581 0.0339784528965873 
0.7202615591560575 0.23510840245334086 
0.10374339294964863 0.6064310773953446 
0.9281968584306802 0.007048569162632801 
0.3191557082779979 0.8553677818425436 
0.7136245219917028 0.7511406775511442 
0.9020603982023421 0.4773042883722939 
0.38790219077479493 0.4457366005540939 
0.34079925508918485 0.2852622453076842 
0.5423009390428699 0.38581625812133874 
0.4282347496209692 0.3584511004643521 
0.48265888445564176 0.38722901718361147 
0.9899320933046363 0.9482663260262184 
0.6516853468388928 0.971022794621359 
0.11803735805668314 0.14726765885215798 
0.47498094977579486 0.05448991130538444 
0.0910628375816786 0.5321889623966182 
0.45684335113017477 0.06504813197283427 
0.026038289915928603 0.012451399804996433 
0.3193036103109037 0.9027711438414114 
0.062310759043227526 0.8192995248180658 
0.165244285408095 0.5664726287357243 
0.8623800164785689 0.7967320699670286 
0.5161261656593162 0.4955756198529482 
0.8166833800955013 0.7351967084392694 
0.506818089560808 0.8051768879518798 
0.5728727299344164 0.6667578928169906 
0.003437464733857032 0.3395051017463859 
0.7453484034674845 0.7442884834974579 
0.3208145624961787 0.7646863554919356 
0.06709889333191887 0.9576508887895077 
0.5489539796427567 0.9705195719596551 
0.6223253825035833 0.0558655642977281 
0.22701897778088725 0.09882127690171272 
0.10253502605196763 0.39081859599348606 
0.029692291851038388 0.5482345817221196 
0.34839984015685765 0.4879416964943425 
0.4856131562107222 0.020297533416532176 
0.7894873590538556 0.8690344646433148 
0.352849002251283 0.06527647848973844 
0.14245247068671135 0.28709923957444716 
0.26893469307295503 0.01697322651194466 
0.798790016507545 0.12193076320652818 
0.06390247053742315 0.32691308290917825 
0.5125382461831882 0.9133328029535528 
0.9197982443708553 0.7791043500811956 
0.060667426160634697 0.5593281019626397 
0.09782933688763451 0.21067749876295394 
0.1948115093568062 0.8669687118374454 
0.009956844730144576 0.891368991624391 
0.5730320993025878 0.3591341625447052 
0.5581028181139253 0.9057895662411376 
0.08590003587856798 0.5505324326995543 
0.07659344216692848 0.04275066975358899 
0.08165333618178577 0.6892102668021783 
0.9350875333798045 0.07829110606670647 
0.42698850767180596 0.1836655793632493 
0.4531554354659368 0.10635457989000974 
0.7301293138963761 0.6204964260554083 
0.42573625290804024 0.02718361239345013 
0.7563396376781666 0.09800991833069006 
0.26947531637852695 0.5344999429655373 
0.8582729652969876 0.42550773120099356 
0.30947005586653525 0.8132562893557913 
0.4809497258686051 0.4500436803916314 
0.9025636357011644 0.5055620919257618 
0.3756826479068916 0.8946035909513474 
0.35910126496713274 0.6220319104720249 
0.38212343395582504 0.7624768503331554 
0.2063903637797559 0.22358993865051374 
0.057325606860636535 0.7476679682676318 
0.42186302220391575 0.223251638855884 
0.20198351003276943 0.4189056465919055 
0.2819184779791579 0.22532988949192756 
0.42133604583761675 0.5259681124263126 
0.5759147646588111 0.28617754623867353 
0.19544066966407814 0.5480627141653199 
0.6787109485740767 0.06187958747320871 
0.26386550626783545 0.43188698067708714 
0.3003087134504866 0.37831381678677045 
0.4782458377278079 0.980886704293743 
0.49810821538152616 0.6062102254506836 
0.8493974038332512 0.038325147067131804 
0.5645080897866263 0.572679014016262 
0.8664894020557312 0.5919289439002023 
0.5451146706221417 0.3169826234548332 
0.13103580900479522 0.07939438262056897 
0.667144158802862 0.5949449863351803 
0.9323713587865243 0.861474584163249 
0.017628525206225987 0.7354551042999893 
0.8494119762528944 0.9683996743833148 
0.9947988260231759 0.3891011405013019 
0.43772280625604565 0.8938558532574853 
0.008338605768137164 0.12722139277989208 
0.69200275817941 0.9235370073007723 
0.3001779899893161 0.6526790769984684 
0.20328020486920118 0.2899391603217869 
0.17938251756988038 0.2276903015148794 
0.5260361873815678 0.9851603706663509 
0.7086916091151637 0.7701062520156902 
0.7619242096756983 0.30988300315890627 
0.13106878768371022 0.7693008155482775 
0.28166727691384064 0.9365746283169136 
0.9295563576466649 0.8179749707649405 
0.14797084414763256 0.47583047872379486 
0.5235911791696777 0.6593742359756929 
0.1284542628927986 0.8867755474106851 
0.2735449444542857 0.12321385785531663 
