0.9049429201141956 0.5668692587661432 
0.42931749044985645 0.3033007919866182 
0.2880475942107492 0.6539026123267347 
0.8792467132886979 0.17605802239984358 
0.7204564660185739 0.8862819580466015 
0.2700462538538016 0.2523116387654897 
0.21918401747053418 0.9519355421625775 
0.710303574834661 0.4184862613045222 
0.5998464184500183 0.13058028129493227 
0.14168035924929323 0.3983423871103018 
0.5158192807426932 0.7075658065567257 
0.12215359130202313 0.1528014770849463 
0.938141026268466 0.7786021262467577 
0.4240284703985714 0.971620019718225 
0.12630727947914505 0.8527779487997973 
0.25690334339102083 0.08183057448336412 
0.5708736042306232 0.4314880195465872 
0.32628717821851727 0.45423918274070707 
0.35644253972834383 0.07314436242996591 
0.09060087943098827 0.5755989040923781 
0.6658975120319812 0.2800563313821425 
0.7156725037875418 0.6813059311109901 
0.7666571790478733 0.07382816093974587 
0.8424315514146122 0.35193009981270995 
0.8385487728536529 0.9675805603891141 
0.32589271621978305 0.7983053098166906 
0.05776805800996221 0.747277797519643 
0.5870505879883818 0.7686474282064464 
0.908584264345659 0.0711070251416262 
0.06799160024105477 0.26145238178531516 
0.4719796014407003 0.5176019734070921 
0.4741028014835189 0.08255582831884334 
0.012226693681072653 0.06050463788218324 
0.7141865981134821 0.5195915629309867 
0.6000966268952643 0.9131931861184175 
0.9373921413663571 0.25041013059978934 
0.48393312704343017 0.861394356387184 
0.7693430160311565 0.7793672569611036 
0.9450179127172236 0.4071586061440894 
0.06327826613538651 0.9559364740968235 
0.49891753609480854 0.20521335311321603 
0.14732891049352886 0.6936064699854753 
0.8312510672731455 0.6413109230906004 
0.5861811432866312 0.5839795573084596 
0.007071856160637546 0.4392926312094719 
0.9737758192608386 0.9235876433465477 
0.2615491972961608 0.5795088422441705 
0.7943487449173907 0.22457291710652516 
0.37152858615722517 0.8826196610313595 
0.5316875808507913 0.3477204943361586 
0.44866816181626235 0.677072404002177 
0.16525751063346972 0.5126001017531979 
0.8185173252744495 0.518469363790116 
0.26134297250928895 0.3861251249681434 
0.6243074354156579 0.03605310114351962 
0.6931304127158507 0.1828679058032157 
0.9929975809699895 0.6511063225131647 
0.40877645713726724 0.4716084560455958 
0.8509104833460466 0.8990508777745376 
0.1733065218138954 0.04446195032354483 
0.42296174857861735 0.17805673381069909 
0.18147737695815647 0.8422123363590261 
0.7231086238291162 0.9854929386073886 
0.3927251811432166 0.533406205834158 
0.04002890557235883 0.35558077746576133 
0.8123126675135772 0.7006344288051344 
0.008835592357375577 0.6377493005252083 
0.9773356439382751 0.5180151402077022 
0.2439160213314545 0.25122377435030374 
0.21984717468116177 0.7668321344598081 
0.4287963230384878 0.7605175797968359 
0.3443012755319814 0.2909745059713935 
0.13365384995608742 0.2667497299380939 
0.03404308057305644 0.8302379197530173 
0.036688284332900056 0.16159157087180692 
0.34836595385898317 0.1868563749349274 
0.9848958021931173 0.10333142065679679 
0.4554553840679973 0.3764708316178101 
0.6607561491442465 0.5200424849861492 
0.06821119214841315 0.5315977700207478 
0.6887817252813987 0.6199470121653274 
0.8701834864872515 0.7247588038321676 
0.3072724569438009 0.9477470378528268 
0.7366501996784409 0.3511115202688286 
0.6201824540063439 0.9671990734076191 
0.593894709979734 0.2132538929036723 
0.8490317022189128 0.4959149015792567 
0.6292404723407213 0.37826292142810053 
0.1599964500992565 0.5999080775424929 
0.7144577921879789 0.7468120403149076 
0.3313889501486633 0.7007743246592371 
0.09194314382793439 0.057200957273235487 
0.5102090240590655 0.5851528883899412 
0.9400068643357311 0.3647253800217267 
0.8461427107739565 0.017182217966356716 
0.8243999717207704 0.11861370194836485 
0.46051731195758866 0.9552366979625395 
0.22474130022922534 0.43563016388525566 
0.24554005766664166 0.17672372616088278 
0.12675703846678615 0.943266879720578 
0.5427832205429077 0.30494499793876595 
0.1722235029589389 0.345852604098948 
0.3967146903353077 0.6405356983987331 
0.7873985638779515 0.4347342648816668 
0.3538292644501294 0.3923851731636763 
0.5871995669834082 0.6788811502524451 
0.8389207097110749 0.2930362321853949 
0.26209176843298426 0.835002082508049 
0.255630448083114 0.021774844621727074 
0.893721858955896 0.6479127881425749 
0.7768250395557816 0.5944958488376529 
0.7037307040802776 0.07232518602060506 
0.6476468667389393 0.8409264433384198 
0.5544163891565498 0.7961069144142261 
0.5302104515285827 0.014213136655576053 
0.964783091208622 0.8621112906194118 
0.8182884847052871 0.8560008668435461 
0.2445171581113414 0.6916609829812477 
0.9696165017255001 0.1890060558859623 
0.5974000918205855 0.5265533775594641 
0.9018302935342426 0.9407806283828939 
0.4761596671561427 0.45793122142266335 
0.12628080417317994 0.771770648932611 
0.17017430219460677 0.19091347714650897 
0.4225206178639661 0.07599668816280652 
0.8841555254094355 0.40359651675222485 
0.526830093593063 0.9292422970337084 
0.8864587146848892 0.8263878377867735 
0.947643444323564 0.01945189121918295 
0.3017032756720498 0.49313244787728094 
0.11755644353816919 0.6367219552698481 
0.05902913231544166 0.9074989373833164 
0.7580488162372857 0.28232496347450325 
0.3304127654325131 0.6007748948941728 
0.62620912030934 0.719480759372947 
0.966203168806729 0.7404224763302789 
0.4626210441437755 0.15115074231865228 
0.10075242144931945 0.502528918805935 
0.4403991073754297 0.2632138383333319 
0.3843543013876825 0.84446185915906 
0.9717128525275467 0.2862364803493943 
0.7605895489924144 0.9252830317631889 
0.5257196164036096 0.07736783745277964 
0.6820989112196415 0.9352499962524182 
0.05212006979176553 0.4286990551990457 
0.18662007203107367 0.127728765387572 
0.7369014331789354 0.009559703718965029 
0.4221961519860208 0.007415590923468107 
0.9162073871266851 0.4964176112339652 
0.7582993991410463 0.12596610009628184 
0.43289891645483136 0.5849690735298877 
0.3624594737317637 0.24239637651380375 
0.5291951446593154 0.4890797345616468 
0.3353312869074313 0.010417352624610854 
0.6714573852655227 0.1402144178188795 
0.21580337549558803 0.286271148086389 
0.6634610282264723 0.4480609100257426 
0.5658917592831855 0.3230001691432919 
0.831255719434378 0.7743061530194533 
0.5388970770441989 0.16520749421564962 
0.049630740152596664 0.6598736810120295 
0.2967886883465415 0.3583816005345247 
0.009589077604261864 0.31117583980979946 
0.909639618092385 0.2883893435681256 
0.97638630314166 0.5980402636566668 
0.0057047632242497315 0.7277629999835257 
0.03439244465634256 0.26005746920223494 
0.21703993087889162 0.8753591103692323 
0.7488750282832823 0.8210647800920587 
0.01094721920068531 0.5797214307762063 
0.2139377950928234 0.6375688196807617 
0.35576176591051845 0.10465891563313795 
0.4244780106434999 0.40294891812357353 
0.4672900655992198 0.7518444926711517 
0.31569730467539053 0.867190096828629 
0.5469355884743197 0.8572567763267879 
0.30081897102590116 0.13139141543108013 
0.8154539128735883 0.20636830182186683 
0.5540051854545881 0.9759031670027679 
0.6401596992025674 0.07509241913104192 
0.6553812571343159 0.7841161130995132 
0.6052850200721884 0.6416771621818662 
0.13405451943015367 0.459680390280268 
0.07253183509625993 0.13954023206928257 
0.1986371991011867 0.721327173102744 
0.9264296158617309 0.12394889492210437 
0.11886320311569248 0.10444148467868769 
0.7488015481954025 0.6329345867784508 
0.3675810162969558 0.7421612702880819 
0.7550002249702673 0.3926307316089302 
0.8262869672466095 0.5720380424130879 
0.6998835900399099 0.2275093554240299 
0.5076305093553961 0.7857014742821353 
0.9526606043613025 0.9795423007027552 
0.285851363400103 0.7584911833795152 
0.864089045830025 0.4387525484495029 
0.8618870615451637 0.25544265666930815 
0.4435090939482465 0.8612533215710373 
0.21401117182361318 0.5084356224470588 
0.6763449219685372 0.3101721572008008 
0.795934051687635 0.518038278988984 
0.1758228703157078 0.9175117911386186 
0.374621448458619 0.9516591262877407 
0.5187832501325658 0.6591028363635882 
0.07908155201960099 0.29257942853668834 
0.9301820370760303 0.6888582619937308 
0.7844099016005694 0.3167021025825687 
0.40020993006934424 0.12827876402654448 
0.6413362634325143 0.20247861970890535 
0.14893741196492882 0.9888529527072671 
0.43857156061449204 0.8104382717280861 
0.16170801373553284 0.7659281054588432 
0.09329702661738631 0.8185886106601785 
0.09733860485946993 0.3652090906842105 
0.5639093930184865 0.38251511617100403 
0.22440894722191468 0.322264424223017 
0.6315929468396259 0.2921797323499721 
0.5972140370225353 0.47859028711108553 
0.49951835365939834 0.26712382152660363 
0.031179470126262043 0.5112572563147473 
0.5388469386080542 0.5341058184563231 
0.844605003734157 0.07377403718228903 
0.007666923184682706 0.9614032780941681 
0.0455574138589625 0.02125785840952993 
0.31248958630824 0.21982277115288074 
0.92275973812929 0.8754999715611631 
0.9843235704667123 0.4558407472091997 
0.6053688185238177 0.8687338517292713 
0.6572146918829991 0.601960348009392 
0.29214070939716913 0.5565448230295146 
0.2807478391308649 0.4266680939980068 
0.37211004888281385 0.4916461830043667 
0.4765110772933623 0.007740707843135297 
0.26055030231180387 0.9614866259492314 
0.871140712662656 0.3232269407100259 
0.672231632041305 0.38146049530525156 
0.51615898938225 0.39640218436030256 
0.6933574204191171 0.021931710590329223 
0.5691608729478641 0.2660914494953862 
0.3657733828813363 0.5681493003125901 
0.1691268941290195 0.4568479811147609 
0.2668020664905547 0.8896928316957775 
0.07037056865683422 0.23881837289748636 
0.2976564636442003 0.04704205547503776 
0.1195270928806706 0.19960043065403332 
0.4253460345581473 0.7414049488475982 
0.12173169706047365 0.3160430219882074 
0.3854888027638321 0.6978366509716591 
0.7750837021055769 0.18622765067852087 
0.09462414023708898 0.733651373421319 
0.17652719448821186 0.2628386030406513 
0.1969687002226272 0.5548854195142222 
0.8839954598796967 0.9751363606492848 
0.12558324958192446 0.029381225307159975 
0.8202661951562535 0.4459266338192178 
0.4272157176521224 0.928860893119446 
0.7541748606002281 0.7303488625337825 
0.9120063062083004 0.7722021735191664 
0.672844795087248 0.6778866046942871 
0.9231614055550108 0.45704219277851843 
0.4919926288410548 0.3213409104020696 
0.1628910780009425 0.3715930659309471 
0.7561577768256577 0.4835943921439964 
0.9591787535926 0.8187585287795398 
0.353260047725371 0.4396407709267749 
0.9547776759490612 0.0675007500503435 
0.5874966167335754 0.04798081949755395 
0.8811065417126119 0.6223901964113616 
0.3894174236338795 0.3428742670053586 
0.21499338896917503 0.1950422702048864 
0.47232250993334707 0.91097843615576 
0.018808645909380084 0.19972032959075203 
0.5350555593799764 0.1268535611399228 
0.7866676523624687 0.9473637839831472 
0.9294875372530197 0.5752991716250261 
0.8947774996395989 0.21203255382933567 
0.6971081095683197 0.47381816786846326 
0.09061421761669491 0.884388874918377 
0.6113999468011753 0.34030579870531247 
0.33965793010971723 0.9969087337551044 
0.8905451582343837 0.6981709635146949 
0.7039546450344424 0.5794330510249014 
0.6610152023199782 0.8831643280477939 
0.03859527571237775 0.7852693174774633 
0.06429338166632093 0.0923210317540159 
0.8017525423384116 0.03380457533447878 
0.23723170804168786 0.11784760103458203 
0.8421904053750178 0.8137742650790056 
0.5604765441105082 0.7375213251750377 
0.1798452405646246 0.667783218875024 
0.07116833061319783 0.6137917197400314 
0.3836611027117729 0.271600859904474 
0.467990655546484 0.6147733551757578 
0.006370109427586368 0.8760269484771965 
0.4029373579602385 0.2279203992170608 
0.08947373381022622 0.6939411019942154 
0.24582281498165276 0.31152321961252527 
0.9919997926059765 0.04775202598862577 
0.8006983637454926 0.6754326662615397 
0.27794457277185924 0.18284032799314004 
0.9881012164491253 0.33627656622325175 
0.9456450094883893 0.14853095602347732 
0.392723929445159 0.02676435121268117 
0.20580260567788172 0.07406452150034909 
0.31666814721743575 0.9209720141589214 
0.24318644422703772 0.7968197143282354 
0.6740953285799729 0.9556276693371892 
0.3096214439002761 0.31250447018550426 
0.2603919843167263 0.49945598675138614 
0.6758534166211818 0.7071661132775112 
0.9686526628220435 0.20742799877723717 
0.7790109195809367 0.8552965786501694 
0.0699151283280216 0.17540696663022853 
0.7860984863692835 0.26154467379946966 
0.9403839431828895 0.6211447465151597 
0.15392412115442883 0.5685188171703986 
0.13729515701236977 0.9089054953601541 
0.8772898535336117 0.031195120721080327 
0.6408544927758218 0.557962880816647 
0.7352676240743643 0.23196856634754887 
0.9365017509465026 0.7290594569141677 
0.7188501630179496 0.8159564234605665 
0.5407118989454267 0.41821763721045246 
0.9915180744294019 0.5488099295054777 
0.6033965080410225 0.8067784254217775 
0.5587954033100822 0.6303436498643427 
0.5881533946468401 0.16292328385166027 
0.7311145589795942 0.19614289501453824 
0.30505747958810503 0.7361218526820198 
0.09829903009524199 0.9659632322398615 
0.3773047515627347 0.8008363221714643 
0.8364053331007353 0.4030319242973728 
0.6337513830340926 0.25164296528852137 
0.9857864403580299 0.7165963762090066 
0.21543525337957575 0.40084788830902984 
0.7936748453867153 0.9817279156200724 
0.33065004656392016 0.5352296558361967 
0.4931880923694096 0.9880712833761078 
0.9048902582164107 0.373871681857755 
0.17266449523054284 0.9873534355913159 
0.7678576026837745 0.6523402361614306 
0.05923218116773771 0.4829666010364679 
0.5646982871396181 0.5095494897976748 
0.7437432444972663 0.9650162697242326 
0.39642806982157375 0.4057691843857455 
0.6554577713051987 0.3447859590971497 
0.8681487990991064 0.11021143760882074 
0.902586113994428 0.917258142274592 
0.4187981961266733 0.44422935275839526 
0.7171417952452207 0.940094916550816 
0.21806821445725094 0.9195807499408285 
0.6096136114792744 0.4314179222291552 
0.18238201564777484 0.77496787864987 
0.15114789008221674 0.08644457972607422 
0.8744666913278265 0.5765392139000936 
0.820944018962529 0.9159931355928819 
0.9820369600894552 0.9482726019534147 
0.7642425813612144 0.5530376453169853 
0.5649543483383481 0.037000896364709046 
0.8366041828984758 0.6789212721029138 
0.20172397694205962 0.2291450043748755 
0.8754051724334242 0.48743632500942785 
0.37499485374787883 0.14732079789737285 
0.4186548664087068 0.5021151451914144 
0.5252825876575685 0.8948735936384814 
0.7298525988119804 0.3031453523270886 
0.32685475232322597 0.6532147455244672 
0.10018812303048397 0.3931515522988995 
0.031457993507472914 0.4182466506705254 
0.008341439812439677 0.012857708224426723 
0.5929502097896042 0.3687852543193345 
0.8267420837586008 0.17386293324425 
0.24931817380533383 0.6108958764292243 
0.31774705339249587 0.10070179109729699 
0.6710553739154009 0.10179713517567923 
0.9920995892352726 0.42995707342619344 
0.7922699505533892 0.06519843502899031 
0.11156220975784842 0.5998073628341479 
0.9887272246592185 0.7948933693833111 
0.1043098354527286 0.45012718318012424 
0.6314179310344953 0.9229047488307729 
0.4576424030149463 0.5638642870977276 
0.9277453695159694 0.8475935910765915 
0.3519218002907426 0.3651633578421638 
0.459506476405466 0.20172658853678577 
0.8172864610816375 0.755054363683664 
0.6731304705397917 0.034316002611156415 
0.6528683044026995 0.13808643145188726 
0.008358678849173795 0.11615106252950086 
0.5882727686260535 0.7201570815238152 
0.2125876668049519 0.03463235275386772 
0.8663905163758183 0.8609454853590368 
0.7155843698559876 0.76746757998229 
0.34023875210018684 0.41032557323272745 
0.7108799320220949 0.8457761009447959 
0.05813030591159424 0.9924108205846577 
0.05032847963145742 0.8623316629771731 
0.29912388082817387 0.8065210660278539 
0.8102033767005474 0.349567373931716 
0.2565090698542362 0.7161300131062192 
0.9413368745373687 0.316885628546548 
0.3003840357014129 0.5908672580589143 
0.04481233081430103 0.6798520718685241 
0.1979598087687805 0.43263482233618394 
0.2961196538128577 0.8807207060197519 
0.03097973354393707 0.9124390459422604 
0.43264618354439754 0.6406397803020882 
0.9240553508844953 0.5209362875272342 
0.8683936775099188 0.7829489543492507 
0.15942989242065686 0.801949828378636 
0.2890398664135213 0.9717124484770553 
0.43781958710276825 0.1305138495532966 
0.48145291874983115 0.8341291031372217 
0.08339554322479709 0.333959041176125 
0.2859477834707974 0.2802267580316544 
0.7409288262539034 0.04976963264710865 
0.9614701778754128 0.8830315305195875 
0.4675064029139469 0.4969471008023276 
0.7097317503538512 0.13676423615039257 
0.5793738615352705 0.0965095569190279 
0.6323265008994918 0.7636161559273686 
0.915157079523892 0.011555948202163047 
0.824719690256124 0.5990819514977694 
0.4165834085436123 0.6067012410077656 
0.04383626346427377 0.5911644762519395 
0.7403284939519958 0.16649780476804155 
0.05363484777212707 0.07015428767439041 
0.45506833807751734 0.35435802878268496 
0.4144717328085225 0.8885518370041391 
0.7899230677552997 0.7273049517748877 
0.17872302434786386 0.22099912306355052 
0.22317173879714486 0.3647762252306389 
0.7353579759315703 0.38249488229911416 
0.4515013657857936 0.035646540443223684 
0.5518545255507246 0.24414917083266896 
0.5277200779066771 0.5596366985385115 
0.5781078854221628 0.9730967475816124 
0.033414371454418335 0.5495843078563097 
0.4218676819639344 0.6795968137661913 
0.34364823290850627 0.6778882171541397 
0.5383108180210324 0.4693682896125449 
0.9297294949576131 0.16076434874368206 
0.45856663903148825 0.712966919824362 
0.1601020087108193 0.7248855327688322 
0.48612159967400975 0.1089713241658462 
0.8568009378033432 0.21308732822948506 
0.9627428019474358 0.388629421983935 
0.2586946000769895 0.4706415433952044 
0.6067071609417714 0.09056195745776674 
0.8555490404988424 0.5403191389313439 
0.20510137895384278 0.8078610091614489 
0.7086638783513983 0.9065929552015932 
0.7267390836191324 0.6068601069396682 
0.3112347363171994 0.16487924768346146 
0.014707057962510928 0.7826085758826733 
0.6070909499731815 0.30347196902728496 
0.49013678841974867 0.16924946184484058 
0.9738992274426057 0.008682979194192975 
0.7773593804292751 0.7988599824258489 
0.7068241360862579 0.7269496863107886 
0.7141638551617921 0.2671458884513662 
0.6167625676255207 0.4728359154475592 
0.334629354792623 0.04635900807045101 
0.07952272983940556 0.7892410510875876 
0.8357666972257769 0.26963864207101385 
0.7487816436101186 0.46026982306301406 
0.22014223701647873 0.9865720351119025 
0.5322955825886706 0.9666623023187574 
0.44754176613756 0.7892415372781654 
0.13947711670858687 0.625630795735329 
0.527355317874594 0.7577908472064092 
0.10387173024488444 0.2741559029003483 
0.06374275606748625 0.38989740615254964 
0.9614260058313224 0.47254202838458664 
0.8030707062243486 0.637930425028119 
0.3138377210265861 0.8421661190345097 
0.08342633108832409 0.545575704519391 
0.19649262403498763 0.48315216211132134 
0.3328449812867368 0.7559195560227694 
0.2848468907065071 0.3251680094681336 
0.16288615173123588 0.3251969778347128 
0.12457219347212484 0.5149984140534657 
0.033929278079312564 0.4762538179488707 
0.020569321785363637 0.38920668423017923 
0.26147460470806216 0.1279924043274045 
0.2977305272411268 0.4656785031867081 
0.4133968005384655 0.36100289920223494 
0.6882978394707071 0.6443832538122144 
0.2592317627632046 0.6817986231852022 
0.18627501336408175 0.6120922565891784 
0.9824797651463135 0.16330585385288154 
0.05915447816931024 0.22223989239987385 
0.4717300747684709 0.41874809493191595 
0.9479108254016124 0.9198433464132252 
0.5183117708843276 0.44446380505800287 
0.7194972391096619 0.09597294849594645 
0.9114753274563601 0.9767995389213641 
0.3778812494821724 0.1993657254558885 
0.8805118705675978 0.0605340845558795 
0.6640381521906277 0.7502252392179294 
0.6802516990373739 0.5439092331020581 
0.8936704466819109 0.4556638934837425 
0.32672568929337586 0.9400744395890042 
0.8680984871022521 0.3711561406176529 
0.8495834812954441 0.1686454096374737 
0.6287871947778916 0.583533665541027 
0.4946320272186549 0.2956220799562752 
0.015398896003467777 0.9763553618247118 
0.758621344067169 0.8679694976174581 
0.43222674112688353 0.5317686410688747 
0.6696808639572233 0.8176291414030794 
0.9427719538485304 0.19616066766714263 
0.5580776221426451 0.9117994928725073 
0.1752049087473702 0.43073043818636536 
0.33231259700126903 0.12749283473576017 
0.25277061167575265 0.5394162576004445 
0.7078630305819952 0.3469686931130553 
0.36896086415186846 0.9718610599547212 
0.15293984037685432 0.9651266448344533 
0.7982625872350351 0.4163032498180147 
0.07938212013496199 0.8376651810736635 
0.5199624490892162 0.6834319801323006 
0.49062178805588136 0.3773359592606118 
0.49436837288396834 0.6734650642236355 
0.12947070464561672 0.8157354581145657 
0.656572047653581 0.43578900717992675 
0.5768028447130517 0.5351668904524097 
0.5766275079816467 0.016649929984217327 
0.45140654390441043 0.22583285112194762 
0.7748511343598076 0.8951267438086092 
0.3875154921533719 0.07202959412280374 
0.769692984435818 0.3632651254551537 
0.10286714947892361 0.09424993020937616 
0.010174660201008767 0.6977284375034032 
0.33258895152774115 0.8468754410235244 
0.17806914586034234 0.8663333549421655 
0.7499808037879832 0.7045644121038417 
0.5431643910502411 0.20928430063434222 
0.49451035979417546 0.5246896180305216 
0.021880444170683244 0.33937741406061595 
0.8011037093753421 0.1442741211971596 
0.03439188206401056 0.1204681113175009 
0.6321920724055978 0.6395100735309313 
0.3290176155696114 0.4793751403861517 
0.013698550838889656 0.2562178494260367 
0.2719910533866602 0.054811239693653147 
0.287852763208548 0.2211711016313213 
0.9711357139921981 0.5552991756550358 
0.8078698222133884 0.08272506340750352 
0.985684930634352 0.4118760277337605 
0.16058637696102368 0.13542235733807767 
0.6489294467284612 0.9778475404031939 
0.009679769952794959 0.21573692824888824 
0.5693310350465695 0.8315568873674248 
0.5651370250211907 0.8775411507212542 
0.24736099995542465 0.419481673519998 
0.4445097028428296 0.9882259383425887 
0.6356881234993906 0.8717610722221405 
0.8748223448335017 0.9488782342176514 
0.24881395853388438 0.9287626992388857 
0.8591114047523487 0.30337057598301304 
0.9832035137940456 0.23243116029136185 
0.29660768913244634 0.0248580552908787 
0.45942705413252327 0.28051547896281814 
0.9755500821733399 0.687282026172276 
0.19404515047274623 0.023714684666915398 
0.3194488637203392 0.5633628991806123 
0.21875806617605859 0.8449039098522111 
0.7371282279487404 0.5537140660902149 
0.2198491855156398 0.6682397833160655 
0.17111982865520486 0.289089418105467 
0.31796747404115355 0.3743651261712574 
0.46002983096654315 0.5921390078160547 
0.38553638979874527 0.37932321471532127 
0.3595728959063158 0.8606319902151816 
0.3981774416822036 0.5752485365243528 
0.8892606224227544 0.23809743151913404 
0.8953705537300518 0.5957473642396752 
0.5276929775874805 0.05821144646622051 
0.6830898150923431 0.8735410762957863 
0.2151077303983605 0.5806412958320717 
0.7080197937210617 0.032345977041018215 
0.631923731632816 0.6908391039898814 
0.3986913282563131 0.8021421773442926 
0.8562745829363188 0.6414001881093372 
0.33518824489326476 0.618896397984145 
0.16966195740206114 0.5493218682539978 
0.03684408803643213 0.29292922345123396 
0.1372962188775913 0.24049298168705752 
0.2046473394983614 0.25172126965727254 
0.3843447378913702 0.30984667676852307 
0.6027398758560497 0.18242481496751378 
0.03059449886010479 0.7402294876086954 
0.28548493250066254 0.6197362158573317 
0.10082136023525329 0.007388580666976119 
0.12712704910179762 0.5381249449950702 
0.2323209002219967 0.724396943491669 
0.5296018500511246 0.8485452245786136 
0.8811353313450092 0.14873684134323562 
0.5595165524262178 0.4640403766697546 
0.8325449238070092 0.22698037709988428 
0.8393685653553051 0.7479042665769848 
0.8969290915340971 0.3110128857379655 
0.5432592331971311 0.5985823291970669 
0.5874490803889989 0.6280937455875073 
0.6592308808804431 0.4951674633224557 
0.08157141137800633 0.19407568739365766 
0.374816747170458 0.43567518429540586 
0.33236483855311594 0.3225552890746636 
0.07584040514492901 0.6463763323111189 
0.3949284180101855 0.7364832556364405 
0.5572284676945667 0.6879049030535886 
0.06733466939474408 0.692482868871001 
0.49220982057377793 0.5740118552036672 
0.4064348392612661 0.8438187177669068 
0.5017617990857671 0.22594626446396882 
0.6158076300447075 0.5174344369401526 
0.207032498604643 0.5333355812541268 
0.9468852371694384 0.08903978157550424 
0.8519841332663561 0.470393235163421 
0.1266756785989171 0.22122647382736554 
0.809321497039952 0.003591846885402983 
0.6581931091344422 0.16284618646777416 
0.95698722888801 0.6371959857468406 
0.7294929496931668 0.4464676755257483 
0.2511702446841784 0.6533375176995262 
0.15293767960668664 0.6623135540051531 
0.7588515535310874 0.014176987549441467 
0.5899374095343094 0.41152089823860505 
0.008683712585589365 0.29019478578413244 
0.528529120517378 0.26652119121119777 
0.007722825590097959 0.6704556401781429 
0.15075929704135876 0.48019192002664735 
0.40004717831347425 0.24358087554142693 
0.9841004523579198 0.8137585055967933 
0.8678579008526968 0.6875522127664702 
0.9062631699639503 0.39413383214045217 
0.18620978877799732 0.08422601778596206 
0.9899731916651225 0.6177919812286063 
0.13061279515539848 0.0579303912485839 
0.4050928624603294 0.9147820015381489 
0.6830159958396801 0.7742285429870615 
0.4801372577183466 0.8085343993515453 
0.18894284078109652 0.9435885741430405 
0.5138678657992843 0.8769211531966103 
0.4760686503151518 0.0482077057596208 
0.8972108250787233 0.7539744325089005 
0.5584463675696515 0.13175404588900702 
0.3829029374462634 0.6773169156724579 
0.5905048837325608 0.28654081561039924 
0.17886082732565095 0.384724403804776 
0.2921004648857951 0.41010143054046083 
0.9113721789696396 0.5312787672423008 
0.9140284066591039 0.7122692876685999 
0.7367394042210269 0.5782786101868629 
0.2664421547077682 0.7584512090736852 
0.6446314666585244 0.00859871940032797 
0.14825411230819763 0.35938870658245015 
0.9360936054759699 0.4983792344926536 
0.6678429228409102 0.5631808688398049 
0.6488017696713716 0.05125888355760405 
0.5131045455483043 0.16897345165969713 
0.525959861277227 0.3288320369567519 
0.9609668053060361 0.7673024621739629 
0.8992425793432288 0.8762851577506914 
0.026580991183261127 0.5965242982297969 
0.5920485904350405 0.8472477086044214 
0.545259227080467 0.7774856840164774 
0.2985191389916992 0.6927682827018828 
0.5163526843732714 0.6302944047210076 
0.06461497831999347 0.025392261917243864 
0.7536279878815673 0.9949413396349833 
0.43838983277772825 0.5523970904284605 
0.24186265143369373 0.20480463270317856 
0.017425815278180157 0.09497015063196679 
0.5953524115159474 0.5593614052071761 
0.17264495675599073 0.7443267231637055 
0.42609812112532536 0.09650216466677841 
0.6435237697123148 0.6571168326699038 
0.4893749178625037 0.7446485822991294 
0.5936265782322894 0.0050292387046627085 
0.8162716456326852 0.8202590006127772 
0.24551498446800107 0.14041178416166517 
0.5947767537641014 0.9569567591417354 
0.5434130628653978 0.8129854899634735 
0.16654779663779956 0.1724723673529056 
0.5167312837302281 0.09458397278997288 
0.10500502010537771 0.7883141748209153 
0.9896322231621366 0.07939912457325415 
0.7627192104050379 0.20101580816485642 
0.9018071461268591 0.04031077170099989 
0.15680462342260926 0.6339009419932284 
0.6660314325576981 0.9926404257315069 
0.49965514370583974 0.8984381492251802 
0.44261519934707483 0.8937615524616634 
0.7775138804496152 0.4596842857780614 
0.4888540236991739 0.9473425703216262 
0.794530707843998 0.38654801414475404 
0.17447198386719026 0.8189123927748962 
0.2359150065772042 0.9650285663659139 
0.6800524648331199 0.41405262606996857 
0.7268770147245918 0.5087504071117825 
0.6550660397073654 0.9311052914628609 
0.9125995092063329 0.8217765523161178 
0.253932747609276 0.8608519028760974 
0.871909855641456 0.5182689401842575 
0.8088018720246406 0.2643821143211736 
0.3248201412686351 0.24945595344674412 
0.09976183183468068 0.9266155294327976 
0.8731933002033222 0.7552822381470892 
0.9450361114718802 0.9501413013036135 
0.5153935157627644 0.42127925729993076 
0.7281597451272992 0.6366418522915579 
0.870867307812535 0.9031764420244455 
0.35482513651902814 0.8142342134598834 
0.7305979415523788 0.7947953481346356 
0.35738558346924276 0.6906223948387533 
0.07815030013027918 0.4693652792675882 
0.36279335142319447 0.04761633696765216 
0.20671785647598556 0.9099952102264739 
0.35874796422527266 0.9318801522144223 
0.21571879001677485 0.10398344778943541 
0.45268153841893766 0.24480219872688425 
0.7567737867245357 0.32092749553025457 
0.43793730014564697 0.44819512516157806 
0.17469525651923618 0.024129537484815833 
0.9404039183452542 0.055774577191002706 
0.7933415735096833 0.5634717856085748 
0.6221161439957592 0.22598485751833097 
0.8178284517369829 0.48647868140054684 
0.08222890075035266 0.8606997588961663 
0.9912214016945664 0.12152747769685651 
0.9281954346488164 0.2861384428732868 
0.20233329623685548 0.17765234097545568 
0.3828888459090927 0.972937618232347 
0.2594488453261752 0.3557569848594151 
0.9835427405840724 0.9851024014569039 
0.08013090326305156 0.9912363820287114 
0.8460378917735759 0.6100761644184935 
0.45594010804080765 0.3031418185153857 
0.5481199270837729 0.6615754982924327 
0.6954864607686274 0.9722752268999314 
0.2700474509801283 0.9921944053721842 
0.9217411935209918 0.6329644324453019 
0.8186107400639977 0.9496002559953672 
0.4210802893005444 0.27661590609351494 
0.6795756740280765 0.18595873601821844 
0.9412026197907435 0.706167865160793 
0.6748782140983582 0.08029144289068807 
0.9852556295137781 0.7630235920095779 
0.5641416046850584 0.16657837239844087 
0.8035299168450052 0.6140482259061721 
0.08592399603415951 0.1615016538197065 
0.3601362900034252 0.5458815567373001 
0.8409739673381291 0.4275179802790646 
0.11449047042895544 0.9757435011951965 
0.43863615772680076 0.07089275319289345 
0.1377620796977354 0.7238039861589486 
0.1658804072978074 0.8909402247184705 
0.3367334351394754 0.9116386658657116 
0.27630765364420706 0.9117962084626625 
0.4472603266128038 0.1662840183271388 
0.7722719337923984 0.13986674496399631 
0.7410833131766594 0.9326137436702793 
0.6577070822930191 0.40269751908208706 
0.04009130210297013 0.9364264816475791 
0.43125431535504166 0.7208804899054898 
0.8436167899572719 0.32359679223854 
0.2836584077453702 0.7928202724756794 
0.39806539585004114 0.500482393090593 
0.9417492382111912 0.5998457454383249 
0.4943680979591578 0.47000882870691796 
0.736208958379322 0.7287403664123934 
0.34391682770128384 0.8747744378877224 
0.6309818938147078 0.14910147472648183 
0.007144617326815428 0.5368439160860863 
0.6822347166174382 0.23505038120571264 
0.00913509435206672 0.5985771311619988 
0.8804271624175279 0.29329152528934793 
0.6928595172902465 0.6977326782844522 
0.7226122421460899 0.16553388848613543 
0.2955551065437889 0.07250980735241064 
0.794993373835478 0.29331391885938773 
0.35586689902557067 0.5906445626843252 
0.27941513420130726 0.39556985735944994 
0.01217026570115004 0.8454627941561421 
0.6238498272755754 0.8031138931254949 
0.7567098935955792 0.250797384859981 
0.40669616083974625 0.7624964070430387 
0.8326499464655206 0.04637715777674256 
0.883340932912974 0.26061645969571495 
0.31486963132951534 0.5190629822286061 
0.19671398759377978 0.3711816948570557 
0.49254974980236516 0.14700731960740832 
0.22857826207784743 0.058391218848810544 
0.7369746515151419 0.6682004889642054 
0.8220088023391592 0.9884927997349617 
0.9598866350803694 0.22988139355356485 
0.890026618600809 0.11760762592830493 
0.6785006880810919 0.3436910385790475 
0.7895819019933481 0.1291977631599887 
0.12188814020998417 0.2943593102485087 
0.8746517919516219 0.6539164468583059 
0.5150929985380746 0.5126283162247988 
0.23524068010777843 0.2694510610657539 
0.959479119099026 0.3103283399935413 
0.17130312870244346 0.6856521185952491 
0.6434202200820385 0.23693068129875888 
0.8582702931276531 0.8405999868521623 
0.6256011412261582 0.11346754665387854 
0.07971515051635586 0.4301961068640995 
0.4404342451206238 0.607759009207584 
0.6999590705960281 0.3702560711930172 
0.6879123925090158 0.2765651794824937 
0.313138764645348 0.9867681502961505 
0.4005820441450705 0.18809524491666918 
0.9904066227379699 0.8822557821933856 
0.3836230695700312 0.09751895169690428 
0.011335340059263066 0.4725440296732645 
0.9431088591074168 0.378628375499671 
0.927117813073499 0.4098226208997021 
0.22572039773453384 0.8094541496604277 
0.9263766749441587 0.7537985908634997 
0.9278586737641163 0.9034476499035384 
0.6302979297741201 0.40470244691636226 
0.4406442503157152 0.4897250053499195 
0.5710084625735382 0.056570862752458484 
0.7722928317280862 0.4124804467726273 
0.010159261993578306 0.7999465838657135 
0.5756633904350799 0.3029681723667181 
0.9344665048967656 0.08230139589989605 
0.4477995148916446 0.7389948074545734 
0.991399595095468 0.26964603546992494 
0.6229887682247912 0.8969202548519146 
0.33170798087145087 0.20270672377526522 
0.7025533856378693 0.5377627798029296 
0.04941970356788988 0.8882960815697958 
0.27547013644346563 0.8195699722488894 
0.12315459714930077 0.5852122995447151 
0.6581637685702275 0.4755998197654289 
0.4689778770354506 0.7900601000382226 
0.9807275960255639 0.8507373369840254 
0.15695067307640442 0.8569965652750946 
0.9384788538158407 0.660611520800202 
0.8021896363875286 0.7416484402311236 
0.4107783351066596 0.32922862578574874 
0.8720298208385335 0.9942427771987784 
0.9901016011163855 0.1853743999018716 
0.993117485798247 0.3588243090168529 
0.46512710590448 0.6482698852121582 
0.004847574790291631 0.333779515123415 
0.4019965722443063 0.049661692276579295 
0.7350264606848583 0.40050692068500926 
0.7180119490820293 0.21426601813061452 
0.6564275067185845 0.3166920500647357 
0.20119073380110075 0.3382722035145159 
0.27778883420180933 0.523761608508365 
0.4774190754045798 0.36311987550480124 
0.06167605508757851 0.36647656318325905 
0.348168046015557 0.4589476979612107 
0.35204887031062637 0.22394338852209567 
0.39072515557206283 0.45104289577183987 
0.8913806934246604 0.7864331299370396 
0.6065210600914153 0.6853938091204086 
0.4043820176889773 0.9419059991401858 
0.915198533701985 0.22335866906815988 
0.5713619633398161 0.6681986380728204 
0.9323670863784226 0.10552352354302164 
0.558159840131303 0.948814639871598 
0.12567368158541098 0.8876754173554358 
0.33265479242166573 0.15696750879394417 
0.8027982071040456 0.9157556898594634 
0.04982264727464519 0.5065755383741696 
0.8871451007815436 0.8468471996895273 
0.6051760599169325 0.5953786890339662 
0.542103092589293 0.3780611061517454 
0.8313081468113136 0.15368070928960326 
0.8907292373204208 0.35474149286475076 
0.9605928874368239 0.5375618652442942 
0.05265927503073836 0.8290937015276537 
0.3296922138455188 0.2862183002522681 
0.5533585839285815 0.5489717675124014 
0.27942117451450577 0.3505261954902543 
0.8519752141952446 0.5612247265906227 
0.7458235683415411 0.09022504736995457 
0.6986231260624215 0.44066646114548325 
0.09304927415887132 0.6201015469212456 
0.6517012327148427 0.9465777510583363 
0.28691339768925983 0.7180923097500559 
0.5518320880966148 0.3440660372666269 
0.36961993412553684 0.6420080523419147 
0.4307204610360226 0.22030695806067335 
0.8058583383138889 0.586203052592911 
0.9705994075182303 0.437081350383386 
0.24264287150183078 0.4557755952551397 
0.7000271538828788 0.20478941261005418 
0.6273166877097377 0.8410503049429262 
0.8610453649659302 0.18717240070144592 
0.46895944303615267 0.126812535231137 
0.9910655689736829 0.4806190051300713 
0.11772883659673189 0.39325568557561263 
0.8448260444150413 0.12085940664993189 
0.3370641758805516 0.08660308046578735 
0.09313513269215773 0.30920498081387027 
0.8969775598154263 0.48896530840578617 
0.09477697608632002 0.6618837581458334 
0.14301127257688484 0.21641604950452636 
0.3666033533564974 0.32789848992325865 
0.8507826196662568 0.7635032580764578 
0.47524568423788655 0.7211971445553246 
0.11839366148064767 0.6894133471531106 
0.9471506384497397 0.8396975762295447 
0.7325809837044046 0.7761677564291845 
0.770088880884219 0.6174645634492929 
0.0777556059004254 0.11325445402643614 
0.238620634551249 0.4955454068203544 
0.8017586306796036 0.8403175689940057 
0.5689437897333182 0.19954180827071683 
0.9177590170522743 0.24667475828424962 
0.7477882113496885 0.5254102838678518 
0.5793866051505662 0.35169476871401306 
0.7872421847699357 0.20169685098468187 
0.97710918144542 0.2589498926973053 
0.3025617254503147 0.2454122489775949 
0.5056956379773168 0.03238946481410304 
0.8508178408786498 0.9518735150266275 
0.3287798654623183 0.4310304028566316 
0.5123278592408737 0.3099234039425446 
0.2812761849797581 0.8738771371086338 
0.50092617436561 0.35325452963650605 
0.028533043280760506 0.5728825642991697 
0.060056365047941374 0.34020274482211366 
0.27380907197418947 0.29442822542464436 
0.06123296948262663 0.44500228218799054 
0.09333392900023335 0.7168302201309845 
0.2019835766359928 0.3140417498714219 
0.5322946443385739 0.7113398285509294 
0.7470011760263595 0.4232256875331784 
0.026362031420574417 0.052252293469840616 
0.3678236838032849 0.7697019316894436 
0.13685384542350693 0.010107479890333004 
0.6953934998330942 0.7581918351639587 
0.1882636748001742 0.5074302279628434 
0.316295902813986 0.008163448187245625 
0.14330269280153296 0.2871778515675123 
0.7908096845982804 0.338606526964931 
0.5757172364060558 0.12212327918068888 
0.5367894429799771 0.10004284358426446 
0.3528602899061018 0.9818873837604192 
0.480156907134666 0.2440485329571635 
0.27465681330509245 0.7743769003424528 
0.4314684503636146 0.3364880720899272 
0.30862991520670124 0.7768904061695474 
0.8437811705872476 0.7111230430818448 
0.3094021060847518 0.6195102205045876 
0.1994675424182049 0.6833537753148748 
0.6944014446595663 0.8060471172983283 
0.008729209638823288 0.9370772192980603 
0.6841657511357502 0.004247381114321547 
0.4315045864660877 0.8292873834628561 
0.9560037791004978 0.13367354639700058 
0.030855833049695247 0.6445374422963996 
0.9403544306881808 0.8710361578375378 
0.10147078782235869 0.5499471005192723 
0.624959177955984 0.0827978004441714 
0.19192172323737916 0.5976852678793767 
0.8994713646145822 0.7230959608793452 
0.4492089688358245 0.7669754497102942 
0.5682215344731085 0.7740661344338315 
0.9150278326585051 0.18369175796055653 
0.6098583091482823 0.24255970118370124 
0.36781412077207776 0.17759914826529483 
0.27834620063540744 0.4833535002327963 
0.7957064696376626 0.4692149709818878 
0.42355551632519356 0.7847969003057842 
0.678439545568514 0.4884315201782352 
0.06112958349401232 0.93114118624978 
0.18468971805288054 0.46700348007631504 
0.5749514089806005 0.9944853166287462 
0.8258148561830323 0.019989112887816074 
0.09329432186190412 0.7514126685307716 
0.8638863759990978 0.40331096405346456 
0.21439028161510798 0.008819359549303352 
0.609300320717267 0.9399996548808781 
0.7078261182848768 0.6546237565324259 
0.6159153889116669 0.13409081481423574 
0.010616232690607741 0.17299419996330412 
0.8257860135585655 0.7980758285102019 
0.041439204462899504 0.18631668351365982 
0.45282305704360887 0.9167763898539295 
0.2216558342627329 0.17383665774033163 
0.9886055499976467 0.29436116274361745 
0.6147102356351923 0.37879145735494313 
0.051088108454743986 0.2721206336231682 
0.5166891621418065 0.2503938998949056 
0.5141925214091269 0.8054331995558814 
0.44130426920051635 0.013806873734379665 
0.3818227623232902 0.11894777687805269 
0.9152526525607216 0.3301133371252135 
0.3006356497851098 0.858773639853402 
0.7576431436606181 0.3754342896082237 
0.05459404986084698 0.5447320096125401 
0.1278025141572432 0.17453870744825506 
0.7659801727752682 0.8350492994864375 
0.9906697114915299 0.9061460686980347 
0.04351704982023219 0.7163385207301467 
0.7725474565832424 0.715289328777623 
0.9050529385107289 0.9937588828783088 
0.20580670160475062 0.7867903405307022 
0.7018190894708677 0.3286095800682167 
0.8734624721224764 0.46508059071913016 
0.9959526612483464 0.8435980856921282 
0.7881177442271143 0.7797170114308267 
0.673890962005417 0.058501442396266146 
0.6649218873578663 0.8627434429855936 
0.4674467106113201 0.9976161452219819 
0.2616954098576707 0.15870752247350262 
0.40633671535149357 0.3881619289543913 
0.8295632894556227 0.3715271504164166 
0.12673641960655285 0.47454785187015386 
0.722680688632865 0.47710034291427245 
0.6396108796045484 0.7413282148519404 
0.32393300043431733 0.6787997572054224 
0.640856403442991 0.5348238158545309 
0.6031246322826829 0.7567714731111881 
0.971526105008299 0.0846747139449247 
0.30183745619931085 0.38376233134075466 
0.10449917502743866 0.03126552761256135 
0.5376720267369295 0.03470121811234772 
0.6334085770469334 0.31379739530211465 
0.4938783678790266 0.39783546710789686 
0.967062188210078 0.49819425730732175 
0.41857013476521043 0.15840081038394688 
0.3733018440105762 0.36383165680948804 
0.012556216851036583 0.4154553157253506 
0.7062473120494527 0.6036712904232223 
0.8213985293787538 0.5432423876167038 
0.3144465637635777 0.20038113580528255 
0.059254476766268493 0.582780433016498 
0.992198050532606 0.3149608470893698 
0.2737154564376436 0.1109761589367172 
0.726329781342889 0.03306556555406204 
0.030631615543472768 0.006803239984185028 
0.38851752675443735 0.8843273328929918 
0.1521042295021508 0.05266181698485467 
0.671465670173214 0.12055129656529562 
0.3397988343154733 0.7896942840857631 
0.184500560579554 0.530732408590823 
0.7621802836776921 0.5694229421549053 
0.4616046720844616 0.8185341059983351 
0.5732580042247086 0.21795443779209422 
0.5115007391700165 0.37977516615522866 
0.2235332820381285 0.895612445672584 
0.37600676044364956 0.7186315058142372 
0.048114307016593916 0.04754711567590242 
0.7433188724527487 0.8854952202172732 
0.43701080117834573 0.3684732384355387 
0.7974927426140364 0.1017410988089899 
0.6475389112032479 0.6275412674445634 
0.10162654318641334 0.14600918784634664 
0.8436029495382955 0.10161310700118803 
0.12826231222660495 0.9640280831373325 
0.7381348975728044 0.858022937833306 
0.6938378705835255 0.9162493131138358 
0.9079906341214373 0.1495688057990192 
0.016282883433640982 0.23753043356482434 
0.2229220227011327 0.13374770843714145 
0.4381404079899992 0.42873617109121387 
0.4911984870662964 0.0614246925049145 
0.8469956636119723 0.24625272325145353 
0.033238083745752156 0.4368763079515576 
0.5716504061924796 0.07542002564713218 
0.9088091944171304 0.5822215210516601 
0.8836389271842133 0.07986171558874383 
0.1474585386072862 0.9458192011522741 
0.18190430837095195 0.5806437329391576 
0.26780503798517524 0.9381824650676793 
0.6139224226719704 0.9940968634444054 
0.33886956248066225 0.5010990024333212 
0.8628851370605701 0.5957771347463531 
0.40535431978021375 0.9832421685570416 
0.05885580606533125 0.3069118903585937 
0.6072397780151262 0.7348491429973524 
0.24762493202734054 0.7430676679296365 
0.07562491467706767 0.9691055457357869 
0.49763802242254634 0.6060421235360539 
0.3675078426834472 0.4144378148113139 
0.11531421778478473 0.2493447077423534 
0.9090565426918249 0.8506144958427174 
0.3898006444364493 0.2215472569173449 
0.7437361811459016 0.11137961261170976 
0.140547025829395 0.13035589567123518 
0.18829061677533726 0.8256020023850669 
0.9637020709024292 0.15452260424928244 
0.344351963487946 0.25342062584359604 
0.9702121177477137 0.37640801210094577 
0.006960573607968368 0.3653413976225826 
0.5669992046426461 0.48736078887310175 
0.045746485874681886 0.10445380255808545 
0.5472571130964575 0.18821309612019854 
0.9476664454893784 0.5638176151249458 
0.12453292080308154 0.3345540059800896 
0.9698596463896336 0.3272163712925399 
0.5073704628918081 0.9183654944478135 
0.13540270377200364 0.6022165370984058 
0.30535119262721433 0.2666884657857804 
0.13036397809281602 0.7512602569238109 
0.8457504400786962 0.9180536842621708 
0.6287715718731898 0.18056277417698446 
0.6144991851716706 0.27102443563827394 
0.184755705177238 0.1962258513821264 
0.2396973103339074 0.012609973501466532 
0.35570925129749215 0.010201641536088601 
0.8142331900810078 0.18909582596561886 
0.9633408162439956 0.6600887352999486 
0.5818088056211084 0.7882115381543666 
0.9619351612532487 0.709812188960023 
0.32625540857885577 0.3532381252826031 
0.4975875291132239 0.5458681741368695 
0.26407413605123914 0.7925329960494624 
0.2337481798888884 0.5681477926320686 
0.6904104437342284 0.4609269511810766 
0.04154628207942784 0.4047366546990959 
0.058170005644936074 0.7756787883272853 
0.5407843363604731 0.9948710052228862 
0.5977683923180682 0.45210404630921625 
0.8742068233868401 0.8403516422993162 
0.6787068866130697 0.5768900049513666 
0.4896751586764938 0.9625041678330662 
0.697187446711757 0.8341107459872033 
0.45969445256144353 0.8786411230787141 
0.5440618639395687 0.49673385452092345 
0.34045027128684946 0.5757656004201238 
0.2534696951831259 0.5939745728891933 
0.23916621379484782 0.3804597995950022 
0.7023982830570183 0.10943797413780715 
0.6172514761197739 0.822665136992935 
0.7138028393805915 0.7105063693268835 
0.6355163946924368 0.5163759887344423 
0.5268368131151897 0.1848481725108534 
0.6819929534936234 0.15479890576937666 
0.09922495400314946 0.529272409986871 
0.42787772141005675 0.02476116277832613 
0.5375778308952228 0.9123521315744929 
0.9660632129365855 0.7922124038859928 
0.889344209060142 0.5130710276819491 
0.5576157562503208 0.5753983150674289 
0.19528229047818746 0.7419804620401012 
0.8102587972760585 0.7792485892798 
0.1193508249550661 0.36774426435730506 
0.2271371783219881 0.6992298582273268 
0.16889362476743847 0.09776663610828373 
0.9496776866144709 0.2708927284334128 
0.007487563332047031 0.7543650970582589 
0.06569455881358899 0.8507785427132436 
0.2536412174433396 0.4442647629722022 
0.38530875374174267 0.5125394402416511 
0.8102005668557009 0.3290850082497977 
0.41191468314520385 0.536026643667799 
0.11515593606010399 0.9047053898294322 
0.8377873260397675 0.1358169879783495 
0.532119942651686 0.5855293980234899 
0.4600741931655404 0.932506984397004 
0.4158040667234843 0.6605350241214424 
0.7722236697535616 0.9793142419052971 
0.04437463612783066 0.9723008392424113 
0.1520094825067474 0.43193946610478495 
0.8194787809000275 0.6576964137965888 
0.2786555320031901 0.14432811124523615 
0.9312199523289236 0.6451681646950742 
0.1680930147553874 0.4085600280806076 
0.10921802892744442 0.718807428971706 
0.5843682769751107 0.8748348536689461 
0.4894400512536543 0.6347840398519264 
0.07480044067205244 0.8855333618787804 
0.6243090065014969 0.49109102893905326 
0.3894492802763722 0.8588139396776369 
0.946630071052032 0.7515057640441096 
0.9146158354412017 0.43211862533353623 
0.39216421284098735 0.5547014994860069 
0.4081039964871489 0.6986421818288238 
0.6793085185193329 0.5148228162699838 
0.5592957124712531 0.6067994994207265 
0.6446811632856763 0.8061847042414214 
0.6576077469265699 0.210237506433315 
0.38277558378502674 0.8223015769363919 
0.6618071694581723 0.7130858725782678 
0.229901187537483 0.30611421740859784 
0.5386915712949619 0.621248376557779 
0.31576079376060456 0.3994624751904423 
0.9895109819779793 0.5715563830684609 
0.6316415695420197 0.020150553593968723 
0.30519347905491756 0.3374599136301536 
0.8174657575886238 0.5024581886236326 
0.22111398649788078 0.2197449032518533 
0.24132128053062823 0.839056187011102 
0.7002387925070519 0.8705480812563016 
0.619043244320038 0.006034917862301259 
0.7882216414095704 0.6514258323829906 
0.3690414742624397 0.6145801772821987 
0.7286698512243827 0.9131824907445113 
0.7627739778182414 0.17124372298286256 
0.5432977677468879 0.06966755592607288 
0.26839704075693355 0.21280446153930693 
0.7340010292413519 0.1354428289345765 
0.24146040102192495 0.9132381464974098 
0.6632878505953829 0.2524818946423818 
0.8363485282174179 0.8961987288277437 
0.32340581198675866 0.7337275697551082 
0.7510554225885554 0.9041384225534722 
0.4998711065778468 0.7008009106136068 
0.4532604189857287 0.46301875288873007 
0.1552112050949176 0.2658180975784038 
0.30330231657205714 0.5418097707751481 
0.617895063233971 0.6168874749116638 
0.4699932495178951 0.1673707958840583 
0.8857143710164128 0.6767599796273293 
0.9940685283023978 0.2147528615764127 
0.5217735194491928 0.22919031157264852 
0.8909684078917022 0.013358082648571468 
0.839391537620967 0.512733947049448 
0.9353250106034553 0.987892623533427 
0.6204691695014863 0.20109960150903472 
0.8389318061843285 0.8607898348001952 
0.5147854014640061 0.9752604016118567 
0.38413899701084864 0.9296976165754032 
0.08859948439671383 0.07993670939486802 
0.7909355790527262 0.7075498997954339 
0.23332047939391692 0.4711592753272669 
0.8653013149410322 0.6197393208734239 
0.4385712175660858 0.6600101819042689 
0.1415289972645501 0.10228240426536123 
0.9237571311982132 0.5412041182788149 
0.6130096197970649 0.573633211442617 
0.432496414071777 0.9494180728215008 
0.34720967043063977 0.3101553086108755 
0.518348881661682 0.29117047897534276 
0.5298138263659431 0.6445700603016553 
0.42202963853417935 0.5618206304999688 
0.6048555035045317 0.7141894953261347 
0.8579830366869026 0.28361648000329026 
0.03034718491364652 0.23446653884150193 
0.11040758569622422 0.41022127580712486 
0.7128554190101217 0.18391117761755138 
0.9225250512032714 0.9299085411635688 
0.5029765363912667 0.8507754264414222 
0.028841997865200697 0.37222734889674225 
0.6217544446178156 0.3575448408358156 
0.7946242270402448 0.363475504291648 
0.5382717313710313 0.1481640430623502 
0.7820962486235478 0.08981656828549933 
0.15475141479431365 0.1534260037002056 
0.23481741947101875 0.3408821311713386 
0.972637710786963 0.964724115951733 
0.3927627590963862 0.28949865443591394 
0.4827916075352601 0.7720072688118524 
0.3876041506381098 0.47297421698773146 
0.7461764882964711 0.20398136004989104 
0.3030340319610564 0.4428504130124267 
0.4166433570242232 0.6244011178283475 
0.90131957879213 0.8979175446122574 
0.584878648492913 0.5063000318924896 
0.7683432983049148 0.7421013083875104 
0.8622370596012341 0.14666313851135454 
0.9960708296273175 0.6915175076399667 
0.7512549897095412 0.8004057484211715 
0.10152507554223306 0.9899272583692513 
0.4575940629917589 0.08076628277531428 
0.18364085723665324 0.1566888774438776 
0.9140154353017571 0.6921432324106365 
0.5538831191628206 0.41871915319068215 
0.1637041193835837 0.2364659039389348 
0.9601420670236642 0.5814768968063888 
0.23594062611036615 0.07871868195927134 
0.7623680515095985 0.5328558606764421 
0.0834211519171349 0.2188785585780319 
0.9508902840043368 0.036515747493166495 
0.8422023299124852 0.5813664448259152 
0.6305224317025324 0.4280024479716091 
0.514573414355977 0.11513190099860765 
0.5143649463995466 0.05321594285536979 
0.1459839133171178 0.5266497272391882 
0.549051916534896 0.8359082032039747 
0.10496742250727437 0.8914776003661582 
0.7799383268084374 0.6281024195886025 
0.9462149710385545 0.5130477122422034 
0.5694745578140681 0.40187674646783633 
0.5710962246214502 0.7049575756944894 
0.2589145351965606 0.6310213697561984 
0.20188733136687237 0.409671764772531 
0.6362480643591506 0.055293767409191175 
0.20261149730921535 0.8613830345282378 
0.9853148080493722 0.38812084141173586 
0.3531875216849026 0.4822107061998205 
0.27110122332830144 0.32368472367205203 
0.01438144317818918 0.2734537958369534 
0.9959740115472864 0.9299305297330196 
0.21497373080273335 0.4536503622593886 
0.36464706168448136 0.9130700136880747 
0.9210605574279405 0.5977786351127728 
0.07491392130626906 0.5853319667998614 
0.905948945143703 0.09228197463225352 
0.22978162006651198 0.6216866339087673 
0.2723480121202974 0.7136301257768711 
0.4959195047223424 0.010976907117073886 
0.016757011032556113 0.4910384529976284 
0.1828900327688096 0.007066060350379877 
0.5910680526372827 0.34055637084903445 
0.8842541088603832 0.805121762663009 
0.27611342698087604 0.602923256494912 
0.14706302662847187 0.7872437331286841 
0.1920439341126408 0.6491498955908847 
0.06058464251154777 0.6299249165103542 
0.4743090453790057 0.47681269248815256 
0.027972821362220457 0.7637165699412686 
0.8275111424701492 0.6235209149504477 
0.19491762547642294 0.8987464373006193 
0.7748592023879677 0.39011289406188465 
0.3541319052490334 0.6570390070140476 
0.9348363728183604 0.8222720893260002 
0.1276509650059392 0.4967829504799555 
0.692156003169217 0.12972744577731377 
0.04540372886251659 0.8484067244003266 
0.06986539240215123 0.7327395917585443 
0.8611589370158337 0.8089573135064521 
0.3830210911824775 0.05435318933836997 
0.19725868242114925 0.9676927249603513 
0.05434549017322987 0.14465400267582595 
0.06901106564171816 0.0505075705393791 
0.6662895091395977 0.6165595939083198 
0.8901101638077553 0.33244305395721685 
0.4727471864658528 0.2174626598934047 
0.46431050074035835 0.893612876255222 
0.2915758007542041 0.19911733584751934 
0.9200472089499054 0.045616042219901676 
0.3044032310228878 0.6662654664357603 
0.46099894049996215 0.8483225148163875 
0.26887548499926056 0.40877108232927034 
0.6398629335660372 0.8874163579188266 
0.7800042498775517 0.5028402215846768 
0.42626646930049283 0.8499915659890604 
0.006916957288785552 0.6172154355412586 
0.48654488850449673 0.1865857979104315 
0.07481107732698222 0.6729415682308224 
0.7548018075059268 0.03752192164398188 
0.11367420582236087 0.1874482530843541 
0.21576504096852056 0.9721643214520881 
0.4208413557569685 0.11786745163769952 
0.5956280470686882 0.3933552247224237 
0.07784529899991616 0.5009383793837414 
0.6954211848991698 0.24853044148293907 
0.017948740939201346 0.15101081098760044 
0.16019194181227747 0.49507064713333676 
0.4302073484348291 0.383469777575642 
0.9435851181985275 0.4581315462915395 
0.8372630740166115 0.20615788951627817 
0.9102024209268693 0.35081311661454384 
0.42724102818024645 0.47362481621637387 
0.19665332037017652 0.10681395327342963 
0.8006955847800693 0.8914150302728615 
0.38151253146080516 0.7560573157370511 
0.7809593664819132 0.24439611331045596 
0.31437669846444627 0.584249212128386 
0.279863301444252 0.45430119955835585 
0.9243339899786455 0.9579290735124196 
0.7353677204175164 0.49176227264731853 
0.3184958555877506 0.888648185297563 
0.8724375645513539 0.5492803668124007 
0.20709082251535066 0.7561864998516397 
0.7917355723747828 0.16436735205222436 
0.8217847154106032 0.09745568288542222 
0.96440218806273 0.1066681137485262 
0.23801941850142339 0.5174687550690319 
0.5329953489660363 0.7352054272328274 
0.06054887738411607 0.00971576241667077 
0.43311207788180295 0.697468599772205 
0.09090653183642555 0.24724699000855588 
0.42968186764625 0.1942640369769112 
0.6097441156943202 0.8532203456133117 
0.16767122112407318 0.6143360361366147 
0.7155048723944375 0.4035322282347235 
0.20008668625487602 0.6654709568097358 
0.6285993081046377 0.7866363722063449 
0.8573833316072477 0.6672833491239774 
0.6894784005400608 0.2956198962933687 
0.9667845931233008 0.05350628794428469 
0.9719893758648849 0.6451155402585409 
0.9615285545914611 0.618029178728479 
0.44714477707577965 0.41345635687521376 
0.11273191109927111 0.6661996665010929 
0.35222101072510614 0.7119233643255599 
0.4091763125911932 0.25725632277648514 
0.6493673125084127 0.11815677288108789 
0.34205158537206376 0.9470815594097481 
0.5488249781759115 0.4482201534501258 
0.01896602899974431 0.45263225846132504 
0.07609792548229782 0.7591731636694331 
0.4104977977234298 0.8117189414595867 
0.7067422003441626 0.9942550764721548 
0.020904543706335987 0.02462582897142901 
0.5733105407129814 0.6019899759695408 
0.6689828740701501 0.8373296648508244 
0.23631599627865213 0.9914964221379503 
0.17882009273550076 0.6362301631253516 
0.9131244398049565 0.6671969534993876 
0.17500277232632766 0.0630671697104559 
0.37790208620220556 0.5793926468605135 
0.993230746385042 0.5265244223579421 
0.7714464235586819 0.10886949052986583 
0.647588086010487 0.38520280048266564 
0.13471261259570477 0.38079457644101394 
0.8482025745342545 0.7306055506575238 
0.8724639528873772 0.22758278802712922 
0.7818880098919865 0.9058365248689375 
0.9522184971270667 0.6844826859177586 
0.18017542152860871 0.7191931293260321 
0.054181137315043815 0.8039104788648727 
0.8510390998213127 0.9936831890832273 
0.36549037422051905 0.8442590921774371 
0.7511326235222767 0.6540814830766648 
0.47293532085781886 0.2944406878148076 
0.29618191221583223 0.008037204145849075 
0.013598084531908472 0.8983787478715171 
0.514513230126962 0.5383772635785314 
0.8174298915005414 0.3939544684012293 
0.5250595424516863 0.3653010109387026 
0.24896124449696733 0.05650762150161753 
0.45967874000612435 0.3333120107243124 
0.4846735194916397 0.27086582208119536 
0.2965356969786581 0.9209257493385894 
0.7262709739052516 0.9530333327094986 
0.8101007165397092 0.3752422366551956 
0.8646491919734183 0.046931802135906864 
0.07375049267987799 0.5604710607886642 
0.4718185043990224 0.6941547580198874 
0.5531094154691949 0.2836742033289987 
0.22656919194473402 0.5430258448816174 
0.315461682225186 0.0562600678445524 
0.4459420032692287 0.0932653860735258 
0.9522471893027566 0.3401237209776006 
0.2547361874861822 0.004798958381856622 
0.5517659151392287 0.11060472744014749 
0.7999032040213229 0.8600111339590069 
0.2613415296603971 0.1937947023852522 
0.8411021939560277 0.4493468624798233 
0.8442970180359903 0.7863748988337909 
0.81432817367648 0.9701107380324229 
0.19452000689807797 0.7011169354118414 
0.23126319094206882 0.8633320719346177 
0.9907918945347762 0.7425324779553741 
0.11294032966667855 0.8040273955499153 
0.7456711291193368 0.7661732330720332 
0.4978606775233417 0.4478380295277503 
0.42390950466125155 0.9910806905862627 
0.5977773624851808 0.06998365292003639 
0.7000755929843131 0.053390169449008984 
0.9495286428049201 0.1715451208939751 
0.3973440907871948 0.4306075373863671 
0.16017798278617296 0.9281371921120056 
0.6572485955282517 0.29387297068717866 
0.71740488954553 0.28934569008093014 
0.056841537853200064 0.11864068979452136 
0.9068088700240227 0.11530965628550366 
0.6051052286339347 0.7773476514178286 
0.5672264211304964 0.6496910748045237 
0.7256694755563293 0.6952966290564273 
0.020374518608477776 0.5260878100671185 
0.7639665226901156 0.9554801639147811 
0.5313794908612085 0.8711132617497088 
0.04980695816085645 0.6954682123209556 
0.6192386097614131 0.5506849397035124 
0.29822104099618574 0.09812314167408565 
0.7749817928476821 0.011229282842844968 
0.554057726421631 0.009128559932598368 
0.947876041847493 0.8953014841616767 
0.9146176679532049 0.7874088103343795 
0.2362108142446121 0.6622680573422739 
0.6830288931510579 0.3661236092119198 
0.27599803945610857 0.5388991297449099 
0.8257020236807531 0.7170606764665928 
0.24170058576930642 0.8833447398870323 
0.786594759137562 0.5452953598546605 
0.8001600779543019 0.7940223501028658 
0.5808789454856151 0.23705063524333964 
0.04613066676247479 0.5256855388249536 
0.6358420679285509 0.09581635518561371 
0.9258054733187944 0.20243814337831434 
0.7608804730555675 0.29701511414030923 
0.39288639432030886 0.6238304504965255 
0.39046469623227087 0.16853386573779444 
0.538677807595081 0.9555419275659626 
0.7485609426006956 0.8462783276563609 
0.8323615302952292 0.8378707768037177 
0.5791093503966191 0.4616832343497792 
0.6723285297465517 0.916633475889066 
0.13219812387232643 0.6656583913538368 
0.37136038428971885 0.08442626814079085 
0.49258300102152736 0.7890222124683526 
0.022002572706523282 0.7293961368004224 
0.2919134478912862 0.6372786659033193 
0.08313538975317819 0.27195927842047496 
0.5066323705686684 0.7286077494466221 
0.1394873887277146 0.4150703713401984 
0.8212734928765606 0.4300667990624695 
0.6191907590582528 0.4555035987664978 
0.44812788200890025 0.9676280591699766 
0.5706857114315497 0.7515290139760179 
0.3091876365572554 0.42425193366456254 
0.291479583447409 0.23554073753100313 
0.7504746458882304 0.5051506118587691 
0.954626562410529 0.24794574486568044 
0.19826589719931947 0.27857856504757095 
0.21364112909527005 0.42466401334610376 
0.034182682160398936 0.07175139823474314 
0.3538380114945332 0.1347207745515615 
0.7278130156239532 0.3284783814708528 
0.49465691644116777 0.41626307108544974 
0.24541677690485336 0.28944371226070764 
0.6804951668958015 0.4309478208804562 
0.8653048142597979 0.9686730780934174 
0.6698230138937421 0.017105615262909435 
0.5256420827827019 0.7811831668660709 
0.06476223111968732 0.41100125299975915 
0.3752170943379072 0.25264712072809004 
0.4985783143049591 0.10014969919004174 
0.36527360567938766 0.34368333898739134 
0.007973348551896187 0.9886355948117098 
0.6477823058086658 0.7206616375416164 
0.10101585101607957 0.46806790239554175 
0.04087041351460968 0.3287954992028163 
0.6350182007774184 0.4776023791098904 
0.6975113058337892 0.9525171973635245 
0.25177177904842785 0.814568301504907 
0.3302364373794265 0.9879213186707003 
0.2848986739035331 0.5075962388074887 
0.3733273034113448 0.3902778518974098 
0.46050045167939613 0.44798328081320815 
0.1979999825031502 0.8350139875734732 
0.32930418028462094 0.02877375025273693 
0.7171405941564466 0.2432297511020745 
0.07598306720621917 0.008301675281156162 
0.3706448431385115 0.02341101396995221 
0.5183412699197423 0.6076267138410241 
0.43656327032629216 0.1450108124617216 
0.3743486647434426 0.2249400879447343 
0.7287368314422172 0.059816830838502644 
0.7780451902346761 0.2769035328107228 
0.6106713731166683 0.048648343137348615 
0.2624929885730112 0.43241671917024327 
0.6116755370394764 0.1654632035835577 
0.7824775998626321 0.671492345728686 
0.7218501501177221 0.5632488539093232 
0.6641118327157215 0.728977141337916 
0.1944695885755432 0.04447919589314381 
0.774362066187352 0.481792158535083 
0.20222304426359 0.2091470367959115 
0.10693380401502622 0.5740073252458086 
0.9941370916597974 0.02342913399758484 
0.30919208832283857 0.18500973917734842 
0.5096694032892457 0.070376414703679 
0.2801531348322571 0.8458184005539755 
0.7720401703064416 0.8225503324438428 
0.7260051795470486 0.8693889185215944 
0.128964576200028 0.7890903530231714 
0.6932743602973889 0.5622539066296208 
0.22450418959678803 0.8293050909536718 
0.5447844696587174 0.5171122514214292 
0.5934971175456304 0.26034597046905406 
0.5824882766120516 0.9267731577173524 
0.9326530279152596 0.0036008341037074287 
0.17058980447987576 0.11907006267580211 
0.07400655576789483 0.31735574434697883 
0.3091433161927868 0.7550942430224625 
0.2559731534891134 0.26801855436241706 
0.12006061714140415 0.1367757411088542 
0.6656999329009621 0.18557075171617526 
0.3464980247868217 0.7341349808309088 
0.7764655855627717 0.7570728766867691 
0.6811875043649928 0.7476378568363701 
0.8649563513229412 0.7071198726031152 
0.8732150030985282 0.8804276613051538 
0.47044692534866556 0.5363948790916715 
0.19832064554623158 0.5725670227747223 
0.513411239541339 0.470566179714824 
0.8048226090198494 0.9374662090052792 
0.86188300036725 0.0658881735636006 
0.18141476343212587 0.3090054236296488 
0.008576878990597003 0.5554332102558054 
0.12107775799602583 0.6173609059533179 
0.3095849972783513 0.7113672145096206 
0.7653267145416311 0.23321480339570888 
0.6900747163079166 0.7307643907484197 
0.9737686453401707 0.8333214928335508 
0.6987050327205199 0.7892994828107703 
0.10681348247301237 0.29263902696452493 
0.13351185671868 0.6398425426277897 
0.46694919131342544 0.1042832488987307 
0.16413041505458364 0.7883221523708059 
0.877595846317674 0.4239345471010249 
0.021242539726161525 0.706281461419907 
0.9042655963867416 0.6251821883511399 
0.32665352701066314 0.30100624932482845 
0.7117075409629222 0.31070911790725664 
0.2807957202607132 0.68302281546963 
0.6047886760156568 0.026310239835083293 
0.016837533494622303 0.6562412792103146 
0.9294631783525429 0.3890290396677014 
0.07559638618318665 0.9218159307246165 
0.477527141127423 0.5846604465032332 
0.24450259103349237 0.40090027209476964 
0.7008171889535291 0.1619755281761216 
0.2285137569061073 0.9377333368732244 
0.8606657215777676 0.0947479758756215 
0.14302172743350133 0.7623708908104967 
0.26046825277867935 0.9757721498255367 
0.6050482617486113 0.8891511122936735 
0.1832322189120401 0.4013128343990432 
0.8915335881832714 0.1587581328292032 
0.5160114593444871 0.007910204887816463 
0.3859494013168802 0.32268603980453237 
0.5417151906511343 0.8816681809104651 
0.5061409586146154 0.3325576671088185 
0.8449523306871035 0.3689490236456567 
0.06278417810146791 0.2834972260719486 
0.6428436841776262 0.4589365000251573 
0.7774293380465916 0.5729363443802843 
0.7417464098091446 0.2739965869347648 
0.9235081202640764 0.06169385463832999 
0.4124592774668445 0.2039693116364858 
0.13902127959607852 0.3014724071082087 
0.18649628575358357 0.24524368315402173 
0.5590615673338943 0.22818421012190937 
0.5509415714261177 0.05398357859051489 
0.12410554393957823 0.07502862335663518 
0.4968266765176802 0.4913062853238792 
0.8118247045356097 0.29683036246545424 
0.41669318312906667 0.8688338660070177 
0.04865418492797896 0.252124623517433 
0.5591241787659286 0.30272582567585127 
0.7397804916022258 0.7491384886669096 
0.33001860956417706 0.9648875361295131 
0.6973790282594291 0.4947404658293771 
0.12986095550936178 0.8677580971398513 
0.5254496279601735 0.20237807633538368 
0.2087800294415333 0.35548127446548883 
0.243197412982395 0.7629919833269124 
0.09413942050930552 0.6383864225891013 
0.4373753552227475 0.2822845394391034 
0.49087525948386823 0.6514119052655766 
0.6783202360538871 0.39480146127991894 
0.4420390406709511 0.5139650671000919 
0.8234019031821124 0.31644777925460643 
0.41357988844243154 0.288690839850358 
0.7706632832927269 0.44486218365187474 
0.4767648013984013 0.025974749788262808 
0.5679628650010401 0.14611714190505404 
0.289714540436653 0.16443519683144103 
0.7174079104242921 0.3765546991645396 
0.3988747840848309 0.9603797544443541 
0.6493448301416647 0.024539044374189634 
0.10390448764554716 0.346426039546581 
0.27812259186942295 0.0344207180348029 
0.46559181649593573 0.9825102128065043 
0.6838082708480915 0.6580391225947291 
0.8310820417197482 0.934319687962986 
0.32228827180860975 0.07572783863522381 
0.11742676908717375 0.8313128556199105 
0.4759734974559879 0.670703838542455 
0.034259043289347535 0.140851196470256 
0.19066838637892614 0.4472389130707835 
0.9157528880090577 0.739805202541608 
0.6368631287179819 0.601115630330482 
0.5532093910306081 0.09024156165034286 
0.7499183509756837 0.6847589124794675 
0.16542766761017585 0.5802781287471263 
0.021445813088484256 0.8148096746824721 
0.36618151617000205 0.2936464654846517 
0.05051934874511815 0.1681178495153991 
0.5128756506314219 0.14221838977481055 
0.5731454079855112 0.8533489101629526 
0.7530766597482998 0.34373976838326714 
0.376968495842285 0.66138951850605 
0.8969463721568388 0.528174435402777 
0.15352754279382513 0.3389738903827274 
0.8224540983315092 0.07364200853784408 
0.6941765022507439 0.08762883097736368 
0.9368598198758162 0.4287812860411921 
0.1972609672888111 0.9916128788084808 
0.4872211772285314 0.12419092305667617 
0.33658299221637616 0.3796505567201137 
0.4846488701127679 0.8808466105791308 
0.640188713194985 0.2664326495025028 
0.005670083850291385 0.3947374459092345 
0.31759655186937685 0.8173746199374154 
0.39945953960702346 0.6633875303162776 
0.03724574723526525 0.8722718563449618 
0.93293948261128 0.3456468445386252 
0.29410924792652626 0.5762315836096259 
0.040374486133985144 0.21377331891467166 
0.21317681549864442 0.713026377809655 
0.40729422881421673 0.071366157806794 
0.45253782124982245 0.6554039742301173 
0.9655004233533111 0.41169370939052763 
0.6101071399454261 0.41360224950583524 
0.39982742931698884 0.5962786289978105 
0.9330149128825178 0.8008671894043435 
0.4617603803003503 0.007336938989392194 
0.33731123078308944 0.22918481100992594 
0.2524168191442255 0.039315532523084895 
0.045311242399720786 0.6087730006303543 
0.10996761421245366 0.7404855679761945 
0.4686053697745967 0.6324638727889231 
0.7985170451884435 0.7627365201330789 
0.586451514034788 0.18601607733632147 
0.6923143042316099 0.6753231281535756 
0.10242933283097944 0.2015046483278713 
0.03169858231864242 0.9517082343484788 
0.3561389654201771 0.16299629517885006 
0.29055660764093505 0.9936056726612962 
0.6378280573479214 0.9577226750816219 
0.8924203304126928 0.19469384482353774 
0.11125654167850269 0.7625831737934954 
0.9494920792674111 0.21746252434959817 
0.7225195250323149 0.04829272666026113 
0.574731692906772 0.8037040597743907 
0.3638829875085342 0.20059170709775315 
0.17862757296320958 0.960533888770478 
0.32780843595729703 0.7690229207071158 
0.47851079299065735 0.6046623956092799 
0.6610634307724296 0.5413466506546317 
0.8636533207533679 0.9353117412926377 
0.9923510894031639 0.9599984791789258 
0.10924001387318416 0.4861805459993356 
0.6353012426027066 0.9904127130316847 
0.348485848768305 0.8942808231330728 
0.3498592300218713 0.61190556221983 
0.04555340550797321 0.378408923665434 
0.1733605121056137 0.4850887388646432 
0.7822132589500292 0.045774694193100096 
0.156723831512182 0.8191763220313499 
0.8446178845205666 0.6265737413847108 
0.7802902469027659 0.9329257029433797 
0.09928789771743923 0.4323073910367035 
0.36512551672445004 0.46239587247877817 
0.8149216139219128 0.4613667683988925 
0.9532247506741269 0.728001063999325 
0.7091964058782079 0.008162901711968096 
0.6715856155151223 0.9743240964991795 
0.8567453432899008 0.42271778589247677 
0.6388850070905653 0.3682288275099235 
0.22421081163182 0.41208293516574956 
0.5654532020576245 0.3691852078221852 
0.5210814523020162 0.8295632871266474 
0.9762747215718741 0.8992896494606751 
0.2938655472668894 0.7795845070147956 
0.6126586205078075 0.6624072263765896 
0.0295339892341851 0.31331151773621346 
0.40364485083684676 0.09494632523366142 
0.31771408683261837 0.6340545224984511 
0.43816720933519837 0.20759823914552805 
0.19524798894084705 0.6289369917736077 
0.16043331525409993 0.39214237786443085 
0.795146640373481 0.00896496081144621 
0.4046274283379285 0.009997684681930519 
0.8817791626087141 0.9161414043721767 
0.1075093693781034 0.8720830369918486 
0.7473517278070638 0.36284379893073226 
0.6536261258540518 0.08931090182160362 
0.5838279378675441 0.31552753929255084 
0.3841543311008287 0.993241062121377 
0.6943699786929933 0.41345260686292706 
0.8001565492189824 0.1812265668811926 
0.6745208843331651 0.7967365787962037 
0.6363518629761995 0.3314225960371032 
0.603792230658326 0.5018762415608599 
0.225579994411096 0.781228633124464 
0.1810102689643618 0.36250356016103125 
0.9399226411763257 0.5332905881979981 
0.743980441743383 0.6114486951818374 
0.9187898795766644 0.2685918471646764 
0.35284494271699907 0.26880227700153303 
0.23050624274670778 0.1824452386197063 
0.823452134413577 0.41072852419131867 
0.12661513300094535 0.9890411572046627 
0.9950371885146795 0.5036824917106667 
0.0902247231575265 0.7699709193025066 
0.9440095077192044 0.48143648895753716 
0.09546542763699517 0.11450523815641672 
0.5856531350467069 0.43604070185245875 
0.3593718250020893 0.5183618461406364 
0.02192976148146286 0.9265010044265116 
0.3278520552099722 0.17821659172328874 
0.47590037626547765 0.3925017456306912 
0.41409990935731866 0.31162172539408073 
0.11930891163122576 0.5564790949545977 
0.29505896181242774 0.830203822160333 
0.4676591589321118 0.2616867731158431 
0.34432890635553065 0.6353430723125095 
0.4572778404120334 0.18576123892204044 
0.15209678899050882 0.02241394681065545 
0.966344509284187 0.35691258253044944 
0.7835578073681642 0.9618671762893052 
0.8175169120999274 0.14473621788722696 
0.23451170799661658 0.5950067770865095 
0.9000413958378353 0.27187825049192826 
0.4787574709889917 0.4403019930815224 
0.9083861003310789 0.468545324139558 
0.2750558373433627 0.07882104460175293 
0.9704854490612327 0.03210333976881907 
0.3474760005479641 0.33628176370457996 
0.4051870071547638 0.7176352713049111 
0.24009688589897815 0.09967418811496431 
0.4072976174172811 0.3434193461184696 
0.615644870727454 0.4014812494925963 
0.1497622233316971 0.4540904147520227 
0.30090120948823107 0.29152863386455174 
0.05009286383773309 0.5706661425529738 
0.136182079435206 0.19851054850340488 
0.03009788361152599 0.6232725251473682 
0.5746852777026179 0.5611590676088776 
0.42288390717931795 0.2402314784569496 
0.584688500926663 0.14383829934064718 
0.08743282199060737 0.6039481899490011 
0.8344811157286165 0.5339230572898354 
0.5397497262510743 0.5685586667590559 
0.904060604790714 0.807318670462595 
0.5479188650850527 0.39378721458956445 
0.987855392518387 0.6674296084224425 
0.7943553064878863 0.8177695333103498 
0.8664272430819752 0.009468863508517111 
0.7302360600035428 0.25550422762973435 
0.4465280428856685 0.1142794514477889 
0.3102498902135116 0.11456359967869362 
0.8674418782757336 0.12801607802506176 
0.49538196830466247 0.819155561655811 
0.5383569036451497 0.236505666461304 
0.34648198968974997 0.5526032964736198 
0.3343708468981198 0.11093931536939255 
0.546221352318215 0.9003454284859356 
0.2829350491530815 0.9478240549302467 
0.22062204513172018 0.25095205693126565 
0.08310419352421539 0.033950927848606705 
0.4443488561685513 0.31638024340496845 
0.689351029373314 0.592439778844132 
0.8674172220476294 0.3447715922229001 
0.6931723613496426 0.3872459830533365 
0.7135485058696904 0.4637148664466085 
0.013096704497107425 0.07898699902728845 
0.7548418205003178 0.1511032964287809 
0.07826943472323128 0.8129060340053009 
0.28570133332882974 0.3814737304484647 
0.145270865078503 0.16484351225394928 
0.6693731672784936 0.46362722853321975 
0.7576116442666609 0.5914743343728965 
0.15517542066924395 0.7039167747508246 
0.3068296862731391 0.9020171489936248 
0.4862775258222497 0.9235269149524226 
0.21984116649995722 0.49079268766145767 
0.4826086268198735 0.5612966972779145 
0.82493400038212 0.24794275621701561 
0.5981319809767685 0.3195360738887073 
0.1451967440730048 0.5890439636820854 
0.269084871808005 0.6606530836496501 
0.7117060374450226 0.6292213956500654 
0.9099617989528385 0.6406369124795022 
0.8060544566426517 0.12135269065034665 
0.3574553199240808 0.7886585002941628 
0.12801316213424713 0.11723073801257927 
0.415784702909446 0.42143835631267 
0.5605952053786052 0.7213728492667764 
0.462874782538827 0.062388141048121515 
0.08031818860152506 0.38173058878593336 
0.10890594678646187 0.045788386351135635 
0.25310386725866213 0.3344517872107937 
0.12334993567621366 0.44060201370947644 
0.8060602035496615 0.9942540047759747 
0.9102122997175237 0.5525815574898435 
0.14283781697045073 0.8325807966272357 
0.6178146364727797 0.28577266113175526 
0.5326760436557838 0.2902989637265473 
0.3972768480563011 0.14523776808962763 
0.20036565557246622 0.610154802563913 
0.10066993340184976 0.17302095550871605 
0.5381136824874366 0.6906708125430324 
0.15224377687029284 0.19459578415222417 
0.6562597071464052 0.6907025223259076 
0.00923918452114264 0.5068971599687812 
0.016802267735405052 0.12927490989950874 
0.9508921789922062 0.28593840434288403 
0.5472700550768752 0.3259155347622101 
0.26470589128386435 0.2311558489235518 
0.27643731876440003 0.01464673822350998 
0.04766671647322551 0.4598617004630757 
0.007851976225590807 0.04514254418507918 
0.21935306075320715 0.15894065187684225 
0.5098040484953722 0.7529359528149855 
0.18090617797041464 0.8025485637835277 
0.8912681806142604 0.10157465390587911 
0.5978544825757434 0.9803379744604617 
0.08009451298281883 0.35370232949404506 
0.03489213670645036 0.9903991724218842 
0.23059572991955035 0.0329677040969365 
0.3860349178872079 0.9012055527573879 
0.2765834427119629 0.2689506300317309 
0.6552424725378074 0.42092753550948375 
0.8286145104768361 0.33553268389175883 
0.9803224042828034 0.13836094377686126 
0.038459762435524625 0.09007104490621043 
0.45673966071341987 0.40001074007039217 
0.7299135694330768 0.08260145299649607 
0.48298191108498145 0.33605920667563827 
0.5045412552266828 0.5665140019866158 
0.7299792257056248 0.5347530815255992 
0.3040792971173786 0.6076902768774191 
0.818723764681418 0.05667897844124087 
0.8113173434817602 0.5567440104478691 
0.8382649594482714 0.6938411989788417 
0.4544151832830193 0.6919617649066456 
0.38033678475745725 0.0092582164400703 
0.47694448443384246 0.31317876825733426 
0.3758044086788873 0.536066469265504 
0.8893248638562314 0.5536799583838502 
0.9622156882048115 0.4466557686804679 
0.8490079543954511 0.3894901908487594 
0.14740062244086766 0.8715048981937769 
0.27040421201454395 0.5633172440192088 
0.23519914596431957 0.2274548907471053 
0.7772825365537483 0.21558109595439773 
0.009282833117738476 0.18374585406241567 
0.5856291973860316 0.7448961212527028 
0.2253641046759765 0.7508139205227587 
0.06393344575876753 0.1998911071278433 
0.08703624253855802 0.40927546504956175 
0.27353983862163067 0.739414928815883 
0.9383729482182439 0.022499530116464606 
0.051436795882028596 0.6422061753531612 
0.7307726180950856 0.8375709635469011 
0.6186287248781451 0.7547337179342999 
0.5088118152715799 0.9467017268993834 
0.712028343747297 0.9266239219353298 
0.8906269855677151 0.4403311166328237 
0.14387798830903814 0.3163775046180317 
0.42757068434332446 0.8031369022710134 
0.5596425130313932 0.9256728868914861 
0.6916881113229963 0.8914532787192193 
0.13209201856120784 0.7033305628515546 
0.5739369317512679 0.9505540832378002 
0.3389256230768391 0.828340416720599 
0.004158763901054963 0.23909526109078322 
0.14969433387949982 0.5461628752149361 
0.9015061591815267 0.9631902315824665 
0.06834886780429661 0.71349586896155 
0.9785614825072086 0.06935605173974657 
0.44282427755137743 0.6281402107170776 
0.7241009389701217 0.4243629935840956 
0.5918930990719684 0.8225785448658318 
0.39236634311493546 0.7776482038179069 
0.3348096224187004 0.06672826870347692 
0.17402493349792536 0.597802319258703 
0.7013868830971071 0.9822913854083113 
0.2133402168023592 0.05045239099660276 
0.9575166898026637 0.9389614554676255 
0.35188956139062644 0.7618141274998651 
0.4880818320107577 0.0849019509960266 
0.10253868992815574 0.22728777670797656 
0.7745654269130582 0.8741650514830398 
0.2555265954695091 0.7783715976201473 
0.5508975991704026 0.7571165132212927 
0.7446089839605525 0.07124451316927527 
0.198629304273032 0.7691601863950966 
0.667458530389538 0.6382995674276888 
0.6539038155758732 0.910194255615929 
0.7764155576968095 0.52267709727851 
0.10084528398921916 0.945548323417176 
0.588904033500607 0.6573131251920916 
0.1457326860963542 0.5079162320943656 
0.9867452142736678 0.6322518192319687 
0.8178948013866161 0.8727606865770283 
0.10021475872943669 0.8485869612696677 
0.14884045009687802 0.7398161912326533 
0.9235021079097485 0.3132342263511163 
0.5991846542147722 0.10720820506560641 
0.21088727384520412 0.3883594199426466 
0.47487174402797583 0.9681474766148939 
0.6175823615935461 0.07026643728830811 
0.4147701385077592 0.13613641822413747 
0.583755349293471 0.8996128592830126 
0.4162235033714774 0.0425539635617721 
0.04913255351879825 0.7328667529724591 
0.8155170078361678 0.7321318222914074 
0.6824096029118053 0.990521625287148 
0.027245952556401942 0.6733904018765576 
0.8840983079411555 0.7398846836107364 
0.08156569676889458 0.9038435136018198 
0.735248299844235 0.7151493259037324 
0.7729163546492839 0.3445775932642432 
0.8504090931858614 0.8824084758884172 
0.6464736783308971 0.17516841476602918 
0.6820087618480071 0.2059760478493926 
0.8999669033230988 0.17104499128018508 
