1.0 0.4942050592655507 0.49899638883121433 0.5552431880441947 0.24296145279283088 
1.0 0.5394514224543072 0.6572280802366792 0.24389572360127898 0.793698006708218 
1.0 0.3334821420435511 0.6459124942588086 0.40869446614270566 0.9102593803112158 
1.0 0.5491891114137402 0.43397401075884123 0.8802270884719305 0.4671750645087559 
1.0 0.5045287826466394 0.537553470427073 0.2606684902905265 0.8975148946021072 
1.0 0.44873451829135413 0.3668494321281135 0.6640442038699766 0.1171308816392892 
1.0 0.47757385373382477 0.4894321594275945 0.5133072044367434 0.8971961551110774 
1.0 0.5619724790118287 0.6982965970412678 0.21956671335613065 0.7548528617749231 
1.0 0.474799404438053 0.5251394582671935 0.39229690971470854 0.7412155705389595 
1.0 0.40229527382918057 0.35847129219889573 0.6233011792296237 0.09769487252208975 
1.0 0.3361335579709124 0.37552940345247277 0.5766770309248502 0.07078128145798845 
1.0 0.5994007819388464 0.38513863709266094 0.8482127239936861 0.3014955732629375 
1.0 0.5433656207521705 0.6935246606774371 0.23676773519828975 0.7758308964300139 
1.0 0.5585353116284613 0.3026301099239105 0.8178402022893185 0.3262503135346043 
1.0 0.3517722486686724 0.656974951682703 0.39141958734800575 0.9073663209660435 
1.0 0.6657007914668711 0.658374602369341 0.13942729523053898 0.6148514871948961 
1.0 0.4969021784468118 0.4840894474740843 0.7050159742957641 0.36612596808265985 
1.0 0.4632466673531432 0.4625674911967424 0.6102716752391067 0.019117340127219662 
1.0 0.5922555034916662 0.5806251900446441 0.0864067238907057 0.5182028283561086 
1.0 0.5095850740132222 0.515335582206237 0.16529395723289897 0.8028826761155002 
1.0 0.5612985094845919 0.7317220469449035 0.19987274924770237 0.7220310222467127 
1.0 0.40689831881593647 0.3860474690447009 0.6642289696652782 0.21850277355383485 
1.0 0.5188716665943137 0.421098975595605 0.7332640045169339 0.1770180990485598 
1.0 0.4048316597040171 0.444710452392142 0.5896520407987592 0.17564531222726532 
1.0 0.3703773712552796 0.4669811679935483 0.5485655727291643 0.12372030857316318 
1.0 0.5021330043791474 0.2872009005909557 0.7404325082482516 0.24864621905020134 
1.0 0.514164779008279 0.5095658313855959 0.1761198942384825 0.48827658494654713 
1.0 0.5304493219946386 0.43928540452163006 0.8049787151277275 0.22366069002561217 
1.0 0.5857152802252832 0.6702826988774437 0.19828415024142187 0.7433617408901285 
1.0 0.40743184259749177 0.7156774577635597 0.3005913592015277 0.8047606494119474 
1.0 0.38255643218690166 0.5942079513711412 0.35890590240124576 0.8060743558096798 
1.0 0.5086178076008282 0.475070568195106 0.8452402654642813 0.20528287238811527 
1.0 0.4979102697296844 0.6409495289368875 0.20200808515028867 0.6428720401245526 
1.0 0.5453878065811102 0.5096501679686407 0.9866294710559115 0.37915301760405695 
1.0 0.3543994884107683 0.6414130395224601 0.40848660307521967 0.925823498317165 
1.0 0.5379507923360889 0.5291571390361614 0.18165396477340046 0.7699075110982784 
1.0 0.5164644703664945 0.49311896415533274 0.9967128499236937 0.5987193481246278 
1.0 0.5878577336475581 0.5602775317723079 0.07028809078252085 0.49465525923234444 
1.0 0.5383282861939959 0.6238985263560085 0.23585347963826775 0.8037184075164366 
1.0 0.44187489371070987 0.6181124431487584 0.378201196413972 0.9260991352896952 
1.0 0.37051031689845004 0.5752049919952945 0.4622114149642138 0.9952099076291249 
1.0 0.3340781632023102 0.39396668999998763 0.591913126703819 0.13197939670306646 
1.0 0.5251541881044296 0.6093058543868071 0.1534257855018546 0.59123695406121 
1.0 0.5533863263728765 0.53736567138968 0.16359005791869385 0.7404702333335559 
1.0 0.5862080035426757 0.5060687688345045 0.0394988459834682 0.6197613075995173 
1.0 0.39074553796533285 0.5033086674316908 0.4764719555866208 0.8852753986150425 
1.0 0.5314693030214811 0.28954207235636686 0.7860787790952244 0.28194608134436117 
1.0 0.39703064926734505 0.45818131415384145 0.557416741070485 0.15618094994236664 
1.0 0.31319029713816526 0.4046922193155919 0.5710272598724537 0.09224507668215443 
1.0 0.4948454449088633 0.5351865109427667 0.2946943158885159 0.9334340628389372 
1.0 0.5158622105990426 0.5423977543408467 0.16578967192402427 0.5326803373138312 
1.0 0.6689546971168586 0.5283938984939681 0.05709758325877734 0.5992199175552477 
1.0 0.5512364174228621 0.3218753662252669 0.8237773265202155 0.35178868042254285 
1.0 0.4201764884431569 0.675357599726144 0.3195241717756224 0.7414888761948516 
1.0 0.5797297025825542 0.5446147842461162 0.12482696014532924 0.6956314100844302 
1.0 0.5836685162859844 0.4316788219747332 0.8879134119050933 0.30944674268051875 
1.0 0.43315885973945467 0.4449932538229979 0.5735215966832514 0.013085465779910987 
1.0 0.38728833691101283 0.706686448257393 0.3555831683850318 0.8106024828941949 
1.0 0.5167680145360121 0.5735752506013826 0.2504347459023407 0.8472129722253499 
1.0 0.3074487479021071 0.46556388006556776 0.5362911038453319 0.043222383418520915 
1.0 0.5938688339657263 0.51742815999406 0.05609783850061156 0.6335947447298442 
1.0 0.5939259191466802 0.5019021228973788 0.02695257987325128 0.6028206726420138 
1.0 0.43435044974117737 0.5332919030815252 0.4122440343445053 0.8008485289953412 
1.0 0.6674471703187842 0.41371882596055953 0.92772848139616 0.3823428963419241 
1.0 0.44942016467229146 0.41593769883322756 0.6898253552476773 0.26575907129596565 
1.0 0.640942399847259 0.5971400451412563 0.15659723314618368 0.6718057120488365 
1.0 0.3841287851346873 0.5188930416884939 0.45067260663510655 0.8704525348324769 
1.0 0.4948929844217356 0.5678293948543293 0.24905703073830565 0.6103281636507306 
1.0 0.3131679447000637 0.5210104533571263 0.4497578763187353 0.9210735007656077 
1.0 0.36620684868152253 0.4155920730923739 0.6009076400145769 0.15965817852558484 
1.0 0.46110017036245554 0.4784446265453718 0.565576611357771 0.21143013323890325 
1.0 0.6493721845373706 0.5350633396302394 0.06251952440856334 0.6145169914655276 
1.0 0.700494048497058 0.6033855583498274 0.08266905501317279 0.5554073580008126 
1.0 0.46118340527090745 0.4471397235732729 0.6442861393533972 0.2649902244040412 
1.0 0.46706763223083736 0.695452200632218 0.2349513037122679 0.7078099142112722 
1.0 0.6670800958932773 0.5832961703785968 0.1252451880781118 0.6391491303968247 
1.0 0.5808492826288469 0.5481422077422341 0.13962006328682386 0.7023410492794243 
1.0 0.6351770810573989 0.5068034442716733 0.95393373065407 0.41317451741779543 
1.0 0.678826979619226 0.5656147256601248 0.08828117929345547 0.6184190968503398 
1.0 0.709238645166614 0.5779877548373197 0.05593410181805425 0.5736020159110273 
1.0 0.3193511867778286 0.46011016788440817 0.5559966105808652 0.08550198359339378 
1.0 0.5896523989380829 0.3989358299270229 0.8539449578389492 0.29567356873282036 
1.0 0.4348943855917997 0.6844244941873212 0.28957202553892003 0.7305777905421963 
1.0 0.48743468914825705 0.46900372098492404 0.6557167737723067 0.31788530243212076 
1.0 0.5070044257821162 0.5926069770272192 0.2751309250025725 0.8573443561479296 
1.0 0.47942491531516473 0.5815764531936868 0.2843556269510108 0.6488688444468648 
1.0 0.5239133596263722 0.5870640128424444 0.24143587032691594 0.8311084884867999 
1.0 0.4052454267303334 0.3333363423910797 0.6432737834296208 0.12572065953215317 
1.0 0.5763184411502802 0.32304547027133224 0.8455198496032247 0.3613080434504763 
1.0 0.4050448809762034 0.5721246804784832 0.37361462751635655 0.7996451421713713 
1.0 0.7015628814709509 0.5879956725645075 0.06472536442857713 0.5334383925489576 
1.0 0.4172854139290814 0.6967113376216169 0.3124117790425093 0.7563713393611632 
1.0 0.5815521984989104 0.726966411074555 0.17519625558970087 0.6940497699702942 
1.0 0.37880111438597286 0.45093979392032485 0.5752209862399619 0.14459773940262644 
1.0 0.5217887431350667 0.4621889084895638 0.842156171590188 0.22852486723082366 
1.0 0.537477295892199 0.4361049427744569 0.8201657052516564 0.44462144802000025 
1.0 0.4449530821985949 0.6966453219794912 0.2595990119411037 0.7298080591842361 
1.0 0.46713438753775355 0.6209603801206643 0.3488676329658148 0.9000680685241451 
1.0 0.5373736670934961 0.29305782110578726 0.7877994201339302 0.2997960372104196 
1.0 0.3527381848170176 0.5505427049596188 0.41521722726668175 0.862429660385031 
1.0 0.38150312534560576 0.5012893304676542 0.4709800423823065 0.8925427855158319 
1.0 0.6185970221937003 0.4056376577249985 0.8814334923049747 0.32906109189152377 
1.0 0.38945150845734394 0.6760479033814982 0.34432176656616487 0.7748319613664717 
1.0 0.47786773720439235 0.7098049504477622 0.22529642077340628 0.7123386268888405 
1.0 0.720592508950193 0.5394462756929524 0.040332668017372786 0.5208746437048568 
