0.41633914118927906 0.22719926287635667 
0.5741039716655827 0.7866716122892357 
0.11330773946896039 0.6014936717717465 
0.7308165269887215 0.42609848269779327 
0.794748853776085 0.1915526918331294 
0.058237437643284706 0.1634208072133655 
0.9718467767179397 0.6720390776583378 
0.34054493224681637 0.8492891851053047 
0.37803171867036917 0.5633241695392105 
0.7679378300751024 0.7579644862668201 
0.06782594767219768 0.8612831532060872 
0.23107984492564898 0.47005138727561946 
0.7451022863586128 0.9634445121877595 
0.29906154585289546 0.2215380995001654 
0.46677859287727824 0.07353247855090739 
0.9245544682625706 0.49167202496766005 
0.9365056281549269 0.09084365178764536 
0.9300531952007529 0.8809002459536335 
0.5487843485357426 0.39201939308325867 
0.6572727157997135 0.10339624775863049 
0.5091152348951945 0.5961298963511447 
0.08666314178501444 0.3194865648249169 
0.19829819882571997 0.017829427573282486 
0.6925200797563951 0.6081431766119495 
0.3583568947677086 0.9548221295298511 
0.857122501989226 0.31940148140567093 
0.38687726836138653 0.7197136750075139 
0.36065621440668094 0.35494300410762336 
0.540563882505467 0.9473006778598555 
0.11355994201985292 0.7584296519712033 
0.5291360368372757 0.23291938725820904 
0.1971084099946832 0.888033572888961 
0.6293243827733233 0.347271843461499 
0.24184371334770977 0.6952177443107882 
0.10163663647694055 0.39789707432031696 
0.7836124311631272 0.5357876548225717 
0.3317389314348635 0.08135951102804867 
0.010425137997228218 0.0320332372415707 
0.755909383858071 0.01671844897814667 
0.9098117640454928 0.7816408614444162 
0.19839321843577956 0.3221684091983501 
0.06765870694419118 0.5295347186205612 
0.12998793746509774 0.9545646689005054 
0.150070325886078 0.19855518666664257 
0.9284007824244194 0.25065853564218576 
0.5151791153080091 0.423173533697237 
0.560089236817362 0.7117840541604075 
0.5971005572699398 0.49652405139642575 
0.45457837098556475 0.7819399232824077 
0.6390247939001747 0.9009427565920557 
0.8441326672486683 0.5956350011678615 
0.5921310854778017 0.07179278957971075 
0.29884164579707334 0.6088883639144065 
0.031181405185333244 0.7532711876032592 
0.7203102445091187 0.7138546085893002 
0.7418160426009138 0.29855485447033075 
0.8145148844881881 0.9071460600287451 
0.8567990959550724 0.7057180493855653 
0.8819202245559756 0.4047492224229946 
0.4480594614245227 0.9011508002007924 
0.428785169837544 0.4620346125898321 
0.9225364792165122 0.9855117601627912 
0.6747228228334012 0.2513639034518861 
0.9385045781598622 0.1781314070346114 
0.19704290702156846 0.5533074507303268 
0.10807033919899117 0.05803716555448801 
0.9611497334706537 0.5830987483540052 
0.257406652773244 0.8298907198935324 
0.43135066396284116 0.6836886554331647 
0.9363692951191613 0.3545875067056575 
0.7359581197224533 0.08670027290925963 
0.46424626018550635 0.2897064893014635 
0.19446700637361702 0.13883028545330728 
0.7096787235535477 0.8176126755017823 
0.48183378975388963 0.16222943516609034 
0.8008360983576319 0.033119938639108615 
0.006613917195776253 0.4100603935291808 
0.30105689893032683 0.3088595860757092 
0.06687371815524207 0.22425994865094395 
0.14367992972491506 0.4579272125429058 
0.24280440773013284 0.9880264742635785 
0.6729673574673619 0.5279155531592411 
0.07276826355720328 0.6379593935364439 
0.32971413208929645 0.4188383062223532 
0.815983135863637 0.8294620275948699 
0.39532709706160496 0.08922383272644824 
0.6183007967655146 0.7132374780629007 
0.03852826777142865 0.918552846741608 
0.5983623019882933 0.13936198252964432 
0.9898515194941886 0.011652886057187228 
0.1723552028658641 0.7811228387856823 
0.9846597255217727 0.779391992512442 
0.8837625165008252 0.14519649262859446 
0.5870853416064753 0.29071998154126305 
0.6434069720402169 0.42715468533922935 
0.2657901284253666 0.12883484517375315 
0.5287375731414294 0.8360669543699848 
0.8911422323309857 0.04708369659215356 
0.5743555655314289 0.6488092202732347 
0.6983980235468874 0.21087219612484714 
0.4781384399186199 0.5491026152565917 
0.21067903415411648 0.25109316484298194 
0.7820428588355011 0.5865621194626144 
0.24868131728879994 0.04594497423039601 
0.30990996462712095 0.5071830836618967 
0.5485323324888607 0.026896705082653072 
0.7008327571102104 0.9406824963147558 
0.8538921534568933 0.4252936209424787 
0.18807244586021643 0.642443332533622 
0.45048458357454996 0.3822809457614401 
0.03540609911785619 0.4207671103455081 
0.2975453649005889 0.7721325216022216 
0.8233928024541337 0.2795037393543224 
0.9466008076973046 0.44382675426874 
0.4479415284113121 0.994765901249653 
0.8862607245167605 0.9620763215671716 
0.35033445791270323 0.15905890441152737 
0.9797931360244587 0.9251636675528545 
0.24190991373831755 0.3806728304202001 
0.6295367122803459 0.5588522334541319 
0.701870757615746 0.7775055658211494 
0.3360181634753059 0.6593408980659958 
0.6302275005028785 0.9904620136632978 
0.2949255800988558 0.9111931512311016 
0.3271670064994771 0.019573500173897362 
0.009975386646970452 0.31249977948668806 
0.7091162373434139 0.018212132503015788 
0.698120469507051 0.3803556672832841 
0.06619275306333167 0.11337680190142296 
0.14697820132405487 0.6974740618915223 
0.4964622272414662 0.6611716536308643 
0.3604718775477296 0.30744514640676085 
0.39612250458260734 0.8271424396946214 
0.7948461267208751 0.659395869544266 
0.0356296509266128 0.584123753647114 
0.7975102249600825 0.12844195557883498 
0.7805471402827111 0.3779217555338478 
0.020365570976469627 0.6837295121444129 
0.15040321444052301 0.8563046754592192 
0.144541086198756 0.3323839796968531 
0.6600010460155867 0.1683792971756699 
0.5144960053450353 0.3313592096577233 
0.4031902493944278 0.017460001308586992 
0.5991179749643785 0.19934549420470332 
0.7782628893897683 0.8616127126288792 
0.8758200659225988 0.6603958327067662 
0.7088503863986433 0.6801404478687201 
0.8932622279333063 0.21816814584446564 
0.14844829152581873 0.08713479412456654 
0.19294570300389186 0.949690717274021 
0.734011322296144 0.48333425106125516 
0.06764607429937841 0.4557049388780499 
0.5488625041406859 0.4724400921074204 
0.5518435044496124 0.11279997723190999 
0.8839678277618821 0.5127212004484845 
0.26067524976484946 0.5543207961975295 
0.7406459261648486 0.15759402851640947 
0.4252302161171023 0.1444357732614494 
0.6116159775737862 0.8573415232217814 
0.07933406687734801 0.9790309526764511 
0.8211009973772756 0.9872714150625859 
0.3571100974693497 0.21646193128939456 
0.9686576998549294 0.27262465465014596 
0.20993878331602706 0.41374768517981525 
0.024099970528866033 0.23479709753441846 
0.4159173043047204 0.6124152193542177 
0.8995377864381842 0.8359721973008751 
0.9871860677999007 0.8631547129508041 
0.5561671431658384 0.52506670778592 
0.21606317789614243 0.7975440980873081 
0.6890345491790616 0.8901667202175353 
0.08416305571987137 0.8184639547826604 
0.6660189235735159 0.035278897004596965 
0.004448602669149204 0.8512305699602274 
0.3055247581029401 0.690797818986985 
0.7820438676833992 0.25254887369445794 
0.8021344286957519 0.46444912468401495 
0.2608980585836829 0.6545365698204291 
0.4489931134474643 0.9520368972300332 
0.5269014550874923 0.7637537795112863 
0.9915795523467179 0.3933612562148943 
0.8204621096299474 0.7661317838574442 
0.9898852826231743 0.5443410468311808 
0.4117777388122422 0.5301669606058494 
0.5181702029522043 0.5333631776782732 
0.49330401359440407 0.8777829065665809 
0.9278265851334846 0.711362699954047 
0.37614991246002405 0.4024329859324846 
0.04982506652257074 0.7079129032601756 
0.3578902805740602 0.7421126483033649 
0.8798800981138923 0.31702582842543103 
0.6500786169163931 0.7858144272689433 
0.6507141837018693 0.6242996058806088 
0.7008585978709976 0.5860386215705303 
0.9675257165386213 0.1859834659390242 
0.008469711908961342 0.1502978911791114 
0.2866860229539769 0.9572566638489437 
0.41197802394883665 0.32063822864264113 
0.13847854125304826 0.00885903270948385 
0.09782740719029215 0.28224003921546365 
0.23962286639738062 0.20444716903711002 
0.019886464996855258 0.5056494188688003 
0.1590276368276805 0.510533467652202 
0.12218969344454444 0.13867800958448812 
0.019698268274237263 0.9898050297674037 
0.5691091370533577 0.41306321040319793 
0.03358435015796918 0.04525775750590072 
0.8734105095966841 0.08443605440759855 
0.4831952410518865 0.7183584454346701 
0.25299481167931787 0.26635026037583753 
0.17089239609084217 0.4107927619078551 
0.7720165017525306 0.9275639630312048 
0.9532752646710573 0.639168049788858 
0.11819057778554704 0.645020466052161 
0.7558772669220848 0.21521522370150625 
0.6807735821355572 0.9914800126456776 
0.49337527956902266 0.2398602766000193 
0.3613701365126588 0.5379622908620166 
0.3788939719641856 0.903460097740973 
0.20592395091642013 0.7220377968048008 
0.7583450424767014 0.3536012855717683 
0.2867881523993213 0.44826382963329797 
0.7344893068247682 0.6235683609132949 
0.6299817478616581 0.26158750043747026 
0.6627311083566396 0.29936212436846205 
0.6633969649778381 0.7173068443884714 
0.3777993259130331 0.7727764053877169 
0.5800247569689393 0.8937198753893254 
0.24203527118125734 0.7572516636151121 
0.4010688729063073 0.9775788336212052 
0.5237202080242059 0.17489012591788694 
0.2586788219203758 0.8859536660089968 
0.5064824357759229 0.10064616483538025 
0.48244920668560687 0.4823944215998244 
0.5801301794198908 0.5770318996063177 
0.09969262318951272 0.9103546198711192 
0.6032352582505239 0.9401946881369505 
0.861062301910003 0.4876987829872533 
0.8429250883210386 0.22044874608935117 
0.31609866693367683 0.281493866090023 
0.5750601578432176 0.36696879763673274 
0.7342854888275541 0.5379437874208465 
0.8486497678514067 0.540012349830103 
0.396612427237929 0.18576774406555313 
0.015207438629815773 0.7879336603554179 
0.03067207563091362 0.349827270826362 
0.3840430065076382 0.6578015206112289 
0.6506710932199951 0.4755977847189073 
0.3265520111410769 0.4655097965180252 
0.9427737986847851 0.41128335377342384 
0.9415119804613004 0.31634889972706265 
0.3342000777662325 0.9921013441844133 
0.9621006706901474 0.5017979623363003 
0.45556135114867624 0.41094324236886015 
0.2292856228579097 0.5965516175765678 
0.20842812751097323 0.11371568998600362 
0.1479008978467582 0.24641078197243982 
0.823543731763438 0.061453198457490865 
0.2978464619609589 0.3538788531281157 
0.11541693409097292 0.5396258821099372 
0.5567108928353574 0.2701613432415791 
0.8537759142737356 0.3889265812830405 
0.40259935104505645 0.43996113165100575 
0.19441559851080303 0.220086059871623 
0.9689414968085863 0.8397879973004148 
0.03677035175904109 0.25468898980698923 
0.2954365739068467 0.17539724722561306 
0.4625142774972951 0.6242820360916823 
0.9943041198502254 0.10393452609166559 
0.7671058914519664 0.6638530126433787 
0.8614839685443102 0.7894266863488277 
0.7805331142497909 0.7164169392994053 
0.910088583455416 0.55637749163291 
0.7360157608833866 0.25745733122481707 
0.2720398284875437 0.07735419343643257 
0.4385828452470627 0.819873310454146 
0.8545777560446589 0.9107977471674538 
0.2609829736685182 0.01253514191908306 
0.5310332708924498 0.9080050181086192 
0.6647987635435761 0.8392234543197404 
0.9269701330608057 0.03961920076275893 
0.24255263524908027 0.9100252448199859 
0.6949810168894733 0.13979641015666605 
0.6883522665757642 0.46556416155412444 
0.11253575385576159 0.21607239277086326 
0.8495638117558285 0.6182372647851492 
0.5843862577623286 0.011280260927618135 
0.8014761177639214 0.3652654637560093 
0.026154814525075898 0.10625838900664075 
0.8858864164863753 0.29573092012313973 
0.8513502488967029 0.16852978299927596 
0.45240694330060577 0.04384459732934998 
0.4040790712161758 0.2831561877425366 
0.9329552459891868 0.9369506044120319 
0.4490189625989547 0.08585023348952109 
0.2680277443673579 0.3235979241630208 
0.39826049617772613 0.49243606630066966 
0.44707620401512516 0.5062735538881348 
0.05259895796044761 0.02689158530340846 
0.9869891847034591 0.46297825445246465 
0.9702460851080926 0.9891167745939606 
0.03703872137864983 0.651778299457988 
0.42250636806230324 0.7263303194429419 
0.5073514507734521 0.2656041690900782 
0.7711255366661085 0.7997573796300252 
0.974800576944646 0.23599996382810662 
0.7358234623178694 0.900256336826132 
0.9758504699333042 0.7429737388501194 
0.2053401053056534 0.04968310797991232 
0.16231623788399518 0.28829765781008004 
0.1199539374261922 0.8122860382912215 
0.8628029116493411 0.01164936651530929 
0.25960171107854757 0.50382220137537 
0.4443005173320359 0.2277920870877198 
0.08077445118317167 0.5861436658491453 
0.07943122084423582 0.48861014365685385 
0.6186177002028256 0.6433588420151491 
0.07005215686100097 0.7441379537675494 
0.6277098928366887 0.7573992430261121 
0.70282673302506 0.08260335382379802 
0.20167163672077204 0.5057761693935235 
0.8431435027249721 0.8788295220428439 
0.34839914954320705 0.11574697600958389 
0.48629033850096237 0.04797314293330879 
0.1767564943625482 0.6074927857354282 
0.9694441540949639 0.3211149257803593 
0.9769868668125099 0.1171100405546574 
0.1045338866547082 0.2636026771411978 
0.9033020821411462 0.11781534465162574 
0.3671560312395 0.061787998677932054 
0.5987566942324847 0.3873746830101353 
0.12590826639414732 0.8763860322159228 
0.3316131706200136 0.5811580684567932 
0.6582772422231481 0.9519398467839194 
0.4990301061696078 0.791066905020954 
0.7817567419255441 0.0867287658618256 
0.5402164979999923 0.6781592294165408 
0.5633614809219077 0.16774716311289545 
0.29477548385290764 0.8070966657930154 
0.744987364326968 0.0418822269833119 
0.3652134543434311 0.26716165764296346 
0.46935237768518145 0.3310071550063277 
0.12436290465144706 0.9896744629278231 
0.08866094362107324 0.6999328673279224 
0.5438938535571913 0.782962815567892 
0.9935422170457509 0.6386666836059416 
0.48503771523619443 0.9591573012789191 
0.15381841583614292 0.5630995662525061 
0.7931508299771676 0.4207041650358207 
0.19320974023924037 0.8335869708421935 
0.6325091051267372 0.07744145040970457 
0.6086040003003028 0.46194767568354095 
0.3461845231609088 0.62420766203434 
0.17615583050622924 0.3491350850912128 
0.11435574781411562 0.03119648713242895 
0.06222487392979181 0.08407348019431904 
0.5853876830607366 0.8225591652269362 
0.013292761023681765 0.46341412946494565 
0.8073110983055491 0.5056870784664321 
0.7078923324551843 0.3135928152782116 
0.6831589071494145 0.33814706011711426 
0.045088834934087996 0.3342492365143218 
0.5589369461069321 0.9914414104663744 
0.914647057795594 0.64040539645436 
0.8412388024123036 0.9582177963808387 
0.8765953103076058 0.7077347109599889 
0.892080318875035 0.35311097336411035 
0.43274387163304884 0.7802617509879233 
0.318045614020887 0.910589549184631 
0.522242740014136 0.0675795130336837 
0.3847155345898909 0.14212157299168465 
0.6558032718930826 0.588167511764362 
0.9222357217239786 0.821211679744388 
0.7896543194450814 0.308462012683823 
0.042885466047209164 0.8339042076657461 
0.41741678781159075 0.5669962621126345 
0.28265973884478 0.715856315751859 
0.9701310038405995 0.4826880190426553 
0.6466171331087807 0.6656584969915045 
0.620794166542523 0.5163919112512118 
0.17038509517737094 0.8915009008910006 
0.24258977073993743 0.9451522690304117 
0.7916170734295531 0.6232707860608084 
0.012548612226320532 0.5749830404726604 
0.5940710703076045 0.2334301446162501 
0.529633014409314 0.6049082778110325 
0.8172746611807199 0.9435752301607221 
0.4028113675296903 0.9417329483150538 
0.32781815005796 0.8763190038844844 
0.33375768076029466 0.32592539941871096 
0.30521218532326005 0.04494320879735125 
0.7648572558045243 0.9935011543170758 
0.1629187604608649 0.04742247096319124 
0.35256562709792927 0.690432055732631 
0.8922036758214982 0.4639959852222189 
0.19940334527211107 0.4804561347530366 
0.8188824541849089 0.025924538845255196 
0.5562790306003085 0.34041037305310556 
0.8420809890675225 0.6641878694783833 
0.4919777894688519 0.3807552986347055 
0.39069709678226433 0.35256940566061434 
0.023103601647474103 0.8743746013580893 
0.980326999446635 0.04540036796870056 
0.47487146134546887 0.18574450491122685 
0.8289454226319732 0.5589897482287765 
0.2759071648150844 0.5951590739345888 
0.2915429858278431 0.1378572204863896 
0.6422347777044842 0.37007516227535087 
0.2889567593113952 0.6646953344989582 
0.8065348098924874 0.7827933630005641 
0.41135509870870035 0.8541496421394597 
0.23527911430885123 0.0973714672519459 
0.5211060563723852 0.5075159681965481 
0.9604110895048477 0.7816377983556844 
0.23082228614079286 0.16971440140002997 
0.9852163174616799 0.6194577637246693 
0.8508406518983026 0.24760276352983174 
0.6369692897108499 0.21415068013224847 
0.0923334107400467 0.15308863571631753 
0.4603601848617093 0.8690236323864318 
0.1691727671217494 0.6674802820915094 
0.5221047962755538 0.1297871865396169 
0.9075690824304561 0.8977350235135051 
0.322185447700455 0.24857698636786563 
0.11832586651097698 0.0949966773275332 
0.18881560857770474 0.2898358773799127 
0.04595178198406452 0.2964597090669915 
0.19806606892494166 0.7522020561243282 
0.8415996052594394 0.8546804533075275 
0.7251957750323793 0.7831473052685403 
0.6189820520978195 0.9182851281699065 
0.6962240708285203 0.04264170105873705 
0.08933664503261363 0.789167892557499 
0.057355494525330064 0.9042856741722307 
0.03347467209698318 0.9641333818720168 
0.6104785884244198 0.7957241083561657 
0.4968657987121995 0.8342532032077519 
0.02872501135879274 0.20068104561019046 
0.06321742956605969 0.4010223869293387 
0.783189166270121 0.9752060568525993 
0.2554734772728262 0.24017299325837194 
0.35186934845229456 0.8049300136983576 
0.4848799056970142 0.983028789094348 
0.36517072136171064 0.45449800223903736 
0.4441992583033568 0.6659484981415651 
0.4445713104662525 0.4408530579062488 
0.7398688455305511 0.8603029649607348 
0.6306937762570317 0.031202459997474286 
0.15021056740858174 0.17335896627820108 
0.6377116651351744 0.6009953805977372 
0.6948302987835004 0.508138471661414 
0.49199328163308914 0.009622756115074904 
0.01970091260858131 0.9068583667934358 
0.5453374773248271 0.6499920671733318 
0.4362794134641397 0.19745269027986767 
0.5575099352217049 0.7300303572209279 
0.8227788525148892 0.14764829735400115 
0.09833626986064942 0.4444850023031292 
0.8162785495182334 0.10224873513740917 
0.8808506407244968 0.19955008154467707 
0.6627990954060556 0.44275449743047324 
0.7593364353600046 0.4830178966228053 
0.8180524699926757 0.45267949318194634 
0.17295897266442123 0.9826302662511082 
0.7145555041687851 0.573597962006093 
0.45681889326662617 0.7433859357076102 
0.6950707506527555 0.18627287281034277 
0.582481554168397 0.8554690266404519 
0.22384074641562457 0.8519721486667637 
0.04964264763613324 0.3661325020626915 
0.1683089128482897 0.8179034303533886 
0.4521866167003098 0.10976598272999993 
0.5743582822216184 0.1157887712241002 
0.8169820307493727 0.1781631520962953 
0.7897769598186835 0.15342788753346914 
0.2790274744065482 0.42642513088505457 
0.3676506934276905 0.9918814996699867 
0.5619974726977341 0.9281635134392334 
0.7581215589307844 0.11644322572748184 
0.6316989027574947 0.824979205669271 
0.9713913723076077 0.8997286903668729 
0.1707317572747062 0.44196439697326684 
0.7667809416695801 0.5680385720380947 
0.5695688685856596 0.03726385766231588 
0.48850532829775184 0.92917088038412 
0.8175900784390961 0.4014188069626267 
0.32757114159460776 0.19601153293464113 
0.3054290728091815 0.5418875512504914 
0.23629305789246913 0.3520575815647099 
0.9428764106555574 0.20549782948379747 
0.8831465209387609 0.7456243694271325 
0.17130989039492228 0.7368423165433098 
0.7465786650048879 0.3746385883130272 
0.9681811709673096 0.4284917672781058 
0.9238555820915969 0.599786985633994 
0.28019484059858196 0.9798948924607327 
0.2943151996625728 0.40828243602499376 
0.9128918406297777 0.9233502404383 
0.9666026889861005 0.3585999146554527 
0.12368320582237291 0.407540715155068 
0.4101721596462616 0.7658119106324615 
0.7104266457447337 0.8572711164600875 
0.6351014423442274 0.13008147026197164 
0.2820429505309996 0.4847286501482145 
0.7553723350965822 0.18444400952357148 
0.31870571894799676 0.745271653521533 
0.23783948369871033 0.5298041505709349 
0.6239416221545668 0.30330039608722537 
0.6632146254447799 0.07827502863839464 
0.7964767242894282 0.6988283520172701 
0.8332608188303119 0.751530088068004 
0.37990202482698343 0.4809646288745584 
0.09190472069582095 0.9495052805178326 
0.14505462999064295 0.9138877416812292 
0.0386777067891087 0.48575867704626663 
0.4784995333918253 0.5862300168489973 
0.09451418191701855 0.6836633686527178 
0.6024198416512097 0.6749950681610803 
0.20052421095945516 0.9050226798546022 
0.2396534590388062 0.30822446490445854 
0.2216236458552443 0.6634006604865508 
0.7546617009783934 0.4006735833742064 
0.45353357347494516 0.34306966303723385 
0.368851342254675 0.8645157789888351 
0.3447559655060891 0.014807260163668234 
0.08935597048162669 0.00853905128583582 
0.4659587519937023 0.6850507701302097 
0.28317633718496515 0.7449452384440483 
0.03041852752393931 0.7236635538235333 
0.8680520187406806 0.5809830216656762 
0.32388165410991776 0.36998533035468306 
0.21772527082200516 0.9869385384757372 
0.3634539496326983 0.5192240210937042 
0.9239815898575354 0.7649268817568675 
0.5225640280606834 0.5519580135678939 
0.11567121347427406 0.3517825885325324 
0.06042434217680903 0.2738458793378521 
0.8733250052976042 0.989432750764879 
0.6279902208842154 0.4639585891453668 
0.9672369403737904 0.025099912286100645 
0.3405401387935363 0.7639680661947311 
0.2719155924331049 0.05017348903547203 
0.5898644074455435 0.34051806447457456 
0.8017995692040725 0.8660167249182138 
0.3978590178384569 0.5815156833145817 
0.10331480226256479 0.7267020476042467 
0.7576792958128367 0.2662610687851565 
0.9205681434124307 0.19059786880651525 
0.15620735279268544 0.39189166347821625 
0.9421447835566377 0.6989992321668157 
0.010740563544057946 0.1922263453950005 
0.5923360266209436 0.5442804149243541 
0.09628152205929896 0.18112087591609244 
0.6870090479398874 0.648947078229633 
0.7742354994150884 0.5179088668284382 
0.18189316440274267 0.11842932817845064 
0.10736690433644158 0.8339728706542893 
0.5458767939882921 0.5706452455828709 
0.13126514871233685 0.7635794507726629 
0.6898761075699227 0.5450981652538174 
0.5337260563999112 0.3265666962379658 
0.19912251108466367 0.180076897753626 
0.38304934439602684 0.10771512617523027 
0.9912891952169693 0.17044393555975584 
0.5331421479064312 0.9740695011709286 
0.5897530778400911 0.6125177234677401 
0.9182790401530501 0.6613638091773972 
0.911215751907185 0.4121661182304466 
0.7123460986128309 0.45097387356447993 
0.5034992297195984 0.3520727009228184 
0.31814973900784627 0.14886818305565497 
0.7093823456011203 0.10218743944313435 
0.27994785807519756 0.8619911930111801 
0.6681202365156158 0.6914584168902908 
0.923249807728209 0.29772620790021415 
0.32218859649487164 0.9648264194057332 
0.4194330197711452 0.6405404031096701 
0.2956160975270532 0.25384641848267203 
0.3844557736484393 0.23958086183601074 
0.7237184313202855 0.7523326357409692 
0.7688407781134021 0.6409309096671048 
0.9716459765037528 0.06704774152834508 
0.4194622372097149 0.36481563305784276 
0.5989224479494973 0.18104106686312776 
0.46817308869102414 0.12114797830023538 
0.9053869714279239 0.1444021712976456 
0.7014718474741022 0.4041018546214469 
0.8675393576556375 0.037803518145081594 
0.4364897854105467 0.16378526623405615 
0.9891812157883952 0.33582152925920883 
0.024458711234194186 0.5256182475370174 
0.09517991414602672 0.5212509018319833 
0.22892721928206017 0.829677935210295 
0.9028722988468197 0.6958808719150491 
0.7054351398920846 0.9032515567270456 
0.44756389990067363 0.02346653166120327 
0.30014503644345103 0.01965306381273052 
0.9514571027095735 0.5345671403633181 
0.6399467443546168 0.8835172262223394 
0.6936651921589828 0.2576978402837541 
0.6882540023322352 0.7443312298354804 
0.7866904492229265 0.9469454199572778 
0.8979529394222955 0.8104538819659217 
0.1559731558632501 0.9341595958885318 
0.5824899921154719 0.2149352766402831 
0.9318339411289418 0.5179311857912777 
0.035174566925826434 0.8123665353189073 
0.4853611304422678 0.20270010328184018 
0.4881678175186017 0.7672514668945005 
0.9078088084720806 0.3684164194442391 
0.7392126685673811 0.6808935671667532 
0.640080056161795 0.931987447125799 
0.44109600478563465 0.5990134191557899 
0.27903241024312936 0.5670479459671695 
0.09934791319292235 0.2407864139961804 
0.6861667048098037 0.8131913181707624 
0.3978302153078895 0.37972703209897635 
0.8674201734871685 0.8799818801196009 
0.168926397041811 0.6922942469979438 
0.06528233610286005 0.5560982023375451 
0.7926015757307072 0.8212539515283812 
0.2727877296092349 0.8097275427281491 
0.5734043620435122 0.07185977251317727 
0.3948916262795804 0.04417035847618461 
0.3265527590010804 0.8283784114170427 
0.9018209248748643 0.5947813147262149 
0.38624559749411125 0.6790905624522234 
0.9124880429996263 0.013659923450956457 
0.6201439740835658 0.15012632406061882 
0.8244459552368888 0.7834690084673968 
0.21494623784036448 0.4469432536222475 
0.2570233384301767 0.1790202658581389 
0.4207513456084158 0.27452267721976364 
0.5972411388778877 0.7570912367724565 
0.3392850400118569 0.9323338340748262 
0.6680297281140597 0.006172355428510912 
0.31014011540929626 0.6513768137941158 
0.399406177334141 0.9140601351656448 
0.5256211467480194 0.29906803467798637 
0.5036677066783198 0.6882462082004986 
0.847183864516454 0.2929073488097731 
0.6027835766298102 0.038062706520710754 
0.5982319366543639 0.26616827226155826 
0.5192177287657848 0.44315000399428134 
0.1221037787988864 0.49330870830082907 
0.5475689513214743 0.8046320648221579 
0.2860821766918118 0.11148365221333084 
0.8826136043034342 0.27438366413360005 
0.17249550375936806 0.32202126589779034 
0.1914474052607556 0.7902774353217041 
0.14981938340452766 0.12554172019855725 
0.020731629736724044 0.08323737584604946 
0.7775454913233396 0.4294380031780521 
0.42628218859972117 0.11595018484025166 
0.3920480439146715 0.20928245323337918 
0.20300336682720177 0.3868620845864433 
0.752501475003318 0.9348476147527238 
0.012710166763107544 0.36316234347953125 
0.4867843620791109 0.6301678648858908 
0.3603358912045034 0.587519495055804 
0.006526395842982091 0.6042250114195054 
0.21126949638160403 0.6829311865594754 
0.25137098914254774 0.6187881304200639 
0.9833607054445213 0.696006256228239 
0.40695406752223734 0.6933014069446 
0.6735138419150951 0.5520111985410412 
0.05383534000841789 0.14009839775395816 
0.9784933507690492 0.8046849075049355 
0.5059237895718993 0.5189678152800524 
0.11526152096577397 0.5728207135706408 
0.8453496582862925 0.33959460498345206 
0.44512179622881665 0.2542300811812027 
0.8303865653289597 0.6306253729821432 
0.8983281888652686 0.8599310307845165 
0.4759252197928143 0.43168602875263984 
0.8287899965721168 0.7126217265837634 
0.6579541278410912 0.40845947709805774 
0.5955012510054088 0.44000408205595826 
0.14360712283808375 0.7333461527206432 
0.5086942863719477 0.9526769460090363 
0.5764556452840692 0.9328806309873838 
0.6682493330212749 0.14630387273840811 
0.5329776549208707 0.7173358783268278 
0.05774711959878975 0.6579883047679282 
0.7432298310371473 0.5689859220609259 
0.10030458882539134 0.6316346624006455 
0.5094346616754715 0.8632904036238329 
0.7599354242820899 0.059872913990040966 
0.4168011953659077 0.8759667356779003 
0.7343831783633609 0.9805041869886999 
0.3059037301166128 0.8783599858859023 
0.8357078723783509 0.08310420958894627 
0.5702572289646649 0.5978865356180619 
0.00777216888744392 0.756832922600247 
0.3136188866756725 0.3405894279119295 
0.0831665106702949 0.05819143797230658 
0.07888745352770599 0.2058544216962509 
0.17762183182001007 0.529280572229953 
0.24136751463473705 0.7204536324551416 
0.6773547741319026 0.7764933039790181 
0.5515630100657021 0.25145885628694997 
0.3662057873994148 0.640410324259226 
0.9298965403949377 0.22765263181886847 
0.8727429742212356 0.6230245217141074 
0.930792099426015 0.11777525139764417 
0.7407275810177207 0.46233411843021915 
0.9230523745572334 0.8480391403032954 
0.9020460952450639 0.4428167495355108 
0.21868993547924848 0.5358906004266141 
0.7226731982463015 0.36764134281372485 
0.7686571909464881 0.8912105820238492 
0.7182219593378976 0.3366999644352284 
0.5774427075783691 0.3178778076903276 
0.35468531208072523 0.38898585841968675 
0.1726405705778935 0.9208195149725286 
0.2793333295920488 0.19687014347441173 
0.014483909485923097 0.9357718890651272 
0.1751458715176259 0.2611208617541383 
0.591804922011774 0.42076530636602055 
0.3700871534863135 0.20061690769452084 
0.013388419160585585 0.8317120459867813 
0.27295032485860027 0.9023442285227081 
0.7298880777275027 0.514625698593361 
0.25778873882877446 0.5795990004497199 
0.5230348153283223 0.46951060248998083 
0.5206514795831804 0.37175582659381295 
0.37673712963425465 0.3140327574557459 
0.22978572137168735 0.05132562535259261 
0.9027325506770953 0.3293430403045503 
0.2811445212805641 0.3389722224111579 
0.6507709140589834 0.7585459696069192 
0.975094920661195 0.5702052347695454 
0.24484512299556704 0.7786721966179707 
0.6691238113730023 0.2736332842871765 
0.6507869790007595 0.3408261635295139 
0.34616171295914266 0.7139841558385934 
0.13599305442046156 0.43352679111780057 
0.6168789163400943 0.36456538624514917 
0.21910230620191784 0.9166327281099896 
0.37652924052324693 0.9285466706627671 
0.15069770522257603 0.8889185417057166 
0.6245162653969045 0.04814670133037324 
0.12182999975319558 0.18603132143293033 
0.029441017091383137 0.27027440294978056 
0.15323243400548292 0.6068488206968266 
0.8439337623500063 0.8023552501904895 
0.7843931476293295 0.3316241505008739 
0.8136943281727662 0.3302405674370411 
0.43357869551417316 0.412523813430837 
0.5255684294908576 0.02229639270282069 
0.9682015692887586 0.16779878510140117 
0.983945023140773 0.5044675613217574 
0.5486531713839784 0.8901405510650575 
0.7697564433151896 0.7338812950045971 
0.8911161374638056 0.1781271616096463 
0.9500548914778993 0.9869230561910061 
0.6164855186164974 0.8804489510579068 
0.7277601910264264 0.8277040648894134 
0.16961990377110764 0.15160061808017178 
0.15101853634714946 0.013715088120723307 
0.6079639817878277 0.2870896604822964 
0.6347286153476377 0.5013699271233834 
0.41060977418745936 0.07827944993436414 
0.3678753308314494 0.5019262031626671 
0.9633541634674379 0.4567437568946537 
0.5112423202155143 0.6499684377009964 
0.47268026724191525 0.021789908382238266 
0.03498887092972269 0.5470724200702732 
0.8634542883708614 0.11291204740835536 
0.56082811033574 0.4455526130756431 
0.20864677343087917 0.6094339951399121 
0.8478044183087692 0.9363484092974977 
0.4593342172900847 0.4921828064786978 
0.4493667704120291 0.15009726247962907 
0.13772686586383248 0.7925300431014173 
0.49518590933617596 0.4470017740019225 
0.4594967893274168 0.5400945047050085 
0.30866781597285 0.8469625703920942 
0.2669045608743784 0.6304240436085401 
0.17986765612774314 0.462742052731951 
0.950667908609123 0.802158148731897 
0.539520901690571 0.20831218418565095 
0.11291873943625336 0.9283096360824663 
0.07451390337925268 0.34108139544450217 
0.5539807929209263 0.6643278963447077 
0.23469654649978622 0.14171810515121186 
0.9536309976339078 0.05382156731326132 
0.2431701381680924 0.49537050735694343 
0.2620095741811359 0.6680694288808874 
0.7426122108589275 0.6392735115301768 
0.4862995555303572 0.29953755866696863 
0.03914781617466773 0.005363229491434862 
0.6401475673717665 0.7324942914636537 
0.8385119889258811 0.4593789312836175 
0.21877139969866582 0.5637737056743338 
0.05216723494919839 0.787465663381721 
0.23415208978255236 0.8731128941327104 
0.2010178392087355 0.5822310830326589 
0.2141153481332771 0.9559729215360206 
0.7890022057786692 0.7603105015750813 
0.719626890878116 0.2003120964784218 
0.13470044519495755 0.8302101617840789 
0.31003709187974376 0.4428329037102639 
0.9258015194834659 0.9623764794941561 
0.007279302969755874 0.05354912728048561 
0.9617783897398349 0.9518249861167835 
0.8221994096577414 0.3792798187081304 
0.47793275136589797 0.8920054726092225 
0.3599359339815589 0.8471038778575923 
0.08085195979817833 0.8820302782319402 
0.4217000176438876 0.30246574537044624 
0.2378571367614089 0.4267572758339032 
0.037465501919363264 0.12736219583694242 
0.09836156334998042 0.1035757569812995 
0.7595630319166442 0.03929951952934313 
0.5427147829593483 0.7570060578966381 
0.8051760716277614 0.008315292089375759 
0.3748787108220393 0.9630576936809956 
0.5769893613492912 0.9751984945878611 
0.8794414298989559 0.9252994051171001 
0.7095542690182775 0.27115069314099705 
0.6221390199450334 0.581167697627915 
0.3406512294840306 0.5506218977309635 
0.16888555401207223 0.5540191651709856 
0.24175730035940524 0.028539368577145785 
0.1351405183460327 0.6421303351562309 
0.08985267372175876 0.4134098961695436 
0.4730938021809602 0.09426148148935137 
0.8074610399876488 0.26350870154262335 
0.3666635463646786 0.42720528986349143 
0.39805371701509756 0.7324088754489082 
0.06369637057469302 0.9689068842376325 
0.634643524962877 0.6897312745916071 
0.2569704267953641 0.48307318281241723 
0.8640453181500546 0.6482879106315305 
0.5679570277694457 0.14418176679497668 
0.7623143895857711 0.7041098998352722 
0.9431374862186229 0.8755483800396369 
0.567054096280635 0.48627230706689084 
0.23755935547102308 0.2809434206078616 
0.9325769018103596 0.5453458788446013 
0.6672681951762724 0.22867559819052052 
0.7057168670589234 0.9913394341863686 
0.9496039378400927 0.9027415634325318 
0.38260237468311725 0.5384823851464338 
0.8853806004131941 0.7802687336486163 
0.0546286549695143 0.05932213644563605 
0.009650575279173124 0.6645610872512142 
0.1382527937854029 0.03517840219389429 
0.7553159663183819 0.7781791115075383 
0.6436468463105568 0.2797229476690001 
0.5023743406001524 0.16455803898226246 
0.6717836713619458 0.35874005789685603 
0.791982739500636 0.9194235900301346 
0.27211781885693165 0.36500261668507583 
0.030073259277653697 0.15725445291717044 
0.8195322814657202 0.8686886036291179 
0.911783456694611 0.7239349936420861 
0.0406589546518798 0.6188677767056147 
0.2173162758129228 0.7588707876739285 
0.17412706763069458 0.030279233884346557 
0.9942574405409038 0.9800995683676228 
0.09651048880458069 0.7633301503696275 
0.4650574487650945 0.6647299369535584 
0.8522474264490858 0.5094455093430996 
0.822685660120988 0.5388491504737875 
0.956125963115686 0.6681304296702043 
0.8924574710793441 0.49072991911596514 
0.4227160163833297 0.9709870122754938 
0.5612579653797737 0.7593524510257867 
0.7912877368579899 0.060498685896358595 
0.2142243879081313 0.2241206161497042 
0.26030727684058214 0.30730353361236973 
0.4594640528884223 0.4396341901919853 
0.5097824253827716 0.11662908443565945 
0.7265927941921502 0.5919167611113247 
0.6634087539140834 0.37958593446606115 
0.367000574301658 0.12952105391136792 
0.7354729404815057 0.13253309993544987 
0.4013701161026931 0.4045365214570947 
0.7700190103982587 0.23211732557678433 
0.7509301987068281 0.314772918614848 
0.48266124012607287 0.8174484037891987 
0.6141541164962389 0.8229014298314343 
0.4347049380168264 0.932801880776549 
0.8895213269712674 0.07789663099848654 
0.86436601819109 0.7346647363241576 
0.08504436977086072 0.2873131639385288 
0.5829752279800452 0.7214251535739374 
0.6392966030290511 0.23745725849784183 
0.8366592295688138 0.4156970861596658 
0.5614860494744557 0.29606279505059874 
0.13889762646946113 0.5317985099476837 
0.3433774812430268 0.05660922379250227 
0.9615713237859438 0.7605066084518025 
0.5094019632228222 0.28363946844574406 
0.0506645561112668 0.5045108296754797 
0.754528484335306 0.6013412496555552 
0.46042716097019015 0.9202462772400726 
0.46695135247809116 0.37454590864614323 
0.9714924235267559 0.6433548557229354 
0.39855610956230647 0.8732828262856267 
0.8164117893724665 0.6947425535533435 
0.08021314780506467 0.24854595440795135 
0.8716380468246959 0.5655237529419959 
0.9609796496518186 0.08322611583435291 
0.7574630039311006 0.4579995221980779 
0.2873096019988849 0.6950092563857914 
0.09843503919926216 0.9780320773285407 
0.139201416986798 0.2927522296315281 
0.9380960642086087 0.3700402241300963 
0.32373034673486834 0.12716173876293263 
0.4498276699321306 0.7236572259824013 
0.2346785116783051 0.6300048219027363 
0.007788034690382195 0.4351842494893143 
0.04720219422613525 0.38911864063785345 
0.7581800650798691 0.8423774322928159 
0.9665102611169863 0.4011963365904378 
0.33862822597760167 0.30863383335112027 
0.9904175522431199 0.19509134550990836 
0.2655115085751445 0.5222874357364858 
0.17276886333359925 0.18210722473130514 
0.6679972161340793 0.8650508322989177 
0.19740059545582894 0.9802852305568233 
0.5337119133387579 0.14658502705765847 
0.975412398239611 0.1501744046766687 
0.5344052361729147 0.4073018456629716 
0.7033095507364094 0.47791034156660767 
0.18217168117147126 0.8803495367421907 
0.9529902492282252 0.7385748549893311 
0.9925965891813963 0.8849793573196829 
0.8851201140623597 0.5466483833752694 
0.5628005377707687 0.2117161029063433 
0.5123907530275005 0.23323281300067555 
0.26417322992219233 0.9491781884417798 
0.9165898792984895 0.27734629473433176 
0.8101210666311809 0.21163179211923983 
0.4652855483823872 0.2591138928220292 
0.009041618474699697 0.7308111998908569 
0.6129288825958655 0.12547086097841392 
0.5121154247840382 0.8946872499880829 
0.6688469751036714 0.6625341701846859 
0.5991204176621546 0.591255678348049 
0.2021600332462759 0.8125300270763265 
0.9491371982316084 0.29542589076618003 
0.15424830071665485 0.4824291793271912 
0.3876125473352664 0.7915198164965785 
0.35909171824365516 0.007161391846273568 
0.7282392672486571 0.9474189744901507 
0.8222776128654914 0.6033688527168807 
0.5552703430783185 0.5050261035181276 
0.3408624785523028 0.2732523959327573 
0.7195720911976254 0.6494749567101216 
0.2834651290979996 0.8345738007808323 
0.8333936165487532 0.012345518847701853 
0.6014810104636674 0.31562143043554713 
0.4941091228156999 0.41340471997772754 
0.3896515254156516 0.8502771129372367 
0.9203340181423204 0.10415345266419535 
0.6769258586478877 0.907010661780701 
0.43154390182320534 0.8484585367041391 
0.687883314799459 0.7254622192197779 
0.7643029553381432 0.29581649880745636 
0.8379930558204353 0.26414456882166226 
0.8252744365284754 0.3015905719689525 
0.6340636760976474 0.9566011604126492 
0.7236900208888499 0.691899485014783 
0.3016470152954758 0.47489533477028584 
0.3782286836474722 0.2869066667407773 
0.1883210451473255 0.6652371221038674 
0.07508107813132608 0.025240245381519144 
0.09080639506851806 0.564133301983172 
0.8021455391550156 0.5632397881475008 
0.9406805446101374 0.15992823521298827 
0.6001888067829076 0.6980980109907298 
0.19234610030098964 0.07407738728268137 
0.6516500938097138 0.5567920227294803 
0.6152587894296121 0.2223910259276593 
0.5196348438066947 0.6239276162773096 
0.395770939711113 0.16195281048389826 
0.752441806160592 0.742707646589263 
0.19329876770508247 0.3637386144900745 
0.21327839042741603 0.7392015239778371 
0.4589881568121246 0.20238635445461223 
0.2957337291580806 0.28737694764277866 
0.39359611001901895 0.32878703877585036 
0.6950368082839737 0.2347011524790084 
0.609846854874647 0.9827889758869786 
0.4337944287436061 0.06334034979129871 
0.7672444321602155 0.9500150519028392 
0.8708850147814597 0.8409160448057436 
0.1576903821120098 0.6526800784298349 
0.2501285830587455 0.4673297523380223 
0.23822074950610655 0.6766545050632345 
0.5813354276500096 0.9131093461510716 
0.6956689307939047 0.9622473037506329 
0.3073049576777195 0.565196714612557 
0.319499753527955 0.7129622213513244 
0.0550328651898539 0.2041677370368536 
0.6822627675029285 0.5963445874179099 
0.8192943154079128 0.23717082832957226 
0.31803526840499163 0.09560367652343471 
0.8583210653031712 0.675773570632849 
0.9214072330722453 0.13081024096407978 
0.11454769509884749 0.37916039233295984 
0.1678271990088102 0.07351662611682658 
0.011488175965872094 0.6388545557241374 
0.10624235458654546 0.33589237146167217 
0.3051295685303152 0.6728005847546463 
0.32335509460402934 0.8035595603866692 
0.7282576862131704 0.21832307130042578 
0.17394599830834756 0.36877972205574233 
0.9240816743835368 0.8003004258763287 
0.3697803985755086 0.1837590433081273 
0.27739378229006073 0.21563751498914313 
0.5926350421345215 0.09316439738828919 
0.14716391699791537 0.3583200971284688 
0.21723309946754804 0.15068966031376402 
0.8692639491134212 0.42405560746275 
0.5568804222298616 0.6180331740035833 
0.9906012387080679 0.2855460095741805 
0.5054289585719701 0.7464601025580038 
0.8885665815967664 0.38197057337639007 
0.640490218747095 0.18228249798353768 
0.9622405954442901 0.2568586053531633 
0.9905390025345173 0.676535508828726 
0.7590296150140794 0.5063761257106134 
0.994447743345367 0.5706685982842283 
0.2910914089627833 0.38506930011683027 
0.5899639394700437 0.46740586582508636 
0.6691658041127687 0.9746041572470088 
0.7076832983542719 0.060682841233385576 
0.5220740832060805 0.04265605335893069 
0.7213279686533338 0.1587750073603797 
0.13059224346358284 0.66480868169566 
0.5508006769144932 0.8394716101107145 
0.5025870127677103 0.18459446809797408 
0.03563819310281707 0.671147899301919 
0.7137133163162963 0.7335090789131649 
0.8087436057333584 0.48501339442170954 
0.936794578001854 0.018759801507050367 
0.28502249751809894 0.938080269075543 
0.12844218665063994 0.9356619954897667 
0.15723826626359222 0.219591204983062 
0.6909112575453542 0.09578372305082816 
0.1842273348386727 0.42719883888492155 
0.6307496230030862 0.11297732773863972 
0.3511354431224585 0.9740459108073558 
0.8971834030461232 0.9877228553271895 
0.5018406955970973 0.5430921318030598 
0.8663980315563509 0.29550880970703414 
0.33786166431662124 0.596108751952468 
0.9416039675267203 0.589321538074238 
0.6890151370411118 0.41522820467181026 
0.5460186723945811 0.08260827462054438 
0.526677698101148 0.5822627329050825 
0.6897972947585013 0.158899029906171 
0.4928925285872997 0.5648546335416248 
0.11195829911442468 0.46109465635546615 
0.9601582880371025 0.21328366537232396 
0.23323055345354532 0.11656604235705503 
0.4421596823576851 0.620636312999287 
0.9167296981678937 0.5380960537199201 
0.4034137944535782 0.1103638096180678 
0.6170092362433195 0.3872903554371516 
0.8190395624595943 0.7363874110688353 
0.34051319157234006 0.4990091726740341 
0.36555344802860945 0.24379946517851592 
0.700719161156841 0.35943914711034153 
0.7332669941967207 0.010983491035317927 
0.1365562332085079 0.5685272576717668 
0.012150201633606639 0.48594437141982716 
0.6681173156484814 0.18509036127059592 
0.061195121572312494 0.58360508236617 
0.33351857772932536 0.694605863685223 
0.2117024331295651 0.6458345435563039 
0.06165580732122272 0.9246270636660603 
0.008318352038830468 0.34502165818470504 
0.993052923629985 0.5217938325517256 
0.9343850788076999 0.07054437789155849 
0.15134339543988395 0.9604574959278289 
0.29039740050743984 0.5180439907018589 
0.3826782574667149 0.7430576453835627 
0.34709239243243045 0.900650092248156 
0.0882816939554823 0.8430579610990339 
0.372007377185926 0.03399757070429671 
0.407807319810024 0.46561404311552146 
0.5445519266670927 0.5489673908119012 
0.8245313786365742 0.8437771715350194 
0.12979053984147526 0.24574194481142048 
0.044689125893145665 0.8620963635314214 
0.6877908061496559 0.3006233158776122 
0.9005136240834206 0.6421160634158591 
0.47192774551582 0.5211200828448396 
0.02561061017157662 0.40405890562073365 
0.6917736904289745 0.6719538391828503 
0.412932522605027 0.19587462841417824 
0.907643534262917 0.744313787654336 
0.5808834347973966 0.5638203963930802 
0.15557839287864744 0.7148171869457999 
0.40800728935907854 0.5077695878135147 
0.03840677719126201 0.4496910313033441 
0.5637191575347552 0.016884139818072685 
0.043139568752259716 0.22288949426212812 
0.905461302042589 0.9385724716926391 
0.43564498060130086 0.6448628029470334 
0.4715038873861976 0.24059450827171447 
0.12502748810098124 0.9052066461964176 
0.23399085109403683 0.2252742016467868 
0.1915435300150526 0.9310590697016419 
0.45632065994398374 0.46427108892446706 
0.039349063641997084 0.17640413357477203 
0.7771532307198716 0.4980332107823181 
0.14807694490584272 0.2702636227095519 
0.3037188875435778 0.9332403706237105 
0.5096769916254635 0.08234286045965744 
0.7629979723100642 0.16292758281922642 
0.35504233391836054 0.7835812217189049 
0.27546236568457505 0.1614949200597252 
0.21069531506828987 0.09543885007857078 
0.00805832038980464 0.8871335399344645 
0.9903943196361864 0.4104511215710258 
0.9049213863971525 0.519747361610126 
0.7828576596582244 0.21813439412641494 
0.545865947045699 0.9184746052720622 
0.14874585419683412 0.14733965322139886 
0.720490112438154 0.9229157561741022 
0.647075307808416 0.8099770938104165 
0.05006210111030174 0.1045184880596064 
0.3161270445695926 0.20944274416508335 
0.43638066321945984 0.32341096802004476 
0.7769180050583413 0.44971586923507884 
0.4842321062033694 0.8592907697394854 
0.2888298655902295 0.05614928252552143 
0.43411302524392337 0.39291422762982503 
0.2085292191475835 0.8610275017110196 
0.14111923789100395 0.05720900525588518 
0.12554205980089828 0.8529572343987952 
0.9885481340400457 0.7641858656087286 
0.2818628013140113 0.7724164297086838 
0.2760374455324708 0.2756585387746948 
0.6762173656082 0.4838807587618277 
0.6834690803111606 0.6333507012595825 
0.2657410694416933 0.7456558654637575 
0.01282605204942222 0.1729763252489676 
0.5280030497652745 0.8154481388590507 
0.7024735290823343 0.81086651924382 
0.37442319602996615 0.8192279010444384 
0.06506066726388643 0.8294796554632651 
0.8060483333521484 0.9306952009411473 
0.22470128886310592 0.07513148428167415 
0.505069101718183 0.9866136721707153 
0.10885265033934094 0.7791083975976695 
0.35847423613026097 0.667285635079091 
0.1003594461599095 0.8083644650874502 
0.9000737492477235 0.5743233756577695 
0.5155406871060835 0.7787709017437487 
0.620150359140024 0.4858301347471411 
0.929684691441254 0.643230028838779 
0.0044358195728813055 0.008156214998133904 
0.5939399379845055 0.11801509332601962 
0.8498574892983006 0.14687867169974933 
0.3703794686702007 0.07828646281721191 
0.6381704849420028 0.39304886863181215 
0.8654713812517412 0.4697003772934628 
0.04915816339765561 0.9930441614401257 
0.2983347871055354 0.5843964360495055 
0.7054481869427118 0.7055347889406055 
0.3710393954444737 0.36604427227053127 
0.8380210023982397 0.5810235364163843 
0.3559340105979033 0.9210303278936882 
0.4218708967261167 0.8311973242010406 
0.7568159921669007 0.5283053861258101 
0.09627573277579177 0.2188768375720006 
0.06006878675545502 0.4199054151208267 
0.5005019762495629 0.4893035416493524 
0.9939913310694394 0.06547917905429074 
0.4733342657279098 0.7933072646718193 
0.03083021918188472 0.8930884124761065 
0.9232006435263944 0.4407015671550628 
0.16831393485557705 0.6281109019383493 
0.3375006905846435 0.5268692312417129 
0.07994965970277229 0.08472324776889123 
0.08534660903448837 0.721313980520029 
0.06620162700853494 0.7869405560514449 
0.7945681447842466 0.10677136219436234 
0.7721525292110578 0.6800651350101713 
0.06882927873080852 0.6148155055917122 
0.817884539080519 0.9645183719169799 
0.6398554878323477 0.9131540497404335 
0.06737430103300679 0.36052196403063874 
0.5358580582419691 0.25994445314450293 
0.9463920801947454 0.5626172268798136 
0.009628561889140186 0.24721369426294898 
0.1698221879322413 0.5814110368577413 
0.9429901691979155 0.8431334955802468 
0.3461228248211927 0.43518804369310493 
0.3495963193275691 0.3394985254606983 
0.6047663499457305 0.8992126930213706 
0.39645697067300256 0.9928979610296852 
0.9874674298132233 0.7195831192124383 
0.5366604355644957 0.857332147245935 
0.8751023306491906 0.2545260768881822 
0.4215969669127518 0.25247121133000494 
0.5957550667355771 0.8476206678596394 
0.10625772266192335 0.672227852059711 
0.8304057036581505 0.3671195463428556 
0.6860202434697734 0.7888072494582178 
0.11733011615713818 0.6205831949323761 
0.7082309762208944 0.43405341439864376 
0.847372028657158 0.4847801412487778 
0.0016993566902974155 0.9818422737950115 
0.5653344620066634 0.38635220085538213 
0.03157506341557237 0.060926757339202164 
0.07916331463324255 0.4359602559224563 
0.419023576565503 0.16268933099723965 
0.0495516141654575 0.7343125471440384 
0.12083202956743949 0.010352962010872269 
0.6161093536560956 0.4213065823758693 
0.43192418123005094 0.583973502204227 
0.5454207813142293 0.1326662290753185 
0.4171396099499319 0.6627056230153235 
0.22285503514039867 0.031005053496237667 
0.40250972014515735 0.6254263893053491 
0.36689370886313066 0.8821068618757875 
0.12671712213932634 0.7115833746912182 
0.5445654785205366 0.046315248885011207 
0.08244958658860224 0.466870248989375 
0.6234760186440615 0.6718350330741009 
0.2788717633267029 0.4022843074785431 
0.7800867749666676 0.27734046003668894 
0.697016483450434 0.00979921082862939 
0.7043948684812292 0.8755922037103012 
0.9668247342256224 0.6033175851035073 
0.9032117030115303 0.24839918323675592 
0.21394319045270582 0.29631074084302655 
0.9634153541799868 0.8722192723355189 
0.7692120716673654 0.8224041633034445 
0.09894877736705127 0.4963220972583247 
0.9751661870513968 0.5570589927124198 
0.7572333122134003 0.5477043343978832 
0.27453686543332734 0.9225381585530743 
0.4279302582854394 0.8036856107953068 
0.4362203072084309 0.7589391273205959 
0.613985097519565 0.008750951207835311 
0.39677106822398023 0.5648745637966495 
0.09288005985344994 0.13557862999513187 
0.7186574902837692 0.4709498232834951 
0.5288123383300076 0.7374940461842103 
0.568431613691723 0.4623874903077241 
0.4964033561082774 0.0663250940181041 
0.4543602552456194 0.9859946057288052 
0.029140172433278322 0.019963718392095264 
0.8536315642202748 0.3687873072685698 
0.9887867513679729 0.4410869410823922 
0.389568715125907 0.44663101251132487 
0.47365626104145536 0.6089655805096776 
0.7393588687499899 0.6646900828174918 
0.5787427098299671 0.9938980243837632 
0.33238558704213145 0.17362692154296877 
0.741704182349489 0.20614396352016812 
0.8516603479218311 0.8320455816974806 
0.6776033110174495 0.02180870220893638 
0.16883069491073066 0.2369832058034157 
0.5242485499424883 0.9352127871380369 
0.10883302077021378 0.9460980942903838 
0.8769089048716416 0.6931361081380993 
0.5619257580093509 0.9534984711636314 
0.775578320986682 0.11172807608315055 
0.8994393984133279 0.09652424794429204 
0.6384987629228834 0.4507575625885425 
0.1842261358971955 0.10086985224705414 
0.7442240277025697 0.8103243706094818 
0.13137130150625437 0.3314875329118775 
0.4441218017954371 0.7002625179861839 
0.6208784371985336 0.7850156082725632 
0.17685691412628446 0.8576289412001143 
0.8318819310164924 0.3233883056466985 
0.057147015766725984 0.006824835501136217 
0.7774836521419954 0.40320137907861586 
0.035265340913958665 0.3102491722083902 
0.4526973909967697 0.06727117737730903 
0.6379231434429855 0.652328799382409 
0.9067237713872507 0.4745114728889327 
0.7314689669889415 0.5574287704331298 
0.8745462719389888 0.49716609444701265 
0.4811217394703701 0.7405828186099283 
0.5758473140678035 0.17893443613214094 
0.7507282448185653 0.2470326167468156 
0.22899841019141703 0.24136015282680473 
0.41387102640472173 0.7849332810942335 
0.2425906198114579 0.5702790312756926 
0.43826822990472614 0.3540438626149023 
0.729913084918729 0.17952707184218675 
0.8282703985708353 0.8838479585201133 
0.3910575416278794 0.9520014871554241 
0.3632430085980096 0.09967590634247786 
0.8020281054968456 0.799781971573245 
0.4347702050857112 0.2970421669805571 
0.5749304013327474 0.27695699021739517 
0.31220278094488846 0.07836985689882076 
0.3519686476825058 0.4804543105866621 
0.1270670154572056 0.16499587679176886 
0.293635090693598 0.9951885189388783 
0.15478130799560819 0.7945979478172982 
0.6553312464576881 0.1312348200130513 
0.10905733603977719 0.11893931456687068 
0.8662626145309198 0.8597309192113203 
0.43389818472984665 0.09449654911640892 
0.45459767140648877 0.5830049388135629 
0.6341791508651298 0.6233243366096182 
0.2626076190096661 0.0625627332877231 
0.6349789981920484 0.8513779157103045 
0.8136792751443149 0.351388062845465 
0.6383615990341924 0.1559900428507967 
0.03220926986718209 0.565068568099589 
0.016260623898463 0.29367702766250425 
0.841535491163009 0.11780762794945587 
0.1332448906964347 0.1079876132470724 
0.010363214214687666 0.5511075648611206 
0.6575356400966375 0.2106685886475404 
0.17732081492867474 0.5025119231668602 
0.24282948548271843 0.3316709678972949 
0.006845013424046864 0.38620247328054214 
0.2202732802237175 0.314186575894216 
0.7525350326460862 0.876050368253056 
0.5851002940976255 0.6638989744856405 
0.929440026956524 0.4640423160633725 
0.6656662695381913 0.4638816223577111 
0.08512539141151082 0.9260125076900798 
0.6528857144182195 0.9926841450487897 
0.41240839683472685 0.03906221033140539 
0.8011752205080482 0.7234084355466881 
0.9099811872340895 0.38621403983236247 
0.8099494240638279 0.08056200195112073 
0.37762096446643456 0.2224300276772157 
0.11382099966849196 0.5144813445953038 
0.6726881414895461 0.9403733634768308 
0.852486415402331 0.9950582734568909 
0.035105200169285644 0.08912728503936229 
0.8525799131449592 0.5620945635423937 
0.09746956090700348 0.6085568647517341 
0.3489764469299092 0.8728921641520904 
0.8275552975250562 0.6829285097872366 
0.7573829037424706 0.5848802794867779 
0.9852265255870296 0.8444416305852587 
0.9001874514058228 0.6601530697577308 
0.14914572714836655 0.3117784809115283 
0.36657895656705786 0.7244460059342838 
0.3229624126453415 0.6337314461361377 
0.5212270556584051 0.2057855010543881 
0.8680934584041401 0.9647580935908254 
0.22029909860205055 0.39476283653304056 
0.8406817493374388 0.0664138927834918 
0.40161127818704756 0.3000977334076945 
0.2997522046115094 0.7890392589624533 
0.21841671926336248 0.7062095858388258 
0.6759286529469366 0.3976081490364096 
0.5748618850193226 0.7438324731784483 
0.9907514392140153 0.9118436862150109 
0.6541313844981689 0.6435371595564122 
0.334152330763965 0.3496803064013956 
0.9127209336633927 0.875321520730762 
0.12597658913834525 0.07975234229868072 
0.19096698987617627 0.16325666448342369 
0.03599693199639564 0.9384693591526685 
0.7816475049576728 0.7816284596561998 
0.6881118737947192 0.8476650484237094 
0.4322280855060455 0.5423142219850502 
0.21965071526541502 0.505811084439667 
0.8287386492654293 0.18864857453071016 
0.6686661181833757 0.057153055640471684 
0.28388245416497215 0.00791196158894436 
0.3715911618912612 0.7105460951083726 
0.7551042245796517 0.14112637149967278 
0.957294452368023 0.1339057715215986 
0.19760695369828618 0.45288147613738705 
0.6252118846485656 0.4404348337018913 
0.23695551568629802 0.812918016734899 
0.4244470817004085 0.5119108388000271 
0.7665862057475741 0.3815747322349742 
0.9751282875787541 0.378691031577049 
0.8172634331527086 0.04571678201667556 
0.5078078823183549 0.2081505685599634 
0.7300796797007804 0.8377958948200669 
0.3873771519481906 0.5162200962082787 
0.6508460245879899 0.25634385156652206 
0.5521750754503452 0.32106766429615696 
0.07244655058567911 0.5086739971355008 
0.568510034240977 0.6275874803786827 
0.35092147860041933 0.6071773215701406 
0.420409307399126 0.7095330818358269 
0.7903394756219893 0.8822471848188942 
0.0779712927017367 0.6651114305184793 
0.9156225540605358 0.31099551914713974 
0.08654520929092568 0.995185269406847 
0.5424004024705379 0.3764344311373741 
0.4578719362270848 0.31390669880324873 
0.43967904723878487 0.8765261647552396 
0.07831457258740543 0.8982846861923917 
0.09457109987316503 0.041893149360435755 
0.9951973242062309 0.041283927736584625 
0.08520393244535696 0.5408788176178564 
0.36930735241608004 0.7579937490046573 
0.0536487319629147 0.24075171356732739 
0.00890227431576518 0.7077357806381666 
0.27656629990754134 0.6502508649589989 
0.3456752589322908 0.4060885696302435 
0.850374549827331 0.639016789152642 
0.9480588741346261 0.23890162578893215 
0.261255926264177 0.7675562604463624 
0.061124658532357046 0.18801529314225224 
0.191909471074797 0.2023108628921969 
0.5197032949203008 0.39086068849409106 
0.33776632283231134 0.10633465873036102 
0.15043288864402815 0.7702181871527594 
0.2991675665558424 0.7484297855832032 
0.09601369752411809 0.8642925069668908 
0.040281601435789016 0.5239805263414048 
0.23265478241739007 0.008416402338508377 
0.26157727824585697 0.7066382543168102 
0.2848813199080639 0.310696815876624 
0.7156721201901646 0.4926724249882124 
0.731713459772792 0.40475757864944256 
0.5950655132744517 0.6483408907185968 
0.34718403529213865 0.36918918745335333 
0.8833948269993654 0.1646486498115871 
0.9578557757104238 0.10190868494780997 
0.3503006720992212 0.03979214989574498 
0.31466789743686674 0.4094375683391834 
0.7274045286806525 0.10190282040552395 
0.8763286051684646 0.13062877188861588 
0.8040758660117813 0.9925657321849066 
0.8016230173776608 0.28575144512783346 
0.6262258954057018 0.28185304620472185 
0.9906969413830226 0.6563195606293708 
0.867743401677515 0.0652231819555944 
0.3078919732718888 0.37605679951494386 
0.19259102879523177 0.26983996158657086 
0.5990446263338973 0.1666782040292411 
0.19529838807511596 0.5295462624021688 
0.6959312477127798 0.3323284589464654 
0.9714309447263054 0.5287352217263311 
0.7754274951231056 0.010712317674112293 
0.9457022842448826 0.5002127720030679 
0.43126191054848756 0.9914026638676092 
0.21366457882996776 0.18962011352893204 
0.40608799898243414 0.5946119946964679 
0.7304820524339641 0.0579756762507867 
0.17923935803268742 0.7981282836225565 
0.2578834897715657 0.2887746505209824 
0.8461104640288799 0.048122745064128336 
0.13033466329875515 0.4488974371076617 
0.5405629375397939 0.6982550718916851 
0.0073640979841569365 0.9520941099529248 
0.0532194644725042 0.6374723774147483 
0.7850827929782604 0.5563446684719193 
0.6548887454602141 0.5440167197087439 
0.9349224279970338 0.4249789288552409 
0.12717285489887686 0.7371036750080739 
0.5693101051387215 0.5611040115982531 
0.6131159795013417 0.7389146203973768 
0.32352465134831565 0.7778389658075904 
0.9690705253940988 0.30009465024822635 
0.8774606411685613 0.2373480820161903 
0.6270053280749889 0.3239687926892185 
0.48973384690647764 0.1042661675813944 
0.4912207100619732 0.6982601449596737 
0.7476050991029202 0.09688781327358809 
0.7447370020994047 0.4142211942456357 
0.7569068384163709 0.9181674017615271 
0.23941199489586307 0.4004272697072468 
0.11197535464135455 0.9670887082406489 
0.39321665704155717 0.25984144889933036 
0.08274876635703193 0.7686502544131182 
0.13375951930435248 0.1888401628300565 
0.8979354971037845 0.40328888587242134 
0.44783011440622983 0.006913958116445185 
0.45938748152325354 0.17028475169378904 
0.9448933591316209 0.7598437905146338 
0.8358860832479165 0.6091218314668221 
0.9027297752736255 0.19927075152369195 
0.29745658665862 0.7223746734202903 
0.4846185569052625 0.27863013112440466 
0.8917316645532504 0.030651023767414798 
0.5456949474848927 0.1627438763218365 
0.9789673676694662 0.949916904514218 
0.2895204668188497 0.08779207944904432 
0.6193961725477258 0.09080335145401564 
0.7392312413816944 0.9926960048181891 
0.5366660725216272 0.49893834080286864 
0.9906837191623921 0.4831101366459416 
0.7378381249198425 0.35515417070203525 
0.7664457451413427 0.3250585761799789 
0.77642831660872 0.17221518585624074 
0.30420330204663254 0.42640367748538743 
0.5741263121339988 0.25215425185164253 
0.6638690517685846 0.920943988278301 
0.41540672773407245 0.43765974547058645 
0.3666059029134497 0.8315727852320116 
0.7591068886930741 0.9765336450492911 
0.48707824347434575 0.902866059325915 
0.8907980471674873 0.8787409320962364 
0.9395826498913082 0.26743330616388306 
0.26185763431326625 0.4421291001571828 
0.008648873439144777 0.804645719595073 
0.621181087546675 0.6038069229681271 
0.5573367763535039 0.23553367882812992 
0.8426117998546095 0.7801583606845931 
0.9952237892824749 0.7916640884529287 
0.15163072902699531 0.6780549084444195 
0.47008563588386626 0.04217934768566273 
0.9909598209026027 0.23823353728309027 
0.2346632624833208 0.9672161466595788 
0.6220444112853094 0.19679560327751722 
0.09505655360770499 0.35664267660374194 
0.3233119619949337 0.5534867875930406 
0.742470095402724 0.7935461567584152 
0.2220426047835532 0.20701677682388342 
0.904674806231184 0.7618686709424347 
0.5779014843149165 0.052265446710903496 
0.42987315763432 0.21525448801386293 
0.5103743539856308 0.8339726423775602 
0.09974771107947433 0.2016771086804069 
0.1778743783895747 0.304881131395788 
0.9916173393105372 0.741501556941254 
0.604965813871917 0.5239415988887552 
0.565077542402818 0.8805186034248236 
0.7427571870566168 0.7055908723619752 
0.6255773585247381 0.5346668039761499 
0.5097740580976287 0.916916533423761 
0.3423334683815029 0.2279234410119088 
0.026613857097113447 0.3792805305275291 
0.3855931033364506 0.05913086750403368 
0.4181462484877629 0.34181997472366554 
0.9666090244403855 0.7280276784378382 
0.5392476453065089 0.523795707947073 
0.025510284885266965 0.6062310037261815 
0.46651824327301816 0.7670747108739968 
0.27865807932199893 0.23076111980953468 
0.49588140890044596 0.22244690379961723 
0.6937774718831611 0.11994469972987876 
0.9128272894563391 0.17037415015007884 
0.6834675891770652 0.5738366356371406 
0.6982382538035934 0.7621889427236185 
0.9413607564310164 0.8192893836865756 
0.31240451124512775 0.8925878365528638 
0.5434299684349871 0.4230994424583502 
0.7799143025156194 0.13789380682235514 
0.01654962177766056 0.12611488557050243 
0.9533208143367835 0.9356828390034215 
0.38211243876757295 0.5856575207745953 
0.4767561461746921 0.5637538518751674 
0.6509923807682433 0.7009052448753078 
0.19394185103172484 0.405002401770079 
0.6827666578698279 0.21273655687038012 
0.6742786099725725 0.7594065271846022 
0.8841445677170712 0.005889334283801562 
0.8681894438657181 0.4427943198402234 
0.14809344244224815 0.41272576195896155 
0.22096820016080093 0.3370412543168373 
0.0439786293799615 0.07326097697097267 
0.6142436966702877 0.25235158784949024 
0.3538584663442607 0.568107907851747 
0.6800500515920974 0.0688633263132391 
0.06859674199316612 0.6937989572291661 
0.2791139997577549 0.5466395983694431 
0.17785122715742807 0.3835686924393074 
0.5180707322528688 0.6949353851444398 
0.7989226953743029 0.9634498476102287 
0.4082182612894811 0.8951370351396444 
0.8585208278641103 0.9484065278464835 
0.4481227721065432 0.799087430054411 
0.4949870259295288 0.13353714369049974 
0.0037562374546498134 0.0879786600211227 
0.9320956895241479 0.8995673863467706 
0.8763128375326784 0.8008874015181583 
0.4369248605136043 0.7364034777969373 
0.2594858297655372 0.9939187463420422 
0.5444658784598627 0.18859594624736992 
0.7753773301870164 0.6200203432121195 
0.7899785972301371 0.5996344944008148 
0.1717462482826238 0.8405429984526354 
0.22606746670823763 0.9004851337642739 
0.16882619941961396 0.008766123323680375 
0.9063383846899347 0.961118612467777 
0.007041501531397043 0.21986910472003318 
0.1197832027497655 0.29705415650866596 
0.7948607755012957 0.8475409727034009 
0.7116153945776817 0.4054817160257145 
0.053430033869472204 0.8842009932082195 
0.6661969270517163 0.6189526739151382 
0.8990775935445283 0.6278098764090911 
0.455945193008181 0.8247143864634856 
0.3474619404654101 0.08082286632578034 
0.6686752078026967 0.5080201127528612 
0.24139631609631995 0.4478198675863211 
0.0855986744537206 0.9641070414757018 
0.1354200398769892 0.5103947502620397 
0.6592650947777674 0.736989125748643 
0.6990684096357663 0.5272061640586878 
0.8025016767874713 0.3837518729346815 
0.44700845053318045 0.27470274037231124 
0.9552628492452888 0.4719025440149668 
0.3688442272919549 0.16059043883692314 
0.16857602847606473 0.1317658543530683 
0.38996228218106865 0.6406507484087509 
0.18738864974468883 0.7234593256270266 
0.5398883186664715 0.4474005327968438 
0.2607264371725785 0.21141107025954753 
0.5824145604443342 0.701587067668527 
0.7019420735412727 0.6252853507087761 
0.4984687839635439 0.04109221771389504 
0.6870157768799836 0.4403384822236194 
0.39250835554587854 0.7695348492188276 
0.9361126766864778 0.7397058350354797 
0.10933567901880581 0.1531631213103361 
0.5249000042070143 0.48635831990198813 
0.7422006154219055 0.33312785527824396 
0.3245738346439877 0.9287592791631358 
0.9581943824499743 0.009251222324602015 
0.22390841282393842 0.6190495817764391 
0.06118465139204948 0.4880432710180134 
0.7182995680365085 0.8021011268036498 
0.5777031290638139 0.5153890489117937 
0.8034109107851556 0.16239375455238048 
0.2156403519505955 0.9381189916564951 
0.3176274607238285 0.5976352978337006 
0.8678117134536627 0.2118039521558852 
0.9202501581876277 0.3346279346567941 
0.4640434823372127 0.9726872147437138 
0.30298952918526223 0.8623902402950773 
0.08649450329062497 0.6476399901134268 
0.6395631316502468 0.5794427009447225 
0.6664807323218204 0.33116621133559976 
0.48390181304352214 0.6735799334731651 
0.07139736511103206 0.2998631340025286 
0.845052472519864 0.6918289989468284 
0.9071650672158187 0.05088165613285622 
0.27353958492964336 0.25051730343758133 
0.7041867812665321 0.1690354758221837 
0.13134574738148608 0.6904117542491238 
0.8216343658988854 0.6582729520556463 
0.1874194156848556 0.699481473805406 
0.3453210456445759 0.13677453943839812 
0.1852940648964022 0.909099546162415 
0.1436847770212651 0.9855790046166775 
0.9867577578352635 0.21604417086697641 
0.7798015338972657 0.46322003127811484 
0.4271244447125081 0.01577722184287156 
0.6450967543204746 0.08927681934588794 
0.2782597081253525 0.033758493992369576 
0.184924540541113 0.04551932279485482 
0.3258514806284183 0.061259495463485414 
0.364422857516312 0.618230651178887 
0.4901703750089714 0.2585936124940026 
0.05479200461600786 0.8455709981784651 
0.8474705564751688 0.03551688824538213 
0.4758645136216432 0.3979012420288296 
0.8248596173340572 0.4253306859416742 
0.11839005797544877 0.7908174086721584 
0.31246566793823505 0.00687283166596675 
0.1935129480699158 0.9931373046783167 
0.42193074998712016 0.9414866178725029 
0.5121211845707226 0.5725872536486175 
0.33415006297175087 0.44750636371517233 
0.8504432457948432 0.7229782716484752 
0.12863512521103693 0.5915389710195433 
0.6027087688222882 0.9632011103058682 
0.8615875853594408 0.40441693169597925 
0.4023564347833464 0.549229807807675 
0.6605413149615771 0.5694247248077207 
0.4027959465951101 0.13977571419025797 
0.45238424341987904 0.5617474735155636 
0.5454686490970915 0.005059746497094786 
0.4486434273488725 0.8577713700817409 
0.875144558172188 0.3578812186278314 
0.8781105772289763 0.60221200667101 
0.26151440368173035 0.8518761578692231 
0.3214425036275057 0.04026013360798558 
0.5647434753960907 0.8552435880522717 
0.08659835571505275 0.7417570184087199 
0.5041972394963116 0.8133019552911742 
0.406693707283373 0.42222885688941714 
0.07315514959022851 0.15495500830619324 
0.8113342906019815 0.6411518596401095 
0.5479334627038797 0.6007743098307111 
0.466101814446508 0.14298446696305872 
0.19546136641728695 0.34474107003665466 
0.06127537902076591 0.7587583114104962 
0.2598544211695676 0.09945363374357208 
0.7423675922190502 0.06719741295891707 
0.322396075826321 0.30143025611609187 
0.30093387183189196 0.19984110033373415 
0.5444441095808642 0.30380026281125244 
0.23243702041595482 0.2536659986602693 
0.490573573423248 0.6447133079170956 
0.2527375075266165 0.8065050252158567 
0.4052576010117303 0.8094982133218531 
0.4027227380997338 0.7099644102130125 
0.5011250714324293 0.7250003244592568 
0.7291043636518486 0.03267781238188616 
0.8079416521243035 0.4315892098412044 
0.8229858079835219 0.12867542240468244 
0.8577039354085694 0.5973950422293959 
0.5843624131028531 0.38709294795095783 
0.3012185791453055 0.3273076310157791 
0.9477480618346836 0.3946011688990156 
0.5224824832165833 0.9650035511558437 
0.4841690803300554 0.07438873050425665 
0.05199733826775699 0.5959427843047579 
0.41136685837588 0.7483631305731993 
0.43254586548785134 0.03747311595733305 
0.569235921187827 0.8039034250949265 
0.7204054406360516 0.5345095602655157 
0.8774272769361549 0.9388763263554981 
0.44558373512366706 0.5184035048781275 
0.4878020156375376 0.5370954883017528 
0.9211721263588836 0.6793163383185405 
0.6139696246617234 0.06239512794592206 
0.15833565054438137 0.3429996909925941 
0.0864435097049957 0.38088046371866585 
0.7133344163920855 0.12577624838359985 
0.4427373477334279 0.4826208080726491 
0.428932411416508 0.18293407080367646 
0.8637872241636791 0.5247297627932296 
0.8048823148184844 0.5268767418736875 
0.7219872803802683 0.24192820166556145 
0.9477032699497244 0.33244555581331126 
0.3182194771655843 0.26263484572312656 
0.8866311073507741 0.10342856975825193 
0.19792222375844615 0.6225596014575154 
0.6486413000952036 0.016668832611400508 
0.8773210777125416 0.33181392763050843 
0.8737370447000432 0.9020636784829029 
0.2692355579443793 0.4632398706030608 
0.9664915172999735 0.8217929549197467 
0.07521556101330856 0.9462422090957843 
0.8241286199794311 0.5711429119411201 
0.7883915722143211 0.9932978630251756 
0.2510664840686918 0.5438558211199099 
0.1083696058035521 0.4279645878768369 
0.7532099227425397 0.2825305354358107 
0.9878959015655359 0.5940413465990444 
0.24573167797485979 0.6475394220072639 
0.3769858278735064 0.3796011324983257 
0.949148438282553 0.19107085560427112 
0.46026210728340733 0.8907473528962229 
0.025391844286016152 0.7014204157492765 
0.20190365460320348 0.23839866701823897 
0.6485063075381443 0.3187982909324907 
0.8859028246160969 0.7238121517507399 
0.6518853340699151 0.49554187967364366 
0.6688749895601801 0.8887623987208404 
0.5886513367574988 0.7712814655232567 
0.9929720441126102 0.9451682116014336 
0.529006893956509 0.9945048424586873 
0.570945530802905 0.6750595354891343 
0.7422172518035608 0.4965807816368071 
0.5493004861278838 0.3578542209545118 
0.5724473099480826 0.09545314981737102 
0.4908005583345287 0.32778378500943445 
0.6427954541758001 0.8692004366110817 
0.23380313499711708 0.7428702292023295 
0.2412075730134528 0.07579501746792949 
0.25570173522284834 0.4096296993148584 
0.2397736477960894 0.5143372702283865 
0.8874803672640806 0.7588658157202259 
0.10981497119770472 0.8852430352177073 
0.15497461659843464 0.7388747173398246 
0.04319936403077829 0.768871352235952 
0.5298541328097215 0.2747781052167936 
0.4088112920154155 0.9576892498789973 
0.10290076738959819 0.015178641921876734 
0.8625172223883417 0.18919792209604724 
0.7436851916395184 0.7547156189900261 
0.990612175155385 0.3743189307104535 
0.3067733863409117 0.9749064012709037 
0.5248535094091944 0.09491021681157008 
0.006537742737759589 0.5200469836671054 
0.8370308059766567 0.16390497886870198 
0.2740010887174411 0.7942081117194422 
0.988736169848001 0.350989184198114 
0.22376533322952308 0.5852543480097226 
0.9541426324342537 0.7090873858955267 
0.2157111978230632 0.3587368467775357 
0.9880895676250637 0.08641467310524886 
0.9376041244049205 0.662096305995639 
0.4750811629554486 0.9307416140807894 
0.6110964934562945 0.3395346952665795 
0.3467581955809894 0.6415683408060068 
0.990407643177043 0.31410508260210324 
0.4774290496680279 0.46622009075209947 
0.40273881680453816 0.2363696304518932 
0.2916597631548289 0.8903446471609422 
0.6473118881799016 0.5187427366458846 
0.40611933387616994 0.3534019194756852 
0.46446239386424737 0.7075467322619251 
0.6503116177484312 0.8322094762272306 
0.6906981363945814 0.2810741694069153 
0.5961602245948097 0.40265489201634247 
0.7400358124767755 0.7303931837818034 
0.8961695805498795 0.27842944925811675 
0.05741453072926761 0.44566625328695086 
0.7209650854233451 0.6120619531711301 
0.1921492398468574 0.8633219666035472 
0.3788391278783163 0.008505469624733086 
0.15824777837505932 0.4331609319434976 
0.828809188112079 0.9196320549132015 
0.35295820820645274 0.291434755361773 
0.2800744971553698 0.617726834956052 
0.5065747074800795 0.30366993130598563 
0.05878433224671453 0.25698955846230076 
0.5230612917833392 0.8767046048090752 
0.3747389779563849 0.34253629158046484 
0.2625242037404857 0.3409156784257624 
0.3820888677518731 0.8836268663628377 
0.7770901644818297 0.036068480801736025 
0.8898233762244541 0.4252106283171294 
0.676181587007245 0.16645098126087488 
0.3236771092897971 0.680085610111618 
0.6836691728507527 0.36787514090329426 
0.8934773426959922 0.674722075205525 
0.6785904366574059 0.3133158450910286 
0.6718132445676899 0.12203941764632309 
0.952998346208359 0.685966847236708 
0.67640000598068 0.09852877821293166 
0.5682556130621077 0.5413232337789294 
0.00884724617165028 0.7754315575336772 
0.12659518797388042 0.22431840184838697 
0.5368234711663649 0.3485535619922228 
0.8267726835746081 0.5141439735366145 
0.6072285402703754 0.6636524004447263 
0.7500815066723223 0.618168954633896 
0.3159391861695826 0.23814251216861732 
0.37105349518505637 0.6864802683804869 
0.2562723830157881 0.14123546908459933 
0.31661991671665374 0.17414331854530984 
0.9452796395031442 0.6149998702137 
0.5130575305366242 0.6733157137174871 
0.7135586261180874 0.2923196691940782 
0.4240509832720265 0.48729636043535957 
0.013579635474341711 0.964612905495275 
0.46917208607425276 0.8468963614868632 
0.1936782865826871 0.7724862651021249 
0.34455598706647217 0.25235453466178376 
0.707117344009459 0.8405848268081209 
0.9397192699543828 0.9214000145292576 
0.7184788717293669 0.07916670753782701 
0.49762043347317864 0.6154472283194236 
0.7281161379699349 0.31531117990837515 
0.971927565257409 0.9707337081175542 
0.5994035249917677 0.3735546385936587 
0.8075712424308626 0.617194298405012 
0.9199153426470511 0.6188819499015639 
0.45525316309171926 0.6394316206612836 
0.6669488608957564 0.8111469148846864 
0.15353906459804728 0.8316755662635149 
0.08314708472311105 0.11126402773876304 
0.07117284667506935 0.12958304654616953 
0.6027880964150238 0.5663034425657069 
0.7656559036686694 0.8558831920484011 
0.8496647232705647 0.0911080421108506 
0.7243304239028214 0.8704338351521499 
0.4067984192089861 0.060518081908560395 
0.7224353056391084 0.38839914705286266 
0.9898758244338587 0.8271215234386057 
0.7925439503311458 0.7388164651068598 
0.48526300264783184 0.3519015823052145 
0.7059635390726063 0.5568391075403354 
0.7634477694288331 0.08759082200839657 
0.3278307684208664 0.3884443794420125 
0.10086601789891092 0.07938740023588414 
0.0621819516674012 0.31894137255131627 
0.4425503536865261 0.9712129318156174 
0.6372076526514372 0.8000768236097524 
0.217253927953516 0.8863435691564671 
0.1724389935147252 0.9518738644385234 
0.7580869396834358 0.4236425277201764 
0.13640819904737345 0.6101065353202223 
0.16007461832911662 0.10462033606362792 
0.06977367090296965 0.8049165780024354 
0.6933205377436799 0.9830529737022038 
0.5939491348526927 0.6279107062234537 
0.7676454575521856 0.20320077500052697 
0.7957297708902902 0.6821423767470779 
0.2560940523523081 0.9294739756758015 
0.9438966018545228 0.9562007493432069 
0.3915709745248728 0.4663397855934011 
0.19240031151924852 0.9640746667181288 
0.3379628733689941 0.7385071814067112 
0.842431481214619 0.977993964321427 
0.3121292744978714 0.11144329380206741 
0.29046227789202705 0.6389585354450149 
0.5872162584045382 0.8753544513728648 
0.22483369825460625 0.48696630458661394 
0.20932122130336345 0.7864839140740574 
0.7348964088505131 0.4434462256664064 
0.8239863144914783 0.2571754038026417 
0.36016177399628635 0.3276455462564627 
0.9744397062477679 0.7619161889613146 
0.6488119720373446 0.04464848130166621 
0.49699111832503023 0.5096974866365689 
0.6047418080836712 0.15187358460121286 
0.2645735300278408 0.38671718640095226 
0.049437552671167895 0.9562543820602893 
0.26306160493894115 0.6872101094134198 
0.5583953897989273 0.06124492435672296 
0.40326299866086807 0.6730284928748554 
0.7200844946777181 0.9751592845552814 
0.9230196599717512 0.21081773509196283 
0.5643590178137258 0.8281915383472851 
0.515653849919224 0.8486957498793054 
0.6442291475921431 0.9760234095522384 
0.4048486622761109 0.6530906977401516 
0.6131395902149299 0.6899149466268432 
0.5017916851554519 0.4685601487586779 
0.7875827002115341 0.3498156299043762 
0.7981081260901861 0.2390892889820097 
0.5537964571406976 0.28215175147173643 
0.819336450108606 0.8106087699714981 
0.5977523512257432 0.8085627286664074 
0.3416169351520647 0.19676795366952482 
0.32079003373060483 0.6162033737887371 
0.1589335070238559 0.534891212526032 
0.920345420163899 0.5732307132471706 
0.8327563953514753 0.8226686764712638 
0.5307677178784418 0.6513186128906834 
0.7118112072716918 0.21090191032432443 
0.47222907703142847 0.9523305640543198 
0.8045866414935279 0.5803758060745519 
0.538288706623071 0.6226341101577867 
0.6401054369970458 0.059229772338961484 
0.4219050169238956 0.3823605574375897 
0.6472726942057315 0.298149983231597 
0.3490839156867062 0.8283533353762977 
0.621883863593579 0.16883320975287525 
0.03820770372831289 0.47024202755764594 
0.688968583584715 0.695056651426587 
0.9308639651813474 0.3922574068018354 
0.3876371196432985 0.4213822855693001 
0.8996004699757003 0.911332968442987 
0.9119054237492081 0.07912233592238543 
0.25200646899945855 0.3636586871007685 
0.09984346258598886 0.31236340320738054 
0.5176205840494992 0.010331827349432887 
0.3125190752582943 0.831277926051603 
0.13032462268327444 0.4759882047645173 
0.021206144326535115 0.4420682583230606 
0.9366943602858522 0.7772664679084453 
0.8545232890159262 0.7610140006549306 
0.8595376433221662 0.2708412275442333 
0.5805027759485673 0.9493093277548802 
0.9574738629416311 0.8533640113382324 
0.7851363124323998 0.4771507804581375 
0.6880902403505923 0.8638304779836318 
0.5599048858061343 0.9743102058300235 
0.7313373421559137 0.2801157147091349 
0.7010032900588636 0.91951745885099 
0.0060740276212361 0.91799358244342 
0.191335625405267 0.5733397968678066 
0.028543608111677055 0.7813469104765753 
0.2765477650454954 0.496903008296272 
0.02992239704571248 0.8580637109331659 
0.2814139339192878 0.46699551877211326 
0.5176384934591699 0.1539349961240633 
0.7349196393528363 0.9302250523440891 
0.2123694783014088 0.272921189102064 
0.06807599732051978 0.715479431949895 
0.42706171600684484 0.9135773062003196 
0.9952754354045067 0.14484623910242328 
0.5821693745394364 0.4942182672810389 
0.55813195505151 0.5829163197353707 
0.8269670286726615 0.4885829172644913 
0.25633499286688666 0.9680088070585509 
0.5582088382941576 0.6937354980976702 
0.22105076849195177 0.4277562657183134 
0.005528563156631805 0.27162382434333143 
0.6514352183228187 0.35928738783873665 
0.5756780120713557 0.43310209574788683 
0.2510347936889099 0.7355194154861919 
0.27273426541580204 0.7303730590468963 
0.7196554480715067 0.8929393942774428 
0.6649033873087828 0.4250704221599304 
0.23619893395105385 0.7943191334254563 
0.5779656858914293 0.1993951172395323 
0.0690185706451808 0.6788114769778633 
0.8856056949730482 0.6435451228235095 
0.8678204456666954 0.1527408028256662 
0.17587823007692788 0.7575915500264083 
0.04704822399380981 0.6881896221162204 
0.8327491025014045 0.4415182691991852 
0.9587031363845891 0.38269749599443376 
0.1420737947592166 0.3818894593043509 
0.9068258565552112 0.22820383554570406 
0.32256811911609196 0.4918126609316055 
0.4787337833134203 0.9939125109127177 
0.473199330283239 0.21990079474981383 
0.7012311617642414 0.45783440768861694 
0.8436654257063638 0.8986728470130262 
