-0.004664172150921459 0.47760203462802503 0.49986963999865325 1.0 0.4 0.5 0.95 0.5 1.0 0.95 1.0 0.1 0.35 0.95 0.25 0.9 0.45 0.7 0.5 0.55 0.45 0.65 0.05 0.6 0.7 0.65 0.8 0.6 0.55 0.55 0.8 0.95 0.6 0.85 0.4 0.1 0.85 1.0 0.1 
-0.0009056349371798464 0.5560436206364039 0.4520680556305973 0.8 0.65 0.4 0.25 0.1 0.3 0.55 0.9 0.55 0.8 0.25 0.7 0.8 0.2 0.65 1.0 0.6 0.3 0.95 0.05 1.0 0.75 0.1 0.95 0.05 0.4 0.45 1.0 0.35 0.25 0.6 0.6 0.3 0.0 0.65 0.1 
-0.002455200067789883 0.5087490374833404 0.5086352256459693 0.0 0.5 0.5 0.65 0.1 0.0 0.95 0.05 0.5 0.4 0.5 0.65 0.15 0.25 0.0 0.95 0.85 0.85 0.6 0.7 0.4 0.5 0.35 0.6 0.7 1.0 1.0 0.45 0.3 0.0 0.4 0.1 1.0 0.75 0.3 0.25 
-0.03166510458410529 0.46478814914449346 0.49908703471089977 0.65 0.95 0.4 0.5 0.6 0.75 0.8 0.8 0.1 0.2 0.8 0.8 1.0 0.85 0.8 0.5 0.35 0.85 0.1 0.6 0.45 0.45 0.6 0.05 0.25 0.15 0.95 0.2 0.5 0.0 0.05 0.05 0.2 0.55 0.85 0.7 
-0.009321202503558267 0.5278865131486107 0.5030813002937636 1.0 0.45 0.6 1.0 0.9 0.15 1.0 0.85 0.25 0.65 0.5 0.1 0.25 0.2 1.0 0.7 0.85 0.9 0.55 0.85 0.1 0.25 0.55 0.0 0.7 1.0 0.2 1.0 0.9 0.1 0.65 0.0 0.1 0.95 0.85 0.3 
-0.0020303554086038788 0.5302109681031189 0.4538332234919137 0.95 0.7 0.85 0.0 0.6 0.85 1.0 0.5 0.15 0.95 0.4 0.3 0.7 0.35 0.8 0.4 0.75 0.35 0.3 0.7 0.85 0.25 0.6 0.5 1.0 0.0 0.1 0.6 0.0 0.65 0.3 0.45 0.55 0.8 0.6 0.55 
-0.03195896010992134 0.514976356185267 0.4702524944100971 0.25 0.55 0.35 0.25 0.15 0.6 0.45 0.3 0.65 0.95 0.8 0.25 0.7 0.75 0.4 0.4 0.2 0.35 0.2 0.0 0.4 0.75 0.45 0.3 1.0 0.3 0.45 0.65 0.95 0.15 0.85 0.85 0.4 0.65 0.3 0.65 
-0.00559985559366116 0.4883552821338167 0.5287827373738888 0.7 0.05 0.5 1.0 0.75 0.35 0.05 0.1 0.25 0.1 0.35 0.4 0.9 0.75 0.2 0.5 0.7 0.35 0.3 0.75 0.15 0.25 0.2 0.0 0.95 0.35 0.5 0.95 0.95 0.5 0.05 0.3 0.4 0.75 0.5 0.35 
-0.017530561769222398 0.5074194250467573 0.5012063398370001 0.8 0.55 0.65 0.45 0.1 0.4 0.35 0.45 0.45 0.85 1.0 0.75 0.65 0.9 0.65 1.0 0.3 0.45 0.05 0.55 0.6 0.2 0.15 0.9 0.95 0.05 0.6 0.95 0.0 1.0 0.35 0.9 0.75 0.3 0.3 0.8 
-0.000747149996041869 0.5512037683605507 0.48968973198101146 0.1 0.4 0.1 0.95 0.5 0.65 1.0 0.45 0.7 0.85 0.75 0.25 0.05 0.45 0.45 0.15 0.5 0.05 0.75 0.05 0.4 0.7 0.75 0.95 0.95 0.65 0.55 0.0 0.95 0.6 0.85 0.75 0.7 0.7 0.8 0.1 
-0.001578587530187248 0.5464948390523583 0.49355610954603557 0.1 0.4 0.65 0.95 0.5 0.65 1.0 0.45 0.7 0.85 0.75 0.25 0.05 0.45 1.0 0.15 0.5 0.05 0.75 0.05 0.6 0.7 0.75 0.95 0.95 0.65 0.55 0.0 0.95 0.6 0.85 0.4 0.7 0.7 0.8 0.1 
-0.002265431379121644 0.5230188394766639 0.5199801883536923 0.35 0.8 0.85 0.65 0.9 0.45 0.3 0.15 0.35 0.5 0.25 0.3 0.7 0.0 0.6 0.15 0.0 0.95 0.85 0.45 0.35 0.2 0.5 0.1 0.65 0.9 0.35 0.4 0.15 0.5 0.35 0.65 0.1 0.3 0.4 0.45 
-0.005346135533968546 0.43030498414151047 0.49052763052884435 0.45 0.4 0.9 0.35 0.6 0.75 0.1 0.3 0.65 0.1 0.6 0.4 1.0 0.75 0.45 0.45 0.6 0.35 0.2 0.85 0.0 0.35 0.2 0.8 0.95 0.3 0.5 0.9 0.95 0.15 0.45 0.25 0.4 0.35 0.15 0.05 
-0.01605821288446582 0.5158446890134661 0.5330112494504701 0.5 1.0 1.0 0.3 0.6 0.95 0.05 0.7 0.05 0.1 0.2 0.65 0.35 0.6 0.85 1.0 0.7 0.8 0.75 0.4 0.75 0.95 0.75 0.8 0.9 0.8 0.55 0.7 0.9 0.55 1.0 0.15 0.25 0.65 0.2 0.9 
-0.0023309565416819193 0.5178055546215761 0.4706446588009586 0.25 0.55 0.35 0.25 0.15 0.6 0.45 0.3 0.65 0.95 0.8 0.25 0.7 0.75 0.4 0.5 0.2 0.35 0.2 0.0 0.4 0.75 0.45 0.3 1.0 0.3 0.45 0.65 0.95 0.15 0.85 0.85 0.4 0.65 0.3 0.65 
-0.0023323686560584246 0.4672229031455407 0.4708201976917237 0.6 0.5 0.5 0.4 0.3 0.5 0.85 0.0 0.7 0.15 0.55 0.2 1.0 0.75 0.3 0.5 0.7 0.25 0.1 0.05 0.4 0.2 0.2 0.0 0.75 0.8 0.25 0.85 0.95 0.15 0.2 0.25 0.15 0.85 0.5 0.6 
-0.01409845884666405 0.572737634078993 0.48643741864824963 0.45 0.65 0.85 0.0 1.0 0.85 1.0 0.45 0.15 0.95 0.4 0.3 0.7 0.35 0.8 0.4 0.75 0.35 0.3 0.7 0.85 0.25 0.6 0.5 1.0 0.0 0.8 0.6 0.0 0.65 0.3 0.45 0.55 0.7 0.6 0.55 
-0.003778169395315325 0.4599725856779257 0.481224104782123 0.95 0.4 0.65 0.95 0.5 0.3 0.9 0.55 0.1 1.0 0.75 0.75 0.5 0.45 0.65 0.5 1.0 0.65 0.7 0.05 0.6 0.55 0.1 0.85 0.8 0.3 0.55 0.6 0.95 0.6 0.1 0.4 0.1 0.7 0.3 0.3 
-0.000939799267047626 0.43598146789447645 0.5528002998087396 0.25 0.55 0.3 0.25 0.15 0.6 0.8 0.3 0.65 0.95 0.8 0.55 0.35 0.2 0.45 0.5 0.65 0.35 0.2 0.0 0.4 0.75 0.2 0.3 1.0 0.3 0.35 0.9 0.95 0.15 0.85 0.85 0.4 0.05 0.3 0.05 
-0.010903181908824479 0.5429637153458947 0.5408017688839686 0.55 0.75 0.65 0.55 0.1 0.4 0.5 0.45 0.45 0.25 1.0 0.75 1.0 0.9 0.9 1.0 0.4 0.45 0.05 0.8 1.0 0.2 0.25 0.9 0.95 0.0 0.7 0.75 0.0 0.2 0.7 0.35 0.15 0.5 0.7 0.85 
-0.01908828334972236 0.42814221008825576 0.5129692812555587 1.0 0.45 0.7 0.25 1.0 0.85 0.55 0.15 0.85 0.05 0.6 0.15 0.4 0.4 0.65 0.05 0.25 0.05 0.05 0.15 0.65 0.7 0.45 0.05 1.0 0.45 0.4 0.9 0.1 0.2 0.15 0.95 0.9 0.7 0.1 0.25 
-0.008241526146231904 0.5485463029811927 0.4560161513608136 0.8 0.65 0.4 0.25 0.1 0.3 0.55 0.9 0.55 0.8 0.25 0.7 0.8 0.1 0.65 1.0 0.6 0.3 0.95 0.05 1.0 0.75 0.1 0.95 0.05 0.4 0.45 1.0 0.35 0.25 0.6 0.6 0.3 0.0 0.65 0.1 
-0.0016989990447868195 0.5160646754411822 0.5338035968614938 0.5 1.0 1.0 0.3 0.6 0.95 0.05 0.1 0.05 0.1 0.2 0.65 0.35 0.6 0.85 1.0 0.7 0.8 0.75 0.4 0.75 0.95 0.75 0.8 0.9 0.8 0.55 0.7 0.9 0.55 1.0 0.15 0.25 0.65 0.2 0.9 
-0.00987690216420893 0.5473095251976329 0.43939080472765535 0.95 0.8 0.15 0.45 0.05 0.1 0.95 0.25 0.45 0.8 0.1 0.25 0.95 0.7 0.85 0.35 0.4 0.2 0.15 0.45 0.6 0.55 0.9 0.0 0.15 0.2 0.2 0.95 0.45 0.35 0.35 0.5 0.95 0.75 0.6 0.05 
-0.008258581879062017 0.469747056371138 0.5286530827717975 0.95 0.45 0.65 0.95 0.5 0.3 0.9 0.55 0.1 1.0 0.15 0.75 0.5 0.55 0.65 0.5 1.0 0.65 0.7 0.05 0.6 0.55 0.1 0.85 0.8 0.3 0.55 0.6 0.95 0.6 0.1 0.4 0.1 0.7 0.3 0.3 
-0.0036444916948814923 0.42663955979755275 0.46606904808242855 0.45 0.15 0.05 0.95 0.55 0.5 0.45 0.25 0.25 0.2 0.8 0.75 1.0 0.05 0.35 0.45 0.3 0.0 0.6 0.6 0.65 0.55 0.8 0.8 0.8 0.95 0.7 1.0 0.35 0.1 0.75 0.4 0.95 0.1 0.6 0.05 
-0.06047442452346374 0.491439819802518 0.5513225665251652 0.5 0.55 0.35 0.25 0.3 0.4 0.75 0.3 0.65 0.4 0.8 0.25 0.35 0.75 0.45 0.5 0.65 0.4 0.0 0.0 0.7 0.75 0.45 0.2 1.0 0.3 0.35 0.9 0.95 0.25 0.85 0.85 0.4 0.65 0.3 0.05 
-0.031853802025701566 0.5012890083148294 0.4530936974397898 0.25 0.55 0.35 0.25 0.15 0.6 0.45 0.3 0.65 0.95 0.8 0.25 0.35 0.75 0.4 0.5 0.2 0.35 0.2 0.0 0.4 0.75 0.45 0.3 1.0 0.3 0.45 0.9 0.95 0.15 0.85 0.85 0.4 0.65 0.3 0.05 
-0.027206495196630397 0.4764884990718042 0.46122638196969384 1.0 0.4 0.8 0.75 0.5 0.25 0.95 0.75 0.7 0.9 0.95 0.25 0.55 0.45 0.65 0.4 0.55 0.45 0.55 0.05 0.6 0.7 0.1 0.95 0.45 0.55 0.2 0.3 0.8 0.6 0.85 0.6 0.1 0.7 1.0 0.45 
-0.004146970726130745 0.4179661057916501 0.4801180104911335 1.0 0.5 0.75 0.55 0.6 0.65 0.9 0.2 0.65 0.1 0.55 1.0 0.95 0.75 0.45 0.5 0.7 0.35 0.2 0.05 0.4 0.25 0.95 0.55 0.95 0.35 0.45 0.95 0.7 0.15 1.0 0.55 0.4 0.0 0.5 0.0 
-0.0297008769862286 0.47195695477543476 0.5420628625142488 0.85 0.55 0.75 0.35 0.9 0.45 0.75 0.3 0.55 0.3 0.8 0.05 0.35 0.75 0.5 0.95 0.7 0.35 0.85 0.5 0.4 0.35 0.45 1.0 1.0 0.3 0.45 0.9 0.95 0.25 0.2 0.85 0.4 0.65 0.9 0.7 
-0.006012448239337781 0.5872596561632386 0.5116712256697736 1.0 0.8 0.75 0.65 0.2 0.45 0.05 0.25 0.75 0.4 0.1 0.1 0.85 0.35 0.35 0.7 0.7 0.2 0.05 0.4 0.7 0.7 0.7 0.75 1.0 0.2 0.2 0.95 0.45 0.35 0.6 1.0 0.1 0.9 0.6 0.1 
-0.014073944533477186 0.42651018309961775 0.5555008500424513 0.85 0.55 0.75 0.25 0.15 0.45 0.8 0.3 0.65 0.3 0.1 0.25 0.35 0.75 0.95 0.5 0.65 0.35 0.2 0.0 0.6 0.75 0.45 0.75 0.9 0.3 0.45 0.9 0.95 0.25 0.85 0.85 0.4 0.65 0.85 0.75 
-2.0240018397643986e-05 0.5618365857424878 0.5135767000872259 0.75 0.55 0.05 0.65 0.1 0.4 0.25 1.0 0.8 0.95 0.65 1.0 1.0 0.55 0.3 0.45 0.3 0.45 0.4 0.55 0.95 0.35 0.5 0.8 0.95 0.05 0.45 0.2 0.0 0.2 0.6 0.35 0.4 0.5 0.25 0.5 
-0.0033871604462295817 0.5888479119886697 0.5010257663728056 1.0 0.8 0.8 0.8 0.25 0.45 1.0 0.25 0.75 0.7 0.1 0.4 0.75 0.1 0.3 0.7 0.7 0.25 0.4 0.2 0.7 0.3 0.7 0.75 0.85 0.2 0.2 0.3 0.45 0.35 0.6 1.0 0.45 0.9 0.75 0.55 
-0.003336409772230525 0.5587339214572845 0.550519245506622 0.1 0.5 0.8 0.45 0.45 0.15 0.3 0.7 0.8 0.65 0.35 0.5 0.5 0.25 0.6 0.55 0.5 0.25 0.8 0.95 0.6 0.0 0.2 0.15 0.9 0.65 0.2 0.95 0.1 0.55 0.4 0.3 0.05 0.05 0.7 0.25 
-0.004992879453397215 0.41093517534822077 0.4955798592218053 0.7 0.5 0.75 0.25 0.4 0.6 0.3 0.15 0.25 0.1 0.45 0.75 1.0 0.75 0.45 0.5 0.7 0.35 0.35 0.05 0.65 0.25 0.2 0.0 0.9 0.65 0.3 0.85 0.95 0.15 0.85 0.9 0.4 0.0 0.5 0.05 
-0.006128146311709179 0.4584920171786893 0.45379660937625527 1.0 0.4 0.8 0.75 0.5 0.25 0.95 1.0 0.7 0.9 0.95 0.25 0.55 0.45 0.65 0.4 0.55 0.45 0.55 0.05 0.6 0.7 0.1 0.95 0.45 0.55 0.2 0.3 0.8 0.6 0.85 0.6 0.1 0.7 1.0 0.45 
-0.013126433462580979 0.4104033378990591 0.5275422328122966 0.7 0.5 0.75 0.55 0.6 0.65 1.0 0.3 0.65 0.1 0.55 0.4 1.0 0.25 0.45 0.5 0.7 0.35 0.2 0.05 0.4 0.25 0.0 0.55 1.0 0.35 0.45 0.95 0.95 0.15 1.0 0.55 0.4 0.0 0.5 0.0 
-0.0018775889855023602 0.5557092232969193 0.5348702296340991 0.6 0.7 0.25 0.55 1.0 0.3 0.7 0.4 0.45 0.95 1.0 0.75 1.0 0.65 0.35 0.2 0.3 0.45 0.4 0.55 0.6 0.2 0.25 0.65 1.0 0.05 0.7 0.75 0.0 0.3 0.35 0.35 0.4 0.5 0.7 0.5 
-0.0034144830153779704 0.39697215946612174 0.4318403910327549 0.85 0.4 0.8 0.95 0.5 0.65 0.7 1.0 0.7 0.85 0.95 0.25 0.9 0.45 0.7 0.5 0.55 0.45 0.75 0.05 0.6 0.7 0.95 0.05 0.45 0.55 0.55 0.8 0.95 0.6 0.85 0.4 0.1 0.7 0.75 0.1 
-0.005949610099322502 0.41974309939601223 0.4524037519114551 0.65 0.05 0.6 0.55 0.1 0.1 1.0 0.85 0.25 0.3 0.85 0.0 0.5 0.85 0.7 0.35 0.85 0.95 0.05 1.0 0.75 0.25 0.9 0.0 0.7 0.15 0.2 0.45 0.9 0.1 0.2 0.0 0.95 0.9 0.9 0.45 
-0.00018597573216079128 0.519676579386423 0.5574711877763858 0.9 0.05 0.65 0.55 0.1 0.45 0.6 0.45 0.45 0.05 1.0 0.75 0.75 0.8 0.4 1.0 0.3 0.45 0.4 0.55 0.6 0.2 0.25 0.55 0.95 0.05 0.7 0.95 0.0 0.2 0.3 1.0 0.4 0.05 0.7 0.5 
-0.0015173979008815393 0.47431099034182056 0.5748092751131991 0.5 0.2 0.9 0.35 0.35 0.45 0.95 0.3 0.55 0.25 0.8 0.25 0.1 0.05 0.5 0.95 0.7 0.35 0.85 0.25 0.4 0.35 0.45 0.8 1.0 0.3 0.45 0.9 0.95 0.25 0.2 0.85 0.4 0.65 0.9 0.05 
-2.660433207772328e-05 0.44859611606240796 0.426280768228968 1.0 0.35 0.8 0.75 0.5 0.65 0.55 1.0 0.7 0.4 0.75 0.4 0.9 0.45 0.65 0.5 0.55 0.45 0.7 0.05 0.6 0.7 0.1 0.95 0.4 0.55 0.0 0.8 0.95 0.6 0.25 0.45 0.35 0.7 1.0 0.45 
-0.010557566081586874 0.6058973110665888 0.4133049562788584 0.9 0.8 0.1 0.45 0.1 0.3 0.55 0.15 0.0 0.55 0.2 0.6 0.65 0.25 0.35 0.85 0.6 0.0 0.6 0.9 0.1 0.0 0.7 0.8 1.0 0.2 0.2 0.65 0.4 0.35 0.6 0.1 0.25 0.95 0.6 1.0 
-0.004667871458352522 0.576333923621387 0.461489066718413 1.0 0.55 0.1 1.0 0.1 0.3 0.1 0.1 0.65 0.0 0.85 0.4 0.85 0.25 0.35 0.65 0.6 0.0 0.6 0.05 0.25 0.7 0.8 0.8 0.6 0.2 0.2 0.95 0.4 0.3 0.6 0.1 0.5 0.65 0.6 1.0 
-0.013670624322718416 0.5434795344949062 0.41415200431958166 1.0 0.55 0.1 0.55 0.1 0.3 0.95 0.7 0.6 0.1 0.3 0.4 0.85 0.25 0.55 1.0 0.6 0.0 0.6 0.65 0.6 0.3 0.7 0.8 0.45 0.2 0.2 0.95 0.4 0.35 0.6 0.1 0.15 0.4 0.6 1.0 
-0.0008254843296963673 0.3939382640316516 0.5033396319448418 0.1 0.5 0.35 0.25 0.6 0.6 0.3 0.3 0.3 0.4 0.75 0.7 0.9 0.75 0.45 0.85 0.65 0.35 0.2 0.0 0.4 0.75 0.2 0.75 0.8 0.3 0.35 0.85 0.95 0.15 0.85 0.9 0.4 0.0 0.3 0.05 
-0.0020141767098298046 0.3877595697306566 0.46932182956735585 0.85 0.5 0.35 0.25 0.6 0.6 0.3 0.3 0.8 0.4 0.75 0.7 0.9 0.75 0.45 0.85 0.65 0.35 0.2 0.0 0.4 0.75 0.2 0.75 0.8 0.3 0.35 0.85 0.95 0.15 0.85 0.9 0.15 0.0 0.3 0.05 
-0.0020089767404119566 0.5884044258818768 0.5408569499731748 0.8 0.55 0.65 0.45 0.1 0.4 0.65 0.45 0.45 0.65 1.0 0.75 0.65 0.9 0.65 1.0 0.3 0.45 0.05 0.55 0.6 0.2 0.15 0.9 0.95 0.05 0.6 0.95 0.85 0.2 0.35 0.9 0.75 0.3 0.7 0.8 
-0.018145069500368118 0.3901604051837408 0.480967710169847 1.0 0.5 0.75 0.55 0.05 0.65 0.75 0.25 0.65 0.15 0.55 0.3 0.75 0.75 0.45 0.5 0.7 0.35 0.2 0.35 0.4 0.4 0.95 0.55 0.95 0.35 0.4 0.95 0.95 0.15 1.0 0.55 0.25 0.7 0.35 0.05 
-0.0016121113963430654 0.6338616225553543 0.42304265594844226 1.0 0.8 0.4 0.95 0.1 0.3 0.8 0.9 0.55 0.95 0.25 0.6 0.85 0.15 0.35 0.65 0.6 0.3 0.6 0.2 0.75 1.0 0.7 0.35 0.5 0.4 0.45 1.0 0.35 0.3 0.6 0.6 0.0 0.95 0.65 0.1 
-0.006230617267031304 0.4939787424407061 0.42702179026121095 0.4 0.05 0.65 0.4 0.6 0.7 1.0 0.3 0.7 0.15 0.55 0.2 1.0 0.75 0.35 0.5 0.7 0.35 0.3 0.05 0.4 0.25 0.2 0.0 1.0 0.3 0.55 0.85 0.5 0.15 0.2 0.25 0.5 0.0 0.5 0.6 
-0.0018014045303512119 0.448065416871123 0.5667941725880624 0.85 0.55 0.75 0.35 0.15 0.45 0.95 0.3 0.45 0.3 0.8 0.35 0.35 0.75 0.5 0.4 0.7 0.35 0.85 0.05 0.35 0.35 0.45 0.4 1.0 0.3 0.45 0.85 0.95 0.25 0.55 0.45 0.4 0.95 0.9 0.05 
-0.013130583613308211 0.4891347831654734 0.5775049300666477 0.85 0.55 0.75 0.35 0.15 0.45 0.75 0.35 0.55 0.3 0.8 0.25 0.35 0.65 0.6 0.85 0.65 0.35 0.2 0.6 0.05 0.75 0.45 0.75 1.0 0.3 0.55 0.9 0.95 0.25 0.2 0.85 0.4 0.65 0.1 0.05 
-0.03531325587240241 0.511938474622771 0.4200039513192407 0.75 0.65 0.8 0.0 1.0 0.95 1.0 0.5 0.15 1.0 0.4 0.3 0.7 0.35 0.8 0.6 0.75 0.35 0.4 0.7 0.85 0.9 0.1 0.5 0.1 1.0 0.95 0.5 0.65 0.65 0.8 0.7 0.45 0.6 0.6 0.55 
-0.00931281634192966 0.5338978310331645 0.42543612104110407 1.0 0.8 0.1 0.45 0.1 0.3 0.1 0.15 0.8 0.55 0.9 0.65 0.85 0.25 0.2 0.55 0.5 0.0 0.45 0.9 0.5 0.0 0.7 0.8 1.0 0.2 0.85 0.95 0.4 0.35 0.15 0.15 0.45 0.95 0.2 1.0 
-0.005600630112686066 0.5738722230566831 0.5618373784502411 0.1 0.5 0.7 0.45 0.45 0.15 0.3 0.7 0.8 0.65 0.35 0.5 0.5 0.25 0.6 0.55 0.5 0.4 0.3 0.95 0.6 0.0 0.2 0.15 0.9 0.65 0.2 0.95 0.1 0.55 0.4 0.3 0.05 0.05 0.7 0.25 
-0.009260012840152494 0.4139883492173908 0.4301438038804171 0.65 0.45 0.5 0.9 0.7 0.25 1.0 0.85 0.25 0.3 0.85 0.1 0.35 0.85 1.0 0.6 0.85 0.9 0.05 0.85 0.1 0.25 0.9 0.0 0.7 0.15 0.2 1.0 0.9 0.1 0.8 0.0 0.1 0.9 0.85 0.7 
-0.007069306425489698 0.5535956735370515 0.5755500824964506 0.1 0.45 0.35 0.4 0.9 0.9 0.35 0.55 0.9 0.65 0.35 0.3 0.5 0.25 0.6 0.95 0.5 0.4 0.8 0.95 0.5 0.0 0.2 1.0 0.9 0.65 0.2 0.95 0.1 0.55 0.5 0.3 0.05 0.05 0.7 0.25 
-0.000716855218901383 0.6231908717239959 0.5493706630305397 0.8 0.55 0.65 0.45 0.1 0.45 0.65 0.45 0.45 0.8 0.05 0.75 0.65 0.9 0.65 1.0 0.3 0.45 0.05 0.55 0.6 0.2 0.25 0.9 0.95 0.85 0.6 0.95 0.0 0.2 0.35 0.05 0.4 0.3 0.7 0.8 
-0.023442689552209277 0.384095368640828 0.5431386443956014 0.7 0.45 0.5 1.0 0.65 0.8 0.7 0.25 0.55 0.1 0.55 0.4 0.65 0.75 0.45 0.5 0.7 0.35 0.3 0.05 0.4 0.25 0.45 0.0 0.95 0.35 0.5 0.95 0.95 0.5 0.05 0.3 0.4 0.8 0.5 0.35 
-0.001953300136263077 0.6160060264422158 0.5139938733530606 0.35 0.7 0.05 0.55 0.0 0.75 0.35 0.35 0.45 0.95 1.0 0.75 1.0 0.65 0.35 1.0 0.3 0.45 0.4 0.55 0.6 0.5 0.25 0.65 1.0 0.05 0.7 0.75 0.05 0.2 0.35 0.35 0.4 0.5 0.7 0.5 
-0.03896894099588452 0.3801377388920438 0.4599680299534325 0.55 0.3 0.9 0.15 0.5 1.0 1.0 0.3 0.6 0.15 0.55 0.25 0.95 0.75 0.3 0.5 0.75 0.4 0.85 0.95 0.4 0.25 0.2 0.35 0.95 0.45 0.5 0.95 0.95 0.15 0.6 0.95 0.4 0.0 0.5 0.1 
-0.0038691815012607436 0.5281501617289164 0.5961414621811738 0.1 0.1 0.95 0.4 0.45 0.15 0.3 0.55 0.4 0.65 0.35 0.5 0.5 0.3 0.6 1.0 0.5 0.4 0.8 0.95 0.5 0.0 0.2 0.4 0.9 0.65 0.2 0.95 0.1 0.55 0.5 0.3 0.05 0.05 0.7 0.25 
-0.017798037039076554 0.5821743174403651 0.41418797716036987 0.25 0.8 0.5 0.45 0.1 0.3 0.9 0.25 0.25 0.8 0.15 0.25 0.95 0.1 0.6 0.65 0.4 0.1 0.7 0.05 0.9 0.8 0.65 0.2 0.9 0.2 0.2 0.95 0.45 0.35 1.0 0.5 0.85 0.8 0.55 0.05 
-8.650964426328921e-05 0.6200648199803602 0.4527642758716529 0.9 0.8 0.1 0.45 0.1 0.3 0.1 0.05 0.85 0.55 0.25 0.6 0.3 0.0 0.5 0.65 0.35 0.0 0.6 0.9 0.1 0.0 0.0 0.8 1.0 0.2 0.6 1.0 0.4 0.35 0.65 0.75 0.1 0.95 0.6 1.0 
-0.02271270616281067 0.6197721039027664 0.4826420149859294 0.9 0.8 0.1 0.45 0.1 0.3 0.1 0.65 0.6 0.0 0.25 0.6 0.85 0.25 0.35 0.55 0.6 0.35 0.6 0.9 0.1 0.0 0.2 0.8 1.0 0.2 0.6 1.0 0.4 0.35 0.6 0.75 0.3 0.2 0.6 1.0 
-0.001367946818702668 0.43382528434590434 0.5624978697739621 0.85 0.55 0.75 0.35 0.15 0.45 0.55 0.7 0.4 0.3 0.8 0.25 0.35 0.75 0.5 0.95 0.7 0.35 0.85 0.05 0.45 0.35 0.45 0.8 1.0 0.3 0.45 0.85 0.95 0.25 0.2 0.45 0.4 0.65 0.9 0.05 
-0.12672192466918336 0.4873812492955264 0.6086899842506476 0.9 1.0 0.85 1.0 0.6 0.6 0.05 0.4 0.15 0.1 0.7 0.25 0.95 0.05 1.0 0.85 0.7 0.35 0.5 0.5 0.35 0.15 0.2 0.65 1.0 0.35 0.65 1.0 0.95 0.5 0.5 0.9 0.4 0.75 0.1 0.35 
-0.011521814528138701 0.636378540308048 0.40637089612135513 1.0 0.8 0.4 0.45 0.1 0.3 1.0 1.0 0.65 0.65 0.9 0.4 1.0 0.25 0.35 0.65 0.6 0.25 0.6 0.05 0.6 0.9 0.7 0.0 1.0 0.2 0.2 0.95 0.4 0.35 0.6 0.7 0.25 0.95 0.6 1.0 
-0.005441402341256417 0.5949090584765048 0.4447583108863682 1.0 0.8 0.4 0.45 0.1 0.3 0.9 1.0 0.65 0.65 0.1 0.4 1.0 0.25 0.5 0.65 0.6 0.25 0.6 0.05 0.6 0.9 0.7 0.0 1.0 0.25 0.2 0.95 0.4 0.35 0.6 0.2 0.25 0.95 0.6 1.0 
-0.0023311701175211834 0.6011109587522308 0.5603925463499588 0.8 0.55 0.65 0.45 0.1 0.3 0.7 0.45 0.45 0.7 1.0 0.75 0.6 0.9 0.65 1.0 0.3 0.45 0.05 0.55 0.6 0.2 0.0 0.9 0.95 0.1 0.4 0.95 0.0 0.15 1.0 0.9 0.4 0.3 0.6 0.55 
-0.0030628740156369827 0.5639068824294601 0.42617444908368857 1.0 0.8 0.1 0.45 0.1 0.3 0.1 0.15 0.8 0.55 0.15 0.8 0.85 0.25 0.2 0.55 0.5 0.0 0.45 0.9 0.5 0.0 0.7 0.8 1.0 0.2 0.85 0.95 0.4 0.35 0.15 0.15 0.45 0.95 0.2 1.0 
-0.00391480075151413 0.43395614039695485 0.5908000735636152 0.65 0.85 0.5 1.0 0.65 0.6 0.65 0.1 0.1 0.15 0.8 0.1 0.65 0.75 0.45 0.6 0.7 0.35 0.3 0.05 0.4 0.95 0.45 0.55 0.95 0.35 0.55 0.85 0.95 0.5 0.4 0.45 0.65 0.2 0.5 0.35 
-0.00022040923618102458 0.6081761457859887 0.5082288202074482 0.2 1.0 0.2 0.0 0.05 0.5 0.65 0.6 0.5 0.5 0.2 0.55 0.7 0.8 0.4 1.0 0.65 0.8 0.25 0.4 0.75 0.5 0.4 0.45 0.9 0.8 0.6 0.75 0.9 0.5 1.0 0.05 0.25 0.65 0.05 0.15 
-0.014205000369570245 0.43341821773355066 0.4336414531045699 1.0 0.45 0.6 1.0 0.6 0.15 1.0 0.85 0.25 0.65 0.5 0.1 0.25 0.2 1.0 0.55 0.85 0.9 0.55 0.85 0.1 0.25 0.55 0.0 0.7 1.0 0.2 1.0 0.9 0.1 0.65 0.0 0.1 0.7 0.85 0.7 
-0.004349238432519938 0.37938620484927293 0.5301507349450837 0.95 0.9 0.75 0.95 0.5 0.65 0.95 0.55 0.1 1.0 0.75 0.25 0.8 0.0 0.5 0.55 0.55 0.65 0.7 0.05 0.95 0.55 0.1 0.95 0.9 0.3 0.55 0.6 0.95 0.6 0.0 0.7 0.1 0.7 0.3 0.3 
-0.001118235553621594 0.36203123550556465 0.4973622774560289 0.6 0.95 0.95 0.25 0.6 0.75 1.0 0.3 0.7 0.9 0.65 0.4 1.0 0.75 0.45 0.45 0.7 0.35 0.55 0.55 0.0 0.55 0.2 0.0 0.95 0.3 0.35 0.85 0.95 0.15 0.85 0.25 0.4 0.35 0.15 0.05 
-0.012277856152959682 0.5244551349371326 0.5946093487881993 0.1 0.8 0.55 0.65 0.45 0.15 1.0 0.1 0.4 0.65 0.35 0.5 0.5 0.25 0.6 0.95 0.5 0.4 0.8 0.95 0.5 0.0 0.2 0.15 0.9 0.65 0.2 0.95 0.1 0.55 0.5 0.3 0.05 0.05 0.7 0.25 
-0.012313894272315868 0.5260932865381678 0.6121006087876097 0.7 0.6 0.05 0.15 0.8 0.3 0.35 0.4 0.4 0.05 1.0 0.85 1.0 0.1 0.1 1.0 0.3 0.3 0.05 0.45 1.0 0.85 0.35 0.9 1.0 0.05 0.7 0.8 0.0 0.2 0.35 0.35 0.9 0.7 0.0 0.5 
-0.001486597920048508 0.6222781569821121 0.44403064351415766 0.9 0.8 0.1 0.45 0.1 0.3 0.1 0.05 0.85 0.55 0.25 0.6 0.3 0.0 0.5 0.55 0.35 0.0 0.6 0.9 0.1 0.0 0.0 0.8 1.0 0.2 0.6 1.0 0.4 0.35 0.65 0.75 0.3 0.95 0.6 1.0 
-0.0036409084805914134 0.392272821784957 0.5616686480500522 0.7 0.5 0.6 1.0 0.65 0.6 0.65 0.1 0.45 0.1 0.55 0.5 0.05 0.75 0.45 0.5 0.7 0.35 0.3 0.05 0.4 0.25 0.15 0.0 0.95 0.35 0.5 0.95 0.95 0.5 0.25 0.3 0.4 0.8 0.75 0.35 
-0.0024562049902458576 0.5620451909880336 0.5922300976286474 0.55 0.75 0.65 0.55 0.1 0.4 0.5 0.45 0.45 0.25 1.0 0.75 1.0 0.9 0.9 1.0 0.3 0.45 0.05 0.8 1.0 0.2 0.25 0.9 0.95 0.0 0.7 0.75 0.0 0.2 0.7 0.35 0.15 0.5 0.7 0.85 
-0.012048383628840673 0.603750424020411 0.4195274128987202 0.9 0.8 0.1 0.45 0.1 0.3 0.55 0.15 0.0 0.1 0.2 0.6 0.65 0.25 0.35 0.85 0.6 0.0 0.6 0.9 0.1 0.0 0.7 0.8 1.0 0.2 0.2 0.65 0.4 0.35 0.6 0.1 0.25 0.95 0.6 1.0 
-0.005707533404941558 0.3508562042507576 0.5512637401995243 0.85 0.05 0.5 0.6 0.6 0.6 0.45 0.3 0.0 0.15 0.55 0.4 0.9 0.75 0.4 0.5 0.7 0.35 0.3 0.05 0.6 0.25 0.2 0.65 0.95 0.35 0.45 0.95 0.95 0.15 0.2 0.25 0.25 0.0 0.5 0.25 
-0.005302072926851476 0.36935122556403915 0.5198812173251579 0.1 0.5 0.35 0.25 0.6 0.6 0.05 0.3 0.65 0.4 0.75 0.7 0.9 0.75 0.45 0.5 0.65 0.35 0.2 0.0 0.4 0.75 0.2 0.75 1.0 0.3 0.35 0.85 0.95 0.15 0.85 0.9 0.4 0.0 0.3 0.05 
-0.03707008972398686 0.5733241664047013 0.37518152984008984 1.0 0.55 0.1 0.55 0.1 0.3 0.1 0.7 0.6 0.1 0.3 0.4 0.85 0.25 0.55 0.9 0.6 0.0 0.6 0.05 0.6 0.3 0.7 0.8 1.0 0.2 0.2 0.95 0.4 0.35 0.6 0.1 0.15 0.4 0.6 1.0 
-0.01038957681252757 0.3866180975612339 0.428982385588597 1.0 0.4 0.8 0.95 0.5 0.6 0.7 1.0 0.7 0.85 0.95 0.25 0.9 0.45 0.7 0.5 0.55 0.45 0.65 0.05 0.6 0.7 0.95 0.05 0.45 0.55 0.55 0.8 0.95 0.6 0.85 0.4 0.1 0.7 1.0 0.1 
-0.0038451320595687807 0.6004815896920153 0.4609899978216839 1.0 0.8 0.4 0.6 0.1 0.3 0.15 0.9 0.55 0.55 0.25 0.7 0.75 0.15 0.4 1.0 0.6 0.8 0.6 0.2 0.8 0.75 0.1 0.95 1.0 0.05 0.45 0.9 0.35 0.25 0.95 0.6 0.3 0.95 0.5 0.6 
-0.042070768366468995 0.47065279149287664 0.5918077853889162 0.5 0.2 0.75 0.35 0.15 0.45 0.95 0.3 0.55 0.25 0.8 0.25 0.1 0.05 0.5 0.95 0.7 0.35 0.85 0.25 0.4 0.35 0.45 0.8 1.0 0.3 0.45 0.9 0.95 0.25 0.2 0.85 0.4 0.65 0.9 0.05 
-0.0010393122344595394 0.4739896267464064 0.4323231874113422 1.0 0.35 0.8 0.75 0.5 0.6 0.95 1.0 0.7 0.8 0.75 0.4 0.9 0.85 0.65 0.5 0.55 0.45 0.7 0.05 0.6 0.7 0.1 0.95 0.4 0.55 0.2 0.8 0.95 0.6 0.25 0.45 0.1 0.7 1.0 0.45 
-0.0037649900924095186 0.41826777762281175 0.5953038047351613 0.85 1.0 0.95 0.25 0.2 0.45 0.75 0.3 0.7 0.3 0.8 0.25 0.35 0.75 0.65 0.95 0.7 0.35 0.85 1.0 0.4 0.35 0.45 0.25 0.95 0.3 0.5 0.85 0.95 0.25 0.35 0.85 0.4 0.65 0.9 0.95 
-0.007621649300633124 0.39699897284756125 0.42311837029228266 1.0 0.4 0.8 0.95 0.5 0.65 0.7 1.0 0.7 0.85 0.95 0.25 0.9 0.45 0.7 0.5 0.55 0.45 0.65 0.05 0.6 0.7 0.95 0.05 0.45 0.55 0.55 0.8 0.95 0.6 0.85 0.4 0.1 0.7 0.75 0.1 
-0.0002677203277329537 0.5758101700236206 0.39335277144013847 1.0 0.8 0.2 0.45 0.1 0.3 0.9 0.5 0.25 0.95 0.1 0.25 0.55 0.1 0.45 0.75 0.4 0.2 0.7 0.45 0.6 0.7 0.65 0.2 1.0 0.2 0.2 0.95 0.45 0.35 0.6 0.5 0.85 0.7 0.6 0.95 
-0.00906304714629342 0.5293053237012904 0.40209485246518867 1.0 0.55 0.1 0.55 0.1 0.3 0.95 0.7 0.6 0.1 0.3 0.4 1.0 0.25 0.55 1.0 0.6 0.0 0.6 0.65 0.6 0.3 0.7 0.8 0.45 0.2 0.2 0.95 0.4 0.35 0.6 0.1 0.15 0.4 0.6 1.0 
-0.00043754629103466455 0.41216862477723165 0.4454093189075444 1.0 0.4 0.8 0.95 0.5 0.65 0.85 1.0 0.7 1.0 0.95 0.25 0.9 0.45 0.7 0.5 0.55 0.6 0.65 0.05 0.6 0.5 0.65 0.8 0.05 0.55 0.55 0.8 0.95 0.6 0.85 0.4 0.5 0.5 1.0 0.1 
-0.016110948577321586 0.6091026998096802 0.39016911888571315 1.0 0.7 0.1 0.6 0.1 0.3 0.1 0.1 0.0 0.2 0.85 0.65 0.85 0.25 0.45 0.65 0.6 0.0 0.6 0.05 0.6 0.7 0.7 0.8 1.0 0.2 0.2 0.95 0.4 0.3 0.4 0.85 0.5 0.0 0.6 1.0 
-0.009445322554757437 0.5787611051085126 0.5619428486329298 0.1 0.45 0.75 0.4 0.45 0.15 0.3 0.7 0.8 0.65 0.35 0.5 0.5 0.25 0.6 0.55 0.5 0.4 0.6 0.95 0.15 0.0 0.2 0.15 0.9 0.65 0.2 0.95 0.1 0.55 0.4 0.4 0.05 0.05 0.7 0.25 
-0.03163301829894913 0.6324719255519409 0.5340057341234486 0.9 0.55 0.65 0.55 0.1 0.45 0.6 0.45 0.45 0.05 1.0 0.95 0.75 0.8 0.4 1.0 0.3 0.45 0.4 0.55 0.6 0.2 0.25 0.55 0.95 0.05 0.7 0.95 0.0 0.2 0.3 1.0 0.4 0.35 0.6 0.5 
-0.022228839939047416 0.598734528277739 0.5893421446271088 0.55 0.55 0.65 0.8 0.1 0.4 0.5 0.45 0.45 0.55 1.0 0.75 1.0 0.9 0.9 1.0 0.3 0.45 0.05 0.8 0.6 0.2 0.25 0.0 0.95 0.0 0.7 0.75 0.0 0.2 0.7 0.35 0.15 0.5 0.7 0.85 
-0.04408190665347796 0.5331635262962797 0.6132361110372666 0.7 0.6 0.05 0.15 0.8 0.35 0.35 0.4 0.4 0.05 1.0 0.9 1.0 0.1 0.1 1.0 0.3 0.3 0.05 0.45 1.0 0.85 0.35 0.9 1.0 0.05 0.7 0.8 0.0 0.2 0.35 0.35 0.9 0.7 0.0 0.5 
-0.010658115498266734 0.6227877233117571 0.5033825402659039 0.45 1.0 0.4 0.0 0.05 0.5 0.65 0.6 0.5 0.85 0.2 0.2 0.7 0.8 0.75 1.0 0.7 0.8 1.0 0.4 0.75 0.25 0.95 0.45 1.0 0.8 0.5 1.0 0.9 0.55 1.0 0.05 0.05 0.65 0.55 0.15 
-0.011118874432556573 0.3800840314408417 0.5538721750148333 0.85 0.55 0.4 0.55 0.15 0.45 0.95 0.3 0.65 0.3 0.9 0.25 1.0 0.75 0.5 0.5 0.65 0.35 0.2 0.6 0.6 0.75 0.8 0.75 0.9 0.3 0.45 0.9 0.95 0.25 0.85 0.85 0.35 0.65 0.2 0.05 
-0.02092845958916247 0.4490328387357593 0.5942256672769384 0.85 0.55 0.95 0.3 0.15 0.45 0.75 0.3 0.55 0.3 0.8 0.25 0.35 0.85 0.5 0.95 0.7 0.35 0.85 0.05 0.4 0.35 0.45 0.7 0.95 0.3 0.45 0.85 0.95 0.25 0.2 0.85 0.4 0.65 0.9 0.05 
-0.004884663028338906 0.43012022264778554 0.4063801709002695 1.0 0.4 0.8 0.95 0.5 0.6 0.95 1.0 0.7 0.7 0.75 0.25 0.9 0.45 0.65 0.5 0.55 0.45 0.7 0.05 0.6 0.7 0.45 0.95 0.45 0.55 0.2 0.8 0.95 0.6 0.85 0.4 0.1 0.7 1.0 0.45 
-0.007324764102358187 0.6023609830214091 0.374714233911563 1.0 0.8 0.1 0.45 0.1 0.3 0.1 0.2 0.4 0.1 0.5 0.4 1.0 0.25 0.95 0.65 0.6 0.0 0.6 0.05 0.6 0.7 0.7 0.8 1.0 0.2 0.2 0.9 0.4 0.3 0.6 0.1 0.2 0.65 0.6 1.0 
-0.008828713897241687 0.4367607354628255 0.4137140743880417 1.0 0.4 0.8 0.95 0.5 0.6 0.95 1.0 0.7 0.95 0.75 0.25 0.9 0.45 0.65 0.5 0.55 0.4 0.7 0.05 0.6 0.7 0.9 0.95 0.45 0.55 0.2 0.8 0.95 0.6 0.85 0.4 0.1 0.7 1.0 0.45 
-0.0007382698757610531 0.3524851266662745 0.4720005319881334 0.85 0.15 0.35 0.95 0.6 0.6 0.15 0.2 0.2 0.65 0.05 0.7 0.9 0.75 0.45 0.35 0.65 0.25 0.2 0.0 0.4 0.75 0.2 0.75 0.5 0.3 0.35 1.0 0.0 0.15 0.85 0.9 0.05 0.0 0.3 0.7 
-0.016962336950800252 0.5784855965336262 0.6203368224986965 0.2 0.7 0.05 0.55 0.0 0.3 0.35 0.4 0.45 0.95 1.0 0.75 1.0 0.65 0.35 1.0 0.3 0.45 0.4 0.85 0.6 0.2 0.25 0.65 1.0 0.05 0.7 0.95 0.05 0.2 0.35 0.35 0.4 0.5 0.7 0.5 
-0.0006696067839471358 0.5853674294446624 0.6028563807259757 0.55 0.55 0.65 0.55 0.1 0.4 0.5 0.45 0.45 0.25 1.0 0.75 1.0 0.9 0.9 1.0 0.3 0.45 0.05 0.8 1.0 0.2 0.25 0.9 0.95 0.0 0.7 0.75 0.0 0.2 0.7 0.35 0.15 0.5 0.7 0.85 
-0.0181704584375586 0.4381736338118788 0.3857106247673056 1.0 0.4 0.8 0.8 0.5 0.6 0.55 1.0 0.7 0.4 0.75 0.4 0.85 0.5 0.65 0.5 0.65 0.45 0.85 0.05 0.6 0.7 0.65 0.95 0.45 0.55 0.2 0.8 0.95 0.6 0.25 0.65 0.1 0.7 1.0 0.45 
-0.0007117251915493189 0.3787192634960201 0.5916464051635371 0.75 0.55 0.95 0.25 0.4 0.45 0.75 0.3 0.7 0.3 0.8 0.25 0.35 0.75 0.5 0.95 0.7 0.35 0.85 1.0 0.4 0.35 0.45 0.8 0.95 0.3 0.5 0.85 0.95 0.25 0.35 0.85 0.4 0.65 0.9 0.95 
-0.02546091057069526 0.44115082361983815 0.38995648511567904 1.0 0.4 0.8 0.75 0.5 0.6 0.55 1.0 0.7 0.4 0.75 0.4 0.85 0.5 0.65 0.5 0.65 0.45 0.85 0.05 0.6 0.7 0.65 0.95 0.45 0.55 0.2 0.8 0.95 0.6 0.25 0.65 0.1 0.7 1.0 0.45 
-0.0021421134847252154 0.46301675544748633 0.42138952121061884 1.0 0.4 0.8 0.75 0.5 0.6 0.95 1.0 0.7 0.9 0.75 0.25 0.9 0.45 0.65 0.4 0.55 0.45 0.55 0.05 0.6 0.7 0.1 0.95 0.45 0.55 0.2 0.3 0.95 0.6 0.85 0.6 0.1 0.7 1.0 0.45 
-0.003056411516095135 0.5359672507567099 0.3959257463168223 1.0 0.55 0.1 0.55 0.1 0.3 0.95 0.7 0.6 0.1 0.3 0.4 1.0 0.25 0.55 1.0 0.6 0.0 0.6 0.65 0.6 0.3 0.05 0.8 0.55 0.2 0.2 0.95 0.4 0.35 0.6 0.1 0.15 0.4 0.6 1.0 
-0.025692900673874624 0.48731405029844377 0.41331994609041295 0.6 0.5 0.8 0.4 0.3 0.5 0.85 0.0 0.7 0.15 0.55 0.2 1.0 0.75 0.3 0.5 0.7 0.25 0.1 0.05 0.4 0.2 0.2 0.0 0.75 0.8 0.55 0.85 0.95 0.15 0.2 0.25 0.15 0.95 0.5 0.6 
-0.10103023921123346 0.5060290536115409 0.6306507130158999 0.85 0.35 0.2 0.85 0.0 0.4 0.85 0.4 0.55 0.7 0.35 0.6 1.0 0.45 0.35 0.75 0.3 0.3 0.1 0.75 0.0 0.35 0.35 0.65 1.0 0.05 0.7 0.75 0.0 0.3 0.75 0.6 0.2 0.85 0.9 0.5 
-0.03167866141749432 0.6584351122249532 0.4379039929142827 0.9 0.8 0.55 0.45 0.1 0.3 0.85 0.9 0.45 0.55 0.25 0.6 0.85 0.25 0.35 0.55 0.6 0.3 0.6 0.9 1.0 0.75 0.4 0.95 0.9 0.2 0.45 1.0 0.35 0.25 0.6 0.75 0.3 0.95 0.6 0.2 
-0.027152576089605498 0.35923418424269316 0.44054065217613914 0.7 0.85 0.9 0.25 0.6 0.8 1.0 0.3 0.7 0.15 0.55 0.2 1.0 0.75 0.45 0.3 0.7 0.35 0.2 0.05 0.2 0.25 0.2 0.0 0.95 0.3 0.5 0.95 0.95 0.15 0.4 0.25 0.4 0.0 0.5 0.05 
-0.01124883046907693 0.533414220393537 0.6450027556174835 0.85 0.35 0.2 0.85 0.0 0.4 0.4 0.4 0.55 0.4 0.35 0.6 1.0 0.45 0.3 0.95 0.3 0.3 0.4 0.75 0.0 0.8 0.35 0.65 1.0 0.05 0.7 0.75 0.0 0.3 0.75 0.6 0.2 0.85 0.9 0.5 
-0.01639774173860558 0.47489642815524297 0.3743724847053268 1.0 0.4 0.8 0.75 0.5 0.6 0.9 1.0 0.7 0.45 0.75 0.4 0.4 0.45 0.4 0.5 0.55 0.65 0.7 0.05 0.9 0.5 0.45 0.6 0.45 0.4 0.2 0.8 0.95 0.6 0.25 0.9 0.1 0.7 1.0 0.45 
-0.01819543407657109 0.505204360106771 0.6395816532147124 0.85 0.35 0.2 0.85 0.0 0.4 0.85 0.4 0.55 0.65 0.35 0.6 1.0 0.45 0.35 0.95 0.3 0.3 0.4 0.75 0.0 0.35 0.35 0.55 1.0 0.05 0.7 0.75 0.0 0.3 0.75 0.6 0.2 0.85 0.9 0.5 
-0.014682280025137839 0.6101681226162452 0.6039510411022376 0.85 0.35 0.25 0.8 0.0 0.4 0.75 0.65 0.35 0.55 0.5 0.65 0.4 0.65 0.6 1.0 0.3 0.3 0.4 0.55 0.0 0.05 0.35 0.65 1.0 0.05 0.7 0.75 0.85 0.15 0.2 0.8 0.25 0.85 0.35 0.2 
-0.0004770501790941097 0.6006715461984652 0.36210751244413336 1.0 0.7 0.1 0.6 0.1 0.3 0.1 0.1 0.0 0.1 0.85 0.65 0.85 0.25 0.45 0.65 0.6 0.0 0.6 0.05 0.6 0.7 0.7 0.8 1.0 0.2 0.2 0.95 0.4 0.3 0.4 0.85 0.5 0.0 0.6 1.0 
-0.0030595074810884663 0.35397980377107774 0.491057612664836 0.4 0.4 0.75 0.9 0.5 0.65 0.95 0.55 0.1 0.95 0.8 0.25 0.8 0.45 0.5 0.65 0.55 0.6 0.7 0.05 0.4 0.55 1.0 0.95 0.9 0.3 0.35 0.6 0.95 0.6 0.0 0.3 0.1 0.7 0.3 0.3 
-0.009965641181304894 0.4072373115100264 0.5983921947645333 0.65 0.9 0.5 1.0 0.65 0.6 0.65 0.1 0.85 0.15 0.8 0.1 0.65 0.75 0.45 0.6 0.7 0.35 0.3 0.05 0.4 0.95 0.95 0.55 0.95 0.35 0.55 0.85 0.95 0.5 0.4 0.45 0.65 0.2 0.5 0.35 
-0.07493397251945072 0.6463331547609706 0.4333511889829984 0.9 0.8 0.7 0.2 0.1 0.3 0.7 0.9 0.55 0.55 0.25 0.6 0.85 0.2 0.75 0.2 0.6 0.25 0.6 0.9 1.0 0.75 0.6 0.95 1.0 0.2 0.45 1.0 0.35 0.25 0.1 0.6 0.25 0.6 0.6 0.2 
-0.02030051875589891 0.3407202396381638 0.4563195841610452 0.85 0.15 0.35 0.95 0.6 0.6 0.15 0.2 0.4 0.65 0.05 0.75 0.9 0.75 0.45 0.5 0.65 0.25 0.2 0.0 0.4 0.75 0.2 0.75 0.95 0.3 0.35 1.0 0.0 0.15 0.85 0.9 0.05 0.0 0.3 0.7 
-0.03821276047619725 0.5670113479894727 0.6133888453181601 0.35 0.7 0.05 0.55 0.0 0.3 0.35 0.4 0.45 0.95 1.0 0.75 1.0 0.65 0.35 1.0 0.3 0.45 0.4 0.55 0.6 0.2 0.25 0.65 1.0 0.05 0.7 0.75 0.05 0.2 0.35 0.35 0.4 0.5 0.7 0.5 
-0.02910539387116217 0.31398241843352226 0.4675227561340558 0.85 0.15 0.35 0.95 0.6 0.6 0.15 0.2 0.4 0.65 0.05 0.7 0.9 0.75 0.45 0.5 0.65 0.25 0.45 0.0 0.4 0.75 0.2 0.75 0.95 0.3 0.35 0.9 0.95 0.15 0.85 0.9 0.4 0.0 0.3 0.3 
-0.0006004305435921488 0.5765519586505654 0.35568617715830386 1.0 0.75 0.1 0.55 0.1 0.3 0.1 0.1 0.25 0.1 0.75 0.8 0.85 0.25 0.35 0.65 0.6 0.0 0.7 0.05 0.6 0.7 0.7 0.8 1.0 0.2 0.2 0.95 0.4 0.35 0.6 0.1 0.25 0.95 0.6 1.0 
-0.04212464337402739 0.4470874822921639 0.36674533862943925 0.4 0.5 0.8 0.4 0.6 0.55 1.0 0.3 0.7 0.15 0.55 0.2 1.0 0.75 0.35 0.5 0.7 0.4 0.7 0.05 0.4 0.25 0.2 0.0 1.0 0.55 0.1 0.95 0.95 0.15 0.2 0.25 0.4 0.5 0.5 0.75 
-0.008292789487029061 0.6326479718257001 0.6168388101614113 0.45 0.8 0.4 0.8 0.1 0.3 0.6 0.9 0.55 0.65 0.25 0.7 0.75 0.15 0.35 1.0 0.6 0.3 0.6 0.2 0.8 0.75 0.1 0.95 1.0 0.4 0.65 1.0 0.35 0.25 0.6 0.6 0.3 0.95 0.65 0.1 
-0.013749841709963616 0.658462850074029 0.42278354966081316 0.9 0.8 0.7 0.2 0.1 0.3 0.7 0.9 0.55 0.55 0.25 0.6 0.85 0.25 0.75 0.55 0.6 0.25 0.6 0.9 1.0 0.75 0.7 0.95 1.0 0.2 0.45 1.0 0.35 0.25 0.1 0.6 0.3 0.95 0.6 0.2 
-0.029479757888808612 0.30657749775009646 0.45477991357224007 0.85 0.15 0.35 0.95 0.6 0.6 0.15 0.2 0.4 0.75 0.05 0.7 0.9 0.75 0.45 0.5 0.65 0.25 0.45 0.0 0.4 0.75 0.2 0.75 0.95 0.3 0.35 0.9 0.95 0.15 0.85 0.9 0.4 0.0 0.3 0.3 
-0.008305137074131662 0.6619780724328908 0.4773209156889797 1.0 0.8 0.2 0.5 0.1 0.3 1.0 0.25 0.95 0.8 0.1 0.25 0.45 0.25 0.35 0.45 0.7 0.25 0.7 0.8 0.6 0.7 0.65 0.75 1.0 0.2 0.2 0.95 0.45 0.35 0.6 1.0 0.75 0.8 0.15 0.05 
-0.033332263927455294 0.47310465329365003 0.6237428844367936 0.9 0.2 1.0 1.0 0.6 0.6 0.05 0.4 0.7 0.1 0.7 0.25 0.95 0.85 1.0 0.85 0.7 0.35 0.15 0.5 0.35 0.75 0.2 0.65 1.0 0.35 0.65 1.0 0.95 0.5 0.5 0.9 0.4 0.75 0.1 0.3 
-0.08800033534198196 0.33887688740626665 0.5026990477509765 0.9 0.55 0.95 0.35 0.15 0.45 0.75 0.3 0.7 0.15 0.8 0.25 0.85 0.75 0.5 0.45 0.7 0.35 0.85 1.0 0.4 0.35 0.8 0.8 1.0 0.3 0.45 0.85 0.95 0.25 0.2 0.85 0.4 0.65 0.9 0.05 
-0.004096608539427196 0.4244457470224096 0.6082186980185507 0.65 0.55 0.5 1.0 0.65 0.6 0.65 0.1 0.1 0.15 0.8 0.1 0.65 0.0 0.45 0.6 0.7 0.35 0.3 0.05 0.4 0.95 0.45 0.55 1.0 0.35 0.55 0.85 0.95 0.5 0.4 0.45 0.65 0.2 0.5 0.35 
-0.015092411005752693 0.6547405844351499 0.5813943846738889 0.8 0.55 0.65 0.45 0.1 0.4 0.65 0.45 0.45 0.65 1.0 0.75 0.55 0.9 0.65 1.0 0.3 0.45 0.1 0.55 0.6 0.2 0.15 0.9 0.95 0.05 0.6 0.95 0.05 0.2 0.35 0.9 0.75 0.3 0.7 0.8 
-0.015399574187885116 0.6204864768233321 0.5673866151873639 0.55 0.55 0.65 0.55 0.5 0.35 0.5 0.45 0.45 0.85 1.0 0.75 1.0 0.9 0.9 1.0 0.55 0.6 0.05 0.3 0.6 0.35 0.25 0.9 0.95 0.0 0.7 0.75 0.0 0.2 0.7 0.35 0.15 0.5 0.7 0.85 
-0.02977463265538569 0.3293549470209606 0.48290659919941464 0.75 0.15 0.35 0.95 0.6 0.6 0.35 0.2 0.5 0.65 0.05 0.7 0.9 0.75 0.45 0.5 0.65 0.25 0.85 0.0 0.4 0.75 0.2 0.75 0.95 0.3 0.35 1.0 0.95 0.15 0.85 0.9 0.4 0.0 0.3 0.7 
-0.010669508092757941 0.6071654459847429 0.35100312774252573 1.0 0.8 0.4 0.5 0.25 0.6 1.0 0.25 0.75 0.9 0.1 0.3 0.9 0.1 0.5 0.7 0.7 0.25 0.25 0.2 0.7 0.7 0.7 0.9 0.9 0.2 0.2 1.0 0.45 0.35 0.6 1.0 0.45 0.8 0.75 0.1 
-0.006901706443829755 0.33854066892532586 0.5086331549540014 0.75 0.15 0.35 0.9 0.6 0.6 0.35 0.2 0.5 0.65 0.05 0.7 0.9 0.75 0.45 0.5 0.65 0.15 0.85 0.0 0.4 0.75 0.2 0.75 0.95 0.3 0.35 1.0 0.95 0.15 0.85 0.9 0.4 0.0 0.3 0.7 
-0.004645047463724948 0.6550831567393468 0.5594365886686122 0.8 0.55 0.65 0.45 0.1 0.45 0.65 0.45 0.45 0.85 0.95 0.75 0.65 0.9 0.65 1.0 0.3 0.45 0.05 0.55 0.6 0.2 0.25 0.9 0.95 0.85 0.6 0.95 0.0 0.2 0.35 0.05 0.4 0.3 0.7 0.8 
-0.015043234514090944 0.6265201856807301 0.5892595193454322 1.0 0.8 0.4 0.95 0.1 0.3 0.6 0.9 0.55 0.95 0.25 0.6 0.5 0.15 0.35 1.0 0.6 0.3 0.6 0.2 0.8 0.7 0.7 0.95 1.0 0.2 0.45 0.9 0.35 0.3 0.0 0.6 0.0 0.95 0.65 0.85 
-0.009900922993620543 0.37719725938980003 0.40238735069800075 0.4 0.5 0.8 0.15 0.65 0.55 1.0 0.3 0.7 0.15 0.4 0.2 1.0 0.75 0.35 0.5 0.7 0.35 0.7 0.05 0.4 0.25 0.2 0.0 1.0 0.3 0.5 0.9 0.95 0.15 0.2 0.25 0.4 0.0 0.5 0.75 
-0.031936246982895246 0.670428134444454 0.38225600328760556 1.0 0.6 0.4 0.55 0.1 0.3 0.7 0.9 0.55 0.5 0.25 0.55 0.85 0.15 0.35 1.0 0.6 0.3 0.6 0.15 0.8 0.75 0.1 0.95 1.0 0.2 0.2 0.9 0.35 0.25 0.45 0.6 0.6 0.95 0.65 0.1 
-0.00039317643721831474 0.6490018778822784 0.5267884679437627 1.0 0.8 0.4 0.6 0.1 0.3 0.45 0.9 0.55 0.9 0.25 0.3 0.85 0.15 0.35 1.0 0.6 0.3 0.6 0.2 0.8 0.75 0.5 0.95 1.0 0.05 0.45 0.9 0.35 0.25 1.0 0.6 0.3 0.95 0.5 0.1 
-0.0027331432103627614 0.35207876926764636 0.40635026795044166 0.8 0.5 0.8 0.4 0.6 0.55 0.65 0.3 0.7 0.25 0.55 0.2 0.95 0.75 0.35 0.5 0.7 0.25 0.05 0.05 0.4 0.25 0.2 0.75 1.0 0.3 0.5 0.85 0.95 0.15 0.2 0.55 0.4 0.0 0.4 0.75 
-0.011198389122961295 0.37607112436881923 0.4072271366700928 0.4 0.5 0.8 0.15 0.65 0.55 1.0 0.3 0.7 0.15 0.4 0.2 1.0 0.75 0.35 0.5 0.7 0.35 0.7 0.05 0.4 0.25 0.2 0.0 1.0 0.3 0.5 0.9 0.95 0.15 0.2 0.25 0.4 0.0 0.5 0.75 
-0.021265414035171723 0.586045885979249 0.34674198336455764 1.0 0.75 0.1 0.45 0.1 0.3 0.1 0.1 0.65 0.1 0.85 0.35 0.85 0.25 0.45 0.65 0.6 0.0 0.6 0.05 0.6 0.7 0.7 0.8 1.0 0.2 0.2 0.95 0.4 0.3 0.6 0.1 0.5 0.65 0.85 1.0 
-0.03468459861125292 0.632171655542451 0.35634681139215446 1.0 0.8 0.35 0.45 0.1 0.3 0.55 0.95 1.0 0.65 0.1 0.3 0.85 0.25 0.35 0.65 0.6 0.25 0.6 0.3 0.6 0.75 0.3 0.0 1.0 0.2 0.2 1.0 0.45 0.35 0.6 0.1 0.25 0.95 0.6 0.1 
-0.038408529082244465 0.33850576329828197 0.43325837704348436 0.7 0.5 0.9 0.25 0.6 0.7 1.0 0.3 0.7 0.15 0.55 0.2 1.0 0.75 0.45 0.3 0.7 0.35 0.2 0.0 0.2 0.25 0.2 0.0 0.95 0.3 0.5 0.95 0.95 0.15 0.4 0.25 0.4 0.0 0.5 0.05 
-0.03373261361943793 0.6335290325930613 0.38449019512587634 1.0 0.8 0.7 0.6 0.2 0.45 0.6 0.25 0.75 0.8 0.1 0.4 0.7 0.25 0.35 0.7 0.7 0.25 0.05 0.2 0.2 0.7 0.7 0.75 0.5 0.2 0.2 0.95 0.45 0.35 0.6 1.0 0.05 0.9 0.6 0.1 
-0.0199465587785476 0.6706095496680385 0.40745449360400354 0.9 0.8 0.7 0.3 0.1 0.3 0.7 0.9 0.55 0.5 0.25 0.6 0.85 0.25 0.35 0.55 0.6 0.25 0.6 0.9 1.0 0.75 0.35 0.75 1.0 0.15 0.45 1.0 0.35 0.25 0.1 0.6 0.3 0.95 0.6 0.2 
-0.0013571674072613005 0.6363912581397534 0.4932073035410838 1.0 0.8 0.4 0.2 0.1 0.3 0.6 0.9 0.55 0.55 0.25 0.55 0.4 0.15 0.65 0.7 0.6 0.3 0.05 0.7 0.8 0.75 0.1 0.95 1.0 0.2 0.65 0.9 0.35 0.25 0.85 0.2 0.3 0.95 0.65 0.1 
-0.0157359879592451 0.6456647795115331 0.5459443949716641 0.8 0.55 0.65 0.45 0.1 0.45 0.65 0.45 0.45 0.95 0.95 0.75 0.65 0.9 0.65 1.0 0.3 0.45 0.05 0.55 0.6 0.2 0.25 0.9 0.95 0.85 0.6 0.95 0.0 0.2 0.35 0.05 0.4 0.3 0.7 0.0 
-0.0022464856505598737 0.6906579354272522 0.42245652403087963 0.7 0.8 0.2 0.7 0.1 0.35 0.9 0.7 0.8 0.8 0.1 0.4 0.95 0.25 0.35 0.6 0.7 0.25 0.85 0.7 0.8 0.7 0.35 0.75 1.0 0.2 0.2 0.95 0.45 0.35 0.25 1.0 0.7 0.0 0.6 0.1 
-0.023670789702842397 0.6732914972812825 0.363382694805927 1.0 0.8 0.2 0.65 0.1 0.3 0.85 0.95 0.5 0.45 0.1 0.4 0.25 0.25 0.35 0.65 0.7 0.25 0.7 0.45 0.6 0.7 0.75 0.85 1.0 0.2 0.2 0.95 0.45 0.4 0.6 0.85 0.75 1.0 0.15 0.7 
-0.05256842734257695 0.711995554680817 0.4261653230355644 0.85 0.65 0.4 0.25 0.1 0.3 0.55 0.9 0.55 0.85 0.25 0.7 0.8 0.1 0.2 1.0 0.6 0.3 0.6 0.2 1.0 0.75 0.1 0.95 1.0 0.4 0.45 1.0 0.35 0.25 0.6 0.6 0.25 0.95 0.65 0.1 
-0.017188567607148934 0.6855635639858197 0.4500702252429379 0.9 0.8 0.75 0.7 0.1 0.3 0.7 0.9 0.6 0.85 0.25 0.6 0.65 0.25 0.35 0.55 0.6 0.25 0.6 0.9 0.75 0.75 0.1 0.95 1.0 0.2 0.5 1.0 0.35 0.25 0.6 0.6 0.3 0.95 0.6 0.2 
-0.010293918276108609 0.3516459475058841 0.40133458060989646 0.85 0.5 0.8 0.4 0.6 0.55 0.9 0.3 0.7 0.15 0.35 0.2 1.0 0.75 0.35 0.5 0.7 0.35 0.7 0.05 0.4 0.25 0.2 0.0 1.0 0.3 0.5 0.85 0.95 0.15 0.2 0.25 0.4 0.0 0.5 0.75 
-0.00033988770677410846 0.3479450934154106 0.5480969240812789 0.85 0.05 0.5 0.6 0.6 0.6 0.45 0.3 0.0 0.15 0.55 0.4 0.9 0.75 0.4 0.5 0.7 0.35 0.3 0.05 0.6 0.25 0.2 0.65 0.95 0.35 0.45 0.95 0.95 0.15 0.2 0.25 0.25 0.4 0.5 0.25 
-0.010388998856041744 0.6744492508811676 0.5035287232296625 1.0 0.8 0.5 0.0 0.1 0.9 0.6 0.9 0.55 0.55 0.25 0.7 0.75 0.15 0.4 1.0 0.6 0.3 0.6 0.2 0.8 0.75 0.1 0.95 1.0 0.05 0.45 0.85 0.35 0.25 0.95 0.6 0.3 0.95 0.5 0.6 
-5.582730932022823 0.5649075264880905 0.6586199190252695 0.85 0.35 0.25 0.85 0.0 0.4 0.05 0.4 0.45 0.65 0.35 0.6 0.7 0.4 0.3 0.95 0.3 0.3 0.4 0.35 0.0 0.8 0.7 0.9 1.0 0.05 0.7 0.75 0.0 0.3 0.75 0.55 0.2 0.85 0.9 0.15 
-0.14778322155691911 0.5899672905293291 0.6331548337973235 0.85 0.35 0.25 0.8 0.0 0.4 0.4 0.2 0.35 0.55 0.5 0.65 0.4 0.65 0.6 1.0 0.3 0.3 0.4 0.55 0.0 0.05 0.35 0.65 1.0 0.05 0.7 0.75 0.0 0.2 0.2 0.45 0.25 0.85 0.35 0.0 
-0.07426725039259063 0.6148073422584557 0.35803055443861215 1.0 0.8 0.4 0.65 0.2 0.4 0.85 0.25 0.8 0.8 0.1 0.4 0.8 0.25 0.35 0.65 0.7 0.25 0.05 0.45 0.7 0.7 0.7 0.8 1.0 0.2 0.2 0.95 0.5 0.35 0.6 1.0 0.65 0.9 0.9 0.1 
-0.034845774580628104 0.695622327141892 0.4774098474503176 1.0 0.8 0.4 0.2 0.1 0.3 0.6 0.9 0.55 0.55 0.25 0.55 0.4 0.15 0.65 0.7 0.6 0.3 0.05 0.2 0.8 0.75 0.1 0.95 1.0 0.2 0.45 0.9 0.35 0.25 0.85 0.2 0.3 0.95 0.65 0.1 
-0.03909445387202608 0.6712381464889423 0.5410970132980343 0.8 0.55 0.65 0.45 0.1 0.4 0.65 0.45 0.45 0.65 1.0 0.75 0.55 0.9 0.65 1.0 0.3 0.45 0.05 0.55 0.6 0.2 0.15 0.9 0.95 0.05 0.6 0.95 0.0 0.2 0.35 0.9 0.75 0.3 0.7 0.8 
-0.009719711008356209 0.6759208442765331 0.4739959514751445 0.95 0.8 0.5 0.45 0.1 0.3 0.95 0.55 0.55 0.55 0.25 0.6 0.85 0.25 0.15 0.55 0.6 0.25 0.6 0.9 0.8 0.75 0.1 0.95 1.0 0.2 0.45 1.0 0.35 0.25 0.6 0.6 0.3 0.95 0.5 0.2 
-0.0022843927682055076 0.5720871273924818 0.34350435532682155 1.0 0.75 0.1 0.55 0.1 0.3 0.1 0.1 0.25 0.1 0.8 0.9 0.85 0.25 0.35 0.65 0.6 0.0 0.7 0.05 0.6 0.7 0.7 0.8 1.0 0.2 0.2 0.95 0.4 0.35 0.6 0.1 0.25 0.95 0.6 1.0 
-0.11950572741939862 0.33107558122697767 0.3756995891093667 0.15 0.65 0.75 0.4 0.6 0.55 0.95 0.3 0.7 0.15 0.6 0.35 1.0 0.75 0.35 0.5 0.7 0.3 0.7 0.05 0.4 0.25 0.65 0.85 1.0 0.3 0.4 0.85 0.95 0.15 0.2 0.7 0.4 0.0 0.5 0.05 
-0.09782607902945999 0.31602949730072827 0.4925828012214974 0.7 0.15 0.45 1.0 0.65 0.6 0.65 0.1 0.6 0.1 0.55 0.75 0.8 0.75 0.45 0.5 0.7 0.35 0.3 0.05 0.4 0.25 0.15 0.0 0.85 0.35 0.5 1.0 0.95 0.5 0.2 0.3 0.4 0.8 0.75 0.35 
-0.01879409188001903 0.44549921957266286 0.6225797428102561 0.7 0.65 0.95 0.95 0.6 0.6 0.15 0.1 0.0 0.1 0.2 0.05 0.9 0.75 1.0 0.85 0.7 0.35 0.05 0.05 0.4 0.25 0.3 0.0 1.0 0.35 0.5 0.95 0.95 0.5 0.2 0.3 0.4 0.3 0.3 0.9 
-0.030931453683260755 0.6922453026896741 0.5022480051878522 1.0 0.8 0.4 0.35 0.1 0.3 0.9 0.9 0.55 0.55 0.25 0.6 0.85 0.95 0.45 1.0 0.6 0.3 0.6 0.2 0.8 0.75 0.1 0.95 1.0 0.2 0.45 0.9 0.35 0.25 0.6 0.9 0.3 0.95 0.65 0.25 
-0.006269736694387644 0.3931869252328125 0.3666825855173148 0.65 0.5 0.95 0.15 0.5 1.0 1.0 0.3 0.7 0.15 0.55 0.25 0.85 0.75 0.35 0.5 0.75 0.4 0.8 0.95 0.4 0.25 0.2 0.35 0.95 0.3 0.5 0.95 0.95 0.15 0.2 0.8 0.4 0.0 0.5 0.1 
-0.011169615904055484 0.6620704636640546 0.3358097095380749 1.0 0.8 0.2 0.65 0.1 0.3 1.0 0.95 0.5 0.45 0.1 0.4 0.8 0.25 0.35 0.65 0.7 0.25 0.7 0.45 0.6 0.7 0.65 0.75 1.0 0.2 0.2 0.95 0.45 0.35 0.6 1.0 0.75 1.0 0.6 0.1 
-0.007308173402152943 0.5315928911277622 0.36413653913647415 1.0 0.55 0.1 0.55 0.1 0.3 0.1 0.95 0.5 0.15 0.75 0.8 0.85 0.1 0.65 0.7 0.6 0.0 1.0 0.05 0.1 0.3 0.75 0.8 1.0 0.2 0.3 0.95 0.4 0.35 0.6 0.1 0.25 0.5 0.6 1.0 
-0.08169277367669509 0.4136727656754898 0.6392315428489636 0.3 0.5 1.0 1.0 0.6 0.6 0.25 0.25 0.75 0.1 0.0 0.25 0.95 0.75 0.9 0.85 0.7 0.35 0.5 0.5 0.35 0.15 0.2 0.0 1.0 0.35 0.65 1.0 0.95 0.5 0.5 0.9 0.4 0.1 0.05 0.35 
-0.007800221587658087 0.6840201273289633 0.3758760395101074 1.0 0.8 0.4 0.65 0.2 0.4 0.85 0.75 0.8 0.8 0.1 0.4 0.7 0.25 0.35 0.65 0.7 0.25 0.05 0.45 0.7 0.7 0.7 0.8 1.0 0.2 0.2 0.95 0.45 0.35 0.6 1.0 0.65 0.9 0.6 0.3 
-1.3399543986458726 0.5020526793514449 0.6386378545413044 0.85 0.35 0.2 0.85 0.0 0.4 0.85 0.4 0.55 0.7 0.35 0.6 1.0 0.45 0.35 0.95 0.3 0.3 0.4 0.75 0.0 0.35 0.35 0.65 1.0 0.05 0.7 0.75 0.0 0.3 0.75 0.6 0.2 0.85 0.9 0.5 
-0.02626535322727943 0.7000239093979971 0.3995942423669017 0.85 0.8 0.2 0.7 0.1 0.35 0.3 0.7 0.8 0.8 0.1 0.4 0.95 0.25 0.35 0.6 0.7 0.25 0.85 0.45 0.8 0.7 0.35 0.75 1.0 0.2 0.2 0.95 0.45 0.35 0.15 1.0 0.65 0.0 0.6 0.1 
-0.20348785933515878 0.7038249270217111 0.4502341274038573 0.8 0.8 0.45 0.25 0.1 0.3 0.9 0.9 0.55 0.55 0.25 0.7 0.85 0.2 0.35 1.0 0.6 0.3 0.6 0.2 1.0 0.75 0.1 0.95 1.0 0.4 0.65 1.0 0.35 0.25 0.6 0.6 0.3 0.95 0.65 0.05 
-0.26336338024079 0.3175800360054676 0.3919225682928739 1.0 0.5 0.75 0.55 0.6 0.65 0.75 0.2 0.65 0.15 0.55 0.2 1.0 0.75 0.45 0.5 0.7 0.35 0.2 0.0 0.4 0.4 0.95 0.6 0.95 0.35 0.4 0.75 0.95 0.15 1.0 0.55 0.4 0.0 0.35 0.0 
-0.02667518611877314 0.6746747619663158 0.51973571398022 0.8 0.55 0.55 0.55 0.1 0.4 0.4 0.45 0.45 0.85 1.0 0.5 0.95 0.9 0.45 1.0 0.3 0.45 0.4 0.1 0.6 0.65 0.1 0.9 0.95 0.05 0.7 0.95 0.0 0.2 0.7 0.15 0.4 0.5 0.7 0.5 
-0.00860429828378232 0.47379259730086365 0.3910489067827504 1.0 0.4 0.65 0.95 0.5 0.65 1.0 1.0 0.7 0.85 0.75 0.25 0.05 0.45 1.0 0.15 0.5 0.05 0.75 0.05 0.6 0.7 0.75 0.95 0.95 0.65 0.55 0.8 0.95 0.6 0.85 0.4 0.7 0.7 0.8 0.1 
-0.023547559530063517 0.36249787086515783 0.3431629059644978 0.1 0.5 0.8 0.4 0.65 0.55 1.0 0.3 0.7 0.15 0.55 0.2 1.0 0.75 0.35 0.5 0.7 0.35 0.7 0.05 0.4 0.25 0.55 0.0 1.0 0.3 0.35 0.95 0.95 0.15 0.2 0.25 0.4 0.0 0.5 0.75 
-0.006015137698547838 0.4355716658187165 0.3543696318108984 1.0 0.4 0.8 0.75 0.5 0.6 1.0 1.0 0.7 0.45 0.75 0.4 0.9 0.45 0.65 0.5 0.55 0.45 0.7 0.05 0.6 0.5 0.1 0.95 0.4 0.55 0.2 0.8 0.95 0.6 0.25 0.4 0.1 0.7 1.0 0.45 
-0.7501849554932014 0.4635851185894184 0.629009152298802 0.9 1.0 1.0 1.0 0.6 0.6 0.05 0.2 0.8 0.1 0.7 0.25 0.95 0.75 1.0 0.85 0.7 0.35 0.5 0.5 0.35 0.15 0.2 0.0 1.0 0.35 0.6 1.0 0.95 0.5 0.4 0.9 0.9 0.1 0.6 0.35 
-0.08041610301403072 0.3655271932736066 0.35170379698575105 0.8 0.5 0.8 0.4 0.6 0.55 1.0 0.3 0.7 0.25 0.55 0.2 0.95 0.75 0.35 0.5 0.7 0.25 0.0 0.05 0.4 0.25 0.2 0.75 1.0 0.3 0.5 0.85 0.95 0.15 0.2 0.55 0.4 0.0 0.4 0.75 
-0.016062160813018766 0.34722124086731176 0.38138633779309 0.05 0.65 0.75 0.4 0.6 0.55 1.0 0.3 0.7 0.15 0.55 0.35 1.0 0.75 0.35 0.5 0.7 0.35 0.7 0.05 0.4 0.25 0.8 0.85 1.0 0.3 0.4 0.85 0.95 0.15 0.2 0.6 0.4 0.0 0.5 0.05 
-0.028386571968851644 0.44771008669888 0.3543513684446631 1.0 0.4 0.8 0.75 0.5 0.6 1.0 1.0 0.7 0.45 0.75 0.4 0.9 0.45 0.65 0.5 0.55 0.45 0.7 0.05 0.6 0.5 0.1 0.95 0.45 0.55 0.2 0.8 0.9 0.6 0.2 0.4 0.1 0.7 1.0 0.45 
-0.03932577339077635 0.5298414337694662 0.37234530762202395 1.0 0.55 0.1 0.55 0.1 0.3 0.1 0.95 0.0 0.15 0.75 0.3 0.85 0.1 0.65 0.65 0.6 0.0 1.0 0.05 0.1 0.3 0.75 0.8 1.0 0.2 0.3 0.95 0.4 0.35 0.6 0.1 0.25 0.95 0.0 1.0 
-0.3000407327926981 0.6299317355638454 0.6300253868486775 0.45 0.8 0.4 0.8 0.1 0.3 0.6 0.9 0.55 0.75 0.25 0.7 0.75 0.15 0.35 1.0 0.6 0.3 0.6 0.2 0.8 0.75 0.1 0.95 1.0 0.4 0.65 0.95 0.35 0.25 0.6 0.6 0.3 0.9 0.65 0.6 
-0.005502932123017739 0.6601459199988579 0.5942809703711533 0.8 0.55 0.65 0.45 0.1 0.3 0.7 0.45 0.45 0.7 1.0 0.75 0.6 0.9 0.65 1.0 0.3 0.45 0.05 0.55 0.6 0.2 0.0 0.9 0.95 0.0 0.6 0.95 0.0 0.15 1.0 0.9 0.4 0.3 0.6 0.55 
-0.03599091214318403 0.5486574708971246 0.6420782327341177 0.85 0.35 0.2 0.85 0.0 0.4 0.0 0.4 0.55 0.25 0.35 0.6 0.95 0.45 0.3 0.95 0.3 0.3 0.4 0.75 0.0 0.8 0.8 0.65 1.0 0.05 0.7 0.75 0.0 0.3 0.75 0.35 0.2 0.85 0.5 0.5 
-0.021200086968817786 0.6412060877215434 0.5920381524833056 0.45 0.8 0.4 0.8 0.1 0.3 0.6 0.9 0.55 0.55 0.25 0.7 0.75 0.15 0.6 1.0 0.6 0.3 0.6 0.2 0.8 0.75 0.1 0.95 1.0 0.4 0.65 1.0 0.35 0.25 0.6 0.6 0.3 0.8 0.65 0.1 
-0.02312069930365718 0.6743939911483161 0.5389637830495115 0.8 0.55 0.65 0.45 0.1 0.4 0.65 0.45 0.45 0.65 1.0 0.75 0.65 0.9 0.65 1.0 0.3 0.45 0.05 0.55 0.6 0.2 0.15 0.9 0.95 0.05 0.6 0.95 0.0 0.2 0.35 0.9 0.75 0.3 0.7 0.8 
-0.05679444147184862 0.7221842498598295 0.3875310536597217 1.0 0.8 0.85 0.95 0.1 0.3 0.6 0.9 0.55 0.85 0.25 0.6 0.85 0.15 0.35 0.75 0.6 0.3 0.6 0.05 0.8 0.7 0.7 0.95 1.0 0.4 0.45 0.9 0.35 0.3 0.6 0.6 0.0 0.45 0.65 0.85 
-0.06016769614524107 0.6723226577710326 0.5619679822189092 1.0 0.8 0.4 0.6 0.1 0.3 0.6 0.9 0.55 0.55 0.25 0.7 0.75 0.15 0.4 1.0 0.6 0.3 0.6 0.2 0.8 0.75 0.1 0.95 1.0 0.05 0.45 0.9 0.35 0.25 0.95 0.6 0.3 0.95 0.5 0.6 
-0.017053881916213653 0.6581705947849168 0.32755569372793614 1.0 0.8 0.2 0.65 0.1 0.3 1.0 0.95 0.5 0.45 0.1 0.4 1.0 0.25 0.35 0.65 0.7 0.25 0.7 0.45 0.6 0.7 0.85 0.75 1.0 0.2 0.2 0.95 0.45 0.35 0.6 1.0 0.75 1.0 0.15 0.7 
-0.17010160076197622 0.31002775658926973 0.42264994093603825 1.0 0.5 0.75 0.55 0.6 0.65 0.6 0.2 0.65 0.15 0.55 0.2 1.0 0.75 0.45 0.5 0.7 0.35 0.2 0.35 0.4 0.4 0.95 0.55 0.95 0.35 0.4 0.75 0.95 0.15 1.0 0.55 0.4 0.0 0.35 0.0 
-0.007016799838800135 0.36980683522283 0.38002549777593203 0.7 0.3 0.9 0.2 0.6 0.75 1.0 0.3 0.65 0.1 0.6 0.4 0.75 0.75 0.45 0.45 0.7 0.35 0.2 0.55 0.0 0.25 0.2 0.0 0.95 0.3 0.5 0.95 0.95 0.15 0.45 0.25 0.4 0.35 0.15 0.05 
-0.05117627747965863 0.6904508987865402 0.5238300382862685 0.8 0.55 0.65 0.45 0.1 0.4 0.65 0.45 0.45 0.9 1.0 0.75 0.65 0.9 0.65 1.0 0.3 0.45 0.05 0.55 0.6 0.2 0.15 0.9 0.95 0.05 0.6 0.95 0.0 0.2 0.35 0.9 0.75 0.3 0.7 0.8 
-0.02428172464786119 0.38671169315182297 0.6102809214149443 0.7 0.45 0.5 1.0 0.65 0.6 0.7 0.1 0.2 0.1 0.65 0.4 0.65 0.75 0.45 0.95 0.7 0.35 0.4 0.65 0.4 0.25 0.45 0.1 0.95 0.35 0.8 0.95 0.95 0.5 0.05 0.3 0.4 0.8 0.8 0.85 
-0.4331415383390373 0.5067146010840151 0.6510203062034763 0.85 0.35 0.2 0.85 0.0 0.4 0.15 0.4 0.55 0.7 0.35 0.6 1.0 0.45 0.35 0.95 0.3 0.3 0.4 0.75 0.0 0.8 0.35 0.65 1.0 0.1 0.7 0.75 0.0 0.3 0.75 0.6 0.2 0.85 0.5 0.5 
-0.003485943474495693 0.47352769863155086 0.36300853627587015 0.6 0.5 0.8 0.5 0.3 0.5 0.85 0.3 0.7 0.15 0.55 0.2 1.0 0.75 0.3 0.5 0.7 0.25 0.1 0.05 0.4 0.2 0.2 0.0 0.75 0.8 0.55 0.85 0.95 0.15 0.2 0.25 0.15 0.0 0.5 0.6 
-0.10372051727746491 0.34197633986167025 0.572428963358415 0.85 0.55 0.95 0.3 0.15 0.45 0.75 0.3 0.7 0.3 0.8 0.25 0.9 0.75 0.5 0.95 0.7 0.35 0.85 0.05 0.4 0.35 0.6 0.8 1.0 0.3 0.45 0.85 0.95 0.25 0.3 0.4 0.4 0.65 0.9 0.55 
-0.040421106169237435 0.6347503949140689 0.34001134863133353 1.0 0.8 0.75 0.65 0.25 0.45 1.0 0.25 0.75 0.8 0.1 0.4 0.95 0.25 0.35 0.7 0.7 0.25 0.25 0.8 0.7 0.7 0.7 0.75 0.75 0.2 0.25 1.0 0.45 0.35 0.8 1.0 0.7 0.9 0.75 0.85 
-0.028008913365034385 0.36627719922440183 0.3106073831549061 0.45 0.5 0.8 0.4 0.6 0.55 1.0 0.3 0.7 0.15 0.55 0.35 0.95 0.75 0.35 0.5 0.7 0.35 0.0 0.05 0.4 0.75 0.2 0.0 1.0 0.3 0.5 0.85 0.95 0.15 0.05 0.25 0.15 0.0 0.5 0.75 
-0.016387132656211528 0.4046265633503648 0.3528349156654733 0.1 0.5 0.8 0.15 0.65 0.55 1.0 0.3 0.7 0.15 0.55 0.2 1.0 0.75 0.35 0.35 0.7 0.35 0.7 0.05 0.4 0.25 0.55 0.0 1.0 0.3 0.5 0.95 0.95 0.15 0.2 0.25 0.4 0.0 0.5 0.75 
-0.20234420451203156 0.608437545494409 0.6342924062161083 0.2 0.8 0.25 0.85 0.1 0.3 0.6 0.9 0.55 0.75 0.25 0.7 0.75 0.1 0.35 1.0 0.6 0.3 0.6 0.2 0.8 0.75 0.25 0.95 1.0 0.4 0.65 0.95 0.35 0.25 0.6 0.45 0.3 0.9 0.25 0.6 
-0.0462077409052557 0.713843692274478 0.46311649246723335 0.85 0.8 0.6 0.25 0.1 0.3 0.9 0.9 0.55 0.55 0.25 0.7 0.95 0.2 0.35 1.0 0.6 0.3 0.6 0.75 1.0 0.85 0.0 0.95 0.9 0.4 0.65 1.0 0.35 0.1 0.6 0.8 0.3 0.95 0.65 0.1 
-0.03002856120244012 0.3894493326159197 0.33070013857806657 0.4 0.5 0.8 0.4 0.6 0.55 1.0 0.3 0.7 0.15 0.55 0.2 1.0 0.75 0.35 0.5 0.7 0.4 0.7 0.9 0.5 0.25 0.2 0.0 0.8 0.3 0.35 0.95 0.95 0.15 0.2 0.25 0.4 0.5 0.5 0.75 
-0.07605660818975733 0.714922013362695 0.5086508482863284 0.65 0.8 0.45 0.2 0.1 0.3 0.8 0.9 0.55 0.55 0.25 0.7 0.85 0.15 0.25 1.0 0.6 0.3 0.6 0.2 0.15 0.75 0.1 0.95 1.0 0.4 0.65 1.0 0.35 0.25 0.6 0.3 0.3 0.95 0.3 0.1 
-0.01595817510984502 0.698965853127205 0.48907099268706644 1.0 0.8 0.4 0.2 0.1 0.3 1.0 0.9 0.55 0.55 0.25 0.55 0.4 0.15 0.65 0.7 0.6 0.3 0.05 0.25 0.8 0.75 0.1 0.95 1.0 0.2 0.45 0.9 0.35 0.25 0.85 0.2 0.3 0.95 0.65 0.1 
-0.00917631507286493 0.3945611711718497 0.35372867312905854 0.7 0.5 0.8 0.15 0.6 0.7 1.0 0.3 0.7 0.15 0.55 0.25 0.85 0.75 0.35 0.5 0.75 0.4 0.8 1.0 0.4 1.0 0.2 0.35 0.95 0.3 0.5 0.95 0.95 0.15 0.2 0.8 0.7 0.5 0.75 0.1 
-0.0166046460485876 0.337659946687614 0.3431311145315703 0.15 0.65 0.75 0.4 0.6 0.55 0.95 0.3 0.7 0.15 0.55 0.35 1.0 0.75 0.35 0.5 0.7 0.3 0.7 0.05 0.4 0.25 0.65 0.85 1.0 0.3 0.4 0.85 0.95 0.15 0.2 0.7 0.4 0.0 0.5 0.05 
-0.050037050983482656 0.7284165957796658 0.4553169807094103 0.85 0.8 0.45 0.25 0.1 0.3 0.9 0.9 0.55 0.55 0.25 0.7 0.85 0.2 0.35 1.0 0.6 0.3 0.6 0.2 1.0 0.75 0.1 0.95 1.0 0.4 0.65 1.0 0.35 0.25 0.6 0.6 0.3 0.95 0.65 0.1 
-0.010752742477311908 0.720294114350904 0.42956210220446217 0.8 0.65 0.4 0.25 0.1 0.3 0.55 0.9 0.55 0.8 0.25 0.7 0.8 0.1 0.5 1.0 0.6 0.3 0.6 0.05 1.0 0.75 0.1 0.95 1.0 0.4 0.45 1.0 0.35 0.25 0.6 0.8 0.3 0.95 0.65 0.1 
-0.016386635586599807 0.36268803944571004 0.6065964622109059 0.65 0.55 0.5 1.0 0.65 0.6 0.7 0.1 0.1 0.1 0.9 0.45 0.65 0.75 0.45 0.6 0.7 0.35 0.3 0.05 0.4 0.25 0.45 0.55 0.95 0.35 0.55 0.75 0.95 0.5 0.95 0.45 0.65 0.2 0.15 0.35 
-0.03695886299244645 0.4929377627430159 0.37638635521913694 0.25 0.05 0.8 0.4 0.5 0.7 1.0 0.3 0.7 0.15 0.55 0.2 1.0 0.75 0.35 0.5 0.7 0.4 1.0 0.05 0.4 0.65 0.2 0.0 1.0 0.3 0.55 0.85 0.95 0.15 0.65 0.25 0.6 0.0 0.5 0.75 
-0.05353269993526946 0.7193855469387709 0.44032649967228693 0.8 0.65 0.2 0.25 0.1 0.3 0.55 0.9 0.55 0.8 0.25 0.7 0.8 0.1 0.5 1.0 0.6 0.3 0.6 0.05 1.0 0.75 0.1 0.95 1.0 0.4 0.45 1.0 0.35 0.25 0.2 0.8 0.3 0.95 0.65 0.1 
-0.0004619775432375967 0.3459363867637738 0.5809677430217739 0.7 0.5 0.6 1.0 0.65 0.6 0.65 0.1 0.45 0.1 0.55 0.5 0.45 0.75 0.45 0.5 0.7 0.35 0.3 0.05 0.4 0.25 0.15 0.0 0.95 0.35 0.5 0.95 0.95 0.5 0.25 0.3 0.4 0.8 0.75 0.35 
-0.007656189365268576 0.33882134477342274 0.558709446731823 0.7 0.5 0.6 1.0 0.65 0.6 0.65 0.1 0.95 0.1 0.55 0.5 0.75 0.75 0.45 0.5 0.7 0.35 0.3 0.05 0.3 0.25 0.15 0.0 0.95 0.35 0.5 0.95 0.95 0.5 0.25 0.3 0.4 0.8 0.75 0.35 
-0.012874236824430374 0.6273216523715305 0.31478684022189374 1.0 0.8 0.5 0.65 0.25 0.5 1.0 0.25 0.75 1.0 0.1 0.4 0.75 0.1 0.35 0.7 0.7 0.25 0.25 0.2 0.7 0.7 0.7 0.75 0.7 0.2 0.2 1.0 0.45 0.35 0.6 1.0 0.45 0.9 0.75 0.1 
-0.03252090778205546 0.638829733473812 0.327860277439846 1.0 0.8 0.75 0.65 0.25 0.45 1.0 0.25 0.75 0.8 0.1 0.4 0.3 0.25 0.35 0.7 0.7 0.25 0.25 0.2 0.7 0.7 0.7 0.75 0.75 0.2 0.2 1.0 0.45 0.35 0.6 1.0 0.7 0.9 0.95 0.1 
-0.10999382745383816 0.7411695085973408 0.4844047916692428 1.0 0.8 0.4 0.0 0.1 0.3 0.55 0.9 0.55 0.8 0.25 0.7 0.85 0.0 0.35 1.0 0.6 0.3 0.85 0.6 1.0 0.55 0.1 0.95 1.0 0.4 0.65 1.0 0.35 0.25 0.6 0.6 0.05 0.95 0.65 0.1 
-0.002616028212148912 0.6888465737194572 0.32928618363854834 1.0 0.8 0.7 0.65 0.2 0.45 0.6 0.25 0.75 0.8 0.1 0.4 0.85 0.25 0.35 0.7 0.7 0.25 0.05 0.2 0.2 0.7 0.7 0.75 1.0 0.2 0.2 0.95 0.45 0.35 0.6 1.0 0.05 0.2 0.6 0.1 
-0.0036671592724689746 0.6962205560202231 0.33975525650247296 1.0 0.8 0.7 0.65 0.2 0.45 0.6 0.25 0.75 0.8 0.1 0.4 0.6 0.25 0.35 0.7 0.7 0.25 0.05 0.2 0.2 0.7 0.7 0.75 1.0 0.2 0.2 0.95 0.45 0.35 0.6 0.3 0.05 0.2 0.5 0.1 
-0.05144947861934057 0.31964300050407213 0.505361070878077 0.75 0.15 0.2 0.95 0.6 0.6 0.15 0.2 0.5 0.65 0.05 0.7 1.0 0.75 0.45 0.5 0.65 0.25 0.5 0.0 0.4 0.75 0.2 0.75 0.95 0.3 0.35 1.0 0.95 0.15 0.85 0.9 0.4 0.0 0.3 0.7 
-0.018209040335392567 0.3608820917133946 0.6142835628209432 0.65 0.55 0.5 1.0 0.65 0.6 0.65 0.1 0.1 0.15 0.8 0.1 0.6 0.75 0.45 0.6 0.7 0.35 0.3 0.05 0.4 0.95 0.45 0.55 0.95 0.35 0.55 0.85 0.95 0.5 0.4 0.45 0.65 0.2 0.5 0.35 
-0.00457930813321243 0.40993566130333864 0.3409571755816616 0.7 0.5 0.8 0.15 0.5 0.7 1.0 0.3 0.7 0.15 0.55 0.25 0.85 0.75 0.35 0.5 0.75 0.4 0.8 1.0 0.4 1.0 0.2 0.35 0.95 0.3 0.5 0.95 0.95 0.15 0.2 0.8 0.7 0.45 0.75 0.1 
-0.15179773693417917 0.41207923583825834 0.3172175534954176 0.4 0.35 0.8 0.4 0.6 0.55 1.0 0.3 0.7 0.15 0.55 0.2 1.0 0.75 0.35 0.5 0.7 0.4 0.7 0.05 0.4 0.0 0.2 0.0 1.0 0.3 0.5 0.95 0.95 0.15 0.2 0.25 0.4 0.0 0.5 0.75 
-0.011269668041123703 0.6991524891795466 0.3717028485916906 1.0 0.8 0.2 0.7 0.1 0.35 0.7 0.7 0.8 0.8 0.1 0.4 0.8 0.25 0.35 0.6 0.7 0.25 0.85 0.9 0.8 0.7 0.35 0.75 1.0 0.2 0.2 0.95 0.45 0.35 0.25 1.0 0.65 0.0 0.55 0.1 
-0.055600907630327025 0.6426624727033848 0.6151829365000797 0.45 0.8 0.4 0.8 0.1 0.3 0.6 0.9 0.55 0.55 0.25 0.7 0.75 0.15 0.35 1.0 0.6 0.3 0.6 0.2 0.8 0.75 0.1 0.95 1.0 0.4 0.65 1.0 0.35 0.25 0.25 0.6 0.3 0.95 0.65 0.1 
-0.00024437769949544485 0.691420163619571 0.3184167794067445 1.0 0.8 0.7 0.6 0.2 0.45 1.0 0.25 0.75 0.8 0.1 0.4 0.85 0.25 0.35 0.7 0.7 0.2 0.05 0.2 0.2 0.7 0.7 0.75 1.0 0.2 0.2 0.95 0.45 0.35 0.6 1.0 0.05 0.9 0.6 0.1 
-1.0309009892985534 0.3626721850405943 0.6380165617334166 0.3 0.5 0.45 1.0 0.65 0.6 0.95 0.1 0.5 0.2 0.05 0.4 0.7 0.75 0.45 0.8 0.7 0.35 0.3 0.05 0.65 0.15 0.2 0.7 1.0 0.35 0.6 1.0 0.95 0.5 0.2 0.3 0.4 0.5 0.0 0.35 
-0.2511605658742153 0.30878249274472924 0.3838475896863018 1.0 0.5 0.75 0.55 0.6 0.65 0.85 0.25 0.65 0.15 0.55 0.3 1.0 0.7 0.45 0.5 0.7 0.35 0.2 0.35 0.4 0.4 0.95 0.55 0.95 0.3 0.4 0.95 0.95 0.15 1.0 0.55 0.25 0.7 0.35 0.05 
-0.12345069113177148 0.524741201921783 0.6599219603190539 0.85 0.35 0.2 0.85 0.0 0.4 0.15 1.0 0.55 0.7 0.35 0.6 1.0 0.45 0.35 0.95 0.3 0.3 0.4 0.1 0.0 0.8 0.35 0.65 1.0 0.1 0.7 0.75 0.0 0.3 0.75 0.6 0.2 0.85 0.5 0.5 
-0.04386396754105261 0.728785391709727 0.5382610810926685 0.85 0.8 0.4 0.25 0.1 0.3 0.55 0.9 0.55 0.8 0.25 0.7 0.85 0.0 0.35 1.0 0.6 0.3 0.85 0.6 1.0 0.75 0.1 0.95 1.0 0.4 0.65 1.0 0.35 0.25 0.6 0.6 0.3 0.95 0.65 0.1 
-4.581371564542454 0.309278574017796 0.3672856844677075 1.0 0.5 0.75 0.55 0.6 0.65 0.8 0.25 0.65 0.15 0.55 0.3 0.95 0.75 0.45 0.5 0.7 0.35 0.2 0.35 0.4 0.4 0.95 0.55 0.95 0.35 0.4 0.95 0.95 0.15 1.0 0.55 0.25 0.7 0.35 0.05 
-10.994848714532017 0.27296664724358943 0.384668595050443 0.85 0.5 0.7 1.0 0.65 0.6 0.8 0.1 0.5 0.4 0.55 0.4 0.9 0.85 0.45 0.5 0.7 0.35 0.95 0.05 0.3 0.45 0.6 0.55 0.85 0.35 0.6 1.0 0.95 0.25 0.2 0.3 0.4 0.8 0.75 0.15 
-0.01924992876930279 0.31372607870765745 0.5415861824354277 0.7 0.45 0.5 1.0 0.65 0.6 0.7 0.1 0.55 0.1 0.0 0.4 0.65 0.75 0.45 0.55 0.7 0.35 0.3 0.85 0.4 0.25 0.45 0.4 0.95 0.35 0.5 0.65 0.95 0.5 0.05 0.3 0.4 0.8 0.5 0.85 
-0.03203985389708522 0.6002449432199367 0.31200704800378065 1.0 0.8 0.3 0.65 0.2 0.4 0.95 0.25 0.8 0.9 0.1 0.55 0.7 0.15 0.35 0.65 0.7 0.3 0.35 0.45 0.7 0.85 0.7 0.8 0.95 0.2 0.2 0.95 0.45 0.35 0.6 1.0 0.65 0.9 0.6 0.0 
-0.09581159093399562 0.43078140745839155 0.32118553007550377 0.05 0.05 0.8 0.4 0.6 0.55 1.0 0.3 0.7 0.15 0.55 0.2 1.0 0.75 0.35 0.5 0.7 0.4 0.7 0.05 0.4 0.25 0.8 0.0 1.0 0.3 0.5 0.85 0.95 0.15 0.2 0.25 0.4 0.0 0.5 0.75 
-0.009875128335306077 0.6585125892284981 0.2818767619503396 1.0 0.8 0.4 0.65 0.2 0.4 0.85 0.25 0.8 0.8 0.1 0.4 0.7 0.15 0.35 0.65 0.7 0.35 0.35 0.45 0.15 0.85 0.7 0.8 1.0 0.2 0.2 0.8 0.45 0.35 0.6 1.0 0.0 0.0 0.6 0.2 
-0.00012976797717682395 0.5245016431876295 0.3652652743283281 1.0 0.55 0.1 0.55 0.1 0.3 0.1 0.05 0.5 0.15 0.75 0.3 0.85 0.1 0.65 0.7 0.6 0.0 1.0 0.05 0.1 0.3 0.75 0.8 1.0 0.2 0.3 0.95 0.4 0.35 0.6 0.1 0.25 0.5 0.6 1.0 
-0.2229292526390325 0.3321963293506496 0.32990058896946894 0.4 0.65 0.75 0.4 0.6 0.55 1.0 0.3 0.7 0.2 0.55 0.35 1.0 0.75 0.35 0.5 0.7 0.3 0.7 0.05 0.4 0.25 0.8 0.7 1.0 0.3 0.4 0.85 0.95 0.15 0.3 0.45 0.4 0.0 0.5 0.05 
-0.42185124775223554 0.27482058746774485 0.4047975704910594 0.85 0.5 0.7 1.0 0.65 0.6 0.8 0.1 0.5 0.45 0.55 0.4 0.95 0.75 0.45 0.5 0.7 0.35 0.95 0.05 0.15 0.45 0.6 0.55 0.85 0.35 0.6 1.0 0.95 0.25 0.2 0.3 0.4 0.8 0.75 0.6 
-0.19028927028380657 0.6310685113344315 0.29522456109685047 1.0 0.8 0.5 0.65 0.25 0.5 1.0 0.25 0.75 1.0 0.1 0.4 0.75 0.1 0.35 0.7 0.7 0.25 0.25 0.2 0.7 0.7 0.7 0.75 0.85 0.2 0.2 1.0 0.45 0.35 0.6 1.0 0.45 0.9 0.75 0.1 
-0.03336205568142099 0.5652260930200372 0.31742587553269996 1.0 0.8 0.15 0.45 0.1 0.3 1.0 0.25 0.25 0.9 0.1 0.25 0.6 0.1 0.6 0.75 0.4 0.2 0.7 0.45 0.6 0.7 0.65 0.2 1.0 0.2 0.2 0.95 0.45 0.35 0.6 0.5 0.85 0.8 0.55 0.05 
-0.22260887259595658 0.2966843464323836 0.4425659280711461 0.85 0.5 0.7 1.0 0.65 0.6 0.8 0.1 0.5 0.4 0.55 0.4 0.8 0.75 0.45 0.5 0.7 0.35 0.95 0.05 0.15 0.45 0.6 0.55 0.85 0.35 0.6 0.8 0.95 0.25 0.2 0.3 0.4 0.8 0.75 0.6 
-0.02345859483924331 0.29301623230807805 0.5019066592183452 0.9 0.5 0.5 0.7 0.6 0.6 0.35 0.15 0.8 0.2 0.55 0.25 0.8 0.75 0.4 0.6 0.7 0.35 0.3 0.9 0.6 0.25 0.25 0.0 0.95 0.35 0.45 0.95 0.95 0.15 0.4 0.85 0.25 0.0 1.0 0.1 
-0.3445227318576946 0.6724520944896185 0.3181238377230319 1.0 0.8 0.4 0.65 0.2 0.4 0.85 0.25 0.8 0.8 0.1 0.4 0.7 0.25 0.35 0.65 0.7 0.25 0.05 0.45 0.7 0.7 0.7 0.8 1.0 0.2 0.2 0.95 0.45 0.35 0.6 1.0 0.65 0.9 0.6 0.1 
-0.009220476525385362 0.7073183171499438 0.538074478263807 0.85 0.8 0.5 0.25 0.1 0.3 0.55 0.9 0.55 0.55 0.25 0.7 0.75 0.0 0.35 1.0 0.6 0.3 0.85 0.45 1.0 0.75 0.1 0.15 1.0 0.4 0.65 1.0 0.35 0.25 0.6 0.6 0.3 0.95 0.65 0.9 
-0.09920177538644533 0.45798008382621974 0.33489332255590587 0.35 0.55 0.8 0.4 0.3 0.5 0.8 0.3 0.7 0.15 0.55 0.2 1.0 0.75 0.3 0.5 0.7 0.25 0.1 0.05 0.4 0.2 0.2 0.0 1.0 0.3 0.55 0.85 0.95 0.15 0.2 0.25 0.15 0.0 0.5 0.75 
-0.04106251944986036 0.2921004527060964 0.5325366941639893 0.7 0.45 0.65 1.0 0.65 0.6 0.7 0.1 0.55 0.1 0.0 0.4 0.85 0.75 0.45 0.55 0.7 0.35 0.3 0.25 0.4 0.9 0.45 0.4 1.0 0.35 0.5 0.95 0.95 0.5 0.05 0.3 0.4 0.8 0.5 0.85 
-2.7436538758699456 0.43843988250237287 0.6410125246738674 0.9 0.5 1.0 1.0 0.6 0.6 0.25 0.25 0.75 0.1 0.7 0.25 0.95 0.75 0.9 0.85 0.7 0.35 0.5 0.5 0.35 0.15 0.2 0.0 1.0 0.35 0.65 1.0 0.95 0.5 0.4 0.9 0.4 0.1 0.05 0.35 
-0.021407383308057013 0.443767023458379 0.3449998652477473 0.65 0.05 0.65 0.4 0.6 0.7 1.0 0.3 0.7 0.15 0.55 0.2 1.0 0.75 0.35 0.5 0.7 0.4 0.7 0.05 1.0 0.25 0.2 0.0 1.0 0.3 0.55 0.85 0.95 0.15 0.2 0.25 0.6 0.0 0.5 0.6 
-0.4182076229245954 0.7482363349369668 0.5024464146280002 1.0 0.8 0.4 0.25 0.1 0.3 0.9 0.9 0.55 0.8 0.25 0.7 0.85 0.0 0.35 0.9 0.6 0.3 0.85 0.6 1.0 0.55 0.1 0.95 1.0 0.4 0.65 1.0 0.35 0.25 0.6 0.6 0.3 0.95 0.65 0.1 
-0.3104281265664508 0.614227026234758 0.3058253771208562 1.0 0.8 0.4 0.4 0.25 0.45 1.0 0.3 0.75 0.9 0.1 0.4 0.75 0.1 0.35 0.7 0.7 0.25 0.25 0.35 0.7 0.7 0.7 0.25 0.8 0.2 0.2 1.0 0.45 0.35 0.6 1.0 1.0 0.9 0.75 0.1 
-0.211368984198456 0.7330134520305601 0.41132015054048837 0.85 0.65 0.4 0.25 0.1 0.3 0.55 0.9 0.55 1.0 0.25 0.7 0.8 0.1 0.2 1.0 0.6 0.3 0.6 0.2 1.0 0.75 0.1 0.95 1.0 0.4 0.45 1.0 0.35 0.25 0.6 0.6 0.3 0.95 0.65 0.1 
-0.05490068934067447 0.7205679514249346 0.35244628076227963 1.0 0.8 0.4 0.95 0.1 0.3 0.6 0.9 0.55 0.95 0.25 0.6 0.85 0.15 0.35 1.0 0.6 0.3 0.6 0.2 0.8 0.7 0.7 0.95 1.0 0.4 0.45 0.95 0.35 0.3 0.6 0.6 0.0 0.95 0.65 0.85 
-0.004938566778344952 0.3154926760770165 0.5822476498995895 0.85 0.5 0.45 1.0 0.65 0.6 0.65 0.1 0.3 0.15 0.55 0.4 0.9 0.75 0.45 0.5 0.7 0.35 0.3 0.6 0.25 0.45 0.15 0.0 0.8 0.35 0.6 1.0 0.95 0.5 0.2 0.3 0.4 0.8 0.75 0.25 
-0.3922368821970962 0.5038435949628972 0.3433614564116457 1.0 0.8 0.5 0.45 0.1 0.3 0.9 0.25 0.25 0.8 0.15 0.25 1.0 0.1 0.6 0.65 0.4 0.25 0.7 0.05 0.9 0.8 0.65 0.2 0.9 0.2 0.2 0.65 0.45 0.35 1.0 0.5 0.95 0.8 0.55 0.05 
-0.02368376144531808 0.6801763929360745 0.29690790902638664 1.0 0.8 0.2 0.8 0.2 0.45 1.0 0.25 0.75 1.0 0.1 0.4 0.75 0.1 0.3 0.7 0.7 0.25 0.4 0.2 0.7 0.3 0.7 0.75 0.85 0.2 0.2 1.0 0.45 0.35 0.6 0.75 0.6 0.9 0.75 0.55 
-0.3892765892833464 0.28188390639020844 0.5196636404734283 0.85 0.5 0.5 0.9 0.6 0.6 0.4 0.15 0.7 0.2 0.55 0.25 0.8 0.75 0.4 0.5 0.7 0.35 0.3 0.05 0.6 0.25 0.85 0.9 0.95 0.35 0.45 0.95 0.95 0.15 0.4 0.85 0.25 0.0 0.5 0.35 
-0.006617449619751094 0.34923611839111435 0.6015160462883142 0.65 0.55 0.5 1.0 0.65 0.6 0.7 0.1 0.45 0.1 0.9 0.05 0.65 0.75 0.45 0.5 0.7 0.35 0.3 0.05 0.4 0.25 0.45 0.55 0.95 0.35 0.75 0.75 0.95 0.5 0.95 0.3 0.65 0.2 0.5 0.35 
-0.021356512399986507 0.35067748837497426 0.5951211455879644 0.65 0.5 0.5 1.0 0.65 0.6 0.7 0.15 0.45 0.1 0.9 0.15 0.65 0.75 0.45 0.5 0.7 0.35 0.3 0.05 0.4 0.25 0.35 0.1 0.95 0.35 0.5 0.95 0.95 0.5 0.25 0.95 0.05 0.8 0.5 0.35 
-0.02719476219571131 0.5313620661112505 0.31644232867819744 1.0 0.8 0.5 0.45 0.1 0.3 0.9 0.25 0.25 0.8 0.15 0.25 0.95 0.1 0.6 0.65 0.4 0.1 0.7 0.45 0.9 0.8 0.65 0.2 1.0 0.2 0.2 0.95 0.45 0.35 1.0 0.5 0.85 0.8 0.55 0.05 
-0.023298622763732492 0.30495647116732216 0.5612426330288767 0.7 0.45 0.5 1.0 0.65 0.6 0.7 0.1 0.55 0.1 0.65 0.4 0.65 0.75 0.45 0.55 0.7 0.35 0.3 0.65 0.4 0.25 0.45 0.1 0.95 0.35 0.7 0.9 0.95 0.5 0.05 0.3 0.4 1.0 0.5 0.85 
-0.13869931725848958 0.6748953551963021 0.5891926485587726 0.85 0.8 0.4 0.7 0.1 0.3 0.55 0.9 0.55 1.0 0.25 0.7 1.0 0.25 0.2 1.0 0.6 0.3 0.6 0.2 1.0 0.75 0.1 0.95 1.0 0.4 0.65 1.0 0.35 0.25 0.6 0.6 0.65 0.95 0.65 0.1 
-0.0007795720159185386 0.3112194723700248 0.5784273115517465 0.7 0.45 0.5 1.0 0.65 0.6 0.7 0.1 0.55 0.1 0.0 0.4 0.85 0.75 0.45 0.55 0.7 0.35 0.3 0.25 0.4 0.25 0.45 0.4 0.95 0.35 0.5 0.95 0.95 0.5 0.05 0.3 0.4 0.8 0.5 0.85 
-0.08126380924381885 0.5515514970632885 0.3362676950416681 0.95 0.8 0.15 0.45 0.05 0.3 1.0 0.25 0.25 0.8 0.15 0.25 0.95 0.7 0.85 0.75 0.35 0.2 0.15 0.45 0.6 0.55 0.1 0.05 1.0 0.2 0.2 0.75 0.45 0.35 0.1 0.15 0.95 0.8 0.4 0.05 
-0.07661359411226638 0.28553056090319273 0.4888098315548409 0.9 0.5 0.5 0.7 0.6 0.6 0.35 0.15 0.8 0.2 0.55 0.25 0.9 0.75 0.4 0.6 0.7 0.35 0.3 0.05 0.6 0.25 0.25 0.0 0.95 0.35 0.45 0.95 0.95 0.15 0.4 0.85 0.25 0.0 1.0 0.35 
-0.03793047740729084 0.6984870655025829 0.5797171809808572 0.85 0.8 0.4 0.7 0.1 0.3 0.8 0.9 0.55 1.0 0.25 0.7 1.0 0.25 0.2 0.9 0.6 0.3 0.6 0.2 1.0 0.45 0.1 0.95 1.0 0.4 0.65 1.0 0.35 0.25 0.6 0.6 0.65 0.4 0.95 0.1 
-0.012501594620966746 0.7140119783180343 0.32602494099643287 1.0 0.8 0.4 0.75 0.1 0.3 0.8 0.9 0.55 0.95 0.25 0.5 0.85 0.15 0.35 0.85 0.6 0.3 0.6 0.95 0.8 1.0 0.0 0.35 1.0 0.4 0.45 0.9 0.35 0.3 0.6 0.6 0.45 0.3 0.9 0.1 
-0.005098371005627869 0.3865505617664082 0.3149886037788582 0.3 0.8 0.8 0.4 0.6 0.55 1.0 0.3 0.7 0.15 0.55 0.2 0.95 0.75 0.35 0.5 0.7 0.35 0.0 0.05 0.4 0.25 0.2 0.0 1.0 0.3 0.5 0.85 0.95 0.15 0.45 0.25 0.4 0.0 0.25 0.75 
-0.15712568468035462 0.48211093519377934 0.34216784855065907 0.4 0.5 0.8 0.4 0.6 0.55 1.0 0.3 0.7 0.15 0.55 0.2 1.0 0.75 0.35 0.5 0.7 0.4 0.7 0.05 0.5 0.25 0.2 0.0 0.8 0.3 0.1 0.95 0.95 0.15 0.2 0.25 0.4 0.5 0.5 0.75 
-0.19034543103231372 0.2915160584167802 0.4604662756887516 0.9 0.5 0.65 0.7 0.6 0.6 0.45 0.15 0.05 0.45 0.55 0.25 0.85 0.75 0.4 0.6 0.7 0.35 0.3 0.05 0.3 0.25 0.25 0.0 0.95 0.35 0.45 0.95 0.95 0.15 0.55 0.85 0.9 0.0 0.5 0.35 
-0.13087996681281558 0.5159277572117675 0.31114356400579934 1.0 0.8 0.5 0.45 0.1 0.3 0.9 0.25 0.25 0.8 0.15 0.25 0.95 0.1 0.6 0.65 0.4 0.2 0.7 0.05 0.9 0.8 0.9 0.2 0.9 0.2 0.2 0.95 0.45 0.35 1.0 0.5 0.85 0.8 0.55 0.05 
-15.387203561232473 0.28920791596004003 0.3689729380604858 1.0 0.5 0.75 0.7 0.6 0.6 0.65 0.3 0.65 0.25 0.55 0.25 1.0 0.75 0.4 0.5 0.7 0.25 0.55 0.05 0.4 0.25 0.2 0.55 0.95 0.35 0.45 0.95 0.95 0.15 1.0 0.45 0.4 0.0 0.5 0.0 
-0.09310253400465351 0.5301800579526434 0.32073215621924955 1.0 0.8 0.5 0.45 0.1 0.3 0.9 0.25 0.25 0.8 0.15 0.25 0.95 0.1 0.6 0.65 0.4 0.1 0.7 0.05 0.9 0.8 0.65 0.2 0.9 0.2 0.2 0.95 0.45 0.35 1.0 0.5 0.85 0.8 0.55 0.05 
-0.6065086306832069 0.6645589514608061 0.6032889298861586 0.65 0.55 0.65 0.45 0.1 0.3 0.7 0.45 0.45 0.85 1.0 0.65 0.65 0.9 0.65 1.0 0.3 0.45 0.05 0.55 0.6 0.2 0.0 0.9 0.95 0.0 0.6 0.95 0.0 0.15 0.15 0.9 0.4 0.3 0.4 0.25 
-0.33183665180750177 0.4898512992853052 0.3637147902807927 0.6 0.5 0.8 0.4 0.3 0.5 0.85 0.3 0.7 0.15 0.55 0.2 1.0 0.75 0.3 0.5 0.7 0.25 0.1 0.05 0.4 0.2 0.2 0.0 0.75 0.8 0.55 0.85 0.95 0.15 0.2 0.25 0.15 0.0 0.5 0.6 
-2.7498010088042872 0.5335990557949165 0.6650995741238512 0.85 0.35 0.25 0.85 0.0 0.4 0.05 0.4 0.45 0.65 0.35 0.6 1.0 0.4 0.3 0.95 0.3 0.3 0.4 0.25 0.0 0.8 0.7 0.9 1.0 0.05 0.7 0.75 0.0 0.3 0.75 0.55 0.2 0.85 0.9 0.15 
-1.163599718965005 0.27172195574998936 0.4573292932787124 0.85 0.55 0.7 1.0 0.65 0.6 0.85 0.1 0.5 0.65 0.55 0.4 0.8 0.75 0.45 0.5 0.7 0.35 0.3 0.05 0.3 0.45 0.15 0.0 0.85 0.35 0.6 1.0 0.95 0.25 0.2 0.3 0.4 0.8 0.2 0.25 
-0.004018058158314824 0.525427263266893 0.31396376319322716 0.95 0.8 0.5 0.45 0.1 0.3 0.9 0.25 0.25 0.8 0.15 0.25 0.95 0.1 0.6 0.65 0.4 0.2 0.7 0.45 0.9 0.8 0.65 0.2 1.0 0.2 0.2 0.95 0.45 0.35 1.0 0.5 0.1 0.8 0.55 0.05 
-129.70294021609683 0.4691285734805594 0.6544832436130372 0.9 0.15 0.55 0.85 0.0 0.4 0.95 0.4 0.5 0.8 0.4 0.65 1.0 0.4 0.3 0.9 0.3 0.3 0.55 0.55 0.9 0.65 1.0 0.7 1.0 0.05 0.7 0.6 0.0 0.2 0.75 0.6 0.9 0.85 0.0 0.75 
-0.05845857813839189 0.29329517763815094 0.5911997906312022 0.8 0.5 0.45 1.0 0.65 0.6 0.85 0.1 0.5 0.2 0.55 0.4 0.65 0.75 0.45 0.45 0.7 0.35 0.3 0.05 0.65 0.15 0.2 0.0 0.95 0.35 0.6 1.0 0.95 0.5 0.2 0.3 0.4 0.5 0.0 0.35 
-0.02247515571775475 0.3241876729332216 0.6057092697200417 0.7 0.5 0.45 1.0 0.65 0.6 0.65 0.1 0.15 0.1 0.55 0.4 0.8 0.75 0.45 0.5 0.7 0.35 0.3 0.05 0.4 0.25 0.35 0.95 0.95 0.35 0.55 1.0 0.95 0.5 0.2 0.9 0.4 0.8 0.75 0.8 
-0.045163390842575125 0.44377003358602807 0.30523949357121394 0.6 0.5 0.8 0.4 0.3 0.5 0.85 0.3 0.7 0.15 0.55 0.2 1.0 0.75 0.3 0.5 0.7 0.25 0.1 0.05 0.4 0.2 0.2 0.0 1.0 0.3 0.55 0.85 0.95 0.15 0.2 0.25 0.15 0.0 0.5 0.6 
-0.2654809406667 0.2654038044393815 0.4328167874260395 0.85 0.55 0.7 1.0 0.65 0.6 1.0 0.1 0.5 0.4 0.55 0.4 0.85 0.75 0.45 0.5 0.7 0.35 0.3 0.05 0.3 0.45 0.15 0.0 0.85 0.35 0.6 1.0 0.95 0.25 0.2 0.3 0.4 0.8 0.75 0.25 
-0.1576858293254404 0.38036694031704976 0.31044275227590934 0.3 0.5 0.8 0.4 0.6 0.55 1.0 0.3 0.7 0.15 0.55 0.35 0.95 0.75 0.35 0.5 0.7 0.35 0.0 0.05 0.4 0.25 0.2 0.0 1.0 0.3 0.5 0.85 0.95 0.15 0.2 0.25 0.4 0.0 0.5 0.75 
-0.35748294967692246 0.4176032247398129 0.30931601341268933 0.4 0.5 0.8 0.4 0.6 0.55 1.0 0.3 0.7 0.15 0.55 0.2 1.0 0.75 0.35 0.5 0.7 0.4 0.7 0.05 0.4 0.25 0.2 0.0 1.0 0.3 0.5 0.95 0.95 0.15 0.2 0.25 0.4 0.0 0.5 0.75 
-0.026863872854546098 0.7600629744364256 0.45165287692093886 0.85 0.8 0.7 0.35 0.1 0.3 0.85 0.9 0.55 0.95 0.25 0.7 1.0 0.1 0.2 1.0 0.6 0.3 0.25 0.2 1.0 0.85 0.1 0.7 1.0 0.35 0.65 1.0 0.35 0.25 0.6 0.8 0.65 0.95 0.15 0.1 
-1.2049103855769574 0.763595447549742 0.49417876019058926 1.0 0.8 0.4 0.15 0.1 0.3 0.95 0.9 0.55 0.9 0.25 0.7 0.85 0.0 0.1 1.0 0.6 0.3 0.85 0.6 1.0 0.55 0.1 0.95 1.0 0.4 0.65 1.0 0.35 0.25 0.6 0.6 1.0 0.95 0.55 0.7 
-2.7410923256037103 0.7403470371457609 0.5217201239979279 1.0 0.8 0.4 0.25 0.1 0.3 0.55 0.9 0.55 0.8 0.25 0.7 0.85 0.0 0.35 1.0 0.6 0.3 0.85 0.6 1.0 0.55 0.1 0.95 1.0 0.4 0.65 1.0 0.35 0.25 0.6 0.6 0.3 0.95 0.65 0.1 
-0.4970572131940624 0.2760818369648822 0.4204692563842364 0.9 0.45 0.7 1.0 0.65 0.6 1.0 0.1 0.5 0.4 0.55 0.4 0.8 0.75 0.45 0.5 0.7 0.35 0.3 0.05 0.3 0.45 0.15 0.0 0.85 0.35 0.6 1.0 0.95 0.25 0.2 0.3 0.4 0.1 0.75 0.25 
-0.16297750218507703 0.7544900913622326 0.4568778402000342 0.95 0.8 0.4 0.2 0.1 0.3 0.7 0.9 0.55 1.0 0.25 0.7 1.0 0.1 0.15 1.0 0.6 0.3 0.15 0.2 1.0 0.85 0.1 0.7 1.0 0.4 0.65 1.0 0.35 0.25 0.6 0.8 0.65 0.85 0.15 0.1 
-0.22150611063279257 0.2859957083099498 0.558459428023774 0.7 0.45 0.45 1.0 0.65 0.6 0.7 0.1 0.5 0.25 0.55 0.4 0.8 0.75 0.45 0.45 0.7 0.35 0.3 0.05 0.3 0.15 0.2 0.95 0.9 0.35 0.6 1.0 0.95 0.5 0.2 1.0 0.15 0.5 0.9 0.35 
-12.368086859974174 0.3027933611770196 0.3348009681354145 1.0 0.5 0.75 0.55 0.6 0.65 0.7 0.25 0.65 0.15 0.55 0.3 1.0 0.75 0.45 0.5 0.7 0.35 0.2 0.35 0.4 0.4 0.95 0.55 0.95 0.3 0.4 0.95 0.95 0.15 1.0 0.55 0.25 0.7 0.35 0.05 
-2.496046858125223 0.3855183016389963 0.3025261313369819 0.85 0.5 0.8 0.4 0.6 0.55 1.0 0.3 0.7 0.15 0.55 0.2 1.0 0.75 0.35 0.5 0.7 0.35 0.7 0.05 0.4 0.25 0.2 0.0 1.0 0.3 0.5 0.85 0.95 0.15 0.2 0.25 0.4 0.0 0.5 0.75 
-0.3455577576225758 0.33968569922784864 0.3272719045355055 0.4 0.65 0.75 0.4 0.6 0.55 1.0 0.3 0.7 0.15 0.55 0.35 1.0 0.75 0.35 0.5 0.7 0.3 0.7 0.05 0.4 0.25 0.8 0.7 1.0 0.3 0.4 0.85 0.95 0.15 0.3 0.6 0.4 0.0 0.5 0.05 
-0.008946238226196022 0.47540573413278203 0.32830806247655575 0.35 0.5 0.8 0.4 0.3 0.5 0.8 0.3 0.7 0.15 0.55 0.2 1.0 0.75 0.3 0.5 0.7 0.25 0.1 0.05 0.4 0.2 0.2 0.0 1.0 0.3 0.55 0.9 0.95 0.15 0.2 0.25 0.15 0.0 0.5 0.75 
-5.98983276126884 0.4356480722575249 0.6514632481421776 0.9 0.5 1.0 1.0 0.6 0.6 0.25 0.25 0.75 0.1 0.9 0.25 0.95 0.75 0.9 0.8 0.7 0.35 0.5 0.55 0.35 0.15 0.2 0.0 1.0 0.35 0.65 1.0 0.95 0.5 0.4 0.9 0.4 0.1 0.05 0.35 
-8.4073046756113 0.6551150159762723 0.6323366134948291 0.9 0.55 0.6 0.5 1.0 0.45 0.5 0.0 0.95 0.85 1.0 0.75 0.75 0.9 0.55 1.0 0.3 0.45 0.4 0.55 0.6 0.2 0.3 0.15 0.95 0.05 0.7 0.95 0.0 0.2 0.3 0.8 0.4 0.3 0.3 0.75 
-1.388230358541534 0.7539408318561265 0.5084297467689654 1.0 0.8 0.4 0.15 0.1 0.3 0.95 0.9 0.55 0.9 0.25 0.7 0.85 0.0 0.1 1.0 0.6 0.3 0.85 0.6 1.0 0.55 0.1 0.95 1.0 0.4 0.7 1.0 0.35 0.25 0.6 0.85 1.0 0.95 0.55 0.7 
-0.027107517189255446 0.7259905733063663 0.3394666058561764 1.0 0.8 0.4 0.95 0.1 0.3 0.8 0.9 0.55 0.95 0.25 0.6 0.85 0.15 0.35 0.85 0.6 0.3 0.6 0.2 0.8 1.0 0.7 0.35 1.0 0.4 0.45 1.0 0.35 0.3 0.6 0.6 0.0 0.95 0.65 0.1 
-0.4895159579763317 0.4012142958211724 0.29651990905588443 0.85 0.5 0.8 0.4 0.6 0.7 1.0 0.3 0.7 0.15 0.55 0.2 1.0 0.75 0.35 0.5 0.7 0.35 0.7 0.05 0.4 0.25 0.2 0.0 1.0 0.3 0.5 0.85 0.95 0.15 0.2 0.25 0.4 0.0 0.5 0.75 
-0.1058340360713088 0.34063210633489116 0.3278620713986822 0.15 0.65 0.75 0.4 0.6 0.55 1.0 0.3 0.7 0.15 0.55 0.35 1.0 0.75 0.35 0.5 0.7 0.3 0.7 0.05 0.4 0.25 0.8 0.85 1.0 0.3 0.4 0.85 0.95 0.15 0.2 0.6 0.4 0.0 0.5 0.05 
-1.0315725828278226 0.6719084259858329 0.2818736260446356 1.0 0.8 0.3 0.65 0.2 0.4 0.95 0.25 0.8 0.9 0.1 0.5 0.7 0.15 0.35 0.65 0.7 0.3 0.35 0.45 0.7 0.85 0.7 0.8 0.95 0.2 0.2 0.95 0.45 0.35 0.6 1.0 0.65 0.9 0.6 0.0 
-0.004543989004761458 0.7369627450303218 0.36141341875165567 1.0 0.8 0.4 0.95 0.1 0.3 0.6 0.9 0.55 0.95 0.25 0.65 0.85 0.15 0.35 0.95 0.6 0.3 0.6 0.2 0.55 0.7 0.7 0.95 1.0 0.4 0.45 0.9 0.35 0.3 0.6 0.6 0.0 0.95 0.65 0.85 
-1.7639292884835875 0.7103152192248885 0.5600691889507327 0.85 0.8 0.4 0.5 0.1 0.3 0.45 0.9 0.55 1.0 0.25 0.7 0.95 0.25 0.2 1.0 0.6 0.3 0.6 0.2 1.0 0.75 0.1 0.95 1.0 0.4 0.65 1.0 0.35 0.25 0.6 0.4 0.6 0.95 0.65 0.1 
-0.005613756240534342 0.28906785773355237 0.5785899092086306 0.7 0.5 0.45 1.0 0.65 0.6 0.85 0.1 0.5 0.25 0.55 0.4 0.8 0.75 0.45 0.45 0.7 0.35 0.3 0.05 0.3 0.15 0.2 0.95 0.9 0.35 0.6 1.0 0.95 0.5 0.2 0.3 0.15 0.5 0.9 0.35 
-0.17221739856277238 0.7712626211448594 0.44809569961604784 0.85 0.8 0.4 0.35 0.1 0.3 0.85 0.9 0.55 0.95 0.25 0.7 1.0 0.1 0.2 1.0 0.6 0.3 0.25 0.2 1.0 0.85 0.1 0.7 1.0 0.35 0.65 1.0 0.35 0.25 0.6 0.8 0.65 0.95 0.15 0.1 
-19.83351855530208 0.5174331681131239 0.6755024655763187 0.8 0.35 0.55 0.85 0.0 0.35 0.7 0.4 0.4 0.7 0.35 0.6 0.95 0.35 0.3 0.95 0.3 0.3 0.4 0.55 0.0 0.65 0.35 0.65 1.0 0.1 0.7 0.75 0.0 0.3 0.75 0.6 0.0 0.85 0.0 0.3 
-0.007362126196683673 0.7003691916127127 0.582244048003541 0.85 0.8 0.6 0.75 0.1 0.3 0.8 0.9 0.55 1.0 0.25 0.7 1.0 0.25 0.2 0.9 0.6 0.3 0.6 0.2 1.0 0.6 0.1 0.5 1.0 0.4 0.65 1.0 0.35 0.25 0.6 0.6 0.65 0.4 0.95 0.1 
-0.32393896448189374 0.7011079560852597 0.3086032630364025 1.0 0.8 0.75 0.6 0.2 0.45 1.0 0.25 0.75 0.8 0.1 0.4 0.85 0.25 0.35 0.7 0.7 0.25 0.05 0.2 0.2 0.7 0.7 0.75 1.0 0.2 0.2 0.95 0.45 0.35 0.6 1.0 0.1 0.9 0.6 0.1 
-0.7689588588964943 0.4629519648826106 0.30657468748172345 0.6 0.5 0.8 0.4 0.3 0.5 0.9 0.3 0.7 0.15 0.55 0.15 1.0 0.75 0.3 0.5 0.7 0.25 0.1 0.05 0.4 0.2 0.2 0.0 1.0 0.3 0.55 0.85 0.95 0.15 0.2 0.25 0.15 0.0 0.5 0.65 
-0.16914794762562885 0.7353783371153026 0.40090046808488133 0.95 0.8 0.4 0.35 0.1 0.3 0.75 0.9 0.55 0.85 0.25 0.75 1.0 0.1 0.55 0.8 0.55 0.3 0.25 0.2 1.0 0.85 0.1 0.7 0.95 0.35 0.65 1.0 0.35 0.25 0.35 0.8 0.65 0.95 0.15 0.95 
-0.15324988834994538 0.5982861742073466 0.2766653297007483 1.0 0.8 0.8 0.8 0.25 0.45 1.0 0.25 0.75 1.0 0.1 0.4 0.75 0.1 0.3 0.7 0.7 0.25 0.4 0.2 0.7 0.3 0.7 0.75 0.85 0.2 0.2 1.0 0.45 0.35 0.6 1.0 0.45 0.9 0.75 0.55 
-0.36562246121153635 0.27609857120193093 0.5402217863917755 0.8 0.35 0.4 1.0 0.65 0.6 0.85 0.1 0.6 0.25 0.55 0.4 0.8 0.75 0.45 0.45 0.7 0.35 0.95 0.2 0.3 0.15 0.2 0.95 0.9 0.35 0.5 1.0 0.95 0.5 0.2 0.3 0.15 0.25 0.9 0.35 
-0.048092136989247476 0.6289820438826661 0.28799409055004055 1.0 0.8 0.5 0.65 0.25 0.5 1.0 0.25 0.75 0.9 0.1 0.4 0.75 0.1 0.35 0.7 0.7 0.25 0.25 0.2 0.7 0.7 0.7 0.75 0.85 0.2 0.2 1.0 0.45 0.35 0.6 1.0 0.45 0.55 0.75 0.1 
-7.214945106325645 0.5623155053612965 0.6709188136146296 0.85 0.35 0.25 0.85 0.0 0.4 0.05 0.4 0.25 0.7 0.35 0.6 1.0 0.45 0.3 0.95 0.3 0.3 0.4 0.75 0.0 0.8 0.35 0.9 1.0 0.05 0.7 0.75 0.0 0.3 0.75 0.55 0.2 0.85 0.9 0.15 
-0.3940435814166623 0.5584212285915312 0.3052815698197392 1.0 0.8 0.15 0.7 0.1 0.3 1.0 0.25 0.2 0.9 0.1 0.25 0.6 0.1 0.6 0.75 0.4 0.2 0.7 0.85 0.6 0.7 0.65 0.2 1.0 0.2 0.2 0.95 0.45 0.35 0.6 0.5 0.85 0.25 0.55 0.05 
-24.03612161632232 0.5040919297676681 0.6813263885694759 0.8 0.35 0.55 0.85 0.0 0.4 0.85 0.4 0.5 0.8 0.35 0.6 1.0 0.35 0.3 1.0 0.3 0.3 0.4 0.55 0.0 0.15 0.35 0.65 1.0 0.1 0.7 0.75 0.0 0.3 0.75 0.6 0.9 0.85 0.0 0.5 
-0.07383196719126615 0.596410523982942 0.2732081460320994 1.0 0.8 0.8 0.8 0.25 0.45 1.0 0.25 0.75 0.9 0.1 0.4 0.75 0.1 0.3 0.7 0.7 0.25 0.4 0.2 0.7 0.3 0.7 0.75 0.85 0.2 0.2 1.0 0.45 0.35 0.6 1.0 0.45 0.9 0.75 0.55 
-1.149064908243803 0.5808591441267023 0.2984765414472962 1.0 0.8 0.4 0.5 0.25 0.45 1.0 0.25 0.75 0.95 0.1 0.3 0.85 0.1 0.35 0.6 0.7 0.25 0.25 0.7 0.35 0.7 0.7 0.9 0.9 0.2 0.15 1.0 0.45 0.35 0.6 1.0 0.45 0.9 0.75 0.1 
-0.046851951829073826 0.64509329024257 0.2883858761762069 1.0 0.8 0.5 0.65 0.25 0.5 0.95 0.25 0.75 0.9 0.1 0.35 0.75 0.1 0.25 0.7 0.7 0.25 0.25 0.2 0.7 0.7 0.7 0.75 0.8 0.2 0.2 1.0 0.45 0.35 0.6 1.0 0.45 0.55 0.75 0.1 
-0.035666254344784896 0.6024833065928652 0.2666610594858535 1.0 0.8 0.2 0.8 0.25 0.45 1.0 0.25 0.75 1.0 0.1 0.4 0.75 0.1 0.3 0.7 0.7 0.25 0.4 0.2 0.7 0.3 0.7 0.75 0.85 0.2 0.2 1.0 0.45 0.35 0.6 0.75 0.6 0.9 0.75 0.55 
-3.4667760618580377 0.5627950463551984 0.2800147541410992 1.0 0.8 0.75 0.65 0.25 0.45 0.95 0.25 0.75 0.8 0.1 0.4 1.0 0.1 0.35 0.7 0.65 0.25 0.25 0.2 0.7 0.7 0.7 0.75 0.85 0.2 0.2 1.0 0.45 0.35 0.3 0.15 0.45 0.05 0.75 0.1 
-17.52307513336646 0.5322247945600534 0.2884072499001671 1.0 0.8 0.35 0.8 0.25 0.45 1.0 0.25 0.25 0.9 0.1 0.3 0.95 0.1 0.2 0.6 0.4 0.15 0.25 0.95 0.05 0.7 0.75 0.9 0.95 0.2 0.2 0.95 0.45 0.35 0.6 1.0 0.5 0.35 0.85 0.1 
-10.364140676844778 0.6366015262040177 0.2613226818585198 1.0 0.8 0.4 0.5 0.25 0.45 1.0 0.25 0.75 0.95 0.1 0.3 0.85 0.1 0.35 0.6 0.7 0.25 0.25 0.2 0.7 0.7 0.7 0.9 0.9 0.2 0.2 1.0 0.45 0.35 0.6 1.0 0.45 0.9 0.75 0.1 
-0.1795836523921059 0.7666019073589798 0.4228339125591074 1.0 0.8 0.7 0.35 0.1 0.3 0.85 0.9 0.55 0.95 0.25 0.7 1.0 0.1 0.2 1.0 0.6 0.3 0.25 0.2 1.0 0.85 0.1 0.7 1.0 0.35 0.65 1.0 0.35 0.25 0.6 0.8 0.65 0.95 0.15 0.1 
-18.362918225789542 0.5267846453475228 0.28938732168482073 1.0 0.8 0.35 0.8 0.25 0.45 1.0 0.25 0.25 0.9 0.1 0.3 0.95 0.1 0.2 0.6 0.4 0.15 0.25 0.95 0.05 0.7 0.75 0.9 0.9 0.2 0.2 0.95 0.45 0.35 0.6 1.0 0.5 0.35 0.85 0.1 
-0.32262318182258787 0.7579601037252811 0.4062827418802926 0.95 0.8 0.4 0.35 0.1 0.3 0.8 0.9 0.55 0.85 0.25 0.75 1.0 0.1 0.2 0.8 0.6 0.3 0.25 0.2 1.0 0.85 0.1 0.7 1.0 0.35 0.65 1.0 0.35 0.25 0.35 0.8 0.65 0.95 0.15 0.95 
-4.322679624105955 0.5627152228076288 0.2738777018603016 1.0 0.8 0.75 0.65 0.25 0.45 0.95 0.25 0.75 0.8 0.1 0.4 1.0 0.1 0.35 0.7 0.65 0.25 0.25 0.2 0.7 0.7 0.7 0.75 0.85 0.2 0.2 1.0 0.45 0.35 0.6 0.15 0.45 0.05 0.75 0.1 
-3.1867437653732043 0.4836377022437584 0.3189680105638988 0.55 0.5 0.8 0.4 0.3 0.5 0.95 0.3 0.7 0.15 0.55 0.2 1.0 0.75 0.3 0.5 0.7 0.25 0.1 0.05 0.4 0.2 0.2 0.0 1.0 0.3 0.55 0.85 0.95 0.15 0.2 0.25 0.15 0.0 0.5 0.85 
-8.514433090216883 0.7818550577709514 0.4135030571331727 0.95 0.8 0.4 0.2 0.1 0.3 0.75 0.9 0.55 1.0 0.25 0.7 1.0 0.1 0.2 1.0 0.6 0.3 0.15 0.2 1.0 0.85 0.1 0.7 1.0 0.4 0.65 1.0 0.35 0.25 0.6 0.8 0.65 0.95 0.15 0.1 
-10.249431352224562 0.484116218348142 0.2959369783894097 0.85 0.5 0.8 0.4 0.3 0.5 1.0 0.3 0.7 0.15 0.55 0.2 1.0 0.75 0.3 0.5 0.7 0.25 0.7 0.05 0.4 0.2 0.2 0.0 1.0 0.3 0.55 0.85 0.95 0.15 0.2 0.25 0.15 0.0 0.5 0.75 
-36.15594052640451 0.5343997276633362 0.25177150914168567 0.95 0.8 0.4 0.75 0.25 0.45 1.0 0.25 0.45 0.9 0.1 0.3 1.0 0.1 0.2 0.7 0.8 0.25 0.25 0.7 0.05 0.7 0.7 0.9 0.95 0.25 0.2 0.95 0.45 0.35 0.6 1.0 0.95 0.35 1.0 0.1 
-20.50300409353355 0.5927642349810271 0.6620794744534692 1.0 0.35 0.35 0.85 0.0 0.4 0.85 0.4 0.05 0.7 0.35 0.6 1.0 0.45 0.35 0.8 0.3 0.3 0.85 0.75 0.0 0.35 0.95 0.65 1.0 0.05 0.7 0.75 0.05 0.3 0.85 0.85 0.2 0.85 0.9 0.5 
-29.005763437927037 0.5514039112946149 0.2672118182512332 1.0 0.8 0.4 0.75 0.25 0.45 1.0 0.25 0.35 0.9 0.1 0.3 0.8 0.1 0.2 0.6 0.8 0.15 0.25 0.9 0.05 0.7 0.7 0.9 0.95 0.2 0.2 0.95 0.45 0.35 0.6 1.0 0.95 0.35 1.0 0.1 
-4.662864844885358 0.7776394281336817 0.39374278973467886 0.95 0.8 0.4 0.35 0.1 0.3 0.85 0.9 0.55 1.0 0.25 0.7 1.0 0.1 0.2 1.0 0.6 0.3 0.15 0.2 1.0 0.85 0.1 0.7 1.0 0.4 0.65 1.0 0.35 0.25 1.0 0.8 0.65 0.95 0.15 0.1 
-3.070119322581281 0.746670888286144 0.34487783358955026 1.0 0.8 0.4 0.95 0.1 0.3 0.6 0.9 0.55 0.95 0.25 0.7 0.95 0.15 0.35 1.0 0.6 0.3 0.6 0.2 0.8 0.7 0.7 0.95 1.0 0.4 0.45 0.9 0.35 0.3 0.0 0.6 0.0 0.2 0.65 0.85 
-0.35240679999544633 0.7537208542960343 0.3948057636038106 0.95 0.8 0.4 0.35 0.1 0.3 0.8 0.9 0.55 0.85 0.25 0.75 1.0 0.1 0.2 0.8 0.6 0.3 0.25 0.2 1.0 0.85 0.1 0.7 0.95 0.35 0.65 1.0 0.35 0.25 0.35 0.8 0.65 0.95 0.15 0.95 
-24.430089700807653 0.547716431664495 0.6850811986861958 0.9 0.35 0.55 0.85 0.0 0.4 0.6 0.4 0.0 0.8 0.4 0.6 1.0 0.4 0.3 1.0 0.3 0.3 0.55 0.55 0.0 0.0 0.2 0.65 1.0 0.05 0.7 0.7 0.0 0.3 0.75 0.6 0.9 0.85 0.45 0.5 
-0.8059551678879877 0.40368445386016094 0.6432072514697098 0.05 1.0 0.6 1.0 0.6 0.6 0.25 0.25 0.7 0.0 0.7 0.05 0.95 0.75 0.9 0.95 0.7 0.35 1.0 0.5 1.0 0.15 0.7 0.0 1.0 0.35 0.65 1.0 0.95 0.5 0.4 0.9 0.85 0.1 0.05 0.35 
-3.4002242531151254 0.5927799737407777 0.25983809819363457 1.0 0.8 0.15 0.85 0.25 0.45 1.0 0.25 0.75 1.0 0.1 0.4 0.85 0.1 0.35 0.7 0.7 0.25 0.25 0.2 0.7 0.7 0.7 0.75 1.0 0.2 0.2 1.0 0.45 0.35 0.6 1.0 0.65 0.9 0.75 0.1 
-1.5744784030378014 0.7357793181487988 0.5409577561487809 1.0 0.8 0.4 0.25 0.1 0.3 0.9 0.9 0.55 0.8 0.25 0.7 0.85 0.0 0.35 1.0 0.6 0.3 0.85 0.6 1.0 0.55 0.1 0.95 1.0 0.4 0.65 1.0 0.35 0.25 0.6 0.6 0.3 0.95 0.65 0.1 
-40.59088258837263 0.5076389066724528 0.27027573609938005 1.0 0.8 0.4 0.75 0.25 0.45 1.0 0.25 0.45 0.9 0.1 0.3 1.0 0.1 0.2 0.7 0.8 0.15 0.25 0.7 0.05 0.7 0.7 0.9 0.95 0.2 0.2 0.95 0.45 0.35 0.6 1.0 0.95 0.35 1.0 0.1 
-3.2354820555110884 0.6820932937614925 0.2788677591184747 1.0 0.8 0.5 1.0 0.25 0.5 1.0 0.25 0.75 1.0 0.1 0.35 1.0 0.1 0.4 0.6 0.7 0.25 0.25 0.2 0.7 0.4 0.7 0.6 0.85 0.2 0.2 1.0 0.45 0.35 0.6 1.0 0.0 0.95 0.75 0.15 
-34.55834953580927 0.5537172649351926 0.24007417672042602 1.0 0.8 0.4 0.8 0.25 0.45 1.0 0.25 0.35 0.9 0.1 0.3 1.0 0.1 0.2 0.6 0.7 0.15 0.25 0.7 0.05 0.7 0.75 0.9 0.95 0.2 0.2 0.95 0.45 0.35 0.6 1.0 0.95 0.35 1.0 0.1 
-7.683263454138725 0.45903935900023124 0.2853112147880157 1.0 0.5 0.8 0.4 0.3 0.5 1.0 0.3 0.7 0.15 0.55 0.15 1.0 0.75 0.3 0.5 0.7 0.25 0.7 0.05 0.4 0.2 0.2 0.0 1.0 0.3 0.55 0.85 0.95 0.15 0.5 0.25 0.15 0.0 0.5 0.75 
-12.48883364486491 0.3052679535144649 0.32963434166527095 1.0 0.5 0.75 0.55 0.6 0.65 0.8 0.25 0.65 0.15 0.55 0.3 1.0 0.75 0.45 0.5 0.7 0.35 0.2 0.35 0.65 0.4 0.95 0.55 1.0 0.3 0.4 0.95 0.95 0.15 0.75 0.55 0.25 0.7 0.35 0.05 
-8.871063658190801 0.6215681141489694 0.25872805551505973 1.0 0.8 0.5 0.65 0.25 0.45 1.0 0.25 0.75 0.9 0.1 0.4 0.85 0.1 0.35 0.7 0.7 0.25 0.55 0.2 0.75 0.7 0.7 0.75 0.85 0.2 0.2 0.8 0.45 0.35 0.6 1.0 0.95 0.9 0.75 0.1 
-2.4229941401368067 0.7004502452724266 0.28415521597907323 1.0 0.8 0.5 0.95 0.25 0.5 1.0 0.25 0.75 1.0 0.1 0.4 0.75 0.1 0.35 0.7 0.7 0.25 0.25 0.2 0.7 0.25 0.7 0.75 0.85 0.2 0.2 1.0 0.45 0.35 0.6 1.0 0.45 0.9 0.75 0.1 
-20.439664209389395 0.5628143956680376 0.253997361297454 1.0 0.8 0.75 0.65 0.25 0.45 0.95 0.2 0.75 0.8 0.1 0.4 1.0 0.1 0.35 0.7 0.65 0.25 0.25 0.2 0.7 0.7 0.7 0.75 0.85 0.2 0.2 1.0 0.45 0.35 0.3 0.15 0.45 0.05 0.75 0.1 
-0.7072179821402977 0.3094362397359247 0.6160607178686079 0.8 0.5 0.45 1.0 0.65 0.6 0.95 0.1 0.5 0.2 0.55 0.4 0.7 0.75 0.45 0.8 0.7 0.35 0.3 0.05 0.65 0.15 0.2 0.7 1.0 0.35 0.6 1.0 0.95 0.5 0.2 0.3 0.4 0.5 0.0 0.35 
-15.455911225939735 0.7062903866199682 0.5821979229557639 1.0 0.8 0.4 0.9 0.1 0.3 0.55 0.9 0.55 0.8 0.25 0.7 0.85 0.0 0.15 0.95 0.6 0.3 0.95 0.6 0.85 0.55 0.1 0.95 1.0 0.4 0.65 1.0 0.35 0.25 0.6 0.6 0.3 0.0 0.65 0.1 
-0.05329336810227718 0.7288563819944586 0.3276533342522012 1.0 0.8 0.4 0.8 0.1 0.3 0.8 0.9 0.55 0.95 0.25 0.5 0.85 0.15 0.35 0.85 0.6 0.3 0.6 0.2 0.8 1.0 0.7 0.35 1.0 0.4 0.45 1.0 0.35 0.3 0.6 0.6 0.4 0.95 0.65 0.1 
-28.60943625748473 0.7473425273008292 0.5336802629595725 0.85 0.8 0.55 0.7 0.1 0.3 0.45 0.9 1.0 1.0 0.25 0.7 1.0 0.1 0.2 1.0 0.6 0.3 0.6 0.2 1.0 0.75 0.1 0.95 1.0 0.4 0.65 1.0 0.35 0.25 0.6 0.65 0.75 0.95 0.65 0.1 
-2.0748736624895545 0.31994623636300523 0.6245379858510532 0.8 0.5 0.45 1.0 0.65 0.6 0.95 0.1 0.5 0.2 0.55 0.4 0.45 0.75 0.45 0.8 0.7 0.35 0.3 0.05 0.65 0.15 0.2 0.0 1.0 0.35 0.6 1.0 0.95 0.5 0.2 0.3 0.4 0.5 0.0 0.35 
-6.27514221717339 0.7650463931831311 0.3712697098746142 0.95 0.8 0.75 0.35 0.1 0.3 0.8 0.9 0.55 0.85 0.25 0.75 1.0 0.1 0.2 1.0 0.6 0.3 0.25 0.2 1.0 0.85 0.1 0.7 1.0 0.35 0.65 1.0 0.35 0.25 0.7 0.8 0.65 0.95 0.15 0.95 
-36.95527067457056 0.5132723286247926 0.24836972599655727 1.0 0.8 0.4 0.75 0.25 0.45 1.0 0.25 0.45 0.9 0.1 0.3 1.0 0.1 0.2 0.7 0.8 0.25 0.25 0.7 0.05 0.7 0.7 0.9 0.95 0.25 0.2 0.95 0.45 0.35 0.6 1.0 0.95 0.35 1.0 0.1 
-0.34357865301630236 0.7237302787029044 0.3119594571546602 1.0 0.8 0.4 0.75 0.1 0.3 0.8 0.9 0.55 0.95 0.25 0.6 0.85 0.15 0.35 0.85 0.6 0.3 0.6 0.95 0.8 1.0 0.0 0.35 1.0 0.4 0.45 0.9 0.35 0.3 0.6 0.6 0.45 0.95 0.9 0.1 
-7.989134245708699 0.7776897123627211 0.44306875519262506 0.8 0.8 0.4 0.2 0.1 0.3 0.75 0.9 0.55 1.0 0.25 0.7 1.0 0.1 0.2 1.0 0.6 0.3 0.15 0.2 1.0 0.85 0.1 0.7 1.0 0.4 0.65 1.0 0.35 0.25 0.6 0.8 0.65 0.95 0.15 0.1 
-154.16458897592722 0.47086749882866025 0.6800007448235409 0.8 0.35 0.55 0.85 0.0 0.4 0.85 0.25 0.5 0.8 0.35 0.6 1.0 0.35 0.3 0.95 0.3 0.3 0.4 0.2 0.0 0.65 0.35 0.65 1.0 0.1 0.7 0.75 0.0 0.3 0.75 0.6 0.9 0.85 0.0 0.5 
-38.42061677181695 0.5354236302162135 0.24316500087088921 1.0 0.8 0.4 0.75 0.25 0.45 0.9 0.25 0.45 0.9 0.1 0.3 1.0 0.1 0.2 0.65 0.8 0.25 0.25 0.8 0.05 0.55 0.2 0.9 0.95 0.2 0.2 0.95 0.45 0.35 0.45 1.0 0.95 0.35 1.0 0.1 
-13.461381362797685 0.43270335450217995 0.28424075417172867 1.0 0.5 0.8 0.4 0.45 0.5 1.0 0.3 0.7 0.15 0.55 0.15 1.0 0.75 0.3 0.5 0.7 0.25 0.7 0.05 0.95 0.2 0.2 0.0 1.0 0.3 0.55 0.85 0.95 0.15 0.25 0.25 0.15 0.0 0.5 0.75 
-11.840215553645152 0.26578259201181864 0.38225986849288957 0.85 0.5 0.7 1.0 0.65 0.6 0.85 0.1 0.5 0.4 0.55 0.4 0.9 0.85 0.45 0.5 0.7 0.35 0.95 0.05 0.3 0.45 0.6 0.55 0.85 0.35 0.6 1.0 0.95 0.25 0.2 0.95 0.4 0.8 0.75 0.15 
-0.2392134451875082 0.3600031694483484 0.6358762441707968 0.4 0.5 0.45 1.0 0.65 0.6 0.95 0.1 0.5 0.2 0.05 0.4 0.7 0.75 0.45 0.8 0.7 0.35 0.3 0.05 0.65 0.15 0.2 0.7 1.0 0.35 0.6 1.0 0.95 0.5 0.2 0.3 0.4 0.5 0.0 0.35 
