-0.0030034826158654273 0.48297654749509983 0.5080885952774126 0.1 0.05 0.95 0.25 0.65 0.2 0.65 0.8 0.75 1.0 0.05 0.95 0.85 0.85 1.0 0.15 0.6 0.85 0.7 0.1 0.1 0.65 0.9 0.0 1.0 0.2 0.45 0.3 0.9 0.3 0.1 0.4 1.0 0.5 0.45 0.5 
-0.006770671994883896 0.514218453905938 0.48815942330216694 0.85 0.25 0.15 0.95 0.55 0.75 1.0 0.15 0.35 0.4 0.05 0.6 0.9 0.0 0.0 0.2 0.25 0.55 0.45 0.1 0.4 0.7 0.45 0.35 0.95 0.3 0.35 0.2 0.35 0.65 0.1 0.15 0.55 0.9 0.5 0.25 
-0.004490887767620107 0.4641780587598017 0.5026842042418934 0.25 0.15 0.8 1.0 0.4 0.45 0.0 0.4 0.2 1.0 0.95 0.25 0.7 0.5 0.3 0.85 0.9 0.5 0.5 0.6 0.4 0.35 0.95 0.85 0.7 0.4 0.7 0.3 0.05 0.35 0.05 0.45 0.1 0.6 0.6 0.0 
-0.005533907286716674 0.5935307678236315 0.507597746507535 0.65 0.4 0.3 0.8 0.55 0.5 0.95 0.5 0.6 0.7 0.1 0.35 0.8 1.0 0.65 0.5 0.35 0.35 0.8 0.7 0.25 0.75 0.4 0.6 1.0 0.8 0.5 0.45 0.1 0.5 0.25 0.95 0.4 0.9 0.2 0.3 
-0.023092172613678883 0.5038301935268535 0.5156986297433995 0.95 0.7 0.05 0.5 0.4 0.2 0.7 0.7 0.3 0.45 0.3 0.8 0.85 0.8 0.5 0.0 0.9 0.5 0.9 0.85 0.6 0.05 1.0 0.0 1.0 0.4 0.65 1.0 0.4 0.55 0.05 0.3 0.95 0.1 0.6 0.9 
-0.009585405863685849 0.47979874237911474 0.5584330534971793 0.75 0.15 0.9 1.0 0.35 1.0 0.0 0.65 0.6 0.3 0.95 0.15 0.25 0.25 0.7 1.0 0.9 0.5 0.8 0.35 0.65 0.95 0.95 0.0 1.0 0.4 0.7 1.0 0.85 0.25 0.4 0.3 0.55 0.6 0.2 0.0 
-0.10634388522035677 0.5134718885087077 0.47245171868011654 0.85 0.65 0.3 0.95 0.55 0.35 0.55 0.35 0.3 0.4 0.2 0.55 0.3 0.85 0.9 0.7 0.75 0.9 0.85 0.05 0.9 0.75 0.95 0.45 0.8 0.9 0.6 0.35 0.75 0.8 0.9 0.45 0.95 0.25 0.15 1.0 
-0.0012385631049208587 0.523029808404044 0.5022144065291774 0.05 0.2 0.25 1.0 0.8 0.2 0.7 0.2 0.35 1.0 0.1 0.8 0.65 0.55 0.45 0.65 1.0 0.6 0.0 0.65 0.05 0.85 0.0 1.0 0.95 0.4 0.7 0.45 0.7 0.85 0.2 0.25 0.3 0.65 0.95 0.9 
-0.0033643099763976305 0.4832172583578278 0.5288270452759146 0.5 0.65 0.9 1.0 0.35 0.5 0.3 0.65 0.05 0.35 0.95 0.15 0.65 0.5 0.35 0.7 0.9 0.0 0.65 0.85 0.75 0.95 0.15 0.9 1.0 0.5 0.7 0.35 0.85 0.25 0.4 0.25 0.2 1.0 0.65 0.0 
-0.012790664721652911 0.4322945547921733 0.5222616257385491 0.0 0.4 0.55 1.0 0.4 0.5 0.75 0.8 0.45 0.45 0.3 0.85 1.0 0.2 0.5 0.4 0.9 0.2 0.75 0.85 0.6 0.65 0.95 0.85 0.95 0.4 0.75 0.7 0.05 0.6 1.0 0.7 0.45 0.75 0.6 0.7 
-0.00017779413391100004 0.4549055986431334 0.5175783460020889 0.1 0.1 0.95 0.25 0.65 0.2 0.65 0.8 0.75 1.0 0.05 0.95 0.85 0.85 0.15 0.15 0.6 0.85 0.7 0.85 0.1 0.65 0.9 0.0 1.0 0.2 0.45 0.3 0.9 0.3 0.85 0.4 1.0 0.5 0.45 0.5 
-0.004467627729238221 0.4008672817646609 0.49681710828548264 0.95 0.7 0.05 0.5 0.4 0.2 0.7 0.7 0.3 0.45 0.3 0.8 0.35 0.8 0.5 0.0 0.9 0.5 0.9 0.85 0.6 0.05 1.0 0.0 1.0 0.4 0.75 1.0 0.05 0.55 0.05 0.3 0.95 0.1 0.6 0.9 
-0.00037723174823574724 0.42664633427292387 0.49133070308089244 0.95 0.75 0.95 1.0 0.4 0.5 0.0 0.65 0.0 0.2 0.95 0.15 0.15 0.0 0.3 0.45 0.85 0.5 1.0 0.6 0.25 0.85 0.8 0.85 0.2 0.4 0.45 0.5 0.05 0.25 1.0 0.3 0.65 0.6 0.6 0.85 
-0.0006948432505819965 0.5347060585555649 0.5248858817044528 0.1 0.1 0.95 0.25 0.65 0.2 0.65 0.8 0.75 1.0 0.05 0.95 0.85 0.85 0.45 0.1 0.6 0.85 0.7 0.85 0.1 0.65 0.9 0.0 1.0 0.7 0.45 0.3 0.9 0.3 0.85 0.4 1.0 0.2 0.45 0.5 
-0.03749622340316559 0.4741165634626389 0.47792658464535503 0.5 0.4 0.55 1.0 0.4 0.45 0.15 0.55 0.75 0.6 0.95 0.15 0.75 0.9 0.5 0.55 0.9 0.2 0.45 0.85 0.1 0.4 0.95 0.85 0.95 0.4 0.35 0.9 0.05 0.85 0.4 0.7 0.8 0.95 0.25 0.0 
-0.009433951204130379 0.5557336896661416 0.48949436310889244 0.95 0.4 0.95 0.75 0.85 0.4 0.2 0.65 0.65 0.25 0.4 0.85 0.25 0.95 1.0 0.35 0.85 0.9 0.65 0.4 0.5 0.1 0.25 0.7 0.3 1.0 0.6 0.4 0.0 0.05 1.0 0.9 0.5 0.65 0.45 0.7 
-0.0005872113379526775 0.5436699274008899 0.4968741416325223 0.9 0.75 0.2 0.25 0.65 0.35 0.65 0.7 0.35 1.0 0.3 0.25 1.0 0.3 0.65 0.85 0.8 0.5 0.45 0.05 0.3 0.4 0.3 0.45 1.0 0.4 0.65 0.8 0.4 0.1 0.55 0.7 0.2 0.65 0.6 0.75 
-0.004684238817847955 0.45129118560510106 0.4688705090966253 1.0 0.15 0.45 1.0 0.25 0.45 0.25 0.7 0.2 0.6 0.95 0.15 0.9 0.5 0.4 0.85 0.9 0.7 0.45 0.6 0.6 0.85 0.2 0.05 0.7 0.4 0.6 0.5 0.05 0.3 0.05 0.25 0.65 0.25 0.6 0.0 
-0.002336433285327196 0.5225757981903647 0.4615584475005674 0.85 0.4 0.6 0.75 0.85 0.4 1.0 0.65 0.55 0.55 0.4 0.9 0.0 0.45 0.4 0.55 0.85 0.75 0.75 0.75 0.95 0.65 0.0 0.7 0.75 1.0 0.6 0.4 0.65 0.05 0.45 0.8 0.5 0.65 0.1 0.7 
-0.002618149472428619 0.5409763014663412 0.5544951650537313 0.45 0.4 0.05 0.35 0.7 0.4 0.6 0.65 0.3 0.25 0.4 0.85 0.95 0.1 0.75 0.35 0.85 0.9 0.2 0.8 0.45 0.9 0.75 0.5 1.0 1.0 0.6 0.4 0.0 0.5 0.45 0.8 0.5 0.5 0.65 0.7 
-0.0032727470332468956 0.5303622918295771 0.44591845653773116 0.8 0.35 0.65 0.6 0.7 0.55 0.9 0.15 0.45 0.55 0.7 0.55 0.95 0.35 0.35 0.45 0.5 0.65 0.25 0.1 0.5 0.3 0.15 0.55 0.55 0.9 0.6 0.05 0.65 0.25 1.0 0.05 0.8 0.1 0.3 0.0 
-0.07557846009817122 0.5004468488842272 0.4593106002587295 0.6 0.65 0.3 0.75 0.55 0.35 0.65 0.35 0.35 0.4 0.2 0.85 0.6 0.85 0.9 0.7 0.75 0.55 0.85 0.0 0.9 0.75 0.95 0.25 0.9 0.9 0.5 0.35 0.75 0.8 0.6 0.15 0.95 0.25 0.15 0.25 
-0.00029359884152115246 0.4751351559585748 0.43337483120246373 0.85 0.45 0.7 1.0 0.45 0.6 0.55 1.0 0.35 0.35 0.95 0.15 1.0 0.5 0.2 0.9 0.9 0.5 0.7 0.75 0.65 0.85 0.4 0.9 1.0 0.3 0.7 0.8 0.35 0.25 0.15 0.75 0.55 0.15 0.65 0.85 
-0.0035312235929298194 0.5740715766333704 0.5180069178707726 0.45 0.4 0.85 0.35 0.85 0.4 0.1 0.3 0.25 0.25 0.4 0.85 0.2 0.95 0.75 0.1 0.85 0.6 0.2 0.8 0.45 0.9 0.25 0.5 1.0 1.0 0.6 0.4 0.15 0.5 0.45 0.8 0.5 0.65 0.45 0.7 
-0.0059433139793553845 0.5292756677318405 0.5417269354041987 0.45 0.4 0.05 0.35 0.7 0.4 0.1 0.65 0.3 0.25 0.4 0.85 0.95 0.1 0.75 0.35 0.85 0.9 0.2 0.8 0.45 0.9 0.75 0.5 1.0 1.0 0.6 0.4 0.0 0.5 0.45 0.8 0.5 0.5 0.65 0.7 
-0.013731756133367856 0.46980428389066875 0.45052025974195076 0.85 0.05 0.65 0.4 0.05 0.4 1.0 0.95 0.0 0.95 0.95 0.65 0.5 0.25 0.35 0.25 0.4 0.7 1.0 0.2 0.85 0.25 0.15 0.45 0.15 0.15 0.6 0.8 0.9 0.85 0.75 0.7 0.5 0.7 1.0 0.2 
-0.002755082843698854 0.5128730214383973 0.5319774363147982 0.95 0.6 0.35 0.85 1.0 0.5 0.95 0.15 0.15 0.7 0.1 0.4 0.95 0.5 0.8 0.75 0.65 0.35 0.55 0.7 0.95 0.75 0.4 0.5 1.0 0.9 0.5 0.5 0.05 0.5 0.85 0.45 0.5 0.9 0.75 0.1 
-0.011669326246016548 0.4325375013052826 0.5449558943230179 0.9 0.7 0.25 1.0 0.35 0.2 0.85 0.7 0.55 0.75 0.3 0.8 1.0 0.8 0.35 0.85 0.9 0.55 0.9 1.0 0.6 0.0 1.0 0.9 1.0 0.75 0.65 0.8 0.4 0.55 0.05 0.05 0.95 0.15 0.2 0.9 
-0.02226768582078885 0.5107714388457381 0.4280761628328884 0.65 0.65 0.3 0.5 0.55 0.35 0.65 0.35 0.3 0.4 0.2 0.85 0.6 0.85 0.9 0.7 0.75 0.9 0.85 0.0 0.9 0.75 0.95 0.45 0.8 0.9 0.2 0.35 0.75 0.8 0.6 0.15 0.95 0.25 0.15 0.25 
-0.0009476610569894365 0.569804362277899 0.48439413990244046 0.85 0.4 0.6 0.75 0.85 0.4 0.9 0.9 0.55 0.55 0.55 0.9 0.0 0.95 0.4 0.55 0.85 0.75 0.75 0.75 0.95 0.65 0.0 0.7 0.75 1.0 0.6 0.4 0.85 0.05 0.45 0.8 0.5 0.65 0.1 0.7 
-0.0005286306914792093 0.5744091902256517 0.5449014197970106 0.45 0.4 0.95 0.35 0.7 0.4 0.6 0.65 0.3 0.25 0.4 0.85 0.95 0.1 0.75 0.35 0.85 0.9 0.2 0.8 0.45 0.9 0.75 0.5 1.0 1.0 0.6 0.4 0.0 0.5 0.45 0.8 0.5 0.5 0.65 0.7 
-0.004410612837049376 0.4270950838336258 0.48541000929218026 0.25 0.6 0.8 1.0 0.4 0.45 0.8 0.4 0.2 0.95 0.95 0.25 1.0 0.5 0.3 0.85 0.9 0.5 0.5 0.6 0.6 0.35 0.95 0.85 0.7 0.6 0.7 0.5 0.05 0.35 0.05 0.25 0.1 0.6 0.6 0.0 
-0.007528887196538068 0.5054132068318179 0.5568527822349612 0.35 0.95 0.4 1.0 0.4 0.2 0.3 0.7 0.35 0.05 0.3 0.4 1.0 0.8 0.35 0.85 0.9 0.55 0.9 0.85 0.6 0.4 0.25 0.4 1.0 0.4 0.65 0.9 0.4 0.55 0.3 0.25 0.6 0.1 0.35 0.9 
-5.60312332000517e-05 0.5518490461356367 0.4594998042742786 0.55 0.65 0.15 0.4 0.6 0.75 0.75 0.15 0.35 0.7 0.05 0.6 0.75 0.0 0.55 0.2 0.25 0.55 0.45 1.0 1.0 0.7 0.45 0.9 0.15 0.3 0.7 0.25 0.3 0.65 0.3 0.15 0.55 0.35 0.5 0.25 
-0.012905832127348797 0.4294396495302625 0.4759838146950396 0.95 0.3 0.45 1.0 0.4 0.85 0.4 0.7 0.2 0.65 0.75 0.15 0.9 0.5 0.25 0.85 0.9 0.5 0.45 0.6 0.6 0.85 0.95 0.15 0.7 0.4 0.7 0.5 0.05 0.55 0.05 0.75 0.95 0.6 0.6 0.0 
-0.00887786607521296 0.5740421933722618 0.5388500716088671 0.95 0.3 0.35 0.85 1.0 0.5 0.95 0.15 0.15 0.7 0.1 0.4 0.95 0.5 0.8 0.75 0.65 0.35 0.95 0.7 0.95 0.75 0.4 0.5 1.0 0.9 0.5 0.6 0.05 0.5 0.85 0.45 0.5 0.9 0.75 0.1 
-0.011307027655767365 0.5766362802539909 0.4931282923524653 1.0 0.4 0.6 0.75 0.85 0.4 0.95 0.25 0.65 0.5 0.5 0.85 0.5 0.05 0.35 0.9 0.85 0.8 0.2 0.6 0.15 1.0 0.3 0.55 1.0 1.0 0.6 0.45 0.6 0.15 0.45 0.1 0.5 0.5 0.1 0.7 
-0.002604369021198544 0.4341952409836087 0.4609226363066318 0.75 0.4 0.55 1.0 0.4 0.45 0.55 0.7 0.75 0.55 0.95 0.15 0.6 0.9 0.5 0.55 0.9 0.2 0.95 0.6 0.6 0.4 0.95 0.85 0.7 0.55 0.65 1.0 1.0 0.55 0.05 0.25 0.2 0.95 0.6 0.45 
-0.022034983187985458 0.48144197567650726 0.4457108155035946 0.95 0.15 0.65 0.4 0.05 0.4 1.0 0.95 0.8 0.95 0.95 0.65 0.35 0.25 0.35 0.25 0.4 0.75 0.65 0.85 0.85 0.25 0.6 0.0 0.2 0.7 0.5 0.8 0.1 0.85 0.55 0.05 0.05 0.05 1.0 0.6 
-0.02767016943060344 0.5156121117534302 0.5648272046121003 0.8 0.45 0.35 0.85 1.0 0.5 0.5 0.15 0.15 0.7 0.1 0.45 0.65 0.3 0.6 0.9 0.35 0.35 0.8 0.7 0.35 0.75 0.4 0.95 1.0 0.8 0.5 0.65 0.05 0.5 0.25 0.45 0.2 0.9 0.0 0.85 
-0.003385675753359269 0.438589054682453 0.5638037520200415 0.7 0.95 0.95 0.2 0.45 0.5 0.45 1.0 0.05 0.35 0.95 0.15 0.95 0.5 0.15 0.95 0.9 0.5 0.7 0.6 0.6 0.85 0.4 0.5 1.0 0.4 0.7 0.8 0.85 0.25 0.0 0.75 0.55 0.6 0.65 0.25 
-0.0003589445557010043 0.59440943265909 0.5154588668581833 0.1 0.75 0.45 0.6 0.3 0.4 0.9 0.65 0.3 0.8 0.3 0.7 1.0 0.25 0.6 1.0 0.8 0.65 0.7 0.75 0.8 0.4 0.1 0.45 1.0 0.4 0.45 0.8 0.35 0.3 0.1 0.85 0.75 0.95 0.6 0.7 
-0.001956846776041922 0.4272590506692048 0.4303865988972971 1.0 0.15 0.45 1.0 0.25 0.45 0.25 0.7 0.2 0.6 0.95 0.15 0.9 0.5 0.4 0.85 0.9 0.7 0.45 0.6 0.6 0.85 0.2 0.05 0.7 0.4 0.6 0.5 0.05 0.55 0.05 0.25 0.65 0.25 0.6 0.0 
-0.008043208042253447 0.5319715124152006 0.42681561577811744 0.55 0.65 0.15 0.3 0.6 0.75 1.0 0.15 0.35 0.7 0.05 0.6 0.75 0.0 0.85 0.2 0.9 0.55 0.45 1.0 1.0 0.7 0.45 0.9 0.15 0.85 0.7 0.25 0.3 0.65 0.3 0.15 0.55 0.35 0.5 0.25 
-0.006220697204141339 0.5873433381569189 0.46090575758393315 0.85 0.65 0.2 0.8 0.55 0.75 0.6 0.15 0.1 0.4 0.05 0.6 0.15 0.95 0.65 0.65 0.0 0.5 0.85 0.1 0.4 0.15 0.45 0.85 0.95 0.3 0.7 0.6 0.35 0.65 0.9 0.15 0.55 0.0 0.25 0.3 
-0.0004920485000365597 0.5800149365376706 0.4493240645840798 0.8 0.4 0.3 1.0 1.0 0.5 0.95 0.5 0.15 0.7 0.1 0.35 0.5 1.0 0.8 0.5 0.35 0.35 0.8 0.55 0.25 1.0 0.4 0.6 1.0 0.85 0.5 0.55 0.05 0.85 0.75 0.45 0.8 0.85 0.9 0.1 
-0.0007038886070629202 0.5794802488014942 0.5430637698340659 0.45 0.4 0.85 0.35 0.85 0.4 0.1 0.3 0.05 0.25 0.4 0.85 0.2 0.95 0.75 0.35 0.85 0.9 0.2 0.8 0.45 0.9 0.25 0.5 1.0 1.0 0.6 0.4 0.0 0.5 0.45 0.8 0.5 0.65 0.45 0.7 
-0.0030132611295032212 0.45049650035416716 0.4295922553671346 0.85 0.95 0.65 0.4 0.05 0.7 0.9 0.95 0.8 0.95 0.95 0.65 0.65 0.25 0.7 0.25 0.4 0.7 0.35 0.2 0.85 0.25 0.65 0.85 0.05 0.7 0.1 0.2 0.9 0.85 0.35 0.75 0.5 0.4 1.0 0.45 
-0.002012467819497972 0.5663742157689242 0.4490987006536052 0.8 0.4 0.3 1.0 1.0 0.5 0.95 0.5 0.15 0.7 0.1 0.35 0.5 1.0 0.8 0.15 0.35 0.35 0.8 0.55 0.25 1.0 0.4 0.6 1.0 0.85 0.5 0.55 0.05 0.85 0.75 0.45 0.8 0.85 0.9 0.1 
-0.0029935840172145996 0.4129474811614222 0.5230498500721579 0.95 0.4 0.6 1.0 0.95 0.5 0.85 0.0 0.8 0.75 0.95 0.2 0.7 0.9 0.5 0.55 0.9 0.2 0.85 0.85 0.6 0.9 0.2 0.85 0.95 0.4 0.7 0.85 0.05 0.4 0.05 0.7 0.45 0.25 0.6 0.55 
-0.007124063811943948 0.5569467200706065 0.4369424251689832 0.55 0.65 0.15 0.4 0.6 0.75 1.0 0.15 0.35 0.7 0.05 0.6 0.75 0.0 0.55 0.2 0.25 0.55 0.45 1.0 1.0 0.7 0.45 0.9 0.15 0.3 0.7 0.25 0.3 0.65 0.3 0.15 0.55 0.35 0.5 0.25 
-0.02018310579269876 0.5663808181251268 0.4244804250821374 0.75 0.65 0.15 0.95 0.6 0.75 1.0 0.05 0.35 0.4 0.05 0.6 1.0 0.0 0.55 0.2 0.25 0.55 0.6 0.1 0.4 0.7 0.45 0.9 0.3 0.3 0.7 0.25 0.3 0.65 0.1 0.15 0.65 0.35 0.5 0.25 
-0.0024754165338050057 0.3779565425037868 0.480198559122617 0.65 0.35 0.45 1.0 0.4 0.85 0.4 0.7 0.2 0.65 0.95 0.15 0.9 0.5 0.25 0.85 0.9 0.5 0.45 0.6 0.6 0.85 0.95 0.85 0.7 0.4 0.7 1.0 0.05 0.55 0.05 0.75 0.95 0.6 0.6 0.85 
-0.00277054928667539 0.40695163537672 0.45770923403715846 0.55 0.35 0.45 1.0 0.15 0.85 0.1 0.7 0.2 0.65 0.95 0.15 0.9 0.5 0.25 0.85 0.9 0.5 0.45 0.6 0.6 0.85 0.95 0.85 0.7 0.4 0.75 0.5 0.05 0.55 0.05 0.75 0.95 0.6 0.6 0.85 
-0.0002637483539777848 0.4154890146993273 0.5128360755074055 0.95 0.7 0.05 1.0 0.4 0.2 0.6 0.7 0.3 0.45 0.3 0.8 0.85 0.8 0.35 0.85 0.9 0.5 0.9 0.85 0.6 0.05 1.0 0.45 1.0 0.4 0.65 1.0 0.1 0.55 0.75 0.7 0.95 0.1 0.6 0.9 
-0.03618226036754837 0.5653083880491634 0.4062477459160509 0.85 1.0 0.6 0.65 0.85 0.4 0.9 0.65 0.3 0.75 0.55 0.9 1.0 0.2 0.5 0.85 0.85 0.95 0.45 0.75 0.7 0.3 0.9 0.95 1.0 1.0 0.6 0.4 0.0 0.05 1.0 0.95 0.5 0.65 0.1 0.85 
-0.0015749425710600059 0.4121670244263394 0.5564537828125046 0.95 0.1 0.95 1.0 0.4 0.5 0.25 0.65 0.05 0.3 0.95 0.15 0.35 0.5 0.35 0.85 0.9 0.5 0.8 0.6 0.6 0.85 0.95 0.85 0.75 0.4 0.7 0.5 0.05 0.25 0.05 0.25 0.65 0.6 0.4 0.0 
-0.009777394598566844 0.3757076094085165 0.527558769320184 1.0 0.65 0.95 1.0 0.35 0.5 0.4 0.65 0.05 0.35 0.95 0.15 0.65 0.5 0.35 0.65 0.9 0.5 0.65 0.15 0.15 0.95 0.15 0.7 1.0 0.4 0.7 0.9 0.75 0.25 0.4 0.25 0.3 1.0 0.65 0.0 
-0.0061796491005776865 0.5152358462301125 0.4250078123240601 0.6 0.65 0.3 0.5 0.55 0.35 0.65 0.35 0.3 0.4 0.2 0.85 0.6 0.85 0.9 0.7 0.75 0.9 0.85 0.0 0.9 0.75 0.95 0.45 0.8 0.9 0.2 0.35 0.75 0.8 0.6 0.15 0.95 0.25 0.15 0.25 
-0.005466452773907377 0.6061860986007622 0.5257374130414738 0.45 0.4 0.6 0.35 0.85 0.4 0.35 0.65 0.65 0.25 0.4 0.85 0.95 0.95 1.0 0.25 0.85 0.9 0.2 0.85 0.5 0.3 0.25 0.7 1.0 1.0 0.6 0.4 0.0 0.5 0.45 0.8 0.5 0.65 0.45 0.7 
-0.005230927325232881 0.5259430616277923 0.4171096179451433 0.55 0.4 0.6 0.75 0.85 0.4 0.9 0.65 0.6 0.55 0.55 0.9 0.2 0.25 0.65 0.55 0.4 0.7 0.65 0.75 0.35 0.1 0.0 0.7 0.8 1.0 0.0 0.4 0.0 0.05 0.45 0.1 0.0 0.4 0.1 0.7 
-0.022554445507211626 0.6135768227838647 0.4488277341215198 0.8 0.65 0.15 0.8 0.55 0.75 1.0 0.15 0.6 0.3 0.05 0.6 1.0 0.4 0.9 0.5 0.05 0.95 0.85 0.65 0.4 0.35 0.45 0.9 0.95 0.3 0.7 0.8 0.35 0.65 0.2 0.15 0.55 0.5 0.95 0.35 
-0.00020661851431063823 0.524733898722418 0.586663692749681 0.8 0.45 0.35 0.85 1.0 0.5 0.95 0.15 0.15 0.7 0.1 0.15 0.65 0.3 0.7 0.9 0.35 0.35 0.8 0.7 0.95 0.75 0.4 0.95 1.0 0.9 0.5 0.65 0.05 0.5 0.25 0.45 0.2 0.9 0.0 0.65 
-0.004516917939730074 0.4740776393127295 0.41675487362705244 0.95 0.05 0.65 0.4 0.05 0.4 1.0 0.95 0.8 0.95 0.95 0.65 0.35 0.25 0.35 0.25 0.4 0.75 0.65 0.85 0.85 0.25 0.6 0.0 0.2 0.7 0.5 0.8 0.1 0.85 0.55 0.05 0.25 0.05 1.0 0.6 
-0.0016420864054106155 0.381152846577631 0.4677351574825208 0.95 0.4 0.8 1.0 0.4 0.5 0.7 0.8 0.45 0.75 0.3 0.85 1.0 0.15 0.5 0.35 0.9 0.35 0.75 0.85 0.6 0.65 0.95 0.15 0.95 0.4 0.75 0.05 0.05 0.6 0.05 0.7 0.45 0.75 0.6 0.15 
-0.0007964344527281728 0.39931879793759034 0.5563661177524473 0.9 0.45 0.8 1.0 0.35 0.5 0.6 1.0 0.35 0.35 0.95 0.15 0.8 0.65 0.2 0.9 0.9 0.5 0.7 0.25 0.2 0.85 0.4 0.15 1.0 0.3 0.7 0.75 0.85 0.25 0.15 0.75 0.65 0.95 0.9 0.35 
-0.007494131137921594 0.40839619060368165 0.5374900521710532 0.95 0.6 0.9 1.0 0.35 0.5 0.3 0.65 0.2 0.3 0.9 0.15 0.3 0.15 0.2 0.95 0.9 0.5 0.8 0.6 0.35 0.95 0.65 0.9 0.4 0.4 0.7 1.0 0.85 0.25 0.4 0.25 0.6 1.0 0.65 0.85 
-0.005424979533039652 0.41718133204001806 0.5740466362909307 0.95 0.05 0.75 1.0 0.35 0.5 0.3 0.65 0.05 0.3 0.95 0.15 0.5 0.5 0.35 0.95 0.9 0.5 0.25 0.6 0.15 0.85 0.5 0.9 0.75 0.4 0.7 0.6 0.85 0.25 0.4 0.25 0.55 0.6 0.65 0.0 
-0.008930459044318403 0.5523355334902477 0.5697564341226768 0.0 0.9 0.65 0.75 1.0 0.5 0.0 0.5 0.15 0.85 0.1 0.35 0.15 0.65 0.1 0.9 0.95 0.95 0.8 0.7 0.3 0.75 1.0 0.45 1.0 0.9 0.5 0.8 0.05 0.55 0.25 0.05 0.0 0.9 0.95 0.1 
-0.0020694707100434016 0.6120458863705788 0.46641622136183464 0.9 0.75 0.2 0.25 0.65 0.35 0.65 0.7 0.35 1.0 0.3 0.65 1.0 0.3 0.65 0.85 0.8 0.5 0.45 0.05 0.3 0.4 0.3 0.45 1.0 0.4 0.65 0.8 0.4 0.1 0.55 0.7 0.2 0.65 0.6 0.75 
-0.02226996180801604 0.4506510533699184 0.4123610972106923 0.85 0.05 0.65 0.4 0.05 0.4 1.0 0.95 0.8 0.95 0.95 0.65 0.1 0.25 0.35 0.25 0.5 0.7 1.0 0.2 0.85 0.25 0.15 0.45 0.5 0.45 0.55 0.8 0.9 0.85 0.75 0.75 0.5 0.05 0.1 0.6 
-0.004359299682222314 0.6008203065376845 0.4460150871536333 1.0 0.7 0.55 0.3 0.35 0.65 0.65 0.75 0.3 0.9 0.3 0.75 0.85 0.3 0.6 0.85 0.8 0.95 0.45 0.85 0.3 0.1 0.7 0.15 1.0 0.4 0.5 0.75 0.4 0.4 0.05 0.85 0.35 0.35 1.0 0.3 
-0.001245501546148579 0.4481220310200474 0.4101345317352868 0.85 0.05 0.65 0.7 0.05 0.4 1.0 0.95 0.8 0.95 0.95 0.65 0.5 0.25 0.35 0.25 0.4 0.7 1.0 0.2 0.85 0.25 0.15 0.45 0.15 0.15 0.6 0.8 0.9 0.85 0.75 0.7 0.5 0.7 1.0 0.2 
-0.002626992418932649 0.5649029818520706 0.5757506176676889 0.5 0.4 0.3 0.8 1.0 0.5 0.2 0.5 0.15 0.65 0.2 0.35 0.8 0.5 0.8 0.65 0.35 0.35 0.8 0.7 0.25 0.75 0.05 0.9 1.0 0.85 0.5 0.55 0.05 0.5 0.25 0.45 0.0 0.9 0.2 0.1 
-0.008877865377308706 0.3587014469282722 0.4496820788755521 0.95 0.1 0.55 1.0 0.4 0.45 0.2 0.65 0.85 0.6 0.95 0.15 0.7 0.9 0.5 0.55 0.9 0.2 0.45 0.6 0.9 0.4 0.95 0.85 0.85 0.35 0.85 0.9 0.05 0.55 0.3 0.25 0.8 0.95 0.65 0.0 
-0.022369788928056866 0.3851058366929018 0.45695287047756433 0.55 0.35 0.45 1.0 0.15 0.85 0.4 0.7 0.2 0.65 0.95 0.15 0.9 0.5 0.25 0.85 0.9 0.5 0.45 0.6 0.6 0.85 0.95 0.85 0.7 0.4 0.75 0.5 0.05 0.55 0.05 0.75 0.95 0.6 0.6 0.85 
-0.0004946975513954314 0.36393890686218455 0.4973254584668462 0.95 0.15 0.45 1.0 0.4 0.45 0.25 0.7 0.2 0.6 0.95 0.15 0.6 0.9 0.5 0.85 0.9 0.5 0.45 0.6 0.6 0.4 0.95 0.85 0.7 0.4 0.65 0.9 0.05 0.55 0.05 0.25 0.3 0.1 0.6 0.9 
-0.0014985602757932072 0.6239063498646712 0.4981138646203483 0.8 0.95 0.4 0.8 0.0 0.5 0.7 0.5 0.15 0.7 0.15 0.35 0.8 1.0 0.7 0.75 0.35 0.35 0.8 0.7 0.25 0.2 0.4 0.95 1.0 1.0 0.5 0.65 0.05 0.5 0.25 0.45 0.0 0.2 0.35 0.1 
-0.004491381658903016 0.4176226868949747 0.44579021474196223 0.95 0.15 0.45 1.0 0.2 0.45 0.25 0.7 0.95 0.6 0.95 0.15 0.9 0.5 0.3 0.85 0.9 0.5 0.45 0.6 0.6 0.7 0.95 0.85 0.7 0.4 0.6 0.5 0.05 0.55 0.05 0.25 0.65 0.6 0.6 0.0 
-0.0010423279047529067 0.6216563853326544 0.5533391144816028 0.95 0.4 0.3 0.8 1.0 0.5 0.95 0.45 0.15 0.65 0.25 0.4 0.8 0.5 0.8 0.5 0.35 0.35 0.8 0.7 0.6 0.75 0.4 0.65 1.0 0.85 0.65 0.45 0.05 0.5 0.25 0.45 0.0 0.9 0.2 0.25 
-0.0006878480778141215 0.40846916384370885 0.40720815882865097 0.95 0.4 0.55 1.0 0.4 0.45 0.05 0.05 0.75 0.3 0.9 0.05 0.7 0.9 0.5 0.55 0.9 0.2 0.9 0.35 0.0 0.8 0.5 0.25 0.4 0.45 0.5 1.0 0.05 0.55 0.6 0.3 0.15 0.95 0.6 0.55 
-0.006009784745673503 0.6187626958205452 0.4233143944025493 0.85 0.65 0.15 0.8 0.55 0.75 1.0 0.15 0.6 0.3 0.05 0.5 0.35 0.4 0.9 0.5 0.05 0.95 0.85 0.65 0.4 0.35 0.45 0.9 0.95 0.3 0.7 0.8 0.35 0.65 0.2 0.15 0.55 0.5 0.95 0.35 
-0.04245768700981227 0.4538803408022618 0.578318109366216 0.1 0.35 0.9 0.9 0.1 0.2 0.6 0.9 0.75 1.0 0.35 1.0 0.85 0.25 1.0 0.15 0.3 0.0 0.7 0.35 0.1 0.2 0.9 0.1 1.0 0.2 0.45 0.55 0.9 0.3 0.85 0.3 0.05 0.5 0.45 0.5 
-0.0021251911275666857 0.3465000580832881 0.4289219555571165 0.75 0.4 0.55 1.0 0.4 0.45 0.55 0.7 0.75 0.55 0.95 0.15 0.6 0.9 0.5 0.55 0.9 0.2 0.95 0.6 0.6 0.4 0.95 0.85 0.7 0.4 0.65 1.0 0.05 0.55 0.05 0.25 0.8 0.95 0.6 0.45 
-0.006791250529052068 0.3747677034234813 0.41036536141947444 0.95 0.4 0.55 1.0 0.4 0.45 1.0 0.55 0.6 0.6 0.95 0.15 0.75 0.9 0.5 0.55 0.9 0.2 0.45 0.35 0.6 0.4 0.95 0.85 0.5 0.4 0.65 0.9 0.05 0.55 0.05 0.7 0.8 0.95 0.6 0.0 
-0.0038723028678837464 0.3354822354596626 0.4417878630393287 0.95 0.1 0.55 1.0 0.4 0.45 0.2 0.65 0.85 0.6 0.95 0.15 0.7 0.9 0.5 0.55 0.9 0.2 0.45 0.6 0.9 0.4 0.95 0.85 0.85 0.4 0.85 0.9 0.05 0.55 0.05 0.25 0.8 0.95 0.6 0.0 
-0.00125741584402764 0.47339952150630815 0.5664990253050562 0.75 0.15 0.9 1.0 0.35 0.5 0.0 0.65 0.15 0.3 0.95 0.25 0.4 0.25 0.7 1.0 0.9 0.5 0.8 0.35 0.35 0.95 0.95 0.9 1.0 0.4 0.7 1.0 0.85 0.25 0.4 0.3 0.55 0.6 0.2 0.0 
-0.004068814243028626 0.4648148791712209 0.3924103909338425 0.95 0.05 0.65 0.4 0.05 0.4 1.0 0.95 0.8 0.95 0.95 0.65 0.35 0.25 0.35 0.25 0.4 0.75 0.2 0.2 0.85 0.05 0.5 0.45 0.25 0.7 0.9 0.8 0.9 0.85 0.55 0.05 0.5 0.05 1.0 0.6 
-0.021760689289530375 0.36314798236464946 0.520835813692925 0.65 0.5 0.55 1.0 0.4 0.45 0.2 0.6 0.75 0.55 0.95 0.15 0.6 0.9 0.5 0.55 0.9 0.2 0.95 0.6 0.6 0.4 0.95 0.85 0.7 0.4 0.65 1.0 0.05 0.55 0.05 0.25 0.8 0.95 0.6 0.45 
-0.0007735552033272063 0.4108649560721376 0.4224153430615828 0.95 0.15 0.55 0.95 0.2 0.45 0.25 0.7 0.2 0.6 0.95 0.15 0.9 0.5 0.3 0.85 0.9 0.5 0.45 0.6 0.6 0.85 0.95 0.85 0.7 0.4 0.85 0.5 0.05 0.55 0.05 0.25 0.65 0.6 0.6 0.0 
-0.0029690941870196795 0.36709917110923207 0.481395557644485 0.85 0.65 0.9 1.0 0.35 0.5 0.1 0.65 0.05 0.3 0.95 0.35 0.65 0.6 0.35 1.0 0.9 0.5 0.4 0.85 0.35 0.95 0.75 0.9 1.0 0.4 0.7 0.75 0.85 0.25 0.4 0.25 0.2 1.0 0.65 0.0 
-0.014103181827905367 0.6049315482408462 0.5666043009307289 0.9 0.7 0.65 0.9 0.4 0.2 0.2 0.7 0.2 0.75 0.3 0.2 0.5 0.4 0.85 0.7 0.9 0.5 0.45 0.85 0.3 0.4 1.0 0.45 1.0 0.4 0.65 0.65 0.4 0.55 0.05 0.25 0.95 0.25 0.6 0.9 
-0.03209635733814186 0.34014320491111355 0.5013727325641446 0.85 0.45 0.75 1.0 0.45 0.5 0.95 0.05 0.35 0.35 0.8 0.4 1.0 0.5 0.2 0.85 0.9 0.5 0.7 0.6 0.3 0.85 0.4 0.9 0.35 0.3 0.7 0.8 0.85 0.25 0.15 0.75 0.55 0.95 0.65 0.85 
-0.00926845830059868 0.35461156683322126 0.4972144706536278 0.7 0.4 0.6 0.95 0.4 0.5 1.0 0.0 0.8 0.85 0.95 0.65 0.65 0.1 0.5 0.7 0.9 0.2 0.75 0.85 0.6 0.9 0.85 0.55 1.0 0.4 0.65 0.7 0.05 0.55 0.7 0.7 0.5 0.95 0.6 0.2 
-0.003852163018586494 0.4129371925951371 0.399690455760023 0.95 0.4 0.55 1.0 0.4 0.5 0.85 0.0 0.8 0.75 0.95 0.2 1.0 0.2 0.5 0.45 0.9 0.2 0.85 0.85 0.6 0.9 0.95 0.9 0.95 0.4 0.5 0.25 0.05 0.55 0.05 0.7 0.45 0.95 0.9 0.25 
-0.0034179931975827473 0.3691459656686906 0.5483714837271405 0.8 0.65 0.9 0.55 0.35 0.5 0.1 0.65 0.65 0.3 0.95 0.4 0.65 0.6 0.35 1.0 0.9 0.5 0.4 0.85 0.35 0.95 0.75 0.9 1.0 0.4 0.7 0.75 0.85 0.2 0.4 0.25 0.2 1.0 0.65 0.0 
-0.05527416875820339 0.6245590961222011 0.4066668008870364 0.85 0.4 0.8 0.75 0.85 0.4 0.95 0.75 0.75 0.8 0.5 0.85 0.45 0.95 0.55 0.6 0.85 0.8 0.2 0.85 0.15 0.3 0.3 0.6 1.0 1.0 0.6 0.45 0.0 0.05 0.45 0.4 0.15 0.5 0.1 0.7 
-0.0027905383639119452 0.5815145533423427 0.5618180422929905 0.7 0.35 0.15 0.3 1.0 0.3 0.3 0.5 0.15 0.3 0.1 0.35 0.75 0.65 0.35 0.7 0.9 0.95 0.8 0.4 0.35 0.75 1.0 0.8 1.0 0.9 0.5 0.8 0.05 0.55 0.25 0.5 0.2 0.15 0.35 0.65 
-0.027933957579363202 0.3390426820421908 0.4701291627870307 0.85 0.45 0.7 1.0 0.45 0.5 0.55 1.0 0.35 0.45 0.95 0.15 1.0 0.5 0.2 1.0 0.9 0.5 0.7 0.6 0.55 0.85 0.4 0.9 1.0 0.3 0.7 0.3 0.85 0.25 0.15 0.75 0.55 0.15 0.65 0.75 
-0.008553271689091002 0.6162940213308452 0.3952276712266201 0.85 0.4 0.6 0.75 0.85 0.4 0.9 0.65 0.65 0.25 0.85 0.85 0.1 0.95 0.6 0.65 0.85 0.85 0.2 0.4 0.95 0.3 0.0 0.7 1.0 1.0 0.6 0.4 0.0 0.05 0.45 0.8 0.5 0.65 0.1 0.7 
-0.040491794705985996 0.6503479121403495 0.5025213270464529 0.5 0.95 0.4 0.8 0.0 0.5 0.7 0.5 0.15 0.8 0.15 0.35 0.8 1.0 0.7 0.75 0.35 0.35 0.15 0.7 0.25 0.2 0.4 0.95 1.0 0.9 0.5 0.65 0.05 0.5 1.0 0.45 0.65 0.2 0.35 0.1 
-0.028802696259327742 0.6644309032193896 0.5396746880794026 0.5 0.4 0.3 0.85 1.0 0.5 0.95 0.5 0.15 0.65 0.25 0.35 0.8 0.5 0.8 0.5 0.35 0.35 0.8 0.7 0.25 0.75 0.25 0.3 1.0 0.85 0.5 0.45 0.05 0.5 0.25 0.45 0.0 0.9 0.1 0.1 
-0.036844169860496975 0.6363107585667273 0.5409859575673216 0.65 0.4 0.3 0.8 1.0 0.5 0.95 0.5 0.45 0.6 0.25 0.35 0.15 0.5 0.7 0.5 0.35 0.35 0.8 0.7 0.25 0.75 0.4 0.65 1.0 0.85 0.5 0.85 0.05 0.5 0.25 0.45 0.0 0.9 0.2 0.1 
-0.00039647836181452796 0.640592944345589 0.5230479318206607 0.9 0.4 0.65 0.75 0.85 0.4 0.1 0.7 0.65 0.5 0.5 0.85 0.15 0.95 0.95 0.8 0.85 0.8 0.2 0.9 0.15 1.0 0.3 0.7 1.0 1.0 0.6 0.45 0.0 0.15 0.45 0.05 0.1 0.1 0.0 0.0 
-0.013239629278803467 0.6281582292130641 0.4243323656600581 0.8 0.4 0.3 0.8 1.0 0.5 0.95 0.5 0.15 0.55 0.1 0.35 0.8 0.0 0.8 0.65 0.35 0.15 0.8 0.7 0.25 0.75 0.4 0.9 1.0 0.8 0.5 0.35 0.1 0.45 0.25 0.45 0.8 0.9 0.2 0.4 
-0.00859025728577969 0.5854236508306546 0.41156427177735877 0.3 0.4 0.8 0.75 0.85 0.4 0.95 0.65 0.85 0.8 0.5 0.85 0.45 0.95 0.2 0.6 0.85 0.8 0.2 0.6 0.15 1.0 0.3 0.6 1.0 1.0 0.6 0.45 0.0 0.05 0.45 0.0 0.35 0.5 0.1 0.7 
-0.001553731520266544 0.4978439616826397 0.5922691098767741 0.75 0.15 0.9 1.0 0.35 0.5 0.0 0.65 0.45 0.3 0.95 0.15 0.4 0.25 0.7 1.0 0.9 0.5 0.8 0.35 0.35 0.95 0.95 0.9 1.0 0.4 0.7 1.0 0.85 0.25 0.4 0.3 0.55 0.6 0.2 0.0 
-0.010029875103808246 0.6345734500990247 0.44717872361693445 0.5 0.4 0.8 0.75 0.85 0.4 0.95 0.65 0.65 0.25 0.5 0.85 0.5 0.95 0.65 0.35 0.85 0.8 0.2 0.1 0.15 0.3 0.3 0.7 1.0 1.0 0.6 0.45 0.0 0.25 0.45 0.8 0.5 0.5 0.1 0.7 
-9.52139455818565e-05 0.6050835930642113 0.3983211670322108 0.85 0.4 0.6 0.7 0.85 0.4 0.8 0.5 0.65 0.25 0.4 0.75 0.95 0.4 1.0 0.25 0.85 0.9 0.2 0.4 0.5 0.3 0.25 0.8 1.0 1.0 0.6 0.4 0.0 0.05 0.45 0.8 0.5 0.65 0.1 0.7 
-0.006154224544796942 0.6552073475196075 0.4765845774719849 0.8 0.4 0.3 0.8 0.0 0.5 0.3 0.5 0.15 0.55 0.1 0.35 0.8 0.0 0.5 0.65 0.35 0.35 0.8 0.7 0.25 0.75 0.4 0.6 1.0 0.8 0.5 0.35 0.1 0.45 0.25 0.45 0.8 0.9 0.2 0.4 
-0.002934634762176685 0.5438221565038647 0.3945035909954868 0.05 0.4 0.6 0.95 0.85 0.4 0.9 0.65 0.7 0.65 0.55 0.9 0.15 0.2 0.75 0.75 0.85 0.95 0.45 0.75 0.55 0.8 0.0 0.7 0.45 1.0 0.6 0.4 0.0 0.05 0.45 0.95 0.5 0.65 0.1 0.85 
-0.05738905187085042 0.44483646426448753 0.371241237895804 0.95 0.4 0.55 1.0 0.4 0.5 1.0 0.0 0.8 0.75 0.95 0.15 1.0 0.2 0.5 0.4 0.9 0.2 0.85 0.85 0.6 0.9 0.95 0.85 0.95 0.4 0.65 0.85 0.05 0.6 0.05 0.7 0.45 0.75 0.6 0.15 
-0.040612303582036206 0.48220872645745577 0.5942069912372848 0.8 0.15 0.9 0.75 0.35 0.5 0.0 0.0 0.45 0.3 0.95 0.15 0.25 0.25 0.7 1.0 0.9 0.5 0.8 0.35 0.35 0.95 0.95 0.0 1.0 0.4 0.7 0.9 0.85 0.25 0.4 0.3 0.55 0.6 0.2 0.0 
-0.03249527917246258 0.6605027496245116 0.4296465053532805 0.85 0.4 0.3 0.9 0.85 0.4 0.95 0.65 0.6 0.55 0.05 0.9 0.7 0.2 0.5 0.8 0.85 0.95 0.45 0.75 0.75 0.35 0.0 0.7 0.95 1.0 0.6 0.7 0.0 0.05 1.0 0.95 0.5 0.65 0.4 0.85 
-0.015155736755438114 0.5693126879903024 0.40118447466732193 0.85 0.4 0.6 0.9 0.85 0.4 0.9 0.65 0.65 0.3 0.55 0.85 0.1 0.95 0.2 0.95 0.85 0.85 0.2 0.35 0.1 0.3 0.0 0.7 0.8 0.15 0.6 0.4 0.0 0.05 0.2 0.8 0.5 0.65 0.1 0.7 
-0.005373891560160246 0.6296022927498657 0.5803637339244834 0.9 0.7 0.65 0.9 0.4 0.2 0.2 0.7 0.3 0.75 0.3 0.5 0.5 0.4 0.85 0.7 0.9 0.5 0.45 0.85 0.3 0.4 1.0 0.45 1.0 0.4 0.65 1.0 0.4 0.55 0.05 0.25 0.95 0.25 0.6 0.9 
-0.020318320235207788 0.4814732816700562 0.39212698058499135 0.95 0.4 0.55 1.0 0.4 0.5 0.75 0.8 0.8 0.75 0.95 0.85 1.0 0.2 0.5 0.4 0.9 0.2 0.85 0.85 0.6 0.9 0.95 0.85 0.95 0.4 0.75 0.85 0.7 0.6 0.05 0.7 0.45 0.75 0.6 0.15 
-0.0023260882414176008 0.672163221976793 0.4881939613061291 0.9 0.7 0.35 0.9 0.4 0.2 0.65 0.7 0.3 0.45 0.3 0.75 1.0 0.3 0.85 0.9 0.8 0.5 0.45 0.9 0.3 0.4 0.7 0.45 0.9 0.4 0.65 1.0 0.4 0.6 0.05 0.65 0.2 0.25 0.6 0.75 
-0.028623512717195685 0.37291183412309037 0.5684060358647932 1.0 0.05 0.9 1.0 0.35 0.5 0.4 0.65 0.05 0.35 0.95 0.15 0.7 0.5 0.35 0.7 0.9 0.5 0.65 0.85 0.75 0.95 0.15 0.9 1.0 0.4 0.7 0.9 0.85 0.25 0.4 0.25 0.2 1.0 0.65 0.0 
-0.027653954923553926 0.6057003447151136 0.364007601429998 0.85 0.4 0.8 0.75 0.85 0.4 0.95 0.65 0.65 0.25 0.5 0.85 0.45 0.95 0.15 0.35 0.85 0.8 0.2 0.6 0.15 0.3 0.3 0.6 1.0 1.0 0.6 0.45 0.0 0.05 0.45 0.8 0.5 0.5 0.1 0.7 
-0.015782821641214122 0.3745447065190692 0.5888176451348394 0.85 0.3 0.8 1.0 0.35 0.5 0.6 1.0 0.35 0.35 0.95 0.15 0.4 0.5 0.2 0.7 0.9 0.5 0.7 0.5 0.65 0.85 0.4 0.15 1.0 0.3 0.7 0.8 0.85 0.25 0.15 0.75 0.55 0.95 0.65 0.85 
-0.0007642828893203023 0.5996141916403054 0.35494271448022263 0.75 0.4 0.8 0.75 0.85 0.4 0.95 0.65 0.65 0.25 0.5 0.85 0.45 0.85 0.25 0.35 0.85 0.8 0.3 0.6 0.15 0.3 0.3 0.6 1.0 1.0 0.6 0.45 0.0 0.05 0.45 0.8 0.5 0.5 0.1 0.7 
-0.0060538475290626845 0.6753292644589275 0.4672984409641894 0.9 0.75 0.5 0.05 0.95 0.45 0.55 0.8 0.35 1.0 0.3 0.65 1.0 0.3 0.75 0.85 0.8 0.5 0.45 0.85 0.3 0.3 0.8 0.45 0.8 0.4 0.65 0.8 0.4 0.6 0.45 0.7 0.2 0.25 0.6 0.85 
-0.0013512553342516784 0.571294290304391 0.607524313979166 0.95 0.45 0.35 0.85 1.0 0.5 0.95 0.15 0.15 0.7 0.45 0.4 0.95 0.45 0.8 0.75 0.35 0.35 0.65 0.7 0.95 0.75 0.4 0.5 1.0 0.9 0.5 0.6 0.05 0.5 0.85 0.45 0.6 0.9 0.75 0.1 
-0.002311662899933389 0.6662599626234248 0.5187993095982495 0.9 0.7 0.65 0.9 0.4 0.5 0.65 0.7 0.3 0.45 0.3 0.2 1.0 0.3 0.85 0.85 0.8 0.5 0.45 0.85 0.3 0.6 0.0 0.45 1.0 0.4 0.65 1.0 0.45 0.55 0.05 0.8 0.2 0.25 0.25 0.65 
-0.024330467961184325 0.6552341964279406 0.4146763954722707 0.8 0.4 0.3 0.8 0.0 0.5 0.95 0.5 0.15 0.55 0.1 0.35 0.8 0.0 0.5 0.65 0.35 0.35 0.8 0.7 0.25 0.75 0.4 0.6 1.0 0.8 0.5 0.35 0.1 0.45 0.25 0.45 0.8 0.9 0.2 0.4 
-0.013497122148487072 0.6690616692718806 0.4405914161406745 0.65 0.4 0.3 0.8 1.0 0.5 0.95 0.5 0.15 0.7 0.1 0.35 0.8 1.0 0.65 0.5 0.35 0.35 0.8 0.7 0.25 0.75 0.4 0.6 1.0 0.8 0.5 0.45 0.1 0.5 0.25 0.45 0.4 0.9 0.2 0.3 
-5.8075438133598374e-05 0.5920812797554883 0.5805620641460859 0.5 0.4 0.3 0.8 1.0 0.5 0.2 0.5 0.15 0.65 0.2 0.35 0.75 0.5 0.8 0.5 0.35 0.35 0.8 0.7 0.25 0.85 0.05 0.9 1.0 0.85 0.5 0.55 0.05 0.5 0.25 0.45 0.0 0.9 0.2 0.1 
-0.01453157552462596 0.6454314946510181 0.37309185140478524 0.85 0.4 0.6 0.7 0.85 0.4 0.8 0.65 0.7 0.25 0.4 0.75 0.95 0.4 1.0 0.35 0.85 0.9 0.2 0.4 0.5 0.3 0.25 0.7 1.0 1.0 0.6 0.4 0.0 0.05 0.45 0.8 0.5 0.65 0.1 0.7 
-0.012807310202628855 0.41952425298782453 0.5967640231027281 0.8 0.6 0.9 0.9 0.35 0.5 0.3 0.65 0.2 0.3 0.95 0.15 0.25 0.15 0.2 0.8 0.9 0.5 0.8 0.8 0.2 0.95 0.65 0.9 1.0 0.4 0.7 0.9 0.85 0.25 0.4 0.25 0.6 0.6 0.65 0.8 
-0.009056857851188092 0.5706556373981906 0.38468039713302465 0.85 0.65 0.4 0.95 0.6 0.75 1.0 0.35 0.55 0.55 0.05 0.6 0.85 0.0 0.55 0.25 0.25 0.65 0.05 0.1 0.4 0.7 0.45 0.9 0.7 0.3 0.7 0.2 0.35 0.65 0.45 0.15 0.55 0.0 0.5 0.25 
-0.014150629842399242 0.5339366542930519 0.6144618090385776 0.95 0.45 0.35 0.85 1.0 0.5 0.95 0.15 0.15 0.7 0.15 0.4 0.95 0.45 0.8 0.75 0.35 0.35 0.65 0.7 0.95 0.75 0.35 0.5 1.0 0.9 0.5 0.7 0.05 0.5 0.85 0.45 0.6 0.9 0.75 0.1 
-0.03874651280077838 0.48426555590566855 0.6089017299803048 0.8 0.15 0.9 1.0 0.35 0.5 0.0 0.65 0.45 0.3 0.95 0.15 0.25 0.25 0.35 1.0 0.9 0.5 0.8 0.35 0.35 0.95 0.95 0.0 1.0 0.4 0.7 1.0 0.85 0.25 0.4 0.3 0.55 0.6 0.2 0.0 
-0.026279073453971652 0.6829230339512423 0.5277883934958839 0.95 0.4 0.3 0.8 1.0 0.5 0.95 0.5 0.15 0.65 0.25 0.4 0.8 0.5 0.8 0.5 0.35 0.35 0.8 0.7 0.25 0.75 0.4 0.65 1.0 0.85 0.5 0.45 0.05 0.5 0.25 0.45 0.0 0.9 0.2 0.25 
-0.010992701021930873 0.5520841315494477 0.6028316174070162 0.95 0.45 0.35 0.85 1.0 0.5 0.95 0.15 0.15 0.7 0.25 0.4 0.95 0.45 0.8 0.75 0.35 0.35 0.15 0.7 0.95 0.75 0.8 0.5 0.8 0.9 0.5 0.6 0.05 0.5 0.85 0.25 0.6 0.55 0.0 0.1 
-0.01063548132098575 0.47018465704070833 0.6209409439982182 0.75 0.15 0.9 1.0 0.35 0.5 0.0 0.65 0.45 0.3 0.95 0.15 0.15 0.25 0.7 1.0 0.9 0.5 0.8 0.35 0.35 0.95 0.95 0.9 1.0 0.4 0.7 1.0 0.85 0.25 0.4 0.3 0.55 0.6 0.2 0.0 
-0.2407384401594809 0.4924001637744207 0.6205429121102969 0.75 0.15 0.9 1.0 0.35 0.5 0.3 0.6 0.7 0.4 0.95 0.15 0.25 0.25 0.7 1.0 0.9 0.5 0.8 0.9 0.35 0.95 0.95 0.9 1.0 0.4 0.7 1.0 0.85 0.25 0.45 1.0 0.55 0.6 0.2 0.0 
-0.015276549900763237 0.4016633408704646 0.591974008355311 0.8 0.6 0.9 0.9 0.35 0.5 0.3 0.35 0.95 0.3 0.95 0.15 0.25 0.5 0.15 0.95 0.9 0.5 0.0 0.6 0.35 0.95 0.65 0.9 1.0 0.4 0.7 1.0 0.85 0.25 0.4 0.25 0.6 0.6 0.2 0.8 
-0.05658319146906601 0.5172844347826323 0.6157177667216294 0.95 0.4 0.05 1.0 0.4 0.2 0.6 0.7 0.3 0.45 0.3 0.8 0.85 0.8 0.35 0.85 0.9 0.5 0.9 0.85 0.6 0.05 1.0 0.45 1.0 0.4 0.65 1.0 0.4 0.55 0.05 0.25 0.95 0.1 0.65 0.9 
-0.023958483421175892 0.44584830272058956 0.6097897698618389 1.0 0.05 0.9 1.0 0.5 0.5 0.4 0.95 0.05 0.35 0.95 0.15 0.7 0.5 0.35 0.7 0.9 0.5 0.65 0.85 0.75 0.95 0.15 0.9 1.0 0.4 0.7 0.9 0.85 0.25 0.4 0.25 0.2 1.0 0.65 0.0 
-0.0027981411075002054 0.6463899623221889 0.5647571585106113 0.5 0.4 0.3 0.85 1.0 0.5 0.95 0.5 0.15 0.65 0.25 0.35 0.8 0.5 0.6 0.55 0.35 0.35 0.8 0.7 0.3 0.75 0.25 0.3 1.0 0.85 0.5 0.45 0.05 0.5 0.25 0.45 0.0 0.9 0.1 0.1 
-0.03309551719348925 0.37343949615177985 0.6016592933350291 0.85 0.45 0.75 1.0 0.45 0.5 0.65 1.0 0.25 0.35 0.95 0.15 1.0 0.4 0.2 0.95 0.9 0.5 0.7 0.6 0.65 0.85 0.65 0.9 1.0 0.3 0.7 0.8 0.85 0.25 0.15 0.75 0.6 0.65 0.65 0.85 
-0.015776773319996468 0.6368268571990559 0.5929269486671673 0.9 0.7 0.65 0.9 0.4 0.2 0.6 0.7 0.3 0.75 0.3 0.5 0.5 0.4 0.85 0.85 0.9 0.5 0.45 0.85 0.3 0.4 1.0 0.45 1.0 0.4 0.65 1.0 0.4 0.55 0.05 0.25 0.95 0.25 0.6 0.9 
-0.007977435403718099 0.4104262676328869 0.6148598168306211 0.8 0.6 0.9 0.9 0.35 0.5 0.3 0.75 0.95 0.3 0.95 0.15 0.25 0.5 0.15 0.95 0.9 0.5 0.8 0.6 0.35 0.95 0.65 0.9 1.0 0.4 0.7 1.0 0.85 0.25 0.4 0.25 0.6 0.6 0.2 0.8 
-0.03657885841210941 0.5857900514309007 0.6219169815360971 0.95 0.45 0.35 0.85 1.0 0.5 0.95 0.15 0.15 0.7 0.15 0.4 0.95 0.45 0.45 0.75 0.35 0.35 0.65 0.7 0.95 0.75 0.35 0.5 1.0 0.9 0.5 0.7 0.05 0.5 0.85 0.45 0.6 0.9 0.75 0.1 
-0.031174868820109117 0.5582439133382642 0.6139621151661018 0.95 0.45 0.35 0.85 1.0 0.5 0.95 0.15 0.15 0.7 0.1 0.4 0.95 0.5 0.8 0.75 0.35 0.35 0.95 0.7 0.95 0.75 0.4 0.5 1.0 0.9 0.5 0.6 0.05 0.5 0.85 0.45 0.6 0.9 0.75 0.1 
-0.00689583381761498 0.45536281916455157 0.6433107393240592 0.75 0.05 0.95 1.0 0.45 0.5 0.45 1.0 0.35 0.35 0.95 0.3 0.2 0.5 0.75 0.95 0.9 0.5 0.15 0.85 0.6 0.85 0.4 0.9 1.0 0.4 0.7 0.8 0.85 0.25 0.0 0.25 0.55 0.6 0.65 0.45 
-0.0019157010288687088 0.4572325740627047 0.6321467359255137 0.95 0.15 0.9 1.0 0.35 0.5 0.3 0.65 0.9 0.3 0.95 0.15 0.25 0.5 0.65 1.0 0.9 0.5 0.8 0.6 0.9 0.95 0.95 0.35 1.0 0.4 0.7 0.95 0.85 0.25 0.4 0.25 0.55 0.6 0.65 0.0 
-0.005065393355604432 0.324975826640443 0.5080169612037732 0.85 0.55 0.75 1.0 0.45 0.5 0.65 1.0 0.25 0.35 0.95 0.15 1.0 0.5 0.2 0.95 0.9 0.5 0.05 0.6 0.65 0.85 0.65 0.9 1.0 0.3 0.7 0.8 0.85 0.25 0.15 0.75 0.6 0.95 0.65 0.85 
-0.006472224211941088 0.7027795471476737 0.47437114022666443 0.9 0.75 0.5 0.05 0.8 0.55 0.55 0.8 0.35 1.0 0.3 0.65 1.0 0.3 0.75 0.85 0.8 0.5 0.45 0.85 0.3 0.3 0.8 0.45 0.8 0.4 0.65 0.8 0.4 0.55 0.05 0.7 0.0 0.3 0.6 0.1 
-0.0067272137588869 0.6328924459873595 0.6114870311149924 0.95 0.7 0.45 1.0 0.35 0.2 0.3 0.7 0.3 0.65 0.3 0.55 0.3 0.4 0.35 0.85 0.9 0.5 0.45 0.85 0.9 0.4 0.6 0.45 1.0 0.4 0.65 1.0 0.4 0.55 0.05 0.25 0.95 0.2 0.6 0.9 
-0.017580978679241008 0.5689758844074533 0.6249738936157158 0.65 0.7 0.25 1.0 0.4 0.1 0.85 1.0 0.55 0.8 0.3 1.0 0.95 0.65 0.35 0.85 0.9 0.55 0.9 0.4 0.6 0.5 1.0 0.9 1.0 0.4 0.65 1.0 0.4 0.55 0.05 0.05 0.95 0.15 0.4 0.9 
-0.008092153822399322 0.615984748176075 0.6298905205297394 0.95 0.7 0.2 1.0 0.35 0.2 0.3 0.7 0.3 0.75 0.3 0.55 0.9 0.4 0.35 0.85 0.9 0.5 0.45 0.85 0.9 0.4 0.65 0.45 1.0 0.4 0.65 1.0 0.4 0.55 0.05 0.25 0.95 0.2 0.6 0.9 
-0.0024022740309998345 0.34517638893282154 0.5513830158151451 0.95 0.6 0.9 1.0 0.35 0.5 0.3 0.65 0.1 0.3 0.0 0.15 0.25 0.5 0.2 0.8 0.9 0.5 0.8 0.6 0.05 0.95 0.65 0.9 1.0 0.35 0.7 1.0 0.85 0.25 0.95 0.25 0.45 0.6 0.65 0.7 
-0.05383345096440161 0.6924336836212089 0.509561600196721 0.9 0.7 0.35 0.9 0.4 0.2 0.45 0.7 0.3 0.65 0.3 0.75 1.0 0.3 0.8 0.85 0.8 0.5 0.45 0.85 0.3 0.25 0.7 0.45 1.0 0.4 0.8 1.0 0.4 0.55 0.05 0.7 0.2 0.25 0.6 0.5 
-0.05010842480816007 0.4092491840529069 0.39148063183831505 0.8 0.4 0.55 1.0 0.4 0.5 1.0 0.05 0.75 0.05 0.1 0.45 0.65 0.9 0.5 0.55 0.9 0.2 0.9 0.35 0.6 0.8 0.5 0.85 0.45 0.45 0.65 1.0 0.05 0.55 0.3 0.15 0.0 0.1 0.6 0.0 
-0.003206669138108734 0.34904892465237836 0.5635323962929685 0.95 0.6 0.9 0.9 0.35 0.5 0.3 0.65 0.2 0.3 0.0 0.15 0.25 0.5 0.2 0.8 0.9 0.5 0.8 0.6 0.05 0.95 0.65 0.9 1.0 0.35 0.7 1.0 0.85 0.25 0.95 0.25 0.45 1.0 0.65 0.45 
-0.03484265037410472 0.6714743310388314 0.4131323967617154 0.8 0.4 0.3 0.8 1.0 0.5 0.95 0.5 0.15 0.55 0.1 0.35 0.8 0.0 0.8 0.65 0.35 0.35 0.8 0.7 0.25 0.75 0.4 0.6 1.0 0.8 0.5 0.35 0.1 0.45 0.25 0.45 0.8 0.9 0.2 0.4 
-0.003876980299915607 0.37666813983173475 0.6248083276390304 0.8 0.6 0.9 0.9 0.35 0.5 0.3 0.65 0.2 0.3 0.95 0.15 0.25 0.5 0.25 0.95 0.9 0.5 0.8 1.0 0.35 0.95 0.65 0.6 1.0 0.4 0.7 1.0 0.85 0.25 0.4 0.25 0.6 0.6 0.65 0.8 
-0.04361767689678354 0.3291379052485426 0.5943036465562967 0.85 0.3 0.7 1.0 0.45 0.6 0.7 1.0 0.35 0.35 0.95 0.15 0.8 0.5 0.2 1.0 0.9 0.5 0.7 0.6 0.65 0.5 0.4 0.9 1.0 0.3 0.75 0.8 0.85 0.25 0.15 0.75 0.55 0.15 0.65 0.85 
-0.029705932023518452 0.3618621468755908 0.39750565788401426 0.95 0.4 0.55 1.0 0.4 0.45 0.5 0.55 0.75 0.6 0.95 0.15 0.55 0.9 0.5 0.55 0.9 0.2 0.0 0.35 0.6 0.4 0.95 0.85 0.5 0.4 0.75 0.9 0.05 0.55 0.05 0.25 0.8 0.95 0.6 0.0 
-0.0035419821260178424 0.6665307010290041 0.5708475067417903 0.9 0.7 0.65 0.9 0.4 0.25 0.65 0.7 0.3 0.45 0.3 0.2 1.0 0.3 0.85 0.85 0.8 0.5 0.45 0.85 0.3 0.6 0.95 0.45 1.0 0.4 0.65 1.0 0.45 0.55 0.05 0.7 0.2 0.25 0.25 0.65 
-0.0010819491797856666 0.6946373895099436 0.4494940252698644 0.9 0.4 0.3 0.8 1.0 0.5 0.95 0.5 0.15 0.7 0.1 0.35 0.8 1.0 0.65 0.5 0.35 0.35 0.8 0.7 0.25 0.75 0.4 0.6 1.0 0.8 0.5 0.45 0.1 0.5 0.25 0.45 0.8 0.9 0.2 0.8 
-0.04812953206154353 0.33567145844813506 0.613652833951492 0.65 0.45 1.0 1.0 0.45 0.5 0.5 1.0 0.35 0.65 0.95 0.1 1.0 0.5 0.2 0.9 0.9 0.5 0.2 0.6 0.65 0.35 0.4 0.9 1.0 0.4 0.7 0.8 0.85 0.25 0.1 0.25 0.55 1.0 0.0 0.75 
-0.012727656222167745 0.5151709249819288 0.6265053406647549 0.95 0.45 0.35 0.85 1.0 0.5 0.15 0.15 0.15 0.9 0.15 0.4 0.95 0.45 0.8 0.75 0.35 0.35 0.65 0.7 0.95 0.75 0.4 0.5 1.0 0.9 0.5 0.6 0.05 0.5 0.85 0.45 0.6 0.9 0.75 0.1 
-0.032350184687274935 0.31880420391286113 0.569741082565999 0.85 0.45 0.8 1.0 0.35 0.5 0.35 1.0 0.2 0.35 0.95 0.15 0.8 0.5 0.2 0.9 0.9 0.5 0.55 0.6 0.65 0.85 0.4 0.15 1.0 0.3 0.7 0.75 0.9 0.25 0.1 0.75 0.65 0.95 0.65 0.65 
-0.018203420330796468 0.33842963649025315 0.41350533448383325 0.75 0.4 0.55 1.0 0.4 0.45 0.2 0.6 0.75 0.55 0.95 0.15 0.6 0.9 0.5 0.55 0.9 0.2 0.95 0.6 0.6 0.4 0.95 0.85 0.7 0.4 0.65 1.0 0.05 0.55 0.05 0.25 0.8 0.95 0.6 0.45 
-0.0310114677599377 0.6455944892780937 0.3651192948939289 0.85 0.4 0.8 0.75 0.85 0.4 0.95 0.65 0.65 0.25 0.5 0.85 0.5 0.95 0.65 0.35 0.85 0.8 0.2 0.6 0.15 0.3 0.3 0.7 1.0 1.0 0.6 0.45 0.0 0.1 0.45 0.8 0.5 0.5 0.1 0.7 
-0.0011972202111272855 0.3107817088769076 0.4303469635924558 0.9 0.4 0.6 1.0 0.4 0.45 0.6 0.0 0.8 0.75 0.85 0.15 0.7 0.9 0.5 0.8 0.9 0.2 0.85 0.85 0.9 0.9 0.95 0.85 1.0 0.4 0.35 0.55 0.05 0.55 0.75 0.7 0.45 0.9 0.6 0.55 
-0.04112179624923651 0.32350727008175795 0.5588499675033783 0.85 0.45 0.8 1.0 0.35 0.5 0.35 1.0 0.75 0.35 0.95 0.15 0.8 0.5 0.2 0.9 0.9 0.5 0.55 0.6 0.65 0.85 0.4 0.95 1.0 0.3 0.7 0.75 0.9 0.25 0.1 0.85 0.8 0.95 0.65 0.65 
-0.007549938848177603 0.6670539434089737 0.4052852738764425 0.8 0.4 0.3 0.8 1.0 0.5 0.95 0.5 0.15 0.55 0.1 0.35 0.8 0.0 0.8 0.65 0.35 0.35 0.8 0.7 0.25 0.75 0.4 0.6 1.0 0.8 0.5 0.45 0.1 0.1 0.25 0.45 0.8 0.9 0.2 0.4 
-0.00871852353955038 0.640913277939555 0.5883334378610462 0.9 0.75 0.35 0.35 0.4 0.2 0.8 0.7 0.3 0.7 0.3 0.65 1.0 0.3 0.3 0.75 0.8 0.5 0.8 0.85 0.3 0.2 1.0 0.45 1.0 0.4 0.65 1.0 0.4 0.55 0.05 0.7 0.2 0.25 0.6 0.75 
-0.07563859002341469 0.3572682651472999 0.6186714010846592 0.7 0.95 0.95 1.0 0.45 0.5 0.95 1.0 0.05 0.35 0.35 0.15 1.0 0.5 0.15 0.2 0.9 0.5 0.7 0.6 0.6 0.85 0.4 0.5 1.0 0.4 0.7 0.8 0.85 0.25 0.0 0.75 0.55 0.6 0.65 0.25 
-0.003244203249530045 0.36570067015559304 0.6407015042558255 0.7 0.25 0.9 1.0 0.45 0.5 0.5 1.0 0.05 0.35 0.95 0.15 1.0 0.5 0.15 1.0 0.9 0.5 0.7 0.6 0.6 0.85 0.4 0.5 1.0 0.4 0.7 0.8 0.85 0.25 0.7 0.75 0.55 0.6 0.65 0.25 
-2.6664091596914496 0.3253216484023369 0.622652302409353 0.85 0.55 0.95 1.0 0.45 0.5 0.45 1.0 0.35 0.35 0.95 0.2 0.9 0.5 0.2 0.95 0.9 0.5 0.7 0.6 0.95 0.1 0.4 0.95 1.0 0.35 0.7 0.8 0.85 0.25 0.0 0.25 0.55 0.6 0.65 0.9 
-0.010601364621881975 0.32641655633143063 0.4352177542887923 0.95 0.4 0.55 1.0 0.4 0.45 0.2 0.45 0.9 0.5 0.45 0.15 0.7 0.9 0.5 0.55 0.9 0.2 0.45 0.6 0.6 0.4 0.65 0.85 0.85 0.4 0.65 0.9 0.05 0.55 0.05 0.25 0.8 0.95 0.6 0.0 
-0.04733574234739958 0.3144062006370275 0.4972284193264546 1.0 0.65 0.9 1.0 0.35 0.5 0.4 0.65 0.05 0.35 0.95 0.15 0.65 0.5 0.35 0.8 0.9 0.5 0.4 0.85 0.75 0.95 0.85 0.9 1.0 0.4 0.7 0.75 0.85 0.25 0.4 0.25 0.2 1.0 0.65 0.0 
-0.03549966520213778 0.3111583838888674 0.5452922577803552 1.0 0.45 0.95 1.0 0.45 0.6 0.5 1.0 0.55 0.35 0.95 0.15 0.7 0.5 0.2 0.9 0.9 0.5 0.7 0.6 0.9 0.25 0.4 0.9 1.0 0.3 0.7 0.55 0.85 0.25 0.15 0.9 0.55 0.95 0.65 0.85 
-0.04846577281461975 0.45889191630369863 0.6343503179797985 0.95 0.15 0.9 1.0 0.35 0.5 0.3 0.65 0.9 0.3 0.95 0.15 0.25 0.5 0.5 1.0 0.9 0.5 0.8 0.6 0.35 0.95 0.95 0.35 1.0 0.4 0.7 0.95 0.85 0.25 0.4 0.25 0.55 0.6 0.65 0.0 
-0.028041068060643718 0.402292502514527 0.6438007390818273 0.7 0.3 0.95 1.0 0.45 0.5 0.45 1.0 0.25 0.35 0.95 0.2 0.65 0.5 0.15 0.95 0.9 0.5 0.7 0.6 0.85 0.85 0.4 0.5 1.0 0.4 0.7 0.8 0.85 0.25 0.0 0.6 0.55 0.15 0.65 0.25 
-0.0033216504531098745 0.5743355421953663 0.34870952929276106 0.9 0.4 0.65 0.8 0.85 0.4 0.95 0.65 0.65 0.4 0.5 0.85 0.35 0.95 0.9 0.8 0.85 0.8 0.55 0.6 0.15 0.8 0.3 0.7 0.9 1.0 0.6 0.45 0.25 0.15 0.45 0.8 0.1 0.5 0.1 0.0 
-0.006056328561739516 0.4233108824323737 0.6426498334348585 0.75 0.05 0.95 1.0 0.45 0.5 0.45 1.0 0.35 0.35 0.95 0.15 0.2 0.5 0.2 0.95 0.9 0.5 0.15 0.6 0.6 0.85 0.4 0.9 1.0 0.4 0.75 0.8 0.85 0.25 0.0 0.25 0.55 0.6 0.3 0.0 
-0.08492807715554816 0.2975097439279669 0.5124681044692163 0.85 0.45 0.7 1.0 0.45 0.6 0.7 1.0 0.35 0.35 0.95 0.15 0.65 0.5 0.2 1.0 0.9 0.5 0.7 0.6 0.95 0.5 0.4 0.9 1.0 0.3 0.75 0.8 0.85 0.25 0.15 0.75 0.55 0.15 0.65 0.85 
-0.01698434025630942 0.5502791863444185 0.637233576203537 0.45 0.7 0.5 1.0 0.4 0.25 0.85 0.7 0.3 0.45 0.3 0.8 1.0 0.8 0.35 0.85 0.9 0.55 0.9 0.3 0.6 0.0 1.0 0.9 1.0 0.4 0.65 1.0 0.4 0.55 0.05 0.85 0.65 0.05 0.35 0.9 
-0.008036258503034851 0.31940052133871466 0.5071314509430535 0.85 0.4 0.6 1.0 0.4 0.5 1.0 0.0 0.8 0.75 0.9 0.15 0.75 0.9 0.5 0.7 0.05 0.2 0.85 0.85 0.6 0.95 0.1 0.55 0.95 0.4 0.35 0.7 0.05 0.55 0.25 0.7 0.45 0.95 0.6 0.55 
-0.0032326511970752194 0.6966786754605615 0.4371768245317309 0.65 0.75 0.3 0.05 0.05 0.85 0.95 0.55 0.15 0.9 0.3 0.75 1.0 0.3 0.65 0.85 0.8 0.5 0.45 0.85 0.4 0.2 0.7 0.15 1.0 0.4 0.65 0.6 0.4 0.55 0.05 0.3 0.75 0.35 0.6 0.3 
-1.0257643937771106 0.5016864967864483 0.6427833991901403 0.9 0.7 0.25 1.0 0.2 0.1 0.85 0.45 0.55 0.7 0.55 0.8 1.0 0.8 0.35 0.85 0.9 0.55 0.9 1.0 0.6 0.15 1.0 0.9 1.0 0.4 0.65 0.8 0.4 0.55 0.05 0.05 1.0 0.15 0.55 0.9 
-0.03349739194445912 0.27649168866349416 0.4776312638301617 0.85 0.45 0.7 1.0 0.45 0.6 0.75 1.0 0.7 0.35 0.95 0.15 1.0 0.5 0.2 0.9 0.9 0.5 0.7 0.6 0.65 0.85 0.4 0.9 1.0 0.3 0.7 0.8 0.85 0.25 0.15 0.75 0.55 0.15 0.65 0.85 
-0.014482401916965105 0.7118144432737332 0.4111608936552413 1.0 0.85 0.45 0.3 0.2 0.7 0.65 0.65 0.3 0.9 0.3 0.75 0.85 0.25 0.6 0.85 0.8 0.5 0.45 0.85 0.3 0.1 0.7 0.45 1.0 0.4 0.45 1.0 0.4 0.4 0.05 0.85 0.75 0.35 0.6 0.3 
-0.019006048351334803 0.5255681015567283 0.38926851928955075 0.85 0.4 0.6 0.95 0.85 0.4 0.9 0.65 0.55 0.65 0.55 0.9 0.1 0.2 0.4 0.55 0.85 0.75 0.9 0.75 0.0 0.3 0.55 0.7 0.8 1.0 0.55 0.4 0.75 0.05 0.45 0.95 0.5 0.65 0.1 0.7 
-0.06528975208306466 0.33203828690573467 0.5725431943160371 0.85 0.45 0.75 1.0 0.45 0.5 0.95 0.05 0.35 0.35 0.8 0.4 1.0 0.5 0.2 0.85 0.9 0.5 0.7 0.6 0.3 0.85 0.4 0.9 1.0 0.3 0.7 0.8 0.85 0.25 0.15 0.75 0.55 0.95 0.65 0.85 
-0.021960291373521523 0.29172147144336524 0.4474958368971403 0.9 0.4 0.6 1.0 0.4 0.45 0.6 0.0 0.8 0.75 0.85 0.15 0.7 0.9 0.5 0.8 0.9 0.2 0.85 0.85 0.9 0.9 0.95 0.85 1.0 0.4 0.35 0.7 0.05 0.55 0.75 0.7 0.45 0.9 0.6 0.55 
-0.5239121574511868 0.39017012598078965 0.6499610776191416 0.75 0.5 0.95 1.0 0.45 0.5 0.45 1.0 0.35 0.65 0.95 0.25 0.9 0.5 0.15 0.95 0.9 0.5 0.7 0.6 0.85 0.85 0.4 0.5 1.0 0.4 0.7 0.8 0.85 0.25 0.8 0.1 0.55 0.6 0.65 0.0 
-0.00643535033686599 0.6881439768935723 0.5220180134640595 0.95 0.4 0.3 0.8 1.0 0.5 0.95 0.5 0.45 0.6 0.25 0.35 0.15 0.5 0.7 0.5 0.35 0.35 0.8 0.7 0.25 0.75 0.4 0.65 1.0 0.85 0.5 0.45 0.05 0.5 0.25 0.45 0.0 0.9 0.2 0.1 
-0.03835368932052804 0.3272183882537997 0.3994980623334389 0.95 0.4 0.55 1.0 0.4 0.45 0.2 0.65 0.85 0.6 0.95 0.15 0.7 0.9 0.5 0.55 0.9 0.2 0.45 0.6 0.6 0.4 0.95 0.85 0.85 0.4 0.85 0.9 0.05 0.55 0.05 0.25 0.8 0.95 0.6 0.0 
-0.03578928613278501 0.2936407759302605 0.5350483665734459 0.85 0.45 0.8 1.0 0.35 0.5 0.35 1.0 0.35 0.35 0.95 0.15 0.8 0.5 0.2 0.9 0.9 0.5 0.55 0.6 0.65 0.85 0.4 0.15 1.0 0.3 0.7 0.75 0.9 0.25 0.1 0.75 0.65 0.95 0.65 0.65 
-0.001738098834693693 0.6160283731628052 0.3513302742710925 0.85 0.4 0.6 0.65 0.85 0.4 0.9 0.65 0.3 0.8 0.55 0.9 1.0 0.2 0.5 0.85 0.85 0.95 0.45 0.75 0.7 0.3 0.0 0.95 1.0 1.0 0.6 0.4 0.0 0.05 1.0 0.95 0.5 0.65 0.1 0.85 
-0.002667866829915207 0.6843022522188624 0.5387645809883342 0.95 0.4 0.3 0.8 1.0 0.5 0.95 0.5 0.55 0.6 0.25 0.35 0.8 0.5 0.8 0.5 0.35 0.4 0.8 0.7 0.3 0.75 0.15 0.65 1.0 0.85 0.5 0.45 0.05 0.5 0.25 0.45 0.0 0.9 0.2 0.7 
-0.007343503330026548 0.5362441874114374 0.6324192401662388 0.95 0.4 0.3 0.9 1.0 0.5 0.6 1.0 0.15 0.85 0.25 0.35 0.25 0.5 0.0 0.75 0.35 0.35 0.8 0.7 0.25 0.75 0.0 0.55 1.0 0.85 0.4 0.7 0.05 0.5 0.25 0.45 0.3 0.9 0.2 0.05 
-0.06415788697268074 0.6973038519910691 0.3986494429012973 0.9 0.4 0.15 0.8 0.85 0.4 1.0 0.65 0.3 0.25 0.5 0.65 0.4 0.05 0.35 0.9 0.0 0.8 0.2 0.6 0.15 0.1 0.3 0.7 1.0 1.0 0.6 0.45 0.0 0.15 0.45 0.8 0.5 0.5 0.2 0.8 
-0.027897498582863733 0.3216366260459269 0.5845398659226054 1.0 0.45 0.95 1.0 0.45 0.6 0.5 1.0 0.55 0.35 0.95 0.15 0.7 0.5 0.2 0.9 0.9 0.5 0.7 0.6 0.9 0.25 0.4 0.9 1.0 0.3 0.7 0.8 0.85 0.25 0.15 0.9 0.55 0.95 0.65 0.85 
-0.0028507457304199637 0.30225867882726043 0.46981793549783873 1.0 0.65 0.9 1.0 0.35 0.5 0.45 0.65 0.05 0.35 0.95 0.15 0.7 0.5 0.35 0.7 0.9 0.5 0.65 0.85 0.2 0.95 0.15 0.9 1.0 0.4 0.7 0.75 0.85 0.25 0.4 0.25 0.2 1.0 0.65 0.0 
-0.02325771600547791 0.6637615586020161 0.6058907933634479 0.95 0.7 0.45 1.0 0.35 0.25 0.75 0.7 0.3 0.65 0.3 0.55 0.9 0.4 0.9 0.85 0.9 0.5 0.8 0.0 0.9 0.4 0.6 0.45 1.0 0.4 0.65 1.0 0.4 0.55 0.05 0.25 0.95 0.2 0.8 0.9 
-0.02385181287131386 0.6429511521740349 0.6140415957808615 0.45 0.7 0.35 0.9 0.4 0.2 0.65 0.7 0.3 0.35 0.3 0.75 1.0 0.3 0.85 0.9 0.8 0.5 0.45 0.85 0.3 0.4 0.9 0.45 1.0 0.4 0.65 1.0 0.4 0.55 0.05 0.7 0.2 0.25 0.6 0.75 
-0.057861278738310644 0.27927723609218036 0.508038517929456 0.85 0.45 0.8 1.0 0.35 0.5 0.6 1.0 0.35 0.35 0.95 0.15 1.0 0.5 0.2 0.7 0.9 0.5 0.7 0.6 0.65 0.85 0.4 0.15 1.0 0.3 0.7 0.8 0.85 0.25 0.15 0.75 0.55 0.95 0.65 0.85 
-0.01710969527382536 0.6499590103985593 0.37079543601294906 1.0 0.4 0.35 0.8 0.85 0.4 0.85 0.65 0.6 0.75 0.55 0.9 0.55 0.7 0.45 0.85 0.85 0.95 0.45 0.75 0.75 0.4 0.0 0.1 0.95 1.0 0.6 0.7 0.0 0.05 0.15 0.95 0.5 0.65 0.4 0.65 
-0.003024151462808418 0.6773401345314807 0.5693678773819983 0.9 0.7 0.65 0.9 0.4 0.3 0.65 0.7 0.3 0.55 0.3 0.35 1.0 0.3 0.85 0.85 0.8 0.5 0.45 0.85 0.3 0.6 0.95 0.45 1.0 0.4 0.65 1.0 0.45 0.55 0.05 0.7 0.2 0.8 0.25 0.65 
-0.06394157903160416 0.2953853799899897 0.5468398901848482 0.85 0.45 0.75 1.0 0.45 0.5 0.6 0.05 0.35 0.35 0.8 0.15 1.0 0.5 0.2 0.85 0.9 0.5 0.7 0.6 0.3 0.85 0.4 0.9 1.0 0.3 0.7 0.8 0.85 0.25 0.15 0.75 0.55 0.95 0.65 0.85 
-0.002551522075762886 0.3084438843541586 0.41708962282546 0.95 0.4 0.6 0.95 0.4 0.5 1.0 0.0 0.8 0.85 0.95 0.2 0.65 0.9 0.5 0.7 0.9 0.1 0.45 0.85 0.6 0.9 0.85 0.55 1.0 0.4 0.65 0.7 0.05 0.55 0.25 0.7 0.95 0.95 0.6 0.55 
-0.004353130944837564 0.3821474169973014 0.4056193418003218 0.95 0.4 0.55 1.0 0.4 0.45 0.75 0.05 0.75 0.3 0.9 0.45 0.65 0.9 0.5 0.55 0.0 0.2 0.45 0.35 0.6 0.8 0.5 0.85 0.45 0.4 0.65 1.0 0.05 0.55 0.0 0.3 0.15 0.95 0.4 0.0 
-0.0017705081456496404 0.3355050449726684 0.37556318120032195 0.95 0.4 0.55 1.0 0.4 0.45 1.0 0.55 0.75 0.6 0.95 0.15 0.75 0.9 0.5 0.55 0.9 0.2 0.45 0.35 0.6 0.4 0.95 0.85 0.9 0.4 0.65 0.9 0.05 0.55 0.05 0.7 0.8 0.95 0.6 0.0 
-0.012589032823342663 0.3645396759249413 0.37953595074675794 0.95 0.4 0.55 1.0 0.4 0.45 1.0 0.55 0.75 0.6 0.95 0.15 0.75 0.9 0.5 0.55 0.9 0.2 0.45 0.35 0.6 0.4 0.95 0.85 0.6 0.4 0.65 0.9 0.05 0.55 0.05 0.7 0.8 0.95 0.6 0.0 
-0.12026897646844019 0.3338577687808918 0.6129409580993558 0.5 0.45 1.0 1.0 0.45 0.5 0.5 1.0 0.35 0.65 0.95 0.1 1.0 0.5 0.2 0.9 0.9 0.5 0.7 0.6 0.65 0.85 0.4 0.9 1.0 0.4 0.7 0.8 0.85 0.25 0.1 0.25 0.55 1.0 0.95 0.75 
-0.5867967573790465 0.4254727654692329 0.6517418838702639 0.75 0.05 0.95 1.0 0.45 0.5 0.45 1.0 0.35 0.35 0.95 0.3 0.2 0.5 0.2 0.95 0.9 0.5 0.15 0.85 0.6 0.85 0.4 0.9 1.0 0.4 0.7 0.8 0.85 0.25 0.0 0.25 0.55 0.6 0.65 0.0 
-0.012049495480197667 0.29583749457445385 0.4332719310718847 0.9 0.4 0.6 1.0 0.4 0.45 0.4 0.0 0.8 0.75 0.85 0.15 0.7 0.9 0.5 0.8 0.9 0.2 0.85 0.85 0.9 0.9 0.95 0.25 1.0 0.4 0.35 0.7 0.05 0.55 0.75 0.7 0.45 0.9 0.6 0.55 
-0.01454270982894292 0.6660762214733851 0.602061235018854 0.95 0.7 0.45 1.0 0.25 0.2 0.65 0.7 0.3 0.65 0.3 0.4 0.7 0.4 0.7 0.85 0.9 0.5 0.45 0.85 0.6 0.4 1.0 0.2 1.0 0.4 0.65 1.0 0.4 0.55 0.05 0.25 0.25 0.2 0.6 0.9 
-0.0005943374625333671 0.6039316971127852 0.3443588910376083 0.85 0.4 0.6 0.65 0.85 0.4 0.9 0.65 0.3 0.75 0.55 0.9 1.0 0.2 0.5 0.85 0.85 0.95 0.45 0.75 0.7 0.3 0.9 0.95 1.0 1.0 0.6 0.4 0.0 0.05 1.0 0.95 0.5 0.65 0.1 0.85 
-0.016041559635185457 0.5590431575103226 0.3564814850580177 0.45 0.4 0.6 0.95 0.85 0.4 0.9 0.65 0.7 0.65 0.55 0.9 0.15 0.2 0.45 0.75 0.85 0.95 0.45 0.75 0.55 0.3 0.0 0.7 0.8 1.0 0.6 0.4 0.0 0.05 0.45 0.95 0.5 0.65 0.1 0.85 
-0.08427775369317363 0.354880770186914 0.6301119867958144 0.7 0.95 0.95 1.0 0.45 0.5 0.85 1.0 0.05 0.35 0.35 0.15 1.0 0.5 0.15 0.3 0.9 0.5 0.7 0.6 0.6 0.85 0.4 0.5 1.0 0.4 0.7 0.8 0.85 0.25 0.0 0.75 0.55 0.6 0.65 0.25 
-0.03329713151607729 0.5031755291518615 0.3465677089835406 0.85 0.4 0.6 0.75 0.85 0.4 0.9 0.65 0.55 0.55 0.55 0.9 0.15 0.8 0.4 0.55 0.85 0.75 0.75 0.75 0.95 0.8 0.0 0.7 0.8 1.0 0.6 0.4 0.0 0.05 0.45 0.8 0.5 0.65 0.1 0.7 
-0.01309396398443704 0.48499711311377824 0.3699083239940507 0.95 0.4 0.55 1.0 0.4 0.5 0.75 0.8 0.8 0.75 0.95 0.85 1.0 0.2 0.5 0.4 0.9 0.2 0.85 0.85 0.6 0.9 0.95 0.85 0.95 0.4 0.75 0.85 0.05 0.6 0.05 0.7 0.45 0.75 0.6 0.15 
-0.005658760010934055 0.31493332612398295 0.37140979715703165 0.95 0.4 0.55 1.0 0.4 0.45 0.75 0.0 0.8 0.75 0.95 0.15 0.75 0.9 0.5 0.55 0.9 0.2 0.85 0.85 0.6 0.9 0.95 0.85 0.95 0.4 0.65 1.0 0.05 0.55 0.05 0.7 0.45 0.6 0.6 0.55 
-0.012362779449257762 0.6824692510063977 0.5814608412769028 0.9 0.7 0.35 0.65 0.4 0.2 0.95 0.7 0.3 0.45 0.3 0.75 1.0 0.3 0.85 0.85 0.8 0.5 0.45 0.85 0.1 0.4 0.7 0.45 1.0 0.4 0.65 1.0 0.4 0.55 0.05 0.7 0.2 0.25 0.6 0.75 
-0.18156497442766467 0.6325936995722264 0.6355539314042153 0.95 0.7 0.45 1.0 0.35 0.25 0.75 0.7 0.3 0.65 0.3 0.55 0.9 0.4 0.35 0.85 0.9 0.5 0.8 0.0 0.9 0.4 0.6 0.45 1.0 0.4 0.65 1.0 0.4 0.55 0.05 0.25 0.95 0.2 0.8 0.9 
-5.712942062673349 0.5403525009605582 0.6666302066400515 0.9 0.7 0.3 1.0 0.35 0.1 0.85 0.45 0.55 0.75 0.95 0.8 1.0 0.8 0.35 0.85 0.9 0.55 0.9 0.7 0.6 0.0 1.0 0.9 1.0 0.4 0.65 0.95 0.4 0.55 0.05 0.05 0.95 0.15 0.55 0.9 
-0.0013059137050094706 0.5392359179279042 0.35830779027202553 0.45 0.4 0.6 0.95 0.85 0.4 0.9 0.65 0.7 0.65 0.55 0.9 0.15 0.2 0.75 0.75 0.85 0.95 0.45 0.75 0.55 0.3 0.0 0.7 0.45 1.0 0.6 0.4 0.0 0.05 0.45 0.95 0.5 0.65 0.1 0.85 
-0.6609504644978279 0.5876765813324376 0.6670640290133178 0.9 0.7 0.25 1.0 0.35 0.1 0.65 0.65 0.0 0.75 0.05 0.8 1.0 0.8 0.05 0.95 0.9 0.55 0.9 1.0 0.05 0.0 1.0 0.25 1.0 0.4 0.65 0.8 0.4 0.55 0.95 0.05 0.95 0.15 0.55 0.9 
-0.05173895468722324 0.7184056967001439 0.4909685652223447 0.9 0.75 0.45 0.05 0.8 0.7 0.55 0.8 0.45 1.0 0.3 0.65 1.0 0.3 0.75 0.85 0.8 0.5 0.45 0.85 0.3 0.3 0.8 0.45 0.9 0.4 0.65 0.8 0.4 0.55 0.05 0.7 0.2 0.25 0.6 0.1 
-0.0017155040672771136 0.5147037531484073 0.3623822553524534 0.85 0.4 0.6 0.75 0.85 0.45 0.9 0.65 0.55 0.55 0.55 0.9 0.15 0.8 0.4 0.55 0.85 0.75 0.75 0.75 0.95 0.8 0.0 0.7 0.8 1.0 0.6 0.4 0.0 0.05 0.45 0.8 0.5 0.65 0.1 0.7 
-0.19647587811309686 0.5152153630309022 0.6529692711333372 0.9 0.7 0.25 1.0 0.35 0.1 0.85 0.45 0.55 0.7 0.05 0.8 1.0 0.8 0.35 0.85 0.9 0.55 0.9 1.0 0.6 0.0 1.0 0.9 1.0 0.4 0.65 0.8 0.4 0.55 0.05 0.05 0.95 0.15 0.55 0.9 
-0.07640860610144803 0.5808409638704797 0.6425824835348348 0.95 0.4 0.3 0.9 1.0 0.5 0.6 1.0 0.15 0.85 0.25 0.35 0.25 0.5 0.8 0.75 0.35 0.35 0.8 0.7 0.25 0.75 0.0 0.55 1.0 0.85 0.4 0.7 0.05 0.5 0.25 0.45 0.3 0.9 0.2 0.05 
-0.017276013175298824 0.6935265744733984 0.59188873342094 0.9 0.7 0.6 0.9 0.4 0.2 0.65 0.7 0.3 0.45 0.3 0.05 1.0 0.3 0.85 1.0 0.8 0.5 0.45 0.85 0.3 0.4 0.7 0.45 1.0 0.4 0.65 1.0 0.4 0.55 0.05 0.7 0.2 0.25 0.6 0.3 
-0.4484098763653681 0.47782470369847746 0.32870421282656226 0.95 0.4 0.55 1.0 0.4 0.5 0.75 0.8 0.45 0.75 0.3 0.85 1.0 0.2 0.5 0.4 0.9 0.2 0.75 0.85 0.6 0.65 0.95 0.85 0.95 0.4 0.75 0.95 0.05 0.6 0.05 0.7 0.45 0.75 0.6 0.15 
-0.24819655608070176 0.5123726048482019 0.6537901253233113 0.9 0.7 0.25 1.0 0.35 0.1 0.85 0.45 0.55 0.7 0.55 0.8 1.0 0.8 0.35 0.85 0.9 0.55 0.9 1.0 0.6 0.15 1.0 0.9 1.0 0.4 0.65 0.8 0.4 0.55 0.05 0.05 0.95 0.15 0.55 0.9 
-0.009718382006616 0.5053637725701834 0.34157103866368344 0.85 0.4 0.6 0.75 0.85 0.4 0.9 0.65 0.55 0.55 0.55 0.9 0.55 0.8 0.4 0.55 0.85 0.75 0.75 0.75 0.95 0.8 0.0 0.7 0.8 1.0 0.6 0.4 0.0 0.05 0.55 0.8 0.5 0.95 0.35 0.7 
-0.10231391232307654 0.5130995641382263 0.33807370515225293 0.85 0.4 0.6 0.75 0.85 0.4 0.9 0.65 0.55 0.55 0.55 0.9 0.75 0.8 0.4 0.6 0.85 0.75 0.75 0.75 0.95 0.8 0.0 0.7 0.8 1.0 0.6 0.4 0.0 0.05 0.45 0.8 0.5 0.95 0.1 0.7 
-0.1502257624278375 0.47222262808651805 0.3868054686620203 0.95 0.05 0.65 0.4 0.05 0.4 1.0 0.95 0.8 1.0 0.95 0.65 0.35 0.25 0.35 0.25 0.4 0.75 0.2 0.2 0.85 0.05 0.5 0.45 0.25 0.7 0.5 0.8 0.9 0.85 0.55 0.05 0.5 0.05 1.0 0.6 
-0.09389372554044999 0.614643540715492 0.6322104588527226 0.95 0.7 0.2 1.0 0.35 0.2 0.3 0.7 0.3 0.75 0.3 0.55 0.8 0.4 0.35 0.85 0.9 0.5 0.45 0.85 0.9 0.4 0.65 0.45 1.0 0.4 0.65 0.95 0.4 0.55 0.05 0.3 0.95 0.2 0.6 0.9 
-0.013000762303046226 0.3585933004955376 0.3505559498873354 0.95 0.4 0.55 1.0 0.4 0.45 1.0 0.05 0.75 0.3 0.9 0.45 0.65 0.9 0.5 0.55 0.9 0.2 0.45 0.35 0.6 0.8 0.5 0.85 0.45 0.4 0.65 1.0 0.05 0.55 1.0 0.3 0.15 0.95 0.6 0.0 
-0.03354576504322778 0.5444844699626191 0.33550949013208753 0.85 0.4 0.6 0.95 0.85 0.4 1.0 0.65 0.8 0.85 0.55 0.85 0.9 0.4 0.75 0.75 0.85 0.95 0.45 0.9 0.0 0.75 0.0 0.7 0.85 1.0 0.75 0.7 0.0 0.05 1.0 0.95 0.5 0.4 0.1 0.85 
-0.0071044860401783495 0.6865896145578083 0.3872711352550698 0.9 0.4 0.1 0.75 0.85 0.4 0.95 0.65 0.65 0.25 0.5 0.85 0.5 0.95 0.35 0.75 0.85 0.65 0.2 0.6 0.15 0.75 0.35 0.7 1.0 1.0 0.6 0.45 0.05 0.15 0.45 0.8 0.1 0.5 0.1 0.0 
-0.0033741185273123146 0.5502763793097989 0.3205757825524522 0.85 0.4 0.6 0.95 0.85 0.4 0.9 0.65 0.7 0.65 0.55 0.9 0.15 0.2 0.45 0.75 0.85 0.95 0.45 0.75 0.95 0.3 0.0 0.7 0.8 1.0 0.6 0.4 0.0 0.05 0.45 0.95 0.5 0.65 0.1 0.85 
-0.29485435457790365 0.4662979877954574 0.3277083347329681 1.0 0.4 0.55 1.0 0.4 0.5 0.75 0.8 0.45 0.75 0.3 0.85 1.0 0.2 0.5 0.4 0.9 0.35 0.75 0.85 0.6 0.65 0.95 0.85 0.95 0.4 0.75 0.85 0.05 0.6 0.05 0.7 0.45 0.75 0.6 0.15 
-0.003458236476004715 0.3315439056887194 0.35299509258524575 0.95 0.4 0.55 1.0 0.4 0.5 1.0 0.0 0.8 0.75 0.95 0.2 1.0 0.85 0.5 0.55 0.9 0.2 0.85 0.85 0.6 0.9 0.95 0.85 0.95 0.4 0.75 0.85 0.05 0.55 0.05 0.7 0.45 0.95 0.6 0.55 
-0.047480415573835914 0.5762371247699715 0.3246641661872799 0.85 0.4 0.6 0.95 0.85 0.4 0.9 0.65 0.7 0.8 0.55 0.9 0.15 0.9 0.6 0.75 0.85 0.95 0.45 0.75 0.35 0.3 0.0 0.7 0.8 1.0 0.6 0.4 0.95 0.05 0.45 0.95 0.5 0.65 0.1 0.85 
-0.021829468710041895 0.5556634249788045 0.32146117998502755 0.85 0.4 0.6 0.95 0.85 0.4 0.9 0.65 0.7 0.8 0.55 0.9 0.15 0.9 0.6 0.75 0.85 0.95 0.6 0.75 0.35 0.3 0.0 0.7 0.8 1.0 0.6 0.4 0.0 0.05 0.45 0.95 0.5 0.65 0.1 0.85 
-0.01586433231130912 0.6044776332099608 0.31719821615648647 1.0 0.4 0.35 0.8 0.85 0.4 0.85 0.65 0.6 0.75 0.55 0.9 0.55 0.2 0.65 0.85 0.85 0.95 0.45 0.75 0.75 0.4 0.0 0.95 0.95 1.0 0.6 0.7 0.0 0.05 0.15 0.95 0.5 0.65 0.4 0.65 
-0.021873905355824272 0.7071561832324964 0.5644727241352683 0.9 0.75 0.35 0.9 0.4 0.2 0.8 0.7 0.3 0.7 0.3 0.65 1.0 0.3 0.85 0.75 0.8 0.5 0.45 0.85 0.3 0.2 1.0 0.45 1.0 0.4 0.65 1.0 0.4 0.55 0.05 0.7 0.2 0.25 0.6 0.75 
-0.01611666886863313 0.4773477823463396 0.36243048016329316 0.95 0.4 0.6 1.0 0.4 0.5 0.75 0.8 0.45 0.75 0.3 0.85 1.0 0.2 0.5 0.4 0.9 0.2 0.75 0.85 0.6 0.65 0.95 0.85 0.65 0.4 0.75 0.85 0.05 0.6 0.05 0.7 0.45 0.75 0.6 0.6 
-0.014406058270483088 0.6562056075650489 0.33756861457705156 0.9 0.4 0.6 0.75 0.85 0.4 0.95 0.65 0.65 0.25 0.5 0.85 0.5 0.05 0.35 0.9 0.85 0.8 0.2 0.6 0.15 1.0 0.3 0.7 1.0 1.0 0.6 0.45 0.0 0.15 0.45 0.8 0.5 0.5 0.1 0.7 
-13.045122983546596 0.4629209963691015 0.6583980352233532 0.9 0.9 0.9 1.0 0.35 0.5 0.3 0.65 0.2 0.3 0.95 0.15 0.25 0.0 0.15 1.0 0.9 0.5 0.8 0.6 0.35 0.95 0.65 0.9 1.0 0.4 0.7 1.0 0.85 0.25 0.75 0.25 0.5 0.95 0.65 0.0 
-0.0020804584112152458 0.7144465697595742 0.5328279519517084 0.85 0.75 0.35 0.05 0.55 0.2 0.75 0.7 0.35 1.0 0.3 0.65 0.65 0.3 0.55 0.85 0.8 0.5 0.45 0.2 0.7 0.4 0.2 0.45 1.0 0.4 0.65 0.85 0.4 0.5 0.05 0.7 0.2 0.25 0.5 0.9 
-0.00787795653346192 0.7044254439039002 0.5137146683324065 0.9 0.7 0.35 0.9 0.2 0.35 0.95 0.7 0.3 0.65 0.3 0.75 1.0 0.3 0.85 0.85 0.8 0.5 0.45 0.85 0.3 0.05 0.85 0.45 1.0 0.4 0.65 1.0 0.4 0.55 0.05 0.7 0.2 0.25 0.6 0.75 
-2.8174530326302883e-05 0.4013334332321103 0.3825518586758664 0.9 0.4 0.55 1.0 0.4 0.45 1.0 0.05 0.75 0.05 0.1 0.45 0.55 0.9 0.5 0.55 0.9 0.2 0.9 0.35 0.6 0.8 0.5 0.85 0.45 0.45 0.65 1.0 0.05 0.55 0.3 0.15 0.15 0.1 0.6 0.0 
-0.03803654584190051 0.7102030469230807 0.5612152491443214 0.9 0.75 0.35 0.9 0.4 0.2 0.7 0.7 0.3 0.7 0.3 0.65 1.0 0.3 0.85 0.75 0.8 0.5 0.45 0.85 0.3 0.2 1.0 0.45 1.0 0.4 0.65 1.0 0.4 0.55 0.05 0.7 0.2 0.25 0.6 0.65 
-0.022371175591144217 0.738547584643024 0.5266364094699223 0.95 0.75 0.2 0.2 0.65 0.6 0.65 0.7 0.35 1.0 0.3 0.65 1.0 0.3 0.65 0.85 0.8 0.5 0.3 0.05 0.3 1.0 0.7 0.45 1.0 0.4 0.65 0.8 0.4 0.55 0.55 0.7 0.2 0.65 0.6 0.75 
-0.0030593223547850422 0.4541619883997076 0.3607454902766569 0.95 0.4 0.55 1.0 0.4 0.5 1.0 0.0 0.8 0.75 0.95 0.15 1.0 0.2 0.5 0.55 0.9 0.2 0.85 0.85 0.6 0.9 0.95 0.85 0.95 0.4 0.75 0.85 0.05 0.6 0.05 0.7 0.45 0.95 0.6 0.55 
-0.0007043441126745817 0.7295579380492144 0.47382020291052496 0.9 0.75 0.35 0.1 0.55 0.75 0.65 0.7 0.35 1.0 0.3 0.65 1.0 0.3 0.85 0.85 0.8 0.5 0.45 0.85 0.3 0.4 0.3 0.45 1.0 0.4 0.65 0.8 0.4 0.55 0.05 0.7 0.2 0.1 0.5 0.75 
-0.002710617712322032 0.7270352731490769 0.49184599348223434 0.9 0.75 0.35 0.1 0.55 0.0 0.65 0.7 0.35 1.0 0.3 0.65 1.0 0.3 0.85 0.85 0.8 0.5 0.45 0.85 0.3 0.4 0.3 0.45 1.0 0.4 0.65 0.8 0.4 0.55 0.05 0.7 0.2 0.7 0.5 0.75 
-0.02213664246387089 0.7234339318180061 0.43955365795633505 1.0 0.75 0.65 0.1 0.7 0.25 0.95 0.55 0.15 0.95 0.3 0.75 0.85 0.3 0.6 0.9 0.8 0.5 0.45 0.85 0.3 0.8 0.7 0.1 1.0 0.4 0.65 0.65 0.4 0.55 0.05 0.85 0.35 0.35 0.5 0.25 
-0.009895219555797745 0.30767584778981816 0.38112884432485966 0.95 0.4 0.6 0.95 0.4 0.5 1.0 0.0 0.8 0.85 0.95 0.2 0.65 0.9 0.5 0.7 0.9 0.2 0.85 0.85 0.6 0.9 0.85 0.55 1.0 0.4 0.65 0.7 0.05 0.55 0.25 0.7 0.45 0.95 0.6 0.55 
-0.007567056086462925 0.6431134029919744 0.337332917255746 0.9 0.4 0.65 0.75 0.85 0.4 0.95 0.65 0.65 0.45 0.5 0.85 0.95 0.95 0.35 0.75 0.85 0.8 0.2 0.2 0.15 0.75 0.5 0.7 1.0 1.0 0.6 0.45 1.0 0.15 0.45 0.15 0.4 0.5 0.1 0.0 
-1.440540075735917 0.5011058238684715 0.313683602838998 0.85 0.4 0.6 0.95 0.85 0.4 1.0 0.65 0.8 0.85 0.55 0.85 1.0 0.4 0.75 0.75 0.85 0.95 0.45 0.9 0.0 0.75 0.0 0.7 0.85 1.0 0.6 0.7 0.0 0.05 1.0 0.95 0.5 0.4 0.1 0.85 
-4.103446117799057e-05 0.7342407664577988 0.4640467216260479 1.0 0.75 0.3 0.1 0.65 0.2 0.8 0.55 0.15 0.9 0.3 0.75 0.7 0.2 0.6 0.85 0.8 0.5 0.7 0.85 0.3 0.4 0.7 0.1 1.0 0.4 0.65 0.6 0.4 0.55 0.05 0.85 0.75 0.4 0.6 0.85 
-0.1057703239543397 0.7425528592798998 0.4573917253516817 1.0 0.75 0.25 0.1 0.15 0.25 0.45 0.55 0.15 0.9 0.3 0.75 0.9 0.3 0.6 1.0 0.8 0.5 0.4 0.65 0.3 0.2 0.7 0.1 1.0 0.4 0.65 0.6 0.4 0.55 0.05 0.85 0.55 0.35 0.6 0.35 
-0.015407319909162807 0.5281149616171557 0.3106761479108384 0.85 0.4 0.2 1.0 0.85 0.4 1.0 0.65 0.2 0.65 0.55 0.9 0.2 0.95 0.95 0.85 0.1 0.95 0.45 0.75 0.7 0.85 0.65 0.05 0.9 1.0 0.45 0.85 0.7 0.05 1.0 1.0 0.45 0.65 0.95 0.3 
-2.6592021594759068 0.6897285462711279 0.6093836984932226 0.9 0.7 0.35 1.0 0.4 0.2 0.85 0.7 0.3 0.45 0.3 0.75 0.95 0.3 0.85 0.85 0.8 0.5 0.45 0.85 0.3 0.4 0.7 0.45 1.0 0.4 0.65 0.95 0.4 0.55 0.05 0.7 0.2 0.25 0.6 0.75 
-0.005956290151372537 0.6337951508277098 0.3210498132837487 1.0 0.4 0.35 0.8 0.85 0.4 0.85 0.65 0.6 0.75 0.55 0.9 0.55 0.2 0.45 0.8 0.85 0.95 0.45 0.75 0.75 0.4 0.0 0.1 0.95 1.0 0.6 0.7 0.0 0.05 0.15 0.95 0.5 0.65 0.4 0.65 
-0.027221774194035837 0.749186130161221 0.40659976168265394 1.0 0.75 0.4 0.1 0.8 0.25 0.95 0.55 0.15 0.85 0.3 0.75 1.0 0.3 0.55 0.95 0.8 0.5 0.4 0.4 0.35 0.4 0.7 0.1 1.0 0.4 0.7 0.6 0.4 0.25 0.05 0.85 0.55 0.35 0.6 0.2 
-0.0088234729863795 0.7345871068344204 0.48122910029047894 0.65 0.75 0.3 0.05 0.65 0.85 0.95 0.55 0.15 0.9 0.3 0.75 1.0 0.3 0.65 0.85 0.8 0.5 0.45 0.85 0.4 0.2 0.7 0.15 1.0 0.4 0.65 0.95 0.4 0.55 0.05 0.3 0.75 0.35 0.6 0.35 
-0.018116057542459423 0.7298723176001355 0.42136640036645784 1.0 0.75 0.3 0.05 0.05 0.45 0.95 0.55 0.15 0.9 0.3 0.75 0.85 0.3 0.65 0.85 0.8 0.5 0.45 0.85 0.4 0.4 0.7 0.15 1.0 0.4 0.65 0.6 0.4 0.55 0.05 0.3 0.75 0.35 0.6 0.3 
-0.051142359919574 0.5045129829436849 0.3114691944881589 0.85 0.4 0.6 0.95 0.85 0.4 1.0 0.65 0.8 0.85 0.55 0.85 1.0 0.2 0.75 0.75 0.85 0.95 0.45 0.9 0.0 0.75 0.0 0.7 0.85 1.0 0.6 0.7 0.0 0.05 1.0 0.95 0.5 0.4 0.1 0.85 
-0.0009194071918135993 0.7156551797297702 0.5947471535750367 0.9 0.7 0.35 0.9 0.4 0.2 0.5 0.7 0.3 0.8 0.3 0.75 1.0 0.3 0.65 0.85 0.8 0.5 0.45 0.85 0.3 0.9 0.7 0.45 1.0 0.4 0.65 1.0 0.4 0.55 0.05 0.7 0.2 0.25 0.6 0.95 
-0.32376154982891253 0.2947755467340447 0.5806266384337222 1.0 0.45 0.75 1.0 0.45 0.5 0.6 0.05 0.35 0.35 0.95 0.15 1.0 0.5 0.2 0.85 0.9 0.5 0.85 0.6 0.3 0.85 0.4 0.9 1.0 0.3 0.6 0.8 0.85 0.25 0.15 0.75 0.55 0.95 0.65 0.85 
-0.05454967124563893 0.37505245553226046 0.35897867039395415 0.95 0.4 0.55 1.0 0.4 0.45 1.0 0.05 0.75 0.55 0.9 0.05 0.7 0.9 0.5 0.55 0.9 0.2 0.9 0.35 0.35 0.8 0.5 0.85 0.4 0.45 0.65 1.0 0.05 0.55 0.6 0.3 0.15 0.95 0.6 0.55 
-0.6506290859634137 0.2703668962701423 0.44653820512974823 0.65 0.4 0.6 0.95 0.4 0.5 1.0 0.0 0.8 0.85 0.95 0.65 0.65 0.9 0.5 0.7 0.9 0.2 0.85 0.85 0.6 0.75 0.85 0.55 1.0 0.4 0.65 0.7 0.05 0.55 0.25 0.7 0.5 0.95 0.6 0.15 
-0.01823261902924676 0.7489555367370172 0.4270551765214678 1.0 0.75 0.3 0.05 0.65 0.5 0.95 0.55 0.15 0.9 0.3 0.75 1.0 0.3 0.65 0.85 0.8 0.5 0.45 0.85 0.4 0.4 0.7 0.1 1.0 0.4 0.65 0.6 0.4 0.55 0.05 0.85 0.75 0.35 0.6 0.3 
-0.18103263725616003 0.3609402575323274 0.345507447210226 1.0 0.4 0.55 1.0 0.4 0.45 1.0 0.05 0.75 0.3 0.9 0.2 0.65 0.9 0.5 0.55 0.9 0.2 0.45 0.4 0.6 0.8 0.5 0.85 0.45 0.4 0.25 1.0 0.05 0.55 1.0 0.3 0.9 0.95 0.6 0.0 
-0.005660595639598348 0.3114023539247438 0.34490307496001604 0.95 0.4 0.6 1.0 0.4 0.5 0.85 0.0 0.8 0.75 0.95 0.2 0.7 0.9 0.5 0.55 0.9 0.2 0.85 0.85 0.6 0.9 0.2 0.85 0.95 0.4 0.7 0.85 0.05 0.55 0.05 0.7 0.45 0.25 0.6 0.55 
-0.0024621018660156676 0.7486822077156657 0.3952780102678295 1.0 0.75 0.55 0.05 0.65 0.85 0.95 0.55 0.15 0.9 0.3 0.75 1.0 0.3 0.6 0.85 0.8 0.5 0.95 0.85 0.4 0.4 0.7 0.1 1.0 0.4 0.65 0.6 0.4 0.55 0.05 0.85 0.75 0.35 0.6 0.3 
-0.3248360787932153 0.6503265506231237 0.6379866172421307 0.85 0.7 0.4 0.9 0.25 0.15 0.05 0.75 0.3 0.65 0.3 0.75 0.7 0.3 0.15 0.85 0.8 0.5 0.8 0.85 0.3 0.05 0.7 0.45 1.0 0.4 0.65 1.0 0.4 0.55 0.05 0.7 0.2 0.25 0.6 0.95 
-0.015449407293187578 0.3761618759752542 0.3389662137774927 0.95 0.4 0.55 1.0 0.4 0.45 1.0 0.05 0.75 0.3 0.9 0.05 0.7 0.9 0.5 0.55 0.9 0.2 0.9 0.35 0.0 0.8 0.5 0.85 0.4 0.45 0.5 1.0 0.05 0.55 0.6 0.3 0.15 0.95 0.6 0.55 
-0.12508837318655067 0.7131778297085324 0.3953184974574039 1.0 0.75 0.5 0.5 0.85 0.75 0.95 0.65 0.3 0.85 0.3 0.75 1.0 0.3 0.55 1.0 0.8 0.5 0.7 0.1 0.8 0.4 0.0 0.45 1.0 0.4 0.45 0.8 0.4 0.4 0.9 0.85 0.1 0.1 0.6 0.75 
-2.9162465386906136 0.36311965487697595 0.6478149938671534 0.6 0.25 0.95 1.0 0.45 0.5 0.45 1.0 0.05 0.35 0.95 0.2 1.0 0.5 0.15 1.0 0.9 0.5 0.7 0.6 0.6 0.85 0.4 0.5 1.0 0.4 0.7 0.8 0.85 0.25 0.8 0.75 0.55 0.6 0.65 0.25 
-0.010096842050729497 0.6280486870970166 0.3208162009194022 0.85 0.4 0.35 0.8 0.85 0.4 0.95 0.65 0.6 0.75 0.55 0.9 0.55 0.2 0.45 0.85 0.85 0.95 0.45 0.75 0.75 0.4 0.0 0.1 0.95 1.0 0.6 0.7 0.0 0.05 0.15 0.95 0.5 0.65 0.4 0.65 
-0.0676865795666058 0.27623026419583907 0.5525717333943441 0.85 0.45 0.7 1.0 0.45 0.6 0.55 1.0 0.35 0.45 0.95 0.15 0.95 0.5 0.2 1.0 0.9 0.5 0.7 0.6 0.65 0.85 0.4 0.9 1.0 0.3 0.7 0.8 0.85 0.25 0.15 0.75 0.55 0.15 0.65 0.75 
-0.15802691048652295 0.3165329691847649 0.3415077268046094 0.95 0.4 0.6 1.0 0.4 0.5 0.85 0.0 0.8 0.75 0.95 0.25 0.7 0.9 0.5 0.55 0.9 0.2 0.85 0.85 0.6 0.9 0.2 0.85 0.95 0.4 0.7 0.9 0.05 0.55 0.05 0.7 0.6 0.25 0.6 0.55 
-0.30990475415279456 0.2654677077746467 0.4825008513028925 1.0 0.45 0.75 1.0 0.45 0.6 0.5 1.0 0.35 0.35 0.95 0.15 0.7 0.5 0.2 1.0 0.9 0.5 0.7 0.55 0.65 0.25 0.4 0.9 1.0 0.3 0.8 0.8 0.85 0.25 0.25 0.75 0.55 0.95 0.65 0.85 
-0.027706696444921606 0.6621913284209533 0.3166097774597887 1.0 0.7 0.55 0.3 0.35 0.65 0.65 0.75 0.3 0.9 0.3 0.75 0.85 0.3 0.6 0.85 0.8 0.5 0.45 0.85 0.3 0.1 0.7 0.15 1.0 0.4 0.45 0.75 0.4 0.4 0.05 0.85 0.35 0.35 1.0 0.3 
-0.1494832194777192 0.27668427024857467 0.5473615602946935 0.85 0.45 0.7 1.0 0.45 0.6 0.55 1.0 0.35 0.45 0.95 0.15 0.95 0.5 0.2 1.0 0.9 0.5 0.7 0.6 0.65 0.85 0.4 0.9 1.0 0.3 0.75 0.8 0.85 0.25 0.15 0.75 0.55 0.15 0.65 0.75 
-0.1833882981860537 0.26908488151843823 0.42941918611489327 0.7 0.4 0.6 1.0 0.4 0.5 1.0 0.0 0.8 0.85 0.95 0.65 0.65 0.9 0.5 0.7 0.9 0.2 0.85 0.85 0.6 0.9 0.2 0.55 1.0 0.4 0.8 0.7 0.05 0.55 1.0 0.7 0.45 0.95 0.6 0.55 
-0.03950683993864539 0.6727984617149453 0.36701747332786283 0.9 0.4 0.65 0.75 0.85 0.4 0.95 0.65 0.65 0.1 0.5 0.85 0.8 0.95 0.35 0.75 0.85 0.8 0.2 0.6 0.15 0.75 0.5 0.7 1.0 1.0 0.6 0.45 0.0 0.15 0.45 0.15 0.4 0.5 0.1 0.1 
-0.1316105911947823 0.7424266501643999 0.5218030064376706 0.95 0.75 0.2 0.2 0.65 0.3 0.65 0.7 0.35 1.0 0.3 0.65 1.0 0.3 0.65 0.85 0.8 0.5 0.45 0.05 0.3 1.0 0.7 0.45 1.0 0.4 0.65 0.8 0.4 0.55 0.55 0.7 0.2 0.65 0.6 0.75 
-0.05976250549989026 0.5373600653594752 0.2867072326830803 0.85 0.4 0.3 0.9 0.85 0.4 0.95 0.65 0.6 0.55 0.55 0.9 0.7 0.2 0.5 0.8 0.85 0.95 0.45 0.75 0.75 0.35 0.0 0.7 0.95 1.0 0.6 0.7 0.0 0.05 1.0 0.95 0.5 0.65 0.4 0.85 
-0.04468722633184443 0.28580775841886186 0.36707180555261426 0.95 0.4 0.6 1.0 0.4 0.5 1.0 0.0 0.8 0.85 0.95 0.5 0.7 0.9 0.5 0.7 0.9 0.2 0.85 0.85 0.5 0.9 0.7 0.85 1.0 0.4 0.6 0.7 0.05 0.55 0.1 0.6 0.45 0.45 0.6 0.55 
-0.1709266611134973 0.6266753535371148 0.29752368096634796 1.0 0.7 0.55 0.7 0.35 0.65 0.65 0.75 0.3 0.9 0.3 0.75 0.85 0.3 0.6 0.75 0.8 0.5 0.45 0.85 0.3 0.1 0.7 0.15 1.0 0.4 0.45 0.75 0.4 0.35 0.05 0.85 0.35 0.35 1.0 0.3 
-0.1199509408861068 0.546787386935441 0.2957478518370462 0.85 0.4 0.3 0.9 0.85 0.4 0.95 0.65 0.6 0.55 0.55 0.9 0.55 0.2 0.5 0.8 0.85 0.95 0.45 0.2 0.75 0.35 0.0 0.7 0.95 1.0 0.6 0.7 0.0 0.05 1.0 0.95 0.5 0.65 0.55 0.85 
-0.0037951368927721723 0.5541661585933451 0.2934081188069786 0.85 0.4 0.3 0.9 0.85 0.4 0.95 0.65 0.6 0.55 0.55 0.9 0.7 0.2 0.45 0.8 0.85 0.95 0.45 0.75 0.75 0.0 0.0 0.7 0.95 1.0 0.6 0.7 0.0 0.05 1.0 0.95 0.5 0.65 0.4 0.85 
-0.0016283442170914571 0.40302943423029663 0.3549854320383096 0.95 0.4 0.55 1.0 0.4 0.5 0.75 0.8 0.45 0.75 0.3 0.85 1.0 0.15 0.5 0.45 0.9 0.35 0.75 0.85 0.6 0.65 0.95 0.15 0.95 0.4 0.55 0.85 0.05 0.6 0.05 0.7 0.45 0.75 0.6 0.15 
-0.10011685264844186 0.44135542480908896 0.3263960130012641 1.0 0.4 0.55 1.0 0.4 0.5 0.7 0.8 0.45 0.75 0.3 0.85 1.0 0.15 0.5 0.35 0.9 0.35 0.75 0.85 0.6 0.65 0.95 0.15 0.95 0.4 0.75 0.85 0.05 0.6 0.05 0.7 0.45 0.75 0.6 0.15 
-0.06299490873872127 0.43322055123070335 0.3368549866517638 0.95 0.4 0.55 1.0 0.4 0.5 0.7 0.8 0.45 0.75 0.3 0.85 1.0 0.15 0.5 0.35 0.9 0.35 0.75 0.85 0.6 0.65 0.95 0.15 0.95 0.4 0.75 0.85 0.05 0.6 0.05 0.7 0.45 0.75 0.6 0.15 
-0.11588226313890312 0.2991745102897191 0.33407069588397065 0.95 0.4 0.55 1.0 0.4 0.5 1.0 0.0 0.8 0.7 0.95 0.2 1.0 0.9 0.5 0.55 0.9 0.2 0.85 0.85 0.6 0.7 0.95 0.85 0.95 0.4 0.75 0.65 0.05 0.55 0.05 0.7 0.45 0.95 0.6 0.55 
-0.016468616170389878 0.4228953637620144 0.3477190329028129 0.95 0.4 0.55 1.0 0.4 0.5 0.65 0.8 0.45 0.75 0.3 0.85 1.0 0.2 0.5 0.4 0.9 0.2 0.75 0.85 0.6 0.65 0.95 0.85 0.95 0.4 0.5 0.4 0.05 0.6 0.05 0.7 0.45 0.75 0.6 0.15 
-0.269453674635872 0.5965115679776353 0.2999046939499329 0.85 0.4 0.35 0.8 0.85 0.4 0.95 0.65 0.6 0.75 0.55 0.9 0.55 0.2 0.45 0.85 0.85 0.95 0.45 0.75 0.75 0.4 0.0 0.1 0.95 1.0 0.6 0.7 0.75 0.05 0.15 0.95 0.5 0.65 0.4 0.65 
-1.5016261187888122 0.2872103809414517 0.5750693296041167 1.0 0.45 0.75 1.0 0.45 0.5 0.6 0.05 0.35 0.35 0.95 0.15 1.0 0.5 0.2 0.85 0.9 0.5 0.6 0.6 0.3 0.85 0.4 0.9 1.0 0.3 0.7 0.8 0.85 0.25 0.15 0.75 0.55 0.95 0.65 0.85 
-15.919700869333097 0.5247334938751271 0.6720570095303597 0.9 0.7 0.3 1.0 0.35 0.1 0.85 0.45 0.55 0.75 0.65 0.8 1.0 0.8 0.35 0.85 0.9 0.55 0.9 0.7 0.45 0.0 1.0 0.9 1.0 0.4 0.65 0.95 0.4 0.55 0.05 0.05 0.55 0.15 0.55 0.9 
-0.29247190858739425 0.28525778272864166 0.37904596044111444 0.9 0.4 0.6 1.0 0.45 0.55 1.0 0.0 0.8 0.75 0.95 0.15 0.75 0.9 0.5 0.9 0.9 0.35 0.85 0.85 0.9 0.9 0.95 0.85 1.0 0.4 0.65 0.7 0.05 0.55 0.05 0.7 0.45 0.8 0.6 0.55 
-0.33649713866775444 0.5889174503822432 0.6653183322631266 0.9 0.7 0.25 1.0 0.35 0.1 0.65 0.65 0.0 0.75 1.0 0.8 1.0 0.8 0.05 0.95 0.9 0.55 0.9 1.0 0.05 0.0 1.0 0.25 1.0 0.4 0.65 0.8 0.4 0.55 0.95 0.05 0.95 0.15 0.55 0.9 
-14.298140452907916 0.6229170449071065 0.6586628542313646 0.95 0.7 0.25 1.0 0.35 0.1 1.0 0.7 0.95 0.75 0.3 0.8 0.9 0.8 0.35 0.9 0.9 0.55 0.9 0.05 0.6 0.0 1.0 0.9 1.0 0.4 0.65 0.4 0.4 0.55 0.55 0.05 0.95 0.15 0.25 0.9 
-0.04063772357461163 0.2812349928839206 0.4118779296060577 0.95 0.4 0.6 1.0 0.4 0.5 1.0 0.0 0.8 0.85 0.95 0.1 0.75 0.9 0.5 0.7 0.9 0.2 0.85 0.85 0.2 0.9 0.1 0.55 1.0 0.4 0.4 0.85 0.05 0.55 0.25 0.7 0.45 0.95 0.0 0.55 
-23.543040353077526 0.5410219733615691 0.6831854383961917 0.65 0.7 0.25 1.0 0.35 0.1 0.85 0.7 0.55 0.75 0.3 0.8 1.0 0.8 0.35 0.85 0.9 0.55 0.9 0.4 0.6 0.0 1.0 0.9 1.0 0.4 0.65 0.9 0.4 0.55 0.05 0.05 0.95 0.15 0.25 0.9 
-0.003873335801366777 0.6090058396191397 0.31142330906129834 1.0 0.4 0.35 0.8 0.85 0.4 0.85 0.65 0.6 0.75 0.55 0.9 0.55 0.2 0.45 0.85 0.85 0.95 0.45 0.75 0.75 0.4 0.0 0.1 0.95 1.0 0.6 0.7 0.0 0.05 0.15 0.95 0.5 0.65 0.4 0.65 
-0.002414908379948656 0.513367928639427 0.2903479116790314 0.85 0.4 0.35 0.9 0.85 0.4 0.95 0.65 0.6 0.55 0.55 0.9 0.7 0.2 0.45 0.8 0.85 0.95 0.45 0.75 0.75 0.0 0.0 0.7 0.95 1.0 0.6 0.7 0.0 0.05 1.0 0.95 0.5 0.85 0.4 1.0 
-0.1558375700069668 0.5770612852181435 0.2981696520462638 0.85 0.4 0.2 1.0 0.85 0.4 1.0 0.65 0.2 0.65 0.5 0.9 0.2 0.95 0.3 0.85 0.85 0.95 0.45 0.75 0.7 0.25 0.65 0.05 0.9 1.0 0.45 0.85 0.7 0.05 1.0 1.0 0.45 0.65 0.95 0.3 
-0.06901563066314603 0.4290169174775445 0.34843454901102133 0.95 0.4 0.55 1.0 0.4 0.5 1.0 0.0 0.8 0.6 0.95 0.15 1.0 0.2 0.5 0.55 0.9 0.2 0.85 0.85 0.6 0.9 0.95 0.85 0.95 0.4 0.75 0.85 0.05 0.6 0.05 0.7 0.45 0.95 0.6 0.55 
-3.4011383585640895 0.2590727230958384 0.4997616663782877 0.8 0.45 0.7 1.0 0.45 0.6 0.55 1.0 0.35 0.45 0.95 0.15 1.0 0.5 0.2 1.0 0.9 0.45 0.7 0.6 0.65 0.85 0.4 0.9 1.0 0.3 0.7 0.8 0.85 0.25 0.15 0.75 0.55 0.15 0.65 0.85 
-0.14730839216702585 0.28096093778537923 0.41338426884752855 0.95 0.4 0.6 1.0 0.4 0.5 1.0 0.0 0.8 0.85 0.95 0.1 0.75 0.9 0.5 0.7 0.9 0.2 0.85 0.85 0.6 0.9 0.1 0.55 1.0 0.4 0.65 0.85 0.05 0.55 0.25 0.7 0.45 0.95 0.0 0.55 
-0.03715494403097615 0.6904424833075569 0.369443452492316 1.0 0.75 0.5 0.3 0.35 0.5 0.65 0.65 0.3 0.9 0.3 0.75 0.85 0.25 0.6 0.85 0.7 0.5 0.45 0.85 0.3 0.3 0.7 0.0 0.8 0.4 0.45 0.75 0.4 0.4 0.05 0.85 0.75 0.35 1.0 0.3 
-0.0033904894103125795 0.7278664370140757 0.3691735130596165 1.0 0.75 0.45 0.55 0.35 0.8 0.55 0.65 0.3 0.9 0.3 0.75 0.8 0.25 0.6 0.85 0.8 0.5 0.5 0.85 0.3 0.1 0.7 0.35 1.0 0.4 0.45 1.0 0.4 0.4 0.05 0.85 0.75 0.35 0.6 0.3 
-2.643230423140356 0.29928984945681714 0.31230591231641147 0.95 0.4 0.6 1.0 0.4 0.5 1.0 0.0 0.8 0.75 0.95 0.5 1.0 0.9 0.5 0.55 0.9 0.2 0.85 0.85 0.6 0.9 0.95 0.85 0.95 0.4 0.75 0.85 0.05 0.55 0.05 0.7 0.45 0.25 0.6 0.55 
-0.8875932297423607 0.7082246683987007 0.5986268678012733 0.9 0.7 0.35 0.9 0.4 0.2 0.5 0.7 0.3 0.65 0.3 0.75 1.0 0.3 0.65 0.85 0.8 0.5 0.45 0.85 0.3 0.05 0.7 0.45 1.0 0.4 0.65 1.0 0.4 0.55 0.05 0.7 0.2 0.25 0.6 0.95 
-0.01730754597263224 0.6721511848176814 0.34416797123379284 0.9 0.4 0.15 0.8 0.85 0.4 1.0 0.65 0.3 0.25 0.5 0.65 0.4 0.05 0.35 0.9 0.85 0.8 0.2 0.6 0.15 0.1 0.3 0.7 1.0 1.0 0.6 0.45 0.0 0.15 0.45 0.8 0.5 0.5 0.2 0.7 
-0.01390954261166081 0.7099245891649473 0.33359397181158174 1.0 0.75 0.5 0.3 0.35 0.65 0.65 0.65 0.3 0.9 0.3 0.75 0.85 0.25 0.6 0.85 0.7 0.5 0.45 0.85 0.3 0.3 0.7 0.0 0.8 0.4 0.45 0.75 0.4 0.4 0.05 0.85 0.75 0.35 1.0 0.3 
-0.00846618031834412 0.683157823405865 0.31092096917272916 1.0 0.7 0.55 0.7 0.35 0.65 0.65 0.75 0.3 0.65 0.3 0.75 0.85 0.3 0.6 0.85 0.8 0.5 0.45 0.85 0.3 0.1 0.7 0.15 1.0 0.4 0.45 0.75 0.4 0.4 0.05 0.85 0.95 0.35 0.55 1.0 
-0.12552437994027565 0.7069402962295034 0.35405298651345696 1.0 0.7 0.5 0.45 0.35 0.75 0.65 0.65 0.3 0.9 0.3 0.75 0.95 0.25 0.6 0.95 0.8 0.5 0.7 0.85 0.8 0.4 0.85 0.45 1.0 0.4 0.45 0.8 0.4 0.4 0.05 0.85 0.75 0.35 0.6 0.75 
-1.052243095198557 0.5664421833618465 0.2756757842884785 0.85 0.4 0.2 1.0 0.85 0.4 0.95 0.65 0.2 0.65 0.55 0.9 0.2 0.95 0.95 0.85 0.85 0.95 0.45 0.15 0.7 0.85 0.65 0.05 0.9 1.0 0.45 0.85 0.7 0.05 1.0 1.0 0.45 0.65 0.95 0.3 
-14.479259156330194 0.5621074841486228 0.6717211169553214 0.65 0.7 0.25 1.0 0.35 0.1 0.85 0.7 1.0 0.45 0.3 0.8 1.0 0.8 0.35 0.85 0.9 0.55 0.9 0.3 0.6 0.0 1.0 0.9 1.0 0.4 0.65 0.8 0.4 0.55 0.05 0.05 0.95 0.15 0.25 0.9 
-1.490894518635656 0.3288123940080334 0.32384407590232744 0.95 0.4 0.6 1.0 0.4 0.5 1.0 0.0 0.8 0.75 0.95 0.2 1.0 0.9 0.5 0.55 0.9 0.2 0.85 0.85 0.6 0.9 0.95 0.85 0.95 0.4 0.75 0.85 0.05 0.55 0.05 0.7 0.45 0.25 0.6 0.55 
-0.3782581906120277 0.411179323517494 0.3282044917619418 0.95 0.4 0.55 1.0 0.4 0.5 0.85 0.8 0.45 0.75 0.3 0.85 1.0 0.2 0.5 0.4 0.9 0.2 0.7 0.85 1.0 0.65 0.65 0.85 0.9 0.4 0.3 0.7 0.05 0.6 0.05 0.7 0.45 0.75 0.5 0.15 
-0.0529967341892815 0.7453013423989272 0.35971319095221793 1.0 0.75 0.5 0.4 0.2 0.55 0.95 0.65 0.3 0.85 0.3 0.75 0.95 0.25 0.7 0.95 0.8 0.5 0.7 0.85 0.8 0.55 0.85 0.45 1.0 0.4 0.45 0.8 0.4 0.4 0.05 0.85 0.75 0.35 0.6 0.75 
-13.070671159710235 0.345036870614015 0.31904230718998783 1.0 0.4 0.55 1.0 0.4 0.45 1.0 0.0 0.75 0.4 0.85 0.55 1.0 0.9 0.5 0.55 0.9 0.2 0.9 1.0 0.75 0.8 0.5 0.6 0.9 0.2 0.55 1.0 0.05 0.55 0.3 0.45 0.15 0.1 0.6 0.35 
-1.2809532759889384 0.7578741405745513 0.3857350182202993 1.0 0.75 0.25 0.1 0.8 0.25 0.95 0.55 0.15 0.85 0.3 0.75 1.0 0.3 0.55 0.95 0.8 0.5 0.4 0.4 0.3 0.4 0.7 0.1 1.0 0.4 0.7 0.6 0.4 0.25 0.05 0.85 0.55 0.35 0.6 0.2 
-129.20100793073635 0.4628999556644714 0.3081884454871724 0.85 0.4 0.7 0.7 0.85 0.4 1.0 0.65 0.2 0.65 0.55 0.9 0.95 0.95 0.45 0.95 0.85 0.95 0.45 0.75 0.7 0.85 0.85 0.65 0.5 1.0 0.45 0.85 0.7 0.05 0.35 1.0 0.45 0.65 0.95 0.3 
-12.77528646461123 0.38630041599005277 0.31670681436276726 1.0 0.4 0.55 0.95 0.4 0.45 1.0 0.0 0.75 0.45 0.8 0.2 1.0 0.9 0.5 0.55 0.9 0.2 0.9 1.0 0.75 0.8 0.5 0.6 0.8 0.45 0.8 1.0 0.05 0.55 0.3 0.45 0.15 0.1 0.6 0.35 
-0.011497437917946201 0.4369137722817089 0.3214978268045271 0.95 0.4 0.55 1.0 0.4 0.5 0.85 0.8 0.45 0.75 0.3 0.85 1.0 0.2 0.5 0.4 0.9 0.2 0.7 0.85 1.0 0.65 0.65 0.85 0.9 0.4 0.75 0.7 0.05 0.6 0.05 0.7 0.45 0.75 0.6 0.15 
-4.072547287994298 0.5004534162135047 0.2832741781482919 0.85 0.4 0.6 0.95 0.85 0.5 0.9 0.65 0.8 0.75 0.55 0.9 1.0 0.2 0.5 0.7 0.85 0.95 0.45 0.75 0.0 0.3 0.0 0.7 1.0 1.0 0.6 0.95 0.0 0.05 0.7 0.95 0.5 0.65 0.1 0.25 
-1.727517179682927 0.5875060929677525 0.2778779637690214 0.85 0.4 0.2 0.7 0.85 0.4 1.0 0.65 0.2 0.65 0.55 0.9 0.95 0.95 0.95 0.85 0.85 0.95 0.45 0.75 0.7 0.85 0.65 0.65 0.9 1.0 0.55 0.85 0.7 0.05 0.85 1.0 0.25 0.65 0.95 0.3 
-12.713284551820642 0.250280990837244 0.41204327788244044 0.85 0.45 0.7 1.0 0.45 0.6 0.75 1.0 0.35 0.35 0.95 0.15 1.0 0.5 0.2 0.9 0.9 0.5 0.7 0.6 0.65 0.85 0.4 0.9 1.0 0.3 0.7 0.8 0.85 0.25 0.15 0.75 0.55 0.15 0.65 0.85 
-3.8883698089974215 0.26671858418156347 0.37732626988481116 0.9 0.4 0.6 1.0 0.4 0.5 1.0 0.0 0.8 0.85 0.95 0.65 0.65 0.9 0.5 0.7 0.9 0.2 0.85 0.85 0.6 0.9 0.2 0.55 1.0 0.4 0.8 0.7 0.05 0.55 1.0 0.7 0.45 0.95 0.6 0.55 
-0.05559749084838354 0.6678216942961179 0.31141861106460744 1.0 0.7 0.65 0.7 0.35 0.65 0.65 0.75 0.3 0.9 0.3 0.75 0.85 0.3 0.6 0.85 0.8 0.5 1.0 0.85 0.4 0.1 0.7 0.15 1.0 0.4 0.45 0.75 0.4 0.4 0.05 0.85 0.35 0.35 0.05 0.3 
-0.31111122722922996 0.7186028748373979 0.3122079434145807 1.0 0.75 0.5 0.4 0.3 0.55 0.95 0.65 0.3 0.85 0.3 0.75 0.95 0.25 0.7 0.95 0.8 0.5 0.7 0.85 0.8 0.55 0.85 0.45 1.0 0.4 0.45 0.8 0.4 0.4 0.05 0.85 0.75 0.35 0.6 0.75 
-0.11877936011634813 0.687828102579561 0.2822663445861162 1.0 0.75 0.5 0.45 0.3 0.55 0.95 0.65 0.3 0.85 0.3 0.75 1.0 0.25 0.7 1.0 0.8 0.6 0.7 0.25 0.8 0.8 0.85 0.45 0.8 0.4 0.45 0.75 0.4 0.4 0.7 0.85 0.75 0.35 0.6 0.3 
-0.04914646084451756 0.7621578594552478 0.4143574679849179 1.0 0.75 0.3 0.05 0.2 0.5 0.95 0.55 0.15 0.9 0.3 0.75 1.0 0.3 0.65 0.85 0.8 0.5 0.45 0.85 0.4 0.4 0.7 0.15 1.0 0.4 0.65 0.6 0.4 0.55 0.05 0.85 0.75 0.35 0.6 0.3 
-5.260396203479438 0.2533715323351414 0.4329329908468385 0.85 0.45 0.7 1.0 0.45 0.6 0.75 1.0 0.35 0.35 0.95 0.25 1.0 0.5 0.2 0.9 0.9 0.5 0.7 0.6 0.65 0.85 0.4 0.9 1.0 0.3 0.7 0.8 0.85 0.25 0.15 0.75 0.55 0.15 0.65 0.85 
-0.5708844371601357 0.4451071305765485 0.3092653940721636 1.0 0.4 0.55 1.0 0.4 0.5 0.75 0.8 0.45 0.75 0.3 0.85 1.0 0.2 0.5 0.4 0.9 0.2 0.75 0.85 0.6 0.65 0.95 0.85 0.95 0.4 0.75 0.7 0.05 0.6 1.0 0.7 0.45 0.75 0.6 0.15 
-1.518546528019522 0.3686712339370014 0.3162215487798037 1.0 0.4 0.55 0.95 0.4 0.5 0.75 0.0 0.85 0.4 0.9 0.55 1.0 0.9 0.5 0.55 0.9 0.2 0.9 1.0 0.9 0.8 0.5 0.65 1.0 0.45 0.85 1.0 0.05 0.55 0.0 0.45 0.85 0.45 0.6 0.35 
-0.06116800745661889 0.7276285665730441 0.3439812832953 1.0 0.75 0.45 0.55 0.35 0.8 0.9 0.65 0.3 0.9 0.3 0.75 0.85 0.25 0.6 0.85 0.8 0.5 0.45 0.85 0.3 0.1 0.7 0.35 1.0 0.4 0.45 1.0 0.4 0.4 0.05 0.85 0.75 0.35 0.6 0.3 
-3.5201940569455434 0.24921985225446913 0.4570328079383268 0.85 0.45 0.7 1.0 0.45 0.6 0.7 1.0 0.35 0.35 0.95 0.15 0.8 0.5 0.2 1.0 0.9 0.5 0.7 0.6 0.65 0.5 0.4 0.9 1.0 0.3 0.75 0.8 0.85 0.25 0.15 0.75 0.55 0.15 0.65 0.85 
-0.8177278961651565 0.620359638438772 0.29189027865573636 1.0 0.4 0.6 0.75 0.85 0.4 0.95 0.65 0.65 0.5 0.5 0.85 0.5 1.0 0.35 0.9 0.85 0.8 0.2 0.6 0.1 1.0 0.3 0.7 1.0 1.0 0.6 0.45 0.0 0.15 0.45 0.8 0.5 0.5 0.1 0.4 
-0.020109444018866787 0.7373062608054041 0.3253647367518694 1.0 0.75 0.5 0.45 0.3 0.75 0.95 0.65 0.3 0.75 0.3 0.75 0.85 0.25 0.7 1.0 0.8 0.5 0.7 0.1 0.8 0.4 0.85 0.45 1.0 0.4 0.45 0.8 0.4 0.4 0.9 0.85 0.75 0.35 0.35 0.75 
-0.2546878681022761 0.6601382109802868 0.2936970551617646 1.0 0.75 0.35 0.45 0.1 0.55 0.9 0.65 0.3 0.9 0.3 0.75 1.0 0.25 0.7 1.0 0.8 0.65 0.7 0.75 0.65 0.0 0.1 0.45 1.0 0.4 0.45 0.8 0.35 0.3 0.7 0.85 0.75 0.35 0.45 0.7 
-2.6396292881985133 0.271056846693855 0.3936690608973548 0.85 0.4 0.6 1.0 0.4 0.5 1.0 0.0 0.8 0.85 0.95 0.65 0.65 0.9 0.5 0.7 0.9 0.2 0.85 0.85 0.6 0.9 0.2 0.55 1.0 0.4 0.8 0.65 0.05 0.55 1.0 0.7 0.45 0.95 0.6 0.55 
-5.365869039952245 0.34582461065199044 0.6459376436626145 0.75 0.5 0.95 1.0 0.45 0.5 0.45 1.0 0.35 0.35 0.95 0.25 0.9 0.5 0.15 0.95 0.9 0.5 0.7 0.6 0.85 0.85 0.4 0.5 1.0 0.4 0.8 0.8 0.85 0.25 0.3 0.1 0.55 0.6 0.65 0.0 
-13.165747422984564 0.2690166470804142 0.35316611875064985 0.95 0.4 0.55 1.0 0.4 0.5 1.0 0.0 0.8 0.75 0.95 0.7 0.9 0.9 0.5 0.5 0.9 0.2 0.85 0.85 0.6 0.9 0.95 1.0 0.95 0.4 0.75 0.75 0.05 0.55 0.05 0.7 0.45 0.3 0.6 0.55 
-0.34388618513343483 0.7493767718130643 0.3441516046049268 1.0 0.75 0.5 0.4 0.2 0.6 0.95 0.65 0.3 0.85 0.3 0.75 0.95 0.25 0.7 0.95 0.8 0.5 0.7 0.85 0.8 0.55 0.85 0.45 1.0 0.4 0.45 0.8 0.4 0.4 0.05 0.15 0.75 0.35 0.6 0.75 
-5.527011417058109 0.5466390792837884 0.2691874480466815 0.85 0.4 0.2 0.7 0.85 0.4 1.0 0.65 0.2 0.65 0.55 0.9 0.95 0.95 0.95 0.85 0.85 0.95 0.45 0.75 0.7 0.85 0.65 0.65 0.9 1.0 0.45 0.85 0.7 0.05 1.0 1.0 0.45 0.65 0.95 0.3 
-14.397183883759148 0.5816377662308249 0.6808828363315504 0.8 0.7 0.25 1.0 0.35 0.1 0.85 0.7 0.45 0.75 0.3 0.8 1.0 0.8 0.35 0.85 0.9 0.55 0.9 0.4 0.6 0.0 1.0 0.9 1.0 0.4 0.65 0.9 0.4 0.55 0.05 0.05 0.95 0.15 0.4 0.9 
-6.315734196576141 0.376114845229041 0.6694725403558277 0.7 0.95 0.95 0.95 0.45 0.5 0.45 1.0 0.05 0.35 0.95 0.15 0.95 0.5 0.15 0.95 0.9 0.5 0.7 0.6 0.6 0.85 0.4 0.5 1.0 0.4 0.7 0.8 0.85 0.25 0.0 0.75 0.55 0.6 0.65 0.25 
-21.49909131362657 0.604903315679553 0.2755958305612577 0.85 0.4 0.6 0.85 0.85 0.4 0.9 0.65 0.15 0.8 0.55 0.9 1.0 0.2 0.85 0.85 0.05 0.95 0.45 0.75 0.7 0.3 0.0 0.95 1.0 1.0 0.6 0.4 0.0 0.05 1.0 0.95 0.7 0.65 0.1 0.85 
-0.9767720474525972 0.7294158492833259 0.3089909125244912 1.0 0.75 0.5 0.25 0.3 0.75 0.95 0.65 0.3 0.75 0.3 0.75 1.0 0.25 0.7 1.0 0.8 0.5 0.7 0.1 0.8 0.4 0.85 0.45 1.0 0.4 0.45 0.8 0.4 0.4 0.9 0.85 0.75 0.35 0.6 0.75 
-1.00201781505985 0.7619518886365906 0.4209104536056684 1.0 0.75 0.3 0.1 0.2 0.5 0.95 0.55 0.15 0.9 0.3 0.75 1.0 0.3 0.65 0.85 0.8 0.5 0.45 0.85 0.4 0.4 0.7 0.15 1.0 0.4 0.65 0.6 0.4 0.55 0.05 0.85 0.75 0.35 0.6 0.3 
-0.2337709547183595 0.7566972069452443 0.49040803161477486 1.0 0.75 0.25 0.45 0.8 0.25 0.6 0.55 0.15 0.85 0.3 0.75 1.0 0.3 0.65 0.9 0.8 0.5 0.4 0.4 0.45 0.8 0.25 0.1 1.0 0.4 0.65 0.85 0.4 0.55 0.05 0.85 0.6 0.35 0.6 0.2 
-0.12355978990038295 0.7190531308982494 0.29204374985060055 1.0 0.75 0.5 0.45 0.3 0.55 0.95 0.65 0.3 0.75 0.3 0.75 1.0 0.25 0.7 1.0 0.8 0.5 0.7 0.1 0.8 0.4 0.85 0.45 0.85 0.4 0.45 0.8 0.4 0.4 0.9 0.85 0.75 0.35 0.6 0.75 
-12.518742016637397 0.23933360573539547 0.4096397996448626 0.85 0.45 0.7 1.0 0.45 0.6 0.7 1.0 0.35 0.35 0.95 0.15 1.0 0.5 0.2 1.0 0.9 0.5 0.7 0.6 0.65 0.5 0.4 0.9 1.0 0.3 0.75 0.8 0.85 0.25 0.15 0.75 0.55 0.15 0.65 0.85 
-0.20796858752075217 0.7670887141252279 0.4534049840115815 1.0 0.75 0.25 0.1 0.8 0.25 0.6 0.55 0.15 0.85 0.3 0.75 1.0 0.3 0.65 0.9 0.8 0.5 0.4 0.4 0.45 0.8 0.25 0.1 1.0 0.4 0.65 0.85 0.4 0.55 0.05 0.85 0.6 0.35 0.6 0.2 
-9.347708253441471 0.3178496720333671 0.6427384116140558 0.7 0.95 0.95 1.0 0.45 0.5 0.85 0.95 0.05 0.35 0.35 0.15 1.0 0.5 0.15 0.95 0.9 0.5 0.7 0.6 0.6 0.85 0.1 0.85 1.0 0.4 0.7 0.8 0.85 0.25 0.0 0.75 0.55 0.6 0.65 0.25 
-17.712834154707767 0.36976525051865133 0.3047485534468585 1.0 0.4 0.55 0.95 0.4 0.45 1.0 0.0 0.75 0.4 0.85 0.55 1.0 0.9 0.5 0.55 0.9 0.2 0.3 1.0 0.75 0.8 0.5 0.6 1.0 0.45 0.6 1.0 0.05 0.55 0.0 0.45 0.15 0.45 0.6 0.35 
-0.023415774279577185 0.7519382777853789 0.31753482405251765 1.0 0.75 0.5 0.45 0.3 0.75 0.95 0.65 0.3 0.85 0.3 0.75 1.0 0.3 0.55 1.0 0.8 0.5 0.7 0.1 0.8 0.4 0.85 0.45 1.0 0.4 0.45 0.8 0.4 0.4 0.9 0.85 0.1 0.1 0.6 0.75 
-15.95365378499033 0.5996363703740973 0.6779970668992541 0.95 0.7 0.25 1.0 0.35 0.1 0.8 0.7 0.55 0.8 0.3 0.8 1.0 0.8 0.35 0.85 0.9 0.55 0.9 1.0 0.6 0.0 0.45 0.9 1.0 0.4 0.65 0.8 0.4 0.55 0.05 0.05 0.85 0.15 0.2 0.85 
-16.72964272368515 0.30580157088163074 0.6081373526749929 0.7 0.95 0.95 1.0 0.45 0.5 0.85 0.95 0.05 0.35 0.45 0.15 1.0 0.5 0.15 0.95 0.9 0.5 0.7 0.6 0.6 0.85 0.4 0.85 1.0 0.4 0.7 0.8 0.85 0.25 0.0 0.75 0.55 0.6 0.65 0.25 
-0.3137267803591743 0.6617839895514711 0.26547388815346395 1.0 0.75 0.35 0.45 0.3 0.55 0.9 0.65 0.3 0.9 0.3 0.65 1.0 0.25 0.7 1.0 0.8 0.65 0.7 0.75 0.8 0.4 0.1 0.45 1.0 0.4 0.45 0.8 0.35 0.3 0.7 0.85 0.75 0.9 0.6 0.7 
-2.310030064477823 0.7512403305448778 0.31270537071148763 1.0 0.75 0.5 0.45 0.3 0.75 0.95 0.65 0.3 0.9 0.3 0.75 1.0 0.3 0.55 1.0 0.8 0.5 0.7 0.1 0.8 0.4 0.85 0.45 1.0 0.4 0.45 0.8 0.4 0.4 0.9 0.85 0.1 0.35 0.6 0.75 
-0.28661332420785984 0.7559431567903367 0.50156807449115 1.0 0.75 0.25 0.45 0.8 0.25 0.6 0.55 0.15 0.85 0.3 0.75 1.0 0.3 0.6 0.9 0.8 0.5 0.4 0.4 0.45 0.8 0.25 0.1 1.0 0.4 0.65 0.85 0.4 0.55 0.05 0.85 0.6 0.35 0.6 0.2 
-0.09994915924900558 0.6902673389458585 0.2780359152178389 1.0 0.75 0.5 0.45 0.3 0.75 0.95 0.65 0.3 0.9 0.3 0.75 1.0 0.25 0.7 1.0 0.8 0.65 0.7 0.1 0.8 0.4 0.85 0.45 1.0 0.4 0.45 0.8 0.35 0.3 0.85 0.85 0.75 0.35 0.6 0.75 
-0.24351767536761948 0.6992702606292974 0.2850949438234376 1.0 0.75 0.35 0.45 0.3 0.55 0.9 0.65 0.3 0.9 0.3 0.75 1.0 0.25 0.7 0.8 0.8 0.65 0.7 0.75 0.45 0.4 0.1 0.25 1.0 0.4 0.4 0.8 0.35 0.3 0.7 0.85 0.75 0.35 0.6 0.7 
-32.25829064168893 0.38286454010634824 0.3022740726424249 1.0 0.4 0.55 0.95 0.4 0.45 1.0 0.0 0.75 0.45 0.8 0.55 1.0 0.9 0.5 0.55 0.9 0.2 0.9 1.0 0.75 0.8 0.5 0.6 0.8 0.45 0.6 1.0 0.05 0.55 0.3 0.45 0.15 0.1 0.6 0.35 
-124.08770920392446 0.45601446526749584 0.2787443300074839 1.0 0.4 0.5 0.7 0.85 0.4 1.0 0.65 0.2 0.65 0.55 0.9 0.95 0.95 0.3 0.95 0.85 0.95 0.45 0.75 0.7 0.85 0.85 0.3 0.9 0.1 0.45 0.85 0.7 0.05 1.0 1.0 0.45 0.65 0.75 0.3 
-0.019949316152500753 0.6499948983312621 0.2606402838328523 0.95 0.75 0.45 0.6 0.3 0.55 0.9 0.65 0.3 0.8 0.3 0.7 1.0 0.25 0.6 1.0 0.8 0.65 0.7 0.75 0.8 0.4 0.1 0.45 1.0 0.4 0.45 0.8 0.35 0.3 0.7 0.85 0.75 0.95 0.6 0.7 
-10.901604417011933 0.5051601558731483 0.2668471092398883 0.85 0.4 0.2 1.0 0.85 0.4 1.0 0.65 0.2 0.65 0.55 0.9 0.95 0.95 0.95 0.85 0.85 0.95 0.45 0.75 0.7 0.85 0.65 0.65 0.9 1.0 0.45 0.85 0.7 0.05 1.0 1.0 0.45 0.65 0.95 0.3 
-0.10504246184829862 0.6427502767951404 0.2836197603993875 1.0 0.75 0.35 0.8 0.3 0.55 0.9 0.65 0.3 0.95 0.3 0.75 1.0 0.25 0.7 1.0 0.8 0.65 0.7 0.75 0.4 0.4 0.1 0.25 1.0 0.4 0.4 0.8 0.35 0.3 0.7 0.2 0.75 0.35 0.4 0.7 
-5.285133535104082 0.7319835135231225 0.267481011770035 1.0 0.75 0.35 0.45 0.3 0.55 0.9 0.65 0.3 0.9 0.3 0.75 1.0 0.25 0.7 1.0 0.8 0.65 0.7 0.75 0.45 0.4 0.1 0.25 1.0 0.4 0.4 0.8 0.35 0.3 0.7 0.85 0.75 0.35 0.6 0.7 
-132.3325167304432 0.46719662112667537 0.27238386009968174 0.85 0.4 0.7 0.7 0.85 0.4 1.0 0.65 0.2 0.65 0.55 0.9 1.0 0.95 0.3 0.95 0.85 0.95 0.45 0.75 0.7 0.85 0.85 0.65 0.9 0.1 0.45 0.85 0.7 0.05 1.0 1.0 0.45 0.65 0.95 0.3 
-3.125162851603018 0.5175594525098057 0.2667476354627294 0.95 0.4 0.2 0.7 0.85 0.4 1.0 0.65 0.2 0.65 0.55 0.9 1.0 0.95 0.95 0.85 0.85 0.95 0.45 0.75 0.7 0.85 0.65 0.65 0.9 1.0 0.45 0.85 0.7 0.05 1.0 1.0 0.45 0.2 0.95 0.3 
-0.018813885094554537 0.7421808816357235 0.5592190195830179 1.0 0.75 0.4 0.85 0.65 0.0 0.9 0.55 0.15 0.9 0.3 0.75 1.0 0.3 0.55 0.95 0.8 0.5 0.95 0.35 0.4 0.4 0.7 0.1 1.0 0.4 0.65 0.6 0.4 0.55 0.05 0.2 0.75 0.35 0.2 0.3 
-0.11778688368564313 0.7398306316613784 0.29591248256063274 1.0 0.75 0.35 0.45 0.3 0.55 0.9 0.65 0.3 0.7 0.3 0.75 1.0 0.25 0.7 1.0 0.8 0.65 0.7 0.75 0.45 0.4 0.1 0.25 1.0 0.4 0.4 0.8 0.35 0.3 0.7 0.85 0.75 0.35 0.6 0.7 
-1.7114880207745213 0.7610335678916684 0.35902872541365327 1.0 0.75 0.25 0.45 0.3 0.75 0.95 0.65 0.3 0.75 0.3 0.75 0.85 0.25 0.7 1.0 0.8 0.5 0.0 0.1 0.8 0.4 0.85 0.45 1.0 0.4 0.45 0.8 0.4 0.4 0.9 0.85 0.75 0.35 0.35 0.75 
-0.0053596029466896665 0.7430291093775062 0.5657969027641806 1.0 0.75 0.4 0.85 0.65 0.0 0.9 0.55 0.15 0.9 0.3 0.75 1.0 0.3 0.6 0.85 0.8 0.5 0.95 0.35 0.4 0.4 0.7 0.1 1.0 0.4 0.65 0.6 0.4 0.55 0.05 0.2 0.75 0.35 0.2 0.3 
-2.8057412630963805 0.6882456550791479 0.25315843920427095 1.0 0.75 0.35 0.45 0.3 0.55 0.9 0.65 0.3 0.9 0.3 0.75 1.0 0.25 0.7 1.0 0.8 0.65 0.7 0.75 0.8 0.4 0.1 0.45 1.0 0.4 0.45 0.8 0.35 0.3 0.7 0.85 0.75 0.35 0.6 0.7 
-0.03995947230959124 0.7477264553682388 0.5319444233262436 1.0 0.75 0.3 0.75 0.65 0.0 0.85 0.55 0.15 0.9 0.3 0.75 1.0 0.3 0.7 0.95 0.8 0.5 0.95 0.15 0.4 0.4 0.85 0.1 1.0 0.4 0.65 0.6 0.4 0.55 0.05 0.2 0.95 0.35 0.2 0.3 
-123.18275609633675 0.4312951243030668 0.30447317234640703 0.9 0.4 0.7 0.9 0.85 0.4 1.0 0.65 0.55 0.65 0.55 0.9 0.95 0.95 0.3 0.95 0.85 0.95 0.45 0.75 0.7 0.85 0.85 0.1 0.9 0.1 0.45 0.9 0.7 0.05 1.0 1.0 0.45 0.65 0.95 0.3 
-13.727909184499822 0.2823697055681007 0.5961111594879702 0.7 0.7 0.95 1.0 0.45 0.5 0.85 0.95 0.05 0.35 0.35 0.15 1.0 0.5 0.15 0.95 0.9 0.5 0.7 0.6 0.6 0.95 0.1 0.85 1.0 0.4 0.7 0.8 0.85 0.25 0.0 0.75 0.55 0.6 0.65 0.25 
-0.4128950589191413 0.6691091691319849 0.2518346845529984 1.0 0.75 0.45 0.45 0.3 0.55 0.9 0.65 0.3 0.95 0.3 0.75 1.0 0.25 0.7 1.0 0.8 0.65 0.7 0.75 0.8 0.4 0.1 0.45 1.0 0.4 0.45 0.8 0.35 0.3 0.7 0.85 0.75 0.35 0.6 0.7 
-11.846010437674737 0.31858984817836655 0.29684100571619676 0.95 0.4 0.6 1.0 0.4 0.5 1.0 0.0 0.8 0.65 0.95 0.5 1.0 0.9 0.5 0.55 0.9 0.2 0.65 0.85 0.6 0.9 0.95 0.85 0.95 0.4 0.75 0.9 0.05 0.55 0.05 0.7 0.45 0.25 0.25 0.55 
-1.6353751484914345 0.6275180806432561 0.2571768076008766 1.0 0.75 0.45 0.6 0.3 0.55 0.9 0.65 0.3 0.95 0.3 0.75 1.0 0.25 0.6 1.0 0.8 0.65 0.7 0.75 0.8 0.4 0.1 0.45 1.0 0.4 0.45 0.8 0.35 0.3 0.7 0.85 0.75 0.5 0.6 0.7 
-10.321852487006735 0.3020587894265242 0.3008906917114301 0.95 0.4 0.6 1.0 0.4 0.5 1.0 0.0 0.8 0.7 0.95 0.5 1.0 0.9 0.5 0.55 0.9 0.2 0.85 0.85 0.6 0.9 0.95 0.85 0.95 0.4 0.75 0.85 0.05 0.55 0.05 0.7 0.45 0.25 0.6 0.55 
-14.89346972267161 0.40851981281310595 0.6886285139650687 0.7 0.95 0.95 0.95 0.45 0.45 1.0 1.0 0.05 0.35 0.8 0.15 0.95 0.5 0.15 0.95 0.9 0.5 0.7 0.65 0.6 0.85 0.4 0.5 1.0 0.4 0.7 0.8 0.85 0.25 0.0 0.75 0.55 0.6 0.65 0.25 
-9.409961286111875 0.4478832999367417 0.6665444228638225 0.7 0.95 0.95 0.95 0.45 0.45 1.0 1.0 0.05 0.65 0.8 0.15 0.95 0.5 0.15 0.95 0.9 0.5 0.8 0.65 0.6 0.85 0.4 0.5 1.0 0.4 0.7 0.8 0.85 0.25 0.0 0.75 0.5 0.6 0.65 0.25 
-132.48414738843306 0.43173670981151 0.28683435984779604 0.9 0.4 0.7 0.9 0.85 0.4 1.0 0.65 0.55 0.65 0.55 0.9 0.95 0.95 0.15 0.95 0.85 0.95 0.45 0.75 0.7 0.85 0.85 0.1 0.9 0.1 0.45 0.9 0.7 0.05 1.0 1.0 0.45 0.65 0.95 0.3 
-15.799935860943874 0.42518224586015635 0.6766107372085627 0.7 0.95 0.95 0.95 0.45 0.45 1.0 1.0 0.05 0.35 0.8 0.15 0.85 0.5 0.15 0.95 0.9 0.5 0.7 0.65 0.6 0.85 0.4 0.5 1.0 0.4 0.7 0.8 0.85 0.25 0.0 0.75 0.55 0.6 0.65 0.25 
