-0.0306643550286106 0.500266941124336 0.4628318677248189 0.6 0.55 0.6 0.0 0.4 0.0 0.9 0.35 0.5 0.8 0.9 0.2 0.6 0.25 0.1 0.65 0.75 0.75 1.0 0.2 1.0 1.0 0.3 0.45 1.0 0.0 0.55 0.2 0.75 0.65 0.45 0.4 0.1 0.1 0.65 1.0 
-0.006942271610535453 0.49364236986095905 0.5050373818202059 0.55 0.8 0.35 0.45 0.1 0.75 1.0 0.65 0.05 0.6 0.55 0.65 0.4 0.1 0.15 0.55 0.7 0.85 0.75 0.55 0.2 0.25 0.5 0.2 0.85 0.9 0.55 0.1 0.7 0.7 0.95 0.45 0.25 0.05 0.55 1.0 
-0.00023859269366613336 0.4829667980158565 0.5023125210132713 0.7 0.85 0.0 0.8 0.65 0.2 1.0 0.0 0.85 1.0 0.3 0.45 0.4 0.95 0.55 0.1 0.0 0.25 0.1 0.45 0.55 0.35 1.0 0.3 0.7 0.5 0.3 0.75 0.75 0.15 0.35 0.55 0.85 0.75 0.65 0.45 
-0.009627171749035733 0.5197313090299249 0.4944084359387718 0.7 0.85 0.0 0.8 0.65 0.2 0.7 0.6 0.2 1.0 0.35 0.45 0.4 0.95 0.55 0.0 0.0 0.8 0.85 0.0 0.55 0.35 1.0 0.3 0.7 0.5 0.3 0.75 0.75 0.15 0.35 0.55 0.85 1.0 0.65 0.45 
-0.0007892946885954516 0.46635096065704007 0.519318599886743 0.7 0.7 0.0 0.8 0.0 0.2 1.0 0.0 0.2 0.35 0.35 0.45 0.45 0.95 0.55 0.45 0.0 0.6 1.0 0.75 0.95 0.35 0.2 0.65 0.7 0.5 0.25 0.65 0.65 0.15 0.25 0.4 0.85 1.0 0.7 0.5 
-0.0026312584904745304 0.5304879622450794 0.5049751723895244 0.65 0.5 0.8 0.45 0.0 0.25 0.45 0.55 0.0 0.95 0.85 0.8 0.3 0.6 0.7 0.95 0.85 0.45 0.05 0.1 0.35 1.0 0.4 0.55 0.0 0.0 0.5 0.3 0.0 0.3 0.55 0.75 0.45 0.3 0.8 0.6 
-0.004563959447508996 0.47436257159563816 0.47459000282890357 0.7 0.45 0.0 0.8 0.35 0.2 1.0 0.0 0.2 0.85 0.35 0.45 0.65 0.6 0.55 0.45 0.0 0.3 0.0 0.75 0.5 0.3 0.15 0.3 0.6 0.5 0.25 0.8 0.65 0.75 0.15 0.75 0.3 1.0 0.7 0.5 
-0.008200196764126415 0.5112691658559537 0.5431167095813416 0.75 0.5 0.05 0.05 0.0 1.0 1.0 0.65 0.35 0.95 0.85 0.5 0.1 0.1 0.7 0.95 0.6 0.45 0.55 0.95 0.35 1.0 0.4 0.1 0.85 0.9 0.5 0.6 0.0 0.3 0.25 0.75 0.95 0.3 0.3 0.9 
-0.0009888740886573684 0.544632845480936 0.45867904945493837 0.55 0.55 0.5 0.85 0.4 0.55 1.0 0.35 0.5 0.8 0.9 0.2 0.05 0.25 0.1 0.75 0.75 0.25 1.0 0.8 0.9 0.35 0.5 0.45 0.45 0.95 0.4 0.2 0.3 0.85 0.1 0.4 0.35 0.1 0.25 0.95 
-8.494940521530481e-06 0.5283032840684032 0.46113990728663556 0.55 0.95 0.95 0.15 0.8 0.0 0.9 0.1 0.2 0.8 1.0 0.5 0.2 0.4 0.95 0.35 0.65 0.2 0.6 0.4 0.55 0.9 0.15 0.4 0.35 0.95 0.35 0.1 0.3 0.8 0.85 0.65 0.05 0.55 0.6 0.7 
-0.0006437470277635333 0.5443320068476534 0.519808139313249 0.2 0.55 0.35 0.45 0.4 0.6 0.75 0.45 0.5 0.85 0.7 0.2 0.75 0.1 0.1 0.65 0.2 0.25 1.0 0.2 0.55 0.95 0.4 0.45 0.9 0.0 0.55 0.2 0.3 0.15 0.95 0.4 0.7 0.35 0.1 1.0 
-0.005170090943176534 0.47287421868477497 0.5047223014559361 0.65 0.5 0.05 0.8 0.45 1.0 0.5 1.0 0.4 1.0 0.85 0.5 0.4 0.6 0.25 0.95 0.6 0.45 1.0 0.1 0.35 1.0 0.4 0.1 1.0 0.1 0.5 0.8 0.0 0.3 0.35 0.75 0.7 1.0 0.2 0.9 
-0.0011852364851208097 0.5768355766100035 0.5087340214195338 0.2 0.5 0.15 0.5 0.05 0.1 0.9 0.45 0.85 0.95 0.9 0.6 0.6 0.8 0.1 0.65 0.75 0.05 1.0 0.2 0.55 1.0 0.45 0.45 1.0 0.0 0.1 0.5 0.4 0.2 0.35 0.4 0.7 0.15 0.1 0.35 
-0.01465405965554277 0.5258642282674508 0.4542320816111171 0.65 0.55 0.8 0.5 0.4 0.0 0.9 0.35 0.5 0.8 0.9 0.2 0.6 0.25 0.45 0.95 0.6 0.5 1.0 0.2 0.55 0.9 0.5 0.45 1.0 0.0 0.55 0.9 0.45 0.85 0.2 0.4 0.1 0.15 0.9 1.0 
-0.0020153731559519146 0.4753863213577442 0.5136391132876693 0.8 0.5 0.4 0.55 0.1 0.85 0.05 0.9 0.55 0.75 0.7 0.45 0.95 0.6 0.1 0.75 0.75 0.7 0.5 0.95 0.3 0.65 1.0 0.9 0.75 0.55 0.25 0.15 0.35 0.75 0.85 0.65 0.7 0.55 0.85 0.3 
-0.006957415539177621 0.5425293010470874 0.479184710928303 0.85 0.3 0.15 0.35 0.05 0.15 1.0 0.7 0.45 0.8 0.5 0.4 0.45 0.6 0.7 0.6 0.15 0.15 0.3 0.25 0.85 0.25 0.55 0.5 0.2 0.1 0.8 0.4 0.1 0.4 0.7 0.25 0.75 0.15 0.45 0.6 
-0.0006871414084526754 0.5612536188378072 0.4683814569723939 0.8 0.55 0.6 0.5 0.4 0.8 1.0 0.45 0.85 0.9 0.9 0.35 0.6 0.4 0.0 0.65 0.75 0.05 0.5 0.7 0.55 1.0 0.95 0.45 1.0 0.0 0.55 0.2 0.3 0.2 0.3 0.4 0.8 0.15 0.1 1.0 
-0.017380574518709398 0.6008584199574264 0.5197092924523369 0.45 0.55 0.6 0.05 0.4 0.0 0.9 0.35 0.6 0.8 0.9 0.2 0.6 0.25 0.1 0.65 0.75 0.75 1.0 0.2 0.5 1.0 0.5 0.45 1.0 0.0 0.55 0.05 0.3 0.85 0.2 0.4 0.1 0.8 0.9 1.0 
-0.006099950951493082 0.5338595523747981 0.5401099029573425 0.65 0.5 0.95 1.0 0.7 0.25 0.45 0.4 0.35 0.85 0.85 0.6 0.4 0.6 0.7 0.95 0.6 0.45 1.0 0.1 0.35 1.0 0.4 0.55 0.15 0.0 0.6 0.9 0.0 0.3 0.6 0.4 0.5 0.3 0.8 0.4 
-0.003984416169154016 0.4477962132083185 0.47360592652488775 0.7 0.85 0.0 0.8 0.65 0.2 1.0 0.0 0.2 1.0 0.35 0.45 0.4 0.95 0.55 1.0 0.0 0.8 0.9 0.75 0.45 0.35 1.0 0.3 0.7 0.5 0.3 0.75 0.75 0.15 0.35 0.55 0.1 1.0 0.65 1.0 
-0.03979452108191304 0.5140645424044537 0.42260306094789857 0.65 0.05 0.8 0.5 0.5 0.0 1.0 0.45 0.8 0.95 0.9 0.35 0.6 0.25 0.1 0.65 1.0 0.25 0.8 0.2 0.35 1.0 0.5 0.3 0.6 0.2 0.55 0.3 0.3 0.3 0.5 0.7 0.65 0.8 0.75 0.25 
-0.0008728615323778156 0.41942805263249777 0.5140772101016229 0.6 0.85 0.0 0.25 0.0 0.75 0.95 0.0 0.2 0.8 0.3 0.45 0.35 0.65 0.65 0.7 0.05 0.25 0.35 0.75 0.45 0.0 0.6 0.05 0.4 0.4 0.65 0.05 0.15 0.5 0.75 0.4 0.85 1.0 0.7 0.45 
-0.0029452535319447596 0.5531818997515351 0.5323815904516271 0.6 0.55 0.6 0.5 0.4 0.0 0.0 0.35 0.5 0.8 0.9 0.2 0.15 0.25 0.1 0.65 0.75 0.25 1.0 0.6 0.9 1.0 0.5 0.45 0.25 0.0 0.9 0.2 0.6 0.85 0.95 0.4 0.7 0.1 0.65 1.0 
-0.006906730186194736 0.5351435331224892 0.44402901310439513 0.75 0.4 0.9 0.5 0.4 0.0 0.9 0.35 0.5 0.8 0.9 0.2 0.05 0.0 0.1 0.75 0.75 0.05 1.0 0.8 0.9 0.85 0.5 0.45 0.8 0.5 0.75 0.2 0.3 0.85 0.5 0.6 0.7 0.1 0.9 0.95 
-0.003691420369071735 0.4841644321769486 0.4572198858781051 0.3 0.05 0.0 0.2 0.0 0.2 0.9 0.0 0.2 0.8 0.35 0.45 0.1 0.65 0.45 0.45 0.0 0.5 0.6 0.9 0.1 0.35 0.6 0.3 0.85 0.05 0.9 0.6 0.25 0.7 0.15 0.45 0.55 1.0 0.7 0.45 
-0.0016645801253992681 0.5623440356044824 0.49638591794071807 0.5 0.75 0.7 0.65 0.3 0.85 1.0 0.45 0.45 0.85 0.7 0.2 0.9 0.9 0.75 0.3 0.35 0.2 0.95 1.0 0.55 0.85 0.5 0.5 1.0 0.0 0.55 0.2 0.3 0.2 0.8 0.4 0.7 0.25 0.95 0.95 
-0.06888293436433365 0.5068137239481223 0.4463263667671979 0.45 0.55 0.6 0.5 0.4 0.0 1.0 0.35 0.5 0.95 0.9 0.2 0.6 0.25 0.55 0.65 0.75 0.25 1.0 0.35 0.7 1.0 0.5 0.45 1.0 0.4 0.55 0.2 0.3 0.3 0.5 0.4 0.7 0.1 0.65 1.0 
-0.007090859062533306 0.42759242058373503 0.5085053186899845 0.75 0.1 0.75 0.0 1.0 0.2 0.55 0.85 0.6 0.55 0.05 0.65 0.45 0.3 0.45 0.85 0.55 0.2 0.5 0.4 0.15 0.1 0.1 0.15 0.5 0.25 0.0 0.25 0.45 0.8 0.5 0.85 0.45 0.55 0.65 0.55 
-0.008817383952731048 0.46188960149806946 0.45951292786282666 0.8 0.15 0.0 0.55 0.0 0.2 0.9 0.0 0.2 0.8 0.35 0.45 0.1 0.65 0.55 0.45 0.0 0.3 0.7 0.85 0.5 0.5 0.6 0.25 0.7 0.85 0.9 0.95 0.65 0.6 0.0 0.55 0.55 1.0 0.7 0.45 
-0.005827687366588158 0.4388880426015662 0.4759897210583337 0.7 0.85 0.0 0.8 0.65 0.2 1.0 0.0 0.5 1.0 0.35 0.45 0.4 0.95 0.55 1.0 0.0 0.8 0.45 0.75 0.45 0.45 0.6 0.3 0.7 0.5 0.3 0.75 0.75 0.15 0.35 0.55 0.1 1.0 0.65 1.0 
-0.04241138224071299 0.4256534615549666 0.4939234574918894 0.7 0.85 0.0 0.8 0.65 0.2 1.0 0.0 0.55 0.95 0.35 0.45 0.4 0.1 0.55 0.5 0.0 0.45 0.55 0.75 0.9 0.35 0.25 0.3 1.0 0.1 0.3 0.75 1.0 0.05 0.1 0.55 0.55 1.0 0.6 0.55 
-0.0033935623015469815 0.5426054944218044 0.5521541809811673 0.85 1.0 0.55 0.5 0.2 0.0 0.35 0.45 0.35 0.2 0.7 0.1 0.15 0.2 0.1 0.55 0.25 1.0 0.4 0.05 0.2 0.2 0.55 0.3 1.0 0.9 0.7 1.0 0.9 0.3 0.6 0.25 0.05 0.25 0.95 0.45 
-0.010778897506994256 0.637235361595611 0.48008820020678955 0.75 0.0 0.85 0.5 0.4 0.6 0.7 0.35 0.5 1.0 0.95 0.2 1.0 0.65 0.55 0.75 0.75 0.9 0.85 0.85 0.9 0.95 0.55 0.85 0.75 0.0 0.7 0.3 0.05 0.85 0.75 0.7 0.25 0.1 0.1 0.85 
-0.0012935256816548357 0.5826656024576111 0.48319650201730624 0.75 0.0 0.25 0.5 0.4 0.6 0.9 0.35 0.5 1.0 0.8 0.2 1.0 0.25 0.1 0.75 0.75 0.25 0.25 0.8 0.5 0.8 0.8 0.85 0.45 0.0 0.75 0.3 0.0 0.85 0.15 0.95 0.25 0.1 0.65 0.95 
-0.008558068827765393 0.48133230625688084 0.5647320023687729 0.8 0.5 0.4 0.55 0.1 0.85 0.05 0.9 0.55 0.75 0.7 0.45 0.95 0.6 0.1 0.75 0.75 0.7 0.5 0.95 0.3 0.65 1.0 0.9 0.75 0.55 0.25 0.15 0.35 0.75 0.85 0.65 0.7 0.55 0.85 0.1 
-0.000858802928091872 0.5206298257187876 0.5683292808707175 0.75 0.5 0.05 0.05 0.35 0.4 1.0 0.65 0.35 0.55 0.85 0.5 0.1 0.6 0.7 1.0 0.6 0.45 0.55 0.1 0.35 0.6 0.4 0.45 1.0 0.0 0.5 0.65 0.0 0.3 0.3 0.75 0.5 0.3 0.0 0.9 
-0.0011823374839964695 0.44654589273996315 0.5361237667769536 0.35 0.75 0.35 0.45 0.0 0.8 1.0 0.0 0.2 0.8 0.3 0.85 0.2 0.85 0.95 0.85 0.2 0.4 0.6 0.7 0.45 0.0 0.6 0.05 1.0 0.5 0.4 0.05 0.35 0.6 0.6 0.4 0.85 0.95 0.7 0.45 
-0.010833787843263398 0.46617459388565724 0.4348840058808657 0.2 0.85 0.0 0.25 0.7 0.2 1.0 0.0 0.2 0.5 0.35 0.45 0.1 0.65 0.55 0.0 0.85 0.45 0.1 0.75 0.45 0.2 0.6 0.0 1.0 0.05 0.85 0.75 0.65 0.6 0.75 0.85 0.65 1.0 0.7 0.45 
-0.020611270844901237 0.49153417593426124 0.41773106835394536 0.9 0.05 0.4 0.25 1.0 0.0 0.9 0.0 0.2 0.8 0.35 0.45 0.1 0.1 1.0 0.2 0.0 0.5 0.7 0.1 0.05 0.35 0.4 0.25 0.9 0.25 1.0 0.6 0.65 0.7 1.0 0.55 0.35 1.0 0.7 0.45 
-2.3146557793542595e-05 0.41897531232230817 0.4900920430846153 0.75 0.1 0.75 0.0 1.0 0.2 0.8 0.85 0.6 0.55 0.05 0.65 0.4 0.3 0.45 0.9 0.55 0.8 0.5 0.4 0.15 0.15 0.3 0.25 0.55 0.3 0.0 0.25 0.45 0.8 0.1 0.85 0.45 0.55 0.65 0.55 
-0.04046232730220021 0.4901566022084189 0.57887059451705 0.8 0.4 0.4 0.95 0.05 0.85 0.3 0.0 0.8 0.6 0.7 0.65 0.95 0.6 0.6 0.75 0.75 0.7 0.5 1.0 0.3 0.65 1.0 0.95 0.75 0.55 0.25 0.15 0.35 0.75 1.0 0.65 0.8 0.55 0.85 0.1 
-0.0006526696078588741 0.4171072534204061 0.48124863833939424 0.7 0.85 0.0 0.8 0.65 0.2 1.0 0.0 0.55 0.75 0.35 0.45 0.4 0.1 0.55 0.5 0.0 0.45 0.55 0.75 0.9 0.35 0.25 0.3 1.0 0.1 0.3 0.75 0.65 0.05 0.1 0.55 0.55 1.0 0.6 0.55 
-0.006427761160834501 0.5466876888796608 0.429233341307529 0.75 0.55 0.5 0.85 0.4 0.55 1.0 0.35 0.5 0.8 0.9 0.2 0.05 0.25 0.1 0.75 0.75 0.25 1.0 0.8 0.9 0.8 0.5 0.45 0.45 0.95 0.4 0.2 0.3 0.85 0.1 0.4 0.35 0.1 0.25 0.95 
-0.007958264967416657 0.4675959283540138 0.4057899682389563 0.2 0.85 0.0 0.25 0.0 0.2 1.0 0.0 0.2 0.7 0.35 0.45 0.1 0.65 0.55 0.0 0.0 0.3 0.9 0.75 0.05 0.2 0.6 0.9 1.0 0.05 1.0 0.75 0.65 0.15 0.4 0.85 0.4 1.0 0.6 0.45 
-0.008118115510421296 0.44395743469416327 0.4383403464313008 0.05 0.05 0.0 0.55 0.0 0.2 0.9 0.0 0.2 0.9 0.35 0.45 0.1 0.2 0.0 0.45 0.0 0.5 0.7 0.35 0.1 0.35 0.9 1.0 1.0 0.05 0.9 0.6 0.65 0.7 0.25 0.55 0.55 1.0 0.7 0.45 
-0.00017650208600877412 0.43811602255562687 0.4528753603627842 0.9 0.05 0.7 0.55 0.3 0.2 0.9 0.0 0.2 1.0 0.35 0.45 0.1 0.25 0.55 0.4 0.4 0.5 0.9 0.4 0.1 0.5 0.3 0.6 0.7 0.1 0.9 0.3 0.65 0.25 0.0 0.15 0.15 1.0 1.0 0.45 
-0.014581374113616536 0.41073082012199497 0.5473953869832562 0.7 0.75 0.0 0.25 0.2 0.2 0.75 0.0 0.45 0.8 0.35 0.55 0.1 0.65 0.55 0.7 0.0 0.9 0.8 0.75 0.1 0.9 0.6 0.65 1.0 0.3 0.25 0.55 0.8 0.15 0.55 0.9 0.6 1.0 0.7 0.5 
-0.014144666053666623 0.4775196464742834 0.40855543790829707 0.95 0.0 0.25 0.25 0.55 0.2 1.0 0.0 0.2 0.8 0.35 0.45 0.85 0.65 0.55 0.0 0.45 0.5 0.2 0.35 0.1 0.2 0.6 0.0 0.8 0.05 0.95 0.6 0.65 0.65 0.55 0.55 0.15 1.0 0.7 0.4 
-0.0022170834750063605 0.5591340843674375 0.46102971813217314 0.75 0.55 0.6 0.75 0.4 0.0 1.0 0.45 0.5 0.9 0.95 0.2 0.6 0.25 0.6 0.8 0.75 0.25 1.0 0.6 0.85 1.0 0.5 0.45 0.45 0.0 0.55 0.85 0.3 0.9 0.5 0.6 0.7 0.1 0.1 1.0 
-0.0033459663697496785 0.4063102198286178 0.506162790546737 0.7 0.85 0.7 0.6 0.25 0.85 0.95 0.65 0.35 0.85 0.1 0.75 0.35 0.0 0.05 0.7 0.4 0.35 0.45 0.2 0.35 0.05 0.8 0.1 0.05 0.7 0.15 0.75 0.8 0.65 0.75 0.5 0.85 0.55 0.2 0.7 
-0.0017621892195827183 0.41186026720768776 0.4449190832707453 0.7 0.85 0.3 0.6 0.3 0.4 0.95 0.65 0.35 0.95 0.1 0.7 0.35 0.0 0.05 0.6 0.65 0.2 0.45 0.65 0.2 0.3 0.95 0.35 0.35 0.7 0.15 0.35 0.8 0.65 0.75 0.85 0.65 0.8 0.2 0.7 
-0.003916772374848284 0.39408870316769606 0.5350037097386304 0.8 0.3 0.25 0.7 0.95 0.05 0.3 0.9 0.85 0.6 0.9 0.05 0.8 0.65 0.65 0.85 0.2 1.0 0.9 0.45 0.0 0.95 1.0 0.55 0.85 0.65 0.6 0.05 0.7 0.0 0.9 0.55 0.15 0.95 0.1 0.05 
-0.0002744015748205763 0.5928444146294788 0.4228855763167065 0.85 0.55 0.6 0.5 0.4 0.0 0.9 0.35 0.5 0.8 0.9 0.2 0.6 0.25 0.1 0.65 0.75 0.25 0.95 0.2 0.3 0.65 0.5 0.45 0.3 0.0 0.55 0.2 0.3 0.3 0.45 0.4 0.85 0.1 0.65 0.7 
-0.0019220731738836955 0.5741672293835246 0.4704889554091935 0.2 0.55 0.75 0.5 0.4 0.65 1.0 0.35 0.9 0.6 0.6 0.2 0.6 0.25 0.1 0.65 0.6 0.25 1.0 0.2 0.55 1.0 0.5 0.45 1.0 0.0 0.1 0.2 0.95 0.4 0.5 0.1 0.7 0.15 0.7 0.85 
-0.0023059743410663346 0.3920020696441325 0.5052160391237951 0.7 0.85 0.0 0.8 0.65 0.2 1.0 0.0 0.55 1.0 0.35 0.45 0.4 0.1 0.55 0.5 0.0 0.45 0.55 0.75 0.55 0.35 0.25 0.3 1.0 0.5 0.3 0.75 0.65 0.05 0.1 0.55 0.85 1.0 0.6 0.45 
-0.00013350574011352888 0.4919701319618745 0.5461272589362287 0.7 0.85 0.0 0.25 0.5 0.0 0.65 0.8 0.45 0.8 0.35 0.45 0.1 0.65 0.35 0.55 0.0 0.15 0.8 0.75 0.1 0.35 0.85 0.95 1.0 0.3 0.25 0.55 0.85 0.15 0.75 0.95 0.8 0.85 0.7 0.45 
-0.0729611953232647 0.4724455634047845 0.3969840503656105 0.2 0.85 0.05 0.25 0.0 0.2 1.0 0.0 0.2 0.8 0.35 0.45 0.1 0.65 0.4 0.0 0.0 0.45 0.1 0.95 0.45 0.2 0.6 0.0 1.0 0.05 0.9 0.95 0.65 0.5 0.8 0.85 0.85 1.0 0.7 0.45 
-0.010099570824388148 0.4268900996400041 0.4253996254379831 0.9 0.05 0.05 0.55 0.8 0.2 0.6 0.0 0.2 0.7 0.35 0.45 0.4 0.2 0.55 0.45 0.0 0.5 0.7 0.3 0.1 0.35 0.9 0.05 0.25 0.05 0.05 0.6 0.65 0.7 0.25 0.55 0.5 0.9 0.7 0.45 
-0.002464044288438618 0.5965063494472927 0.5005612869708743 0.75 0.35 0.6 0.15 0.6 0.85 1.0 0.35 0.65 0.6 0.6 0.2 0.6 0.25 0.1 0.65 0.4 0.5 0.95 0.2 0.55 1.0 0.5 0.45 1.0 0.0 0.55 0.2 0.3 0.95 0.0 0.95 0.7 0.15 0.95 1.0 
-0.0012731147863575814 0.4239608694310586 0.5668805149701555 0.75 0.85 0.0 0.9 0.4 0.25 0.45 1.0 0.45 0.8 0.35 0.4 0.1 0.65 0.55 0.0 0.8 0.5 0.95 0.75 0.3 0.85 0.6 0.75 0.5 0.3 0.35 0.55 0.0 0.2 0.75 0.7 0.3 1.0 0.7 0.5 
-0.0033006662805228964 0.6058777635331287 0.4625390229742087 0.1 0.55 0.6 0.5 0.4 0.0 0.6 0.35 0.5 0.8 0.9 0.2 0.6 0.25 0.1 0.65 0.75 0.25 0.95 0.2 0.3 0.65 0.5 0.45 0.3 0.0 0.55 0.2 0.3 0.3 0.45 0.4 0.85 0.1 0.65 0.7 
-0.00011278217372946356 0.5708431112322212 0.3936580508249859 0.85 0.55 0.6 0.5 0.4 0.0 0.9 0.35 0.5 0.8 0.9 0.2 0.6 0.25 0.1 0.65 0.75 0.25 0.95 0.2 0.3 0.9 0.5 0.45 0.3 0.0 0.55 0.2 0.3 0.3 0.45 0.4 0.85 0.1 0.65 0.7 
-0.001403294061704093 0.5901468682657695 0.5352360134699031 0.8 0.55 0.6 0.5 0.4 0.8 1.0 0.45 0.85 0.2 0.9 0.35 0.6 0.4 0.0 0.65 0.75 0.05 0.5 0.2 0.55 1.0 0.5 0.45 1.0 0.0 0.55 0.2 0.7 0.2 0.9 0.4 0.8 0.35 0.1 1.0 
-0.014569873724647416 0.4488187986701393 0.5555548912062398 0.8 0.5 0.4 0.55 0.05 0.85 0.3 0.3 0.55 0.75 0.7 0.05 0.95 0.6 0.6 0.75 0.75 0.7 0.5 0.95 0.3 0.65 1.0 0.95 0.75 0.55 0.25 0.15 0.35 0.75 1.0 0.65 0.7 0.55 0.85 0.1 
-0.010358844319326205 0.5454780177220505 0.5724229513462129 0.65 0.5 0.8 0.45 0.0 0.25 0.45 0.55 0.0 0.95 0.85 0.8 0.4 0.6 0.7 0.95 0.6 0.45 1.0 0.1 0.35 1.0 0.4 0.55 0.0 0.0 0.5 0.35 0.0 0.3 0.55 0.75 0.45 0.3 0.8 0.6 
-0.009683557050787679 0.40753918214672363 0.43479448204913723 0.7 0.85 0.3 0.6 0.3 0.4 0.95 0.65 0.35 0.95 0.1 0.7 0.35 0.0 0.05 0.6 0.65 0.2 0.45 0.65 0.2 0.3 0.95 0.3 0.35 0.7 0.15 0.85 0.8 0.65 0.75 0.85 0.65 0.8 0.2 0.7 
-0.004749484551868476 0.4240761138117227 0.41871278755195895 0.9 0.05 0.05 0.55 0.8 0.2 0.6 0.0 0.2 0.7 0.35 0.45 0.4 0.2 0.55 0.45 0.0 0.5 0.7 0.3 0.1 0.35 0.9 0.05 0.25 0.05 0.9 0.6 0.65 0.7 0.25 0.55 0.5 0.9 0.7 0.45 
-0.0015149276915692434 0.5727802018059039 0.546275148216258 0.85 1.0 0.55 0.5 0.2 0.0 0.35 0.45 0.85 0.2 0.7 0.1 0.15 0.2 0.1 0.55 0.25 1.0 0.4 0.05 0.2 0.2 0.55 0.3 1.0 0.9 0.7 1.0 0.9 0.3 0.95 0.25 0.05 0.25 0.95 0.45 
-0.018712164177839396 0.46497504033427584 0.5725203538751117 0.6 0.5 0.4 0.55 0.05 0.85 0.05 0.9 0.65 0.75 0.7 0.55 0.95 0.6 0.1 0.75 0.75 0.7 0.5 0.8 0.3 0.65 1.0 0.95 0.75 0.55 0.25 0.15 0.35 0.75 0.85 0.65 0.7 0.55 0.85 0.1 
-0.0030819557698682993 0.38146152085952845 0.48839301033072563 0.05 0.85 0.3 0.6 0.3 0.25 0.95 0.65 0.35 0.95 0.1 0.7 0.45 0.0 0.05 0.6 0.35 0.2 0.45 0.65 0.2 0.2 0.95 0.35 0.35 0.7 0.15 0.75 0.8 0.35 0.75 0.5 0.65 0.7 0.2 0.7 
-0.004000502896628996 0.5849329527158009 0.4235573750774115 0.85 0.55 0.6 0.5 0.4 0.0 0.9 0.35 0.5 0.8 0.9 0.2 0.6 0.25 0.1 0.65 0.75 0.25 0.95 0.2 0.3 0.65 0.5 0.45 0.3 0.0 0.55 0.2 0.3 0.3 0.45 0.4 0.85 0.1 0.65 0.0 
-0.00021601991766528696 0.4066522515931437 0.5567258706086454 0.6 0.85 0.85 0.25 0.0 0.2 1.0 0.0 0.2 0.8 0.3 0.45 0.2 0.2 0.1 0.5 0.05 0.0 0.75 0.75 0.45 0.0 0.6 0.05 1.0 0.5 0.65 0.9 0.15 0.0 0.85 0.2 0.85 1.0 0.7 0.45 
-0.03568658771501959 0.5671476209466317 0.5749378827971042 0.65 0.5 0.05 0.8 0.0 1.0 0.5 0.65 0.95 0.95 0.85 0.5 0.95 0.6 0.7 0.95 0.6 0.45 1.0 0.1 0.35 1.0 0.4 0.1 1.0 0.0 0.5 1.0 0.0 0.3 0.55 0.75 0.4 0.3 0.2 0.9 
-0.002977017131469005 0.6194366812454852 0.4545416522695048 0.75 0.65 0.85 0.5 0.4 0.6 0.7 0.35 0.5 0.9 0.95 0.2 1.0 0.6 0.65 0.75 0.75 0.9 0.85 0.85 0.9 0.95 0.55 0.85 0.75 0.0 0.7 0.3 0.05 0.85 0.15 0.7 0.25 0.1 0.95 0.85 
-0.02664067943289885 0.567476719699952 0.43331795021040365 0.35 0.05 0.6 0.5 0.4 0.7 1.0 0.45 0.8 0.95 0.9 0.35 0.6 0.25 0.1 0.6 0.75 0.25 0.65 0.05 0.35 1.0 0.5 0.45 1.0 0.55 0.55 0.2 0.1 0.35 0.5 0.7 0.65 0.1 0.75 0.25 
-0.001328859666259138 0.3694955611412295 0.4618348500800064 0.7 0.85 0.65 0.8 0.5 0.2 0.95 0.0 0.2 0.8 0.35 0.45 0.2 0.95 0.5 0.0 0.0 0.3 0.95 0.75 0.55 0.35 0.55 0.3 0.7 0.5 0.3 0.6 0.0 0.45 0.5 0.55 0.05 1.0 0.65 0.45 
-0.005996386502100308 0.6560378632059238 0.4593166155677546 0.65 0.55 0.8 0.5 0.4 0.0 0.9 0.35 0.5 0.8 0.9 0.2 0.6 0.25 0.45 0.95 0.75 0.5 1.0 0.2 0.55 0.9 0.5 0.45 1.0 0.0 0.55 0.0 0.45 0.85 0.2 0.4 0.1 0.15 0.9 1.0 
-0.01128826106748149 0.39138757663122714 0.4247298125889003 0.9 0.05 0.0 0.3 0.0 0.3 0.9 0.0 0.2 0.9 0.35 0.45 0.1 0.2 0.55 0.45 0.0 0.5 0.8 0.35 0.1 0.35 0.65 0.05 1.0 0.05 0.9 0.6 0.65 0.7 0.05 0.2 0.55 1.0 0.7 0.45 
-0.00037998778514705835 0.5259744981761869 0.59023107324102 1.0 0.15 0.6 0.1 0.85 0.6 1.0 0.45 0.45 0.65 0.7 0.25 0.9 0.35 0.1 0.4 0.0 0.2 0.95 0.2 0.25 0.95 0.5 0.5 1.0 0.95 0.95 0.4 0.3 0.2 0.6 0.4 0.55 0.1 0.2 1.0 
-0.0014447242708250008 0.3927374609403329 0.4676933029988947 0.7 0.4 0.7 0.6 0.25 0.2 0.95 0.65 0.35 0.95 0.1 0.7 0.35 0.0 0.05 0.7 0.4 0.2 0.45 0.65 0.35 0.05 0.8 0.1 0.05 0.95 0.15 0.75 0.8 0.65 0.75 0.5 0.65 0.55 0.2 0.7 
-0.00582622436772588 0.618669724409181 0.5222601906961832 0.75 0.0 0.5 0.75 0.4 0.6 0.9 0.35 0.5 1.0 0.9 0.2 1.0 0.25 0.1 0.75 0.75 0.25 1.0 0.8 0.8 0.8 0.9 0.85 0.7 0.0 0.9 0.3 0.0 0.85 0.95 1.0 0.65 0.25 1.0 0.3 
-0.04623895655635046 0.5570456437390382 0.40943420563584404 0.2 0.75 0.6 0.45 0.4 0.1 1.0 0.45 0.8 0.95 0.9 0.35 0.6 0.25 0.1 0.65 0.75 0.2 0.5 0.4 1.0 1.0 0.5 0.45 1.0 0.0 0.15 0.2 0.3 0.2 0.35 0.7 0.65 0.1 0.75 0.6 
-0.0026824835647056336 0.38954473552165414 0.4525496427793919 1.0 0.85 0.0 0.25 0.0 0.2 1.0 0.0 0.2 0.8 0.35 0.45 0.1 0.65 0.45 0.75 0.0 0.5 0.7 0.75 0.45 0.2 0.6 0.0 1.0 0.05 0.0 0.6 0.65 0.15 0.75 0.85 0.85 1.0 0.7 0.45 
-0.00035328282778905454 0.37175384960623337 0.5297561340264245 0.6 0.85 0.0 0.25 0.0 0.75 0.95 0.0 0.2 0.8 0.3 0.45 0.2 0.65 0.65 0.7 0.05 0.25 0.35 0.75 0.45 0.0 0.6 0.05 0.4 0.5 0.65 0.05 0.15 0.5 0.75 0.4 0.85 1.0 0.7 0.45 
-0.029984867565613787 0.5238824175980105 0.39875749042976283 0.15 0.75 0.3 0.45 0.4 0.0 1.0 0.45 0.8 0.95 0.9 0.35 0.6 0.25 0.55 0.65 0.75 0.8 0.45 0.6 0.75 1.0 0.5 0.45 1.0 0.1 0.3 0.2 0.3 0.2 0.95 0.7 0.0 0.1 0.75 0.9 
-0.000693230027943531 0.6096640398334283 0.42347884318115914 0.2 0.5 0.6 0.45 0.05 0.1 0.9 0.45 0.85 0.95 0.9 0.35 0.6 0.8 0.1 0.65 0.75 0.05 1.0 0.2 0.55 1.0 0.45 0.45 1.0 0.0 0.1 0.5 0.9 0.2 0.35 0.4 0.7 0.15 0.1 1.0 
-0.0015202036155074366 0.5973657070149785 0.41211961946978803 0.2 0.25 0.9 0.45 0.15 0.1 1.0 0.45 0.8 0.95 0.9 0.35 0.6 0.25 0.5 0.9 0.75 0.2 0.45 0.6 0.75 1.0 0.5 0.45 1.0 0.0 0.55 0.2 0.25 0.3 0.35 0.45 0.55 0.1 0.45 0.85 
-0.01057000236595515 0.4052613915161061 0.4053044349143679 0.05 0.05 0.8 0.55 0.0 0.2 0.9 0.0 0.2 0.9 0.35 0.45 0.1 0.2 0.0 0.75 0.0 0.5 0.7 0.35 0.1 0.35 0.9 0.0 1.0 0.05 0.9 0.6 0.65 0.7 0.25 0.55 0.55 1.0 0.7 0.45 
-0.003250484016976689 0.42272350324961766 0.6045011877350469 0.7 0.75 0.0 0.25 0.2 0.2 0.75 0.0 0.45 0.8 0.35 0.45 0.1 0.65 0.55 0.7 0.0 0.9 0.8 0.75 0.1 0.35 0.6 0.65 1.0 0.3 0.25 0.55 0.8 0.15 0.55 1.0 0.6 1.0 0.7 0.5 
-0.0062680184617043624 0.62592555968968 0.5344643260418559 0.75 0.35 0.6 0.15 0.6 0.65 1.0 0.35 0.65 0.4 0.6 0.2 0.6 0.25 0.1 0.65 0.4 0.5 0.95 0.2 0.55 1.0 0.5 0.45 1.0 0.0 0.55 0.2 0.3 0.4 0.0 0.95 0.7 0.15 0.65 1.0 
-0.006127132257401096 0.5519565100135988 0.3914564072473875 0.85 0.05 0.6 0.5 0.4 0.0 0.9 0.35 0.65 0.8 0.9 0.2 0.6 0.25 0.1 0.6 0.6 0.25 0.95 0.2 0.3 0.9 0.5 0.45 0.5 0.0 0.05 0.2 0.3 0.85 0.5 0.4 0.85 0.1 0.65 0.7 
-0.0058645255626851005 0.3603977288974362 0.4984890490580643 0.7 0.6 0.35 0.8 0.0 0.2 0.95 0.0 0.2 0.8 0.35 0.45 0.2 0.95 0.5 0.0 0.0 0.5 0.95 0.75 0.55 0.35 0.0 0.3 0.35 0.5 0.1 0.7 0.9 0.15 0.3 0.55 0.85 0.85 0.7 0.45 
-0.006159978103169905 0.6318411148709513 0.5036827451674096 0.2 0.8 0.6 0.5 0.4 0.0 1.0 0.35 0.4 0.95 0.9 0.2 0.6 0.25 0.55 0.65 0.75 0.75 1.0 0.4 0.55 1.0 0.5 0.45 1.0 0.6 0.55 0.2 0.3 0.3 0.5 0.4 0.7 0.1 0.0 1.0 
-0.010149041598016054 0.38172005627799943 0.49165183840873744 0.05 0.85 0.3 0.6 0.3 0.4 0.95 0.65 0.35 0.95 0.1 0.7 0.45 0.0 0.05 0.6 0.35 0.2 0.45 0.65 0.2 0.2 0.95 0.35 0.35 0.7 0.15 0.75 0.8 0.35 0.75 0.5 0.65 0.8 0.2 0.7 
-0.0021906557388400322 0.4458906851145762 0.6129675946483952 1.0 0.85 0.0 0.55 0.2 0.2 0.65 1.0 0.45 0.8 0.4 0.45 0.1 0.0 0.4 0.0 0.9 0.5 0.95 0.75 0.3 0.95 0.6 0.75 0.95 0.3 0.45 0.55 0.95 0.15 0.3 0.55 0.65 1.0 0.7 0.1 
-0.015198418821090362 0.42183638455560274 0.4168100766635622 0.9 0.05 0.05 0.55 0.8 0.2 0.6 0.0 0.2 0.7 0.35 0.45 0.4 0.2 0.55 0.45 0.0 0.5 0.7 0.3 0.1 0.35 0.9 0.05 0.25 0.05 0.9 0.6 0.65 0.7 0.25 0.55 0.5 1.0 0.7 0.45 
-0.0018400468142858507 0.6464343985276582 0.441124603800765 0.2 0.5 0.95 0.45 0.05 0.1 0.9 0.45 0.85 0.95 0.9 0.35 0.6 0.8 0.1 0.65 0.75 0.05 1.0 0.2 0.55 1.0 0.45 0.45 1.0 0.0 0.1 0.5 0.9 0.2 0.35 0.4 0.7 0.15 0.1 0.35 
-0.001333825896271717 0.6196773712633021 0.5391385179830315 0.75 0.35 0.5 0.15 0.6 0.65 1.0 0.35 0.65 0.6 0.6 0.2 0.6 0.25 0.1 0.65 0.45 0.5 0.95 0.2 0.55 1.0 0.5 0.45 1.0 0.0 0.55 0.2 0.15 0.4 0.0 0.95 0.7 0.15 0.65 1.0 
-0.028471611756083252 0.3568211093993048 0.4675847690331774 0.7 0.85 0.0 0.8 0.65 0.2 1.0 0.0 0.2 1.0 0.3 0.45 0.4 0.95 0.55 0.0 0.0 0.8 0.1 0.45 0.55 0.35 1.0 0.3 0.7 0.5 0.3 0.75 0.75 0.15 0.35 0.55 0.85 1.0 0.65 0.45 
-0.013256694646622914 0.6323688524215564 0.5168440313557173 0.75 0.1 0.6 0.5 0.4 0.6 1.0 0.4 0.5 1.0 0.9 0.2 1.0 0.25 0.1 0.15 0.75 0.25 0.05 0.8 0.5 0.8 0.9 0.85 0.75 0.0 0.75 0.3 0.0 0.85 0.15 0.95 0.25 0.1 1.0 0.95 
-0.001970770351466908 0.6412133743252189 0.49028897990216946 0.75 0.0 0.05 0.5 0.65 0.6 0.7 0.35 0.5 1.0 0.95 0.2 1.0 0.6 0.55 0.75 0.75 0.9 0.85 0.85 0.9 0.95 0.55 0.85 0.75 0.0 0.7 0.3 0.05 0.85 0.75 0.7 0.25 0.1 0.95 0.85 
-0.02295333823935977 0.5796149699728459 0.5811539057773601 0.75 0.5 0.05 0.8 0.45 1.0 0.5 1.0 0.35 1.0 0.85 0.5 0.4 0.6 0.25 0.95 0.1 0.45 1.0 0.1 0.25 1.0 0.4 0.1 1.0 0.0 0.5 0.8 0.0 0.3 0.35 0.75 0.7 0.3 0.2 0.85 
-0.021556185171025224 0.4536231966816287 0.5905438972589929 0.8 0.65 0.4 0.55 0.05 0.85 0.3 0.7 0.8 0.75 0.7 0.65 0.95 0.6 0.6 0.75 0.75 0.7 0.5 1.0 0.3 0.65 1.0 0.95 0.75 0.55 0.25 0.15 0.35 0.75 1.0 0.65 0.8 0.55 0.1 0.1 
-0.002262002986300012 0.5781033129243308 0.3769167831709589 0.0 0.45 0.95 0.5 0.7 0.1 1.0 0.45 0.8 0.95 0.9 0.35 0.6 0.35 0.1 0.3 0.25 0.2 0.45 0.2 0.5 1.0 0.5 0.45 1.0 0.0 0.4 0.25 0.05 0.0 0.5 0.5 0.35 0.1 0.9 0.7 
-0.0026641832554124283 0.4841347434206029 0.584111651200977 0.8 0.65 0.4 0.55 0.05 0.85 0.3 0.0 0.8 0.75 0.7 0.65 0.95 0.6 0.6 0.75 0.75 0.1 0.2 1.0 0.3 0.65 1.0 0.95 0.75 0.55 0.25 0.15 0.35 0.75 1.0 0.65 0.8 0.55 0.85 0.1 
-0.010254826328323186 0.525366662878533 0.39271443231941844 1.0 0.75 0.3 0.5 0.4 0.0 1.0 0.45 0.8 0.95 0.9 0.35 0.6 0.25 0.55 0.65 0.75 0.8 0.45 0.6 0.75 1.0 0.5 0.45 1.0 0.0 0.3 0.2 0.3 0.2 0.95 0.7 0.0 0.1 0.75 0.9 
-0.023917369395508873 0.6123495124872513 0.5901086803170036 0.3 0.75 0.6 0.0 0.4 0.65 1.0 0.35 0.5 0.6 0.6 0.2 0.6 0.65 0.05 0.35 0.4 0.25 1.0 0.2 0.55 1.0 0.5 0.3 0.9 0.0 0.55 0.15 0.0 0.2 0.45 0.4 0.7 0.15 0.7 0.8 
-0.002752248038406518 0.6115566781257707 0.5744464401515887 0.2 0.75 0.6 0.5 0.4 0.65 1.0 0.35 0.5 0.6 0.6 0.2 0.6 0.25 0.1 0.35 0.4 0.25 1.0 0.2 0.55 1.0 0.5 0.45 0.9 0.9 0.55 0.15 0.0 0.4 0.45 0.4 0.7 0.15 0.7 0.8 
-0.0005660467764714472 0.532431568834061 0.6074917146247255 0.65 0.5 0.8 0.85 0.0 1.0 1.0 0.55 0.05 0.6 0.85 0.65 0.4 0.1 0.7 0.65 0.6 0.45 1.0 0.1 0.35 1.0 0.4 0.0 1.0 0.95 0.5 0.8 0.0 0.3 0.55 0.75 0.45 0.3 0.8 0.75 
-0.004108817495815262 0.5864389375076442 0.6061857789656434 0.0 0.55 0.6 0.5 0.75 0.6 1.0 0.45 0.0 0.7 0.7 0.2 0.6 0.25 0.1 0.85 0.75 0.25 0.95 0.2 0.3 0.85 0.5 0.45 0.95 0.0 0.55 0.4 0.3 0.2 0.6 0.4 0.7 0.15 0.1 1.0 
-0.01631447426554808 0.4378776756425301 0.39130974030290433 0.95 0.0 0.25 0.25 0.55 0.2 1.0 0.0 0.2 0.85 0.35 0.45 0.85 0.65 0.55 0.0 0.45 0.5 0.6 0.35 0.1 0.35 0.6 0.0 0.8 0.05 0.95 0.6 0.65 0.4 0.55 0.55 0.15 1.0 0.7 0.4 
-0.0076641486519002005 0.6322556475445813 0.41359171427273783 0.2 0.55 0.6 0.5 0.4 0.0 1.0 0.35 0.5 0.95 0.9 0.2 0.6 0.25 0.55 0.65 0.75 0.25 1.0 0.4 0.55 1.0 0.5 0.45 1.0 0.0 0.55 0.2 0.3 0.3 0.5 0.4 0.7 0.1 0.0 1.0 
-0.0023216103985039495 0.6580323131495156 0.4181776086002907 0.2 0.95 0.6 0.5 0.4 0.8 1.0 0.45 0.85 0.95 0.9 0.35 0.6 0.4 0.1 0.65 0.75 0.05 0.55 0.2 0.4 1.0 0.5 0.45 1.0 0.0 0.55 0.0 0.3 0.2 0.4 0.5 0.7 0.15 0.1 1.0 
-0.001723508695978515 0.6155410728868927 0.3932218097760651 0.85 0.85 0.6 0.5 0.4 0.0 0.9 0.35 0.5 0.8 0.9 0.2 0.6 0.25 0.1 0.65 0.75 0.25 0.95 0.2 0.3 0.9 0.5 0.45 0.55 0.0 0.55 0.2 0.3 0.3 0.45 0.4 0.85 0.1 0.65 1.0 
-0.0018023127295648976 0.44123914190344543 0.39376069331168956 0.95 0.0 0.25 0.25 0.55 0.2 1.0 0.0 0.2 0.8 0.35 0.45 0.85 0.65 0.55 0.0 0.45 0.5 0.6 0.35 0.1 0.35 0.6 0.0 0.8 0.05 0.95 0.6 0.65 0.65 0.55 0.55 0.15 1.0 0.7 0.4 
-0.02402222059147089 0.6576920338208285 0.4481671854176963 0.65 0.55 0.8 0.5 0.4 0.0 0.9 0.35 0.5 0.8 0.9 0.2 0.6 0.25 0.45 0.95 0.75 0.5 1.0 0.2 0.5 0.9 0.5 0.45 1.0 0.0 0.55 0.0 0.35 0.85 0.2 0.4 0.1 0.15 0.9 1.0 
-0.005942954244910867 0.6403328774735384 0.40279320494749754 0.35 0.05 0.6 0.5 0.4 1.0 1.0 0.45 0.8 0.95 0.9 0.35 0.6 0.25 0.1 0.65 0.75 0.2 0.45 0.2 0.4 1.0 0.5 0.45 1.0 0.0 0.55 0.2 0.3 0.2 0.35 0.7 0.65 0.0 0.75 0.6 
-0.0028134516849783304 0.38495576028480066 0.40345609034273483 0.2 0.85 0.95 0.25 0.0 0.2 1.0 0.0 0.2 0.8 0.35 0.45 0.1 0.65 0.55 0.0 0.0 0.5 0.0 0.75 0.45 0.2 0.6 0.0 1.0 0.05 0.85 0.6 0.6 0.15 0.75 0.9 0.85 1.0 0.8 0.45 
-0.005396172506202143 0.6642721837371562 0.48270550544340385 0.2 0.55 0.6 0.5 0.4 0.0 1.0 0.35 0.5 0.95 0.9 0.2 0.6 0.25 0.55 0.65 0.35 0.25 1.0 0.2 0.55 1.0 0.5 0.45 1.0 0.0 0.55 0.2 0.3 0.3 0.45 0.4 0.7 0.1 0.65 0.7 
-0.005252221525155508 0.66046631542101 0.5685392627223501 0.1 0.55 0.6 0.5 0.25 0.0 1.0 0.35 0.5 0.95 0.9 0.4 0.6 0.25 0.1 0.65 0.2 0.25 0.95 0.2 0.55 1.0 0.5 0.3 1.0 0.0 0.55 0.2 0.3 0.55 0.25 0.4 0.7 0.3 0.65 1.0 
-0.0018172565543104157 0.6409282679194943 0.5720186880894061 0.2 0.55 0.6 0.5 0.4 0.65 1.0 0.35 0.75 0.6 0.6 0.2 0.6 0.25 0.85 0.65 0.7 0.3 0.85 0.2 0.55 0.6 0.5 0.45 1.0 0.95 0.55 0.2 0.85 0.05 0.5 0.4 0.7 0.15 0.65 1.0 
-0.0075677210667723215 0.6909733928350408 0.5547719827007304 0.2 0.7 0.6 0.9 0.95 0.6 1.0 0.45 0.85 0.85 0.7 0.2 0.7 0.25 0.1 1.0 0.75 0.8 0.95 0.2 0.55 0.95 0.5 0.45 1.0 0.0 0.55 0.25 0.3 0.7 0.2 0.4 0.2 0.15 0.75 0.9 
-0.003495932449198738 0.3594762063596011 0.39674938380645336 0.7 0.85 0.0 0.8 0.65 0.2 1.0 0.0 0.2 0.8 0.35 0.45 0.2 0.95 0.5 0.0 0.0 0.5 0.85 0.75 0.55 0.35 0.15 0.3 0.7 0.5 1.0 0.6 0.65 0.15 0.35 0.55 0.85 1.0 0.6 0.45 
-0.019474533845570418 0.6769923487664172 0.456001853324587 0.2 0.05 0.6 0.35 0.4 0.0 0.95 0.45 0.8 0.95 0.9 0.35 0.6 0.25 0.8 0.65 0.75 0.25 0.45 0.3 0.55 1.0 0.5 0.45 1.0 0.0 0.55 0.2 0.3 0.2 0.8 0.45 0.6 0.1 0.75 0.6 
-0.012021490261446686 0.5623916817746204 0.5928905990089383 0.65 0.5 0.8 0.45 0.7 0.25 0.45 0.85 0.1 0.95 0.85 0.6 0.4 0.6 0.7 0.95 0.6 0.45 1.0 0.1 0.35 1.0 0.4 0.55 1.0 0.0 0.5 0.9 0.0 0.3 0.6 0.65 0.5 0.3 0.8 0.4 
-0.0531363517037906 0.7077888497085912 0.4851087650896101 0.2 0.55 0.6 0.45 0.4 0.8 1.0 0.45 0.55 0.95 0.9 0.2 0.6 0.25 0.1 0.65 0.35 0.9 1.0 0.2 0.55 1.0 0.5 0.45 1.0 0.0 0.55 0.25 0.3 0.2 0.5 0.4 0.8 0.15 0.0 1.0 
-0.017544630394223836 0.6677448412644025 0.5091309423592967 0.75 0.1 0.6 0.1 0.4 0.8 1.0 0.45 0.5 0.9 0.9 0.2 0.6 0.25 1.0 0.8 0.75 0.25 1.0 0.2 0.55 1.0 0.5 0.45 0.8 0.0 0.55 0.2 0.3 0.35 0.5 0.4 0.7 0.1 0.1 1.0 
-0.01091407455998241 0.6527082328090815 0.4342039552385264 0.6 0.55 0.6 0.5 0.4 0.0 0.9 0.35 0.6 0.8 0.9 0.2 0.6 0.25 1.0 0.95 0.75 0.5 1.0 0.2 0.5 1.0 0.5 0.45 1.0 0.0 0.55 0.0 0.3 0.85 0.2 0.4 0.1 0.15 0.9 1.0 
-0.004521980906897358 0.6065657311453483 0.3664898768185155 0.2 0.45 0.8 0.9 0.2 0.0 1.0 0.45 0.8 0.95 0.9 0.35 0.6 0.25 0.1 0.65 0.2 0.25 0.4 0.2 0.65 1.0 0.5 0.45 1.0 0.95 0.55 0.2 0.3 0.2 0.5 0.55 0.65 0.1 0.75 0.5 
-0.00518539120237412 0.6546493559833009 0.5201311818812074 0.6 0.35 0.6 0.9 0.95 0.6 1.0 0.45 0.85 0.85 0.7 0.2 0.6 0.25 0.55 1.0 0.75 0.25 0.75 0.2 0.6 0.85 0.5 0.45 1.0 0.0 0.55 0.25 0.3 0.1 0.85 0.4 0.7 0.15 0.5 0.0 
-0.012236887928049495 0.651637775339003 0.5394819634317518 0.2 0.75 0.3 0.5 0.4 0.65 1.0 0.35 0.8 0.65 0.6 0.2 0.6 0.85 0.1 0.35 0.4 0.25 1.0 0.2 0.55 1.0 0.5 0.45 0.9 0.0 0.55 0.15 0.0 0.4 0.45 0.4 0.7 0.15 0.7 0.45 
-0.02370374068755734 0.35218570035130115 0.41208061754992864 0.7 0.85 0.9 0.35 0.7 0.2 1.0 0.0 0.2 0.95 0.35 0.45 0.2 0.65 0.55 0.0 0.45 0.0 0.8 0.75 0.45 0.35 0.6 0.3 1.0 0.05 0.85 0.6 0.75 0.15 0.8 0.4 0.85 0.8 0.7 0.45 
-0.008979310886940565 0.360682866965041 0.36907159177443416 0.7 0.85 0.0 0.8 0.65 0.2 1.0 0.0 0.2 1.0 0.35 0.45 0.4 0.95 0.45 0.5 0.0 0.1 0.85 0.75 0.65 0.35 1.0 0.3 0.6 0.5 0.3 0.75 0.65 0.15 0.1 0.55 0.15 1.0 0.6 0.45 
-0.009630664152502653 0.6830638322750734 0.5694760800954007 0.2 0.55 0.6 0.5 0.9 0.65 1.0 0.35 0.75 0.6 0.6 0.2 0.6 0.25 0.85 0.65 0.15 0.75 0.5 0.2 0.55 0.9 0.5 0.45 1.0 0.95 0.55 0.2 0.3 0.05 0.5 0.4 0.7 0.5 0.65 1.0 
-0.00198705870517757 0.6860186641454247 0.5004076458642943 0.2 0.35 0.6 1.0 0.5 0.0 1.0 0.4 0.5 0.95 0.9 0.4 0.6 0.25 0.55 0.25 0.15 0.35 1.0 0.25 0.55 1.0 0.5 0.45 1.0 0.0 0.55 0.3 0.3 0.45 0.5 0.1 0.7 0.1 0.0 0.8 
-0.007909108477144917 0.5255269783274014 0.6146950115711207 0.65 0.5 0.8 0.85 0.0 1.0 1.0 0.55 0.05 0.9 0.85 0.65 0.4 0.1 0.7 0.65 0.6 0.45 1.0 0.1 0.35 1.0 0.4 0.0 1.0 0.95 0.5 0.8 0.0 0.3 0.55 0.75 0.45 0.3 0.8 0.75 
-0.013910041393415966 0.6196409343247075 0.5911905609905466 0.2 0.45 0.6 0.8 0.35 0.6 1.0 0.45 0.45 0.85 0.7 0.2 0.9 0.25 0.75 0.3 0.05 0.2 0.95 0.2 0.55 0.95 0.5 0.35 1.0 0.0 0.55 0.2 0.3 0.2 0.5 0.4 0.7 0.25 0.7 0.55 
-0.0018242817468200462 0.6957725374081313 0.5112847392378158 0.2 0.55 0.6 0.5 0.4 0.1 1.0 0.45 0.75 0.95 0.9 0.35 0.6 0.8 0.1 0.65 0.75 0.05 1.0 0.2 0.55 1.0 0.5 0.45 1.0 0.0 0.55 0.2 0.3 0.2 0.8 0.0 0.45 0.15 0.1 1.0 
-0.019923390548219868 0.6903144364596367 0.4631090269026249 0.1 0.55 0.6 0.75 0.0 0.3 1.0 0.45 0.75 0.9 0.9 0.35 0.6 0.8 0.4 0.65 0.75 0.05 0.9 0.2 0.25 1.0 0.5 0.45 1.0 0.0 0.55 0.2 0.3 0.75 0.3 0.4 0.2 0.15 0.3 1.0 
-0.007976956041799144 0.33285185433668196 0.42673091035265964 0.7 0.85 0.0 0.8 0.65 0.2 1.0 0.0 0.2 1.0 0.35 0.45 0.4 0.95 0.55 0.0 0.0 0.8 0.1 0.75 0.55 0.35 1.0 0.3 0.7 0.5 0.3 0.85 0.75 0.15 0.35 0.55 0.85 1.0 0.65 0.45 
-0.00234260988881881 0.32247526966784934 0.4054535410513869 0.25 0.85 0.0 0.8 0.65 0.2 1.0 0.0 0.2 1.0 0.35 0.45 0.55 0.95 0.7 0.0 0.1 0.8 0.85 0.75 0.55 0.15 0.9 0.3 0.7 0.5 0.3 0.8 0.65 0.15 0.35 0.55 0.85 1.0 0.65 0.45 
-0.02001200556909401 0.3675812185485065 0.5558783968150327 0.75 0.75 0.1 0.05 0.0 0.0 0.55 0.0 0.2 0.8 0.3 0.45 0.5 0.2 0.6 0.6 1.0 0.85 1.0 0.7 0.7 0.0 0.6 0.05 0.95 0.5 0.2 0.95 1.0 0.5 0.25 0.2 0.6 0.95 0.75 0.45 
-0.02118574272277869 0.3864600188986322 0.35459146388222873 0.2 0.85 0.0 0.25 0.0 0.2 1.0 0.0 0.2 0.8 0.35 0.45 0.1 0.65 0.55 0.0 0.85 0.45 0.1 0.75 0.45 0.2 0.6 0.0 1.0 0.05 0.85 0.75 0.65 0.15 0.75 0.85 0.65 1.0 0.7 0.45 
-0.0008098608971952047 0.3558992324278807 0.37921190280409345 0.7 0.85 0.4 0.8 0.65 0.2 1.0 0.0 0.2 1.0 0.35 0.45 0.4 0.95 0.55 0.5 0.0 0.45 0.85 0.75 0.65 0.35 0.95 0.3 0.6 0.5 0.3 0.75 0.65 0.15 0.1 0.55 1.0 1.0 0.6 0.45 
-0.0010838400035187907 0.32118949537667063 0.48029234035986723 0.7 0.85 0.0 0.8 0.65 0.2 0.7 0.0 0.2 1.0 0.35 0.45 0.4 0.95 0.55 0.0 0.0 0.8 0.85 0.75 0.55 0.35 1.0 0.3 0.7 0.5 0.3 0.85 0.75 0.15 0.35 0.5 0.85 1.0 0.65 0.45 
-0.008830790290002066 0.40138253525031875 0.3668671831452861 0.2 0.85 0.0 0.25 0.0 0.2 1.0 0.0 0.2 0.8 0.35 0.45 0.1 0.65 0.55 0.0 0.85 0.45 0.1 0.05 0.45 0.2 0.6 0.0 1.0 0.05 0.85 0.75 0.65 0.15 0.75 0.85 0.4 1.0 0.7 0.45 
-0.010982302061216977 0.6423871867024462 0.5892690232885063 0.2 0.55 0.6 0.5 0.4 0.65 1.0 0.35 0.45 0.6 0.6 0.2 0.6 0.25 0.1 0.65 0.4 0.25 1.0 0.2 0.55 1.0 0.5 0.45 1.0 0.0 0.55 0.2 0.3 0.4 0.5 0.4 0.7 0.15 0.65 1.0 
-0.00020488610852021884 0.6566851272477 0.5757092596525359 0.1 0.55 0.6 0.5 0.25 0.0 1.0 0.35 0.5 0.95 0.9 0.4 0.6 0.25 0.1 0.65 0.2 0.25 0.95 0.2 0.55 0.85 0.5 0.3 1.0 0.0 0.55 0.2 0.3 0.55 0.25 0.4 0.7 0.3 0.65 1.0 
-0.001939550309911391 0.6993315361632834 0.5678004281453748 0.2 0.7 0.6 0.9 0.95 0.6 1.0 0.45 0.85 0.85 0.7 0.2 0.3 0.25 0.1 1.0 0.75 0.8 0.95 0.2 0.55 0.95 0.5 0.45 1.0 0.0 0.55 0.25 0.3 0.7 0.6 0.4 0.2 0.15 0.75 0.9 
-0.01777789987652606 0.4114224271426929 0.35898935063098675 0.2 0.85 0.0 0.25 0.0 0.2 1.0 0.0 0.2 0.8 0.35 0.45 0.1 0.65 0.35 0.0 0.8 0.45 0.2 0.75 0.45 0.2 0.6 0.0 0.8 0.05 0.85 0.75 0.65 0.15 0.25 0.85 0.85 1.0 0.7 0.45 
-0.07588351204938219 0.2922465475501911 0.37403381689713044 0.7 0.45 0.0 0.8 0.35 0.2 1.0 0.0 0.2 0.85 0.35 0.45 0.65 0.55 0.55 0.05 0.0 0.3 1.0 0.75 0.5 0.3 0.15 0.3 0.85 0.5 0.25 0.95 0.65 0.15 0.15 0.6 0.3 1.0 0.7 0.5 
-0.022740495935596548 0.3490491159706131 0.43655223079488736 0.7 0.95 0.0 0.8 0.0 0.2 1.0 0.0 0.5 0.75 0.35 0.45 0.45 0.6 0.55 0.45 0.0 0.35 0.6 0.75 0.5 0.35 0.15 0.3 0.75 0.5 0.25 0.65 0.65 0.15 0.15 0.05 0.85 1.0 0.7 0.5 
-0.0018396686529003404 0.6620533608325915 0.5976806147414742 0.2 0.05 0.35 0.5 0.4 0.65 0.95 0.35 0.5 0.6 0.65 0.2 0.25 0.25 0.1 0.65 0.4 0.25 1.0 0.2 0.55 1.0 0.5 0.4 0.95 0.0 0.55 0.15 0.9 0.1 0.95 0.4 0.7 0.15 0.65 1.0 
-0.004869009052481657 0.6594915208606007 0.6102537313943454 0.2 0.45 0.6 0.8 0.35 0.6 1.0 0.45 0.45 0.85 0.7 0.2 0.9 0.25 0.75 0.3 0.05 0.2 0.95 0.2 0.55 0.95 0.5 0.5 1.0 0.0 0.55 0.2 0.3 0.2 0.5 0.4 0.7 0.25 0.7 0.55 
-0.0019252633585201012 0.3559146039294498 0.5187725473033502 0.6 0.95 1.0 0.75 0.55 0.8 0.9 0.0 0.2 0.8 0.3 0.45 0.2 0.65 0.1 0.7 0.05 0.0 0.2 0.75 0.25 0.0 0.6 0.05 0.7 0.5 0.5 0.25 0.25 0.45 0.75 0.4 0.85 1.0 0.7 0.45 
-5.923737265872572e-05 0.5825316582823005 0.37591615958457736 0.0 0.45 0.95 0.5 0.7 0.1 1.0 0.45 0.8 0.95 0.9 0.35 0.6 1.0 0.1 0.65 0.25 0.2 0.45 0.2 0.5 1.0 0.5 0.45 1.0 0.0 0.4 0.25 0.05 0.0 0.5 0.5 0.35 0.1 0.9 0.85 
-0.01636259733414072 0.6149500118520377 0.6436453816247227 0.65 0.5 0.8 0.8 0.0 1.0 0.45 0.05 0.05 0.95 0.85 0.6 0.4 0.6 0.7 0.95 0.6 0.45 1.0 0.1 0.35 1.0 0.4 0.55 1.0 0.0 0.5 0.8 0.0 0.3 0.55 0.75 0.45 0.3 0.8 0.65 
-0.005362924640200215 0.28233523160444807 0.5484995429586684 0.25 0.0 0.05 0.05 0.0 0.2 0.5 0.0 0.2 0.85 0.3 0.45 0.2 0.5 0.1 0.8 0.05 0.0 1.0 0.7 0.3 0.05 0.6 0.45 1.0 0.5 0.2 1.0 0.05 0.5 0.5 0.2 0.5 1.0 0.7 0.45 
-0.02938195946024687 0.29758623609145995 0.42077723795563177 0.5 0.7 0.0 0.8 0.35 0.2 0.85 0.0 0.2 0.85 0.35 0.45 0.45 0.6 0.55 0.45 0.0 0.6 1.0 0.75 0.5 0.3 0.15 0.3 0.95 0.5 0.25 0.7 0.65 0.15 0.15 0.75 0.85 1.0 0.7 0.5 
-0.029104230844860385 0.6781857710443403 0.5824156096416684 0.35 0.55 0.6 0.5 0.25 0.05 1.0 0.3 0.5 0.95 0.9 0.4 0.6 0.45 0.1 0.65 0.75 0.25 0.95 0.2 0.55 1.0 0.5 0.45 1.0 0.0 0.55 0.2 0.3 0.45 0.3 0.4 0.7 0.3 0.65 1.0 
-0.010476556689312183 0.3123662738254678 0.47213957529379313 0.7 0.85 0.0 0.8 0.65 0.2 0.7 0.0 0.2 1.0 0.35 0.45 0.4 0.95 0.55 0.0 0.0 0.8 0.85 0.75 0.55 0.35 1.0 0.3 0.7 0.5 0.3 0.75 0.75 0.15 0.35 0.55 0.85 1.0 0.65 0.45 
-0.028526369227701742 0.6337169931480573 0.6090310431695546 0.6 0.15 1.0 0.1 0.4 0.6 1.0 0.45 0.45 0.5 0.7 0.2 0.5 0.1 0.1 0.4 0.0 0.1 0.95 0.2 0.5 0.8 0.5 0.5 1.0 0.0 0.55 0.2 0.25 0.2 0.8 0.4 0.8 0.25 0.55 0.95 
-0.0049681979083758595 0.33213526009626126 0.5526619037796554 0.6 0.75 0.0 0.05 0.0 0.2 1.0 0.0 0.2 0.8 0.3 0.45 0.2 0.2 0.1 0.95 0.05 0.0 1.0 0.7 0.25 0.0 0.8 0.05 0.35 0.5 0.2 0.7 0.15 0.5 0.65 0.2 0.8 1.0 0.7 0.45 
-0.012361740266075956 0.6823014936822147 0.437443627173793 0.1 0.55 0.6 0.75 0.0 0.3 1.0 0.45 0.75 0.9 0.9 0.35 0.6 0.8 0.1 0.65 0.75 0.05 1.0 0.2 0.25 1.0 0.5 0.45 1.0 0.0 0.55 0.2 0.3 0.75 0.3 0.4 0.2 0.15 0.3 1.0 
-0.010570753888083893 0.32758736641648867 0.4020378192686081 0.25 0.85 0.0 0.8 0.65 0.2 1.0 0.0 0.2 1.0 0.35 0.45 0.55 0.95 0.7 0.0 0.1 0.8 0.85 0.75 0.55 0.15 0.95 0.3 0.7 0.5 0.3 0.8 0.65 0.15 0.35 0.55 0.85 1.0 0.65 0.45 
-0.0019548073821027303 0.34468858876673975 0.5164770499299292 0.6 0.95 1.0 0.25 0.55 0.8 1.0 0.0 0.2 0.8 0.3 0.45 0.2 0.65 0.1 0.7 0.05 0.0 0.2 0.75 0.25 0.0 0.6 0.05 0.7 0.5 0.5 0.25 0.1 0.45 0.75 0.4 0.85 1.0 0.7 0.45 
-0.0026641114335673602 0.3034021715805232 0.5031783749760376 0.25 0.65 0.0 0.05 0.0 0.55 1.0 0.0 0.2 0.7 0.3 0.45 0.4 0.2 0.1 0.5 0.05 0.6 1.0 0.25 0.3 0.0 0.6 0.05 0.65 0.5 0.2 0.9 0.05 0.5 0.5 0.2 0.8 1.0 0.7 0.45 
-0.010943804927285703 0.3441822710651149 0.46599167207919706 0.7 0.85 0.0 0.8 0.65 0.2 1.0 0.0 0.2 1.0 0.3 0.45 0.4 0.0 0.55 0.0 0.0 0.8 0.1 0.45 0.5 0.35 1.0 0.3 0.7 0.5 0.3 0.75 0.75 0.15 0.35 0.35 0.85 1.0 0.65 0.45 
-0.0021218102828940164 0.6482899315590385 0.6122945829661866 0.2 0.5 0.65 0.1 0.4 0.6 1.0 0.45 0.4 0.5 0.7 0.2 0.9 0.35 0.1 0.4 0.0 0.05 1.0 0.2 0.55 1.0 0.5 0.5 0.9 0.0 0.55 0.4 0.3 0.2 0.5 0.4 0.55 0.1 1.0 0.95 
-0.006521907201320932 0.6375242036644169 0.6335489053607727 0.5 0.75 0.15 0.65 0.35 0.85 1.0 0.45 0.45 0.85 0.7 0.2 0.9 0.9 0.75 0.3 0.35 0.2 0.95 0.2 0.55 0.85 0.5 0.5 1.0 0.0 0.55 0.2 0.3 0.2 0.8 0.4 0.0 0.25 0.95 0.95 
-0.05011189604210288 0.3267130717042318 0.5728209587200347 0.95 0.75 0.0 0.05 0.7 0.2 0.8 0.0 0.2 0.8 0.3 0.45 0.5 0.2 0.6 0.6 1.0 0.85 1.0 0.7 0.55 0.0 0.6 0.05 0.95 0.5 0.2 0.15 0.0 0.5 0.25 0.2 0.9 1.0 0.7 0.45 
-0.004252770886242776 0.6305587457382176 0.38583921318744824 0.2 0.45 0.8 0.9 0.2 0.0 1.0 0.45 0.8 0.95 0.9 0.35 0.6 0.25 0.1 0.65 0.2 0.25 0.4 0.2 0.65 1.0 0.5 0.45 1.0 0.05 0.55 0.2 0.3 0.2 0.5 0.55 0.65 0.1 0.75 0.5 
-0.010308583546215751 0.32760752364235524 0.49467293363926174 0.7 0.85 0.35 0.8 0.0 0.2 0.95 0.0 0.2 0.8 0.35 0.45 0.2 0.95 0.5 0.0 0.0 0.5 0.95 0.75 0.55 0.35 1.0 0.3 0.35 0.5 0.3 0.7 0.9 0.15 0.3 0.55 0.85 0.85 0.7 0.45 
-0.4036349411840932 0.5026058543944869 0.6043791648582659 0.65 0.5 0.8 0.45 0.0 1.0 1.0 0.55 0.05 0.9 0.85 0.75 0.4 0.1 0.7 0.65 0.6 0.45 1.0 0.1 0.35 1.0 0.4 0.0 1.0 0.95 0.55 0.8 0.0 0.3 0.55 0.75 0.45 0.3 0.8 0.75 
-0.046052643593237276 0.35005832321273267 0.5366835345405929 0.6 0.75 0.0 0.05 0.0 0.2 1.0 0.0 0.2 0.55 0.3 0.45 0.2 0.2 0.1 0.95 0.15 0.0 1.0 0.7 0.25 0.0 0.8 0.05 0.4 0.5 0.2 0.7 0.15 0.5 0.65 0.2 0.8 1.0 0.7 0.45 
-0.011251121839342454 0.31211151639079215 0.48183379101956175 0.7 0.85 0.0 0.8 0.65 0.2 0.7 0.0 0.2 1.0 0.35 0.45 0.4 0.95 0.55 0.0 0.0 0.8 0.85 0.75 0.55 0.35 1.0 0.3 0.75 0.5 0.3 0.75 0.75 0.15 0.35 0.45 0.85 1.0 0.65 0.45 
-0.013317383399338058 0.2989246211867709 0.5188980157262476 0.7 0.85 0.0 0.8 0.5 0.2 0.95 0.0 0.2 0.8 0.35 0.45 0.2 0.95 0.5 0.0 0.0 0.3 0.95 0.75 0.55 0.35 0.15 0.3 0.7 0.5 0.3 0.6 0.0 0.15 0.1 0.55 0.95 1.0 0.65 0.45 
-0.015101880334137757 0.6087258254403352 0.6084511516607372 0.3 0.75 0.6 0.0 0.4 0.65 1.0 0.35 0.5 0.6 0.6 0.2 0.6 0.65 0.05 0.35 0.4 0.25 1.0 0.2 0.55 1.0 0.5 0.45 0.9 0.0 0.55 0.15 0.0 0.2 0.45 0.4 0.7 0.15 0.7 0.8 
-0.11911509457317662 0.3012012955535832 0.5276018114604384 0.7 0.85 0.0 0.8 0.5 0.2 0.95 0.0 0.2 0.8 0.35 0.45 0.2 0.95 0.5 0.0 0.0 0.3 0.95 0.75 0.55 0.35 0.15 0.3 0.7 0.5 0.3 0.6 0.0 0.15 0.1 0.95 0.85 1.0 0.65 0.45 
-0.006605489565229745 0.30486367135519077 0.44129188578588574 0.7 0.85 0.0 0.8 0.65 0.2 1.0 0.0 0.2 0.8 0.35 0.45 0.4 0.95 0.55 0.0 0.0 0.75 0.45 0.75 0.65 0.35 0.95 0.3 0.85 0.5 0.3 0.75 0.75 0.15 0.2 0.55 0.85 1.0 0.65 0.45 
-0.02605588692192337 0.3002240984766068 0.5456795709985318 0.6 0.75 0.0 0.05 0.0 0.2 1.0 0.0 0.2 0.8 0.3 0.45 0.4 0.2 0.1 0.95 0.05 0.0 1.0 0.7 0.25 0.3 0.8 0.05 0.35 0.5 0.2 0.7 0.15 0.5 0.65 0.2 0.8 1.0 0.7 0.45 
-0.05820656763698085 0.32899665357356045 0.5838767099197875 0.75 0.75 0.1 0.2 0.0 0.0 1.0 0.0 0.2 0.8 0.3 0.45 0.5 0.2 0.6 0.6 1.0 0.85 1.0 0.7 0.7 0.0 0.6 0.05 0.95 0.5 0.2 0.95 1.0 0.5 0.25 0.2 0.25 1.0 0.7 0.45 
-0.033129836187994935 0.4465534406425175 0.37545371556401336 0.0 0.6 0.4 0.25 0.0 0.2 1.0 0.0 0.2 0.7 0.35 0.45 0.1 0.25 0.55 0.0 0.0 0.5 0.6 0.75 0.05 0.2 0.6 0.55 1.0 0.05 1.0 0.75 0.65 0.15 0.35 0.65 0.85 1.0 0.6 0.45 
-0.02281536083929347 0.34892572398904226 0.35654449551319606 0.7 0.85 0.0 0.8 0.65 0.2 1.0 0.0 0.2 1.0 0.35 0.45 0.4 0.95 0.55 0.0 0.0 0.8 0.85 0.75 0.55 0.25 1.0 0.3 0.9 0.5 0.3 0.75 0.65 0.15 0.35 0.8 0.85 1.0 0.65 0.45 
-0.029589612839670387 0.5560874087841166 0.6333556871936953 1.0 0.15 0.6 0.1 0.85 0.6 1.0 0.45 0.45 0.65 0.7 0.25 0.9 0.35 0.1 0.4 0.0 0.2 0.95 0.2 0.55 0.95 0.5 0.5 1.0 0.95 0.55 0.4 0.3 0.2 0.6 0.4 0.55 0.1 0.2 1.0 
-0.006934800923866235 0.5299191794278607 0.6246843434933497 0.65 0.5 0.8 0.35 0.95 1.0 0.45 0.65 0.05 0.8 0.85 0.7 0.4 0.6 0.9 0.95 0.6 0.65 1.0 0.1 0.35 1.0 0.4 0.55 1.0 0.0 0.5 0.75 0.0 0.3 0.0 0.75 0.45 0.3 0.8 0.65 
-0.027471004136109773 0.27434829570634434 0.5162905737330944 0.7 0.7 0.0 0.8 0.0 0.2 1.0 0.0 0.2 0.75 0.35 0.45 0.3 0.95 0.55 0.45 0.0 0.6 1.0 0.75 0.6 0.35 0.15 0.3 0.7 0.5 0.25 0.3 0.65 0.15 0.25 0.6 0.85 1.0 0.7 0.5 
-0.006127819137088092 0.2844872803693772 0.481535189202499 0.7 0.85 0.0 0.8 0.65 0.2 1.0 0.0 0.2 1.0 0.35 0.45 0.4 0.95 0.55 1.0 0.0 0.8 0.9 0.75 0.45 0.35 1.0 0.3 0.7 0.5 0.3 0.75 0.75 0.15 0.35 0.4 0.85 1.0 0.65 0.45 
-0.06227859927395741 0.31634730061323624 0.3832726993897582 0.7 0.7 0.0 0.8 0.35 0.2 1.0 0.0 0.2 0.85 0.35 0.45 0.45 0.6 0.55 0.45 0.0 0.6 1.0 0.75 0.5 0.3 0.15 0.3 0.6 0.5 0.25 0.7 0.65 0.15 0.15 0.75 0.85 1.0 0.7 0.5 
-0.012537215288233594 0.4291545071668273 0.36800707148597506 0.2 0.85 0.0 0.25 0.0 0.2 1.0 0.0 0.2 0.5 0.35 0.45 0.1 0.65 0.55 0.0 0.85 0.45 0.1 0.75 0.45 0.2 0.6 0.0 1.0 0.05 0.85 0.75 0.65 0.15 0.75 0.85 0.65 1.0 0.7 0.45 
-0.02962513354091875 0.5325667454942639 0.6433418614878582 0.65 0.3 0.8 0.85 0.85 0.35 0.7 0.85 0.4 0.85 0.8 0.7 0.5 0.0 0.75 0.95 1.0 0.3 0.65 0.1 0.35 0.85 0.45 0.0 1.0 0.0 0.5 0.8 0.0 0.3 1.0 0.85 0.9 0.3 0.85 0.8 
-0.02664861768753978 0.27481101277086784 0.5244976668373662 0.25 0.0 0.05 0.05 0.0 0.2 1.0 0.0 0.2 0.85 0.3 0.45 0.2 0.5 0.1 0.8 0.05 0.0 1.0 0.7 0.3 0.05 0.6 0.45 1.0 0.5 0.2 1.0 0.05 0.5 0.5 0.2 0.1 1.0 0.7 0.45 
-0.0029624658688706157 0.2912328963220707 0.3902981093174295 0.7 0.7 0.9 0.8 0.0 0.2 1.0 0.0 0.2 0.85 0.35 0.45 0.45 0.6 0.55 0.45 0.0 0.6 1.0 0.75 0.5 0.3 0.15 0.3 0.6 0.5 0.25 0.65 0.65 0.15 0.1 0.75 0.85 1.0 0.7 0.5 
-0.09062887875038379 0.24780516686551257 0.4909975310539417 0.7 0.95 0.3 0.2 0.0 0.85 1.0 0.0 0.2 0.85 0.35 0.45 0.6 0.95 0.55 0.45 0.0 0.3 1.0 0.75 0.3 0.15 0.55 0.25 0.85 0.5 0.25 0.65 0.65 0.15 0.45 0.95 0.7 1.0 0.7 0.5 
-0.0447723276064629 0.3482729306579959 0.34601287022810523 0.7 0.85 0.0 0.8 0.65 0.55 1.0 0.0 0.2 1.0 0.35 0.45 0.4 0.95 0.55 0.0 0.0 0.8 0.85 0.75 0.55 0.35 1.0 0.3 0.9 0.5 0.3 0.75 0.65 0.15 0.3 0.8 0.85 1.0 0.65 0.45 
-0.00539307187315054 0.5624948723348402 0.6488359893753326 0.65 0.5 0.8 0.45 0.7 0.25 0.45 0.4 0.35 0.95 0.85 0.6 0.4 0.6 0.7 0.95 0.6 0.45 1.0 0.1 0.35 1.0 0.4 0.55 1.0 0.0 0.5 0.9 0.0 0.3 0.6 0.4 0.4 0.25 0.8 0.4 
-0.05578859460384579 0.29546480614291193 0.45588525583473666 0.7 0.85 0.0 0.8 0.65 0.2 1.0 0.0 0.2 0.8 0.35 0.45 0.4 0.95 0.55 0.0 0.0 0.75 0.95 0.75 0.65 0.35 0.95 0.3 0.7 0.5 0.3 0.75 0.75 0.15 0.2 0.55 0.85 1.0 0.65 0.45 
-0.0031195794347215443 0.5846321328700674 0.6260444324695361 0.6 0.15 1.0 0.8 0.4 0.6 1.0 0.45 0.45 0.85 0.7 0.2 0.9 0.1 0.1 0.4 0.0 0.2 0.95 0.2 0.5 0.8 0.5 0.5 1.0 0.0 0.55 0.4 0.3 0.2 0.9 0.4 0.55 0.25 0.65 0.95 
-0.02629911206711085 0.24824549492328368 0.539691412133665 0.7 0.95 0.3 0.2 0.0 0.6 0.8 0.0 0.2 0.85 0.35 0.45 0.6 0.95 0.55 0.45 0.0 0.3 1.0 0.75 0.3 0.15 0.55 0.25 1.0 0.5 0.25 0.65 0.65 0.15 0.45 0.95 0.7 1.0 0.7 0.5 
-0.011855042097588286 0.6943930538910565 0.586790422106835 0.2 0.55 0.6 0.5 0.4 0.1 1.0 0.45 0.45 0.95 0.9 0.35 0.9 0.8 0.1 0.65 0.75 0.05 0.9 0.2 0.55 1.0 0.5 0.45 1.0 0.0 0.55 0.2 0.3 0.2 0.8 0.4 0.75 0.15 0.1 1.0 
-0.09431702182593511 0.5040065360090867 0.6306048280959354 0.2 0.55 0.6 0.1 0.4 0.45 1.0 0.45 0.45 0.85 0.7 0.4 0.75 0.35 0.5 0.4 0.5 0.2 0.95 0.2 0.55 1.0 0.5 0.5 1.0 0.0 0.55 0.4 0.3 0.2 0.7 0.4 0.55 0.1 0.2 1.0 
-0.35845586544760377 0.6541438812639564 0.3942512358153692 0.2 0.75 0.6 0.45 0.4 0.1 1.0 0.45 0.8 0.95 0.9 0.35 0.6 0.25 0.1 0.65 0.75 0.2 0.45 0.4 0.75 1.0 0.5 0.45 1.0 0.0 0.55 0.2 0.3 0.2 0.35 0.7 0.65 0.1 0.75 0.6 
-0.008445479504028972 0.7158570120722987 0.5153107701233891 0.35 0.7 0.6 0.5 0.4 0.1 1.0 0.45 0.75 0.95 0.9 0.35 0.6 0.8 0.1 0.65 0.75 0.05 0.95 0.2 0.55 1.0 0.5 0.45 1.0 0.0 0.55 0.2 0.3 0.1 0.8 0.4 0.15 0.15 0.1 1.0 
-0.0717670908594438 0.2922419780063016 0.44076955123250317 0.7 0.7 0.0 0.2 0.0 0.05 1.0 0.0 0.2 0.75 0.35 0.45 0.45 0.95 0.55 0.45 0.9 0.75 1.0 0.75 0.35 0.15 0.15 0.9 1.0 0.5 0.25 0.75 0.65 0.15 0.25 0.95 0.25 1.0 0.7 0.5 
-0.01359086711929885 0.6550318080769498 0.3954963552495015 0.2 0.75 0.6 0.45 0.4 0.1 1.0 0.45 0.8 0.95 0.9 0.35 0.6 0.65 0.1 0.65 0.75 0.2 0.45 0.4 0.75 1.0 0.5 0.45 1.0 0.0 0.55 0.2 0.3 0.2 0.35 0.7 0.7 0.1 0.75 0.6 
-0.2244454811766058 0.264812333820302 0.4483375768137194 0.65 0.7 0.0 0.8 0.0 0.05 1.0 0.0 0.2 0.75 0.35 0.45 0.45 0.7 0.55 0.45 0.0 0.7 1.0 0.75 0.55 0.2 0.1 0.3 0.85 0.5 0.25 0.65 0.65 0.15 0.25 0.95 0.6 1.0 0.7 0.5 
-0.006866874796922691 0.3590869672780713 0.5679449516833521 0.75 0.25 0.0 0.9 0.2 0.2 1.0 1.0 0.45 0.8 0.35 0.45 0.1 0.65 0.55 0.0 0.0 0.5 0.95 0.75 0.3 0.0 0.6 0.75 1.0 0.3 0.35 0.55 0.0 0.2 0.5 1.0 0.5 1.0 0.7 0.5 
-0.006265366526520167 0.3925262338032689 0.6123077983267561 0.7 0.85 0.0 0.25 0.2 0.2 1.0 0.0 0.45 0.8 0.35 0.45 0.1 0.65 0.55 0.55 0.0 0.5 0.8 0.65 0.1 0.35 0.6 0.65 1.0 0.3 0.25 0.55 0.95 0.15 0.65 1.0 0.85 0.95 0.7 0.5 
-0.07423241420177612 0.5220128491553628 0.6647334329439489 1.0 0.15 0.6 0.1 0.85 0.6 1.0 0.45 0.45 0.85 0.7 0.25 0.9 0.35 0.1 0.4 0.0 0.2 0.95 0.2 0.55 0.95 0.5 0.5 1.0 0.0 0.55 0.4 0.3 0.2 0.6 0.4 0.55 0.1 0.2 1.0 
-0.02157785622600293 0.5166586147511587 0.6289317265197005 0.5 0.5 0.8 0.45 0.0 1.0 1.0 0.55 0.0 0.75 0.85 0.75 0.4 0.95 0.7 0.0 0.6 0.45 1.0 0.1 0.35 1.0 0.4 0.55 1.0 0.0 0.5 0.8 0.0 0.3 0.55 0.85 0.45 0.3 0.8 0.75 
-0.012756817834495686 0.6629033411676314 0.6356889002479579 0.6 0.15 1.0 0.1 0.4 0.6 0.95 0.45 0.45 0.85 0.7 0.2 0.9 0.1 0.1 0.0 0.0 0.2 0.95 0.2 0.5 0.8 0.5 0.5 1.0 0.0 0.55 0.25 0.3 0.2 0.05 0.4 0.55 0.25 0.55 0.95 
-0.07472432461500914 0.24403207367320923 0.5159127723296921 0.7 0.95 0.3 0.2 0.0 0.6 1.0 0.0 0.2 0.85 0.35 0.45 0.6 0.95 0.55 0.45 0.0 0.3 0.95 0.75 0.3 0.2 0.55 0.25 1.0 0.5 0.25 0.65 0.65 0.15 0.6 0.95 0.7 1.0 0.7 0.5 
-0.019395319750260275 0.6811469450319331 0.4318428436086388 0.2 0.05 0.6 0.5 0.4 0.0 1.0 0.45 0.8 0.95 0.9 0.35 0.6 0.25 0.1 0.65 0.75 0.2 0.3 0.2 0.4 1.0 0.5 0.45 1.0 0.0 0.55 0.2 0.3 0.2 0.35 1.0 0.65 0.1 0.75 0.6 
-0.0012228274200087115 0.26166996452794444 0.4183195492347785 0.35 0.7 0.0 0.8 0.35 0.3 1.0 0.0 0.2 0.75 0.35 0.45 0.3 0.95 0.55 0.45 0.7 0.75 1.0 0.75 0.6 0.25 0.15 0.3 0.7 0.5 0.25 0.7 0.65 0.15 0.25 0.0 0.25 1.0 0.7 0.5 
-0.0309486522076245 0.7148722462906056 0.5419991131421941 0.35 0.7 0.6 0.5 0.4 0.1 1.0 0.45 0.75 0.95 0.9 0.35 0.6 0.8 0.1 0.65 0.75 0.05 0.95 0.2 0.55 1.0 0.5 0.45 1.0 0.0 0.55 0.2 0.3 0.45 0.8 0.4 0.15 0.15 0.1 1.0 
-0.09043291555218014 0.339737648913905 0.5983943725797845 0.25 0.0 0.0 0.05 0.0 0.2 1.0 0.9 0.2 0.85 0.3 0.45 0.2 0.2 0.1 0.8 0.05 0.65 1.0 0.7 0.3 0.1 0.9 0.65 1.0 0.5 0.2 0.35 0.05 0.5 0.5 0.05 0.45 1.0 0.7 0.45 
-0.0018543028039135615 0.3910480944105891 0.5859433969045978 0.7 0.85 0.0 0.25 0.2 0.2 1.0 0.0 0.45 0.8 0.35 0.45 0.1 0.65 0.55 0.55 0.0 0.5 0.8 0.65 0.1 0.35 0.6 0.65 1.0 0.3 0.25 0.55 0.95 0.15 0.65 1.0 0.05 1.0 0.7 0.5 
-0.09571496949009649 0.25007515703979966 0.5165936884826363 0.7 0.7 0.35 0.8 0.0 0.2 1.0 0.0 0.2 0.75 0.35 0.45 0.45 0.95 0.55 0.45 0.0 0.6 1.0 0.75 0.6 0.35 0.15 0.3 0.7 0.5 0.25 0.55 0.65 0.15 0.25 0.6 0.85 1.0 0.7 0.5 
-0.015332376780737825 0.2825713072328261 0.5501057224897312 0.25 0.0 0.05 0.05 0.0 0.2 0.5 0.0 0.2 0.85 0.3 0.45 0.2 0.5 0.1 0.8 0.05 0.0 1.0 0.7 0.3 0.05 0.65 0.45 1.0 0.5 0.2 1.0 0.05 0.5 0.5 0.2 0.5 1.0 0.7 0.45 
-0.028605813940960352 0.4679275118668098 0.38875578022656626 0.2 0.85 0.05 0.25 0.0 0.2 1.0 0.0 0.2 0.8 0.35 0.45 0.1 0.65 0.4 0.0 0.0 0.45 0.1 0.75 0.45 0.2 0.6 0.0 1.0 0.05 0.85 0.95 0.65 0.5 1.0 0.85 0.85 1.0 0.7 0.45 
-0.03256256994608284 0.35609156632960726 0.6100606974037232 0.75 0.85 0.0 0.9 0.2 0.2 1.0 1.0 0.45 0.8 0.35 0.45 0.1 0.65 0.55 0.0 0.0 0.5 0.95 0.75 0.3 0.85 0.6 0.75 0.4 0.25 0.35 0.55 0.0 0.2 0.75 1.0 0.3 1.0 0.55 0.5 
-0.05162840488622476 0.2910463114813264 0.5818228160736606 0.3 0.8 0.1 0.7 0.0 0.6 1.0 0.9 0.2 0.9 0.3 0.45 0.5 0.2 0.6 0.3 1.0 0.85 1.0 0.7 0.25 0.0 0.25 0.05 0.95 0.5 0.2 0.95 1.0 0.45 0.25 0.05 0.55 1.0 0.7 0.45 
-0.024328559643843423 0.39804971433944414 0.611486362764257 0.75 0.85 0.0 0.9 0.0 0.2 1.0 1.0 0.45 0.8 0.35 0.45 0.1 0.8 0.55 0.0 0.0 1.0 0.95 0.75 0.3 0.85 0.6 0.75 0.4 0.3 1.0 0.55 0.85 0.2 0.75 1.0 0.3 1.0 0.7 0.4 
-0.006410220895493828 0.43069955613220734 0.609032078154407 0.75 0.85 0.0 0.1 0.2 0.2 1.0 1.0 0.45 0.8 0.4 0.45 0.1 0.4 0.55 0.0 0.25 0.5 0.95 0.75 0.3 0.95 0.6 0.75 1.0 0.3 0.25 0.55 0.95 0.15 0.85 0.05 0.8 0.75 0.7 0.5 
-0.128659203149368 0.7273012437041392 0.5340250148142717 0.35 0.7 0.6 0.5 0.4 0.1 1.0 0.45 0.75 0.95 0.9 0.35 0.6 0.8 0.1 0.65 0.75 0.05 0.95 0.2 0.55 1.0 0.5 0.45 1.0 0.0 0.55 0.2 0.3 0.2 0.8 0.4 0.15 0.15 0.1 1.0 
-0.034705636186603675 0.581711737795551 0.640484127147374 0.65 0.5 0.8 0.8 0.0 1.0 0.45 0.8 0.05 0.95 0.85 0.6 0.4 0.6 0.7 0.95 0.6 0.45 1.0 0.1 0.35 1.0 0.4 0.55 1.0 0.0 0.5 0.8 0.0 0.3 0.55 0.75 0.45 0.3 0.8 0.65 
-0.03442413281261831 0.5906559548899459 0.6744929119725676 0.2 0.5 0.65 0.1 0.4 0.6 1.0 0.45 0.4 1.0 0.7 0.2 0.9 0.35 0.1 0.4 0.0 0.05 1.0 0.2 0.55 1.0 0.5 0.5 0.9 0.0 0.55 0.4 0.3 0.2 0.5 0.4 0.55 0.1 1.0 0.95 
-0.002264334388186031 0.6777200266596619 0.6388893993315314 0.2 0.55 0.35 0.15 0.4 0.6 1.0 0.45 0.5 0.85 0.7 0.2 0.75 0.1 0.1 0.65 0.2 0.25 1.0 0.2 0.55 0.95 0.5 0.45 0.9 0.0 0.55 0.2 0.3 0.15 0.95 0.4 0.7 0.35 0.1 1.0 
-0.01815702196954689 0.4878176633488285 0.3782811840551933 0.2 0.6 0.4 0.25 0.0 0.2 1.0 0.0 0.2 0.7 0.35 0.45 0.1 0.65 0.55 0.0 0.0 0.5 0.9 0.75 0.05 0.2 0.6 0.55 1.0 0.05 1.0 0.75 0.65 0.15 0.35 0.85 0.85 1.0 0.6 0.45 
-0.06447820455101333 0.638444672375902 0.3645671343035781 0.2 0.25 0.9 0.45 0.15 0.1 1.0 0.45 0.8 0.95 0.9 0.35 0.6 0.25 0.5 0.9 0.75 0.2 0.45 0.6 0.75 1.0 0.5 0.45 1.0 0.0 0.55 0.2 0.3 0.2 0.35 0.45 0.55 0.1 0.45 0.85 
-0.09278045836002412 0.6996427273479197 0.4492347597779214 0.8 0.55 0.6 0.5 0.4 0.8 1.0 0.45 0.85 0.95 0.9 0.35 0.6 0.4 0.0 0.65 0.75 0.05 0.5 0.2 0.55 1.0 0.5 0.45 1.0 0.0 0.55 0.2 0.3 0.2 0.3 0.4 0.8 0.15 0.1 1.0 
-0.28241474111421755 0.496582330241106 0.6558004886722075 0.35 0.85 0.0 0.1 0.2 0.2 1.0 1.0 0.45 0.95 0.4 0.45 0.1 0.65 0.55 0.0 0.6 0.0 0.95 0.75 0.3 0.9 0.6 0.75 1.0 0.3 0.6 0.55 0.8 0.25 0.5 0.5 0.8 1.0 0.7 0.05 
-0.05601450859966466 0.3052882412406598 0.36282682986065323 0.7 0.45 0.0 0.8 0.35 0.2 1.0 0.0 0.2 0.85 0.35 0.45 0.65 0.55 0.55 0.45 0.0 0.3 1.0 0.75 0.5 0.3 0.15 0.3 0.7 0.5 0.25 0.95 0.65 0.15 0.15 0.75 0.3 1.0 0.7 0.5 
-0.006340750235353999 0.44816053802057537 0.35667331631562194 0.2 0.6 0.0 0.25 0.0 0.2 1.0 0.0 0.2 0.85 0.35 0.45 0.9 0.65 0.55 0.0 0.0 0.5 1.0 0.75 0.05 0.2 0.6 0.9 1.0 0.05 1.0 0.85 0.65 0.15 0.4 0.85 0.85 1.0 0.6 0.45 
-0.00257601987524518 0.5756442329645675 0.3706600519002433 0.75 0.55 0.6 0.75 0.4 0.0 1.0 0.45 0.5 0.9 0.95 0.2 0.6 0.25 0.6 0.8 0.75 0.25 1.0 0.45 0.85 1.0 0.5 0.45 0.45 0.0 0.55 0.2 0.3 0.9 0.5 0.6 0.7 0.1 0.1 1.0 
-0.0202719964204206 0.6915961229153197 0.62627296710311 0.0 0.45 1.0 0.45 0.4 0.6 1.0 0.45 0.5 0.85 0.7 0.2 0.9 0.1 0.95 0.4 0.0 0.2 0.9 0.2 0.5 0.85 0.5 0.55 1.0 0.0 0.55 0.2 0.3 0.2 0.5 0.4 0.55 0.25 0.55 0.95 
-0.06719532527636543 0.27559148130502675 0.42473646157042594 0.7 0.6 0.0 0.8 0.6 0.3 1.0 0.0 0.2 0.75 0.35 0.45 0.45 0.95 0.55 0.45 0.2 0.75 1.0 0.75 0.6 0.25 0.35 0.3 0.7 0.5 0.25 0.75 0.65 0.15 0.25 0.0 0.6 1.0 0.7 0.5 
-0.02194083809176409 0.7378177548985518 0.5491298534643253 0.2 0.55 0.6 0.5 0.4 0.1 1.0 0.45 0.75 0.95 0.9 0.35 0.6 0.8 0.1 0.65 0.75 0.05 1.0 0.2 0.55 1.0 0.5 0.45 1.0 0.0 0.55 0.2 0.3 0.2 0.8 0.4 0.75 0.15 0.1 1.0 
-0.05952319695704429 0.32113862711758934 0.5940400560631952 0.6 0.75 0.0 0.05 0.0 0.2 1.0 0.0 0.2 0.7 0.3 0.45 0.2 0.2 0.1 0.05 0.05 0.0 1.0 0.7 0.25 0.0 0.6 0.05 1.0 0.5 0.2 0.3 0.15 0.5 0.65 0.2 0.8 1.0 0.7 0.45 
-0.015224045923232128 0.7095769490664398 0.5621258834798815 0.2 0.35 0.6 0.1 0.95 0.6 1.0 0.45 0.85 0.85 0.7 0.2 0.3 0.25 0.1 1.0 0.75 0.8 0.95 0.2 0.55 0.95 0.5 0.45 1.0 0.0 0.55 0.25 0.3 0.1 0.6 0.4 0.2 0.15 0.75 0.9 
-0.017510584825717178 0.45376175722558765 0.618024064172022 1.0 0.85 0.0 0.55 0.2 0.2 0.65 1.0 0.45 0.8 0.4 0.45 0.1 0.0 0.4 0.0 0.9 0.5 0.95 0.75 0.3 0.95 0.6 0.75 0.95 0.3 0.6 0.55 0.95 0.15 0.3 0.55 0.65 1.0 0.7 0.1 
-0.25278263538835793 0.47042637542687205 0.36990243943391676 0.2 0.6 0.0 0.25 0.0 0.2 1.0 0.0 0.2 0.8 0.35 0.45 0.1 0.65 0.55 0.0 0.0 0.5 0.6 0.75 0.05 0.15 0.6 0.9 1.0 0.05 1.0 0.75 0.65 0.15 0.4 0.85 0.85 1.0 0.6 0.45 
-0.003631198686131801 0.36890693644557726 0.6088208199162402 0.75 0.85 0.0 0.9 0.0 0.2 1.0 1.0 0.45 0.8 0.35 0.45 0.1 0.75 0.55 0.0 0.0 1.0 0.95 0.75 0.3 0.85 0.6 0.75 0.4 0.3 0.35 0.55 0.0 0.2 0.75 0.95 0.3 1.0 0.45 0.4 
-0.023453652060972562 0.3588811523376418 0.6206613824021158 0.75 0.85 0.0 0.9 0.0 0.2 1.0 1.0 0.45 0.8 0.35 0.45 0.1 0.75 0.55 0.0 0.0 1.0 0.95 0.75 0.3 0.85 0.6 0.75 0.4 0.3 0.35 0.55 0.0 0.2 0.75 1.0 0.3 1.0 0.45 0.4 
-0.02046194320211069 0.709086529248218 0.4707405461600799 0.1 0.55 0.6 0.5 0.0 0.05 1.0 0.45 0.75 0.95 0.9 0.35 0.6 0.8 0.1 0.65 0.75 0.05 1.0 0.2 0.25 1.0 0.5 0.45 1.0 0.0 0.55 0.2 0.3 0.2 0.3 0.4 0.75 0.15 0.3 1.0 
-0.021343091881995496 0.2721316363442723 0.37987362759210114 0.7 0.45 0.0 0.8 0.35 0.2 1.0 0.0 0.2 0.85 0.35 0.45 0.65 0.55 0.55 0.45 0.0 0.3 1.0 0.75 0.5 0.3 0.15 0.3 0.85 0.5 0.25 0.8 0.65 0.15 0.15 0.7 0.3 1.0 0.7 0.5 
-0.0023132684598044166 0.47276449756306116 0.6270899181769796 1.0 0.85 0.0 0.55 0.2 0.2 0.65 1.0 0.45 0.8 0.4 0.45 0.1 0.0 0.4 0.0 0.9 0.5 0.95 0.75 0.3 0.95 0.6 0.75 0.95 0.3 0.6 0.55 0.95 0.15 0.15 0.55 0.65 1.0 0.7 0.1 
-0.034091030664841114 0.2683590147445677 0.5892395888611519 0.25 0.0 0.05 0.05 0.0 0.2 1.0 0.0 0.2 0.85 0.3 0.45 0.2 0.2 0.1 0.8 0.05 0.0 1.0 0.7 0.3 0.05 0.6 0.45 1.0 0.5 0.2 1.0 0.05 0.5 0.5 0.2 0.75 1.0 0.7 0.45 
-0.021705017475931607 0.6440385026273756 0.6504293852588718 0.6 0.15 1.0 0.1 0.4 0.6 1.0 0.45 0.45 0.85 0.7 0.2 0.9 0.1 0.1 0.4 0.0 0.2 0.95 0.2 0.5 0.8 0.5 0.5 1.0 0.0 0.55 0.4 0.3 0.2 0.2 0.4 0.55 0.25 0.55 0.95 
-0.00022596954691687734 0.3983512030272189 0.6576947302879006 0.75 0.85 0.0 0.9 0.2 0.2 1.0 1.0 0.45 0.8 0.35 0.4 0.1 0.65 0.55 0.0 0.8 0.5 0.95 0.75 0.3 0.85 0.6 0.75 0.4 0.3 0.35 0.55 0.0 0.2 0.75 1.0 0.3 1.0 0.7 0.5 
-0.04666944029030336 0.3794288538538733 0.6326267367944016 0.75 0.85 0.0 0.9 0.0 0.2 1.0 1.0 0.45 0.8 0.35 0.45 0.1 0.8 0.55 0.0 0.0 1.0 0.95 0.75 0.3 0.85 0.6 0.75 0.4 0.2 0.35 0.55 0.0 0.2 0.75 1.0 0.3 1.0 0.7 0.4 
-0.12470319819760027 0.40790983853036095 0.6274375114827759 0.75 0.85 0.0 0.9 0.2 0.2 0.7 1.0 0.45 0.8 0.35 0.4 0.1 0.65 0.55 0.0 0.8 0.5 0.95 0.75 0.3 0.85 0.6 0.75 0.15 0.3 0.35 0.55 0.0 0.2 0.75 1.0 0.3 1.0 0.7 0.5 
-0.07899155540360565 0.6705071271350547 0.6488064661214634 0.2 0.15 0.6 0.65 0.4 0.6 1.0 0.45 0.5 0.85 0.7 0.2 0.9 0.25 0.1 0.3 0.0 0.2 0.95 0.2 0.55 0.95 0.5 0.5 1.0 0.0 0.55 0.2 0.3 0.2 0.7 0.4 0.7 0.5 0.1 1.0 
-0.027980074589581894 0.5677189154973049 0.6642166942557821 0.2 0.15 0.6 0.1 0.4 0.6 1.0 0.45 0.45 1.0 0.7 0.2 0.9 0.35 0.1 0.4 0.0 0.05 0.95 0.2 0.55 0.95 0.5 0.5 0.95 0.0 0.55 0.4 0.3 0.2 0.65 0.4 0.55 0.1 0.2 0.95 
-0.009270101900710183 0.7137802950871527 0.613148206297118 0.6 0.35 0.6 0.9 0.95 0.6 1.0 0.45 0.75 0.85 0.7 0.2 0.6 0.85 0.55 1.0 0.6 0.25 0.9 0.2 0.55 0.85 0.5 0.45 1.0 0.0 0.55 0.25 0.3 0.15 0.85 0.4 0.75 0.15 0.5 0.65 
-0.02109291403830183 0.4569392246917568 0.650672296656961 0.6 0.75 0.05 0.1 0.9 0.2 1.0 1.0 0.3 0.95 0.4 0.45 0.1 0.65 0.25 0.0 0.0 0.0 0.95 0.75 0.3 0.95 0.6 0.75 1.0 0.35 0.6 0.55 0.8 0.15 0.7 0.8 0.8 1.0 0.7 0.05 
-0.17011667360960536 0.4232515398671169 0.6817004606722376 0.35 0.85 0.0 0.1 0.2 0.2 1.0 1.0 0.45 0.8 0.4 0.45 0.1 0.65 0.55 0.0 0.5 0.0 0.9 0.75 0.3 0.95 0.6 0.75 1.0 0.3 0.6 0.55 0.8 0.15 0.05 0.55 0.85 1.0 0.7 0.5 
-0.664320875147362 0.2343084222133177 0.5572822105834706 0.3 0.8 0.1 0.7 0.0 0.2 1.0 0.95 0.2 0.9 0.3 0.45 0.5 0.2 0.6 0.3 0.8 0.05 1.0 0.7 0.25 0.0 0.6 0.05 0.9 0.5 0.2 0.95 1.0 0.45 0.25 0.05 0.5 1.0 0.7 0.45 
-0.02168178680416824 0.4430804619175849 0.6592049146206478 0.35 0.8 0.7 0.1 0.2 0.2 1.0 1.0 0.45 0.95 0.4 0.45 0.1 0.65 0.55 0.0 0.15 0.0 0.95 0.75 0.55 0.95 0.6 0.75 1.0 0.3 0.6 0.4 0.8 0.15 0.6 0.55 0.3 1.0 0.7 0.5 
-0.05703108569692939 0.7073502632237018 0.5900557436905038 0.0 0.55 0.6 0.5 0.75 0.6 1.0 0.45 0.5 0.7 0.7 0.2 0.6 0.25 0.1 1.0 0.75 0.25 0.95 0.2 0.55 0.85 0.5 0.45 0.95 0.0 0.55 0.4 0.3 0.2 0.6 0.4 0.7 0.15 0.1 1.0 
-0.1095957139689815 0.5304875771116482 0.3655753362461379 0.2 0.75 0.65 0.45 0.4 0.1 1.0 0.45 0.8 0.95 0.9 0.35 0.6 0.25 0.1 0.5 0.1 0.2 0.75 0.6 0.75 1.0 0.5 0.45 0.85 0.05 0.35 0.2 0.75 0.2 0.0 0.7 0.05 0.05 0.35 0.9 
-0.14890198442692434 0.3522742002611405 0.34169879795451963 0.7 0.85 0.0 0.8 0.65 0.2 1.0 0.0 0.2 1.0 0.35 0.45 0.4 0.95 0.55 0.0 0.0 0.8 0.85 0.75 0.55 0.35 1.0 0.3 0.9 0.5 0.3 0.75 0.65 0.15 0.35 0.8 0.85 1.0 0.65 0.45 
-0.13172824826114532 0.5520705705473453 0.3601822159093243 0.0 0.45 0.95 0.25 0.7 0.1 1.0 0.45 0.8 0.95 0.9 0.35 0.6 0.15 0.1 0.65 0.25 0.2 0.45 0.2 0.75 1.0 0.5 0.45 1.0 0.0 0.4 0.25 0.05 0.0 0.45 0.5 0.35 0.1 0.95 0.9 
-0.015785099805407345 0.5507286524679028 0.3597822372617896 0.0 0.45 0.95 0.5 0.7 0.1 1.0 0.45 0.8 0.95 0.9 0.35 0.6 1.0 0.1 0.65 0.25 0.2 0.45 0.2 0.75 1.0 0.5 0.45 1.0 0.0 0.4 0.25 0.05 0.0 0.5 0.5 0.35 0.1 0.9 0.85 
-0.2478416358377522 0.2630203537953979 0.5614109609206143 0.3 0.8 0.1 0.7 0.0 0.2 1.0 0.95 0.25 0.8 0.3 0.45 0.5 0.2 0.6 0.3 1.0 0.85 1.0 0.7 0.25 0.0 0.6 0.05 0.95 0.5 0.2 0.95 1.0 0.5 0.25 0.05 0.55 1.0 0.7 0.45 
-0.0013312250491666134 0.6515064949001502 0.6722136734477638 0.5 0.75 0.7 0.65 0.35 0.85 1.0 0.45 0.45 0.85 0.7 0.2 0.9 0.9 0.75 0.3 0.35 0.2 0.95 0.2 0.55 0.85 0.5 0.5 1.0 0.0 0.55 0.2 0.3 0.2 0.8 0.4 0.7 0.25 0.95 0.95 
-2.6417174177349616 0.46437433726317634 0.6839768620884756 0.6 0.75 1.0 0.1 0.9 0.2 1.0 1.0 0.3 0.9 0.4 0.45 0.75 0.65 0.25 0.0 0.0 0.0 0.95 0.75 0.3 0.95 0.6 0.75 1.0 0.35 0.6 0.55 0.8 0.15 0.5 0.8 0.8 1.0 0.7 0.05 
-0.0007111770481294575 0.4579631030732206 0.6844957783260087 0.35 0.85 0.0 0.1 0.2 0.2 1.0 1.0 0.45 0.95 0.4 0.45 0.1 0.65 0.55 0.0 0.6 0.0 0.95 0.75 0.3 0.9 0.6 0.75 1.0 0.3 0.6 0.55 0.8 0.25 0.5 0.5 0.8 1.0 0.7 0.5 
-0.014073033908339376 0.6175473692183522 0.3630136747527154 0.2 0.75 0.9 0.45 0.4 0.1 1.0 0.45 0.8 0.95 0.9 0.35 0.6 0.25 0.1 0.65 0.75 0.2 0.45 0.6 0.75 1.0 0.5 0.45 1.0 0.0 0.55 0.2 0.3 0.2 0.35 0.7 0.45 0.1 0.75 0.9 
-0.4508274326833534 0.6063396953740676 0.35563660454869206 0.2 0.75 0.9 0.45 0.4 0.1 1.0 0.45 0.8 0.95 0.9 0.35 0.6 0.25 0.1 0.65 0.75 0.2 0.45 0.6 0.75 1.0 0.5 0.45 1.0 0.0 0.55 0.2 0.3 0.2 0.35 0.75 0.65 0.1 0.75 0.9 
-0.1796543877427855 0.2487875003530109 0.45287098104312706 0.65 0.7 0.0 0.8 0.0 0.05 1.0 0.0 0.2 0.75 0.35 0.45 0.45 0.4 0.55 0.45 0.0 0.7 1.0 0.75 0.55 0.2 0.15 0.3 0.85 0.5 0.25 0.65 0.65 0.15 0.25 0.95 0.6 1.0 0.7 0.5 
-0.006875688000249463 0.47163539909329066 0.6477450609134929 0.35 1.0 0.0 0.1 0.2 0.2 1.0 1.0 0.45 0.95 0.4 0.45 0.1 0.65 0.55 0.0 0.6 0.0 0.95 0.75 0.3 0.9 0.6 0.75 1.0 0.3 0.6 0.55 0.8 0.25 0.5 0.5 0.55 1.0 0.7 0.05 
-0.057535841302104034 0.4788297228319157 0.6539818645547932 0.6 0.75 0.05 0.1 0.9 0.2 1.0 1.0 0.3 0.95 0.4 0.45 0.1 0.65 0.25 0.0 0.0 0.0 0.95 0.75 0.3 0.95 0.6 0.75 1.0 0.35 0.6 0.35 0.8 0.15 0.7 0.8 0.8 1.0 0.7 0.15 
-0.020083970833400362 0.4878288967955514 0.6361811210270246 1.0 0.85 0.0 0.1 0.2 0.1 0.4 1.0 0.45 0.8 0.4 0.45 0.1 0.35 0.55 0.0 0.0 0.5 0.95 0.75 0.2 0.95 0.6 0.75 1.0 0.3 0.55 0.55 0.8 0.15 0.15 1.0 1.0 1.0 0.7 0.35 
-0.004849533141461631 0.25464816552884273 0.5966855162859398 0.25 0.0 0.0 0.05 0.0 0.8 1.0 0.0 0.2 0.85 0.3 0.45 0.2 0.2 0.1 0.8 0.05 0.65 1.0 0.7 0.3 0.05 0.9 0.05 1.0 0.5 0.2 0.9 0.05 0.5 0.5 0.05 0.4 1.0 0.7 0.45 
-0.09399555496289244 0.731892215375361 0.5765588958766157 0.6 0.35 0.6 0.9 0.95 0.6 1.0 0.45 0.85 0.85 0.7 0.2 0.6 0.85 0.55 0.4 0.75 0.25 0.85 0.2 0.55 0.85 0.5 0.45 1.0 0.0 0.55 0.25 0.3 0.15 0.85 0.4 0.9 0.15 0.5 0.65 
-0.7916262941125383 0.48340697460349213 0.6767387498064603 0.35 1.0 0.0 0.1 0.2 0.2 1.0 1.0 0.45 0.95 0.4 0.45 0.1 0.65 0.55 0.0 0.6 0.0 0.95 0.75 0.3 0.9 0.6 0.75 1.0 0.3 0.6 0.55 0.85 0.25 0.5 0.5 0.55 1.0 0.7 0.05 
-13.34055572049208 0.5137749684376525 0.7052203243181199 0.2 0.15 1.0 0.1 0.4 0.6 1.0 0.45 0.15 1.0 0.7 0.2 0.9 0.35 0.1 0.4 0.0 0.05 0.95 0.2 0.55 0.95 0.5 0.5 0.95 0.0 0.55 0.4 0.3 0.2 0.85 0.4 0.55 0.2 0.45 0.95 
-0.5267025046704984 0.3392779576436811 0.6413951275442523 0.95 0.95 0.25 0.95 0.6 0.5 0.0 0.25 0.7 0.7 0.3 0.3 0.25 0.85 0.1 0.45 0.75 0.2 0.85 0.7 0.5 0.15 0.35 1.0 1.0 0.5 0.2 0.95 0.0 0.5 0.6 0.0 0.55 0.9 0.7 0.55 
-0.00811285985425582 0.6209113990949147 0.6721485767252492 0.75 0.5 0.7 0.65 0.55 0.25 0.55 0.75 0.35 0.95 0.85 0.6 0.4 0.6 0.7 0.95 0.6 0.45 1.0 0.1 0.35 1.0 0.4 0.55 1.0 0.0 0.5 0.8 0.95 0.3 0.45 0.4 0.35 0.3 0.8 0.6 
-0.19238227066844435 0.7328450437891658 0.6097071814154652 0.6 0.35 0.6 0.55 0.95 0.6 0.95 0.45 0.85 0.85 0.7 0.2 0.6 0.85 0.55 0.0 0.75 0.25 0.9 0.2 0.55 0.85 0.5 0.45 1.0 0.0 0.55 0.25 0.3 0.15 0.85 0.4 0.75 0.15 0.5 0.65 
-0.21470366630598697 0.64268008596221 0.6879020835390504 0.6 0.15 1.0 0.1 0.4 0.6 1.0 0.45 0.45 0.85 0.7 0.2 0.9 0.1 0.1 0.4 0.0 0.2 0.95 0.2 0.5 0.8 0.5 0.5 1.0 0.0 0.55 0.4 0.3 0.2 0.7 0.4 0.55 0.25 0.2 1.0 
-7.136066364396704 0.4442414393762575 0.6957252970505352 0.65 0.85 0.0 0.1 0.3 0.1 1.0 1.0 0.45 0.95 0.4 0.45 0.55 0.5 0.25 0.75 1.0 0.75 0.95 0.75 0.3 0.95 0.6 0.75 1.0 0.35 0.6 0.55 0.8 0.15 0.45 0.9 0.9 1.0 0.7 0.45 
-1.1896953606794778 0.4559876467105891 0.7008784769971153 0.6 0.75 1.0 0.1 0.9 0.2 1.0 1.0 0.3 0.9 0.4 0.45 0.75 0.65 0.25 0.0 0.0 0.0 0.95 0.75 0.15 0.95 0.6 0.75 1.0 0.35 0.6 0.55 0.8 0.15 0.5 0.8 0.8 1.0 0.7 0.05 
-0.7405943712081953 0.5196724299799749 0.6717152997031081 0.2 0.65 0.6 0.1 0.4 0.6 1.0 0.45 0.45 1.0 0.7 0.2 0.9 0.3 0.1 0.4 0.0 0.05 0.95 0.2 0.55 0.95 0.5 0.5 0.95 0.0 0.55 0.4 0.3 0.2 0.65 0.4 0.55 0.4 0.2 0.95 
-0.22468548306348274 0.40579490273822444 0.6748460948610416 0.75 0.85 0.0 0.9 0.2 0.2 1.0 1.0 0.45 0.8 0.35 0.4 0.1 0.65 0.55 0.0 0.8 0.5 0.95 0.75 0.3 0.85 0.6 0.75 0.5 0.3 0.35 0.55 0.0 0.2 0.75 1.0 0.3 1.0 0.7 0.45 
-0.021155656284207458 0.24704497335395342 0.43779884961077503 0.65 0.7 0.0 0.8 0.0 0.05 1.0 0.0 0.2 0.75 0.35 0.45 0.45 0.4 0.55 0.45 0.0 0.7 1.0 0.75 0.35 0.2 0.15 0.3 0.85 0.5 0.25 0.65 0.65 0.15 0.2 0.95 0.35 1.0 0.7 0.5 
-0.06425161438757027 0.537858131284483 0.6595255366383842 0.65 0.3 0.8 0.85 0.85 0.9 0.7 0.85 0.4 0.85 0.8 0.7 0.5 0.0 0.75 0.95 0.65 0.3 1.0 0.1 0.35 0.85 0.45 0.0 1.0 0.0 0.5 0.8 0.0 0.3 1.0 0.85 0.9 0.3 0.85 0.8 
-0.1661029246004306 0.5548720590290932 0.680448730777088 0.2 0.15 0.9 0.1 1.0 0.6 0.95 0.45 0.15 1.0 0.7 0.2 0.9 0.35 0.75 0.4 0.0 0.05 0.95 0.2 0.55 0.95 0.5 0.5 1.0 0.0 0.65 0.25 0.3 0.2 0.95 0.4 0.55 0.1 0.3 0.85 
-0.1340684107725974 0.6992996314116645 0.6364546762914894 0.0 0.15 1.0 0.1 0.4 0.6 1.0 0.45 0.5 0.85 0.7 0.2 0.85 0.55 0.55 0.4 0.9 0.2 0.85 0.2 0.5 0.85 0.5 0.55 1.0 0.0 0.55 0.2 0.3 0.2 0.7 0.4 0.55 0.25 0.55 0.95 
-0.03169398559653243 0.3865745263309193 0.6640461392391656 0.75 0.85 0.0 0.9 0.2 0.2 1.0 1.0 0.45 0.8 0.35 0.4 0.1 0.65 0.55 0.0 0.8 0.5 0.95 0.75 0.3 0.85 0.6 0.75 0.5 0.3 0.35 0.55 0.0 0.2 0.75 1.0 0.3 1.0 0.7 0.5 
-0.030411721141669845 0.2686451861404865 0.6109234449880266 0.25 0.0 0.0 0.3 0.0 0.2 1.0 0.0 0.2 0.85 0.3 0.45 0.2 0.2 0.1 0.7 0.05 0.25 1.0 0.7 0.3 0.0 0.6 0.05 1.0 0.5 0.2 0.9 0.05 0.5 0.55 0.9 0.55 1.0 0.7 0.45 
-6.777627045408628 0.41283940511365935 0.6970295368953562 0.65 0.85 0.0 0.1 0.3 0.1 1.0 1.0 0.45 0.95 0.4 0.45 0.55 0.5 0.25 0.75 1.0 0.75 0.95 0.75 0.3 0.95 0.6 0.75 1.0 0.35 0.6 0.7 0.8 0.15 0.2 0.9 0.9 1.0 0.7 0.45 
-0.045751699285277614 0.3953936292717938 0.34444828861430427 0.7 0.85 0.0 0.05 0.65 0.2 1.0 0.0 0.2 1.0 0.35 0.45 0.15 0.95 0.55 0.35 0.0 0.8 0.15 0.75 0.55 0.35 1.0 0.3 0.9 0.5 0.3 0.75 0.65 0.15 0.35 0.8 0.85 1.0 0.65 0.45 
-0.026509802919203934 0.5874006468873859 0.6962112197853967 0.2 0.15 0.9 0.1 1.0 0.6 0.95 0.45 0.15 1.0 0.7 0.2 0.9 0.35 0.75 0.4 0.0 0.05 0.95 0.2 0.55 0.95 0.5 0.5 1.0 0.0 0.65 0.4 0.3 0.2 0.95 0.4 0.55 0.1 0.55 0.85 
-0.2217162286736315 0.2928255254739701 0.6351302176079168 0.95 0.75 0.0 0.05 0.0 0.2 1.0 0.0 0.2 0.8 0.3 0.45 0.5 0.2 0.6 0.6 1.0 0.85 1.0 0.7 0.55 0.0 0.6 0.05 1.0 0.5 0.2 1.0 0.0 0.5 0.25 0.2 0.65 1.0 0.7 0.45 
-0.0909296606195248 0.288827284518297 0.6259221469279279 0.95 0.75 0.0 0.05 0.0 0.2 1.0 0.0 0.2 0.8 0.3 0.45 0.5 0.2 0.6 0.6 1.0 0.85 1.0 0.7 0.55 0.0 0.6 0.05 1.0 0.5 0.2 0.95 0.0 0.5 0.25 0.2 0.65 1.0 0.7 0.45 
-1.9839169309435358 0.25712446466026806 0.6234797475182892 0.25 0.0 0.0 0.05 0.0 0.8 1.0 0.0 0.2 0.85 0.3 0.45 0.2 0.2 0.1 1.0 0.05 0.65 1.0 0.7 0.3 0.05 0.9 0.25 1.0 0.5 0.2 0.9 0.05 0.5 0.5 0.05 0.4 1.0 0.7 0.45 
-0.04662447650148419 0.6285372712455859 0.70369506990105 0.6 0.4 1.0 0.1 0.4 0.35 1.0 0.45 0.45 0.8 0.7 0.2 0.9 0.1 0.25 0.4 0.0 0.2 0.95 0.2 0.55 0.8 0.5 0.5 1.0 0.0 0.55 0.4 0.3 0.2 0.85 0.4 0.55 0.25 0.2 1.0 
-0.20604661748894698 0.32285498522926714 0.6056052980756855 0.6 0.9 0.0 0.05 0.0 0.2 1.0 0.0 0.2 0.7 0.3 0.45 0.2 0.2 0.1 0.05 0.05 0.0 1.0 0.7 0.3 0.0 0.6 0.05 1.0 0.5 0.2 0.6 0.15 0.5 0.65 0.2 0.8 1.0 0.7 0.45 
-0.2674000820422196 0.22963106020821972 0.5712698463600895 0.3 0.8 0.1 0.7 0.0 0.2 1.0 0.95 0.2 0.9 0.3 0.45 0.5 0.2 0.6 0.3 0.8 0.05 1.0 0.7 0.25 0.0 0.6 0.05 0.95 0.5 0.2 0.95 1.0 0.45 0.25 0.05 0.5 1.0 0.7 0.45 
-2.009586438998021 0.23411724243187387 0.4962619106976384 0.7 0.95 0.3 0.2 0.0 0.6 1.0 0.0 0.2 0.85 0.35 0.45 0.6 0.95 0.55 0.45 0.0 0.3 1.0 0.75 0.3 0.15 0.55 0.25 1.0 0.5 0.25 0.65 0.65 0.15 0.45 0.95 0.7 1.0 0.7 0.5 
-0.018959301104485148 0.2597339470002613 0.5998259320597698 0.0 0.0 0.0 0.05 0.0 0.8 1.0 0.0 0.2 0.85 0.3 0.45 0.2 0.2 0.1 0.8 0.05 0.65 0.95 0.7 0.3 0.0 0.9 0.05 1.0 0.5 0.2 0.9 0.05 0.5 0.5 0.05 0.4 1.0 0.7 0.45 
-5.362371188394892 0.3688427189895255 0.3275366046194198 0.7 0.85 0.0 0.8 0.5 0.2 1.0 0.0 0.2 1.0 0.35 0.45 0.4 1.0 0.55 0.0 0.0 0.8 0.8 0.75 0.4 0.35 1.0 0.3 0.9 0.5 0.3 1.0 0.65 0.15 0.35 0.8 0.5 1.0 0.65 0.45 
-18.189245038170398 0.4522471896929665 0.7003486673164322 0.35 0.85 0.0 0.1 0.3 0.1 1.0 1.0 0.45 0.95 0.4 0.45 0.1 0.65 0.25 0.75 1.0 0.0 0.95 0.75 0.45 0.95 0.6 0.75 1.0 0.35 0.6 0.55 0.8 0.15 0.45 0.9 0.8 1.0 0.7 0.5 
-0.12610908176741942 0.41831138669104323 0.34539104056338676 0.7 0.85 0.0 0.8 0.65 0.2 0.85 0.0 0.2 1.0 0.35 0.45 0.15 0.95 0.55 0.35 0.0 0.8 0.2 0.75 0.15 0.35 1.0 0.3 0.9 0.5 0.3 0.75 0.65 0.15 0.35 0.8 0.85 1.0 0.65 0.45 
-10.919938062071981 0.24043821276500688 0.4736659597983984 0.65 0.7 0.55 0.8 0.0 0.05 0.95 0.0 0.2 0.75 0.35 0.45 0.45 0.4 0.55 0.45 0.0 0.35 1.0 0.75 0.55 0.2 0.15 0.3 0.85 0.5 0.25 0.65 0.65 0.15 0.25 0.95 0.6 1.0 0.7 0.5 
-0.3840209666217185 0.6011451910413511 0.6976978047097919 0.2 0.15 0.6 0.1 1.0 0.6 0.95 0.45 0.15 1.0 0.7 0.2 0.9 0.35 0.75 0.4 0.0 0.05 0.95 0.2 0.55 0.95 0.5 0.5 1.0 0.0 0.65 0.4 0.3 0.2 0.95 0.4 0.55 0.1 0.55 0.95 
-0.9512311711621981 0.30289219446782634 0.6304484078107736 0.75 0.75 0.1 0.05 0.0 0.0 1.0 0.0 0.2 0.8 0.3 0.45 0.5 0.2 0.6 0.6 1.0 0.85 1.0 0.7 0.7 0.0 0.6 0.05 0.95 0.5 0.2 0.95 1.0 0.5 0.25 0.2 0.6 0.95 0.7 0.45 
-0.3566976798808008 0.3328220903123439 0.634884691995618 0.95 0.95 0.25 0.5 0.6 0.5 0.05 0.1 0.7 0.7 0.3 0.3 0.25 0.85 0.1 0.45 0.75 0.2 0.85 0.7 0.35 0.15 0.35 1.0 1.0 0.5 0.2 0.95 0.0 0.5 0.6 0.0 0.55 0.9 0.7 0.55 
-0.3017615413282609 0.2685470722344451 0.3986626834050961 0.7 0.7 0.0 0.2 0.0 0.05 1.0 0.0 0.2 0.75 0.35 0.45 0.45 0.95 0.85 0.65 0.0 0.75 1.0 0.75 0.4 0.15 0.15 0.3 1.0 0.5 0.25 0.65 0.65 0.15 0.25 0.8 0.25 1.0 0.7 0.5 
-0.13923375820453238 0.4452374440607872 0.3440815088115007 0.05 0.85 0.25 0.8 0.65 0.7 1.0 0.0 0.2 1.0 0.35 0.45 0.4 0.05 0.55 0.45 0.4 0.95 0.65 0.95 0.55 0.45 1.0 0.3 0.5 0.5 0.3 0.95 0.65 0.15 0.25 0.8 0.85 0.9 0.65 0.45 
-0.3442148096793149 0.25095068891865113 0.4134614602688228 0.7 0.7 0.0 0.2 0.0 0.05 1.0 0.0 0.2 0.75 0.35 0.45 0.45 1.0 0.55 0.45 0.4 0.45 1.0 0.75 0.35 0.1 0.15 0.3 1.0 0.5 0.25 0.75 0.65 0.15 0.25 0.95 0.45 1.0 0.7 0.5 
-0.14329628213509737 0.574097835696157 0.7067591269881506 0.2 0.5 0.65 0.1 0.4 0.6 1.0 0.45 0.1 1.0 0.7 0.2 0.9 0.35 0.45 0.4 0.0 0.05 0.95 0.2 0.55 1.0 0.5 0.5 0.9 0.0 0.55 0.45 0.3 0.2 0.95 0.4 0.55 0.2 1.0 0.95 
-0.3509175638534576 0.6627295546347994 0.6913375286477605 0.6 0.15 1.0 0.1 0.4 0.6 1.0 0.45 0.45 0.85 0.7 0.2 0.9 0.1 0.1 0.4 0.0 0.2 0.95 0.2 0.5 0.8 0.5 0.5 1.0 0.0 0.55 0.4 0.3 0.2 0.9 0.4 0.55 0.25 0.55 0.95 
-1.053368906691176 0.24181583365950232 0.5931401971123117 0.3 0.8 0.1 0.7 0.0 0.2 1.0 0.95 0.2 0.8 0.3 0.45 0.5 0.2 0.6 0.3 1.0 0.85 1.0 0.7 0.25 0.0 0.6 0.05 0.95 0.5 0.2 0.95 1.0 0.45 0.25 0.05 0.55 1.0 0.7 0.45 
-9.164055538660982 0.6645825308277296 0.7081818678627326 0.6 0.15 1.0 0.1 0.4 0.6 1.0 0.45 0.45 0.85 0.7 0.2 0.9 0.1 0.1 0.4 0.0 0.2 0.95 0.2 0.5 0.8 0.5 0.5 1.0 0.0 0.55 0.2 0.3 0.2 0.7 0.4 0.55 0.25 0.55 0.95 
-8.907637363020124 0.6492368094211385 0.7142205123065667 0.6 0.15 1.0 0.1 0.4 0.6 0.95 0.45 0.45 0.85 0.7 0.2 0.9 0.1 0.1 0.0 0.0 0.2 0.95 0.2 0.5 0.8 0.5 0.5 1.0 0.0 0.55 0.25 0.3 0.2 0.85 0.4 0.55 0.25 0.55 0.95 
-0.2170888932107735 0.5375673030429432 0.694371732682791 0.2 0.5 0.65 0.1 0.4 0.6 1.0 0.45 0.4 1.0 0.7 0.2 0.9 0.35 0.1 0.4 0.0 0.05 1.0 0.2 0.55 1.0 0.5 0.5 0.9 0.0 0.55 0.4 0.3 0.2 0.95 0.4 0.55 0.1 1.0 0.95 
-1.258430761640986 0.6911847684485516 0.6643093975057998 0.6 0.15 1.0 0.1 0.4 0.6 0.95 0.45 0.45 0.85 0.7 0.2 0.9 0.1 0.1 0.0 0.0 0.2 0.95 0.2 0.5 0.8 0.5 0.55 1.0 0.0 0.55 0.25 0.3 0.15 0.85 0.4 0.55 0.25 0.55 0.95 
-3.19647648537549 0.3503199389422984 0.6487928388484592 0.95 0.95 0.25 0.5 0.6 0.5 0.0 0.25 0.7 0.7 0.3 0.3 0.25 0.85 0.1 0.45 0.75 0.2 0.85 0.7 0.5 0.15 0.35 1.0 1.0 0.5 0.2 0.95 0.0 0.5 0.6 0.0 0.25 0.9 0.7 0.55 
-0.3262955543453463 0.7372491454957278 0.6065660288338596 0.6 0.35 0.6 0.9 0.95 0.6 1.0 0.45 0.85 0.85 0.7 0.2 0.6 0.85 0.55 1.0 0.75 0.25 0.9 0.2 0.55 0.85 0.5 0.45 1.0 0.0 0.55 0.25 0.3 0.15 0.85 0.4 0.75 0.15 0.5 0.65 
-10.322108699391999 0.22826866095717518 0.58484602254465 0.3 0.8 0.1 0.7 0.0 0.2 1.0 0.95 0.2 0.9 0.3 0.45 0.5 0.2 0.6 0.3 1.0 0.85 0.95 0.7 0.25 0.0 0.6 0.05 0.95 0.5 0.2 0.95 1.0 0.5 0.25 0.05 0.55 1.0 0.7 0.45 
-28.843797922722775 0.3165269214869363 0.6589510833379764 0.95 0.6 0.55 0.95 0.6 0.5 0.05 0.1 0.45 0.7 0.3 0.3 0.25 0.5 0.1 0.45 0.95 0.3 1.0 0.7 0.3 0.15 0.35 1.0 1.0 0.5 0.2 0.95 0.0 0.5 0.45 0.0 0.55 0.9 0.7 0.45 
-0.641273743046262 0.2986777258709824 0.6375843488181968 0.95 0.75 0.0 0.05 0.0 0.2 1.0 0.0 0.2 0.8 0.3 0.45 0.5 0.2 0.6 0.6 1.0 0.85 1.0 0.7 0.55 0.0 0.6 0.05 0.95 0.5 0.2 0.95 0.0 0.5 0.25 0.2 0.9 1.0 0.7 0.45 
-11.97535784078611 0.28742722749985894 0.6588040846506318 0.95 0.2 0.35 0.05 0.6 0.2 1.0 0.0 0.2 0.85 0.3 0.45 0.7 0.3 0.1 0.45 0.65 0.85 1.0 0.7 0.25 0.05 0.7 0.05 1.0 0.5 0.2 0.95 0.0 0.5 0.8 0.05 0.7 1.0 0.7 0.45 
-7.2521124558782 0.5826599316138339 0.7105480013873323 0.2 0.5 0.65 0.1 0.4 0.6 1.0 0.45 0.1 1.0 0.7 0.2 0.9 0.35 0.45 0.4 0.0 0.05 0.95 0.2 0.55 1.0 0.5 0.5 0.9 0.0 0.55 0.45 0.3 0.2 0.95 0.4 0.55 0.1 1.0 0.95 
-5.159008737047973 0.34108213907805907 0.6659341145185022 0.95 0.95 0.25 0.5 0.6 0.85 0.0 0.25 0.1 0.7 0.3 0.3 0.4 0.85 0.1 0.45 0.75 0.2 0.85 0.7 0.5 0.15 0.35 1.0 1.0 0.5 0.2 0.95 0.0 0.5 0.6 0.1 0.55 0.9 0.7 0.55 
-0.1266151753210699 0.33865789853745887 0.6414821230778555 0.95 0.95 0.25 0.5 0.6 0.5 0.0 0.25 0.7 0.7 0.3 0.3 0.25 0.85 0.1 0.45 0.75 0.2 0.85 0.7 0.5 0.15 0.35 1.0 1.0 0.5 0.2 0.95 0.0 0.5 0.6 0.0 0.55 0.9 0.7 0.55 
-0.19155944499415736 0.24858611712028267 0.40672526490362826 0.7 0.7 0.0 0.2 0.0 0.05 1.0 0.0 0.2 0.75 0.35 0.45 0.45 0.95 0.55 0.45 0.4 0.75 1.0 0.75 0.35 0.15 0.15 0.3 1.0 0.5 0.25 0.75 0.65 0.15 0.25 0.95 0.45 1.0 0.7 0.5 
-1.5804324380531294 0.678996916245701 0.6714934225392429 0.75 0.5 0.8 0.1 0.4 0.15 1.0 0.45 0.4 0.7 0.7 0.2 0.9 0.35 0.1 0.4 0.0 0.05 0.95 0.2 0.55 1.0 0.5 0.5 0.9 0.0 0.55 0.4 0.3 0.2 0.75 0.4 0.55 0.1 1.0 0.95 
-11.34661585933242 0.5420447174422894 0.7101716421646472 0.2 0.15 1.0 0.1 0.4 0.6 1.0 0.45 0.15 1.0 0.7 0.2 0.95 0.35 0.1 0.4 0.0 0.05 0.95 0.2 0.55 0.95 0.5 0.5 0.95 0.0 0.55 0.4 0.3 0.2 0.85 0.4 0.55 0.2 0.0 0.95 
-0.21216867332396974 0.2878084088079943 0.3659296467310948 0.7 0.45 0.0 0.8 0.35 0.2 1.0 0.0 0.2 0.85 0.35 0.45 0.65 0.55 0.55 0.45 0.0 0.3 1.0 0.75 0.5 0.3 0.15 0.3 0.85 0.5 0.25 0.95 0.65 0.15 0.15 0.75 0.3 1.0 0.7 0.5 
-1.5725531480786596 0.24675518423027204 0.6547629403870369 0.3 0.15 0.1 0.1 0.0 0.5 0.95 0.95 0.2 0.8 0.3 0.45 0.5 0.3 0.6 0.2 0.25 0.85 1.0 0.7 0.6 0.0 0.6 0.25 0.95 0.5 0.2 0.95 1.0 0.5 0.85 1.0 0.65 1.0 0.7 0.5 
-9.163615093954723 0.2604104972353084 0.650331257941078 0.3 0.15 0.1 0.1 0.0 0.5 1.0 0.95 0.2 0.8 0.3 0.45 0.5 0.2 0.6 0.3 0.25 0.85 1.0 0.7 0.2 0.0 0.6 0.25 0.95 0.5 0.2 0.95 1.0 0.5 1.0 0.05 0.65 1.0 0.7 0.5 
-0.30536242050266715 0.3339890022262265 0.3389526150295702 0.7 0.45 0.0 0.8 0.35 0.2 1.0 0.0 0.2 1.0 0.35 0.45 0.65 0.55 0.55 0.45 0.0 0.3 1.0 0.75 0.5 0.3 0.15 0.4 0.85 0.5 0.25 0.95 0.65 0.15 0.15 0.75 0.3 1.0 0.7 0.5 
-33.59011234600739 0.352836094059705 0.6722628525064613 0.95 0.6 0.25 0.95 0.6 0.5 0.6 0.35 0.15 0.7 0.3 0.3 0.25 0.55 0.1 0.45 0.95 0.3 1.0 0.7 0.45 0.15 0.35 0.8 1.0 0.5 0.2 1.0 0.0 0.5 0.8 0.0 0.55 0.9 0.7 0.45 
-35.245565629386334 0.3591511804241181 0.6740809391191334 0.95 0.6 0.25 0.95 0.6 0.5 0.6 0.35 0.15 0.7 0.3 0.3 0.25 0.55 0.1 0.45 0.95 0.3 1.0 0.7 0.45 0.15 0.35 0.8 1.0 0.5 0.2 0.95 0.0 0.5 0.8 0.0 0.55 0.9 0.7 0.45 
-10.275516084720914 0.2317855398722844 0.6211028677470808 0.3 0.8 0.1 0.1 0.0 0.4 1.0 0.95 0.2 0.8 0.3 0.45 0.5 0.2 0.6 0.3 1.0 0.85 1.0 0.7 0.25 0.0 0.6 0.05 0.95 0.5 0.2 0.95 1.0 0.5 0.75 0.05 0.7 1.0 0.7 0.45 
-0.5056107350043781 0.24099211264370318 0.6481089433429899 0.3 0.15 0.95 0.4 0.0 0.5 0.95 0.95 0.2 0.8 0.3 0.45 0.5 0.65 0.6 0.2 0.25 0.85 1.0 0.7 0.6 0.0 0.6 0.25 0.95 0.5 0.2 0.95 1.0 0.5 0.85 0.05 0.65 1.0 0.7 0.5 
-20.85899872898794 0.22572283631621531 0.6091379446531546 0.45 0.2 0.35 0.05 0.6 0.2 1.0 0.95 0.2 0.85 0.3 0.45 0.7 0.95 0.15 0.45 0.65 0.85 1.0 0.7 0.25 0.05 0.75 0.85 1.0 0.5 0.2 0.95 0.0 0.5 0.8 0.05 0.55 1.0 0.7 0.45 
-9.271436781222972 0.2333806343662323 0.44752707692516824 0.25 0.7 0.25 0.75 0.0 0.05 1.0 0.0 0.2 0.75 0.35 0.45 0.45 0.95 0.55 0.9 0.9 0.75 1.0 0.75 0.35 0.15 0.25 0.3 1.0 0.5 0.25 0.75 0.65 0.15 0.25 0.95 0.25 1.0 0.7 0.5 
-7.668763306240073 0.5496096044226362 0.711131350526408 0.15 0.15 1.0 0.1 0.4 0.6 1.0 0.45 0.15 1.0 0.7 0.2 0.9 0.35 0.1 0.4 0.0 0.05 0.95 0.2 0.55 0.95 0.5 0.5 0.85 0.0 0.55 0.35 0.3 0.2 0.95 0.4 0.55 0.2 0.55 0.95 
-29.682614616668396 0.2868042397553996 0.6843915048825181 0.45 0.2 0.35 0.05 0.6 0.2 1.0 0.0 0.2 0.85 0.3 0.45 0.7 0.95 0.1 0.45 0.65 0.85 1.0 0.7 0.25 0.05 0.75 0.05 1.0 0.5 0.2 0.95 0.0 0.5 0.8 0.05 0.55 1.0 0.7 0.45 
-30.45569573877062 0.2655805113698788 0.6795514939765057 0.45 0.2 0.35 0.05 0.6 0.2 1.0 0.0 0.2 0.85 0.3 0.45 0.7 0.95 0.1 0.45 0.65 0.85 1.0 0.7 0.25 0.05 0.75 0.85 1.0 0.5 0.2 0.95 0.0 0.5 0.8 0.05 0.55 1.0 0.7 0.45 
