-0.005761760830359456 0.4968616708100461 0.500226749466173 0.0 0.25 0.6 0.8 0.05 0.65 0.85 0.25 0.7 1.0 0.2 0.15 0.05 0.4 0.3 0.1 0.75 0.85 0.95 0.8 0.1 0.15 0.0 0.7 0.05 0.25 0.45 0.9 0.05 0.7 0.55 1.0 0.45 0.85 0.15 0.45 
-0.009893888637882481 0.5130040326488344 0.500295442758413 0.3 0.85 0.4 0.0 0.5 1.0 1.0 0.0 0.5 0.5 0.75 0.85 0.4 0.35 0.4 0.8 0.75 0.55 0.6 0.5 0.2 1.0 0.05 0.1 1.0 0.45 0.35 0.55 0.85 0.9 0.6 0.7 0.6 0.85 0.35 0.3 
-0.00021909069466745823 0.5567614096268937 0.4663682553911671 0.4 0.9 0.95 0.1 0.95 0.45 0.45 0.05 0.1 0.95 0.25 0.2 0.45 0.0 0.2 0.8 0.05 0.85 0.55 0.2 0.4 0.55 0.5 0.35 0.1 0.05 0.0 0.5 0.15 0.4 0.9 0.9 0.55 0.75 0.7 0.0 
-0.023637217288978565 0.5019858586749726 0.5010211999524288 0.75 0.5 0.3 0.65 0.6 0.45 0.8 0.95 0.2 0.6 1.0 0.05 0.0 0.15 0.5 0.85 0.1 0.6 0.7 0.85 0.05 0.3 0.8 0.55 0.9 0.7 0.45 0.3 0.05 0.5 0.75 0.7 0.3 1.0 0.25 0.2 
-0.004859481898001572 0.530875427893246 0.5043710658236873 0.75 0.5 0.3 0.65 0.6 0.45 0.8 0.95 0.2 0.6 1.0 0.05 0.0 0.15 0.5 0.85 0.1 0.6 0.7 0.85 0.05 0.3 0.8 0.55 0.9 0.7 0.45 0.3 0.05 0.5 0.2 0.7 0.3 1.0 0.25 0.2 
-0.0074425013917035505 0.5346015460619946 0.47082812999689405 0.4 0.9 0.5 0.1 0.95 0.45 0.45 0.0 0.1 0.95 0.1 0.2 0.45 0.25 0.2 0.8 0.05 0.85 0.65 0.2 0.4 0.55 0.5 0.35 0.1 0.05 0.0 0.5 0.15 0.2 0.95 0.9 0.55 0.75 0.7 0.0 
-0.0028465694273544268 0.47142901891690253 0.4856924536998184 0.4 0.25 0.6 0.45 0.6 0.45 0.75 0.35 0.2 0.85 0.2 0.15 0.55 0.75 0.2 0.75 0.5 0.35 1.0 0.25 0.8 1.0 0.45 0.4 0.85 0.95 0.35 0.65 0.45 0.4 0.95 0.9 0.25 0.85 0.0 0.65 
-0.006761732264486971 0.46755200904526106 0.5020647759125598 0.3 0.85 0.1 0.95 0.5 0.6 1.0 0.0 0.5 0.15 0.75 0.0 0.7 0.35 0.6 0.5 0.55 0.5 0.7 0.5 0.35 0.5 0.05 0.3 0.45 1.0 0.3 0.0 0.55 0.95 0.95 0.7 0.6 1.0 0.35 0.3 
-0.0029726268759347977 0.5080984862047618 0.5398974172443101 0.0 0.5 0.7 0.4 0.95 0.95 0.95 0.45 0.25 1.0 0.95 0.5 0.6 0.85 0.5 0.5 0.45 0.2 0.4 0.4 0.55 0.45 0.5 0.95 0.85 0.1 0.75 0.9 0.25 0.85 0.55 0.7 0.45 0.35 0.4 1.0 
-0.005457547477039274 0.477681108524584 0.5113788980146909 0.75 0.75 0.4 0.15 1.0 0.45 0.2 0.35 1.0 0.55 1.0 0.2 0.8 0.55 0.5 0.1 1.0 0.2 0.7 0.85 0.05 0.3 0.05 0.55 1.0 0.7 0.1 0.4 0.6 0.5 0.7 0.75 0.2 0.65 0.85 0.2 
-0.08020044699193421 0.5179561734473281 0.5355559079855218 0.35 0.35 0.5 0.85 0.25 0.15 0.45 0.6 0.8 0.15 0.25 0.35 0.9 0.4 0.4 0.0 0.35 0.85 0.9 0.1 0.4 0.3 0.9 0.1 0.95 0.15 0.6 0.15 0.65 0.3 0.4 0.45 0.3 0.95 0.05 0.7 
-0.03904739854002689 0.4659497667334512 0.4478525108833096 0.0 0.25 0.6 0.8 0.05 0.65 0.85 0.25 0.75 1.0 0.2 0.2 0.05 0.4 0.3 0.7 1.0 0.85 0.75 0.8 0.1 0.3 0.15 1.0 0.5 0.6 0.45 0.9 0.05 0.7 0.55 0.55 0.45 0.85 0.55 0.45 
-0.06091456094765146 0.5011490668588905 0.44448574906821714 0.8 0.3 0.95 0.45 0.05 0.45 0.95 0.35 0.5 0.95 0.8 0.15 0.55 0.25 1.0 0.35 0.2 1.0 0.9 0.0 0.8 1.0 0.45 0.4 0.65 0.05 0.4 0.3 0.6 0.25 0.7 0.65 0.55 0.65 0.0 0.65 
-0.2320472915362546 0.48163838614683185 0.4407532265597242 0.25 0.85 0.1 0.7 0.5 0.2 0.75 0.0 0.2 1.0 0.35 0.45 0.7 1.0 0.1 0.8 0.85 0.5 0.3 0.7 0.45 0.85 0.05 0.35 0.9 0.3 0.8 0.15 0.05 1.0 0.85 0.7 0.85 0.9 0.35 0.35 
-0.008871623549309583 0.5427704690767189 0.5124394992597193 0.4 0.95 0.5 0.45 0.6 0.8 0.6 1.0 0.2 0.95 0.7 0.2 0.55 0.8 0.2 0.8 0.5 0.5 0.5 0.75 0.1 0.95 0.6 0.45 0.7 0.0 0.45 0.35 0.45 0.45 0.35 0.25 0.35 1.0 0.0 0.65 
-0.03648378605165582 0.5082172097164406 0.47690544919243555 0.55 0.7 0.4 0.15 0.45 0.35 0.9 0.6 0.9 0.65 0.95 0.3 0.8 0.25 0.4 0.25 1.0 0.45 0.85 0.7 0.35 0.6 0.6 0.8 0.5 0.2 0.95 0.65 0.1 0.35 0.7 0.05 0.05 0.95 0.8 0.4 
-0.010576867932761122 0.5575211168863204 0.5104110792848974 0.4 0.3 0.45 0.1 0.0 0.65 0.3 0.4 0.75 0.9 0.25 0.1 0.55 0.3 0.45 1.0 0.05 1.0 1.0 0.9 0.3 0.85 0.7 0.05 0.1 1.0 0.1 0.05 0.25 0.15 0.8 0.65 0.8 0.35 0.1 0.2 
-0.0008855925336391626 0.4393750951569675 0.5032761491746935 0.6 0.2 0.4 0.55 0.6 0.8 0.2 0.55 0.8 0.6 1.0 0.05 0.2 0.55 0.5 0.15 1.0 0.6 0.2 0.6 0.05 0.6 1.0 0.55 0.35 0.7 0.1 0.25 0.6 0.4 0.8 0.9 0.0 0.8 0.25 0.2 
-0.03582383994350967 0.5150072799570227 0.45129208086246986 0.1 1.0 0.75 0.5 0.05 0.35 0.75 0.6 0.9 0.7 0.95 0.3 0.8 0.55 0.4 0.6 1.0 0.25 0.85 0.9 0.25 0.9 0.6 0.8 0.15 0.85 0.8 0.65 0.1 0.35 0.9 0.05 0.9 0.95 0.95 0.35 
-0.004363040878063406 0.5487057551980848 0.5296271137901565 0.0 0.25 0.6 0.8 0.3 0.65 0.85 0.25 0.0 1.0 0.2 0.2 0.65 0.4 0.3 0.6 1.0 0.95 0.65 0.8 0.1 0.15 0.0 0.75 0.4 0.5 0.35 0.9 0.05 0.7 0.7 1.0 0.45 0.85 0.0 0.45 
-0.01957673055252355 0.4665949254892435 0.5223562339682357 0.0 0.25 0.65 1.0 0.4 0.65 0.2 0.95 0.65 1.0 0.15 0.75 1.0 0.3 0.05 0.35 0.75 0.35 0.55 0.8 0.4 0.55 0.15 0.7 0.5 0.15 0.15 0.8 0.05 0.05 0.9 1.0 0.55 0.75 0.55 0.45 
-0.0022077439184650543 0.4637090698825459 0.4737367816920583 0.25 0.45 0.1 0.7 0.7 0.95 1.0 0.0 0.9 1.0 0.35 0.5 0.7 0.55 0.1 0.85 0.9 0.5 0.45 0.7 0.5 0.8 0.05 0.65 0.3 0.85 0.55 0.45 0.05 1.0 0.95 0.7 0.85 0.9 0.35 0.35 
-0.0011396845288569677 0.4499614385186007 0.43207610321195955 0.25 0.45 0.1 0.7 0.1 0.95 1.0 0.0 0.4 1.0 0.35 0.5 0.45 0.1 0.1 0.85 0.9 0.35 0.55 0.7 0.5 0.85 0.05 0.35 0.3 0.85 1.0 0.8 0.05 1.0 0.95 0.7 0.85 0.9 0.35 0.35 
-0.019486169284232958 0.5380661350599732 0.4856964679971912 0.3 0.85 0.4 0.95 0.5 1.0 1.0 0.0 0.5 0.5 0.75 0.85 0.4 0.35 0.4 0.8 0.75 0.55 0.6 0.5 0.2 1.0 0.05 0.35 1.0 0.45 0.35 0.55 0.85 0.9 0.6 0.7 0.6 0.85 0.35 0.3 
-0.013117515947422904 0.41478672413359996 0.5011749129466998 0.75 0.5 0.3 0.75 0.6 0.45 0.8 0.95 0.8 0.9 1.0 0.05 0.0 0.5 0.5 0.85 0.1 0.15 0.7 0.85 0.05 0.3 0.8 0.55 0.9 0.7 0.45 0.3 0.6 0.5 0.7 0.8 0.3 1.0 0.25 0.2 
-0.0012904745593336389 0.5740420394165773 0.48924902024436484 0.8 0.55 0.45 0.35 0.7 0.35 0.75 0.5 0.4 0.3 0.05 0.1 0.35 0.4 0.25 0.05 0.3 0.4 0.8 0.5 0.7 0.35 0.15 0.8 0.6 0.6 0.15 0.55 0.65 0.15 0.8 0.0 0.75 0.15 0.65 1.0 
-0.001588510055505567 0.5751404035500088 0.5161174027915237 0.4 0.95 0.35 0.45 0.15 0.15 0.75 0.2 0.2 0.95 0.05 0.2 0.55 0.5 1.0 0.6 0.8 0.85 0.05 0.2 0.4 0.85 0.45 0.25 0.85 0.0 0.45 0.35 0.45 0.15 0.95 0.9 0.55 0.55 0.6 0.65 
-0.006744332598289547 0.43615209936540017 0.5439081336975787 0.6 1.0 0.25 0.9 0.95 0.85 0.7 1.0 0.85 0.9 0.85 0.15 0.8 0.1 0.65 0.55 0.6 0.9 0.0 0.15 0.05 0.0 0.0 0.65 1.0 0.7 0.15 0.5 0.6 0.6 0.85 0.05 0.25 0.5 0.25 0.2 
-0.0018592439940399712 0.41887270351821654 0.4388516471880695 0.3 0.85 0.1 0.7 0.5 0.2 1.0 0.0 0.5 1.0 0.35 0.5 0.7 0.35 0.5 0.8 0.4 0.5 0.3 0.7 0.5 0.85 0.05 0.35 0.55 0.95 0.85 0.25 0.55 1.0 0.85 0.35 0.6 0.85 0.35 0.25 
-0.007402765409819166 0.5562427756370572 0.5514755529847307 0.75 0.5 0.1 0.9 0.45 0.75 0.8 0.8 0.6 0.6 0.9 0.0 0.6 0.75 0.75 0.1 0.05 0.65 0.95 0.6 0.9 0.8 0.15 0.25 0.9 0.75 0.75 0.4 0.7 0.45 0.2 0.75 0.6 0.95 0.7 0.35 
-0.02388445898599103 0.509817613730656 0.4308805097856584 0.35 0.2 0.75 0.5 0.45 0.05 0.95 0.6 0.9 0.7 0.95 0.3 0.8 0.5 0.4 0.6 1.0 0.7 0.85 0.7 0.4 0.1 0.6 0.8 0.6 0.75 0.95 0.65 0.1 0.45 0.9 0.05 1.0 0.95 0.8 0.3 
-0.0005375534076561637 0.44766860118454127 0.5208794320175013 0.6 1.0 0.25 0.9 0.95 0.85 0.7 1.0 0.85 0.9 0.85 0.15 0.8 0.1 0.75 0.55 0.4 0.9 0.0 0.2 0.05 0.0 0.0 0.65 0.35 0.7 0.15 0.5 0.6 0.6 0.85 0.05 0.25 0.5 0.25 0.2 
-0.001261578477461108 0.42009032784737477 0.5219446793433956 0.6 1.0 0.4 0.9 0.55 0.95 0.7 1.0 0.85 0.9 0.85 0.15 0.8 0.1 0.5 0.55 1.0 0.6 0.7 0.15 0.05 0.85 0.85 0.5 1.0 0.7 0.1 0.4 0.6 0.6 0.85 0.05 0.25 0.65 0.25 0.2 
-0.013701623835550457 0.6028481280459245 0.5088766100909018 0.4 0.95 0.75 0.1 0.6 0.2 0.8 0.95 0.35 0.95 0.2 0.2 0.85 0.75 0.95 0.8 0.5 0.65 0.1 0.6 0.55 1.0 0.55 0.4 0.85 0.95 0.25 0.35 0.05 0.2 0.2 0.9 0.35 0.75 0.0 0.65 
-0.005940418621682209 0.43967546795537904 0.4514643737072133 0.7 0.25 0.6 0.8 0.05 0.65 0.5 0.25 0.7 1.0 0.15 0.2 0.5 0.4 0.3 0.35 0.1 0.45 0.65 0.0 0.1 0.7 0.35 0.3 0.85 0.7 0.65 0.8 0.05 0.7 0.55 0.65 0.45 1.0 0.55 0.45 
-0.010078064886189151 0.5143514609606823 0.4168307106916367 0.35 0.2 0.75 0.5 0.05 0.75 0.85 0.6 0.9 0.7 0.95 0.3 0.8 0.55 0.4 0.6 1.0 0.45 0.85 0.7 0.35 0.25 0.6 0.8 1.0 1.0 0.95 0.65 0.1 0.45 0.9 0.05 1.0 0.95 0.8 0.3 
-0.0023870514144780568 0.5560509068415989 0.4806494103470002 0.8 0.9 0.35 0.45 0.45 0.45 0.85 0.35 0.5 0.8 0.75 0.2 0.95 0.75 1.0 0.9 0.2 0.35 0.9 0.7 0.8 0.5 0.45 0.4 0.8 0.95 0.4 0.3 0.6 0.1 0.7 0.85 0.55 0.65 0.0 0.65 
-0.005487134812650685 0.4409233217080685 0.4744092925548559 0.75 0.5 0.3 0.65 0.6 0.45 0.8 0.95 0.2 0.9 1.0 0.05 0.0 0.15 0.5 0.85 0.1 0.6 0.7 0.85 0.05 0.3 0.8 0.55 0.9 0.4 0.45 0.3 0.6 0.5 0.75 0.7 0.3 1.0 0.25 0.2 
-0.0014086791699254937 0.42142786035590846 0.4712142006910644 0.85 0.6 0.65 1.0 0.4 0.65 0.6 0.95 0.65 0.9 0.15 0.35 0.5 0.3 0.05 0.35 0.75 0.85 0.05 0.3 0.65 0.05 0.15 0.7 0.4 0.15 0.8 0.8 0.05 0.75 0.15 1.0 0.8 0.65 0.55 0.45 
-0.005695357104397086 0.5549423059989848 0.423982256084021 0.4 0.9 0.6 0.45 0.4 0.6 0.5 0.0 0.1 1.0 0.25 0.2 0.3 0.35 0.2 0.8 0.5 0.85 0.65 0.2 0.65 0.75 0.5 0.4 0.65 0.05 0.0 0.5 0.2 0.55 0.55 0.7 0.45 0.75 0.15 0.0 
-0.011525150649712811 0.5914030459619187 0.5165406572525995 0.65 0.1 0.35 0.45 0.0 0.45 0.9 0.45 0.3 0.85 0.95 0.4 0.55 0.75 0.2 0.8 0.4 0.7 0.95 0.5 0.8 0.3 0.45 0.4 1.0 0.95 0.4 0.45 0.45 0.6 0.95 0.9 0.5 0.4 1.0 0.7 
-0.0015491599885694362 0.4317713186914918 0.5474793385804747 0.6 1.0 0.4 0.9 0.55 0.95 0.7 0.0 0.85 0.9 0.85 0.3 0.8 0.1 0.15 0.5 1.0 0.6 0.7 0.35 0.05 0.85 0.0 0.5 1.0 0.9 0.1 0.75 0.6 0.65 0.85 0.05 0.1 0.65 0.55 0.2 
-0.01923880458752568 0.39874170295178857 0.46674858801716435 0.0 0.35 0.6 0.7 0.05 0.65 0.85 0.25 0.25 1.0 0.2 0.15 0.05 0.4 0.3 0.7 0.75 0.85 0.7 0.85 0.0 0.15 0.15 0.7 0.05 0.25 0.45 0.9 0.05 0.7 0.55 1.0 0.45 0.85 0.55 0.45 
-0.00545563938845131 0.48013771606191 0.5594263855854662 0.7 0.85 0.5 0.55 0.45 0.35 0.5 0.2 0.65 0.1 0.65 0.9 0.15 0.6 0.6 0.45 0.5 0.4 0.35 0.55 0.8 0.85 0.55 0.9 0.85 0.55 0.55 0.35 0.25 0.9 1.0 0.1 0.35 1.0 0.9 0.7 
-0.008097699409380198 0.38252866639854666 0.511800466529818 0.85 0.65 0.65 1.0 0.4 0.65 0.6 0.95 0.65 1.0 0.15 0.35 0.5 0.3 0.05 0.35 0.75 0.85 0.05 0.3 0.65 0.05 0.15 0.7 0.4 0.15 0.8 0.8 0.05 0.75 0.9 1.0 0.8 0.65 0.55 0.45 
-0.022821877725599987 0.5039901993167326 0.5533009665617752 0.65 0.1 0.35 0.45 0.0 0.45 0.9 0.45 0.3 0.85 0.95 0.2 0.55 0.75 0.2 0.8 0.4 0.7 0.75 0.7 0.8 0.85 0.05 0.4 1.0 0.95 0.4 0.45 0.45 0.2 0.95 0.9 0.5 0.4 1.0 0.7 
-0.01454095096914369 0.41013110580871237 0.5232951026875134 0.75 0.5 0.3 0.75 0.6 0.45 0.8 0.95 0.8 0.9 1.0 0.05 0.0 0.5 0.5 0.85 0.1 0.15 0.7 0.85 0.05 0.3 0.8 0.55 0.9 0.7 0.45 0.3 0.6 0.5 0.7 0.75 0.6 1.0 0.25 0.2 
-0.003591592238923798 0.4026567478597224 0.45018260981743025 0.75 0.75 0.6 0.1 0.05 0.65 0.85 0.0 0.7 1.0 0.2 0.2 0.6 0.4 0.3 0.3 0.1 0.85 0.7 0.8 0.1 0.15 0.15 0.65 0.3 0.7 0.55 0.85 0.05 0.7 0.95 0.65 0.45 1.0 0.55 0.45 
-0.06495946278538232 0.4851424994304055 0.41414395313750246 0.25 0.45 0.1 0.7 0.1 0.95 1.0 0.0 0.35 1.0 0.35 0.5 0.7 0.4 0.1 0.85 0.9 0.5 0.45 0.7 0.45 0.85 0.05 0.35 0.3 0.45 1.0 0.55 0.25 1.0 0.95 0.7 0.85 1.0 0.35 0.35 
-0.011883013570922158 0.5343807351202361 0.5632215885295597 0.35 0.35 0.5 0.85 0.25 0.55 0.45 0.6 0.15 0.15 0.25 0.35 0.9 0.4 0.4 0.0 0.35 0.55 0.9 0.1 0.4 0.4 0.9 0.1 0.95 0.15 0.6 0.15 0.65 0.3 0.8 0.45 0.3 0.95 0.05 0.7 
-0.00354581158518597 0.5418782664676983 0.5567390991089914 0.35 0.35 0.5 0.85 0.25 0.15 0.45 0.6 0.15 0.15 0.25 0.35 0.9 0.4 0.4 0.0 0.35 0.55 0.9 0.1 0.4 0.4 0.9 0.1 0.9 0.15 0.6 0.15 0.65 0.3 0.4 0.45 0.3 0.95 0.05 0.7 
-0.00044583664146437746 0.5130721000434475 0.5918126715320866 0.6 0.8 0.9 0.35 0.25 0.1 0.7 0.65 0.6 0.15 0.7 0.95 0.95 0.85 0.4 0.0 0.35 0.25 0.9 0.1 0.3 0.3 0.1 0.1 0.95 0.15 0.6 0.25 1.0 0.3 0.8 0.45 0.3 0.85 0.05 0.7 
-0.015639920534712786 0.4669952510439256 0.43038308572672035 0.3 0.85 0.4 0.5 0.5 0.95 1.0 0.0 0.5 0.3 0.75 0.15 0.4 0.35 0.4 0.8 0.8 0.5 0.5 0.5 0.2 0.65 0.05 0.35 0.95 0.45 0.35 0.55 0.85 0.9 0.85 0.7 0.6 0.85 0.35 0.3 
-0.01220817942886303 0.5660789189801143 0.46554248900128437 0.4 0.9 0.5 0.1 0.95 0.45 0.45 0.0 0.1 0.95 0.25 0.2 0.45 0.25 0.2 0.8 0.05 0.85 0.65 0.2 0.4 0.55 0.5 0.35 0.1 0.05 0.0 0.5 0.15 0.4 0.95 0.9 0.55 0.75 0.7 0.0 
-0.0019439406020399996 0.4595818814572342 0.5601319196409837 0.6 1.0 0.25 0.9 0.55 0.85 0.8 0.8 0.85 0.9 0.85 0.85 0.8 0.1 0.5 0.55 0.6 0.9 0.45 0.15 0.05 0.8 0.0 0.65 1.0 0.7 0.15 0.5 0.6 0.6 0.85 0.05 0.25 0.65 0.25 0.2 
-0.011853003325070964 0.5714948944121521 0.42058238070742426 0.4 0.5 0.35 0.45 0.6 0.45 1.0 1.0 0.25 0.75 0.2 0.2 0.4 0.5 0.95 0.8 0.25 0.7 0.15 0.2 0.7 1.0 0.45 0.4 0.15 0.25 0.95 0.35 0.45 0.4 0.6 0.55 0.55 0.75 0.0 0.65 
-0.008646860045650672 0.5732452162934699 0.44885411845056256 0.15 0.95 0.75 0.45 0.6 0.8 0.95 1.0 0.25 0.3 0.2 0.15 0.75 0.45 0.6 0.8 0.5 0.65 0.25 0.2 0.9 1.0 0.45 0.3 0.6 0.0 0.1 0.4 0.55 0.15 0.3 0.1 0.35 0.75 0.95 0.35 
-0.006480514411087864 0.5888477451384994 0.47477252738538406 0.4 0.0 0.75 0.45 0.6 0.85 0.8 1.0 0.2 0.95 0.2 0.2 0.55 0.75 0.95 0.55 0.75 0.65 0.3 0.6 0.1 1.0 0.55 0.4 0.3 0.4 0.4 0.35 0.45 0.2 0.2 0.9 0.65 0.75 0.0 0.65 
-0.022064650582266976 0.5282035726132193 0.4261150062863386 0.2 0.8 0.75 0.5 0.95 0.35 0.75 0.6 0.9 0.5 0.95 0.3 0.8 0.55 0.4 0.45 1.0 0.25 0.85 0.9 0.4 0.9 0.6 0.8 0.7 0.8 0.8 0.65 0.1 0.35 0.55 0.05 0.9 0.8 0.8 0.3 
-0.027853173969181817 0.5222774121287634 0.4053235231380852 0.35 0.2 0.75 0.5 0.45 0.05 0.9 0.6 0.9 0.7 0.95 0.3 0.8 0.5 0.4 0.6 1.0 0.7 0.85 0.7 0.65 0.9 0.6 0.8 0.6 0.75 0.95 0.65 0.1 0.45 0.9 0.05 1.0 0.95 0.8 0.25 
-0.03822725993271462 0.42312766179731925 0.41879087728634995 0.0 0.25 0.6 0.15 0.4 0.65 0.8 0.25 0.7 1.0 0.2 0.2 0.25 0.3 0.3 0.7 0.35 0.95 0.6 1.0 0.05 0.25 0.15 0.7 0.05 0.85 0.4 0.0 0.05 0.35 0.45 1.0 0.8 0.85 0.45 0.45 
-0.0059109453378116865 0.5878110736296652 0.5456501226801 0.75 0.5 0.1 0.9 0.45 0.75 0.8 0.8 0.2 0.6 0.9 0.0 0.6 0.75 0.95 0.1 0.05 0.5 0.95 0.6 0.9 0.8 0.15 0.25 0.9 0.75 0.75 0.4 0.7 0.45 0.2 0.75 0.6 0.95 0.7 0.35 
-0.006579739536670595 0.4422765237259928 0.42421183143659513 0.25 0.45 0.1 0.7 0.7 0.95 1.0 0.0 0.35 1.0 0.35 0.5 0.7 0.1 0.1 0.85 0.9 0.5 0.6 0.7 0.5 0.65 0.05 0.35 0.35 0.85 0.55 0.45 0.05 1.0 0.95 0.7 0.85 0.8 0.35 0.35 
-0.003358881921845789 0.4566676143142029 0.42638513898942276 0.25 0.45 0.1 0.7 0.7 0.95 1.0 0.0 0.35 1.0 0.35 0.5 0.7 0.1 0.1 0.85 0.9 0.5 0.45 0.7 0.5 0.65 0.05 0.35 0.35 0.85 0.55 0.45 0.05 1.0 0.95 0.7 0.85 0.8 0.35 0.35 
-0.009151108625599348 0.41818998979057825 0.5755066499844904 0.5 0.25 0.6 0.8 0.05 0.3 0.9 0.25 0.5 1.0 0.2 0.2 0.05 0.4 0.3 0.7 1.0 0.05 0.75 0.8 0.1 0.15 0.95 0.7 0.55 0.6 0.45 0.8 0.05 0.15 0.55 1.0 0.45 0.85 0.55 0.4 
-0.05961558663365596 0.5929578810512585 0.4413929086127642 0.15 0.95 0.95 0.45 0.6 0.8 1.0 1.0 0.25 0.95 0.9 0.15 0.15 0.45 0.4 0.8 0.5 0.65 0.25 0.2 0.25 1.0 0.45 0.3 0.2 0.0 0.1 0.4 0.55 0.15 0.05 0.6 0.35 0.75 0.95 0.35 
-0.0021284898920109494 0.5207217600213688 0.603438838179048 0.95 0.5 0.7 0.3 0.25 0.1 0.35 0.65 0.0 0.7 0.15 0.95 0.3 0.6 0.4 0.05 0.1 0.65 0.9 0.2 0.4 0.4 0.55 0.1 1.0 0.15 0.6 0.15 0.15 0.3 0.95 0.4 0.3 0.85 0.05 0.75 
-0.00979085749266342 0.433955709783865 0.6128560386110269 0.6 1.0 0.4 0.6 0.55 0.95 0.55 0.0 0.85 0.9 0.85 0.15 0.8 0.1 0.5 0.55 1.0 0.6 0.7 0.15 0.8 0.85 0.0 0.5 1.0 0.7 0.1 0.75 0.6 0.65 0.85 0.05 0.2 0.65 0.25 0.2 
-0.031213119701623437 0.5186698247670286 0.3897323988185528 0.35 0.2 1.0 0.15 0.05 0.35 0.9 0.6 0.65 0.7 0.95 0.3 0.8 0.55 0.4 0.65 1.0 0.3 0.85 0.75 0.85 0.85 0.6 0.8 0.15 0.85 0.95 0.3 0.1 0.4 0.8 0.25 1.0 0.95 0.8 0.35 
-0.0030072026427160575 0.6268863796336259 0.48838196669074724 0.5 0.25 0.5 0.3 0.6 0.8 0.8 1.0 0.2 0.85 0.25 0.2 0.9 0.75 0.2 0.5 0.55 0.65 0.2 0.1 0.05 1.0 0.5 0.4 0.85 0.0 0.45 0.35 0.45 0.2 0.7 0.9 0.25 0.75 0.0 0.65 
-0.001001380769589329 0.3955965215740665 0.477196833664422 0.0 0.35 0.95 0.7 0.05 0.65 0.8 0.25 0.25 1.0 0.2 0.15 0.05 0.4 0.3 0.7 0.75 0.85 0.7 0.85 0.0 0.15 0.15 0.7 0.05 0.25 0.45 1.0 0.05 0.7 0.55 1.0 0.45 0.85 0.55 0.45 
-0.0039462271332527995 0.5963239896318286 0.4159037732165165 0.15 0.95 0.75 0.45 0.6 0.8 0.95 0.15 0.25 0.95 0.2 0.15 0.75 0.45 0.6 0.8 0.5 0.65 0.35 0.2 0.9 1.0 0.45 0.3 0.8 0.0 0.1 0.4 0.55 0.15 0.3 0.5 0.35 0.75 0.95 0.35 
-0.011796602324167387 0.591802534910169 0.41698642913582595 0.4 0.95 0.75 0.45 0.6 0.8 0.8 1.0 0.2 0.95 0.2 0.2 0.55 0.35 0.2 0.8 0.25 0.9 0.15 0.35 0.05 1.0 0.45 0.4 0.85 0.0 0.25 0.35 0.45 0.2 0.2 0.35 0.35 0.75 0.0 0.65 
-0.045584695428097476 0.3674278302130829 0.4715016616540907 0.0 0.9 0.6 0.8 0.05 0.65 0.85 0.25 0.3 1.0 0.2 0.2 0.05 0.4 0.3 0.7 1.0 0.85 0.75 0.8 0.1 0.15 0.15 1.0 0.0 0.6 0.45 0.9 0.05 0.7 0.55 1.0 0.45 0.85 0.55 0.45 
-0.0039100797317939825 0.5273850716599998 0.5977309663254929 0.5 0.5 0.7 0.3 0.25 0.1 0.35 0.65 0.0 0.75 0.15 0.95 0.3 0.6 0.4 0.05 0.1 0.65 0.9 0.2 0.4 0.4 0.55 0.1 0.95 0.15 0.6 0.15 0.15 0.3 0.95 0.4 0.3 0.85 0.05 0.75 
-0.004764735557370158 0.6165613735713626 0.4751490804301524 0.0 0.6 0.55 0.3 0.05 0.45 0.95 0.35 0.5 0.85 0.8 0.15 0.1 0.85 0.6 0.3 0.5 0.35 0.95 0.7 0.8 1.0 0.2 0.3 0.6 0.95 0.4 0.3 0.45 1.0 0.7 0.9 0.55 0.65 0.05 0.65 
-0.012453244013691108 0.626538425723554 0.5551631814239665 0.4 0.7 0.95 0.45 0.1 0.7 0.8 0.2 0.35 0.8 0.0 0.2 0.2 0.2 1.0 0.05 0.5 0.25 0.75 0.3 0.4 0.8 0.45 0.45 0.85 0.0 0.45 0.35 0.45 0.4 0.95 0.8 0.55 0.55 0.0 0.9 
-0.0064713942305766785 0.4549244459033969 0.5932197519707108 0.6 1.0 0.4 0.55 0.6 0.8 0.2 1.0 0.85 0.85 1.0 0.05 0.8 0.55 0.5 0.1 1.0 0.6 0.7 0.85 0.05 0.55 1.0 0.55 1.0 0.7 0.1 0.6 0.6 0.5 0.8 0.95 0.2 0.8 0.25 0.2 
-0.0036554899696548764 0.6136080286898541 0.44214805131164714 0.4 0.1 0.75 0.5 0.75 0.45 0.95 1.0 0.3 1.0 0.2 0.15 0.55 0.75 0.2 0.85 0.5 0.35 1.0 0.6 0.6 1.0 0.45 0.4 0.05 0.9 0.65 0.35 0.45 0.4 0.75 0.9 0.55 0.55 0.0 0.65 
-0.0047476405696560975 0.628605107646084 0.5199918876763201 0.4 0.0 0.75 0.45 0.6 0.85 0.8 1.0 0.2 0.95 0.2 0.2 0.55 0.75 0.95 0.8 0.35 0.65 0.65 0.6 0.5 1.0 0.55 0.4 0.3 0.95 0.4 0.35 0.45 0.7 0.2 0.9 0.35 0.75 0.0 0.65 
-0.015348025939774598 0.4227121786639538 0.5940277488581706 0.6 1.0 0.4 0.4 0.55 0.95 0.7 0.0 0.85 0.8 0.85 0.15 0.8 0.1 0.5 0.5 1.0 0.6 0.7 0.15 0.05 0.85 0.0 0.5 1.0 0.7 0.1 0.3 0.6 0.65 0.85 0.05 0.2 0.65 0.25 0.05 
-0.011597167710653208 0.38826537986643517 0.5363283722865458 0.6 1.0 0.55 0.9 0.55 0.45 0.1 1.0 0.85 0.9 1.0 0.05 0.8 0.55 0.55 0.55 1.0 0.6 0.7 0.85 0.05 0.3 1.0 0.7 0.7 0.7 0.25 0.4 0.6 0.4 0.85 0.05 0.2 0.65 0.25 0.2 
-0.0020296302469272947 0.4385740928213144 0.5856727664644357 0.35 1.0 0.4 0.55 0.6 0.8 0.2 0.55 0.55 0.85 1.0 0.05 0.8 0.55 0.25 0.15 1.0 0.05 0.25 0.6 0.05 0.6 1.0 0.55 1.0 0.7 0.1 0.4 0.6 0.4 0.8 0.9 0.2 0.8 0.25 0.2 
-0.00047292663973211524 0.5670016352517596 0.3950153313867712 0.35 0.2 1.0 0.15 0.15 0.35 0.9 0.6 0.65 0.7 0.95 0.3 0.8 0.0 0.4 0.45 1.0 0.3 0.3 0.75 0.05 0.85 0.6 0.8 0.85 0.85 0.95 0.65 0.1 0.35 0.8 0.25 1.0 0.9 0.8 0.35 
-0.004861017445468177 0.37206369143847773 0.4595299195645593 0.0 0.25 0.6 0.05 0.4 0.65 0.85 0.25 0.95 1.0 0.2 0.2 0.05 0.3 0.3 0.7 0.5 0.85 0.75 0.8 0.1 0.15 0.15 0.45 0.2 0.6 0.0 0.15 0.05 0.7 0.55 1.0 0.8 0.85 0.55 0.45 
-0.01566318953978489 0.6591612262810206 0.544331719336269 0.4 1.0 0.75 0.45 0.6 0.2 0.55 0.95 0.35 0.95 0.2 0.2 0.85 0.55 0.55 0.8 0.45 0.45 0.2 0.1 0.05 1.0 0.55 0.55 0.85 0.95 0.35 0.35 0.45 0.2 0.2 0.9 0.25 0.75 0.0 0.65 
-0.010944405369153158 0.39399940550096446 0.5664236599612258 0.6 0.15 0.4 0.55 0.6 0.8 0.6 0.75 0.85 0.9 1.0 0.05 0.8 0.55 0.1 0.45 0.2 0.6 1.0 0.85 0.05 0.65 1.0 0.55 1.0 0.7 0.1 0.4 0.6 0.1 0.8 0.05 0.2 0.5 0.4 0.2 
-0.03998427955955914 0.6181502338789059 0.37171336052113635 0.6 0.95 0.75 0.45 0.6 0.8 0.95 1.0 0.25 0.95 0.2 0.15 0.75 0.45 0.6 0.85 0.5 0.9 0.25 0.6 0.9 1.0 0.45 0.3 0.8 0.0 0.1 0.4 0.55 0.15 0.3 0.1 0.35 0.75 0.95 0.35 
-0.004737894752864584 0.3811876673676119 0.4380650305897767 0.0 0.25 0.6 0.05 0.4 0.65 0.8 0.25 0.7 0.95 0.15 0.2 0.5 0.35 0.75 0.95 0.75 0.85 0.75 0.8 0.1 0.45 0.8 0.7 0.2 0.65 0.45 0.8 0.1 0.7 0.45 1.0 0.8 0.85 0.55 0.45 
-0.005203934504585188 0.3682345158635967 0.5372082107130862 0.6 1.0 0.55 0.55 0.55 0.45 0.65 1.0 0.85 0.9 1.0 0.05 0.8 0.55 0.55 0.55 1.0 0.6 0.7 0.85 0.05 0.3 1.0 0.7 0.35 0.7 0.25 0.4 0.6 0.4 0.85 0.05 0.2 0.65 0.25 0.2 
-0.00177399721270253 0.5615152197009615 0.5631248458874942 0.0 0.1 0.05 0.45 0.6 0.45 0.95 0.35 0.2 0.85 0.2 0.15 0.55 0.75 0.2 0.8 0.5 0.35 1.0 0.7 0.8 1.0 0.9 0.4 0.7 0.0 0.4 0.35 0.45 0.4 0.95 0.9 0.55 0.55 0.0 0.65 
-0.024993497208469204 0.3584368201063028 0.5125046277110871 0.3 0.7 0.6 0.9 0.4 0.25 0.6 0.25 0.1 1.0 0.2 0.2 0.05 0.3 0.3 0.7 0.95 0.85 0.75 0.45 0.1 0.4 0.65 0.7 0.2 0.7 0.45 0.6 0.05 0.7 0.55 1.0 0.3 0.85 0.55 0.45 
-0.014116772044814024 0.369865599061068 0.5067681036699652 0.75 0.5 0.3 0.65 0.6 0.45 0.8 0.95 0.2 0.9 1.0 0.05 0.0 0.15 0.5 0.85 0.1 0.6 0.7 0.85 0.05 0.3 0.8 0.55 0.9 1.0 0.45 0.35 0.6 0.5 0.75 0.95 0.3 1.0 0.25 0.2 
-2.2426798989897964e-05 0.5541402198654025 0.3902637968895105 1.0 0.2 0.75 0.5 0.45 0.6 0.9 0.6 0.9 0.7 0.95 0.3 0.8 0.55 0.4 0.6 1.0 0.45 0.85 0.7 0.35 0.9 0.3 0.8 0.5 0.75 0.95 0.65 0.1 0.45 0.9 0.05 1.0 0.85 0.8 0.3 
-0.03413088498857473 0.5491834774429034 0.3973930793484271 1.0 0.2 0.75 0.5 0.45 0.6 0.9 0.6 0.9 0.7 0.95 0.3 0.8 0.55 0.4 0.6 1.0 0.45 0.85 0.7 0.35 0.9 0.3 1.0 0.5 0.75 0.95 0.65 0.1 0.45 0.9 0.05 1.0 0.85 0.8 0.3 
-0.009430886196522539 0.6659022674366708 0.5799065461634113 0.25 0.45 0.45 0.6 1.0 0.8 0.75 0.9 0.75 0.95 0.0 0.0 0.6 0.7 0.2 0.05 0.3 1.0 0.4 0.35 0.35 0.9 0.45 0.4 0.75 0.0 0.45 0.25 0.45 0.2 0.25 0.9 0.6 0.65 0.0 0.65 
-0.02037166484927126 0.3843742263356326 0.58012848058759 0.6 0.15 0.6 0.55 0.6 0.8 0.6 0.75 0.85 0.9 1.0 0.05 0.8 0.55 0.1 0.45 0.2 0.6 1.0 0.85 0.05 0.65 1.0 0.55 1.0 0.7 0.1 0.4 0.6 0.1 0.85 0.05 0.2 0.5 0.4 0.2 
-0.0019203386898932722 0.6004831567811543 0.5652079341226813 0.0 0.1 0.05 0.45 0.6 0.75 0.95 0.35 0.2 0.85 0.2 0.15 0.55 0.75 0.2 0.8 0.5 0.4 1.0 0.7 0.1 1.0 0.9 0.4 0.95 0.0 0.4 0.35 0.45 0.4 0.95 0.9 0.55 0.0 0.0 0.65 
-0.014258406422684002 0.6731949866455543 0.5382374717367724 0.4 0.95 0.75 0.45 0.6 0.8 0.8 1.0 0.2 0.95 0.2 0.2 0.55 0.75 0.2 0.8 0.5 0.65 0.2 0.6 0.2 1.0 0.45 0.4 0.95 0.95 0.4 0.35 0.45 0.2 0.2 0.0 0.35 0.75 0.0 0.65 
-0.0051814383105851436 0.6597474389177721 0.47093086124420525 0.4 0.2 0.55 0.45 0.9 0.8 0.65 0.1 0.2 0.95 0.8 0.2 0.2 0.75 0.2 0.8 0.85 0.5 0.15 0.7 0.1 1.0 0.45 0.4 0.85 0.0 0.45 0.15 0.45 0.2 0.7 0.9 0.35 0.75 0.0 0.65 
-0.038517799075863335 0.4629586945329553 0.39883113418676663 0.25 0.45 0.1 0.7 0.1 0.95 1.0 0.0 0.35 1.0 0.35 0.5 0.7 0.4 0.1 0.0 0.9 0.5 0.45 0.7 0.5 0.85 0.05 0.35 0.3 0.45 1.0 0.7 0.25 1.0 0.85 0.7 0.85 1.0 0.35 0.35 
-0.012853871282012241 0.614071530593225 0.43161057313775614 0.4 0.1 0.75 0.5 0.75 0.45 0.95 1.0 0.3 1.0 0.2 0.15 0.55 0.75 0.3 0.85 0.5 0.35 1.0 0.6 0.6 1.0 0.45 0.4 0.05 0.95 0.65 0.35 0.45 0.4 0.75 0.9 0.55 0.55 0.0 0.65 
-0.05161850677189572 0.5123217511273889 0.3544563496216595 0.35 0.2 1.0 0.95 0.05 0.35 1.0 0.6 0.65 0.8 0.95 0.3 1.0 0.4 0.25 0.65 1.0 0.7 0.85 0.75 0.85 0.85 0.6 0.8 0.4 0.9 0.95 0.65 0.1 0.35 0.5 0.25 1.0 0.6 0.8 0.35 
-0.0014585620195067034 0.5601231608295246 0.4040050900598922 0.0 0.9 0.55 0.3 0.05 0.45 0.95 0.35 0.5 0.85 0.8 0.15 0.1 0.85 0.6 0.3 0.5 0.35 0.95 0.7 0.8 1.0 0.45 0.3 0.25 0.95 0.4 0.3 0.45 1.0 0.7 0.9 0.55 0.65 0.05 0.65 
-0.000715535667056986 0.611619362434134 0.5265001209650273 0.4 0.95 0.35 0.45 0.6 0.5 0.75 0.2 0.2 0.95 0.05 0.2 0.55 0.05 1.0 0.6 0.5 0.85 0.5 0.2 0.1 1.0 0.45 0.4 0.85 0.0 0.45 0.35 0.45 0.4 0.95 0.9 0.2 0.55 0.0 0.65 
-0.019887625029128615 0.3823584316251638 0.5509211896005883 0.6 1.0 0.55 0.9 0.55 0.45 0.1 1.0 0.85 0.9 1.0 0.05 0.8 0.55 0.55 0.55 1.0 0.6 0.7 0.85 0.05 0.3 1.0 0.7 0.35 0.7 0.25 0.4 0.6 0.4 0.85 0.05 0.2 0.65 0.25 0.2 
-0.0030946270407484406 0.646096627695192 0.5061654446121326 0.5 0.25 0.5 0.3 0.6 0.8 0.8 1.0 0.2 0.85 0.25 0.2 0.9 0.75 0.55 0.5 0.55 0.65 0.2 0.1 0.4 1.0 0.5 0.4 0.85 0.0 0.45 0.35 0.45 0.25 0.7 0.9 0.25 0.75 0.0 0.65 
-0.003939013031545207 0.6443178734632063 0.5698607104214315 1.0 0.2 0.55 0.9 0.9 0.8 0.8 1.0 0.0 0.95 0.8 0.2 0.55 0.7 0.2 0.8 0.3 0.5 0.05 0.35 0.0 1.0 0.45 0.4 0.8 0.0 0.45 0.3 0.45 0.2 0.95 0.9 0.35 0.75 0.0 0.65 
-0.04987727758104228 0.5900505087804604 0.376484152925869 0.35 0.9 0.7 0.15 0.15 0.35 0.9 0.6 0.65 0.7 0.95 0.3 0.8 0.0 0.4 0.45 1.0 0.3 0.85 0.65 0.85 0.9 0.6 0.8 0.7 0.45 0.95 0.65 0.15 0.35 0.8 0.25 1.0 0.95 0.8 0.35 
-0.01480854127701895 0.5882457903715687 0.6102637530235683 0.4 0.7 0.35 0.45 0.6 0.45 1.0 0.35 0.2 0.9 0.2 0.15 0.55 0.75 0.2 0.8 0.5 0.2 0.9 0.4 0.15 1.0 0.45 0.0 0.95 0.25 0.4 0.55 0.45 0.2 0.95 0.9 0.55 0.1 0.0 0.65 
-0.015930798436352128 0.47106341785958006 0.37510863784542653 0.75 0.75 0.6 0.05 0.65 0.65 0.95 0.25 0.7 0.9 0.2 0.2 0.75 0.4 0.05 0.7 0.1 0.0 0.7 1.0 0.1 0.15 0.3 0.65 0.65 0.5 0.75 0.4 0.05 0.7 0.8 0.65 0.45 1.0 0.55 0.45 
-0.011734408044409629 0.5741508539196993 0.34734125113986036 0.35 0.9 0.7 0.15 0.15 0.35 0.9 0.6 0.65 0.7 0.95 0.3 0.8 0.0 0.4 0.45 1.0 0.3 0.85 0.9 0.85 0.9 0.6 0.8 0.7 0.45 0.95 0.65 0.15 0.35 0.8 0.25 1.0 0.95 0.8 0.35 
-0.046028126371088274 0.6937328736431233 0.575436522046809 0.4 0.95 0.75 0.1 0.6 0.2 0.8 0.95 0.35 0.95 0.2 0.2 0.85 0.75 0.95 0.8 0.5 0.65 0.1 0.6 0.55 1.0 0.55 0.4 0.85 0.95 0.35 0.35 0.45 0.2 0.2 0.9 0.35 0.75 0.0 0.65 
-0.006844482291290807 0.6402611323369958 0.4357387345925819 0.4 0.0 0.75 0.45 0.6 0.85 0.8 1.0 0.2 0.95 0.2 0.2 0.55 0.75 0.95 0.8 0.75 0.65 0.3 0.6 0.1 1.0 0.55 0.4 0.3 0.95 0.4 0.35 0.45 0.2 0.2 0.9 0.35 0.75 0.0 0.65 
-0.012802478507591308 0.6616004407246232 0.5994159942560011 0.4 0.1 0.35 0.8 0.85 0.45 0.95 0.35 0.2 0.75 0.6 0.1 0.55 0.75 0.2 0.1 0.5 0.3 0.95 0.7 0.75 0.85 0.4 0.35 0.95 0.95 0.3 0.35 0.45 0.05 0.95 0.9 0.55 0.5 0.0 0.65 
-0.6997668526312707 0.4793831479906289 0.377425216090495 0.75 0.75 0.6 0.05 0.65 0.65 0.95 0.25 0.7 0.9 0.2 0.2 0.75 0.4 0.05 0.7 0.1 0.0 0.9 1.0 0.1 0.15 0.3 0.65 0.65 0.5 0.75 0.3 0.05 0.7 0.8 0.65 0.45 1.0 0.55 0.45 
-0.02366470303967033 0.6292216579776598 0.42022381260506436 0.8 0.3 0.95 0.45 0.05 0.15 0.95 0.35 0.7 0.95 0.8 0.15 0.55 0.25 1.0 0.35 0.2 1.0 0.9 0.7 0.8 1.0 0.45 0.4 0.15 0.05 0.4 0.3 0.5 0.25 0.55 0.9 0.55 0.65 0.0 0.65 
-0.0051840848976338035 0.6401922321790916 0.5309440574155572 0.4 0.95 0.75 0.1 0.6 0.2 0.8 0.95 0.35 0.95 0.2 0.2 0.85 0.75 0.95 0.8 0.5 0.65 0.1 0.6 0.55 1.0 0.55 0.4 0.85 0.95 0.25 0.35 0.45 0.2 0.2 0.9 0.35 0.75 0.0 0.7 
-0.34114376352605774 0.4611212268245326 0.3605412738242628 0.75 0.0 0.6 0.05 0.65 0.65 0.95 0.25 0.7 1.0 0.2 0.2 0.75 0.4 0.05 0.7 0.1 0.0 0.7 1.0 0.1 0.15 0.3 0.65 0.65 0.5 0.8 0.7 0.05 0.7 0.9 0.65 0.45 1.0 0.55 0.45 
-0.5273377958796903 0.5046199466498547 0.35670170356619024 0.35 0.2 0.75 0.5 0.45 0.05 0.95 0.6 0.9 0.7 0.95 0.3 0.8 0.5 0.4 0.6 1.0 0.7 0.85 0.7 0.4 0.9 0.6 0.8 0.6 0.75 0.95 0.65 0.1 0.45 0.9 0.05 1.0 0.95 0.8 0.3 
-0.018837114830027445 0.6590928560547454 0.5550200963648074 0.4 0.95 0.75 0.35 0.6 0.8 0.8 1.0 0.15 0.75 0.2 0.05 0.35 0.75 0.2 0.8 0.5 0.7 0.2 0.6 0.2 0.9 0.45 0.4 0.85 0.95 0.4 0.35 0.45 0.2 0.2 0.0 0.35 0.75 0.0 0.65 
-0.0036387876880237674 0.5801812567264143 0.5740631110582047 0.4 0.1 0.35 0.45 0.95 0.45 1.0 0.35 0.2 1.0 0.2 0.15 0.55 0.75 0.2 0.8 0.5 0.2 0.9 0.4 0.15 1.0 0.45 0.0 0.85 0.25 0.4 0.55 0.45 0.2 0.95 0.9 0.55 0.1 0.75 0.65 
-0.016695667050901628 0.6586154775398123 0.4829780847476754 0.4 0.95 0.55 0.45 0.9 0.8 0.4 1.0 0.2 0.95 0.8 0.2 0.2 0.75 0.2 0.8 0.5 0.5 0.15 0.4 0.1 1.0 0.45 0.4 0.9 0.0 0.45 0.15 0.45 0.2 0.7 0.9 0.35 0.75 0.0 0.65 
-0.003087246803823789 0.506626725920397 0.37344072380127713 0.35 0.2 0.75 0.5 0.45 0.05 0.9 0.6 0.9 0.7 0.95 0.3 0.8 0.5 0.4 0.6 1.0 0.7 0.85 0.7 0.4 0.9 0.6 0.8 0.6 0.75 0.95 0.65 0.1 0.45 0.9 0.05 1.0 0.95 0.8 0.3 
-0.007339308816887223 0.6084349957568854 0.6169444525972083 0.4 0.1 0.35 0.45 0.6 0.95 0.9 0.35 0.15 1.0 0.2 0.15 0.55 0.75 0.2 0.8 0.5 0.35 0.9 1.0 0.8 1.0 0.7 0.4 0.35 0.95 0.4 0.35 0.45 0.4 0.95 0.9 0.55 0.5 0.0 0.65 
-0.007386366442636346 0.4007667509561064 0.6107156403083195 0.6 1.0 0.4 0.9 0.55 0.95 0.7 0.0 0.85 0.85 0.85 0.15 0.8 0.1 0.5 0.55 1.0 0.6 0.7 0.15 0.75 0.85 0.0 0.5 1.0 0.7 0.1 0.75 0.6 0.6 0.85 0.05 0.25 0.65 0.25 0.2 
-0.03673245864546309 0.4817388500415601 0.6062965029349396 0.6 0.75 0.85 0.55 0.55 0.35 0.6 0.8 0.85 1.0 0.55 0.15 0.8 0.9 0.1 0.95 0.2 0.8 0.9 0.15 0.95 0.85 0.0 0.5 1.0 0.7 0.15 0.6 0.6 0.7 0.85 0.05 0.35 0.95 0.25 0.2 
-0.001583108387898473 0.5428950011470681 0.5814462978662653 0.05 0.25 0.35 0.45 0.6 0.45 0.9 0.35 0.1 0.85 0.6 0.15 0.55 0.75 0.2 0.8 0.5 0.35 1.0 0.7 0.8 1.0 0.9 0.4 0.85 0.95 0.4 0.35 0.45 0.4 0.9 0.9 0.75 0.55 0.0 0.65 
-0.025784106902865023 0.6093576109163474 0.3952928079380129 0.0 0.9 0.55 0.3 0.05 0.45 0.95 0.35 0.5 0.85 0.8 0.0 0.1 0.85 0.6 0.3 0.5 0.35 0.95 0.7 0.8 1.0 0.45 0.35 0.4 0.95 0.4 0.3 0.45 0.9 0.7 0.9 0.55 0.65 0.05 0.65 
-0.0002697411328396254 0.46448611060704537 0.5815161524640264 0.6 1.0 0.4 0.55 0.6 0.8 0.2 0.55 0.8 0.85 1.0 0.05 0.8 0.55 0.65 0.1 1.0 0.6 0.7 0.85 0.05 0.6 1.0 0.55 1.0 0.7 0.1 0.4 0.6 0.5 0.4 0.9 0.2 0.8 0.25 0.2 
-0.009425644824972646 0.5108802600150765 0.6241834472273069 0.4 0.95 0.95 0.45 0.4 0.7 0.15 0.2 0.2 0.95 0.0 0.2 0.15 0.2 0.95 0.6 0.5 0.55 0.5 0.2 0.4 0.8 0.3 0.4 0.95 0.0 0.45 0.35 0.45 0.4 0.95 0.9 0.65 0.55 0.0 0.9 
-0.006223940434220953 0.5325581120883318 0.3644050234248385 0.35 0.2 1.0 0.15 0.05 0.35 0.9 0.6 0.65 0.7 0.95 0.3 0.8 0.55 0.4 0.65 1.0 0.3 0.85 0.75 0.85 0.5 0.6 0.8 0.3 0.85 0.95 0.3 0.1 0.4 0.8 0.25 1.0 0.95 0.8 0.35 
-0.009489268191117155 0.635971218249725 0.5884556706501758 0.95 0.35 0.35 0.45 0.6 0.45 0.8 0.35 0.2 0.85 0.2 0.05 0.55 0.75 0.1 0.8 0.5 0.35 0.05 0.7 0.3 1.0 0.45 0.25 0.85 0.95 0.4 0.35 0.45 0.6 0.95 0.9 0.55 0.55 0.0 0.65 
-0.016371241828755462 0.65189814505192 0.5881333288977615 0.4 0.95 0.75 0.45 0.6 0.8 0.8 1.0 0.2 0.95 0.2 0.2 0.55 0.75 0.2 0.8 0.5 0.65 0.2 0.6 0.2 0.8 0.45 0.4 0.95 0.95 0.4 0.35 0.45 0.2 0.2 0.0 0.35 0.75 0.0 0.65 
-0.008590776287958624 0.5971520587576715 0.5907333244395256 0.4 0.1 0.4 0.45 0.6 0.95 0.9 0.35 0.15 1.0 0.2 0.15 0.55 0.75 0.2 0.8 0.5 0.35 0.9 1.0 0.8 1.0 0.7 0.4 0.35 0.95 0.05 0.35 0.45 0.4 0.95 0.9 0.55 0.5 0.0 0.65 
-0.009560991993708431 0.6891740299052859 0.562946754131798 0.0 0.9 0.95 0.9 0.05 0.45 0.95 0.35 0.7 0.9 0.25 0.0 0.1 0.75 0.6 0.3 0.5 0.0 0.9 0.7 0.8 0.95 0.45 0.45 0.75 0.95 0.35 0.3 0.45 0.25 0.7 0.9 0.6 0.65 0.05 1.0 
-0.014357333816496102 0.427032436976289 0.4060799390229934 0.3 0.25 0.6 0.8 0.4 0.65 1.0 0.3 0.7 1.0 0.2 0.2 0.5 0.4 1.0 0.35 0.1 0.25 0.7 0.8 0.1 0.15 0.05 0.65 0.7 0.45 0.75 0.8 0.05 0.7 0.45 0.65 0.45 1.0 0.55 0.45 
-0.020160456102008152 0.663121905390355 0.4648886879230423 0.4 0.2 0.55 0.45 0.9 0.8 0.4 0.1 0.2 0.95 0.8 0.2 0.2 0.75 0.2 0.8 0.85 0.5 0.15 0.7 0.1 1.0 0.45 0.4 0.85 0.0 0.45 0.15 0.45 0.2 0.7 0.9 0.35 0.75 0.0 0.65 
-0.02150200988205397 0.6394150053968009 0.6088483928809152 0.4 0.25 0.6 0.45 0.6 0.45 0.85 0.35 0.2 0.85 0.2 0.15 0.55 0.75 0.2 0.8 0.5 0.35 1.0 0.7 0.8 1.0 0.45 0.4 0.85 0.95 0.35 0.35 0.45 0.4 0.95 0.9 0.85 0.55 0.0 0.65 
-0.00295209631111948 0.4447217661329247 0.3697949524001535 0.75 0.75 0.6 0.05 0.65 0.65 0.95 0.25 0.7 0.9 0.2 0.2 0.75 0.4 0.05 0.9 0.1 0.0 0.5 1.0 0.1 0.15 0.3 0.65 0.65 0.5 0.75 0.7 0.05 0.7 0.9 0.65 0.45 1.0 0.55 0.45 
-0.009452917781067289 0.41016029373330426 0.3798543690219067 0.75 0.1 0.6 0.05 0.65 0.65 0.85 0.25 0.7 1.0 0.2 0.35 0.75 0.55 0.05 0.7 0.1 0.0 0.7 0.6 0.05 0.2 0.85 0.4 0.75 0.5 0.8 0.85 0.05 0.7 0.95 0.65 0.45 1.0 0.55 0.45 
-0.012370681524322231 0.34610902084010053 0.44410186774337435 0.0 0.35 0.95 0.7 0.05 0.65 0.75 0.25 0.25 1.0 0.2 0.15 0.05 0.4 0.3 0.7 0.75 0.85 0.7 0.85 0.0 0.15 0.15 0.7 0.05 0.25 0.45 1.0 0.05 0.5 0.55 1.0 0.45 0.85 0.55 0.45 
-0.0008247581576295248 0.6335159679691854 0.392265804918804 0.85 0.95 0.75 0.45 0.6 0.8 0.95 1.0 0.8 0.95 0.2 0.15 0.75 0.45 0.6 0.6 0.0 0.65 0.1 0.95 1.0 1.0 0.45 0.3 0.8 0.0 0.1 0.35 0.15 0.1 0.35 0.75 0.35 0.75 0.95 0.25 
-0.0020843744857866196 0.6223872532880029 0.6264356341164005 0.25 0.45 0.45 0.45 1.0 0.8 0.45 0.9 0.0 0.95 0.0 0.0 0.55 0.7 0.2 0.8 0.3 1.0 0.4 0.35 0.35 0.7 0.45 0.4 0.75 0.0 0.45 0.45 0.45 0.2 0.3 0.9 0.6 0.65 0.0 0.65 
-0.005021789249117844 0.4005019655895215 0.6181626639061035 0.6 1.0 0.25 0.9 0.55 0.85 0.7 1.0 0.95 0.9 0.85 0.15 0.8 0.1 0.5 0.55 0.95 0.9 0.2 0.15 0.15 0.8 0.0 0.65 0.95 0.7 0.15 0.3 0.6 0.6 0.85 0.05 0.25 0.65 0.25 0.2 
-0.012159821686962634 0.5756472537691345 0.5948785991950623 0.0 0.1 0.05 0.45 0.6 0.75 0.95 0.35 0.2 0.85 0.2 0.15 0.55 0.75 0.2 0.8 0.5 0.4 1.0 0.7 0.1 1.0 0.9 0.4 0.7 0.0 0.4 0.35 0.45 0.4 0.95 0.9 0.55 0.55 0.0 0.65 
-0.007275270108997061 0.5056641808719332 0.6023236424475502 0.6 0.45 0.9 0.35 0.25 0.1 0.7 0.65 0.6 0.15 0.7 0.95 0.95 0.85 0.4 0.0 0.35 0.25 0.9 0.1 0.3 0.3 1.0 0.1 0.95 0.15 0.6 0.25 1.0 0.3 0.8 0.45 0.3 0.85 0.05 0.7 
-0.020557217546086987 0.37190231990452205 0.60281750040086 0.6 1.0 0.4 0.55 0.55 0.95 0.7 1.0 0.9 0.95 0.85 0.15 0.8 0.5 0.5 0.55 1.0 0.6 0.6 0.85 0.05 0.9 0.0 0.5 1.0 0.7 0.05 0.4 0.6 0.6 0.85 0.05 0.25 0.65 0.25 0.2 
-0.04308207047720812 0.520843770159289 0.3291181976335309 0.35 0.2 1.0 0.95 0.05 0.35 1.0 0.6 0.65 0.8 0.95 0.3 0.8 0.4 0.25 0.45 1.0 0.3 0.85 0.75 0.15 0.85 0.6 0.8 0.4 0.85 0.35 0.55 0.1 0.35 0.4 0.25 1.0 0.95 0.8 0.35 
-0.008058120572178518 0.3413242474324487 0.4796581073521238 0.3 0.25 0.6 0.9 0.4 0.25 0.6 0.25 0.85 0.85 0.2 0.2 0.05 0.3 0.3 0.7 0.15 0.85 0.75 0.4 0.1 0.15 0.65 0.5 0.2 0.7 0.45 0.6 0.05 0.7 0.55 1.0 0.3 0.85 0.55 0.45 
-0.012444715045025936 0.4071793288679179 0.6363581505041913 0.6 0.65 0.4 0.9 0.55 0.95 0.7 0.0 0.85 0.9 0.85 0.15 0.8 0.1 0.5 0.55 1.0 0.6 0.7 0.15 1.0 0.85 0.0 0.5 1.0 0.7 0.1 0.75 0.6 0.65 0.85 0.05 0.2 0.65 0.25 0.2 
-0.013846602077594826 0.5205622311954394 0.6237592634362431 0.4 0.95 0.35 0.45 0.4 0.55 0.75 0.2 0.2 0.95 0.05 0.2 0.55 0.5 1.0 0.6 0.5 0.9 0.5 0.2 0.4 0.85 0.45 0.15 0.85 0.0 0.45 0.35 0.45 0.3 0.95 0.9 0.55 0.55 0.0 0.65 
-0.04283350676953133 0.4864353479338601 0.5826962480173917 0.75 1.0 0.35 0.45 0.6 0.45 0.2 0.35 0.6 1.0 1.0 0.05 0.7 0.45 0.5 0.1 0.35 0.6 0.7 0.4 0.5 0.75 0.8 0.55 1.0 0.7 0.1 0.4 0.6 0.5 0.2 0.55 0.3 0.8 0.2 0.2 
-0.0025301904314503267 0.6936877083867555 0.5461032747570795 0.65 0.95 0.75 0.05 0.6 0.3 0.8 1.0 0.2 0.9 0.2 0.2 0.55 0.25 0.7 0.8 0.5 0.65 0.85 0.6 0.65 1.0 0.45 0.4 0.6 0.9 0.35 0.35 0.45 0.2 0.25 0.9 0.4 0.75 0.0 0.65 
-0.008469326479076535 0.3566893514796785 0.5866070528724436 0.6 1.0 0.4 0.9 0.55 0.95 0.7 0.0 0.85 0.85 0.85 0.15 0.8 0.1 0.1 0.05 1.0 0.6 0.85 0.15 0.05 0.75 0.0 0.7 1.0 0.7 0.1 0.0 0.6 0.6 0.85 0.05 0.1 0.65 0.25 0.2 
-0.003702098785516624 0.33949863429552474 0.4952904251779987 0.75 0.5 0.3 0.65 0.6 0.45 0.8 0.95 0.2 0.9 1.0 0.05 0.0 0.15 0.5 0.85 0.1 0.6 0.7 0.85 0.05 0.3 0.8 0.55 0.85 0.7 0.45 0.3 0.6 0.5 0.75 0.8 0.3 0.9 0.25 0.2 
-0.015522641828101133 0.4464756160635932 0.6139231474013584 0.6 1.0 0.4 0.55 0.6 0.8 0.2 1.0 0.85 0.85 1.0 0.05 0.8 0.55 0.5 0.8 1.0 0.6 0.7 0.85 0.05 0.55 1.0 0.55 1.0 0.7 0.1 0.4 0.6 0.5 0.8 0.95 0.2 0.8 0.25 0.2 
-0.010623570713670013 0.6673421262864835 0.44364858721130146 0.0 0.9 0.95 0.3 0.05 0.45 0.95 0.35 0.5 0.85 0.6 0.0 0.5 0.25 0.7 0.3 0.5 0.85 0.9 0.75 0.8 0.95 0.45 0.4 0.85 1.0 0.65 0.3 0.45 0.25 0.55 0.9 0.55 0.65 0.05 0.7 
-0.040418342683445185 0.6830605342368473 0.51314961237214 0.0 0.9 0.1 0.3 0.05 0.45 0.95 0.35 0.5 0.9 0.25 0.0 0.1 0.75 0.6 0.3 0.85 0.0 0.9 0.7 0.8 0.95 0.45 0.45 0.8 0.95 0.4 0.3 0.45 0.5 0.7 0.9 0.6 0.65 0.05 0.7 
-0.009953784904788803 0.3075070332067875 0.5113794384908095 0.0 0.15 0.6 0.9 0.4 0.6 0.65 0.25 0.8 1.0 0.2 0.2 0.05 0.35 0.3 0.9 0.85 0.85 0.75 0.45 0.1 0.15 0.05 0.55 0.35 0.7 0.45 0.7 0.05 0.7 0.75 1.0 0.3 0.8 0.55 0.45 
-0.09749988349697816 0.5631355927660037 0.33891739695578765 0.35 0.2 1.0 0.95 0.05 0.35 1.0 0.6 0.65 0.8 0.95 0.3 0.35 0.4 0.25 0.65 0.55 0.3 0.9 0.75 0.85 0.85 0.6 0.8 0.4 0.85 0.35 0.65 0.1 0.35 0.15 0.25 1.0 0.95 0.8 0.35 
-0.00844102287585023 0.5658793691667267 0.6408770968710756 0.4 0.95 0.35 0.45 0.6 0.5 0.75 0.2 0.2 1.0 0.05 0.2 0.55 0.5 1.0 0.6 0.5 0.85 0.75 1.0 0.1 0.95 0.45 0.4 0.85 0.0 0.45 0.55 0.45 0.4 0.95 0.9 0.55 0.55 0.9 0.95 
-0.015739230705873224 0.54940272112599 0.6169072436443805 0.4 0.95 0.35 0.45 0.4 0.15 0.75 0.2 0.2 0.95 0.05 0.2 0.55 0.5 1.0 0.6 0.5 0.9 0.5 0.2 0.4 0.85 0.45 0.15 0.85 0.0 0.45 0.35 0.45 0.4 0.95 0.9 0.55 0.55 0.0 0.65 
-0.05441410206872037 0.3403076164252847 0.5134208526356875 0.75 0.5 0.3 0.65 0.6 0.45 0.8 0.95 0.2 0.9 1.0 0.05 0.0 0.15 0.5 0.85 0.1 0.6 0.7 0.85 0.05 0.3 0.8 0.55 0.9 0.7 0.45 0.3 0.6 0.5 0.75 0.7 0.3 1.0 0.25 0.2 
-0.005380606022226118 0.33205953492166596 0.5333343501548463 0.6 1.0 0.8 0.6 0.55 0.95 0.85 0.0 0.85 0.9 0.85 0.15 0.8 0.1 0.5 0.55 1.0 0.6 0.7 0.15 0.05 0.85 0.0 0.5 0.3 0.7 0.1 0.75 0.6 0.65 0.85 0.05 0.2 0.65 0.25 0.2 
-0.155988265046484 0.4447536019315088 0.35538687921143974 0.75 0.75 0.6 0.05 0.65 0.65 0.95 0.25 0.7 1.0 0.2 0.2 0.75 0.4 0.05 0.7 0.1 0.0 0.7 1.0 0.1 0.15 0.3 0.6 0.65 0.5 0.75 0.85 0.05 0.7 0.95 0.65 0.45 1.0 0.55 0.45 
-0.017916243876029705 0.3912724816115841 0.4060965762236213 0.0 0.4 0.6 0.45 1.0 0.65 0.8 0.25 0.7 0.95 0.15 0.2 0.5 0.05 0.05 0.7 0.75 0.85 0.4 0.8 0.1 0.55 0.9 0.7 0.2 0.0 0.8 0.85 0.05 0.7 0.35 1.0 0.25 0.85 0.55 0.45 
-0.03323207467670548 0.48505214800343416 0.6337693002345959 0.6 0.75 0.2 0.2 0.55 0.35 0.6 1.0 0.85 0.9 0.55 0.15 0.25 0.85 0.1 0.05 0.2 0.8 0.9 0.15 0.95 0.85 0.0 0.5 1.0 0.7 0.4 0.6 0.6 0.7 0.85 0.05 0.35 1.0 0.25 0.2 
-0.05014977782508965 0.6355082025061257 0.6292284898200655 0.1 0.1 0.45 0.45 0.6 0.25 0.95 0.35 0.2 1.0 0.2 0.15 0.55 0.75 0.65 0.8 0.5 0.35 0.5 0.25 0.3 1.0 0.45 0.35 0.85 0.95 0.4 0.5 0.5 0.4 0.95 0.9 0.55 0.55 1.0 0.65 
-0.020428816853144585 0.5913608503338074 0.6612258945149949 0.4 0.25 0.55 0.45 0.6 0.45 0.9 0.35 0.2 0.85 0.2 0.1 0.55 0.75 0.2 0.8 0.1 0.35 1.0 0.7 0.8 1.0 0.45 0.1 0.85 0.95 0.35 0.35 0.45 0.35 0.95 0.9 0.55 0.55 0.0 0.65 
-0.004820641674772289 0.5290149812229697 0.6158244583571855 0.4 0.95 0.35 0.45 0.6 0.5 0.75 0.2 0.2 1.0 0.05 0.2 0.55 0.5 1.0 0.6 0.5 0.85 0.2 0.2 0.1 0.95 0.45 0.4 0.85 0.0 0.45 0.55 0.45 0.4 0.95 0.9 0.55 0.55 0.9 0.95 
-0.2747870453619029 0.506912394409455 0.6481016375462098 0.4 0.95 0.95 0.45 0.4 0.7 0.15 0.2 0.2 0.95 0.0 0.2 0.55 0.2 0.95 0.6 0.5 0.55 0.5 0.2 0.4 0.8 0.3 0.45 0.95 0.0 0.45 0.35 0.45 0.4 0.95 0.9 0.55 0.55 0.0 0.9 
-0.011586949733601576 0.32374662837212187 0.5534392167024148 0.55 0.35 0.65 1.0 0.4 0.65 1.0 0.95 0.65 0.95 1.0 0.35 0.35 0.3 0.05 0.35 0.75 0.85 0.75 0.3 0.15 0.55 0.15 0.7 0.55 0.15 0.55 0.8 0.05 0.75 0.9 1.0 0.8 1.0 0.55 0.45 
-0.009332867714378551 0.4685828204593025 0.6150874143368095 0.6 0.75 0.25 0.55 0.55 0.35 0.6 1.0 0.85 1.0 0.55 0.15 0.8 0.9 0.1 0.95 0.2 0.8 0.9 0.15 0.95 0.7 0.0 0.5 1.0 0.7 0.65 0.6 0.6 0.7 0.85 0.05 0.35 0.65 0.25 0.2 
-0.19746911993132876 0.5078613564468089 0.3461152050353197 0.35 0.2 1.0 0.95 0.05 0.35 1.0 0.6 0.65 0.8 0.95 0.3 0.8 0.4 0.25 0.45 1.0 0.3 0.85 0.75 0.15 0.85 0.6 0.8 0.4 0.85 0.35 0.3 0.1 0.35 0.4 0.25 1.0 0.95 0.8 0.35 
-0.01428232580502326 0.37121683780896403 0.42817023741631577 0.0 0.4 0.6 0.45 1.0 0.5 0.8 0.25 0.7 0.95 0.15 0.2 0.5 0.05 0.05 0.0 0.75 0.85 0.75 0.8 0.1 0.55 0.8 0.5 0.2 0.0 0.8 0.9 0.05 0.7 0.25 1.0 0.4 0.85 0.55 0.45 
-0.1275252333167309 0.3177068378764 0.5424076734521622 0.6 1.0 0.8 0.6 0.55 0.95 0.85 0.0 0.85 0.9 0.85 0.15 0.8 0.1 0.5 0.55 1.0 0.6 0.7 0.15 0.05 0.65 0.0 0.5 0.3 0.7 0.1 0.75 0.6 0.65 0.85 0.05 0.2 0.65 0.25 0.2 
-0.03139574928949467 0.3255882110522055 0.5742134064557985 0.0 0.25 0.65 1.0 0.4 0.65 0.6 0.95 0.65 1.0 0.15 0.35 1.0 0.3 0.05 0.35 0.75 0.35 0.55 0.8 0.15 0.55 0.15 0.7 0.5 0.15 0.15 0.8 0.05 0.75 0.9 1.0 0.55 0.75 0.55 0.45 
-0.041549100080571603 0.6821104459951652 0.49661707310768755 1.0 0.2 0.55 0.9 0.45 0.8 0.8 1.0 0.2 0.95 0.8 0.2 0.55 0.7 0.2 0.8 0.3 0.5 0.35 0.35 0.0 1.0 0.45 0.4 0.8 0.0 0.45 0.3 0.45 0.2 0.95 0.9 0.35 0.75 0.0 0.65 
-0.01067239943660824 0.38197862899382684 0.4050702064000008 0.0 0.4 0.6 0.45 1.0 0.65 0.8 0.25 0.7 0.95 0.15 0.2 0.5 0.05 0.05 0.0 0.75 0.85 0.75 0.8 0.1 0.55 0.9 0.7 0.2 0.0 0.8 0.85 0.05 0.7 0.35 1.0 0.25 0.85 0.55 0.45 
-0.08164764436478099 0.6787824868375726 0.4307666327012057 0.4 0.95 0.75 0.45 0.6 0.8 0.8 1.0 0.2 0.95 0.2 0.2 0.55 0.75 0.2 0.8 0.95 0.65 0.15 0.6 0.05 1.0 0.45 0.4 0.85 0.0 0.2 0.35 0.45 0.2 0.2 0.1 0.35 0.75 0.0 0.65 
-0.014208824694494243 0.6150695208941035 0.6433619065810031 0.95 0.35 0.35 0.45 0.6 0.45 0.8 0.35 0.2 0.85 0.2 0.15 0.55 0.75 0.3 0.8 0.5 0.35 1.0 0.7 0.3 1.0 0.45 0.25 0.85 0.95 0.4 0.35 0.45 0.4 0.95 0.9 0.55 0.55 0.0 0.65 
-0.19728100423952583 0.6402119021945097 0.6566859595694536 0.4 0.25 0.95 0.45 0.6 0.45 0.9 0.35 0.2 0.85 0.2 0.15 0.55 0.75 0.2 0.8 0.5 0.35 1.0 0.7 0.8 1.0 0.6 0.4 0.85 0.95 0.35 0.35 0.45 0.4 0.9 0.9 0.55 0.55 0.0 0.65 
-0.01489069004583676 0.35874714364516336 0.43298860417668233 0.0 0.25 0.6 0.05 0.4 0.65 0.85 0.25 0.7 1.0 0.2 0.2 0.05 0.3 0.3 0.7 1.0 0.85 0.75 0.8 0.1 0.1 0.15 0.7 0.55 0.6 0.45 0.15 0.05 0.7 0.55 1.0 0.8 0.85 0.55 0.45 
-0.01154100025815292 0.6504348560428779 0.40831611037791254 0.4 0.45 0.75 0.55 0.45 0.8 0.8 1.0 0.8 0.95 0.2 0.2 0.55 0.7 0.45 0.8 0.5 0.65 0.2 0.25 0.05 1.0 0.45 0.4 0.9 0.9 0.1 0.35 0.9 0.1 0.25 0.9 0.5 0.55 0.0 0.3 
-0.00028177246747891144 0.6904675111715067 0.47197332020450977 0.8 0.1 0.95 1.0 0.05 0.45 0.95 0.35 0.75 0.85 0.8 0.15 0.55 0.75 0.7 0.05 0.2 1.0 0.9 0.7 0.8 0.65 0.45 0.4 0.65 0.0 0.4 0.3 0.5 0.25 0.7 0.9 0.55 0.65 0.0 0.65 
-0.0009243033303693934 0.5437304845942489 0.6427786434828172 0.45 0.25 0.35 0.45 0.6 0.45 0.75 0.35 0.2 0.95 0.2 0.15 0.2 0.75 0.2 0.8 0.7 0.35 0.5 0.7 0.8 1.0 0.45 0.4 0.85 0.95 0.4 0.6 0.45 0.4 0.95 0.9 0.55 0.55 0.0 0.65 
-0.053032978420211103 0.33176223645086156 0.6092200420500973 0.6 1.0 0.4 0.55 0.55 0.95 0.9 0.0 0.85 0.9 0.85 0.15 0.8 0.1 0.75 0.5 1.0 0.6 0.7 0.15 0.25 0.85 0.0 0.5 0.8 0.7 0.1 0.75 0.6 0.65 0.85 0.05 0.2 0.65 0.25 0.2 
-13.184205964513465 0.48095855568046186 0.3491760952320143 0.75 0.75 0.15 0.05 0.65 0.65 0.95 0.25 0.7 1.0 0.0 0.2 0.75 0.15 0.05 0.7 0.1 0.0 0.7 0.9 0.1 0.15 0.3 0.55 0.75 0.5 0.75 0.5 0.05 0.7 1.0 0.65 0.45 1.0 0.55 0.45 
-0.003531285106757896 0.29028814470766306 0.5611257420833347 0.05 0.25 0.05 0.9 0.2 0.0 0.8 0.25 0.85 1.0 0.2 0.2 0.5 0.85 0.2 0.9 0.85 0.05 0.75 0.45 0.45 0.15 0.9 1.0 1.0 0.7 0.45 0.8 0.05 0.7 1.0 1.0 0.3 1.0 0.5 0.3 
-0.026250487412768753 0.36683303364601805 0.4008177296097001 0.0 0.25 0.6 0.05 0.4 0.65 0.85 0.25 0.7 1.0 0.2 0.2 0.05 0.3 0.3 0.7 1.0 0.85 0.75 0.8 0.1 0.15 0.15 0.7 0.2 0.6 0.45 0.15 0.05 0.7 0.55 1.0 0.8 0.85 0.55 0.45 
-0.007148574347429229 0.5528101695030342 0.6464916537788107 0.4 0.1 0.35 0.45 0.6 0.45 0.9 0.35 0.2 1.0 0.2 0.15 0.55 0.05 0.65 0.8 0.05 0.35 0.4 1.0 0.8 1.0 0.7 0.3 0.9 0.95 0.4 0.35 0.45 0.2 0.95 0.9 0.55 0.55 0.0 0.65 
-0.0015049864526977636 0.6898365215326557 0.5190727755546057 0.65 0.95 0.75 0.05 0.6 0.3 0.8 1.0 0.15 0.9 0.2 0.2 0.55 0.25 0.7 0.25 0.5 0.65 0.85 0.6 0.65 1.0 0.45 0.4 0.6 0.9 0.35 0.35 0.45 0.2 0.25 0.9 0.4 0.75 0.0 0.65 
-0.005993465398316751 0.3397636415554458 0.5711387921674176 0.6 1.0 0.4 0.6 0.55 0.95 0.85 0.0 0.85 0.9 0.85 0.15 0.8 0.1 0.5 0.55 1.0 0.6 0.65 0.15 0.05 0.85 0.0 0.5 0.9 0.7 0.65 0.75 0.6 0.65 0.6 0.05 0.2 0.65 0.55 0.2 
-0.010606544002725142 0.32356197680029564 0.4786657882525079 0.3 0.25 0.6 0.9 0.4 0.25 0.6 0.25 0.85 1.0 0.2 0.2 0.05 0.3 0.3 0.7 0.95 0.85 0.75 0.45 0.1 0.15 0.65 0.7 0.2 0.7 0.45 0.6 0.05 0.7 0.55 1.0 0.3 0.85 0.55 0.45 
-0.03326698456795817 0.6620201421784357 0.6351398424408892 0.4 0.25 0.95 0.45 0.6 0.45 0.9 0.35 0.2 0.85 0.2 0.15 0.55 0.75 0.2 0.8 0.5 0.35 1.0 0.7 0.85 1.0 0.6 0.4 0.85 0.95 0.35 0.35 0.45 0.3 0.9 0.9 0.55 0.55 0.0 0.65 
-0.025331110779215293 0.3471650687578077 0.6071538223954543 0.45 1.0 0.4 0.55 0.55 0.95 0.8 0.0 0.85 0.9 0.85 0.15 0.8 0.1 0.75 0.5 1.0 0.6 0.7 0.15 0.25 0.85 0.0 0.5 0.8 0.7 0.1 0.75 0.6 0.65 0.85 0.05 0.2 0.65 0.25 0.2 
-0.03618581478149228 0.3582114322830654 0.6308643012900176 0.6 1.0 0.25 0.9 0.55 0.85 0.75 1.0 0.85 0.9 0.85 0.15 0.8 0.1 0.5 0.55 0.6 0.9 0.5 0.15 0.05 0.55 0.0 0.65 1.0 0.7 0.15 0.3 0.6 0.6 0.85 0.05 0.25 0.5 0.25 0.2 
-0.06931568898700707 0.6763482689843126 0.5971999258183198 0.4 0.1 0.35 0.8 0.85 0.45 0.95 0.35 0.2 0.75 0.6 0.1 0.55 0.75 0.2 0.1 0.5 0.3 0.95 0.7 0.75 0.85 0.4 0.35 0.95 0.95 0.3 0.35 0.45 0.05 0.95 0.9 0.85 0.5 0.0 0.65 
-19.274519702724515 0.46201090548499885 0.3384820710767239 0.75 0.75 0.15 0.05 0.65 0.65 0.95 0.25 0.7 1.0 0.0 0.2 0.75 0.15 0.05 0.7 0.1 0.0 0.7 0.9 0.1 0.15 0.3 0.55 0.75 0.5 0.75 0.75 0.05 0.7 0.95 0.65 0.45 1.0 0.55 0.45 
-0.032566360978809675 0.34171471854465807 0.4160789945591655 0.0 0.35 0.6 0.7 0.05 0.65 0.7 0.25 0.7 1.0 0.2 0.15 0.05 0.4 0.3 0.7 0.75 0.85 0.7 0.85 0.0 0.15 0.15 0.7 0.05 0.25 0.45 0.9 0.05 0.7 0.55 1.0 0.45 0.9 0.55 0.45 
-0.001118032481792388 0.6590755988979042 0.6046905141540516 0.25 0.45 0.25 0.45 1.0 0.8 0.45 0.9 0.75 0.95 0.0 0.0 0.55 0.8 0.2 0.8 0.3 1.0 0.45 0.35 0.35 0.9 0.45 0.4 0.75 0.0 0.45 0.35 0.45 0.2 0.3 0.9 0.6 0.65 0.0 0.65 
-0.025448684460711135 0.6903492859676505 0.4862407731369076 0.8 0.3 0.95 0.45 0.05 0.45 0.95 0.35 0.55 0.95 0.8 0.15 0.55 0.25 1.0 0.95 0.2 0.05 0.9 0.7 0.8 1.0 0.45 0.4 0.55 0.05 0.4 0.3 0.5 0.25 0.75 0.9 0.55 0.65 0.9 0.65 
-0.003434744218859755 0.31463268541981626 0.43236160604907015 0.15 0.25 0.6 0.8 0.05 0.65 0.85 0.25 0.7 1.0 0.2 0.15 0.05 0.4 0.3 0.7 0.75 0.85 0.95 0.8 0.1 0.15 0.15 0.7 0.05 0.25 0.45 0.9 1.0 0.7 0.55 1.0 0.45 0.85 0.55 0.45 
-1.1788355241652306 0.43407133646917023 0.346339787254353 0.75 0.75 0.6 0.05 0.65 0.9 0.95 0.25 0.7 1.0 0.2 0.2 0.75 0.4 0.05 0.95 0.1 0.0 0.7 0.05 0.1 0.15 0.3 0.65 0.85 0.5 0.75 0.85 0.05 0.7 0.95 0.65 0.45 1.0 0.55 0.45 
-0.014595777696536385 0.3799619208383159 0.6450974733627388 0.6 1.0 0.25 0.9 0.55 0.85 0.7 1.0 0.85 0.9 0.85 0.15 0.8 0.1 0.5 0.55 0.6 0.9 0.2 0.15 0.15 0.8 0.0 0.65 0.95 0.7 0.15 0.3 0.6 0.6 0.85 0.05 0.25 0.65 0.25 0.2 
-0.01826808986477506 0.7053005902610163 0.507707265690966 0.8 0.1 0.95 1.0 0.05 0.45 0.95 0.35 0.55 0.95 0.8 0.15 0.55 0.25 1.0 0.35 0.2 1.0 0.9 0.7 0.8 1.0 0.45 0.4 0.65 0.0 0.4 0.3 0.25 0.25 0.7 0.9 0.55 0.65 0.0 0.65 
-0.04955756647631595 0.6938255067715671 0.5840617610698167 0.4 0.95 0.75 0.1 0.6 0.2 0.5 0.95 0.35 0.95 0.2 0.2 0.85 0.4 0.95 0.8 0.5 0.65 0.1 0.6 0.55 1.0 0.55 0.4 0.85 0.95 0.25 0.35 0.45 0.2 0.2 0.9 0.35 0.75 0.0 0.65 
-0.003453740658045305 0.6670851492341606 0.40352271965538 0.15 0.95 0.75 0.45 0.6 0.8 0.95 1.0 0.8 0.95 0.2 0.15 0.75 0.45 0.6 0.8 0.0 0.9 0.2 0.2 0.9 1.0 0.45 0.3 0.8 0.0 0.1 0.35 0.55 0.1 0.6 0.95 0.45 0.75 0.95 0.25 
-0.014788634161142894 0.3220567730983255 0.43257530222132606 0.15 0.25 0.6 0.8 0.05 0.65 0.85 0.25 0.7 1.0 0.2 0.15 0.05 0.4 0.3 0.7 0.95 0.85 0.95 0.8 0.1 0.15 0.15 0.7 0.0 0.25 0.45 0.9 1.0 0.7 0.55 1.0 0.45 0.85 0.55 0.45 
-0.023113467092581733 0.7155360792188052 0.458721498861713 0.8 0.3 0.95 0.45 0.05 0.45 0.95 0.3 0.75 0.95 0.8 0.15 0.4 0.1 0.45 0.15 0.2 0.8 0.8 0.7 0.8 0.9 0.45 0.4 0.75 0.0 0.4 0.3 0.5 0.25 0.5 0.9 0.55 0.65 0.0 0.65 
-0.00046594535414836493 0.6882236321889765 0.45316351070722716 0.65 0.95 0.75 0.05 0.6 0.8 0.8 1.0 0.2 0.9 0.2 0.2 0.55 0.55 0.7 0.8 0.5 0.65 0.1 0.6 0.65 1.0 0.45 0.4 0.6 0.95 0.35 0.35 0.45 0.2 0.25 0.9 0.4 0.75 0.0 0.65 
-0.035640575545326784 0.6493438420627204 0.3881494751848149 0.15 0.95 0.75 0.45 0.6 0.8 0.95 1.0 0.25 0.8 0.2 0.15 0.75 0.45 0.6 0.8 0.6 0.65 0.3 0.2 0.9 1.0 0.45 0.3 0.8 0.0 0.1 0.4 0.55 0.15 0.3 0.95 0.35 0.75 0.95 0.35 
-0.0027529233198643637 0.35691290676238624 0.6223245708312334 0.6 1.0 0.4 0.6 0.55 0.95 0.85 0.0 0.85 0.9 0.85 0.15 0.6 0.1 0.5 0.55 1.0 0.6 0.35 0.15 0.25 0.85 0.0 0.5 0.9 0.7 0.1 0.8 0.6 0.65 0.85 0.05 0.2 0.65 0.25 0.2 
-0.04987000710210221 0.3472811452568776 0.4001264784893914 0.0 0.9 0.6 0.8 0.05 0.65 0.85 0.25 0.7 1.0 0.2 0.2 0.05 0.4 0.3 0.7 1.0 0.85 0.75 0.8 0.1 0.15 0.15 1.0 0.0 0.6 0.45 0.9 0.05 0.7 0.55 1.0 0.45 0.85 0.55 0.45 
-0.02777475443372891 0.4075820296410242 0.37097668477503787 0.7 0.25 0.6 0.8 0.05 0.65 1.0 0.25 0.7 1.0 0.2 0.2 0.5 0.3 0.7 0.6 0.1 0.25 0.7 0.8 0.0 0.15 0.35 0.65 0.7 0.45 0.45 0.75 0.05 0.7 0.45 0.65 0.45 1.0 0.55 0.45 
-0.0014646570885458845 0.31422476339617667 0.49098105154840277 0.3 0.25 0.6 0.9 0.4 0.25 0.6 0.25 0.85 1.0 0.2 0.2 0.05 0.3 0.3 0.7 0.15 0.85 0.75 0.45 0.1 0.15 0.65 0.5 0.2 0.7 0.45 0.6 0.05 0.7 0.55 1.0 0.3 0.85 0.55 0.45 
-29.780245252614513 0.45543950743256345 0.3320364291114739 0.3 0.85 0.1 0.95 0.5 0.6 1.0 0.0 0.5 0.15 0.75 0.0 0.7 0.35 0.85 0.5 0.55 0.2 0.7 0.5 0.35 1.0 0.05 0.3 0.9 1.0 0.3 0.75 0.55 0.95 0.95 0.7 0.6 1.0 0.35 0.3 
-0.012485930333013385 0.2946552830585675 0.4823491944468422 0.4 0.25 0.6 0.8 0.6 0.65 0.85 0.25 0.7 1.0 0.2 0.2 0.05 0.4 0.3 0.7 1.0 0.85 0.75 0.55 0.1 0.15 0.15 0.8 0.4 0.6 0.05 0.9 0.05 0.7 0.55 1.0 0.45 0.85 0.55 0.45 
-0.012452214458218048 0.6143956622739339 0.3569103901876191 0.15 0.95 0.75 0.45 0.6 0.8 0.95 1.0 0.25 0.95 0.2 0.15 0.75 0.45 0.6 0.8 0.5 0.65 0.25 0.2 0.55 1.0 0.45 0.3 0.8 0.0 0.1 0.4 0.55 0.15 0.3 0.1 0.35 0.75 0.95 0.35 
-0.04367769760277251 0.7157896157484787 0.5328398308182021 0.0 0.9 0.95 0.9 0.05 0.45 0.95 0.35 0.9 0.9 0.25 0.0 0.1 0.6 0.6 0.3 0.5 0.0 0.9 0.7 0.8 0.95 0.45 0.45 0.4 0.95 0.4 0.3 0.45 0.25 0.7 0.9 0.6 0.65 0.05 0.7 
-0.12005181630048256 0.46288057880339667 0.6459798484136126 0.6 0.75 0.2 0.2 0.55 0.35 0.6 1.0 0.85 0.9 0.55 0.15 0.25 0.85 0.1 0.05 0.2 0.8 0.9 0.15 0.95 0.85 0.0 0.5 1.0 0.7 0.4 0.6 0.6 0.7 0.85 0.05 0.2 1.0 0.25 0.2 
-0.164053350834411 0.3362263904288646 0.6338982229987007 0.6 1.0 0.25 0.9 0.55 0.85 0.75 1.0 0.85 0.9 0.85 0.15 0.8 0.1 0.5 0.55 0.6 0.9 0.55 0.85 0.05 0.8 0.0 0.65 1.0 0.7 0.15 0.3 0.6 0.6 0.85 0.05 0.3 0.5 0.25 0.2 
-0.08859663675132005 0.7009713861791439 0.44644622879110873 0.75 0.95 0.85 0.05 0.6 0.75 1.0 1.0 0.4 0.9 0.2 0.2 0.55 0.55 0.5 0.8 0.5 0.65 0.25 0.6 0.15 1.0 0.45 0.4 0.85 0.95 0.3 0.35 0.45 0.2 0.35 0.9 0.25 0.75 0.0 0.65 
-0.01138532506373075 0.7149148355936826 0.5662182125276669 0.4 0.1 1.0 0.8 0.85 0.45 1.0 0.35 0.2 0.9 0.7 0.15 0.55 0.6 0.2 0.8 0.5 0.3 0.95 0.7 0.75 0.85 0.4 0.35 0.7 0.95 0.3 0.35 0.45 0.2 0.95 0.9 0.55 0.5 0.95 0.65 
-0.24024058609822407 0.5895033036301632 0.34718531532484787 0.85 0.95 0.75 0.45 0.6 0.1 0.95 1.0 0.25 0.95 0.2 0.15 0.75 0.45 0.6 0.9 0.5 0.65 0.25 0.2 0.9 1.0 0.45 0.3 0.8 0.0 0.1 0.4 0.0 0.15 0.3 0.1 0.35 0.75 0.95 0.35 
-0.04553222448072807 0.5269197319059039 0.6513778784739217 0.4 0.1 0.35 0.45 0.6 0.45 0.9 0.35 0.2 1.0 0.2 0.15 0.55 0.05 0.65 0.8 0.05 0.35 0.4 0.85 0.8 1.0 0.7 0.3 0.9 0.95 0.4 0.35 0.45 0.2 0.95 0.9 0.55 0.6 0.0 0.65 
-0.00545957072342073 0.5663619473302548 0.6660036975297957 0.4 0.1 0.35 0.45 0.25 0.45 0.9 0.35 0.2 1.0 0.2 0.15 0.55 0.05 0.2 0.3 0.5 0.05 0.1 1.0 0.8 0.9 0.7 0.4 0.95 0.95 0.4 0.35 0.45 0.4 0.95 0.9 0.55 0.55 0.0 0.65 
-0.015142388966967273 0.6922145322130189 0.6255826765940037 0.0 0.9 0.95 0.3 0.05 0.45 0.95 0.35 0.3 0.9 0.25 0.0 0.1 0.75 0.6 0.3 0.5 0.0 0.9 0.7 0.8 0.95 0.45 0.45 0.7 0.95 0.4 0.3 0.45 0.25 0.7 0.9 0.6 0.65 0.05 0.7 
-6.8311407428929805 0.2718591361164363 0.45238209764703985 0.05 0.25 0.6 0.05 0.45 0.95 0.85 0.25 0.7 1.0 0.2 0.15 0.05 1.0 0.3 0.7 0.75 0.85 0.9 0.8 0.1 0.15 0.15 0.8 0.25 0.3 0.25 1.0 0.05 0.7 0.7 1.0 0.45 0.85 0.55 0.45 
-0.004350576423547988 0.3654867959535113 0.38025904410922184 0.7 0.25 0.6 0.8 0.05 0.65 0.6 0.25 0.75 1.0 0.2 0.2 0.5 0.4 1.0 0.35 0.1 0.25 0.7 0.8 0.1 0.15 0.05 0.65 0.7 0.45 0.35 0.9 0.05 0.7 0.45 0.65 0.45 1.0 0.55 0.45 
-0.1010740478079334 0.4288660027950555 0.3641049267613756 0.8 0.75 0.6 0.05 0.65 0.65 0.85 0.25 0.7 1.0 0.2 0.2 0.75 0.4 0.05 0.7 0.1 0.95 0.7 1.0 0.1 0.15 0.3 0.65 0.65 0.5 0.75 0.95 0.05 0.7 0.95 0.65 0.45 1.0 0.55 0.45 
-0.07822768353790396 0.717390262573308 0.526665934025524 0.0 0.9 0.95 0.9 0.05 0.45 0.95 0.35 0.7 0.9 0.25 0.0 0.1 0.6 0.6 0.3 0.5 0.0 0.9 0.7 0.8 0.95 0.45 0.45 0.4 0.95 0.4 0.3 0.45 0.25 0.7 0.9 0.6 0.65 0.05 0.7 
-0.06922139161451508 0.6282870784298762 0.3633471851473387 0.15 0.95 0.95 0.45 0.6 0.8 1.0 1.0 0.25 0.95 0.2 0.15 0.15 0.45 0.4 0.8 0.5 0.65 0.25 0.2 0.65 1.0 0.45 0.3 0.8 0.0 0.1 0.4 0.55 0.15 0.05 0.6 0.35 0.75 0.95 0.35 
-0.013664097117678336 0.6866426586759087 0.41953625745681355 0.7 0.4 0.95 1.0 0.05 0.6 0.95 0.35 0.6 0.95 0.8 0.15 0.55 0.85 1.0 0.35 0.2 1.0 0.9 0.7 0.8 0.95 0.45 0.4 0.75 0.0 0.25 0.3 0.5 0.25 0.4 0.9 0.55 0.65 0.0 0.65 
-3.634387138546663 0.2738596304786082 0.4322892792074712 0.05 0.35 0.6 0.05 0.45 0.95 0.9 0.25 0.7 1.0 0.2 0.15 0.05 0.35 0.3 0.75 0.45 0.85 0.9 0.8 0.1 0.15 0.15 0.55 0.25 0.3 0.2 1.0 0.05 0.7 0.7 1.0 0.45 0.85 0.55 0.45 
-0.03647530684580441 0.7098688044322111 0.5981924355603498 0.0 0.1 0.35 0.65 0.6 0.7 1.0 0.35 0.2 0.85 0.2 0.15 0.2 0.35 1.0 0.8 1.0 1.0 0.8 0.75 0.1 1.0 0.45 0.35 0.7 0.95 0.35 0.35 0.45 0.4 0.95 0.9 0.55 0.55 0.0 0.65 
-0.0002828143728427832 0.2841403072332409 0.4506475796977996 0.5 0.25 0.6 0.8 0.05 0.3 0.9 0.25 0.7 1.0 0.2 0.2 0.05 0.4 0.3 0.7 0.85 0.05 0.75 0.8 0.1 0.15 0.95 0.55 0.45 0.6 0.45 0.8 0.05 0.7 0.55 1.0 0.45 0.85 0.55 0.4 
-0.036422449962222145 0.29347260702655587 0.5095205258097705 0.0 0.25 0.6 0.9 0.4 0.65 0.95 0.25 0.8 1.0 0.2 0.2 0.05 0.3 0.3 0.9 0.85 0.85 0.75 0.45 0.1 0.15 0.05 0.7 0.35 0.7 0.45 0.6 0.05 0.7 0.75 1.0 0.3 0.85 0.55 0.35 
-0.003937830360038986 0.27495816778206994 0.5077795247236382 0.0 0.25 0.6 0.9 0.4 0.65 0.65 0.25 0.8 1.0 0.2 0.2 0.05 0.35 0.3 0.9 0.85 0.85 0.75 0.45 0.1 0.15 0.05 0.55 0.35 0.7 0.45 0.7 0.05 0.7 0.75 1.0 0.3 0.85 0.55 0.45 
-0.003544900052229823 0.6727516210802286 0.3752363971982282 0.85 0.95 0.75 0.45 0.6 0.8 0.95 1.0 0.8 0.95 0.2 0.15 0.75 0.45 0.4 0.8 0.0 0.65 0.1 0.95 1.0 1.0 0.45 0.3 0.8 0.0 0.1 0.4 0.5 0.1 0.35 0.0 0.35 0.75 0.95 0.25 
-12.665682973084596 0.27617709005115854 0.4218831564159716 0.0 0.25 0.9 0.05 0.05 0.4 0.85 0.25 0.7 1.0 0.2 0.15 0.05 0.4 0.3 0.7 0.75 0.85 0.8 0.8 0.1 0.15 0.15 0.7 0.5 0.3 0.3 1.0 0.05 0.7 0.45 1.0 0.45 0.85 0.55 0.45 
-0.01763376690394974 0.3076577514684973 0.4205575147158766 0.0 0.9 0.6 0.8 0.05 0.65 0.85 0.25 0.7 1.0 0.2 0.2 0.05 0.4 0.7 0.7 1.0 0.85 0.75 0.8 0.1 0.15 0.0 0.9 0.4 0.6 0.45 0.9 0.05 0.7 0.55 1.0 0.45 0.85 0.55 0.45 
-0.18484079087015665 0.5500634111510561 0.6713672738748874 0.45 0.25 0.35 0.45 0.6 0.45 0.9 0.35 0.2 0.95 0.2 0.15 0.2 0.75 0.2 0.8 0.5 0.35 0.5 0.7 0.8 1.0 0.45 0.4 0.85 0.95 0.4 0.6 0.45 0.4 0.95 0.9 0.55 0.55 0.0 0.65 
-0.016756954079650343 0.3243029007832766 0.3963667226896361 0.0 0.35 0.6 0.7 0.05 0.65 0.85 0.25 0.7 1.0 0.2 0.15 0.05 0.4 0.3 0.7 0.75 0.85 0.7 0.85 0.0 0.15 0.15 0.7 0.05 0.25 0.45 0.9 0.05 0.7 0.55 1.0 0.45 0.85 0.55 0.45 
-9.809282123533537 0.29909145187958774 0.3968466125254632 0.0 0.25 0.6 0.15 0.05 0.65 0.85 0.25 0.7 1.0 0.2 0.15 0.1 0.1 0.3 0.7 0.5 0.4 0.85 0.8 0.1 0.1 0.05 0.65 0.4 0.3 0.3 1.0 0.05 0.7 0.55 1.0 0.5 0.9 0.55 0.5 
-0.3454304368376819 0.2587822264719992 0.49271181872253766 0.0 0.25 0.6 0.8 0.3 0.65 0.85 0.25 0.7 1.0 0.2 0.2 0.0 0.4 0.3 0.75 1.0 0.95 0.65 0.8 0.1 0.15 0.15 0.8 0.4 0.55 0.35 0.9 0.05 0.7 0.95 1.0 0.45 0.85 0.55 0.45 
-0.10496362469507885 0.2912050732185687 0.48090469716021866 0.0 0.25 0.6 0.9 0.4 0.65 0.95 0.25 0.8 1.0 0.2 0.2 0.05 0.3 0.3 0.9 0.85 0.85 0.75 0.45 0.1 0.15 0.05 0.7 0.35 0.7 0.45 0.6 0.05 0.7 0.75 1.0 0.3 0.85 0.55 0.45 
-0.0072858963580492726 0.3550946933291671 0.37501342539924504 0.75 0.75 0.6 0.1 0.05 0.65 0.85 0.25 0.7 1.0 0.2 0.2 0.5 0.4 0.1 0.7 0.1 0.85 0.7 0.8 0.1 0.15 0.45 0.65 0.3 0.5 1.0 0.85 0.05 0.7 0.95 0.65 0.45 1.0 0.55 0.45 
-0.006050519450395583 0.5685613847962028 0.6780988558869717 0.4 0.1 0.35 0.45 0.25 0.45 0.9 0.35 0.2 1.0 0.2 0.15 0.55 0.05 0.2 0.3 0.5 0.05 0.35 1.0 0.8 0.9 0.7 0.4 0.95 0.95 0.4 0.35 0.45 0.4 0.95 0.9 0.55 0.55 0.0 0.65 
-0.005526695496346671 0.6814477673207531 0.631645714574566 0.0 0.05 0.35 0.65 0.6 0.7 1.0 0.35 0.2 0.85 0.2 0.15 0.2 0.75 1.0 0.8 1.0 0.35 0.8 0.7 0.8 1.0 0.6 0.4 0.7 0.95 0.35 0.35 0.45 0.4 0.95 0.9 0.55 0.55 0.0 0.65 
-10.41026276057974 0.30447007821469685 0.3900037580070566 0.0 0.25 0.6 0.15 0.15 0.2 0.9 0.25 0.7 1.0 0.2 0.15 0.3 0.1 0.15 0.7 0.45 0.4 0.85 0.8 0.1 0.15 0.05 0.55 0.4 0.3 0.3 0.9 0.05 0.7 0.55 1.0 0.45 0.9 0.55 0.5 
-0.010009958104976827 0.6941727510873617 0.6667816985681313 0.0 0.9 0.95 0.2 0.05 0.9 0.95 0.35 0.2 0.85 0.8 0.0 0.1 0.75 0.6 0.3 0.5 0.35 0.9 0.7 0.8 0.95 0.4 0.4 0.95 0.95 0.3 0.3 0.45 0.2 0.7 0.9 0.55 0.65 0.05 0.7 
-0.17720261492181572 0.29515633209326975 0.5236707474389465 0.05 0.9 0.3 0.0 0.3 0.1 0.5 0.25 0.7 1.0 0.2 0.15 1.0 0.75 0.15 0.7 0.65 0.85 1.0 0.5 0.4 0.5 0.15 0.5 0.05 0.7 0.4 0.75 0.05 0.7 0.75 0.85 0.45 0.8 0.55 0.35 
-0.060239406270739836 0.36493096258667607 0.6493545278579821 0.6 1.0 0.25 0.9 0.55 0.65 0.7 1.0 0.85 0.9 0.85 0.15 0.55 0.9 0.65 0.55 0.6 0.9 0.45 0.15 0.05 0.8 0.0 0.65 1.0 0.7 0.15 0.35 0.6 0.6 0.85 0.05 0.25 0.5 0.25 0.2 
-0.010688282118112373 0.29467515947833434 0.4400184414914824 0.0 0.9 0.6 0.8 0.05 0.65 0.85 0.25 0.7 1.0 0.2 0.2 0.05 0.4 0.3 0.7 1.0 0.85 0.75 0.8 0.1 0.15 0.15 0.8 0.4 0.6 0.45 0.9 0.05 0.7 0.55 1.0 0.45 0.85 0.55 0.45 
-0.09222624897539655 0.3264487218286044 0.39388580046011584 0.0 0.25 0.85 0.8 0.05 0.65 0.85 0.25 0.7 1.0 0.2 0.15 0.05 0.4 0.3 0.7 0.75 0.85 0.7 0.8 0.1 0.15 0.15 0.65 0.05 0.35 0.45 0.9 0.05 0.7 0.55 1.0 0.45 0.85 0.55 0.45 
-0.2905035718860259 0.4151052437119277 0.3445684752701702 0.7 0.25 0.6 0.8 0.05 0.65 1.0 0.25 0.7 1.0 0.2 0.2 0.5 0.3 0.7 0.6 0.1 0.25 0.7 0.8 0.0 0.15 1.0 0.65 0.7 0.45 0.45 0.75 0.05 0.7 0.45 0.65 0.45 1.0 0.55 0.45 
-0.010398430945593772 0.4090294942250811 0.3524225043731558 0.8 0.75 0.6 0.05 0.65 0.65 0.85 0.25 0.7 1.0 0.2 0.2 0.75 0.4 0.05 0.7 0.1 0.25 0.7 1.0 0.05 0.15 0.3 0.65 0.65 0.5 0.65 0.95 0.05 0.7 0.95 0.65 0.45 1.0 0.55 0.45 
-0.07391317187498662 0.2617147216469563 0.5393737521478168 0.0 0.25 0.6 0.9 0.4 0.65 0.65 0.25 0.8 1.0 0.2 0.2 0.05 0.35 0.3 0.9 0.85 0.85 0.75 0.45 0.1 0.15 0.05 0.55 0.35 0.7 0.45 0.7 0.05 0.7 0.9 1.0 0.3 0.85 0.55 0.45 
-0.10212459451897891 0.6726843056607021 0.6588955707490503 0.4 1.0 0.5 0.9 0.6 0.2 0.9 0.35 0.15 0.85 0.15 0.1 0.55 0.75 0.2 0.8 0.85 0.35 1.0 0.7 0.8 0.95 0.45 0.45 0.85 0.95 0.35 0.35 0.45 0.35 0.9 0.9 0.55 0.55 0.0 0.7 
-0.284256625081072 0.7169990447018403 0.5786973584108184 0.8 0.1 0.95 1.0 0.05 0.45 1.0 0.35 0.25 0.95 0.8 0.15 0.55 0.25 1.0 0.35 0.2 0.3 0.9 0.7 0.7 1.0 0.45 0.4 0.65 0.0 0.4 0.3 0.5 0.25 0.7 0.9 0.55 0.65 0.0 0.7 
-0.1020052913223997 0.644943650272945 0.6691401188628343 0.2 0.1 0.35 0.8 0.85 0.45 1.0 0.35 0.2 0.65 0.7 0.0 0.55 0.65 0.2 0.8 0.5 0.3 0.75 0.7 0.8 0.8 0.4 0.4 0.85 0.95 0.4 0.35 0.45 0.2 0.95 0.9 0.55 0.5 0.0 0.65 
-42.808836275687085 0.4325309336847798 0.3300609286489231 0.3 0.85 0.1 0.95 0.5 0.2 1.0 0.0 0.5 0.15 0.05 0.0 0.0 0.1 0.85 0.5 0.8 0.35 0.7 0.5 0.55 1.0 0.05 0.3 0.05 1.0 0.95 0.7 0.55 1.0 0.95 0.7 0.6 1.0 0.35 0.3 
-1.595927249064855 0.6553863653805287 0.7045638307486988 0.4 1.0 0.5 0.9 0.6 0.45 0.9 0.35 0.15 0.75 0.2 0.1 0.55 0.75 0.2 0.8 0.75 0.35 1.0 0.7 0.8 0.95 0.45 0.45 0.85 0.95 0.35 0.35 0.45 0.35 0.95 0.9 0.55 0.55 0.0 0.65 
-0.008171318602783783 0.5931588188369163 0.668022706112843 0.45 0.25 0.35 0.45 0.6 0.45 0.9 0.35 0.2 0.95 0.2 0.15 0.2 0.75 0.2 0.8 0.5 0.35 1.0 0.7 0.8 1.0 0.45 0.4 0.85 0.95 0.4 0.6 0.45 0.4 0.95 0.9 0.55 0.55 0.0 0.65 
-0.009168311666065332 0.6707886070391507 0.7016541236776211 0.4 1.0 0.5 0.9 0.6 0.2 0.9 0.35 0.15 0.85 0.15 0.1 0.55 0.75 0.2 0.8 0.85 0.35 1.0 0.7 0.8 0.95 0.45 0.45 0.85 0.95 0.35 0.35 0.45 0.35 0.9 0.9 0.55 0.55 0.0 0.65 
-0.02350997621436465 0.6926759801459378 0.6863844122935148 0.4 1.0 0.45 0.9 0.6 0.2 0.9 0.35 0.15 0.85 0.15 0.1 0.55 0.75 0.2 0.65 0.85 0.2 1.0 0.7 0.8 0.95 0.5 0.45 0.85 0.95 0.35 0.35 0.45 0.35 0.95 0.9 0.55 0.55 0.0 0.65 
-0.9359589201060411 0.2621489155334542 0.5006814966334131 0.0 0.25 0.6 0.8 0.3 0.65 0.85 0.25 0.7 1.0 0.2 0.2 0.0 0.4 0.3 0.75 1.0 0.95 0.65 0.8 0.1 0.15 0.15 0.8 0.4 0.55 0.35 0.95 0.05 0.7 0.95 1.0 0.45 0.85 0.55 0.45 
-0.6459300285425553 0.7235196660293672 0.6240972836741399 0.0 0.9 0.0 0.2 0.55 0.9 0.95 0.35 0.2 0.85 0.8 0.0 0.1 0.75 0.6 0.3 0.3 0.35 0.35 0.7 0.8 0.85 0.4 0.4 0.95 0.95 0.3 0.3 0.45 0.2 0.7 0.9 0.55 0.65 0.05 0.7 
-0.027966582842950064 0.5737367037563373 0.6834219013418696 0.4 0.35 0.35 0.45 0.25 0.9 0.9 0.35 0.15 1.0 0.2 0.15 0.55 0.05 0.2 0.3 0.5 0.35 0.35 1.0 0.8 1.0 0.7 0.4 0.9 0.95 0.4 0.35 0.45 0.4 1.0 0.9 0.55 0.55 0.0 0.65 
-2.975094717596644 0.5584330208216808 0.6956009750320407 0.4 0.75 0.35 0.45 0.25 0.9 0.9 0.35 0.2 1.0 0.2 0.15 0.55 0.05 0.2 0.3 0.5 0.05 0.35 1.0 0.8 0.9 0.7 0.4 1.0 0.95 0.4 0.35 0.45 0.4 0.95 0.9 0.55 0.55 0.0 0.65 
-0.04928903809339427 0.3642171070266692 0.3602990698881937 0.75 0.75 0.6 0.1 0.05 0.65 0.85 0.25 0.7 1.0 0.2 0.2 0.5 0.35 0.1 0.7 0.1 0.85 0.65 0.8 0.1 0.15 0.45 0.65 0.55 0.5 1.0 0.85 0.05 0.7 0.95 0.65 0.45 1.0 0.55 0.45 
-0.5505365926230711 0.6130126424060793 0.696524263154622 0.2 0.1 0.35 0.8 0.85 0.45 1.0 0.35 0.2 0.65 0.7 0.0 0.55 0.65 0.2 0.8 0.5 0.3 0.75 0.7 0.8 0.8 0.4 0.4 1.0 0.95 0.4 0.35 0.45 0.2 0.95 0.9 0.55 0.5 0.0 0.65 
-0.5875473417219758 0.5404408486170149 0.6851294544638862 0.95 0.35 0.35 0.45 0.6 0.45 0.8 0.35 0.2 0.85 0.2 0.15 0.55 0.75 0.3 0.8 0.5 0.35 1.0 0.7 0.3 1.0 0.45 0.0 0.85 0.95 0.4 0.35 0.45 0.4 0.95 0.9 0.55 0.55 0.0 0.65 
-0.05990060425210267 0.40698739375374454 0.6496260528163725 0.6 1.0 0.2 0.55 0.55 0.35 1.0 1.0 0.85 0.95 0.55 0.15 0.8 0.55 0.9 0.55 1.0 0.8 0.9 0.15 0.55 0.85 0.0 0.5 1.0 0.7 0.15 0.55 0.6 0.6 0.85 0.05 0.25 0.75 0.25 0.2 
-0.029339002247199358 0.3757864441959017 0.35742869870048255 0.9 0.25 0.6 0.8 0.4 0.65 1.0 0.3 0.7 1.0 0.2 0.2 0.5 0.5 1.0 0.35 0.1 0.25 0.7 0.45 0.1 0.15 0.05 0.65 0.7 0.45 0.75 0.8 0.05 0.7 0.45 0.65 0.45 1.0 0.55 0.45 
-0.8289199176161187 0.3895187108577632 0.6496805731941635 0.6 1.0 0.25 0.9 0.55 0.85 0.7 1.0 0.85 0.9 0.85 0.15 0.8 0.1 0.65 0.55 0.6 0.9 0.0 0.15 0.05 0.8 0.0 0.65 1.0 0.7 0.15 0.5 0.6 0.6 0.85 0.05 0.25 0.5 0.25 0.2 
-0.6366546987539216 0.5170236685978097 0.6711281069725193 0.4 0.95 0.95 0.45 0.4 0.7 0.55 0.2 0.2 0.95 0.0 0.2 0.55 0.55 0.95 0.6 0.5 0.55 0.75 0.2 0.4 0.8 0.3 0.45 0.95 0.0 0.45 0.35 0.45 0.4 0.95 0.9 0.55 0.55 0.0 0.9 
-0.012983080719848468 0.7449936928691465 0.5675345307586807 0.0 0.9 0.95 0.9 0.05 0.45 0.95 0.35 0.7 0.9 0.25 0.0 0.1 0.75 0.6 0.3 0.5 0.0 0.9 0.7 0.8 0.95 0.45 0.45 0.75 0.95 0.35 0.3 0.45 0.25 0.7 0.9 0.6 0.65 0.05 0.7 
-0.1141954141416058 0.6101999510377362 0.6757612383146481 0.2 0.1 0.35 0.8 0.85 0.45 0.95 0.35 0.2 0.65 0.7 0.25 0.55 0.65 0.2 0.8 0.5 0.3 0.75 0.7 0.8 0.8 0.4 0.4 0.95 0.95 0.4 0.35 0.45 0.2 0.95 0.9 0.55 0.5 0.0 0.65 
-0.20422887426064248 0.7108202298326116 0.6423631484806056 0.0 0.9 0.95 0.2 0.05 0.9 0.95 0.35 0.2 0.85 0.8 0.0 0.1 0.75 0.6 0.3 0.5 0.35 1.0 0.7 0.8 0.95 0.4 0.35 0.9 0.95 0.3 0.3 0.45 0.2 0.7 0.9 0.55 0.65 0.05 0.7 
-0.17409570039684538 0.5932972215834409 0.6944277384445651 0.95 0.1 0.35 0.8 0.85 0.45 0.95 0.35 0.2 0.6 0.7 0.25 0.55 0.75 0.2 0.8 0.5 0.3 0.95 0.7 0.8 0.85 0.4 0.4 0.95 0.95 0.45 0.35 0.45 0.2 0.95 0.9 0.55 0.5 0.0 0.65 
-0.044684183203116845 0.6360337879795338 0.7001027035700724 0.4 0.1 0.35 0.8 0.85 0.45 1.0 0.35 0.2 0.65 0.7 0.15 0.55 1.0 0.2 0.8 0.5 0.3 0.95 0.7 0.8 0.8 0.4 0.4 0.95 0.95 0.35 0.35 0.45 0.2 0.95 0.9 0.55 0.5 0.0 0.65 
-0.007173220221668415 0.3204258315421894 0.5871764744793069 0.6 1.0 0.4 0.6 0.55 0.95 0.85 0.0 0.85 0.9 0.85 0.15 0.8 0.1 0.5 0.55 1.0 0.6 0.7 0.15 0.05 0.85 0.0 0.5 0.7 0.7 0.1 0.75 0.6 0.65 0.85 0.05 0.2 0.65 0.25 0.2 
-0.17154755698891255 0.27888587908499995 0.5495370582531816 0.45 0.35 0.6 1.0 0.2 0.0 0.8 0.25 0.8 1.0 0.2 0.2 0.3 0.05 0.6 0.9 0.05 0.05 0.75 0.45 0.15 0.15 0.15 0.55 1.0 0.7 0.45 0.45 0.05 0.7 0.95 0.05 0.3 1.0 0.5 0.3 
-0.5943800464772873 0.7300149474780965 0.5804136513240674 0.0 0.9 0.95 0.9 0.05 0.45 0.9 0.35 0.7 0.9 0.25 0.0 0.1 0.75 0.6 0.2 0.5 0.0 0.9 0.7 0.8 0.9 0.45 0.45 0.75 0.95 0.4 0.3 0.45 0.25 0.65 0.9 0.6 0.65 0.05 0.7 
-3.0919794865228543 0.6236720609518148 0.7185667157999363 0.4 0.1 0.35 0.8 0.85 0.45 0.9 0.35 0.2 0.65 0.7 0.15 0.55 0.75 0.2 0.8 0.5 0.3 0.95 0.7 0.8 0.85 0.4 0.4 0.95 0.95 0.35 0.35 0.45 0.2 0.95 0.9 0.55 0.5 0.0 0.65 
-1.9918642903944468 0.5034748479460377 0.6840823364078393 0.4 0.35 0.35 0.45 0.25 0.0 0.9 0.35 0.15 1.0 0.2 0.15 0.55 0.7 0.2 0.3 0.5 0.35 0.35 0.85 0.05 1.0 0.7 0.4 0.9 0.95 0.4 0.55 0.45 0.4 1.0 0.9 0.55 0.55 0.0 0.65 
-4.1239617805532855 0.25754864838069347 0.5329125613154668 0.45 0.25 0.6 0.9 0.2 0.0 0.8 0.25 0.75 1.0 0.2 0.2 0.65 0.05 0.2 0.9 0.05 0.05 0.75 0.45 0.15 0.15 0.9 0.45 1.0 0.7 0.45 0.8 0.05 0.7 0.95 1.0 0.3 1.0 0.5 0.3 
-0.21715363470412857 0.46863017723903555 0.6564208700602889 0.6 0.75 0.2 0.2 0.55 0.35 0.45 1.0 0.85 0.9 0.55 0.15 0.25 0.85 0.1 0.05 0.2 0.8 0.9 0.15 0.95 0.85 0.0 0.5 1.0 0.7 0.45 0.6 0.6 0.7 0.85 0.05 0.2 1.0 0.25 0.2 
-15.773507198536697 0.6642926718555777 0.7342040477908677 0.4 0.0 0.35 0.45 0.9 0.85 0.95 0.35 0.25 0.95 0.65 0.15 0.4 0.75 0.9 0.5 0.2 0.75 0.65 0.7 0.65 1.0 0.45 0.4 0.9 0.95 0.35 0.35 0.45 0.1 0.95 0.9 0.55 0.55 0.0 0.65 
-0.024166885022818285 0.44308573673772955 0.6387280807841917 0.6 0.75 0.25 0.55 0.55 0.35 0.6 1.0 0.85 1.0 0.55 0.15 0.8 0.9 0.1 0.95 0.2 0.8 0.35 0.15 0.95 0.7 0.0 0.5 1.0 0.7 0.15 0.6 0.6 0.7 0.85 0.05 0.35 0.65 0.25 0.2 
-0.15337280610644066 0.752146894300538 0.5348835545237439 0.0 0.9 0.2 0.85 0.05 0.6 0.95 0.35 0.75 0.9 0.4 0.0 0.1 0.75 0.6 0.3 0.5 0.05 0.9 0.7 0.8 1.0 0.45 0.4 0.7 0.95 0.3 0.3 0.45 0.25 0.7 0.9 0.6 0.65 0.05 0.7 
-0.017387128482364938 0.7338834397202143 0.5451746214743957 0.0 0.9 0.95 0.3 0.05 0.45 0.95 0.35 0.5 0.9 0.8 0.0 0.1 0.75 0.6 0.0 0.5 0.1 0.9 0.7 0.8 0.95 0.4 0.4 0.65 0.95 0.4 0.3 0.45 0.25 0.7 0.9 0.6 0.65 0.05 0.7 
-5.587489477109727 0.5526838072483324 0.7107598912933273 0.45 0.25 0.35 0.45 0.6 0.45 0.9 0.35 0.2 0.95 0.2 0.15 0.2 0.75 0.2 0.8 0.5 0.35 1.0 0.7 0.8 0.95 0.45 0.4 0.85 0.95 0.4 0.6 0.45 0.4 0.95 0.9 0.55 0.55 0.0 0.65 
-7.850297007304995 0.3703166267607998 0.6657543944843404 0.6 0.25 0.25 0.55 0.55 0.35 0.7 1.0 0.85 0.9 0.85 0.15 0.0 0.3 0.8 0.55 0.5 0.9 0.4 0.2 0.05 0.8 0.0 0.55 1.0 0.7 0.65 0.5 0.6 0.6 0.85 0.05 0.25 0.65 0.25 0.2 
-0.901201182670176 0.6729666377016821 0.710695197613181 0.4 1.0 0.45 0.9 0.6 0.2 0.9 0.35 0.15 0.85 0.15 0.1 0.55 0.75 0.2 0.65 0.85 0.35 1.0 0.7 0.8 0.95 0.45 0.45 0.85 0.95 0.35 0.35 0.45 0.35 0.95 0.9 0.55 0.55 0.0 0.65 
-0.040706998521760365 0.7144946583999503 0.45196662199876897 0.8 0.1 0.95 1.0 0.05 0.45 0.95 0.35 0.55 0.95 0.8 0.15 0.55 0.25 1.0 0.35 0.2 1.0 0.7 0.7 0.7 1.0 0.45 0.4 0.65 0.0 0.4 0.3 0.5 0.25 0.7 0.9 0.55 0.65 0.0 0.7 
-0.26426272728975864 0.25528890640375057 0.5649736843379587 0.45 0.35 0.6 1.0 0.2 0.0 0.8 0.25 0.8 1.0 0.2 0.2 0.3 0.05 0.6 0.9 0.05 0.05 0.75 0.45 0.15 0.15 0.15 0.55 1.0 0.7 0.45 0.8 0.05 0.7 0.95 0.05 0.3 1.0 0.5 0.3 
-5.974889122927215 0.5058745107702031 0.6940626092626287 0.4 0.35 0.35 0.45 0.25 0.0 0.9 0.35 0.15 1.0 0.2 0.15 0.55 0.7 0.2 0.3 0.5 0.35 0.35 0.55 0.05 1.0 0.7 0.4 0.9 0.95 0.4 0.5 0.45 0.4 1.0 0.9 0.55 0.55 0.0 0.65 
-0.049770952641510366 0.33867292721006914 0.6456619313488038 0.6 1.0 0.25 0.9 0.55 0.85 0.75 1.0 0.85 0.9 0.85 0.15 0.8 0.1 0.5 0.55 0.6 0.9 0.5 0.15 0.05 0.8 0.0 0.65 1.0 0.7 0.15 0.3 0.6 0.6 0.85 0.05 0.25 0.5 0.25 0.2 
-0.0049870356976388424 0.67085989750666 0.3577207763646225 0.15 0.95 0.75 0.45 0.6 0.8 0.95 1.0 0.25 0.95 0.2 0.15 0.75 0.45 0.6 0.8 0.5 0.65 0.1 0.2 0.9 1.0 0.45 0.3 0.8 0.0 0.1 0.4 0.55 0.15 0.3 0.95 0.35 0.75 0.95 0.35 
-0.006004459555392868 0.5429375549266667 0.3351760683860562 0.35 0.2 1.0 0.95 0.05 0.35 1.0 0.6 0.65 0.8 0.95 0.3 0.8 0.4 0.25 0.65 1.0 0.3 0.85 0.75 0.85 0.85 0.6 0.8 0.4 0.85 0.95 0.65 0.1 0.35 0.4 0.25 1.0 0.95 0.8 0.35 
-0.09157203437385977 0.32177299024829653 0.6154126239288346 0.75 0.9 0.1 0.0 0.3 0.15 0.4 0.25 0.7 1.0 0.2 0.2 0.05 0.75 0.1 0.7 0.65 0.95 1.0 0.5 0.35 0.45 0.05 0.7 0.5 0.75 0.45 0.9 0.05 0.7 0.7 0.05 0.5 0.9 0.55 0.35 
-0.08998258560959166 0.7084294411937582 0.4285463427233721 0.8 0.3 0.95 0.45 0.05 0.15 0.95 0.35 0.7 0.95 0.8 0.15 0.55 0.25 1.0 0.35 0.2 1.0 0.9 0.7 0.8 1.0 0.45 0.4 0.65 0.05 0.4 0.3 0.5 0.25 0.55 0.9 0.55 0.65 0.0 0.65 
-0.09135877789139175 0.2901273946868064 0.5734601274100176 0.05 0.9 0.1 0.8 0.3 0.1 0.55 0.25 0.7 1.0 0.2 0.15 0.3 0.75 0.45 0.7 0.65 0.85 1.0 0.5 0.5 0.5 0.15 0.7 0.5 0.75 0.45 0.95 0.05 0.7 0.7 0.05 0.45 0.9 0.55 0.35 
-4.931718381006953 0.5308899664065085 0.7162743962783391 0.4 0.1 0.35 0.55 0.6 0.35 0.95 0.4 0.4 0.95 0.05 0.05 0.25 0.15 0.2 0.8 0.5 0.1 0.9 0.7 0.8 1.0 0.45 0.35 0.85 0.95 0.35 0.55 0.45 0.2 0.95 0.9 0.55 0.55 0.0 0.65 
-0.22251450678728277 0.44168586546216826 0.662072132749172 0.6 1.0 0.45 0.55 0.55 0.35 1.0 1.0 0.85 0.9 0.55 0.15 0.8 0.55 0.7 0.55 1.0 0.8 0.9 0.15 0.95 0.85 0.0 0.5 1.0 0.7 0.15 0.4 0.55 0.6 0.85 0.05 0.3 0.95 0.25 0.2 
-0.021933837875054003 0.2924815367556194 0.5781045397167903 0.05 0.9 0.1 0.8 0.3 0.1 0.5 0.25 0.7 1.0 0.2 0.15 0.3 0.75 0.45 0.7 0.65 0.85 1.0 0.5 0.5 0.5 0.15 0.7 0.5 0.75 0.45 0.95 0.05 0.7 0.7 0.05 0.45 0.9 0.55 0.35 
-0.06969129681349688 0.6938983182290325 0.38884360725090933 0.85 0.95 0.75 0.45 0.6 0.8 0.95 1.0 0.8 0.95 0.2 0.15 0.75 0.45 0.6 0.8 0.25 0.65 0.1 0.95 1.0 1.0 0.45 0.3 0.8 0.0 0.1 0.35 0.65 0.1 0.6 0.0 0.35 0.75 0.95 0.25 
-0.031309327130272756 0.30859963014272074 0.6125028295224733 0.05 0.9 0.1 0.0 0.3 0.55 0.4 0.25 0.7 1.0 0.2 0.2 0.05 0.75 0.1 0.7 0.65 0.8 1.0 0.5 0.3 0.45 0.05 0.7 0.5 0.75 0.45 0.9 0.05 0.7 0.7 0.05 0.45 0.9 0.55 0.35 
-0.7411115319199952 0.5718639851938266 0.7215735017322188 0.4 0.1 0.35 0.55 0.6 0.45 0.9 0.35 0.3 0.95 0.05 0.05 0.25 0.75 0.2 0.8 0.5 0.1 0.9 0.7 0.8 1.0 0.45 0.35 0.85 0.95 0.35 0.55 0.45 0.2 0.95 0.9 0.55 0.55 0.0 0.65 
-0.02184363422301027 0.6665437460942908 0.3511257673771361 0.15 0.95 0.75 0.45 0.6 0.8 0.95 1.0 0.25 0.95 0.2 0.15 0.75 0.45 0.6 0.8 0.5 0.65 0.3 0.2 0.9 1.0 0.45 0.3 0.8 0.0 0.1 0.4 0.55 0.15 0.3 0.95 0.35 0.75 0.95 0.35 
-0.9833128986247202 0.7544655633306543 0.559504291442817 0.8 0.3 0.6 0.45 0.05 0.9 0.9 0.35 0.55 0.8 0.8 0.15 0.55 0.25 1.0 0.35 0.2 0.0 0.9 0.7 0.8 1.0 0.5 0.4 0.65 0.95 0.4 0.3 0.5 0.25 0.7 0.9 0.55 0.65 0.0 0.65 
-1.985967815249688 0.6823240369610006 0.6997858398107748 0.4 1.0 0.5 0.9 0.6 0.45 0.95 0.35 0.15 0.85 0.2 0.1 0.55 0.75 0.2 0.7 0.85 0.35 0.9 0.7 0.8 0.95 0.45 0.45 0.85 0.95 0.35 0.35 0.45 0.35 0.95 0.9 0.55 0.55 0.0 0.65 
-110.89230442124207 0.4799737416041291 0.6869490922959938 0.65 0.1 0.35 0.45 0.0 0.45 0.8 0.45 0.2 0.85 0.95 0.05 0.55 0.15 0.2 0.8 0.4 0.7 0.95 0.7 0.8 0.85 0.45 0.4 1.0 0.95 0.4 0.45 0.45 0.2 0.95 0.9 0.5 0.4 0.1 0.7 
-13.971166386557767 0.6130742255934751 0.7279451442804916 0.4 0.1 0.4 0.45 0.6 0.45 1.0 0.35 0.2 0.65 0.95 0.45 0.05 0.75 0.2 0.5 0.5 0.3 0.95 0.7 0.8 0.85 0.45 0.4 0.95 0.95 0.35 0.35 0.45 0.2 0.95 0.9 0.55 0.5 0.0 0.65 
-0.00558289376915951 0.7392501965987083 0.48069755180583745 0.8 0.1 0.95 1.0 0.05 0.45 0.95 0.35 0.6 0.85 0.8 0.15 0.55 0.25 1.0 0.75 0.2 1.0 0.8 0.75 0.8 1.0 0.45 0.4 0.7 0.0 0.4 0.3 0.5 0.25 0.7 0.9 0.55 0.65 0.0 0.65 
-0.11572407914366471 0.7463538899939949 0.49105315532785454 0.8 0.1 0.95 1.0 0.05 0.45 0.95 0.35 0.6 0.85 0.8 0.15 0.55 0.25 1.0 0.75 0.2 1.0 0.8 0.75 0.8 1.0 0.45 0.4 0.65 0.0 0.4 0.3 0.5 0.25 0.7 0.9 0.55 0.65 0.0 0.65 
-0.036034829265113706 0.4370455199301878 0.6754180288145003 0.6 1.0 0.45 0.55 0.55 0.35 1.0 1.0 0.85 0.9 0.55 0.15 0.8 0.55 0.7 0.55 1.0 0.8 0.9 0.15 0.95 0.85 0.0 0.5 1.0 0.7 0.15 0.4 0.55 0.55 0.85 0.05 0.25 0.95 0.25 0.2 
-0.24514853611099796 0.7145895082088706 0.6556199153609856 0.0 0.9 0.95 0.2 0.05 0.9 0.95 0.35 0.2 0.85 0.8 0.0 0.1 0.75 0.6 0.3 0.5 0.35 0.9 0.7 0.8 0.95 0.4 0.35 0.9 0.95 0.3 0.3 0.45 0.2 0.7 0.9 0.55 0.65 0.05 0.7 
-0.9099247850528984 0.3002958035073493 0.6320901580000171 0.05 0.9 0.1 0.0 0.3 0.55 0.9 0.25 0.35 1.0 0.2 0.2 0.05 0.75 0.1 0.7 0.6 0.8 1.0 0.5 0.3 0.45 0.0 0.7 0.85 0.35 0.05 0.9 0.05 0.7 0.85 0.05 0.45 0.9 0.55 0.4 
-5.155003421033571 0.7633630224342942 0.5838704091922546 0.0 0.9 0.25 0.85 0.05 0.6 0.95 0.35 0.75 0.9 0.4 0.0 0.1 0.75 0.6 0.3 0.5 0.05 0.9 0.7 0.8 1.0 0.45 0.4 0.95 0.95 0.3 0.3 0.45 0.25 0.7 0.9 0.6 0.65 0.05 0.7 
-5.172027740669114 0.7448996569702734 0.6023396425401296 0.0 0.7 0.95 0.9 0.05 0.45 0.9 0.35 0.7 1.0 0.25 0.0 0.1 0.75 0.6 0.2 0.5 0.0 0.9 0.7 0.8 0.85 0.45 0.45 0.75 0.95 0.4 0.3 0.45 0.25 0.9 0.9 0.6 0.65 0.05 0.7 
-1.5255240351728458 0.7662553004628708 0.4851136980976967 0.8 0.4 0.95 1.0 0.05 0.6 0.95 0.35 0.6 0.95 0.8 0.15 0.55 0.85 1.0 0.35 0.2 1.0 0.9 0.7 0.8 0.9 0.45 0.4 0.75 0.0 0.4 0.3 0.5 0.25 0.7 0.9 0.55 0.65 0.0 0.65 
-0.022516070859577315 0.6402415177621361 0.34497202477525835 0.15 0.95 0.95 0.45 0.6 0.8 1.0 1.0 0.25 0.95 0.2 0.15 0.15 0.45 0.4 0.8 0.5 0.65 0.25 0.2 0.65 1.0 0.45 0.3 0.8 0.0 0.1 0.4 0.5 0.15 0.05 0.05 0.35 0.75 0.95 0.35 
-116.4379249494303 0.4705020913318662 0.7013605770500055 0.65 0.1 0.35 0.45 0.6 0.45 1.0 0.45 0.2 0.75 0.95 0.3 0.55 0.75 0.2 0.8 0.5 0.7 0.95 0.7 0.8 1.0 0.45 0.35 1.0 0.95 0.4 0.35 0.45 0.2 0.95 0.9 0.5 0.55 1.0 0.6 
-0.06002317918642259 0.737828939032767 0.44996526907485895 0.8 0.3 0.95 0.45 0.05 0.45 0.95 0.35 0.75 0.95 0.8 0.15 0.9 0.1 0.45 0.15 0.2 0.8 0.8 0.7 0.8 0.9 0.45 0.4 0.75 0.0 0.4 0.3 0.5 0.25 0.65 0.9 0.55 0.65 0.0 0.65 
-0.14838730101697642 0.7541224419446659 0.5234642453329417 0.0 0.9 0.95 0.85 0.05 0.45 0.95 0.35 0.5 0.9 0.4 0.0 0.1 0.75 0.6 0.3 0.5 0.05 0.9 0.7 0.8 0.95 0.45 0.4 0.8 0.95 0.3 0.3 0.45 0.25 0.7 0.9 0.6 0.65 0.05 0.7 
-0.17617124915764473 0.6986096516211305 0.3748039350619916 0.85 0.95 0.75 0.45 0.4 0.8 0.95 1.0 0.25 0.95 0.2 0.15 0.05 0.0 0.55 0.8 0.85 0.4 0.05 0.7 0.65 1.0 0.45 0.3 0.8 0.0 0.1 0.35 0.15 0.1 0.85 0.0 0.35 0.75 0.95 0.25 
-0.00042879756119997497 0.6869519526274809 0.4057646866969652 0.15 0.95 0.75 0.45 0.6 0.8 0.95 1.0 0.8 0.95 0.2 0.15 0.75 0.45 0.6 0.8 0.0 0.65 0.2 0.2 0.9 1.0 0.45 0.3 0.8 0.0 0.1 0.35 0.55 0.1 0.6 0.95 0.35 0.75 0.95 0.25 
-0.43643910045483736 0.7664310724791757 0.5078659027794499 0.9 0.1 0.35 0.55 0.6 0.45 1.0 0.35 0.5 0.95 0.05 0.05 0.25 0.8 0.2 0.05 0.5 0.1 0.7 0.7 0.8 1.0 0.45 0.35 0.85 1.0 0.35 0.35 0.45 0.2 0.95 0.9 0.55 0.5 0.0 0.6 
-23.674519889994826 0.5385781191204997 0.7242777704711082 0.65 0.1 0.35 0.45 0.0 0.45 0.9 0.45 0.3 0.85 0.95 0.4 0.55 0.75 0.2 0.8 0.4 0.7 0.95 0.7 0.8 0.85 0.45 0.4 1.0 0.95 0.4 0.45 0.45 0.2 0.95 0.9 0.5 0.4 0.1 0.9 
-0.34942126433280823 0.7515158731422673 0.45072406135007337 0.8 0.4 0.95 1.0 0.05 0.45 0.95 0.35 0.65 0.95 0.8 0.15 0.55 0.25 1.0 0.35 0.2 1.0 0.9 0.7 0.8 0.95 0.45 0.4 0.65 0.0 0.4 0.3 0.5 0.25 0.7 0.9 0.55 0.65 0.0 0.65 
-1.1542250905478506 0.7654663169705667 0.5431806198032516 0.4 1.0 0.35 1.0 0.85 0.45 0.95 0.35 0.7 0.9 0.75 0.05 0.05 0.6 0.2 0.8 0.9 0.3 0.95 0.7 0.75 0.85 0.4 0.35 0.95 0.0 0.3 0.35 0.45 0.2 0.9 0.9 0.6 0.5 0.0 0.65 
-0.16490093928510827 0.7245801505283628 0.40829464551496664 0.85 0.95 0.75 0.45 0.9 0.15 0.95 1.0 0.75 0.95 0.2 0.15 0.85 0.45 0.25 0.8 0.95 0.65 0.1 0.05 0.7 0.9 0.45 0.3 0.9 0.0 0.1 0.35 0.55 0.1 0.7 0.0 0.35 0.75 0.95 0.25 
-0.036205334607124474 0.38669442086481903 0.3413735280870899 0.7 0.25 0.6 0.0 0.05 0.65 1.0 0.25 0.7 1.0 0.2 0.2 0.5 0.4 1.0 0.35 0.1 0.25 0.75 0.8 0.1 0.15 0.05 0.7 0.7 0.45 0.65 0.9 0.05 0.7 0.45 0.65 0.45 1.0 0.55 0.45 
-17.491111313108714 0.6402191941081176 0.7409980984016747 0.4 0.1 0.4 0.45 0.6 0.45 0.95 0.35 0.2 0.8 0.95 0.45 0.55 0.75 0.2 0.5 0.5 0.3 0.95 0.7 0.8 0.85 0.45 0.4 1.0 0.95 0.35 0.35 0.45 0.2 0.95 0.9 0.55 0.5 0.0 0.65 
-0.01137473896265111 0.7295289184116831 0.4170161718722526 0.85 0.95 0.75 0.45 0.9 0.15 0.9 1.0 0.75 0.95 0.2 0.15 0.85 0.45 0.25 0.8 0.95 0.65 0.1 0.05 0.7 0.9 0.45 0.3 0.9 0.0 0.1 0.35 0.55 0.1 0.7 0.0 0.35 0.7 0.95 0.25 
-0.0008820667712443576 0.7223646765805872 0.4063425229977877 0.85 0.95 0.75 0.45 0.9 0.15 0.9 1.0 0.75 0.95 0.2 0.15 0.85 0.45 0.25 0.8 0.95 0.65 0.1 0.05 0.7 0.9 0.45 0.3 0.9 0.0 0.1 0.35 0.55 0.1 0.7 0.0 0.35 0.75 0.95 0.25 
-0.2572053610352034 0.6737434268974041 0.3421473072644041 0.7 0.95 0.95 0.45 0.6 0.8 1.0 1.0 0.25 0.95 0.2 0.15 0.15 0.45 0.4 0.8 0.5 0.65 0.25 0.2 0.65 1.0 0.45 0.3 0.8 0.0 0.1 0.4 0.55 0.15 0.4 0.95 0.35 0.75 0.95 0.35 
-0.009943175052907446 0.7538772987659612 0.4544689066134061 0.8 0.1 0.95 1.0 0.05 0.45 0.95 0.35 0.55 0.95 0.8 0.15 0.55 0.25 1.0 0.35 0.2 1.0 0.9 0.7 0.8 1.0 0.45 0.4 0.65 0.0 0.4 0.3 0.5 0.25 0.7 0.9 0.55 0.65 0.0 0.65 
-0.22303266702095942 0.5687687362663713 0.32426150477153326 0.35 0.2 1.0 0.95 0.05 0.35 1.0 0.6 0.65 0.8 0.95 0.3 0.8 0.4 0.25 0.65 1.0 0.35 0.9 0.75 0.85 0.85 0.6 0.8 0.4 0.85 0.35 0.9 0.1 0.35 0.05 0.0 0.2 0.95 0.8 0.35 
-32.41548396118358 0.5060280697637856 0.7276371210308634 0.65 0.1 0.35 0.9 0.0 0.45 0.9 0.45 0.3 0.95 0.95 0.4 0.55 0.25 0.2 0.8 0.4 0.7 0.95 0.7 0.8 0.85 0.45 0.4 1.0 0.95 0.4 0.45 0.45 0.2 0.95 0.9 0.5 0.4 1.0 0.7 
-0.11164474863143549 0.7638056194156453 0.46868375406101564 0.8 0.4 0.95 1.0 0.05 0.45 0.95 0.35 0.6 0.95 0.8 0.15 0.55 0.25 1.0 0.35 0.2 1.0 0.9 0.7 0.8 0.95 0.45 0.4 0.65 0.0 0.4 0.3 0.5 0.25 0.7 0.9 0.55 0.65 0.0 0.65 
-0.20457521454064467 0.5751037771946768 0.33947341985532886 0.35 0.9 0.7 0.9 0.15 0.35 0.9 0.6 0.65 0.7 0.95 0.3 0.8 0.0 0.4 0.45 1.0 0.3 1.0 0.9 0.85 0.9 0.6 0.8 0.7 0.45 0.95 0.65 0.15 0.35 0.8 0.25 1.0 0.95 0.8 0.35 
-2.1411879991748606 0.7055042682303766 0.697492934851217 0.0 0.9 0.25 0.2 0.55 0.9 0.95 0.35 0.2 0.85 0.8 0.0 0.1 0.75 0.6 0.3 0.3 0.35 0.9 0.7 0.8 0.85 0.4 0.4 0.95 0.95 0.3 0.3 0.45 0.2 0.7 0.9 0.55 0.65 0.05 0.7 
-1.404578104426044 0.7194891015370017 0.6920922525113341 0.4 0.1 0.35 1.0 0.85 0.2 0.95 0.35 0.2 0.9 0.7 0.1 0.55 0.15 0.2 0.8 0.5 0.3 0.95 0.7 0.75 0.85 0.4 0.35 0.95 0.95 0.3 0.35 0.45 0.25 0.95 0.9 0.55 0.5 0.05 0.65 
-44.07434482474296 0.48554061766174084 0.324645659452816 0.3 0.85 0.7 0.7 0.5 0.75 1.0 0.0 0.6 0.3 0.65 0.1 0.0 0.35 0.85 0.55 0.2 0.1 0.6 0.45 0.0 1.0 1.0 0.3 0.95 0.1 0.35 0.55 0.85 1.0 0.6 0.7 0.6 0.9 0.35 0.3 
-5.56490852473246 0.2683579938048656 0.6002465613383852 0.05 0.9 0.1 0.0 0.3 0.55 0.85 0.25 0.35 1.0 0.2 0.2 0.05 0.75 0.1 0.7 0.85 0.8 1.0 0.5 0.7 0.45 0.05 0.7 0.5 0.35 0.1 0.9 0.05 0.7 0.8 0.05 0.45 0.9 0.55 0.4 
-1.1363329571365048 0.539481554821707 0.32615702501637545 0.35 0.2 1.0 0.95 0.05 0.35 1.0 0.6 0.65 0.8 0.95 0.3 0.35 0.4 0.25 0.65 0.55 0.3 0.9 0.75 0.85 0.85 0.6 0.8 0.4 0.85 0.35 0.65 0.1 0.35 0.4 0.25 1.0 0.95 0.8 0.35 
-17.54461387359676 0.5910008656759455 0.7403731683168167 0.4 0.1 0.4 0.45 0.6 0.9 1.0 0.35 0.2 0.65 0.95 0.45 0.05 0.75 0.2 0.5 0.5 0.3 1.0 0.7 0.8 0.85 0.45 0.45 1.0 0.95 0.35 0.35 0.45 0.2 0.95 0.9 0.55 0.5 0.0 0.65 
-0.8920438574982341 0.7210144705044647 0.6319007370437875 0.4 0.1 0.35 0.8 0.85 0.45 0.95 0.35 0.2 0.9 0.7 0.1 0.55 0.6 0.2 0.8 0.5 0.3 0.95 0.7 0.75 0.85 0.4 0.35 0.7 0.95 0.3 0.35 0.45 0.2 0.95 0.9 0.55 0.5 0.05 0.65 
-29.121510702853623 0.5711177223210393 0.7343581696453612 0.65 0.1 0.35 0.4 0.0 0.45 0.75 0.45 0.3 0.85 0.95 0.25 1.0 0.75 0.15 0.8 0.4 0.7 0.95 0.7 0.8 0.9 0.45 0.4 1.0 0.95 0.35 0.45 0.45 0.2 0.95 0.9 0.5 0.45 1.0 0.7 
-38.10795356100389 0.5268342687258861 0.7457476169536851 0.65 0.1 0.35 0.45 0.0 0.45 0.9 0.45 0.3 0.85 0.95 0.4 0.55 0.75 0.2 0.8 0.4 0.7 0.95 0.7 0.8 0.85 0.45 0.4 1.0 0.95 0.4 0.45 0.45 0.2 0.95 0.9 0.5 0.4 0.1 0.7 
-2.071933916294705 0.6246430298047246 0.3372737694515842 0.85 0.95 0.75 0.45 0.6 0.1 0.95 1.0 0.3 0.95 0.2 0.15 0.75 0.45 0.6 0.9 0.5 0.65 0.25 0.2 0.75 1.0 0.45 0.3 0.9 0.0 0.1 0.4 0.5 0.15 0.2 0.1 0.35 0.75 0.95 0.35 
-2.1558656591746432 0.7224964135417259 0.6767071363243858 0.4 0.1 0.35 0.8 0.85 0.45 0.95 0.35 0.2 0.85 0.7 0.1 0.55 1.0 0.2 0.8 0.5 0.3 0.9 0.7 0.75 0.85 0.4 0.35 0.95 0.95 0.3 0.35 0.45 0.2 0.95 0.9 0.55 0.5 0.0 0.65 
-9.833453964471996 0.7582437471331711 0.6222663343381127 0.9 0.65 0.35 0.55 0.6 0.45 0.9 0.35 0.5 0.95 0.05 0.05 0.25 0.75 0.2 0.05 0.5 0.1 0.7 0.7 0.8 1.0 0.45 0.35 0.85 0.95 0.35 0.35 0.45 0.15 0.95 0.9 0.55 0.55 0.0 0.65 
-9.408512640171278 0.5434849237628343 0.3001888556503258 0.35 0.2 1.0 0.95 0.05 0.35 1.0 0.6 0.65 0.8 0.95 0.3 0.8 0.4 0.25 0.65 1.0 0.3 0.85 0.75 0.85 0.85 0.6 0.8 0.4 0.85 0.35 0.65 0.1 0.35 0.4 0.25 1.0 0.95 0.8 0.35 
-1.1460707764418645 0.35184073324800025 0.34759188905985494 0.35 0.75 0.6 0.1 0.05 0.65 0.85 0.25 0.7 1.0 0.2 0.2 0.5 0.4 0.1 0.7 0.1 0.85 0.7 0.8 0.1 0.15 0.45 0.65 0.9 0.5 1.0 1.0 0.05 0.7 0.95 0.65 0.45 1.0 0.55 0.45 
-7.230706736258198 0.7776326871280446 0.5281152666169395 0.8 0.4 0.95 1.0 0.05 0.6 0.95 0.35 0.6 0.95 0.8 0.15 0.55 0.85 1.0 0.35 0.2 1.0 0.9 0.7 0.75 0.95 0.45 0.4 0.75 0.0 0.4 0.3 0.5 0.25 0.7 0.9 0.55 0.65 0.0 0.65 
-14.499333230600762 0.6836767061495491 0.7220877887485321 0.4 0.1 0.35 0.45 0.9 0.5 0.95 0.35 0.2 0.95 0.65 0.15 0.25 0.75 0.9 0.8 0.2 0.1 0.7 0.7 0.65 1.0 0.45 0.4 0.85 0.95 0.35 0.35 0.45 0.2 0.95 0.9 0.55 0.55 0.0 0.65 
-0.10675830829648249 0.3470013216678233 0.3531342933875672 0.75 0.75 0.6 0.1 0.05 0.65 0.8 0.25 0.7 1.0 0.2 0.2 0.0 0.4 0.1 0.7 0.1 0.85 0.7 0.8 0.1 0.15 0.45 0.65 0.9 0.5 1.0 0.85 0.05 0.7 0.95 0.65 0.45 1.0 0.55 0.45 
-3.0891453396955115 0.6966303588171826 0.35417420581539505 0.85 0.95 0.75 0.45 0.3 0.8 0.95 1.0 0.25 0.95 0.2 0.15 0.75 0.45 0.6 0.8 0.0 0.65 0.1 0.95 0.65 1.0 0.45 0.3 0.8 0.0 0.1 0.35 0.5 0.1 0.85 0.0 0.35 0.75 0.95 0.25 
-1.0657145752659865 0.40379081447821885 0.33580917655024545 0.65 0.25 0.6 0.8 0.4 0.65 1.0 0.25 0.7 1.0 0.2 0.2 0.5 0.4 1.0 0.35 0.1 0.2 0.6 0.8 0.1 0.15 0.05 0.5 0.7 0.45 0.7 0.8 0.05 0.7 0.45 0.65 0.45 1.0 0.55 0.5 
-2.765250599196037 0.7396026630323403 0.6714804016852269 0.4 0.1 0.35 0.8 0.85 0.45 0.95 0.35 0.2 0.9 0.7 0.05 0.55 0.6 0.2 0.8 0.5 0.3 0.95 0.7 0.75 0.85 0.4 0.35 0.95 0.95 0.3 0.35 0.45 0.2 0.95 0.9 0.55 0.5 0.0 0.65 
-0.6158987301546635 0.26432628256700785 0.5795948677064865 0.45 0.25 0.6 0.9 0.2 0.0 0.8 0.25 0.8 1.0 0.2 0.2 0.65 0.05 0.2 0.9 0.05 0.05 0.75 0.45 0.15 0.15 0.15 0.45 0.9 0.7 0.45 0.8 0.05 0.7 0.95 1.0 0.3 1.0 0.5 0.3 
-23.213776755429567 0.6328865849984849 0.7499918906711734 0.4 0.1 0.35 0.45 0.9 0.85 0.95 0.35 0.25 0.95 0.65 0.15 0.4 0.75 0.9 0.8 0.2 0.1 0.95 0.7 0.65 1.0 0.45 0.4 0.9 0.95 0.35 0.35 0.45 0.1 0.95 0.9 0.55 0.55 0.0 0.65 
-10.991573783079263 0.797528735314567 0.5396967840910067 0.9 0.1 0.35 0.55 0.6 0.45 1.0 0.35 0.5 0.95 0.05 0.05 0.25 0.8 0.2 0.05 0.5 0.1 0.7 0.7 0.8 1.0 0.45 0.35 0.85 1.0 0.35 0.35 0.45 0.2 0.95 0.9 0.55 0.55 0.0 0.65 
-26.862705391812124 0.6179045045178975 0.7532442307370192 0.4 0.1 0.35 0.45 0.9 0.25 0.95 0.35 0.25 0.95 0.65 0.15 0.4 0.75 0.9 0.8 0.2 0.1 1.0 0.7 0.65 1.0 0.45 0.4 0.9 0.95 0.35 0.35 0.45 0.15 0.95 0.9 0.55 0.55 0.0 0.65 
-7.361483373872495 0.7787306729348337 0.5566696729675868 0.8 0.35 0.6 0.45 0.05 0.45 0.95 0.35 0.55 0.95 0.8 0.15 0.55 0.25 1.0 0.35 0.2 0.0 0.9 0.7 0.8 1.0 0.45 0.4 0.6 0.95 0.4 0.3 0.5 0.3 0.75 0.9 0.55 0.65 0.0 0.65 
-8.533467452262304 0.763171149273763 0.6010912602742271 0.0 0.9 0.2 0.85 0.05 0.6 0.95 0.35 0.75 0.9 0.75 0.0 0.1 0.75 0.6 0.3 0.5 0.05 0.9 0.7 0.8 1.0 0.45 0.4 1.0 0.95 0.3 0.3 0.45 0.25 0.7 0.9 0.6 0.65 0.05 0.7 
-2.86444387547314 0.737359772481048 0.6593589090536145 0.4 0.1 0.35 0.8 0.85 0.45 0.95 0.35 0.2 0.9 0.7 0.05 0.55 0.6 0.2 0.8 0.5 0.3 0.95 0.7 0.8 0.85 0.4 0.35 0.95 0.95 0.3 0.35 0.45 0.2 0.95 0.9 0.55 0.5 0.0 0.65 
-0.5739879660019577 0.7312982255327942 0.3972758157912258 0.85 0.95 0.75 0.45 0.9 0.15 0.95 1.0 0.75 0.95 0.2 0.15 0.85 0.45 0.25 0.8 0.15 0.15 0.1 0.95 0.7 1.0 0.45 0.3 0.9 0.0 0.1 0.35 0.45 0.1 0.7 0.0 0.35 0.75 0.95 0.25 
-37.317789916785344 0.5488137684694699 0.7505905523050147 0.65 0.1 0.35 0.45 0.0 0.45 0.9 0.45 0.3 0.85 0.95 0.05 0.55 0.15 0.2 0.8 0.4 0.7 0.95 0.7 0.8 0.85 0.45 0.4 1.0 0.95 0.4 0.45 0.45 0.2 0.95 0.9 0.5 0.4 0.1 0.7 
-5.3490010759648685 0.5694530525912308 0.30317245678157756 0.35 0.2 1.0 0.95 0.05 0.35 1.0 0.6 0.65 0.8 0.95 0.3 0.35 0.4 0.25 0.65 0.55 0.85 0.9 0.75 0.85 0.85 0.6 0.8 0.55 0.85 0.35 0.65 0.1 0.35 0.4 0.25 1.0 0.95 0.8 0.35 
-45.948921246350125 0.5033321237662083 0.7367414772332117 0.65 0.1 0.35 0.45 0.6 0.45 1.0 0.45 0.25 0.75 0.95 0.3 0.55 0.75 0.2 0.8 0.5 0.7 0.95 0.7 0.8 1.0 0.45 0.35 1.0 0.95 0.4 0.4 0.45 0.2 0.95 0.9 0.5 0.55 1.0 0.6 
-14.394496546944804 0.7853168900478754 0.593862658515458 0.4 0.1 0.35 1.0 0.85 0.45 0.95 0.35 0.85 0.9 0.75 0.1 0.55 0.6 0.2 0.8 0.9 0.3 1.0 0.7 0.75 0.85 0.4 0.35 0.95 0.0 0.3 0.35 0.45 0.2 0.95 0.9 0.55 0.5 0.0 0.65 
-4.072496160621708 0.5807857411903253 0.3096557145320038 0.35 0.2 1.0 0.95 0.05 0.35 1.0 0.6 0.65 0.8 0.95 0.3 0.8 0.4 0.25 0.65 1.0 0.3 0.9 0.75 0.85 0.85 0.6 0.8 0.4 0.85 0.35 0.9 0.1 0.35 0.05 0.25 0.8 0.95 0.8 0.35 
-5.030599760977941 0.30435067090699497 0.6507358668794966 0.05 0.9 0.1 0.05 0.3 0.55 0.45 0.25 0.35 1.0 0.2 0.2 0.05 0.85 0.1 0.7 0.6 0.8 1.0 0.5 0.3 0.45 0.05 0.7 0.75 0.35 0.05 0.9 0.05 0.7 0.8 0.05 0.45 1.0 0.55 0.4 
-21.28321844131721 0.2969626775699704 0.6352228158784776 0.05 0.55 0.1 0.0 0.3 0.55 0.4 0.25 0.35 1.0 0.2 0.2 0.3 0.75 0.1 0.7 0.85 0.25 1.0 0.5 0.3 0.45 0.1 0.7 0.5 0.55 0.1 0.75 0.05 0.7 0.95 0.05 0.45 0.9 0.55 0.5 
-9.334982053768133 0.791434463214021 0.51971392615296 0.9 0.1 0.35 0.55 0.6 0.45 0.95 0.35 0.5 0.95 0.05 0.05 0.25 0.75 0.2 0.05 0.5 0.1 0.7 0.7 0.8 1.0 0.45 0.35 0.75 1.0 0.35 0.35 0.45 0.2 0.95 0.9 0.55 0.55 0.0 0.65 
-13.946140394295831 0.29240131778588785 0.6700027196785213 0.05 0.55 0.1 0.0 0.3 0.55 0.4 0.25 0.35 1.0 0.2 0.2 0.05 0.75 0.1 0.7 0.85 0.05 1.0 0.5 0.35 0.45 0.1 0.7 0.5 0.35 0.1 0.75 0.05 0.7 0.95 0.05 0.45 0.9 0.55 0.5 
-8.254215660642949 0.30406807367512323 0.6693226680192301 0.05 0.9 0.1 0.0 0.3 0.15 0.3 0.25 0.35 1.0 0.2 0.2 0.05 0.75 0.15 0.7 0.3 0.8 1.0 0.5 0.3 0.45 0.1 0.7 0.75 0.35 0.05 0.9 0.05 0.7 0.85 0.05 0.45 0.9 0.55 0.4 
-17.91004142105311 0.30332438201284373 0.6880624900489813 0.05 0.9 0.1 0.0 0.3 0.55 0.4 0.25 0.35 1.0 0.2 0.2 0.05 0.75 0.1 0.7 0.85 0.05 1.0 0.5 0.3 0.45 0.1 0.7 0.5 0.35 0.1 0.75 0.05 0.7 0.95 0.05 0.45 0.9 0.55 0.4 
-11.63341042250418 0.33394184653141024 0.675161933292247 0.05 0.9 0.0 0.75 0.7 0.8 0.4 0.2 0.4 1.0 0.2 0.2 0.05 0.75 0.1 0.4 0.85 0.05 1.0 0.5 0.3 0.45 0.1 0.7 0.75 0.35 0.1 0.95 0.05 0.7 0.95 0.05 0.5 0.95 0.55 0.4 
-17.383328067120686 0.2596504581326513 0.6001544873600935 0.05 0.9 0.75 0.0 0.3 0.55 0.85 0.25 0.35 1.0 0.2 0.2 0.05 0.75 0.1 0.7 0.85 0.8 1.0 0.5 0.7 0.45 0.05 0.7 0.5 0.35 0.65 0.9 0.05 0.7 0.8 0.05 0.45 0.9 0.55 0.4 
-11.596917196732907 0.7899643950715992 0.5327694654597356 0.9 0.1 0.35 0.6 0.6 0.45 0.9 0.35 0.5 0.95 0.05 0.05 0.25 0.75 0.2 0.05 0.5 0.1 0.7 0.7 0.8 1.0 0.45 0.35 0.75 1.0 0.35 0.35 0.45 0.2 0.95 0.9 0.55 0.55 0.0 0.65 
-19.678981943106656 0.34158076907202994 0.6880443811515535 0.4 0.7 0.4 0.0 0.3 0.55 0.4 0.25 0.2 1.0 0.2 0.2 0.05 0.8 0.1 0.7 0.85 0.75 1.0 0.5 0.3 0.45 0.1 0.55 1.0 0.35 0.1 0.75 0.05 0.7 0.95 0.05 0.45 0.9 0.55 0.5 
-21.30437474708044 0.3340563050995077 0.7044321827752088 0.25 0.55 0.1 0.0 0.3 0.55 0.4 0.25 0.25 1.0 0.2 0.2 0.05 0.8 0.1 0.7 0.85 0.05 1.0 0.5 0.3 0.45 0.1 0.7 1.0 0.35 0.1 0.75 0.05 0.7 0.95 0.05 0.45 0.9 0.55 0.5 
-5.326765038925483 0.7100794845757876 0.36010793674190067 0.85 0.95 0.75 0.45 0.4 0.8 0.95 1.0 0.25 0.95 0.2 0.15 0.05 0.0 0.55 0.7 0.85 0.4 0.05 0.7 0.65 1.0 0.45 0.3 0.8 0.0 0.1 0.35 0.45 0.1 0.85 0.0 0.35 0.75 0.95 0.25 
-22.102817307273828 0.2612026210343089 0.628844308626727 0.05 0.9 0.75 0.0 0.3 0.55 0.85 0.25 0.35 1.0 0.2 0.2 0.05 0.75 0.1 0.7 0.85 0.8 1.0 0.5 0.7 0.45 0.05 0.7 0.5 0.35 0.65 0.9 0.05 0.7 1.0 0.05 0.45 0.9 0.55 0.4 
-29.518965821807978 0.3455779591057403 0.7124366284489781 0.25 0.55 0.1 0.0 0.3 0.55 0.4 1.0 0.25 1.0 0.2 0.2 0.05 0.8 0.1 0.7 0.85 0.05 1.0 0.5 0.3 0.45 0.1 0.7 1.0 0.35 0.1 0.75 0.05 0.7 0.95 0.05 0.45 0.9 0.55 0.5 
