-0.011856725488597467 0.5261380279727956 0.5496962309399664 0.05 0.2 0.75 0.45 0.3 0.15 0.0 0.85 0.75 0.6 0.1 0.4 0.1 0.8 0.4 0.55 0.5 0.6 0.9 0.95 0.2 1.0 0.05 0.25 0.1 0.7 0.6 0.6 0.35 0.95 0.9 0.8 0.35 0.75 1.0 0.6 
-0.014080162417326817 0.5044777300085277 0.5045347641705327 0.7 0.2 1.0 1.0 0.1 0.3 0.9 0.6 0.4 0.6 0.45 0.4 0.2 0.8 0.5 0.55 0.85 0.6 0.9 0.95 0.85 1.0 0.05 0.2 1.0 0.4 0.6 0.1 0.0 0.4 0.9 0.95 0.85 0.75 1.0 0.85 
-0.002122665700041211 0.4871070671205669 0.5059287555888367 0.85 0.95 0.85 0.65 0.15 0.05 0.5 0.75 0.05 0.9 0.95 0.1 0.3 0.85 0.5 0.0 0.35 0.3 0.15 0.65 0.4 0.95 0.35 0.85 0.9 0.65 0.75 0.95 0.95 0.2 0.7 0.4 0.2 0.9 0.5 0.5 
-0.003145777979517745 0.5567901677368166 0.48866017763151703 0.4 0.35 0.05 0.45 0.6 0.8 0.8 0.25 0.45 0.4 0.75 0.15 0.55 0.55 0.95 0.35 0.9 0.95 0.35 0.1 0.9 0.0 0.2 0.9 0.8 0.85 0.75 0.3 0.9 0.25 0.4 0.35 0.05 0.7 1.0 0.45 
-0.0502364080851605 0.5102925295646361 0.5251144656198269 0.1 0.2 0.1 0.45 0.3 0.4 0.9 0.6 0.4 0.6 0.95 0.4 0.1 0.8 0.4 0.55 0.5 0.6 0.95 0.95 0.75 0.85 0.0 0.25 1.0 0.1 0.2 0.1 0.35 0.85 0.25 0.95 0.85 0.75 1.0 0.6 
-0.004832848301262583 0.48246593141521593 0.5119986015820872 0.85 0.1 0.85 0.65 0.4 1.0 0.8 0.15 0.4 0.9 0.65 0.1 0.25 0.85 0.4 0.25 0.1 0.6 0.15 0.65 0.45 0.85 0.45 0.85 0.4 0.65 0.95 0.25 0.95 0.8 1.0 0.4 0.2 0.9 0.5 0.5 
-0.000184223304041593 0.5171794759321602 0.48821458588466615 0.25 0.15 0.35 0.45 0.8 0.35 1.0 0.35 0.55 1.0 0.9 0.55 0.25 0.3 0.15 0.1 0.35 0.35 0.7 0.45 0.3 0.8 0.3 0.45 0.9 0.95 0.25 0.8 0.65 0.5 0.85 0.65 0.35 0.2 0.4 0.6 
-0.0025765042697535523 0.5262931055831368 0.5143032785771959 0.3 0.4 0.15 0.6 0.4 0.4 0.95 0.6 0.95 0.6 0.45 0.1 0.5 0.7 0.4 0.6 0.25 0.6 0.9 0.95 0.75 1.0 0.0 0.25 1.0 0.1 0.7 0.5 0.55 0.75 1.0 0.95 0.9 0.7 0.95 0.55 
-0.007162580123921928 0.5168467304704715 0.47670086860423627 0.3 0.85 0.45 0.8 0.4 0.4 0.9 0.8 0.4 0.9 0.55 0.4 0.1 0.8 0.4 0.6 0.25 0.15 0.95 0.95 0.75 1.0 0.75 0.85 1.0 0.1 0.6 0.25 0.95 0.75 0.8 0.45 0.85 0.75 0.1 0.65 
-0.005878754710358802 0.4992227751455307 0.48099011027953903 0.9 0.45 0.5 0.4 0.2 0.35 1.0 0.4 0.7 0.8 0.8 0.05 0.85 0.7 0.6 0.3 0.65 0.1 1.0 0.3 0.25 0.7 0.45 0.4 0.4 0.9 0.7 0.95 0.3 0.55 0.45 0.75 0.85 0.65 0.65 0.5 
-0.0012851689959272412 0.5380809284213324 0.4995073742385138 0.05 0.3 0.7 0.45 0.85 0.95 0.55 0.4 0.1 0.55 0.3 0.6 0.75 0.85 0.3 1.0 0.5 0.0 0.35 0.1 0.3 0.95 0.5 0.8 0.2 0.0 0.75 0.85 0.9 0.9 0.95 0.75 0.55 1.0 0.05 0.45 
-0.005648683232037262 0.4492121498494877 0.49263674271909536 0.7 0.65 0.85 0.65 0.15 1.0 0.0 0.2 0.4 0.9 0.95 0.1 0.25 0.85 0.5 0.0 0.35 0.65 0.15 0.65 0.9 0.75 0.45 0.85 0.9 0.55 0.75 0.8 0.2 0.8 0.9 0.85 0.4 0.95 0.5 0.5 
-0.008374087042785056 0.4697390144020527 0.4741726333049854 0.85 0.95 0.8 0.65 0.9 1.0 1.0 0.75 0.5 0.75 0.95 0.15 0.25 0.85 0.55 0.0 0.45 0.75 0.75 0.4 0.7 0.15 0.45 0.2 0.9 0.65 0.55 0.2 0.95 0.1 0.05 0.0 0.8 0.25 0.5 0.45 
-0.0026225067840756535 0.5323984402142689 0.5173791931233702 0.3 0.4 0.15 0.6 0.4 0.4 0.95 0.6 0.95 0.6 0.45 0.1 0.5 0.7 0.4 0.6 0.25 0.6 0.9 0.95 0.75 1.0 0.0 0.25 1.0 0.1 0.6 0.5 0.55 0.75 1.0 0.95 0.9 0.7 0.95 0.55 
-0.013216830406223044 0.42285673174380706 0.48116501761249725 0.85 0.6 0.85 0.65 0.15 1.0 1.0 0.75 0.4 0.9 0.95 0.1 0.25 0.85 0.5 0.1 0.35 0.7 0.15 0.65 0.0 0.75 0.5 0.85 0.65 0.35 0.75 0.85 0.95 0.8 0.9 0.4 0.55 0.9 0.5 0.5 
-0.0013030862745834996 0.45851976434586506 0.5109466012474909 0.85 0.75 0.3 0.4 0.85 0.0 0.15 0.45 0.1 0.05 0.05 0.55 0.15 0.75 0.05 0.75 0.0 0.7 0.6 0.6 0.0 0.15 0.05 0.7 0.4 0.25 0.9 0.7 0.55 0.9 0.9 0.55 0.5 0.75 0.4 0.75 
-0.014234858175606166 0.5501291253594368 0.5288159666643002 0.35 0.15 0.35 1.0 0.8 0.8 1.0 0.1 0.75 1.0 0.9 0.45 0.25 0.3 0.6 0.55 0.55 0.95 0.9 0.0 0.3 0.75 0.3 0.45 0.4 0.95 0.7 0.25 0.6 0.05 1.0 0.65 0.35 0.65 0.2 0.55 
-0.01720110596977528 0.4373716158964623 0.5242688340026637 0.85 0.65 0.85 0.65 0.6 0.3 0.5 0.2 0.4 0.9 0.3 0.1 0.25 0.5 0.2 0.0 0.35 0.1 0.15 0.65 0.9 0.75 0.45 0.85 0.9 0.55 0.65 0.85 0.9 0.8 0.9 0.85 0.4 0.95 0.5 0.5 
-0.012734322860268224 0.5352462567045357 0.5605595457934263 1.0 0.2 0.4 1.0 0.1 0.3 0.9 0.6 0.4 0.6 0.45 0.4 0.2 0.8 0.4 0.55 0.85 0.6 0.9 0.95 0.85 1.0 0.05 0.2 1.0 0.4 0.6 0.1 0.0 0.4 0.9 0.95 0.85 0.75 1.0 0.6 
-0.0028084177800240134 0.4197476042052165 0.5307947049583185 0.85 0.25 0.75 0.65 0.4 1.0 0.5 0.45 0.4 0.95 0.0 0.1 0.25 0.85 0.4 0.0 0.35 0.7 0.3 0.15 0.9 0.75 0.45 0.85 0.9 0.35 0.75 0.85 0.85 0.5 1.0 0.4 0.2 0.85 0.5 0.5 
-0.00046588981429332964 0.5595521439225626 0.45464683243000603 0.6 0.95 0.35 1.0 0.8 0.75 1.0 0.35 0.75 0.95 0.9 0.45 0.25 0.7 0.0 0.25 0.55 0.4 0.9 0.15 0.3 0.55 0.25 0.45 0.5 0.95 0.25 0.25 0.6 0.85 0.2 0.65 0.35 0.05 0.5 0.85 
-0.00036590650796871 0.5409011555112536 0.4505031920051882 0.25 0.75 0.7 0.9 0.8 0.5 1.0 0.35 0.75 1.0 0.9 0.45 0.25 0.3 0.45 0.75 0.25 0.25 0.9 0.15 0.45 0.85 0.3 0.4 1.0 0.95 0.15 0.85 0.05 0.5 1.0 0.65 0.35 0.8 0.0 1.0 
-0.007577774717771144 0.4774727258968461 0.45470514738301393 0.15 0.25 0.2 0.25 0.55 0.55 0.95 0.75 0.2 0.7 0.45 0.85 1.0 0.4 0.85 0.45 0.9 0.35 0.45 0.3 0.75 0.6 0.75 0.8 0.25 0.35 0.9 0.75 0.1 0.55 0.25 0.15 0.45 0.65 0.55 0.7 
-0.001313696046840453 0.5755455958855026 0.48355542927128126 0.4 0.35 0.05 0.45 0.6 0.8 0.8 0.25 0.45 0.4 0.75 0.15 0.55 0.55 0.95 0.35 0.9 0.55 0.35 0.1 0.9 0.65 0.2 0.9 0.8 0.75 0.75 0.3 0.9 0.25 0.4 0.35 0.05 0.7 1.0 0.1 
-0.0017749282655431498 0.4586816861391712 0.43820942544252356 0.15 0.25 0.2 0.25 0.55 0.55 0.95 0.75 0.2 0.7 0.45 0.85 1.0 0.4 0.85 0.45 0.9 0.35 0.45 0.3 0.75 0.75 0.75 0.8 0.25 0.35 0.9 0.75 0.25 0.55 0.95 0.15 0.45 0.65 0.55 0.7 
-0.01916430006901906 0.47175686724162974 0.5358393728411686 0.85 0.65 0.85 0.65 0.15 0.3 0.5 0.2 0.4 0.9 0.95 0.1 0.25 0.5 0.2 0.0 0.35 0.65 0.15 0.65 0.9 0.75 0.45 0.85 0.9 0.55 0.65 0.85 0.9 0.8 0.9 0.85 0.4 0.95 0.5 0.5 
-0.0003089917585540267 0.45321712915700874 0.4618458551331762 0.15 0.25 0.2 0.9 0.4 0.55 0.95 0.75 0.2 1.0 0.45 0.85 0.4 0.2 0.85 0.45 0.45 0.35 0.95 0.3 0.75 0.5 0.75 0.8 0.25 0.6 0.9 0.2 0.25 0.4 0.1 0.15 0.45 0.65 0.55 0.7 
-0.00475173841846558 0.5256671179521465 0.44467406518061364 0.1 0.5 1.0 0.2 0.1 0.7 0.9 0.45 0.5 0.9 0.2 0.2 0.05 0.5 0.4 0.15 0.5 0.05 0.75 0.65 0.95 0.9 0.8 0.25 0.95 0.65 0.1 0.55 0.6 1.0 0.35 0.95 0.5 0.65 0.6 1.0 
-0.01569456580626617 0.4754966548624497 0.5413061605638178 0.85 0.1 0.85 0.65 0.4 1.0 0.8 0.15 0.4 0.9 0.65 0.1 0.25 0.85 0.4 0.25 0.1 0.6 0.15 0.65 0.45 0.85 0.45 0.85 0.4 0.65 0.95 0.85 0.95 0.8 1.0 0.4 0.2 0.9 0.5 0.5 
-0.013380096688581191 0.42172295728921844 0.43646072941948466 0.85 0.95 0.8 0.65 0.9 1.0 1.0 0.75 0.4 0.9 0.95 0.1 0.25 0.85 0.55 0.0 0.35 0.75 0.75 0.4 0.7 0.15 0.75 0.5 0.9 0.65 0.55 0.2 0.95 0.1 0.1 0.0 0.95 0.7 0.5 0.45 
-0.0013800521449139817 0.5284989814740663 0.43239378594036815 0.5 0.5 1.0 0.0 0.6 0.05 1.0 0.45 0.2 0.85 0.7 0.2 0.25 0.5 0.45 0.4 0.8 0.05 0.25 0.6 0.15 0.9 0.8 0.25 0.5 0.55 0.95 0.35 0.6 1.0 0.6 0.05 0.7 0.65 0.3 0.25 
-0.014508837240118286 0.4326456653930796 0.47175879978716323 0.25 0.1 0.3 0.75 0.5 0.05 0.65 0.65 0.35 0.9 0.65 0.1 0.25 0.8 0.1 0.85 0.95 0.6 0.75 0.65 0.4 0.75 0.45 0.85 1.0 0.45 0.6 0.85 0.95 0.7 0.95 0.15 0.2 0.9 0.5 0.5 
-0.0016579382931924348 0.46028457035881365 0.42525538612060393 0.05 0.15 0.95 0.3 0.8 0.3 1.0 0.1 0.55 0.35 0.55 0.05 0.8 0.85 0.45 0.9 0.95 0.5 1.0 1.0 0.35 1.0 1.0 0.25 0.35 0.55 0.65 0.6 0.6 0.65 0.55 0.3 0.4 0.75 0.35 0.35 
-0.06404324882214918 0.5026202857936587 0.4292886386363434 1.0 0.5 1.0 0.7 0.6 0.05 1.0 0.45 0.2 0.95 0.7 0.2 0.25 0.5 0.2 0.4 0.45 0.6 0.5 0.35 0.65 0.9 0.8 0.25 0.85 0.55 0.95 0.3 0.6 1.0 0.6 0.05 0.8 0.8 0.3 0.25 
-0.048288957607278186 0.5720168475333004 0.501867359627341 0.9 0.35 0.75 0.35 0.3 0.4 0.5 0.8 0.4 0.8 0.45 0.15 0.05 0.8 0.25 0.6 0.35 0.3 0.95 0.95 0.85 0.9 0.1 1.0 1.0 0.7 0.25 0.2 0.35 0.85 1.0 0.95 0.85 0.8 1.0 0.65 
-0.004108668560663955 0.48736339940997486 0.559315150757872 0.95 0.1 0.85 0.75 0.4 0.05 0.8 0.5 0.85 0.9 0.65 0.1 0.25 0.85 0.4 0.0 0.2 0.9 0.2 0.6 0.4 1.0 0.45 0.85 0.75 0.55 0.95 0.85 0.95 0.7 0.95 0.5 0.3 0.9 0.5 0.5 
-0.04811972697894487 0.46166512988084096 0.4312921810196707 0.05 0.15 0.95 0.3 0.8 0.3 1.0 0.1 0.55 0.35 0.55 0.05 0.8 0.85 0.45 0.9 0.95 0.5 1.0 1.0 0.35 1.0 1.0 0.25 0.35 0.55 0.65 0.6 0.6 0.65 0.7 0.3 0.4 0.75 0.35 0.35 
-0.010451706666017382 0.41317785482829184 0.5055677318893173 0.85 0.4 0.95 0.6 0.25 0.05 0.6 0.3 0.55 0.6 0.65 0.6 0.75 0.35 0.7 0.8 0.85 0.1 0.1 0.9 0.6 0.35 0.7 0.8 0.8 0.45 0.45 0.05 0.05 0.6 0.15 0.4 1.0 0.55 0.8 0.6 
-0.00956261111666744 0.5620787571507767 0.5477176074824613 0.3 0.85 0.85 0.1 0.4 0.4 0.7 0.8 0.4 0.75 0.4 0.4 0.3 0.8 0.85 0.6 0.25 0.8 0.95 0.95 0.25 1.0 0.05 0.25 1.0 0.2 0.6 0.5 0.35 0.75 1.0 0.95 0.9 0.75 0.95 0.65 
-0.009769162472776056 0.4918380367479872 0.44020426704911547 0.2 0.15 0.95 0.1 0.05 0.2 1.0 0.15 0.5 0.7 0.45 0.05 0.05 0.85 0.0 0.7 0.2 0.5 0.55 0.05 0.0 1.0 1.0 0.3 0.15 0.4 0.8 0.95 0.55 0.65 0.6 0.8 0.45 1.0 0.3 0.35 
-0.004767205459670956 0.62384249646535 0.5603700222206374 1.0 0.2 0.1 0.6 0.5 0.7 0.6 0.4 0.75 0.75 0.9 0.45 0.05 0.7 0.1 0.55 0.1 0.4 1.0 0.15 0.3 0.75 0.3 0.2 0.75 0.95 0.0 0.25 0.6 0.2 1.0 0.65 0.35 0.05 0.15 0.75 
-0.00040289070875667833 0.5779400370111362 0.5011136452366469 0.75 0.35 0.75 0.35 0.3 0.4 0.5 0.8 0.4 0.8 0.45 0.2 0.05 0.8 0.25 0.6 0.35 0.3 0.95 0.95 0.85 0.9 0.1 1.0 1.0 0.7 0.25 0.2 0.35 0.85 1.0 0.95 0.85 0.8 1.0 0.65 
-0.01493854294090788 0.457185725602591 0.4478589886130606 0.5 0.25 0.2 0.25 0.5 0.55 0.95 0.75 0.2 0.7 0.45 0.85 0.4 0.2 0.85 0.85 0.9 0.35 0.6 0.3 0.75 0.75 0.75 0.8 0.25 0.3 0.9 0.75 0.25 0.55 0.9 0.3 0.3 0.65 0.55 0.7 
-0.010188250607095556 0.41556817726383805 0.5151414888763491 0.85 0.4 0.95 0.6 0.25 0.05 0.6 0.3 0.55 0.6 0.65 0.6 0.75 0.35 0.7 0.8 0.85 0.05 0.1 0.9 0.7 0.35 0.7 0.8 0.8 0.45 0.45 0.05 0.25 0.6 0.55 0.4 1.0 0.55 0.8 0.6 
-0.006899312879729631 0.44313172717841187 0.4579803168327332 0.3 0.25 0.35 0.45 0.8 0.35 1.0 0.35 0.55 1.0 0.4 0.45 0.25 0.3 0.6 0.1 0.1 0.35 0.7 0.15 0.85 0.75 0.3 0.45 0.95 0.95 0.6 0.85 0.65 0.5 0.85 0.65 0.35 0.5 0.4 0.6 
-0.0029508845530682557 0.5883134073496933 0.5146033356878875 0.6 0.95 0.35 0.6 0.1 0.8 1.0 0.35 0.75 0.95 0.0 0.45 0.25 0.3 0.6 0.5 0.55 0.4 0.8 0.15 0.3 1.0 0.25 0.45 0.45 0.15 0.7 0.25 0.6 0.5 0.8 0.65 0.35 0.05 0.5 0.85 
-0.0054535754542634745 0.45685070898943303 0.5506704736257735 0.9 0.1 0.5 0.75 0.4 0.3 0.5 0.4 1.0 0.9 0.65 0.1 0.0 0.9 0.8 0.6 0.1 0.6 0.4 0.7 0.4 0.9 0.45 0.8 1.0 0.5 0.95 0.95 0.95 0.7 0.95 0.4 0.2 0.05 0.5 0.5 
-0.008743423764279099 0.5630881984906189 0.43305175465408746 0.1 0.5 1.0 0.2 0.6 0.65 1.0 0.45 0.2 0.85 0.2 0.2 0.25 0.5 0.7 0.4 0.8 0.9 0.45 0.2 1.0 0.9 0.8 0.25 0.25 0.55 0.55 0.6 0.6 1.0 0.4 0.25 0.7 0.65 0.3 0.25 
-0.00010325014792178924 0.45231757463557265 0.5365586865344336 0.55 0.4 0.7 0.35 0.15 0.5 0.05 0.8 0.85 0.5 0.95 0.3 0.1 0.25 0.0 0.55 0.2 0.9 0.5 0.65 0.05 0.75 0.2 0.9 0.45 0.8 0.95 0.95 0.6 1.0 0.9 0.2 0.35 0.8 0.6 0.4 
-0.02706300761556439 0.37798545308804476 0.5196161226792565 0.8 0.0 0.6 0.6 0.45 1.0 1.0 0.75 0.4 0.95 0.85 0.1 0.1 0.85 0.5 0.8 0.25 0.4 0.9 0.35 0.8 0.8 0.8 0.35 0.95 0.65 0.65 0.6 0.2 0.75 0.8 0.9 0.1 0.75 0.4 0.5 
-0.01379629576589917 0.5342439246317339 0.5688434022491844 0.1 0.55 0.5 0.2 0.7 0.4 0.45 0.85 0.7 0.95 0.1 0.4 0.1 0.8 0.15 0.55 0.5 0.3 0.95 0.95 0.2 1.0 0.05 0.25 0.45 0.3 0.6 0.4 0.35 0.95 0.9 0.8 0.75 0.75 0.0 0.6 
-0.12113627616640545 0.515061075605274 0.41682147271073444 1.0 0.5 1.0 0.7 0.6 0.05 1.0 0.45 0.2 0.95 0.7 0.2 0.25 0.5 0.2 0.4 0.45 0.6 0.5 0.5 0.65 0.9 0.8 0.25 0.85 0.55 0.95 0.3 0.6 1.0 0.6 0.05 0.8 0.8 0.3 0.25 
-0.004558868670745891 0.5850863168936652 0.4566917860272003 0.35 0.1 0.65 0.35 0.75 0.7 0.85 0.35 0.75 0.9 0.9 0.45 0.05 0.3 0.2 0.55 0.35 0.4 1.0 0.6 0.1 0.75 0.85 0.2 0.35 0.65 0.7 0.45 0.65 0.3 0.9 0.65 0.35 0.2 0.05 0.85 
-0.0034157420047336725 0.5999301929937704 0.5505856242190308 1.0 0.3 0.4 1.0 0.8 1.0 0.9 0.6 0.4 0.6 0.35 0.4 0.2 0.8 0.4 0.5 1.0 0.6 0.8 0.95 0.85 1.0 0.05 0.5 1.0 0.4 0.6 0.45 0.5 0.25 0.9 0.95 0.85 0.75 1.0 0.6 
-0.007437582566358561 0.4199558935934402 0.5593766648123402 0.95 0.1 0.85 0.75 0.4 0.1 0.65 0.5 0.85 0.9 0.65 0.1 0.25 0.85 0.4 0.0 0.2 0.6 0.25 0.6 0.4 0.6 0.45 0.85 0.75 0.55 0.95 0.85 0.95 0.7 0.95 0.85 0.2 0.9 0.5 0.5 
-0.005546738722979365 0.38479980035122874 0.4904777248392886 0.85 0.95 0.85 0.65 0.15 1.0 0.5 0.75 0.4 0.9 0.95 0.1 0.3 0.85 0.5 0.0 0.2 0.3 0.15 0.65 0.4 0.95 0.0 0.85 0.9 0.65 0.75 0.95 0.95 0.8 0.75 0.4 0.4 0.9 0.5 0.5 
-0.020643814478459015 0.4669728809090493 0.37599701517105133 0.2 0.15 0.95 0.15 0.05 0.2 1.0 0.15 0.55 0.65 0.1 0.05 0.05 0.65 0.0 0.7 0.9 0.5 1.0 0.05 0.0 0.95 1.0 0.3 0.15 0.4 0.8 0.95 0.55 0.65 0.7 0.5 0.45 1.0 0.3 0.35 
-0.05753791231429475 0.4766182251538803 0.4180992662084197 0.2 0.15 0.95 0.15 0.75 0.2 1.0 0.15 0.55 0.8 0.7 0.05 0.55 0.65 0.0 0.7 0.2 0.5 1.0 0.05 0.0 1.0 1.0 0.3 0.9 0.4 0.8 0.95 0.55 0.65 0.7 0.5 0.45 1.0 0.3 0.35 
-0.00921060713209595 0.44975595050138073 0.4051999639159147 0.3 0.7 0.95 0.3 0.1 0.2 1.0 0.15 0.55 0.95 0.1 0.05 0.75 0.5 0.0 0.2 0.2 0.35 0.9 0.05 0.05 0.3 1.0 0.25 0.55 0.25 0.05 0.9 0.55 0.8 0.95 0.5 0.45 1.0 0.35 0.35 
-0.006857275224053325 0.3690112893706161 0.489820436450868 0.85 0.2 0.8 0.65 0.15 1.0 1.0 0.75 0.4 0.75 0.95 0.15 0.25 0.4 0.55 0.0 0.0 0.15 0.75 0.4 0.65 0.95 0.75 0.2 0.45 0.65 0.55 0.2 0.95 0.1 0.2 0.35 0.05 0.9 0.5 0.45 
-0.003915287071396946 0.40229535745461314 0.45629843496621125 0.85 0.5 0.85 0.65 0.15 1.0 0.5 0.75 0.4 0.85 0.95 0.1 0.0 0.85 0.5 0.55 0.35 0.65 0.15 0.65 0.4 0.6 0.45 0.85 0.9 0.65 0.7 0.85 0.0 0.8 0.35 0.4 0.4 0.95 0.5 0.5 
-0.027070484955623662 0.4416639898303317 0.40794741684961305 0.9 0.65 0.6 1.0 0.25 1.0 0.9 0.75 0.4 0.95 0.85 0.1 0.15 0.85 0.5 0.0 0.2 0.3 0.7 0.65 0.0 1.0 0.8 0.35 0.9 0.65 0.75 0.55 0.95 0.05 0.8 0.4 0.4 0.9 0.4 0.45 
-0.006630859231896042 0.3812699933808464 0.459554621750068 0.85 0.2 0.8 0.3 0.15 1.0 0.65 0.75 0.4 0.95 0.95 0.15 0.25 0.85 0.55 0.0 0.7 0.75 0.75 0.4 0.65 0.1 0.75 0.2 0.9 0.65 0.55 0.2 0.95 0.1 0.1 0.35 0.55 0.9 0.5 0.45 
-0.0017653365599514517 0.42144936865602456 0.4191921259593843 0.9 0.65 0.6 1.0 0.15 1.0 0.75 0.75 0.4 0.95 0.75 0.1 0.25 0.85 0.5 0.35 0.2 0.3 0.45 0.3 0.15 1.0 0.9 0.35 0.9 0.65 0.75 0.05 0.2 0.1 0.75 0.4 0.4 0.9 0.4 0.5 
-0.0049310651721538624 0.3593636976770632 0.5003688828316525 0.0 0.95 0.85 0.65 0.15 1.0 0.85 0.75 0.4 0.95 0.95 0.1 0.25 0.85 0.5 0.0 0.35 0.3 0.15 0.65 0.6 0.95 0.35 0.9 0.9 0.65 0.75 0.85 0.95 0.75 0.9 0.4 0.25 0.9 0.5 0.5 
-0.0027157366765755415 0.4032945312795494 0.5419130136555608 0.85 0.95 0.05 0.65 0.15 1.0 0.5 0.75 0.8 0.9 0.95 0.1 0.3 0.85 0.5 0.0 0.35 0.3 0.15 0.65 0.4 0.95 0.0 0.85 0.9 0.65 0.75 0.95 0.95 0.8 0.75 0.4 0.4 1.0 0.5 0.5 
-0.04239186082821172 0.5257132235100931 0.4167074513183641 1.0 0.5 1.0 0.95 0.6 0.05 1.0 0.45 0.2 0.95 0.7 0.2 0.25 0.5 0.45 0.4 0.8 0.6 0.25 0.6 0.6 0.9 0.8 0.25 1.0 0.55 0.95 0.3 0.6 1.0 0.6 0.05 0.8 0.75 0.3 0.25 
-0.00029290782675520685 0.6033505794554529 0.5211216319830831 1.0 0.15 0.1 0.6 0.65 0.05 0.8 0.35 0.75 0.55 0.9 0.45 0.75 0.3 0.1 0.55 0.0 0.4 1.0 1.0 0.3 0.75 0.3 0.2 0.75 0.95 0.7 0.25 0.6 0.15 1.0 0.65 0.35 0.05 0.15 0.75 
-0.006996638988223137 0.4118933186567068 0.43757215608897765 0.85 0.95 0.85 0.65 0.15 1.0 0.95 0.75 0.4 0.85 0.95 0.1 0.3 0.85 0.5 0.0 0.35 0.3 0.15 0.65 0.4 0.95 0.0 0.85 0.9 0.65 0.75 0.95 0.95 0.8 0.75 0.4 0.4 0.9 0.5 0.5 
-0.0032693837964511245 0.5511294709368506 0.5809116990101204 0.1 0.2 0.1 0.8 0.6 0.4 0.9 0.1 0.4 0.5 0.45 0.4 0.15 0.05 0.4 0.55 0.5 0.6 0.95 0.95 0.75 1.0 0.05 0.25 1.0 0.1 0.6 0.6 0.35 0.85 0.9 0.95 0.85 0.75 1.0 0.6 
-0.011031289683897723 0.5672697457933744 0.5712754457221314 0.0 0.05 0.85 0.1 0.4 0.4 0.35 0.8 0.35 0.6 0.4 0.4 0.95 0.8 0.3 0.6 0.25 0.15 0.95 0.95 0.75 1.0 0.05 0.25 1.0 0.1 0.6 0.5 0.35 0.85 0.85 0.95 0.9 0.75 0.95 0.65 
-0.0009101175009620109 0.5769368827879452 0.5727592583864716 1.0 0.15 0.1 0.6 0.5 0.7 0.95 0.35 0.8 0.55 0.9 0.6 0.75 0.3 0.1 0.55 0.1 0.4 1.0 0.15 0.3 0.75 0.3 0.2 0.75 0.95 0.7 0.25 0.6 0.2 1.0 0.65 0.35 0.05 0.15 0.75 
-0.02888510527436793 0.3637141172488114 0.4794895994632267 0.85 0.2 0.8 0.3 0.15 1.0 0.65 0.75 0.45 0.75 0.95 0.15 0.25 0.85 0.55 0.0 0.7 0.75 0.75 0.4 0.65 0.1 0.75 0.2 0.9 0.65 0.55 0.2 0.05 0.1 0.1 0.35 0.55 0.9 0.5 0.45 
-8.50223102891173e-05 0.6105762774874732 0.49120776567501756 0.9 0.05 0.8 1.0 0.35 0.05 0.75 0.35 0.75 1.0 0.9 0.45 0.2 0.3 0.95 0.15 0.1 0.4 1.0 0.15 0.35 0.85 0.0 0.2 0.55 0.9 0.7 0.25 0.85 0.65 1.0 0.65 0.35 0.05 0.05 0.85 
-0.002086358852606821 0.6002508993866923 0.5684918627956195 0.75 0.85 0.75 0.35 0.3 0.4 0.5 0.8 0.4 0.8 0.45 0.2 0.05 0.8 0.25 0.6 0.35 0.3 0.95 0.95 0.85 0.9 0.1 0.35 1.0 0.7 0.25 0.2 0.35 1.0 1.0 0.95 0.85 0.8 1.0 0.65 
-0.011293430688102025 0.5361257116218492 0.38217867207360623 0.9 0.45 0.7 0.05 0.9 0.35 1.0 0.4 0.7 0.65 0.8 0.05 0.85 0.45 0.95 0.3 0.45 0.1 0.7 0.15 0.25 0.95 0.45 0.4 0.4 0.9 0.3 0.85 0.3 0.55 0.35 0.35 0.25 0.65 1.0 0.5 
-0.0005042565250029974 0.4907284510387401 0.3842150353397631 0.2 0.15 0.95 0.15 0.05 0.2 1.0 0.15 0.55 0.65 0.1 0.05 0.05 0.85 0.0 0.7 0.2 0.5 1.0 0.05 0.0 1.0 1.0 0.3 0.15 0.4 0.8 0.85 0.55 0.65 0.95 0.5 0.45 1.0 0.3 0.35 
-0.01843655658631177 0.41741016808665865 0.5926931988015934 0.35 0.1 0.85 0.65 0.4 0.05 0.65 0.35 0.85 0.95 0.65 0.1 0.25 0.05 0.1 0.85 0.1 0.6 0.25 0.65 0.4 0.75 0.5 0.85 0.7 0.5 0.95 0.55 0.95 0.7 0.25 0.0 0.2 0.8 0.5 0.5 
-0.0234368946671006 0.46523753874518003 0.36208335464764074 0.3 0.7 0.95 0.15 0.1 0.2 1.0 0.15 0.55 0.8 0.1 0.05 0.75 0.5 0.0 0.7 0.2 0.35 0.9 0.7 0.0 0.6 1.0 0.25 0.15 0.1 0.05 0.9 0.55 0.65 0.95 0.5 0.45 1.0 0.35 0.35 
-0.030326520404574384 0.45092403607423354 0.3776225892087719 0.2 0.15 0.95 0.15 0.05 0.2 1.0 0.15 0.5 0.7 0.1 0.05 0.05 0.65 0.0 0.7 0.65 0.5 1.0 0.05 0.0 1.0 1.0 0.3 0.95 0.4 0.8 0.95 0.55 0.65 0.6 0.5 0.45 0.5 0.3 0.35 
-0.005142898589086018 0.599525973004565 0.5965886142423078 0.3 0.85 0.85 0.1 0.4 0.4 1.0 0.8 0.4 0.65 0.45 0.2 1.0 0.1 0.4 0.4 0.5 0.6 0.65 0.95 0.75 1.0 0.05 0.25 1.0 0.1 0.6 0.8 0.35 0.75 1.0 0.95 0.9 0.75 0.95 0.65 
-0.03350733038239311 0.43541618844268043 0.5926629350295405 0.85 0.1 0.85 0.65 0.4 1.0 0.8 0.15 0.4 0.9 0.65 0.1 0.9 0.15 0.4 0.0 0.8 0.35 0.35 0.15 0.85 0.95 0.45 0.85 0.75 0.45 0.95 0.85 0.95 0.8 1.0 0.3 0.05 0.9 0.4 0.5 
-0.0523122268595762 0.39612023889289905 0.4498681820541791 0.85 0.95 0.8 0.65 0.9 1.0 1.0 0.75 0.4 0.9 0.95 0.1 0.25 0.85 0.55 0.0 0.35 0.75 0.75 0.4 0.7 0.15 0.75 0.2 0.9 0.65 0.55 0.2 0.95 0.1 0.1 0.0 0.95 0.7 0.5 0.45 
-0.07648598760469681 0.48264886141081687 0.3694777996243478 0.2 0.15 0.95 0.15 0.05 0.2 1.0 0.15 0.5 0.65 0.1 0.05 0.05 0.85 0.0 0.7 0.2 0.5 1.0 0.05 0.0 1.0 1.0 0.3 0.15 0.4 0.8 0.85 0.55 0.65 0.95 0.5 0.45 1.0 0.3 0.35 
-0.006436654673819761 0.5647626966203195 0.4326373859641121 0.1 0.5 1.0 0.3 0.6 0.05 1.0 0.45 0.2 0.85 0.2 0.2 0.25 0.5 0.7 0.4 0.8 0.0 0.2 0.2 1.0 0.9 0.8 0.25 0.25 0.55 0.55 0.6 0.6 1.0 0.4 0.25 0.7 0.65 0.3 0.25 
-0.0001481906110716255 0.6007030361388828 0.476891831196676 0.25 0.9 0.35 0.5 0.8 0.8 1.0 0.35 0.75 1.0 0.9 0.45 0.5 0.3 0.6 0.55 0.2 0.25 0.85 0.8 0.3 0.95 0.3 0.45 0.8 0.95 0.45 0.8 0.7 0.45 1.0 0.65 0.35 0.7 0.5 0.1 
-0.002984024514407114 0.5418785441983582 0.4168241215360326 0.1 1.0 0.7 0.15 0.85 0.35 1.0 0.4 0.7 0.8 0.7 0.05 0.9 0.55 0.7 0.0 0.65 0.1 1.0 0.1 0.1 0.95 0.4 0.4 0.7 0.9 0.0 0.35 0.3 0.75 0.5 0.55 0.25 0.65 0.05 0.5 
-0.013820178854376511 0.4276561050951384 0.5807646265305858 0.25 0.1 0.85 0.75 0.4 0.05 0.65 0.65 0.85 0.95 0.65 0.1 0.25 0.8 0.1 0.85 0.1 0.6 0.25 0.65 0.4 0.85 0.45 0.85 0.7 0.5 0.95 0.15 0.95 0.7 0.95 0.0 0.2 0.8 0.5 0.5 
-0.03940146743250478 0.6295438133086784 0.5366370728499366 0.7 0.25 0.65 1.0 1.0 0.7 0.85 0.35 0.75 0.85 0.9 0.45 0.05 0.3 0.95 0.85 0.95 0.4 1.0 0.15 0.25 0.75 0.25 0.3 0.55 0.75 0.7 0.25 0.35 1.0 1.0 0.65 0.15 0.05 0.05 0.4 
-0.05267999512666467 0.47552423545069455 0.5784083945635817 0.85 0.1 0.85 0.65 0.4 1.0 0.8 0.15 0.4 0.9 0.65 0.1 0.25 0.85 0.4 0.25 0.1 0.6 0.15 0.65 0.45 0.85 0.45 0.85 0.3 0.65 0.95 0.85 0.95 0.8 1.0 0.4 0.2 0.9 0.45 0.5 
-0.003305029906238969 0.5009096003424682 0.5726766394284859 0.1 0.2 1.0 0.2 0.3 0.4 0.5 0.85 0.7 0.0 0.1 0.4 0.1 0.8 0.15 0.55 0.5 0.3 0.95 0.95 0.2 1.0 0.05 0.25 0.45 0.3 0.6 0.55 0.35 0.95 0.9 0.8 0.35 0.8 0.0 0.6 
-0.015097621312534004 0.40427155583798513 0.5953454708466843 0.85 0.25 0.75 0.65 0.4 1.0 0.5 0.45 0.4 0.95 0.0 0.1 0.25 0.85 0.4 0.0 0.35 0.7 0.3 0.15 0.9 0.75 0.45 0.85 0.9 0.35 0.75 0.85 0.85 0.8 1.0 0.4 0.2 0.85 0.5 0.5 
-0.01987731270969448 0.3971052972975676 0.573845602409973 0.85 0.65 0.85 0.65 0.15 1.0 0.3 0.95 0.4 0.9 0.95 0.1 0.15 0.85 0.5 0.35 0.35 0.95 0.15 0.65 0.9 0.75 0.45 0.85 0.9 0.55 0.75 0.8 0.9 0.8 0.9 0.85 0.4 0.95 0.5 0.5 
-0.005941466751595683 0.3780926791667956 0.5734607541239153 0.25 0.1 0.85 0.75 0.4 0.05 0.65 0.6 0.85 0.9 0.65 0.1 0.25 0.85 0.25 0.0 0.1 0.6 0.25 0.65 0.4 0.75 0.45 0.85 0.9 0.55 0.95 0.85 0.95 0.7 0.85 0.4 0.2 0.55 0.5 0.5 
-0.005212175533095614 0.42409632613157155 0.375613080460368 0.75 0.0 0.5 1.0 0.15 1.0 0.9 0.75 0.4 0.6 0.85 0.1 0.25 0.85 0.5 0.0 0.3 0.0 0.65 0.65 0.2 1.0 0.8 0.35 0.75 0.65 0.75 0.55 0.2 0.1 0.7 0.4 0.4 0.9 0.4 0.5 
-0.02808355837920009 0.3539059082425594 0.49135043786312194 0.15 0.5 0.0 0.05 0.9 0.4 1.0 0.75 0.3 0.8 0.95 0.15 0.25 0.85 0.7 0.9 0.0 0.15 0.75 0.4 0.65 0.15 0.15 0.2 0.8 0.65 0.55 0.2 0.95 0.35 1.0 0.85 0.3 0.7 0.5 0.45 
-0.026526145710663356 0.531297839012824 0.3675728718276432 0.1 0.35 0.7 0.15 1.0 0.45 1.0 0.45 0.7 0.55 0.7 0.05 0.25 0.6 0.7 0.3 0.65 0.1 1.0 0.1 0.2 0.95 0.45 0.4 0.15 0.9 0.1 0.95 0.3 0.65 0.35 0.3 1.0 0.6 0.05 0.5 
-0.013587557029874374 0.3650812913354775 0.5755078324583476 0.25 0.1 0.85 0.75 0.4 0.05 0.65 0.6 0.85 0.9 0.65 0.1 0.25 0.85 0.25 0.0 0.1 0.6 0.25 0.65 0.4 0.8 0.45 0.85 0.9 0.55 0.95 0.55 0.95 0.7 0.85 0.4 0.2 0.55 0.5 0.5 
-0.0015819400458897972 0.36876802425011923 0.5948905350615162 0.45 0.1 0.3 0.75 0.05 0.05 0.65 0.65 0.8 0.9 0.65 0.1 0.25 0.8 0.1 0.85 0.95 0.95 0.75 0.65 0.4 0.75 0.45 0.85 1.0 0.45 0.6 0.85 0.95 0.7 0.85 0.4 0.2 0.9 0.5 0.7 
-0.02334354607890161 0.5222268062846505 0.5942577686595891 0.1 0.55 0.5 0.2 0.7 0.4 0.45 0.85 0.5 0.0 0.1 0.95 0.1 0.8 0.15 0.55 0.85 0.3 0.95 0.95 0.2 1.0 0.05 0.25 0.45 0.3 0.6 0.55 0.35 0.95 0.9 0.8 0.75 0.75 0.0 0.6 
-0.003682123818763251 0.5497681504912888 0.6018238826272346 0.3 0.4 0.15 0.6 0.4 0.4 0.6 0.6 0.95 0.6 0.45 0.1 0.5 0.7 0.4 0.6 0.25 0.6 0.9 0.95 0.75 1.0 0.05 0.25 1.0 0.1 0.6 0.5 0.35 0.75 1.0 0.95 0.9 0.7 0.95 0.65 
-0.04585714352219211 0.6438474724100361 0.5279530900221862 0.6 0.2 0.8 0.8 0.15 0.7 0.75 0.35 0.75 0.65 0.9 0.5 0.0 0.3 0.95 0.85 0.95 0.6 1.0 0.15 0.3 0.75 0.25 0.2 0.4 0.8 0.6 0.25 0.35 0.55 0.3 0.65 0.35 0.05 0.55 0.85 
-0.0009554467162758246 0.41085060039999255 0.40180680972789745 0.8 0.15 0.95 0.9 0.05 0.2 1.0 0.15 0.55 0.65 0.1 0.4 0.05 0.85 0.0 0.7 0.2 0.5 1.0 0.05 0.0 1.0 1.0 0.3 0.15 0.4 0.8 0.85 0.55 0.65 0.65 0.5 0.9 1.0 0.3 0.35 
-0.0028857391373576305 0.3855987192922929 0.582575526883982 0.85 0.1 0.85 0.15 0.4 1.0 0.8 0.15 0.85 0.9 0.65 0.1 0.25 0.85 0.4 0.0 0.1 0.35 0.35 0.15 0.85 0.95 0.45 0.95 0.75 0.3 0.95 0.85 0.95 0.8 1.0 0.4 0.05 1.0 0.4 0.5 
-0.021123515658556843 0.5269635550366585 0.37150779075524787 0.1 0.35 0.7 0.15 0.85 0.35 1.0 0.45 0.75 0.55 0.7 0.05 0.25 0.6 0.7 0.35 0.55 0.1 1.0 0.1 0.2 0.95 0.45 0.4 0.5 0.9 0.75 0.95 0.3 0.65 0.25 0.6 0.6 0.65 0.05 0.5 
-0.020603882553807268 0.5665515743066682 0.5872746061787437 1.0 0.2 0.4 0.1 0.1 1.0 0.9 0.6 0.4 0.9 0.45 0.4 0.1 0.8 0.4 0.55 0.85 0.6 0.9 0.05 0.85 1.0 0.05 0.25 1.0 0.4 0.6 0.1 0.35 0.4 0.9 0.95 0.85 0.7 1.0 0.55 
-0.03341918801837394 0.45641112615635304 0.3666591725831191 0.2 0.15 0.95 0.15 0.05 1.0 1.0 0.15 0.5 0.7 0.1 0.1 0.05 0.85 0.0 0.7 0.2 0.5 1.0 0.85 0.0 1.0 1.0 0.3 0.15 0.85 0.8 0.85 0.55 0.65 0.95 0.5 0.45 0.95 0.3 0.35 
-0.00018189186177201898 0.6021521141704705 0.6053899987957209 0.3 0.85 0.85 0.1 0.4 0.4 1.0 0.8 0.4 0.65 0.45 0.2 1.0 0.1 0.4 0.4 0.5 0.6 0.9 0.95 0.75 1.0 0.05 0.25 1.0 0.1 0.6 0.8 0.35 0.75 1.0 0.95 0.9 0.75 0.95 0.65 
-0.0014033093851502877 0.37252545843129015 0.5470935066836536 0.25 0.1 0.85 0.75 0.4 0.05 0.65 0.6 0.85 0.9 0.65 0.1 0.25 0.85 0.25 0.0 0.1 0.6 0.25 0.65 0.4 0.35 0.45 0.85 0.9 0.55 0.95 0.5 0.95 0.7 0.85 0.4 0.2 0.55 0.5 0.5 
-0.044045853179534404 0.35854729423252063 0.6220684405123651 0.1 0.65 0.85 0.75 0.4 0.45 0.3 0.0 0.85 0.95 0.65 0.1 0.45 0.85 0.05 0.0 0.1 0.6 0.25 0.65 0.6 0.75 0.45 0.85 1.0 0.55 0.95 0.85 0.95 0.7 0.75 0.4 0.2 0.9 0.5 0.5 
-1.1019578537168166 0.5048223318883988 0.3439402542229224 0.3 0.3 0.5 0.05 0.2 0.1 1.0 0.4 0.7 0.85 0.8 0.05 0.85 0.8 0.5 0.3 0.65 0.55 1.0 0.15 0.25 0.95 0.45 0.4 0.2 0.3 0.4 1.0 0.3 0.55 0.45 0.75 0.7 0.85 0.05 0.5 
-0.031846355588961504 0.3342265174010085 0.5666655519548647 0.25 0.8 0.85 0.75 0.4 0.45 0.65 0.95 0.65 0.9 0.65 0.1 0.25 0.85 0.1 0.0 0.1 0.6 0.25 0.65 0.6 0.75 0.45 0.85 1.0 0.55 0.95 0.85 0.95 0.7 0.75 0.4 0.2 0.9 0.5 0.5 
-0.02826340239110345 0.33757962269057706 0.5389489415190395 0.25 0.1 0.85 0.7 0.4 0.45 0.65 0.65 0.3 0.9 0.65 0.1 0.25 0.7 0.95 0.85 0.1 0.6 0.25 0.65 0.3 0.75 0.45 0.85 1.0 0.45 0.75 0.85 0.0 0.7 0.95 0.5 0.2 0.9 0.5 0.5 
-0.001780106791667063 0.615161353085338 0.493568871112526 1.0 0.1 0.65 1.0 0.15 0.7 0.75 0.35 0.75 0.9 0.9 0.45 0.2 0.3 0.95 0.85 0.1 0.4 1.0 0.15 0.35 0.75 0.3 0.55 0.55 0.9 0.7 0.0 0.6 0.5 0.3 0.65 0.35 0.05 0.05 0.85 
-0.01899240739769567 0.33790593511622913 0.5109957375268783 0.85 0.5 0.85 0.65 0.15 1.0 0.9 0.75 0.35 0.9 0.95 0.1 0.25 0.85 0.5 0.0 0.35 0.65 0.15 0.65 0.4 0.75 0.45 0.55 0.9 0.65 0.75 0.85 0.95 0.8 1.0 0.4 0.1 0.9 0.5 0.6 
-0.02677648387042693 0.5629115258959992 0.6099382254324188 1.0 0.2 0.4 0.1 0.1 1.0 0.9 0.6 0.4 0.75 0.4 0.4 0.1 0.1 0.4 0.55 0.85 0.6 0.9 0.05 0.85 1.0 0.05 0.45 1.0 0.4 0.6 0.1 0.35 0.4 0.9 0.95 0.85 0.7 1.0 0.55 
-0.006956049673869392 0.4695062688180193 0.3405357214574968 0.2 0.15 0.95 0.15 0.05 0.2 1.0 0.15 0.55 0.8 0.1 0.05 0.05 0.65 0.0 0.7 0.2 0.5 1.0 0.05 0.0 1.0 1.0 0.3 0.35 0.4 0.8 0.95 0.55 0.65 0.7 0.5 0.45 1.0 0.3 0.35 
-0.03320293122615995 0.6104366130084297 0.48194359807943393 0.2 0.15 0.55 0.6 0.5 0.7 0.6 0.4 0.75 0.55 0.9 0.45 0.35 0.3 0.1 0.55 0.1 0.55 1.0 0.5 0.3 0.75 0.3 0.2 0.75 0.95 0.7 0.25 0.3 0.2 1.0 0.65 0.35 0.05 0.85 0.75 
-0.23647156404244798 0.48370239422193007 0.35225903058186686 0.2 0.15 0.95 0.15 0.05 1.0 1.0 0.15 0.5 0.7 0.1 0.1 0.05 0.85 0.0 0.7 0.2 0.5 1.0 0.05 0.0 1.0 1.0 0.3 0.15 0.35 0.8 0.85 0.55 0.65 0.95 0.5 0.45 1.0 0.3 0.35 
-0.04275154897353237 0.5343589674588304 0.36867286260642906 0.1 0.35 0.7 0.15 1.0 0.45 1.0 0.45 0.7 0.55 0.7 0.05 0.25 0.6 0.7 0.3 0.65 0.1 1.0 0.1 0.2 0.95 0.45 0.4 0.1 0.9 0.1 0.95 0.3 0.65 0.35 0.3 1.0 0.6 0.05 0.5 
-0.02645501492511039 0.5593928424643007 0.385793067753511 0.5 0.5 1.0 0.5 0.6 0.05 1.0 0.45 0.2 0.85 0.7 0.2 0.25 0.0 0.8 0.4 0.8 0.05 0.6 0.55 0.15 0.9 0.8 0.25 0.8 0.1 0.45 0.85 0.6 1.0 0.05 0.4 0.0 0.65 0.3 0.25 
-0.014018385177425954 0.6279006069261897 0.5987409552282019 1.0 0.15 0.1 0.7 0.15 0.3 0.95 0.35 0.75 0.65 0.9 0.45 0.1 0.3 0.95 0.55 0.55 0.2 1.0 0.15 0.3 0.75 0.3 0.2 0.9 0.8 0.7 0.25 0.6 0.25 1.0 0.55 0.35 0.05 0.95 0.85 
-0.007429583013982229 0.4062287155300787 0.41232139314014543 0.8 0.15 0.95 0.9 0.05 0.2 1.0 0.2 0.55 0.75 0.1 0.4 0.05 0.85 0.0 0.7 0.2 0.5 1.0 0.05 0.0 1.0 1.0 0.3 0.15 0.4 0.8 0.85 0.55 0.65 0.65 0.5 0.9 1.0 0.3 0.35 
-0.05500974295362656 0.4291353976571364 0.3618657920170909 0.75 0.0 0.5 1.0 0.15 1.0 0.9 0.75 0.4 0.95 0.85 0.1 0.25 0.85 0.5 0.0 0.3 0.0 0.65 0.65 0.2 1.0 0.8 0.35 0.9 0.65 0.75 0.55 0.3 0.1 0.7 0.4 0.4 0.9 0.4 0.5 
-0.021568970944615976 0.4711848084565312 0.5927387637820442 0.35 0.1 0.85 0.65 0.4 1.0 0.8 0.15 0.4 0.9 0.65 0.1 0.25 0.85 0.4 0.0 0.1 0.95 0.35 0.15 0.65 1.0 0.45 0.85 0.75 0.3 0.95 0.85 0.95 0.8 1.0 0.4 0.2 0.9 0.45 0.5 
-0.016147895416976005 0.3876483077655687 0.41782608438836566 0.9 0.65 0.6 1.0 0.15 1.0 0.75 0.75 0.4 0.95 0.85 0.1 0.25 0.85 0.5 0.35 0.2 0.3 0.45 0.3 0.15 1.0 0.9 0.35 0.9 0.65 0.75 0.55 0.2 0.1 0.75 0.4 0.4 0.9 0.4 0.5 
-0.015848744825178063 0.6456274584742883 0.4760508062333775 0.6 0.95 0.35 1.0 0.8 0.8 1.0 0.35 0.75 0.95 0.9 0.45 0.25 0.3 0.0 0.55 0.55 0.4 0.9 0.15 0.3 0.55 0.25 0.45 0.5 0.95 0.7 0.25 0.6 0.85 1.0 0.65 0.35 0.05 0.5 0.85 
-0.0016444132575421265 0.6195419533594284 0.46080969609302236 1.0 0.35 0.65 0.3 0.6 0.7 0.75 0.35 0.75 0.9 0.9 0.45 0.2 0.3 0.95 0.35 0.1 0.4 1.0 0.3 0.3 0.75 0.25 0.55 0.05 0.2 0.3 0.25 0.35 0.2 1.0 0.65 0.35 0.05 0.3 0.25 
-0.0006662618911859272 0.5930466398199659 0.4444696862616997 0.35 0.1 0.65 0.35 0.75 0.7 0.85 0.35 0.75 0.9 0.9 0.45 0.55 0.3 0.2 0.55 0.35 0.4 1.0 0.6 0.1 0.75 0.85 0.2 0.35 0.65 0.7 0.45 0.65 0.5 0.9 0.65 0.35 0.2 0.05 0.85 
-0.004814518163827777 0.6482406270822167 0.5417283235763095 1.0 0.15 0.1 0.6 0.65 0.05 0.8 0.35 0.75 0.55 0.9 0.45 0.75 0.3 0.1 0.55 0.1 0.4 1.0 0.15 0.3 0.75 0.3 0.2 0.75 0.0 0.7 0.25 0.6 0.4 1.0 0.65 0.35 0.05 0.15 0.25 
-0.07346644390041318 0.5247708701445138 0.3383717284293303 0.9 0.3 0.5 0.05 0.75 0.35 1.0 0.4 0.7 0.8 0.8 0.05 0.85 0.8 0.15 0.3 0.65 0.05 1.0 0.15 0.25 0.95 0.45 0.4 0.2 0.7 0.45 1.0 0.3 0.55 0.5 0.75 0.9 0.85 0.05 0.5 
-0.0009273153108140951 0.33139383874837225 0.585854441268735 0.25 0.1 0.85 0.75 0.4 0.2 0.65 0.65 0.75 0.9 0.65 0.1 0.25 0.8 0.95 0.85 0.1 0.6 0.25 0.65 0.3 0.75 0.45 0.85 1.0 0.45 0.75 0.85 0.0 0.7 0.45 0.45 0.2 0.9 0.5 0.5 
-0.28353978439010286 0.4635167107766263 0.33735270011755153 0.2 0.15 0.95 0.15 0.65 0.2 1.0 0.15 0.5 0.7 0.1 0.05 0.05 0.85 0.0 0.25 0.2 0.5 1.0 0.7 0.0 1.0 1.0 0.3 0.2 0.4 0.8 0.85 0.55 0.65 0.55 0.5 0.45 1.0 0.3 0.35 
-0.01034106565288907 0.33268228705350633 0.6010257581325651 0.85 0.1 0.85 0.65 0.4 1.0 0.8 0.9 0.4 0.9 0.65 0.1 0.25 0.85 0.4 0.0 0.1 0.95 0.35 0.55 0.65 0.95 0.45 0.85 0.75 0.3 0.95 0.85 0.95 0.8 1.0 0.4 0.05 0.9 0.4 0.5 
-0.03171236055223757 0.5628601699102382 0.35337502474708316 0.9 0.45 0.5 0.4 0.2 0.9 1.0 0.4 0.7 0.8 0.8 0.05 0.85 0.4 0.7 0.3 0.65 0.1 1.0 0.15 0.25 0.7 0.45 0.4 0.4 0.35 0.65 0.95 0.3 0.55 0.3 0.75 0.85 0.65 0.05 0.5 
-0.026620722592120467 0.412374060206204 0.621632373960592 0.25 0.1 0.05 0.75 0.45 0.1 0.95 0.4 0.65 0.9 0.65 0.1 0.75 0.6 0.1 0.0 0.9 0.05 0.3 0.65 0.4 1.0 0.45 0.8 1.0 0.8 0.95 0.85 0.95 0.7 0.95 0.4 0.15 1.0 0.5 0.5 
-0.0052224672374734955 0.6552860332008127 0.49643393874003133 0.25 0.15 0.35 1.0 0.8 0.8 0.95 0.15 0.4 1.0 0.9 0.45 0.5 0.3 0.6 0.55 0.2 0.25 0.6 0.15 0.3 0.85 0.3 0.45 0.55 0.95 0.65 0.85 0.6 0.45 1.0 0.7 0.35 0.0 0.5 0.65 
-0.008453686101972786 0.6700164816642695 0.5209627048344588 0.25 0.15 0.35 1.0 0.8 0.8 0.45 0.35 0.7 1.0 0.9 0.45 0.5 0.3 0.6 0.25 1.0 0.25 0.45 0.15 0.3 0.85 0.3 0.45 0.75 0.95 0.65 0.85 0.6 0.45 0.65 0.65 0.35 0.0 0.4 0.65 
-0.0399555633100331 0.39842691414539116 0.38655146508197696 0.8 0.15 0.95 0.15 0.05 0.2 1.0 0.15 0.55 0.65 0.1 0.4 0.05 0.85 0.0 0.7 0.2 0.5 1.0 0.05 0.0 1.0 1.0 0.3 0.15 0.4 0.8 0.85 0.55 0.65 0.95 0.5 0.9 1.0 0.3 0.35 
-0.46907869281790876 0.5057310915982671 0.6100832651189574 0.75 0.85 0.3 0.9 0.4 0.4 0.2 0.05 0.8 0.6 0.45 0.6 0.05 0.95 0.25 0.6 0.35 1.0 0.95 0.95 0.75 1.0 0.1 0.35 0.8 0.7 0.25 0.85 0.35 0.85 0.95 0.95 0.85 0.8 1.0 0.65 
-0.04646544519826304 0.3530818079909466 0.6125047687846898 0.9 0.1 0.85 0.15 0.4 0.0 0.95 0.15 0.85 0.9 0.65 0.1 0.45 0.8 0.1 0.55 0.1 0.6 0.75 0.65 0.4 0.8 0.45 0.8 0.9 0.55 0.95 0.95 0.95 0.7 0.7 0.4 0.2 1.0 0.5 0.5 
-0.014788252381740623 0.46444199545701703 0.598654247388805 0.85 0.1 0.85 0.65 0.4 1.0 0.8 0.15 0.4 0.9 0.65 0.1 0.25 0.85 0.4 0.25 0.1 0.6 0.15 0.65 0.45 0.85 0.45 0.85 0.3 0.65 0.0 0.85 0.95 0.8 1.0 0.4 0.2 0.9 0.45 0.5 
-0.026751694427460896 0.6061270801779816 0.6165500907724684 0.75 0.85 0.75 0.35 0.3 0.75 0.7 0.8 0.4 0.8 0.45 0.2 0.0 0.8 0.25 0.6 0.35 0.3 0.95 0.95 0.85 0.9 0.1 0.35 1.0 0.7 0.25 0.2 0.35 0.85 1.0 0.95 0.85 0.8 1.0 0.65 
-0.011659444966666271 0.3943403994058214 0.38019710014050584 0.65 0.65 0.6 0.3 0.15 1.0 0.75 0.75 0.4 0.95 0.85 0.1 0.25 0.85 0.5 0.3 0.2 0.3 0.7 0.7 0.1 1.0 0.8 0.35 0.85 0.65 0.8 0.55 0.2 0.1 0.7 0.35 0.4 0.9 0.4 0.5 
-0.003779775308638798 0.39744618356011463 0.6202732362919462 0.25 0.1 0.85 0.75 0.4 0.05 0.65 0.65 0.85 0.7 0.65 0.1 0.25 0.8 0.1 0.85 0.1 0.6 0.25 0.65 0.4 0.75 0.45 0.85 0.7 0.5 0.7 0.85 0.95 0.7 0.95 0.0 0.2 0.8 0.5 0.5 
-0.002013999914190349 0.36032974849013033 0.6352723480472089 0.25 0.1 0.85 0.75 0.4 0.05 0.65 0.6 0.85 0.9 0.65 0.1 0.25 0.85 0.0 0.0 0.1 0.6 0.25 0.65 0.4 0.75 0.45 0.85 0.9 0.55 0.95 0.85 0.95 0.7 0.85 0.4 0.2 0.9 0.5 0.5 
-0.005274878364910441 0.6731982370665605 0.5603476341867687 1.0 0.15 0.1 0.95 0.95 0.7 1.0 0.35 0.75 0.65 0.9 0.45 0.1 0.3 0.95 0.55 0.5 0.2 1.0 0.2 0.3 0.75 0.3 0.2 0.8 0.8 0.15 0.25 0.6 0.25 0.85 0.65 0.35 0.05 0.9 0.85 
-0.024239558365370742 0.6321882356012701 0.45791627811389374 0.3 0.25 0.35 0.45 0.8 0.35 1.0 0.35 0.55 1.0 0.0 0.45 0.25 0.3 0.6 0.1 0.35 0.35 0.7 0.15 0.85 0.75 0.3 0.45 0.95 0.95 0.6 0.85 0.65 0.5 0.85 0.65 0.35 0.2 0.4 0.6 
-0.0024365600465388864 0.6585288323907049 0.5679607719169432 0.6 0.2 0.8 0.8 0.15 0.7 0.75 0.35 0.75 0.65 0.9 0.5 0.0 0.3 0.95 0.85 0.95 0.6 1.0 0.15 0.3 0.75 0.25 0.2 0.4 0.8 0.6 0.25 0.35 1.0 1.0 0.65 0.35 0.05 0.55 0.85 
-0.004042325109319131 0.5726865272052303 0.6413711748201087 0.75 0.85 0.3 0.9 0.4 0.4 0.35 0.8 0.4 0.6 0.45 0.6 0.05 0.95 0.25 0.6 0.35 0.6 0.95 0.95 0.75 1.0 0.1 0.35 0.8 0.7 0.25 0.25 0.35 0.85 0.95 0.95 0.85 0.8 1.0 0.65 
-0.005332720225180887 0.5884799858766004 0.4031427749584175 0.5 0.5 1.0 0.5 0.6 0.35 0.8 0.45 0.85 0.85 0.7 0.2 0.25 0.5 0.45 0.85 0.8 0.05 0.85 0.55 0.2 0.9 0.8 0.25 0.25 0.65 0.95 0.3 0.6 1.0 0.8 0.2 0.7 0.65 0.3 0.2 
-0.005121691825638486 0.37105813363867113 0.6379637947891277 0.9 0.1 0.5 0.75 0.4 0.3 0.5 0.75 1.0 0.9 0.65 0.1 0.0 0.9 0.8 0.6 0.1 0.6 0.4 0.7 0.4 0.9 0.45 0.75 1.0 0.5 0.95 0.95 0.95 0.7 0.95 0.4 0.2 1.0 0.5 0.5 
-0.024544096116359927 0.5159813947850256 0.6097540715480607 0.75 0.85 0.3 0.9 0.4 0.4 0.2 0.05 0.4 0.6 0.45 0.6 0.05 0.95 0.25 0.6 0.35 1.0 0.95 0.95 0.75 1.0 0.1 0.35 0.85 0.7 0.25 0.85 0.35 0.85 0.95 0.95 0.85 0.8 1.0 0.65 
-0.018696332776246303 0.5495830287619597 0.33824410693434126 0.9 0.3 0.5 0.05 0.75 0.35 1.0 0.4 0.65 0.8 0.8 0.05 0.85 0.8 0.15 0.95 0.65 0.05 1.0 0.15 0.25 0.95 0.45 0.4 0.25 0.7 0.05 1.0 0.3 0.55 0.5 0.75 0.9 0.85 0.05 0.5 
-0.0054349928742818705 0.6393401937896435 0.5721890897735834 0.9 0.1 0.8 1.0 0.35 0.05 0.75 0.35 0.75 1.0 0.9 0.45 0.2 0.3 0.95 0.15 0.1 0.4 1.0 0.15 0.35 0.75 0.3 0.2 0.55 0.9 0.7 0.2 0.85 0.15 0.25 0.65 0.35 0.05 0.05 0.8 
-0.004222293697022636 0.3121158520506886 0.6065808982377144 0.25 0.1 0.85 0.75 0.4 0.2 0.7 0.65 0.75 0.9 0.65 0.1 0.25 0.8 0.95 0.85 0.1 0.6 0.25 0.65 0.3 0.75 0.45 0.85 1.0 0.45 0.75 0.85 0.0 0.7 0.95 0.45 0.2 0.9 0.5 0.5 
-0.009969080379516162 0.5811052307073883 0.3832060319214762 0.9 0.45 0.5 0.4 0.25 0.35 1.0 0.4 0.7 0.8 0.8 0.05 0.85 0.7 0.7 0.3 0.65 0.1 1.0 0.15 0.25 0.7 0.4 0.4 0.4 0.35 0.7 0.95 0.3 0.55 0.45 0.75 0.25 0.65 0.05 0.5 
-0.007523025798986546 0.6694205935843401 0.5751474831149596 1.0 0.15 0.1 0.6 0.5 0.7 0.95 0.35 0.75 0.55 0.9 0.45 0.75 0.3 0.1 0.55 0.1 0.4 1.0 0.15 0.3 0.75 0.3 0.2 0.75 0.95 0.7 0.25 0.6 0.2 1.0 0.65 0.35 0.05 0.15 0.75 
-0.0010893904155928056 0.36194154304530823 0.4524218373896352 0.9 0.0 0.6 0.15 0.45 1.0 0.7 0.75 0.4 1.0 0.85 0.1 0.1 0.85 0.5 0.0 0.8 0.4 0.45 0.35 0.4 0.35 0.8 0.0 0.85 0.65 0.65 0.55 0.5 0.05 0.55 0.75 0.35 1.0 0.4 0.5 
-0.04847322105682518 0.4398051036950629 0.6180227256746452 0.95 0.1 0.85 0.75 0.4 0.05 0.65 0.5 0.85 0.9 0.65 0.1 0.25 0.85 0.4 0.0 0.2 0.6 0.25 0.6 0.4 0.6 0.45 0.85 0.75 0.55 0.95 0.85 0.95 0.7 0.95 0.5 0.2 0.9 0.5 0.5 
-0.0006536377510513048 0.5419096363459219 0.6115422242227915 0.3 0.4 0.15 0.6 0.4 0.4 0.95 0.6 0.95 0.6 0.45 0.1 0.5 0.7 0.4 0.6 0.25 0.6 0.9 0.95 0.75 1.0 0.05 0.25 1.0 0.1 0.6 0.5 0.35 0.75 1.0 0.95 0.9 0.7 0.95 0.65 
-0.04899858944958028 0.6794384679378446 0.5990505004426026 0.7 0.05 0.55 0.25 0.95 0.35 0.9 0.35 0.4 0.8 0.9 0.45 0.25 0.85 0.25 0.55 0.55 0.25 0.9 0.2 0.7 0.75 0.3 0.4 1.0 0.95 0.25 0.55 0.6 0.5 0.85 0.65 0.35 0.8 0.45 0.45 
-0.017456066813679557 0.6699204881107953 0.5961262638183835 0.9 0.1 0.05 1.0 0.35 0.65 0.95 0.35 0.85 1.0 0.9 0.45 0.2 0.3 0.6 0.15 0.25 0.4 1.0 0.15 0.35 0.75 0.3 0.2 0.5 0.9 0.7 0.2 0.85 0.1 1.0 0.65 0.35 0.05 0.5 1.0 
-0.007142630018199858 0.3177183723863596 0.6316226185162226 0.25 0.1 0.85 0.75 0.4 0.05 0.45 0.65 0.85 0.95 0.65 0.1 0.25 0.8 0.1 0.85 0.1 0.6 0.25 0.65 0.4 0.75 0.45 0.85 0.6 0.5 0.95 0.85 0.95 0.7 0.95 0.45 0.2 0.9 0.5 0.5 
-0.03850373148939406 0.3409076446678724 0.4201350720042919 0.75 0.0 0.65 1.0 0.15 1.0 0.9 0.75 0.4 0.95 0.85 0.1 0.25 0.85 0.5 0.0 0.2 0.0 0.65 0.35 0.2 0.25 0.8 0.35 0.75 0.65 0.75 0.55 0.2 0.1 0.7 0.5 0.4 0.9 0.4 0.5 
-0.009199748629299703 0.5651594668832458 0.36381754987300885 0.9 0.15 0.7 0.05 0.0 0.2 1.0 0.4 0.7 0.65 0.8 0.05 0.85 0.45 0.95 0.3 0.6 0.1 0.7 0.15 0.25 0.95 0.45 0.4 0.4 0.9 0.3 0.9 0.3 0.55 0.05 0.65 0.25 0.65 1.0 0.5 
-0.0031010489202608614 0.4558816184668688 0.3450919672787257 0.2 0.15 0.95 0.15 0.65 0.2 1.0 0.15 0.5 0.7 0.1 0.05 0.05 0.85 0.0 0.25 0.2 0.55 1.0 0.7 0.0 1.0 1.0 0.3 0.2 0.4 0.8 0.85 0.55 0.65 0.55 0.5 0.45 0.85 0.3 0.35 
-0.032770482684200075 0.551890231691951 0.6613161867995114 0.0 0.85 0.85 0.1 0.4 0.4 0.35 0.8 0.35 0.6 0.4 0.4 0.95 0.8 0.4 0.6 0.25 0.6 0.95 0.95 0.75 1.0 0.05 0.25 1.0 0.1 0.6 0.5 0.35 0.75 0.85 0.95 0.9 0.75 0.95 0.65 
-0.03974743976623315 0.6229118725190377 0.6096801185279999 0.3 0.85 1.0 0.8 0.8 0.4 0.9 0.85 0.4 0.85 0.55 0.4 0.1 0.05 1.0 0.6 0.95 0.15 0.95 0.95 0.8 1.0 0.05 0.25 0.85 0.1 0.6 0.1 0.35 0.75 1.0 0.95 0.85 0.75 0.95 0.65 
-0.006273833053416424 0.6153508594882086 0.4169955942638029 0.6 0.15 0.65 1.0 0.8 0.8 0.95 0.3 0.75 0.95 0.9 0.45 0.2 0.3 0.95 0.55 0.1 0.4 0.9 0.75 1.0 0.9 0.3 0.45 0.2 0.8 0.7 0.5 0.6 0.5 1.0 0.6 0.9 0.05 0.5 0.2 
-0.050684701910274556 0.6562254181741207 0.5954096291361339 0.9 0.1 0.8 1.0 0.35 0.05 0.75 0.35 0.75 1.0 0.9 0.45 0.2 0.3 0.95 0.15 0.1 0.4 1.0 0.15 0.35 0.75 0.3 0.2 0.55 0.9 0.7 0.2 0.85 0.15 0.85 0.65 0.35 0.05 0.05 0.8 
-0.0009323880578764566 0.6081224029927552 0.39900904810375293 0.3 0.45 0.5 0.4 0.2 0.35 0.8 0.4 0.7 0.8 0.8 0.05 0.85 0.45 0.7 0.3 0.15 0.1 1.0 0.15 0.25 0.7 0.45 0.4 0.4 0.35 0.7 0.55 0.3 0.55 0.45 0.75 0.3 0.55 0.05 0.5 
-0.01610658029885682 0.592652413039627 0.6431174459248652 0.3 0.85 0.85 0.1 0.2 0.4 0.85 0.8 0.4 0.65 0.55 0.65 1.0 0.8 0.4 0.4 0.5 0.6 0.9 0.95 0.75 1.0 0.05 0.25 1.0 0.1 0.6 0.5 0.35 0.75 1.0 0.95 0.9 0.75 0.95 0.65 
-0.002015982140814435 0.5421190151623191 0.6395223065796508 0.4 0.2 0.2 0.45 0.3 0.4 1.0 0.8 0.4 0.6 0.45 0.6 0.1 0.9 0.15 0.55 0.2 0.6 0.9 1.0 0.75 1.0 0.05 0.45 1.0 0.1 0.6 0.3 0.35 0.85 0.7 0.95 0.85 0.75 1.0 0.65 
-0.07094614742536968 0.3189532176108224 0.5850504391396298 0.25 0.1 0.6 0.75 0.05 0.05 0.65 0.8 0.35 0.9 0.65 0.1 0.25 0.5 0.1 0.2 0.95 0.6 0.8 0.65 0.4 0.75 0.45 0.85 1.0 0.4 0.55 0.85 0.95 0.7 0.95 0.6 0.2 0.9 0.5 0.5 
-0.00606549497387136 0.3548056738464215 0.6711205012548616 0.9 0.1 0.5 0.75 0.4 0.3 0.5 0.4 1.0 0.9 0.65 0.1 0.0 0.9 0.8 0.6 0.1 0.6 0.4 0.7 0.4 0.9 0.45 0.8 1.0 0.5 0.95 0.95 0.95 0.7 0.95 0.4 0.2 1.0 0.5 0.5 
-0.00515599948962078 0.5005791023467371 0.6244095935247249 0.3 0.85 0.45 0.8 0.4 0.4 0.9 0.8 0.4 0.9 0.55 0.4 0.1 0.8 0.4 0.6 0.25 0.15 0.95 0.95 0.75 1.0 0.75 0.25 1.0 0.1 0.6 0.25 0.35 0.75 1.0 0.95 0.85 0.75 0.95 0.65 
-0.0031674971212717383 0.30536107525038303 0.5187533060693089 0.45 0.1 0.3 0.75 0.05 0.0 0.95 0.65 0.35 0.9 0.65 0.1 0.25 0.8 0.7 0.85 0.95 0.95 0.75 0.65 0.4 0.75 0.45 0.85 1.0 0.45 0.6 0.85 0.95 0.7 0.85 0.4 0.2 0.9 0.5 0.7 
-0.026470967999070134 0.2964633883118082 0.5696880397925917 0.25 0.75 0.85 0.75 0.4 0.05 0.65 0.65 0.35 0.8 0.65 0.1 0.1 0.8 0.1 0.85 0.95 0.6 0.8 0.65 0.4 0.7 0.45 0.85 1.0 0.45 0.6 0.85 0.95 0.7 0.95 0.4 0.15 0.9 0.5 0.5 
-0.005475468860270177 0.32834334460265624 0.4293116125184052 0.75 0.0 0.65 1.0 0.15 1.0 0.9 0.75 0.4 0.95 0.85 0.1 0.25 0.85 0.5 0.0 0.2 0.0 0.65 0.35 0.2 0.25 0.8 0.35 0.75 0.65 0.75 0.55 0.25 0.1 0.85 0.4 0.1 0.9 0.4 0.5 
-0.05283622040236576 0.32769852808099464 0.48440790071705414 0.9 0.0 0.6 0.15 0.45 1.0 0.7 0.75 0.4 1.0 0.85 0.1 0.1 0.85 0.5 0.0 0.8 0.4 0.9 0.35 0.4 0.35 0.8 0.0 0.85 0.65 0.65 0.55 0.5 0.05 0.55 0.75 0.35 1.0 0.4 0.5 
-0.009855479988513686 0.32296797599769034 0.46386443956160284 0.05 0.0 0.6 0.0 0.45 0.45 0.9 0.75 0.4 1.0 0.85 0.1 0.1 0.85 0.3 0.35 0.8 0.4 0.25 0.35 0.4 0.35 0.8 0.35 0.7 0.65 0.65 0.55 0.5 0.05 0.55 0.75 0.55 1.0 0.4 0.5 
-0.035444777680584426 0.32043542239419 0.5372572935848946 0.45 0.1 0.3 0.75 0.05 0.05 0.65 0.65 0.35 0.9 0.65 0.1 0.25 0.8 0.1 0.85 0.95 0.95 0.75 0.65 0.4 0.75 0.45 0.85 1.0 0.45 0.6 0.85 0.95 0.7 0.85 0.4 0.2 0.9 0.5 0.7 
-0.10338171462963322 0.6706566226758721 0.6024778104117913 1.0 0.15 0.5 0.6 0.5 0.7 0.6 0.4 0.75 0.55 0.9 0.45 0.35 0.3 0.1 0.55 0.1 0.4 1.0 0.15 0.3 0.75 0.3 0.2 0.7 0.95 0.7 0.25 0.3 0.2 1.0 0.65 0.35 0.05 0.15 0.75 
-0.0010926568306841669 0.3662507224174504 0.39791470840482035 0.85 0.95 0.8 0.65 0.9 0.4 1.0 0.85 0.4 0.75 0.95 0.15 0.25 0.85 0.55 0.0 0.0 0.75 0.75 0.4 0.7 0.15 0.15 0.2 0.9 0.65 0.55 0.2 0.95 0.1 0.1 0.85 0.8 0.9 0.5 0.45 
-0.026567277719218237 0.3470027165497772 0.460632042108163 0.85 0.2 0.8 0.65 0.15 1.0 1.0 0.75 0.4 0.75 0.95 0.15 0.25 0.4 0.55 0.0 0.0 0.15 0.75 0.4 0.65 0.95 0.75 0.2 0.9 0.65 0.55 0.2 0.95 0.1 0.2 0.35 0.05 0.9 0.5 0.45 
-0.9981136302633191 0.679264790718876 0.6417961630895613 0.35 0.75 0.7 0.0 0.8 0.3 1.0 0.35 0.35 1.0 0.9 0.45 0.25 0.5 0.45 0.75 0.25 0.25 1.0 0.15 0.45 0.85 0.3 0.4 1.0 0.95 0.15 0.7 0.6 0.5 1.0 0.65 0.35 0.8 0.85 0.95 
-0.009130646973281293 0.316469781483967 0.6393428198734049 0.25 0.1 0.3 0.5 0.4 0.05 0.65 0.65 0.65 0.9 0.65 0.1 0.6 0.8 0.1 0.85 0.1 0.6 0.25 0.65 0.4 0.75 0.45 0.85 1.0 0.4 0.95 0.85 0.95 0.7 0.95 0.45 0.2 0.9 0.5 0.5 
-0.031504953721891424 0.3288945397714952 0.5727876623465622 0.25 0.1 0.6 0.75 0.05 0.05 0.65 0.8 0.35 0.9 0.65 0.1 0.25 0.8 0.1 0.2 0.95 0.6 0.8 0.65 0.4 0.75 0.45 0.85 1.0 0.45 0.6 0.85 0.95 0.7 0.95 0.6 0.2 0.9 0.5 0.5 
-0.05144478347043467 0.38460636339542875 0.36309399227097305 0.65 0.65 0.6 1.0 0.7 1.0 0.75 0.75 0.4 0.95 0.85 0.1 0.25 0.85 0.5 0.3 0.2 0.3 0.65 0.75 0.1 1.0 0.8 0.35 0.85 0.65 0.8 0.55 0.2 0.1 0.7 0.4 0.4 0.9 0.4 0.5 
-0.03673246846838434 0.4078246578095138 0.6284289768145775 0.25 0.1 0.85 0.75 0.4 0.1 0.95 0.4 0.65 0.9 0.65 0.1 0.75 0.6 0.1 0.0 0.9 0.6 0.3 0.65 0.4 1.0 0.45 0.8 1.0 0.55 0.95 0.85 0.95 0.7 0.95 0.4 0.2 1.0 0.5 0.5 
-0.015947007965634676 0.6612617245435899 0.4483289623411065 1.0 0.15 0.65 1.0 0.8 0.25 1.0 0.35 0.5 0.9 0.9 0.45 0.2 0.3 0.95 0.55 0.1 0.4 0.85 0.15 0.3 0.65 0.3 0.45 0.15 0.8 0.0 1.0 0.6 0.5 1.0 0.85 0.9 0.05 1.0 0.85 
-0.08065401677718424 0.6962365055666248 0.5972230457260425 0.25 0.75 0.7 0.0 0.8 0.3 1.0 0.35 0.75 1.0 0.9 0.45 0.25 0.3 0.45 0.75 0.25 0.25 1.0 0.15 0.45 0.85 0.3 0.4 1.0 0.95 0.15 0.7 0.6 0.5 0.65 0.65 0.35 0.8 0.0 0.95 
-0.016808239557238674 0.5114042252336298 0.6459821388899929 0.3 0.85 0.85 0.1 0.4 0.4 0.45 0.8 0.9 0.6 0.45 0.65 0.7 0.8 0.4 0.6 0.95 0.6 1.0 0.95 0.75 1.0 0.05 0.25 1.0 0.1 0.6 0.5 0.35 0.75 1.0 0.95 0.9 0.75 0.95 0.65 
-0.006266806625040891 0.31511531159660555 0.48511469481669767 0.15 0.5 0.0 0.05 0.9 0.4 1.0 0.75 0.3 0.8 0.95 0.15 0.25 0.85 0.7 0.9 0.0 1.0 0.75 0.4 0.65 0.15 0.75 0.2 0.8 0.65 0.55 0.2 0.95 0.35 1.0 0.85 0.3 0.85 0.5 0.45 
-0.14425176435520137 0.6110134160634214 0.6716453031215529 0.3 0.85 0.0 0.8 0.4 0.4 0.9 0.8 0.4 0.85 0.55 0.4 0.1 0.8 0.4 0.6 0.65 0.9 0.95 0.95 0.75 1.0 0.05 0.25 0.75 0.1 0.6 0.25 0.35 0.75 1.0 0.95 0.85 0.75 0.95 0.65 
-0.0006255790078728674 0.6641191810542458 0.4787867234905057 0.25 0.6 0.7 1.0 0.7 0.9 1.0 0.35 0.75 1.0 0.9 0.45 0.6 0.3 0.6 1.0 0.55 0.25 0.1 0.15 0.45 0.75 0.3 0.4 1.0 0.95 0.45 0.75 0.6 0.5 1.0 0.65 0.35 0.1 0.5 0.6 
-0.007391565650223779 0.6581749634262151 0.6146289124217672 1.0 0.15 0.1 0.6 0.5 0.7 0.6 0.4 0.75 0.55 0.9 0.45 0.05 0.3 0.1 0.55 0.1 0.4 1.0 0.15 0.3 0.75 0.3 0.2 0.75 0.95 0.7 0.25 0.6 0.2 1.0 0.65 0.35 0.05 0.15 0.75 
-0.02957705081758578 0.7050238389580169 0.6081110806786318 0.25 0.75 0.7 0.0 0.8 0.3 0.95 0.35 0.75 1.0 0.9 0.45 0.25 0.3 0.45 0.75 0.25 0.25 1.0 0.15 0.45 0.85 0.3 0.4 1.0 0.95 0.15 0.7 0.6 0.5 0.65 0.65 0.35 0.8 0.0 1.0 
-0.01257440373577909 0.6085237736654011 0.6417644606515449 0.3 0.85 0.85 0.1 0.4 0.4 1.0 0.8 0.4 0.65 0.55 0.65 1.0 0.8 0.4 0.4 0.5 0.6 0.9 0.95 0.75 1.0 0.05 0.25 1.0 0.1 0.6 0.5 0.35 0.75 1.0 0.95 0.9 0.75 0.95 0.65 
-0.0031219886186440284 0.3721354968720421 0.37304022543983406 0.85 0.65 0.6 1.0 0.15 1.0 0.75 0.75 0.4 0.95 0.85 0.1 0.25 0.85 0.5 0.25 0.2 0.3 0.9 0.65 0.1 1.0 0.8 0.35 0.85 0.65 0.8 0.55 0.2 0.1 0.75 0.4 0.4 0.9 0.4 0.5 
-0.0024197240524150452 0.6759716106942549 0.5445922947158865 1.0 0.1 0.65 1.0 0.15 0.7 0.95 0.35 0.75 0.9 0.9 0.45 0.9 0.3 0.55 0.55 0.1 0.4 1.0 0.6 0.1 0.75 0.3 0.2 0.85 0.9 0.7 0.25 0.6 0.5 1.0 0.65 0.35 0.05 0.2 0.85 
-0.0339512941618609 0.5881086201411508 0.35200909799189184 0.9 0.45 0.5 0.4 0.2 0.35 1.0 0.4 0.7 0.8 0.8 0.05 0.85 0.45 0.7 0.3 0.65 0.1 1.0 0.15 0.25 0.7 0.45 0.4 0.45 0.35 0.7 0.95 0.35 0.55 0.45 0.75 0.85 0.7 0.05 0.5 
-0.06402275092882535 0.6127809268294901 0.3702628457471955 0.9 0.45 0.5 0.4 0.2 0.35 0.9 0.4 0.7 0.8 0.9 0.05 0.85 0.45 0.7 0.2 0.65 0.1 1.0 0.15 0.25 0.7 0.45 0.4 0.35 0.35 0.7 0.95 0.3 0.55 0.45 0.75 0.85 0.65 0.05 0.5 
-0.0008685635309087425 0.6656694526945826 0.4756483256996114 0.25 0.6 0.85 1.0 0.7 0.9 1.0 0.35 0.75 1.0 0.9 0.45 0.6 0.3 0.6 1.0 0.55 0.25 0.1 0.15 0.4 0.75 0.3 0.4 1.0 0.95 0.45 0.75 0.6 0.5 1.0 0.65 0.35 0.1 0.5 0.6 
-0.06204174863426816 0.6722795001905378 0.5184673063779462 0.35 0.1 0.65 0.35 0.75 0.7 0.85 0.35 0.75 0.9 0.9 0.45 0.05 0.3 0.55 0.55 0.35 0.4 1.0 0.6 0.1 0.75 0.3 0.2 0.4 0.65 0.65 0.45 0.65 0.5 0.9 0.65 0.35 0.2 0.05 0.85 
-0.019518812201490352 0.6887461503261595 0.49539757475526514 0.6 0.15 0.35 1.0 0.8 0.8 1.0 0.35 0.75 1.0 0.9 0.45 0.25 0.3 0.6 0.55 0.55 0.95 0.8 0.15 0.3 0.75 0.3 0.45 0.4 0.95 0.7 0.25 0.6 0.2 1.0 0.65 0.35 0.05 0.2 0.6 
-0.05257635371998784 0.6973754800219454 0.5246607008729501 0.55 0.55 0.55 0.4 0.8 0.9 0.85 0.35 0.75 0.95 0.9 0.45 0.25 0.3 0.9 0.55 0.55 0.25 0.9 0.15 0.5 0.75 0.3 0.45 0.3 0.65 0.45 0.75 0.6 0.5 0.75 0.65 0.35 0.65 0.5 0.65 
-0.020383189863305656 0.3856069674441587 0.6583631716640685 0.25 0.1 0.85 0.75 0.4 0.05 0.65 0.65 0.85 0.95 0.65 0.1 0.25 0.8 0.1 0.85 0.1 0.6 0.25 0.65 0.4 0.75 0.45 0.85 0.7 0.5 0.95 0.85 0.95 0.7 0.95 0.0 0.2 0.8 0.5 0.5 
-0.000338235552046737 0.30323610566099257 0.44096191610142765 0.8 0.0 0.6 0.45 0.45 1.0 1.0 0.75 0.3 0.95 0.85 0.1 0.1 0.85 0.0 0.1 0.2 0.4 0.65 0.35 0.4 0.95 0.8 0.35 0.85 0.65 0.65 0.6 0.2 0.1 0.55 0.7 0.1 0.9 0.4 0.5 
-0.017116419436980737 0.3378673559280533 0.4114494808832446 0.85 0.95 0.8 0.1 0.4 1.0 1.0 0.8 0.4 0.75 0.95 0.15 0.25 0.85 0.55 0.0 0.65 0.45 0.75 0.4 0.7 0.15 0.75 0.2 0.7 0.65 0.55 0.2 0.95 0.15 0.05 0.0 0.95 0.9 0.5 0.45 
-0.17139601113313138 0.6517010064777051 0.6432474055897425 0.6 0.85 1.0 0.8 0.7 0.4 1.0 0.85 0.4 0.85 0.55 0.3 0.1 0.8 0.8 0.45 0.95 0.15 0.8 0.95 0.7 0.85 0.05 0.25 0.85 0.1 0.6 0.25 0.35 0.75 1.0 0.95 0.85 0.75 0.95 0.65 
-0.007609989742409682 0.6042887651695208 0.6693834098770499 1.0 0.85 0.45 0.8 0.4 0.4 0.9 0.8 0.4 0.85 0.55 0.4 0.1 0.8 0.4 0.6 0.25 0.15 0.95 0.95 0.75 1.0 0.05 0.25 0.95 0.1 0.6 0.25 0.35 0.75 1.0 0.95 0.85 0.75 0.95 0.65 
-0.14387023600295717 0.6889136243774242 0.6103696700157708 0.25 0.75 0.7 0.0 0.8 0.3 1.0 0.35 0.75 1.0 0.9 0.45 0.25 0.3 0.45 0.75 0.25 0.25 1.0 0.15 0.45 0.85 0.3 0.4 1.0 0.95 0.25 0.7 0.6 0.5 0.65 0.65 0.35 0.8 0.0 0.95 
-0.05676515573715997 0.706910443593633 0.5760880618814056 0.7 0.6 0.6 1.0 0.8 0.9 1.0 0.35 0.4 0.65 0.9 0.45 0.3 0.85 0.6 0.55 0.55 0.25 0.9 0.15 0.45 0.75 0.3 0.4 1.0 0.95 0.25 0.75 0.6 0.5 1.0 0.65 0.35 0.05 0.45 1.0 
-0.004938285888719287 0.27081111738990304 0.48107646045040037 0.8 0.9 0.6 0.55 0.45 1.0 0.95 0.75 0.4 0.95 0.85 0.1 0.05 0.85 0.5 0.0 0.2 0.4 0.95 0.3 0.4 0.95 0.9 0.35 0.75 0.65 0.65 0.6 0.2 0.1 0.8 0.7 0.1 0.95 0.4 0.5 
-0.016745147947615335 0.3138108469885954 0.46534856631836535 0.05 0.0 0.85 0.15 0.45 1.0 0.9 0.8 0.4 0.8 0.85 0.1 0.1 0.85 0.5 0.6 0.2 0.4 0.9 0.35 0.4 0.45 0.8 0.35 0.75 0.65 0.65 0.55 0.5 0.05 0.4 0.7 0.35 0.9 0.4 0.5 
-0.096396447150681 0.333810617751247 0.6468075911031214 0.25 0.1 0.85 0.75 0.4 0.05 0.65 0.65 0.75 0.9 0.65 0.1 0.85 0.8 0.1 0.2 0.1 0.6 0.25 0.65 0.6 0.75 0.45 0.85 1.0 0.45 0.75 0.85 0.95 0.7 0.95 0.45 0.2 0.9 0.5 0.5 
-0.15557315209448017 0.5890388080954125 0.6777443729401565 0.3 0.85 0.85 0.1 0.4 0.15 1.0 0.8 0.4 0.6 0.4 0.4 0.3 0.8 0.8 0.6 0.25 0.6 0.95 0.95 0.75 1.0 0.05 0.25 1.0 0.1 0.6 0.45 0.35 0.75 1.0 0.95 0.9 0.75 0.95 0.65 
-2.1103930611372405e-05 0.5829157055632074 0.674856812842253 0.3 1.0 0.85 0.1 0.4 0.15 0.9 0.8 0.4 0.6 0.4 0.4 0.3 0.8 0.25 0.6 0.25 0.6 0.95 0.95 0.75 1.0 0.05 0.25 1.0 0.1 0.6 0.45 0.35 0.75 1.0 0.95 0.9 0.75 0.95 0.65 
-0.021153527135103146 0.6246196970085989 0.6437098960675529 0.3 0.85 1.0 0.8 0.7 0.75 0.9 0.85 0.4 0.85 0.55 0.4 0.1 0.8 0.8 0.6 0.95 0.15 0.9 0.95 0.8 1.0 0.05 0.25 0.85 0.1 0.6 0.4 0.35 0.75 1.0 0.95 0.85 0.75 0.95 0.65 
-0.05589089995778427 0.35827148270005543 0.6717971816983981 0.9 0.1 0.85 0.75 0.4 0.3 0.6 0.4 0.85 0.9 0.65 0.1 0.0 0.85 0.8 0.6 0.1 0.6 0.4 0.7 0.4 0.75 0.45 0.8 1.0 0.5 0.95 0.95 0.95 0.7 0.95 0.4 0.2 1.0 0.5 0.5 
-0.016122161474426484 0.4707314840855355 0.6214640583051612 0.5 0.1 0.85 0.75 0.4 0.05 1.0 0.5 0.85 0.95 0.65 0.1 0.25 0.8 0.4 0.15 0.2 0.9 0.3 0.6 0.4 0.6 0.45 0.85 0.75 0.8 0.95 0.8 0.95 0.7 0.95 0.5 0.3 0.9 0.5 0.5 
-0.11167496372866309 0.6254316660434605 0.660059632147072 0.3 0.85 0.0 0.8 0.4 0.4 0.9 0.85 0.4 0.85 0.55 0.4 0.1 0.8 0.4 0.6 0.65 0.9 0.95 0.95 0.75 1.0 0.05 0.25 0.75 0.1 0.6 0.25 0.35 0.75 1.0 0.95 0.85 0.75 0.95 0.65 
-0.04208880713282186 0.41832111664336624 0.3609195099000625 0.75 0.65 0.6 0.05 0.15 1.0 0.9 0.75 0.4 0.95 0.85 0.1 0.25 0.85 0.5 0.0 0.2 0.3 0.7 0.65 0.0 1.0 0.8 0.35 0.9 0.65 0.75 0.55 0.2 0.05 0.8 0.4 0.4 0.9 0.4 0.5 
-0.020322601217595118 0.2897980875209826 0.4992225773948311 0.55 0.0 0.6 0.6 0.45 1.0 0.9 0.75 0.4 0.95 0.85 0.1 0.1 0.55 0.5 0.0 0.2 0.4 0.9 0.35 0.4 0.7 0.8 0.35 0.75 0.65 0.65 0.55 0.5 0.1 0.65 0.7 0.1 0.9 0.4 0.5 
-0.02606806553981352 0.39527103235820804 0.6425359880185513 0.35 0.1 0.85 0.75 0.4 0.05 0.65 0.35 0.85 0.95 0.65 0.1 0.25 0.8 0.1 0.85 0.1 0.6 0.25 0.65 0.4 0.75 0.5 0.85 0.7 0.5 0.95 0.85 0.95 0.7 0.95 0.0 0.2 0.8 0.5 0.5 
-0.06803052884517753 0.35490230155274455 0.6837907749058371 0.9 0.1 0.5 0.75 0.4 0.3 0.6 0.4 0.85 0.95 0.65 0.1 0.0 0.85 0.8 0.6 0.1 0.6 0.4 0.7 0.4 0.9 0.45 0.8 1.0 0.5 0.95 0.95 0.95 0.7 0.95 0.4 0.25 1.0 0.5 0.5 
-0.006850214161650826 0.7075702127470825 0.5152726726959357 0.55 0.35 0.05 0.4 0.8 0.9 1.0 0.35 0.75 0.95 0.9 0.45 0.25 0.3 0.7 0.55 0.55 0.25 0.9 0.15 0.5 0.75 0.3 0.45 0.3 0.65 0.45 0.75 0.6 0.5 0.65 0.65 0.35 0.65 0.5 0.65 
-0.04839757637272999 0.6985490155225704 0.48749197134550254 0.25 0.2 0.35 0.5 0.5 0.8 1.0 0.35 0.45 1.0 0.9 0.45 0.5 0.3 0.6 0.55 0.55 0.2 0.6 0.15 0.45 0.85 0.3 0.45 0.55 0.95 0.4 0.85 0.6 0.45 1.0 0.65 0.35 0.05 0.5 0.5 
-0.002994836913563423 0.6162279549150851 0.40807362780618955 0.45 0.8 0.0 1.0 0.8 0.0 0.95 0.3 0.75 0.95 0.9 0.45 0.2 0.3 0.8 0.55 0.7 0.4 0.75 0.75 0.25 0.8 0.3 0.45 0.4 0.8 0.1 0.75 0.6 0.5 0.9 0.0 0.9 0.1 0.75 0.75 
-1.757280877923562 0.658759133689898 0.6533021886599191 0.35 0.75 0.7 0.0 0.8 0.3 1.0 0.35 0.35 1.0 0.9 0.45 0.25 0.3 0.45 0.75 0.25 0.25 1.0 0.15 0.45 0.85 0.3 0.4 1.0 0.95 0.15 0.7 0.6 0.5 1.0 0.65 0.35 0.8 0.7 0.95 
-0.10110492257750567 0.6226093976028982 0.3827767440968986 0.9 0.45 0.7 0.05 0.2 0.35 1.0 0.4 0.7 0.65 0.8 0.05 0.85 0.45 0.95 0.3 0.45 0.1 0.9 0.15 0.25 0.95 0.45 0.4 0.4 0.9 0.3 0.85 0.3 0.55 0.35 0.65 0.25 0.65 1.0 0.5 
-0.023057427854696135 0.6191063038791136 0.41403692707299283 0.6 0.15 0.65 1.0 0.8 0.25 0.95 0.3 0.75 0.95 0.9 0.45 0.2 0.3 0.95 0.55 0.1 0.4 0.9 0.75 1.0 0.95 0.3 0.45 0.2 0.8 0.7 0.5 0.6 0.5 1.0 0.65 0.9 0.05 0.5 0.2 
-0.049670199151497604 0.3501456860208154 0.6714938917471097 0.9 0.1 0.5 0.75 0.4 0.3 0.6 0.65 0.85 0.9 0.65 0.1 0.0 0.85 0.8 0.6 0.1 0.6 0.4 0.7 0.4 0.9 0.45 0.8 1.0 0.5 0.95 0.95 0.95 0.7 0.95 0.4 0.25 1.0 0.5 0.5 
-0.05358108471991756 0.3019084000315311 0.6250821072819336 0.25 0.1 0.85 0.75 0.4 0.05 0.65 0.65 0.85 0.95 0.65 0.1 0.25 0.8 0.1 0.85 0.1 0.6 0.25 0.65 0.4 0.75 0.45 0.85 0.6 0.5 0.95 0.85 0.95 0.7 0.95 0.4 0.2 0.9 0.5 0.5 
-0.04124964973497623 0.34516525474168536 0.38081078631647874 0.85 0.65 0.6 1.0 0.15 1.0 0.75 0.75 0.4 0.95 0.85 0.1 0.25 0.85 0.5 0.35 0.2 0.3 0.45 0.3 0.15 1.0 0.8 0.35 0.9 0.65 0.75 0.55 0.2 0.1 0.75 0.4 0.4 0.9 0.4 0.5 
-0.005144646028199856 0.6926962736466433 0.47851730130159503 0.25 0.15 0.35 0.5 0.8 0.8 1.0 0.35 0.75 1.0 0.9 0.45 0.95 0.3 0.6 0.55 0.55 0.15 0.9 0.95 0.3 0.85 0.3 0.65 0.6 0.95 0.35 0.85 0.6 0.45 1.0 0.65 0.35 0.05 0.4 0.1 
-0.009801164585036904 0.2921291716590637 0.578380128227281 0.25 0.75 0.85 0.75 0.4 0.05 0.65 0.65 0.35 0.9 0.65 0.1 0.95 0.8 0.1 0.85 0.95 0.6 0.8 0.65 0.4 0.75 0.45 0.85 1.0 0.45 0.6 0.85 0.95 0.7 0.95 0.4 0.2 0.9 0.5 0.5 
-0.054621015459229434 0.6966528992039461 0.4474912764625269 0.3 0.45 0.35 1.0 0.8 0.8 1.0 0.35 0.75 1.0 0.9 0.45 0.5 0.8 0.35 0.55 0.2 0.8 0.3 0.15 0.3 0.95 0.3 0.45 0.55 0.95 0.45 0.85 0.6 0.45 1.0 0.65 0.35 0.1 0.65 0.1 
-0.020764543028417518 0.28442326578533395 0.5722413649158359 0.2 0.75 0.85 0.75 0.35 0.05 0.65 0.65 0.35 0.95 0.65 0.1 0.95 0.8 0.1 0.85 0.95 0.6 0.8 0.65 0.4 0.75 0.45 0.85 1.0 0.45 0.6 0.85 0.95 0.7 0.95 0.4 0.2 0.9 0.5 0.5 
-0.00811335548915019 0.6559472801490038 0.4258186160166203 0.6 0.65 0.65 1.0 0.8 0.25 1.0 0.35 0.75 0.9 0.9 0.45 0.2 0.85 0.95 0.55 0.1 0.25 0.95 0.15 0.3 0.75 0.3 0.45 0.15 0.8 0.85 1.0 0.6 0.5 1.0 0.65 0.9 0.05 0.0 0.85 
-0.07830777629310307 0.287671302652179 0.5732229377200592 0.25 0.75 0.85 0.75 0.4 0.05 0.65 0.65 0.35 0.9 0.65 0.1 0.95 0.8 0.1 0.85 0.95 0.6 0.8 0.65 0.4 0.75 0.45 0.85 1.0 0.45 0.6 0.85 0.95 0.7 0.95 0.4 0.15 0.9 0.5 0.5 
-0.022187129541455856 0.27531624317908643 0.5155475042930716 0.55 0.0 0.6 0.6 0.45 1.0 0.9 0.75 0.4 0.95 0.85 0.1 0.1 0.85 0.5 0.85 0.2 0.4 0.9 0.35 0.4 0.5 0.8 0.35 0.75 0.65 0.65 0.55 0.5 0.1 0.65 0.7 0.25 0.9 0.4 0.5 
-0.00021844095313984868 0.7184130426569976 0.45808663968188335 0.25 0.15 0.35 0.5 0.8 0.8 1.0 0.35 0.75 1.0 0.9 0.45 0.5 0.3 0.6 0.55 0.75 0.2 0.9 0.15 0.3 0.85 0.3 0.45 0.55 0.95 0.45 0.85 0.6 0.45 1.0 0.65 0.35 0.05 0.5 0.8 
-0.22793878897483913 0.2890904355511481 0.5479546531339474 0.05 0.0 0.6 0.15 0.45 1.0 0.9 0.75 0.4 0.8 0.85 0.1 0.1 0.85 0.5 0.6 0.2 0.4 0.9 0.35 0.4 0.45 0.8 0.35 0.75 0.65 0.65 0.55 0.5 0.45 0.65 0.7 0.35 0.9 0.4 0.5 
-0.047568435441359656 0.5052942653265595 0.6622230676583104 0.3 0.85 0.85 0.1 0.4 0.4 1.0 0.8 0.4 0.65 0.45 0.65 1.0 0.8 0.4 0.4 0.5 0.6 0.9 0.95 0.75 1.0 0.05 0.25 1.0 0.1 0.6 0.5 0.35 0.75 0.95 0.95 0.9 0.75 0.95 0.65 
-0.006711151004962623 0.676692432374806 0.43220208362515505 0.6 0.95 0.35 0.6 0.1 0.8 1.0 0.35 0.75 0.95 0.9 0.45 0.25 0.3 0.6 0.55 0.55 0.4 0.8 0.15 0.3 1.0 0.25 0.45 0.45 0.95 0.7 0.25 0.6 0.5 0.8 0.65 0.35 0.05 0.5 0.85 
-0.32912289447819887 0.4926137906900406 0.6391445498655169 0.45 1.0 0.9 0.75 0.4 0.1 0.75 0.45 0.7 0.95 0.8 0.0 0.8 0.65 0.1 1.0 0.15 0.6 1.0 0.55 0.25 0.75 0.5 0.85 0.95 0.05 0.95 1.0 0.95 0.7 0.95 0.0 0.35 0.8 0.6 0.5 
-0.8010338674995814 0.4195879819618158 0.3468198153971773 0.75 0.0 0.5 1.0 0.15 1.0 0.9 0.75 0.4 0.95 0.85 0.1 0.25 0.85 0.5 0.0 0.3 0.0 0.65 0.65 0.2 1.0 0.8 0.35 0.75 0.65 0.75 0.55 0.2 0.1 0.7 0.4 0.4 0.9 0.4 0.5 
-2.0575488241035584 0.5443212555791273 0.6660742029753512 0.3 0.85 0.85 0.1 0.4 0.4 0.5 0.8 0.3 0.75 0.55 0.4 0.3 0.8 0.85 0.6 0.15 0.6 0.95 0.95 0.75 1.0 0.05 0.25 1.0 0.1 0.6 0.5 0.35 0.75 1.0 0.95 0.9 0.75 0.95 0.65 
-0.04337709567037461 0.6928386760048983 0.41577216082072177 0.25 0.9 0.35 0.5 0.8 0.8 1.0 0.35 0.55 1.0 0.9 0.45 0.5 0.3 0.6 0.55 0.2 0.75 0.85 0.15 0.3 0.95 0.3 0.45 0.8 0.95 0.45 0.8 0.6 0.45 1.0 0.65 0.35 0.7 0.5 0.1 
-0.04932910914163136 0.2831750675116106 0.4652677674920461 0.05 0.35 0.6 0.15 0.45 1.0 0.9 0.75 0.4 0.8 0.85 0.1 0.1 0.85 0.5 0.6 0.2 0.4 0.9 0.35 0.4 0.45 0.8 0.35 0.75 0.65 0.65 0.55 0.1 0.05 0.65 0.7 0.35 0.9 0.4 0.5 
-0.014602124906193704 0.42473558746213996 0.656646767726146 0.25 0.1 0.85 0.75 0.4 0.05 0.65 0.65 0.85 0.95 0.65 0.1 0.25 0.8 0.1 0.85 0.75 0.6 0.25 0.65 0.4 0.75 0.5 0.85 0.7 0.5 0.95 0.85 0.95 0.7 0.95 0.0 0.6 0.8 0.5 0.5 
-0.001899177401112825 0.5166661263753974 0.6501543587219327 0.3 0.85 0.85 0.1 0.4 0.4 0.5 0.8 0.65 0.75 0.55 0.4 0.3 0.8 0.85 0.6 0.15 0.6 0.95 0.95 0.75 1.0 0.05 0.25 1.0 0.1 0.6 0.5 0.35 0.75 1.0 0.95 0.9 0.75 0.95 0.65 
-0.005391571790208647 0.7071764243216924 0.5418799300777369 0.25 0.6 0.7 1.0 0.8 0.9 1.0 0.35 0.4 0.8 0.9 0.45 0.25 0.3 0.0 0.55 0.55 0.25 0.9 0.15 0.45 0.75 0.3 0.4 1.0 0.95 0.6 0.75 0.6 0.5 1.0 0.65 0.35 0.75 0.55 0.65 
-0.08913355483334576 0.7304812583022073 0.5257420108170283 0.25 0.15 0.35 0.5 0.5 0.8 1.0 0.35 0.45 1.0 0.9 0.45 0.5 0.3 0.6 0.55 0.55 0.2 0.9 0.15 0.45 0.85 0.3 0.45 0.55 0.95 0.4 0.85 0.6 0.45 1.0 0.65 0.35 0.05 0.5 0.5 
-0.0005692807486101999 0.6723632111544219 0.40514924666592844 0.6 0.15 0.65 1.0 0.8 0.25 0.95 0.35 0.5 0.9 0.9 0.45 0.2 0.3 0.3 0.55 0.1 0.4 0.85 0.15 0.3 0.75 0.25 0.45 0.45 0.8 0.6 0.95 0.6 0.5 1.0 0.65 0.35 0.05 0.7 0.25 
-0.03189402229661428 0.6965376773800561 0.4126669608585664 0.25 0.9 0.35 0.5 0.8 0.8 1.0 0.35 0.75 1.0 0.9 0.45 0.5 0.3 0.4 0.55 0.2 0.25 0.85 0.15 0.3 0.95 0.3 0.45 0.8 0.95 0.45 0.8 0.6 0.45 1.0 0.65 0.35 0.7 0.5 0.1 
-0.02979602811939656 0.7215810594138158 0.5767975881792635 0.7 0.6 0.6 1.0 0.8 0.9 1.0 0.35 0.4 0.8 0.9 0.45 0.3 0.85 0.6 0.55 0.55 0.25 0.9 0.15 0.45 0.75 0.3 0.4 1.0 0.95 0.25 0.75 0.6 0.5 1.0 0.65 0.35 0.05 0.45 1.0 
-0.020261600035656104 0.6967137756098457 0.4243070920842327 0.25 0.15 0.35 0.5 0.8 0.8 1.0 0.35 0.45 1.0 0.9 0.45 0.0 0.3 0.6 0.15 0.2 0.25 1.0 0.15 0.3 0.9 0.3 0.45 0.6 0.95 0.45 0.85 0.6 0.45 1.0 0.65 0.35 0.65 0.5 0.1 
-0.007493346251778663 0.6996226575556362 0.4491098107144578 0.25 0.15 0.35 0.5 0.8 0.8 1.0 0.35 0.75 1.0 0.9 0.45 0.5 0.3 0.6 0.55 0.25 0.2 0.9 0.15 0.3 0.85 0.3 0.45 0.55 0.95 0.45 0.6 0.6 0.45 1.0 0.65 0.35 0.05 0.5 0.0 
-0.2537956681207319 0.47223019818484785 0.6788223335762403 0.45 0.75 1.0 0.3 0.4 0.6 0.45 0.45 0.6 0.95 0.8 0.0 0.8 0.65 0.8 0.2 0.75 0.45 1.0 0.55 0.25 0.75 0.45 0.85 0.95 0.1 0.95 0.9 0.95 0.65 0.95 0.0 0.4 0.8 0.5 0.5 
-0.3622260030835777 0.46895045160646026 0.6399420744257984 0.45 1.0 0.6 0.75 0.4 0.1 0.75 0.65 0.85 0.95 0.8 0.0 0.8 0.65 0.1 1.0 0.75 0.6 1.0 0.55 0.4 0.75 0.5 0.85 0.85 0.05 0.95 1.0 0.95 0.7 0.95 0.0 0.35 0.8 0.5 0.5 
-0.29923737284837676 0.43777476849438846 0.6402617464738665 0.45 1.0 0.6 0.75 0.4 0.1 0.75 0.5 0.85 0.95 0.8 0.0 0.8 0.65 0.1 1.0 0.75 0.6 1.0 0.55 0.25 0.75 0.5 0.85 0.95 0.05 0.95 1.0 0.95 0.7 0.95 0.0 0.35 0.8 0.5 0.5 
-0.24328670431158247 0.563321884276581 0.6700745371490051 0.3 0.85 0.85 0.1 0.4 0.4 0.7 0.8 0.5 0.75 0.55 0.4 0.3 0.8 0.85 0.6 0.25 0.6 0.95 0.95 0.75 1.0 0.05 0.25 1.0 0.1 0.6 0.5 0.35 0.75 1.0 0.95 0.9 0.75 0.95 0.65 
-0.020603381220115468 0.7246482583006669 0.4480405111405149 0.25 0.15 0.35 0.5 0.8 0.8 1.0 0.35 0.75 1.0 0.9 0.45 0.5 0.3 0.6 0.55 0.55 0.2 0.7 0.15 0.3 0.85 0.3 0.45 0.55 0.95 0.45 0.85 0.6 0.45 1.0 0.65 0.35 0.05 0.5 0.0 
-14.91676646736989 0.600968205683489 0.6920480719106225 0.3 0.85 0.45 0.8 0.4 0.4 0.9 0.8 0.4 0.9 0.55 0.4 0.1 0.8 0.4 0.0 0.25 0.15 0.95 0.95 0.75 1.0 0.05 0.25 1.0 0.1 0.6 0.25 0.35 0.75 1.0 0.95 0.85 0.75 0.95 0.65 
-0.04043770293761669 0.644364889333523 0.398256463074416 0.6 0.15 0.65 0.6 0.8 0.25 0.95 0.35 0.5 0.9 0.9 0.45 0.2 0.3 0.3 0.55 0.1 0.4 0.85 0.15 0.3 0.75 0.25 0.45 0.5 0.8 0.6 0.95 0.6 0.5 1.0 0.65 0.4 0.05 0.7 0.2 
-0.04436729114506028 0.7280535470480793 0.4564909440293105 0.25 0.15 0.35 0.5 0.8 0.8 1.0 0.35 0.75 1.0 0.9 0.45 0.5 0.3 0.6 0.55 0.55 0.2 0.7 0.15 0.3 0.85 0.3 0.45 0.55 0.95 0.4 0.85 0.6 0.45 1.0 0.65 0.35 0.05 0.5 0.0 
-0.324017065508656 0.7304499300776778 0.4890187566853388 0.25 0.15 0.35 1.0 0.8 0.8 0.95 0.35 0.7 1.0 0.9 0.45 0.5 0.3 0.6 0.25 1.0 0.25 0.45 0.15 0.3 0.85 0.3 0.45 0.75 0.95 0.65 0.85 0.6 0.45 1.0 0.65 0.35 0.0 0.4 0.65 
-0.027388604809069624 0.2872382554208802 0.42254612764475263 0.7 0.8 0.6 0.55 0.45 1.0 0.95 0.75 0.4 1.0 0.85 0.1 0.05 0.85 0.9 0.0 0.2 0.4 0.85 0.35 0.4 0.95 0.9 0.35 1.0 0.65 0.6 0.6 0.4 0.1 0.8 0.7 0.1 0.95 0.4 0.5 
-0.02067725887593135 0.31026962613262543 0.41376103218950433 0.2 0.0 0.6 0.8 0.0 1.0 0.9 0.75 0.4 1.0 0.85 0.1 0.1 0.85 1.0 0.0 0.2 0.4 0.65 0.35 0.75 0.95 0.8 0.35 0.6 0.65 0.65 0.6 0.2 0.1 0.65 0.4 0.1 0.9 0.4 0.5 
-0.025174476331609116 0.7278965704222933 0.5526297935426362 0.7 0.8 0.6 0.25 0.1 0.35 1.0 0.35 0.4 0.8 0.9 0.45 0.3 0.85 0.6 0.55 0.55 0.25 0.9 0.2 0.45 0.75 0.3 0.4 1.0 0.95 0.25 1.0 0.6 0.5 1.0 0.65 0.35 0.05 0.45 0.45 
-0.11839828495902066 0.7334077113318168 0.5773274809216247 0.25 0.6 0.7 1.0 0.85 0.9 1.0 0.35 0.4 0.8 0.9 0.45 0.2 0.85 0.0 0.55 0.55 0.05 0.9 0.15 0.45 0.95 0.3 0.4 1.0 0.95 0.6 0.75 0.6 0.5 1.0 0.9 0.6 0.05 0.55 0.45 
-0.043784827952944645 0.7458813765154629 0.5330561443028644 0.25 0.15 1.0 0.5 0.5 0.8 1.0 0.35 0.75 1.0 0.9 0.45 0.5 0.3 0.6 0.55 0.55 0.2 0.9 0.15 0.45 0.85 0.3 0.45 0.9 0.95 0.4 0.85 0.6 0.45 1.0 0.65 0.35 0.15 0.5 0.5 
-0.9268275939014504 0.7531188354214952 0.6125971915128742 0.7 0.45 0.6 0.25 0.1 0.35 1.0 0.35 0.4 0.6 0.9 0.45 0.3 0.85 0.6 0.55 0.55 0.25 0.9 0.15 0.6 0.75 0.3 0.45 1.0 0.95 0.25 1.0 0.6 0.5 1.0 0.65 0.35 0.05 0.45 0.15 
-0.0055084458073526065 0.7385779626403197 0.502686106186181 0.25 0.15 0.35 0.5 0.5 0.8 1.0 0.35 0.75 1.0 0.9 0.45 0.5 0.3 0.6 0.55 0.55 0.2 0.9 0.15 0.45 0.85 0.3 0.45 0.55 0.95 0.4 0.85 0.6 0.45 1.0 0.65 0.35 0.05 0.5 0.5 
-0.10966444068197864 0.7421121223994824 0.510671926860298 0.25 0.15 1.0 0.5 0.5 0.8 1.0 0.35 0.75 1.0 0.9 0.45 0.5 0.15 0.6 0.55 0.75 0.2 0.9 0.15 0.45 0.85 0.3 0.45 0.55 0.95 0.4 0.85 0.6 0.45 1.0 0.65 0.35 0.15 0.5 0.4 
-0.006701153778993872 0.7262357266555427 0.5666159449901316 0.25 0.6 0.7 1.0 0.8 0.9 1.0 0.35 0.4 0.8 0.9 0.45 0.25 0.85 0.0 0.55 0.55 0.25 0.9 0.15 0.45 0.75 0.3 0.4 1.0 0.95 0.6 0.75 0.6 0.5 1.0 0.65 0.35 0.05 0.55 0.65 
-0.80180152121193 0.7457029210217121 0.5697407476117136 0.25 0.75 0.2 1.0 0.8 0.9 1.0 0.35 0.4 0.8 0.9 0.45 0.25 0.85 0.6 0.2 0.4 0.25 0.75 0.15 0.45 1.0 0.3 0.4 1.0 0.95 0.75 0.75 0.6 0.5 1.0 0.65 0.35 0.2 0.0 0.6 
-1.6374372684644438 0.3580559242058245 0.3661440831104148 0.9 0.1 0.6 1.0 0.15 1.0 0.75 0.75 0.4 0.95 0.85 0.1 0.25 0.85 0.05 0.35 0.2 0.3 0.45 0.3 0.15 1.0 0.9 0.45 0.9 0.65 0.75 0.55 0.2 0.1 0.75 0.4 0.4 0.9 0.4 0.5 
-0.06348250597646724 0.2780113152389918 0.445859988786215 0.8 0.25 0.6 0.55 0.8 0.35 0.95 0.8 0.4 1.0 0.85 0.1 0.05 0.85 0.65 0.0 0.2 0.4 0.95 0.35 0.4 0.2 0.9 0.45 0.95 0.65 0.65 0.6 0.2 0.1 0.95 0.7 0.1 0.95 0.4 0.5 
-0.35920144023027567 0.734281698102489 0.6346866522667214 0.7 0.45 0.6 0.25 0.1 0.35 1.0 0.35 0.4 0.95 0.9 0.45 0.3 0.85 0.6 0.55 0.55 0.25 0.9 0.15 0.6 0.75 0.3 0.45 1.0 0.95 0.25 1.0 0.6 0.5 1.0 0.65 0.35 0.05 0.45 0.15 
-0.15336630178300986 0.6998202234802596 0.6452033630235615 0.25 0.95 0.7 0.0 0.8 0.55 1.0 0.35 0.75 1.0 0.9 0.45 0.25 0.3 0.45 0.75 0.25 0.25 1.0 0.15 0.45 0.6 0.3 0.4 1.0 0.95 0.15 0.65 0.6 0.5 1.0 0.65 0.35 0.8 0.0 1.0 
-0.022703694294910235 0.7260345778380806 0.616553861793859 0.25 0.75 0.7 0.0 0.95 0.3 1.0 0.35 0.75 1.0 0.9 0.45 0.25 0.3 0.45 0.75 0.25 0.25 0.95 0.15 0.45 0.85 0.3 0.4 1.0 0.95 0.15 0.85 0.6 0.5 0.85 0.65 0.35 0.8 0.0 1.0 
-0.7362804825163317 0.6482796286120083 0.6653573958639785 0.3 0.85 1.0 0.8 0.7 0.4 1.0 0.85 0.4 0.8 0.55 0.4 0.1 0.8 0.8 0.6 0.95 0.15 0.9 0.95 0.7 1.0 0.05 0.25 0.85 0.1 0.6 0.25 0.35 0.75 1.0 0.95 0.85 0.75 0.95 0.65 
-0.11097751086300044 0.5798349278202104 0.3417420135762794 0.2 0.45 0.5 0.4 0.2 0.35 1.0 0.4 0.75 0.8 0.8 0.05 0.85 0.45 0.7 0.3 0.65 0.1 1.0 0.15 0.25 0.7 0.45 0.4 0.4 0.35 0.7 1.0 0.3 0.55 0.45 0.2 0.85 0.65 0.05 0.5 
-0.04425514437491899 0.3143317258567442 0.3772354775037641 0.8 0.0 0.6 0.8 0.45 1.0 1.0 0.75 0.4 0.9 0.85 0.1 0.1 0.85 0.5 0.0 0.2 0.4 0.9 0.35 0.4 0.95 0.8 0.35 0.75 0.65 0.6 0.6 0.2 0.1 0.45 0.65 0.1 0.9 0.4 0.5 
-1.4558391569792204 0.7571862681265027 0.5553448759729736 0.25 0.75 0.05 1.0 0.8 0.35 1.0 0.35 0.4 1.0 0.9 0.45 0.25 0.85 0.05 0.2 0.55 0.25 0.75 0.15 0.45 1.0 0.3 0.4 1.0 0.95 0.3 0.75 0.6 0.5 0.95 0.65 0.35 0.05 0.55 0.6 
-0.021099449710787876 0.2702730676401601 0.46409585078539173 0.8 0.9 0.6 0.55 0.45 1.0 0.95 0.75 0.4 0.95 0.85 0.1 0.05 0.85 0.5 0.0 0.2 0.4 0.95 0.3 0.4 0.95 0.9 0.35 0.75 0.65 0.65 0.6 0.2 0.1 0.8 0.7 0.55 0.95 0.4 0.5 
-6.855914698579655 0.5395079866078197 0.3245107325974861 0.9 0.45 0.5 0.4 0.2 0.9 1.0 0.4 0.7 0.8 0.8 0.05 0.85 0.4 0.7 0.3 0.65 0.1 1.0 0.15 0.25 1.0 0.45 0.4 0.4 0.35 0.65 0.95 0.3 0.55 0.3 0.75 0.85 0.65 0.05 0.5 
-4.771722698538877 0.565255695616048 0.326299459853462 0.9 0.45 0.5 0.05 0.2 0.35 1.0 0.4 0.7 0.8 0.8 0.05 0.85 0.45 0.7 0.3 0.65 0.1 0.8 0.15 0.25 0.95 0.45 0.4 0.55 0.35 0.7 0.95 0.3 0.55 0.45 0.65 0.85 0.65 0.05 0.5 
-2.1018769405464175 0.747284232081758 0.6308559430764509 0.1 0.45 0.6 0.25 0.1 0.35 1.0 0.35 0.7 0.95 0.9 0.45 0.3 0.85 0.6 0.55 0.55 0.25 0.9 0.15 0.6 0.75 0.3 0.45 1.0 0.95 0.25 1.0 0.6 0.5 1.0 0.65 0.35 0.05 0.75 0.45 
-0.9108211559333778 0.7542432379773297 0.5120689412503585 0.25 0.15 0.35 0.5 0.5 0.8 1.0 0.35 0.75 1.0 0.9 0.45 0.5 0.3 0.6 0.55 0.55 0.2 0.9 0.15 0.45 0.85 0.3 0.45 0.55 0.95 0.4 0.85 0.6 0.45 1.0 0.65 0.35 0.05 0.5 0.05 
-0.013151856503524805 0.2454492188786886 0.48003215284516415 0.7 0.8 0.6 0.55 0.45 1.0 0.95 0.75 0.4 1.0 0.85 0.1 0.05 0.85 0.9 0.0 0.2 0.4 0.85 0.35 0.4 0.95 0.9 0.35 1.0 0.65 0.65 0.6 0.4 0.1 0.8 0.7 0.2 0.95 0.4 0.5 
-0.02682114562685907 0.2709351951358523 0.4413869943719317 0.8 0.25 0.6 0.55 0.8 1.0 0.95 0.75 0.4 1.0 0.85 0.1 0.05 0.85 0.5 0.0 0.2 0.4 0.95 0.35 0.4 0.95 0.9 0.45 0.95 0.65 0.65 0.6 0.2 0.1 0.8 0.7 0.1 0.95 0.4 0.5 
-0.22041496846500996 0.2564074506648797 0.5198961336122307 0.05 0.85 0.6 0.15 0.45 1.0 0.9 0.75 0.4 1.0 0.85 0.1 0.1 0.85 0.5 0.0 0.6 0.4 0.9 0.35 0.4 0.35 0.8 0.35 0.85 0.65 0.65 0.55 0.5 0.05 0.55 0.7 0.6 1.0 0.4 0.5 
-0.1126137789918729 0.25424048644061703 0.4947056847835596 0.05 0.0 0.6 0.15 0.45 1.0 0.9 0.75 0.4 1.0 0.85 0.1 0.1 0.85 0.5 0.0 0.2 0.4 0.9 0.35 0.4 0.75 0.8 0.35 0.75 0.65 0.65 0.55 0.5 0.05 0.55 0.7 0.35 0.9 0.4 0.5 
-0.007721025729536524 0.3020614867339384 0.6517008072070204 0.25 0.1 0.3 0.95 0.3 0.05 0.65 0.65 0.65 0.9 0.65 0.1 0.6 0.8 0.6 0.2 0.05 0.6 0.5 0.75 0.4 0.75 0.45 0.85 1.0 0.4 0.6 0.85 0.95 0.7 0.85 0.45 0.25 0.9 0.5 0.5 
-0.2955402823168835 0.2755402949502649 0.41373066128063357 0.8 0.0 0.6 0.8 0.45 1.0 1.0 0.75 0.4 1.0 0.85 0.1 0.1 0.85 0.45 0.0 0.2 0.4 0.9 0.35 0.4 0.95 0.8 0.35 0.85 0.65 0.65 0.6 0.2 0.1 0.45 0.7 0.1 0.9 0.4 0.5 
-0.06646147195927511 0.5973320583630445 0.3467585188064964 0.9 0.45 0.5 0.4 0.2 0.35 1.0 0.4 0.7 0.8 0.8 0.05 0.85 0.45 0.7 0.3 0.65 0.1 1.0 0.15 0.25 0.7 0.45 0.4 0.45 0.35 0.7 0.95 0.3 0.55 0.45 0.75 0.85 0.7 0.05 0.5 
-0.5516335098575494 0.2571573639624217 0.5624766196584899 0.05 0.25 0.6 0.15 0.45 1.0 0.9 0.75 0.4 1.0 0.85 0.1 0.1 0.85 0.5 0.0 0.6 0.4 0.9 0.35 0.4 0.35 0.8 0.35 0.85 0.65 0.65 0.55 0.5 0.05 0.7 0.7 0.6 1.0 0.4 0.5 
-0.08965571275974972 0.28798705292592863 0.39198446324357605 0.8 0.0 0.6 0.8 0.45 1.0 1.0 0.75 0.4 0.95 0.85 0.1 0.1 0.85 0.0 0.0 0.2 0.4 0.8 0.35 0.4 0.95 0.8 0.35 0.7 0.65 0.65 0.6 0.2 0.1 0.65 0.25 0.15 0.9 0.4 0.5 
-0.4876456665320966 0.25088121191883106 0.44684405244118275 0.8 0.25 0.6 0.55 0.8 0.35 0.95 0.75 0.4 1.0 0.85 0.1 0.05 0.85 0.65 0.0 0.2 0.4 0.95 0.35 0.4 0.85 0.9 0.45 0.95 0.65 0.65 0.6 0.2 0.1 0.95 0.7 0.1 0.95 0.4 0.5 
-11.038763993729326 0.6333832120261368 0.6790780014335163 0.3 0.85 1.0 0.8 0.7 0.4 0.9 0.85 0.4 0.85 0.55 0.4 0.1 0.8 0.8 0.6 0.95 0.15 0.95 0.95 0.8 1.0 0.05 0.25 0.85 0.1 0.6 0.25 0.35 0.75 1.0 0.95 0.85 0.75 0.95 0.65 
-0.03731825310929251 0.31194253096574576 0.3753044236738577 0.8 0.0 0.6 0.8 0.45 1.0 1.0 0.75 0.4 0.9 0.85 0.1 0.1 0.85 0.5 0.0 0.2 0.4 0.9 0.35 0.4 0.95 0.8 0.35 0.75 0.65 0.6 0.6 0.2 0.1 0.45 0.65 0.1 0.9 0.4 0.5 
-9.708821354454217 0.7610535192714507 0.5816138693625651 0.25 0.6 0.4 0.0 0.8 0.4 1.0 0.35 0.75 1.0 0.9 0.45 0.25 1.0 0.6 0.55 0.65 0.8 0.85 0.15 0.45 0.75 0.3 0.4 1.0 0.95 0.15 0.85 0.6 0.5 1.0 0.65 0.35 0.3 0.0 0.65 
-0.04065849890514804 0.26935325152840395 0.5272535741815456 0.05 0.0 0.6 0.15 0.45 1.0 0.9 0.75 0.4 0.8 0.85 0.1 0.1 0.85 0.5 0.6 0.2 0.4 0.9 0.35 0.4 0.45 0.8 0.35 0.75 0.65 0.65 0.55 0.5 0.05 0.65 0.7 0.35 0.9 0.4 0.5 
-8.002811898834738 0.5842132717894067 0.318536306622761 0.9 0.45 0.1 0.6 0.2 0.35 1.0 0.4 0.7 0.8 0.8 0.15 0.85 0.45 0.65 0.3 0.65 0.6 0.85 0.15 0.25 0.95 0.45 0.35 0.4 0.9 0.25 0.95 0.3 0.55 0.3 0.65 0.25 0.65 0.05 0.5 
-0.18453322838328545 0.2536772750508056 0.4419723675771413 0.8 0.0 0.6 0.8 0.45 1.0 1.0 0.75 0.4 0.95 0.85 0.1 0.1 0.85 0.5 0.0 0.2 0.4 0.9 0.35 0.4 0.75 0.8 0.35 0.95 0.65 0.65 0.6 0.2 0.1 0.8 0.7 0.1 0.9 0.4 0.5 
-0.4454954668627608 0.2789643182886383 0.3903679884450866 0.8 0.0 0.6 0.8 0.45 1.0 1.0 0.75 0.4 0.95 0.85 0.1 0.1 0.85 0.5 0.0 0.2 0.4 0.9 0.35 0.4 0.95 0.8 0.35 0.85 0.65 0.65 0.6 0.2 0.1 0.45 0.7 0.1 0.9 0.4 0.5 
-33.69756452673603 0.7124149927197504 0.6524164809976205 0.25 0.95 0.7 1.0 0.8 0.9 1.0 0.35 0.75 1.0 0.9 0.45 0.25 0.3 0.6 0.55 0.55 0.45 0.9 0.15 0.45 0.75 0.3 0.35 1.0 0.55 0.45 0.75 0.6 0.5 1.0 0.65 0.35 0.6 0.8 0.65 
-4.822683677869376 0.238489196881156 0.5202666437878964 0.7 0.8 0.6 0.55 0.45 0.7 0.95 0.75 0.4 1.0 0.85 0.1 0.05 0.85 0.9 0.0 0.2 0.95 0.85 0.35 0.4 0.8 0.9 0.35 1.0 0.65 0.65 0.6 0.3 0.1 0.6 0.75 0.15 0.95 0.4 0.5 
-0.24785728400641166 0.6091812756095024 0.36022530282127996 0.9 0.45 0.7 0.35 0.2 0.35 1.0 0.4 0.7 0.65 0.8 0.15 0.85 0.45 0.95 0.3 0.45 0.1 0.7 0.15 0.25 0.95 0.45 0.4 0.4 0.9 0.3 0.85 0.3 0.55 0.35 0.65 0.25 0.65 1.0 0.5 
-28.16623534786428 0.7622122248151196 0.6058104709340976 0.25 0.25 0.7 0.0 0.8 0.4 1.0 0.35 0.75 1.0 0.9 0.45 0.25 0.3 0.6 0.55 0.65 0.25 0.9 0.15 0.45 0.75 0.3 0.4 1.0 0.95 0.85 0.75 0.6 0.5 1.0 0.65 0.35 0.05 0.0 0.65 
-6.548737046542612 0.6207287489054613 0.33641430060472344 0.9 0.45 0.85 0.05 0.2 0.35 1.0 0.4 0.7 0.8 0.8 0.05 0.85 0.45 0.95 0.3 0.45 0.1 0.7 0.15 0.25 0.95 0.45 0.4 0.4 0.9 0.3 0.8 0.3 0.55 0.45 0.65 0.25 0.65 1.0 0.5 
-0.5047381677272874 0.23448611423103655 0.4879300309069804 0.7 0.8 0.6 0.55 0.45 1.0 0.95 0.75 0.4 1.0 0.85 0.1 0.05 0.85 0.9 0.0 0.2 0.4 0.85 0.35 0.4 0.95 0.9 0.35 1.0 0.65 0.65 0.6 0.2 0.1 0.8 0.7 0.2 0.95 0.4 0.5 
-0.10364615359819923 0.6581252134463266 0.38253613288512645 0.9 0.45 0.7 0.15 0.2 0.35 1.0 0.4 0.75 0.8 0.8 0.05 0.45 0.95 0.7 0.3 0.65 0.1 0.95 0.15 0.25 0.85 0.45 0.4 0.4 0.9 0.25 0.55 0.3 0.55 0.6 0.65 0.25 0.7 1.0 0.5 
-0.8671541520618775 0.2374913500078541 0.4714834329957165 0.7 0.8 0.6 0.55 0.45 1.0 1.0 0.75 0.4 1.0 0.85 0.1 0.05 0.9 0.9 0.05 0.2 0.9 0.85 0.35 0.4 0.95 0.9 0.35 1.0 0.65 0.65 0.6 0.4 0.1 0.8 0.7 0.2 0.95 0.4 0.5 
-2.060325452204199 0.45700456892536656 0.33474483290932444 0.2 0.15 0.95 0.15 0.05 0.2 1.0 0.15 0.5 0.7 0.1 0.05 0.05 0.85 0.0 0.7 0.2 0.5 1.0 0.05 0.0 1.0 1.0 0.3 0.15 0.4 0.8 0.95 0.55 0.65 0.6 0.5 0.45 1.0 0.3 0.35 
-1.4254661534956774 0.5123256708833643 0.6691109530217867 0.3 0.85 0.85 0.1 0.4 0.6 1.0 0.8 0.4 0.65 0.45 0.65 1.0 1.0 0.1 0.25 0.5 0.6 0.85 0.95 0.75 1.0 0.05 0.25 1.0 0.1 0.6 0.5 0.35 0.75 1.0 0.95 0.9 0.75 0.95 0.65 
-17.87672258761062 0.5356096366162172 0.3111712746503488 0.9 0.45 0.55 0.15 0.2 0.35 1.0 0.4 0.75 0.85 0.8 0.05 1.0 0.95 0.7 0.3 0.65 0.1 0.4 0.2 0.8 0.95 0.45 0.4 0.4 0.9 0.5 0.95 0.3 0.35 0.5 0.65 0.25 0.65 0.05 0.5 
-1.2861165723579027 0.27123872870536947 0.3915323901208328 0.8 0.0 0.6 0.8 0.45 1.0 1.0 0.75 0.4 0.95 0.85 0.1 0.1 0.85 0.0 0.0 0.2 0.4 0.8 0.35 0.4 0.95 0.8 0.35 0.85 0.65 0.65 0.6 0.2 0.1 0.65 0.7 0.15 0.9 0.4 0.5 
-0.5267175687445429 0.6209789433701408 0.3718406471754365 0.9 0.45 0.7 0.05 0.0 0.35 1.0 0.4 0.7 0.65 0.8 0.05 0.85 0.45 0.95 0.3 0.6 0.1 0.7 0.15 0.25 0.95 0.45 0.4 0.4 0.9 0.35 0.9 0.3 0.55 0.4 0.65 0.25 0.65 1.0 0.5 
-5.503570053349351 0.6537502410652875 0.35731593513093773 0.9 0.45 0.45 0.55 0.15 0.35 1.0 0.4 0.7 0.8 0.85 0.1 0.85 0.6 0.2 0.6 0.35 0.45 0.7 0.2 0.25 0.95 0.45 0.4 0.3 0.05 0.75 0.85 0.3 0.55 0.7 0.65 0.25 0.95 0.05 0.5 
-39.32892018563859 0.5012466139772389 0.3115076523983963 0.25 0.0 0.45 0.25 0.85 0.0 0.95 0.45 0.1 0.55 0.05 0.35 0.75 0.85 0.55 1.0 1.0 0.6 0.9 0.15 0.5 1.0 0.5 0.4 0.7 0.8 0.25 0.8 0.2 0.9 0.8 0.75 0.65 0.8 0.0 0.25 
-16.70977370139993 0.23176555758520617 0.5378981355594699 0.8 0.25 0.6 0.55 0.45 1.0 0.9 0.75 0.4 0.95 0.85 0.1 0.05 0.85 0.5 0.0 0.2 0.4 0.95 0.35 0.4 0.95 0.9 0.35 0.75 0.65 0.65 0.6 0.2 0.1 0.8 0.7 0.25 0.95 0.4 0.5 
-6.8590237853973095 0.6484953086101254 0.35571883833276485 0.9 0.45 0.45 0.55 0.15 0.35 1.0 0.4 0.7 0.8 0.8 0.1 0.85 0.6 0.2 0.6 0.65 0.45 0.7 0.2 0.25 0.95 0.45 0.4 0.3 0.05 0.75 0.85 0.3 0.55 0.7 0.65 0.25 0.95 0.05 0.5 
-9.99211246488104 0.7676529585269405 0.5614795944775608 0.25 0.85 0.2 0.2 0.8 0.9 1.0 0.35 0.7 0.8 0.9 0.45 0.25 0.85 0.6 0.2 0.4 0.25 0.75 0.15 0.45 1.0 0.3 0.4 1.0 0.95 0.75 0.8 0.6 0.5 1.0 0.65 0.35 0.2 0.0 0.6 
-18.407247898697598 0.5125877124655605 0.31346405237732966 0.9 0.45 0.55 0.15 0.2 0.35 1.0 0.4 0.75 0.85 0.8 0.05 1.0 0.95 0.7 0.3 0.65 0.1 0.4 0.15 0.8 0.95 0.45 0.4 0.4 0.9 0.5 0.95 0.3 0.35 0.5 0.65 0.25 0.65 0.05 0.5 
-9.483159691078987 0.6121853883263506 0.3233951992368024 0.9 0.45 0.1 0.6 0.2 0.35 1.0 0.4 0.7 0.8 0.8 0.15 0.85 0.45 0.65 0.3 0.65 0.6 0.75 0.15 0.25 0.95 0.45 0.35 0.4 0.9 0.25 0.95 0.3 0.55 0.45 0.65 0.25 0.65 0.05 0.5 
-20.872752197432238 0.769251445178389 0.5410778555864051 0.25 0.6 0.4 0.0 0.8 0.4 1.0 0.35 0.75 1.0 0.9 0.45 0.25 1.0 0.6 0.55 0.65 0.8 0.85 0.15 0.45 0.8 0.3 0.4 1.0 0.95 0.85 0.85 0.6 0.5 1.0 0.65 0.35 0.3 0.0 0.65 
-3.2274659700588293 0.6784463063085171 0.3834977564074662 0.9 0.45 0.7 1.0 0.5 0.35 1.0 0.4 0.7 0.75 0.8 0.05 0.55 0.45 0.95 0.3 0.45 0.1 0.55 0.15 0.25 0.95 0.45 0.4 0.4 0.9 0.25 0.85 0.3 0.55 0.65 0.65 0.25 0.9 1.0 0.5 
-41.278311733109085 0.5407038516148872 0.29000067244895855 0.25 0.0 0.5 0.1 0.5 0.0 1.0 0.45 0.1 0.55 0.05 0.35 0.6 0.85 0.55 0.8 0.8 0.75 0.9 0.15 0.45 1.0 0.5 0.4 0.75 0.8 0.5 0.8 0.2 0.9 0.9 0.75 0.65 0.95 0.0 0.3 
-43.06486695182862 0.5096722557981933 0.2903161225269415 0.25 0.0 0.25 0.45 0.5 0.0 0.95 0.45 0.1 0.55 0.05 0.35 0.75 0.85 0.55 1.0 1.0 0.75 0.9 0.15 0.55 1.0 0.5 0.4 0.7 0.8 0.5 0.8 0.2 0.9 0.8 0.75 0.6 1.0 0.0 0.3 
-43.2010164844949 0.5601155821836027 0.29405120848576083 0.8 0.0 0.25 0.1 0.5 0.65 0.95 0.45 0.1 0.55 0.05 0.15 0.9 0.85 0.55 1.0 0.6 0.75 0.9 0.15 0.45 1.0 0.5 0.4 0.9 0.8 0.5 0.8 0.2 0.9 0.65 0.75 0.6 1.0 0.0 0.3 
-3.5532571667655226 0.2540940830080366 0.5764679519298569 0.05 0.0 0.6 0.0 0.45 0.45 0.9 0.75 0.4 1.0 0.85 0.1 0.1 0.85 0.3 0.35 0.8 0.4 0.95 0.35 0.4 0.35 0.8 0.35 0.7 0.65 0.65 0.55 0.5 0.05 0.55 0.75 0.55 1.0 0.4 0.5 
-49.89591733636732 0.5664449913848703 0.28454629300918854 0.8 0.0 0.25 0.1 0.5 0.65 0.95 0.45 0.1 0.55 0.05 0.35 0.75 0.85 0.55 1.0 0.6 0.75 0.9 0.15 0.45 1.0 0.5 0.4 0.9 0.8 0.5 0.8 0.2 0.9 0.65 0.75 0.6 1.0 0.0 0.3 
-43.661989104768246 0.5024736945916761 0.2896138563603632 0.25 0.0 0.25 0.45 0.5 0.0 0.95 0.45 0.1 0.55 0.05 0.35 0.75 0.85 0.55 1.0 1.0 0.75 0.9 0.15 0.55 1.0 0.5 0.4 0.75 0.8 0.5 0.8 0.2 0.9 0.8 0.75 0.6 1.0 0.0 0.3 
-41.88562284834252 0.5293608503499398 0.28584805441673067 0.8 0.0 0.25 0.1 1.0 0.8 1.0 0.45 0.1 0.55 0.05 0.35 0.75 0.85 0.55 1.0 0.75 0.75 0.9 0.15 0.45 1.0 0.5 0.4 0.95 0.8 0.5 0.8 0.2 0.9 0.8 0.75 0.6 1.0 0.0 0.3 
-7.0203560118188575 0.667622880685658 0.3639501572512909 0.9 0.45 0.45 0.55 0.15 0.35 1.0 0.4 0.7 0.8 0.75 0.1 0.85 0.6 0.2 0.6 0.65 0.45 0.7 0.2 0.25 0.95 0.45 0.4 0.3 0.45 0.75 0.85 0.3 0.55 0.7 0.65 0.25 0.95 0.05 0.5 
-53.375728873903256 0.5865791381910102 0.2936290152370399 0.25 0.0 0.5 0.1 0.5 0.0 1.0 0.45 0.1 0.55 0.05 0.35 0.6 0.85 0.55 0.8 0.8 0.75 0.9 0.15 0.45 1.0 0.5 0.4 0.75 0.8 0.5 0.8 0.2 0.9 0.7 0.75 0.65 0.95 0.0 0.3 
-12.867137566464777 0.6096213183980216 0.31527080789170747 0.9 0.45 0.1 0.6 0.55 0.35 1.0 0.4 0.7 0.8 0.8 0.15 0.85 0.45 0.45 0.3 0.65 0.6 0.75 0.15 0.25 0.95 0.45 0.35 0.4 0.9 0.25 0.95 0.3 0.55 0.45 0.65 0.25 0.65 0.05 0.45 
-2.836057619594395 0.2648594962752374 0.5981292389238172 0.05 0.0 0.6 0.0 0.45 0.45 0.9 0.75 0.4 1.0 0.85 0.1 0.1 0.85 0.95 0.35 0.8 0.4 0.9 0.35 0.4 0.3 0.8 0.35 0.85 0.65 0.65 0.55 0.5 0.05 0.55 0.75 0.55 1.0 0.4 0.5 
-6.2191325108030036 0.26001610183805934 0.6129179119030314 0.05 0.0 0.6 0.0 0.45 0.45 0.9 0.75 0.4 1.0 0.85 0.1 0.1 0.85 0.75 0.35 0.8 0.4 0.95 0.35 0.4 0.35 0.8 0.35 0.95 0.65 0.65 0.55 0.5 0.05 0.55 0.75 0.55 1.0 0.4 0.5 
-18.696909778759895 0.7656464791259513 0.5259400506737598 0.25 0.6 0.4 0.0 0.8 0.4 1.0 0.35 0.75 1.0 0.9 0.45 0.25 1.0 0.6 0.55 0.65 0.8 0.45 0.15 0.4 0.75 0.3 0.4 1.0 0.95 0.85 0.85 0.6 0.5 1.0 0.65 0.35 0.3 0.0 0.65 
-14.322927442602246 0.7015404487469096 0.6604299902768547 0.7 0.25 0.6 0.25 0.85 0.35 0.95 0.35 0.4 0.8 0.9 0.45 0.25 0.85 0.25 0.55 0.55 0.25 0.9 0.25 0.7 0.75 0.3 0.4 1.0 0.95 0.25 1.0 0.6 0.5 1.0 0.65 0.35 0.05 0.8 0.45 
-14.282041569915853 0.2339733550618316 0.5611516791106724 0.7 0.8 0.6 0.55 0.45 1.0 0.95 0.75 0.4 1.0 0.85 0.1 0.05 0.85 0.9 0.0 0.2 0.95 0.85 0.35 0.4 0.8 0.9 0.35 1.0 0.65 0.65 0.6 0.3 0.1 0.8 0.75 0.15 0.95 0.4 0.5 
-0.02048082945735053 0.30821256721083345 0.6638800695921991 0.25 0.9 0.3 0.95 0.3 0.5 0.55 0.65 0.7 0.85 0.65 0.1 0.8 0.2 0.75 0.2 0.05 0.6 1.0 0.75 0.4 0.75 0.45 0.85 1.0 0.4 0.6 0.85 0.95 0.7 0.65 0.45 0.25 0.9 0.5 0.5 
-34.12772204582855 0.2697692500365032 0.6236703686402671 0.7 0.8 0.6 0.55 0.45 1.0 0.95 0.75 0.4 1.0 0.85 0.1 0.05 0.85 0.9 0.9 0.2 0.95 0.85 0.35 0.4 0.8 0.9 0.35 1.0 0.65 0.85 0.6 0.3 0.1 0.8 0.75 0.2 0.95 0.4 0.5 
-11.85282718817236 0.2790962237181339 0.6270403579578486 0.05 0.0 0.6 0.15 0.45 1.0 0.7 0.75 0.4 1.0 0.85 0.1 0.1 0.85 0.5 0.0 0.8 0.4 0.9 0.35 0.4 0.35 0.8 0.35 0.85 0.65 0.65 0.55 0.5 0.05 0.55 0.75 0.35 1.0 0.4 0.5 
-3.723639651049427 0.7213326055097912 0.42691872022384725 0.25 0.9 0.35 0.5 0.8 0.8 1.0 0.35 0.75 1.0 0.9 0.45 0.5 0.3 0.6 0.55 0.85 0.25 0.85 0.15 0.3 0.95 0.3 0.45 0.8 0.95 0.45 0.8 0.6 0.45 1.0 0.65 0.35 0.7 0.5 0.15 
-11.975443732817212 0.7607436300897705 0.49445436051644337 0.25 0.6 0.4 0.0 0.8 0.4 1.0 0.35 0.75 1.0 0.9 0.45 0.25 1.0 0.6 0.55 0.65 0.8 1.0 0.15 0.4 0.75 0.3 0.45 1.0 0.95 0.85 0.85 0.6 0.5 1.0 0.65 0.35 0.3 0.0 0.65 
-14.46696019334318 0.3340226791114437 0.3619299662549289 0.8 0.0 0.6 0.8 0.45 1.0 1.0 0.75 0.4 0.95 0.85 0.1 0.1 0.85 0.0 0.0 0.2 0.4 0.8 0.35 0.4 0.95 0.8 0.35 0.85 0.65 0.65 0.6 0.2 0.6 0.65 0.7 0.15 0.9 0.4 0.5 
-0.6430534694049935 0.4497541843986949 0.6907567002174683 0.45 0.75 0.15 0.75 0.95 0.6 0.45 0.45 0.75 0.95 0.25 0.0 0.8 0.65 0.8 1.0 0.75 0.6 1.0 0.55 0.2 0.75 0.45 0.85 0.95 0.1 0.95 1.0 0.95 0.65 0.95 0.0 0.4 0.8 0.5 0.5 
-16.29000063943126 0.3725273881842079 0.33908296334613597 0.7 0.8 0.6 0.55 0.1 1.0 0.95 0.75 0.4 1.0 0.85 0.1 0.05 0.85 0.9 0.0 0.2 0.65 0.85 0.35 0.4 0.95 0.9 0.35 0.7 0.65 0.95 0.6 0.2 0.55 0.45 0.1 0.2 0.95 0.4 0.55 
-8.767979186701481 0.4404154381166312 0.6916706627074329 0.45 0.75 0.05 0.75 0.95 0.6 0.35 0.45 0.6 0.95 0.8 0.0 0.8 0.65 0.8 1.0 0.75 0.6 1.0 0.55 0.2 0.65 0.45 0.85 0.95 0.1 0.95 1.0 0.95 0.65 0.95 0.0 0.4 0.8 0.5 0.5 
-14.582215996209914 0.4059497891510323 0.6929661856773504 0.45 0.75 0.15 0.75 0.95 0.6 0.45 0.45 0.6 0.95 0.8 0.0 0.8 0.65 0.8 1.0 0.75 0.6 1.0 0.55 0.2 0.75 0.45 0.85 0.95 0.1 0.95 1.0 0.95 0.65 0.95 0.0 0.35 0.8 0.5 0.5 
-0.1881960317951303 0.4674094155695192 0.6815049372293996 0.45 0.75 1.0 0.3 0.4 0.6 0.45 0.45 0.55 0.95 0.8 0.0 0.8 0.65 0.8 0.2 0.75 0.45 1.0 0.55 0.25 0.75 0.45 0.85 0.95 0.1 0.95 0.9 0.95 0.65 0.95 0.0 0.4 0.8 0.5 0.5 
-20.9760708423041 0.4174346152612953 0.6959643009709873 0.45 0.75 0.15 0.75 0.95 0.6 0.45 0.45 0.6 0.95 0.8 0.0 0.8 0.65 0.8 1.0 0.75 0.6 1.0 0.55 0.2 0.75 0.45 0.85 0.95 0.1 0.95 1.0 0.95 0.65 0.95 0.0 0.4 0.8 0.5 0.5 
-3.0647240404545215 0.41339986982688276 0.6760277516315794 0.45 0.9 0.15 0.75 0.95 0.6 1.0 0.45 0.6 0.95 0.55 0.0 0.6 0.65 0.05 1.0 0.75 0.6 1.0 0.55 0.2 0.7 0.45 0.85 0.7 0.95 0.95 1.0 0.95 0.65 0.95 0.0 0.35 0.6 0.5 0.5 
-2.8114911795132067 0.29260256078475266 0.6666376392743385 0.25 0.9 0.3 0.95 0.3 0.5 0.75 0.65 0.7 0.85 0.65 0.1 0.8 0.2 0.75 0.2 0.5 0.6 1.0 0.75 0.4 1.0 0.45 0.85 1.0 0.4 0.55 0.85 0.95 0.7 0.85 0.45 0.25 0.9 0.5 0.5 
-15.653428398755416 0.384407407911346 0.34144160085240993 0.7 1.0 0.6 0.55 0.1 1.0 0.95 0.75 0.4 1.0 0.85 0.1 0.25 0.85 0.9 0.75 0.15 0.65 0.85 0.35 0.4 0.95 0.9 0.35 0.45 0.65 0.8 0.6 0.2 0.55 0.45 0.1 0.2 0.95 0.4 0.55 
-177.5725710803559 0.5141318073800106 0.6999743038941924 0.45 0.9 0.15 0.75 0.95 0.6 1.0 0.45 0.6 0.95 0.8 0.0 0.8 0.65 0.8 1.0 0.75 0.6 1.0 0.55 0.2 0.75 0.45 0.85 0.95 0.1 0.95 1.0 0.95 0.65 0.95 0.0 0.35 0.8 0.5 0.5 
-16.931978058631636 0.46770341995849507 0.6993250518337994 0.45 0.9 0.15 0.75 0.95 0.6 1.0 0.45 0.6 0.95 0.8 0.0 0.8 0.65 0.8 1.0 0.75 0.6 1.0 0.55 0.2 0.75 0.45 0.85 0.95 0.95 0.95 1.0 0.95 0.65 0.95 0.0 0.35 0.8 0.5 0.5 
-18.418130955767847 0.49779685330324847 0.6754069104474577 0.45 0.9 0.15 0.75 0.95 0.6 1.0 0.45 0.6 0.95 0.55 0.0 0.8 0.65 0.05 1.0 0.75 0.6 1.0 0.55 0.2 0.7 0.45 0.85 0.95 0.95 0.95 1.0 0.95 0.65 0.95 0.0 0.35 0.6 0.5 0.5 
-17.52220252044149 0.4513921438101183 0.700951055832985 0.45 0.9 0.15 0.75 0.95 0.6 0.65 0.45 0.6 0.95 0.55 0.0 0.8 0.65 0.05 1.0 0.75 0.6 1.0 0.55 0.2 0.7 0.45 0.85 0.95 0.95 0.95 1.0 0.95 0.65 0.95 0.0 0.35 0.6 0.5 0.5 
