-0.0008163616456329162 0.5407877675670041 0.50755480406231 0.7 0.8 0.15 0.55 0.35 0.75 1.0 0.6 0.15 0.9 1.0 0.75 0.6 0.15 0.2 0.6 0.9 0.95 0.9 0.95 0.05 0.5 0.55 0.55 0.4 0.8 0.3 0.0 0.15 0.45 0.25 0.75 0.65 0.8 0.65 0.4 
-0.011831327024976085 0.484986667129335 0.5086081503747769 0.05 1.0 0.8 0.85 0.95 0.05 0.85 0.05 0.5 0.35 0.95 0.3 0.5 0.3 0.55 0.25 0.7 0.75 0.6 0.45 0.65 0.65 0.6 0.3 0.9 0.3 0.7 0.4 0.9 0.5 0.55 0.6 0.7 0.85 0.3 0.6 
-0.0003241518929569209 0.46352524242303417 0.5016307694202946 0.8 0.0 0.15 0.95 0.25 0.9 0.7 0.4 0.35 0.55 0.65 0.25 0.45 0.25 0.45 0.55 0.6 0.6 0.15 0.25 0.3 0.65 0.15 0.2 1.0 0.1 0.25 0.25 0.45 0.6 0.85 1.0 0.75 0.65 0.1 0.2 
-0.0013419379949917837 0.508459940904681 0.488331344017899 0.05 0.35 0.45 0.4 0.95 0.2 1.0 0.0 0.55 0.3 0.95 0.3 0.35 0.65 0.55 0.4 0.35 0.75 0.8 0.45 0.65 0.65 0.85 0.55 0.9 0.15 0.1 0.4 0.85 0.5 1.0 0.15 0.3 0.85 0.9 0.35 
-0.017631585966376324 0.49548586343199624 0.5050396286881298 0.05 0.35 0.6 0.15 0.15 0.05 0.65 0.5 0.75 0.35 0.95 0.4 0.2 0.05 0.35 0.1 0.8 0.1 0.15 0.7 0.8 0.7 0.8 0.05 0.05 0.9 0.65 0.15 0.55 0.55 0.6 0.45 0.25 0.65 0.1 0.75 
-0.004719130631757679 0.5139575492025823 0.5295677012034908 0.8 0.1 0.15 0.95 0.25 0.1 0.95 0.2 0.35 0.6 0.5 0.25 0.45 0.25 0.1 0.35 1.0 0.6 0.9 0.2 0.75 0.25 0.25 0.5 0.85 0.05 0.3 0.45 0.65 0.7 0.55 0.1 0.9 0.8 0.95 0.65 
-0.003859721238052342 0.5568965200365903 0.4768314676112122 0.05 0.1 0.5 0.15 0.15 0.05 0.4 0.5 0.75 0.35 0.95 0.4 0.2 0.05 0.05 0.1 0.4 0.1 0.5 0.95 0.9 0.7 0.8 0.6 0.05 0.3 0.65 0.15 0.55 0.05 0.65 0.55 0.2 0.75 0.1 0.75 
-0.017579353592413256 0.43510960602436566 0.49184586406428876 0.05 1.0 0.45 0.85 0.95 0.25 1.0 0.05 0.5 0.95 0.95 0.3 0.35 0.3 0.55 0.0 0.9 0.1 0.5 0.45 0.65 0.15 0.75 0.3 0.9 0.6 0.25 1.0 0.85 0.4 1.0 0.7 0.35 0.95 0.3 0.6 
-0.0026616828523498928 0.5368178314195751 0.47601030007780265 0.05 0.1 0.5 0.15 0.15 0.05 0.4 0.5 0.75 0.35 0.95 0.4 0.2 0.05 0.05 0.1 0.8 0.1 0.5 0.7 0.9 0.7 0.8 0.6 0.05 0.3 0.65 0.15 0.55 0.05 0.6 0.55 0.2 0.65 0.1 0.75 
-0.008368345097428821 0.46314880339704756 0.5260168525910982 0.75 0.6 0.55 0.2 0.8 0.1 0.3 0.3 0.05 0.05 0.55 0.3 0.45 0.85 0.8 0.0 0.05 0.25 0.75 0.35 0.2 0.7 0.3 0.85 0.75 0.15 0.85 0.7 0.95 0.7 0.35 0.75 0.0 0.0 0.35 0.95 
-0.0007765347059342899 0.5684162043708888 0.455182073213968 0.15 0.05 0.4 0.95 0.3 0.05 0.95 0.55 0.75 0.7 0.8 0.2 0.0 0.7 0.45 0.3 0.6 0.6 1.0 0.2 0.65 0.95 0.3 0.25 0.5 0.35 0.6 1.0 0.45 0.6 0.6 0.75 0.9 0.5 0.9 0.1 
-0.000133936378533349 0.5445833993023155 0.5047902084256204 0.7 0.8 0.15 0.55 0.35 0.75 1.0 0.6 0.15 0.9 1.0 0.75 0.6 0.15 0.2 0.6 0.9 0.95 0.9 0.95 0.05 0.5 0.55 0.55 0.4 0.8 0.3 0.0 0.15 0.45 0.25 0.75 0.65 0.8 0.65 0.35 
-0.013552417091162164 0.4890050162652775 0.47740028471998514 0.65 1.0 0.25 0.4 0.95 0.25 1.0 0.65 0.5 0.95 0.95 0.3 0.05 0.85 0.55 0.4 0.35 0.65 0.4 0.7 0.65 0.2 0.05 0.6 0.25 0.6 0.45 0.7 0.65 0.5 0.45 0.6 0.0 1.0 0.5 0.35 
-0.0012913311582261019 0.4557347844598837 0.4671479466373361 0.05 0.35 0.45 0.4 0.95 0.65 1.0 0.0 0.55 0.95 0.95 0.15 0.5 0.15 0.0 0.4 0.7 0.4 1.0 0.45 0.8 0.85 0.95 0.45 0.75 0.5 0.75 0.75 0.65 0.5 0.05 0.9 0.95 0.85 0.3 0.8 
-0.012825797854745509 0.4794834461601843 0.5168217569309678 0.7 0.0 1.0 1.0 0.95 0.2 1.0 0.35 0.55 0.55 0.9 0.15 0.5 0.65 0.7 0.0 0.35 0.75 0.7 0.45 0.95 0.05 0.3 0.45 0.3 0.15 0.1 0.95 0.65 0.5 1.0 0.8 0.4 0.95 0.3 0.35 
-0.0037805597407944503 0.49050344354821723 0.5452612228114384 0.05 1.0 0.45 0.85 0.95 0.25 1.0 0.1 0.5 0.95 0.95 0.3 0.35 0.3 0.55 0.0 0.35 0.9 0.95 0.45 0.65 0.65 0.6 0.3 0.8 0.3 0.1 0.5 0.9 0.5 1.0 0.6 0.5 0.85 0.75 0.0 
-0.0015410649790624223 0.5542192055975913 0.4655568595839392 0.05 0.7 0.0 0.55 0.25 0.55 1.0 0.6 0.15 0.65 1.0 0.25 0.0 0.2 0.95 0.6 0.6 0.8 0.95 0.9 0.4 1.0 0.35 0.6 0.65 0.15 0.1 0.65 0.6 0.3 0.15 1.0 0.4 0.95 0.65 0.35 
-0.01466618128966024 0.4705597107422133 0.4495475218895997 0.45 0.05 0.0 0.0 0.25 0.25 0.95 0.7 0.35 0.9 1.0 0.55 0.3 1.0 0.45 0.05 0.05 1.0 0.55 0.05 0.45 0.75 1.0 0.2 0.05 0.05 0.45 0.25 0.6 1.0 0.45 0.75 0.55 0.7 0.15 0.55 
-0.0003812727897033271 0.557181969361726 0.527039741215709 0.8 0.1 0.45 0.95 0.25 0.0 0.3 0.1 0.25 0.6 0.65 0.25 0.45 0.25 0.9 0.55 1.0 0.6 0.9 0.2 0.3 0.3 0.25 0.45 0.05 0.15 0.1 0.9 0.45 0.6 0.85 1.0 0.9 0.9 0.95 0.65 
-0.015073949056879286 0.5207891204984706 0.5261064239206998 0.8 0.0 0.15 0.95 0.25 0.9 0.7 0.4 0.35 0.55 0.65 0.25 0.45 0.25 0.45 0.55 0.6 0.6 0.15 0.25 0.3 0.65 0.15 0.2 1.0 0.05 0.25 0.25 0.45 0.6 0.85 1.0 0.75 0.65 0.95 0.2 
-0.02073761262679264 0.49877841699870856 0.4591450029527948 0.5 1.0 0.55 0.4 0.65 0.7 1.0 0.75 0.5 0.95 0.95 0.3 0.05 0.15 0.55 0.4 0.35 0.65 0.95 1.0 0.5 0.25 0.5 0.3 0.5 0.35 0.3 0.5 0.65 0.5 0.25 1.0 0.0 1.0 0.3 0.35 
-0.0029117579394802233 0.5125916846703178 0.4335172591905392 0.4 0.85 0.6 0.6 0.3 0.55 1.0 0.6 0.15 0.65 1.0 0.25 0.7 0.0 0.7 0.6 0.5 0.8 0.2 0.15 0.7 1.0 0.55 0.6 0.8 0.3 0.35 0.65 0.2 0.3 0.35 0.9 0.15 0.95 0.65 0.35 
-0.019932196738548926 0.5161465231161919 0.4792209129736076 0.05 0.1 0.8 0.15 0.15 0.05 0.85 0.5 0.75 0.8 0.95 0.4 0.2 0.45 0.05 0.1 0.8 0.1 0.15 0.65 0.9 0.7 0.8 0.6 0.05 0.95 0.65 0.15 0.55 0.05 0.6 0.35 0.2 0.65 0.1 0.75 
-0.018361872416664506 0.5106766264371446 0.4321212492466263 0.4 0.85 0.6 0.6 0.3 0.55 1.0 0.6 0.15 0.65 1.0 0.25 0.7 0.0 0.7 0.6 0.5 0.8 0.2 0.15 0.7 1.0 0.55 0.6 0.8 0.3 0.3 0.65 0.2 0.3 0.35 0.9 0.15 0.95 0.65 0.35 
-0.005414431471948635 0.5484598790678431 0.5418443041578989 0.45 0.95 0.4 0.95 0.25 0.0 0.8 0.55 0.65 0.75 0.8 0.4 0.8 0.65 1.0 0.65 1.0 0.5 0.95 0.15 0.65 0.8 0.25 0.25 0.95 0.3 0.55 1.0 0.45 0.6 0.85 0.1 0.8 0.65 0.0 0.75 
-0.03485145356455992 0.5333575079181683 0.4635035490928137 0.8 0.1 0.95 0.95 0.25 0.6 0.75 0.55 0.75 0.75 0.8 0.25 0.8 0.65 0.7 0.15 1.0 0.7 0.95 0.15 0.1 0.95 0.25 0.25 0.9 1.0 0.6 1.0 0.45 0.7 0.55 0.4 0.9 0.6 0.85 0.65 
-0.00721855611339398 0.41986749966131864 0.4965692669755787 0.75 0.9 0.4 0.25 0.25 0.75 0.7 0.55 0.75 0.6 0.55 0.3 0.05 0.25 0.05 0.05 0.3 0.35 0.2 0.15 0.45 0.5 0.65 0.3 0.8 0.55 0.65 0.3 0.15 0.05 0.25 0.1 0.4 0.65 0.45 0.4 
-0.010034249198319281 0.5204395228365156 0.5316405710842254 0.8 0.1 0.4 0.95 0.25 0.7 0.95 0.1 0.25 0.6 0.65 0.6 0.45 0.9 0.45 0.55 1.0 0.6 0.8 0.2 0.65 0.95 0.25 0.9 0.9 0.3 0.6 0.95 0.45 0.6 0.6 1.0 0.9 0.05 0.95 0.75 
-0.006006808936346628 0.42747581928501693 0.4720986008822477 0.65 0.4 0.65 0.4 0.95 0.05 0.75 0.65 0.5 0.65 0.95 0.45 0.35 0.85 0.3 0.4 0.35 0.75 0.5 1.0 0.0 0.55 0.85 0.35 0.15 0.15 0.45 0.95 0.65 0.4 0.0 0.6 0.45 0.9 0.15 0.15 
-0.0030764416881457917 0.43662067989530073 0.5238040410722832 0.05 1.0 0.65 0.3 0.4 0.2 0.75 0.0 0.55 0.25 0.95 0.15 0.35 0.85 0.55 0.8 0.85 0.55 0.8 0.45 0.65 0.05 0.05 0.55 0.8 0.15 0.25 0.65 0.65 0.25 1.0 0.8 0.45 0.3 0.3 0.35 
-0.00673717150334656 0.44765159412523203 0.4259369005470922 0.45 0.55 0.5 0.9 0.95 0.25 0.8 0.65 0.5 0.95 0.95 0.3 0.5 0.85 0.55 0.4 0.35 0.75 0.4 0.9 0.6 0.1 0.85 0.35 0.25 0.7 0.45 0.45 0.65 0.5 0.35 0.0 0.0 1.0 0.3 0.35 
-0.0009123900715319628 0.5933296817959067 0.4994372364092425 0.8 0.1 0.35 0.75 0.25 0.75 0.45 0.1 0.25 0.6 0.65 0.25 0.45 0.25 0.45 0.25 0.25 0.2 0.65 0.2 0.75 0.95 0.25 0.25 0.45 0.05 0.25 0.2 0.1 0.5 0.85 1.0 0.85 0.5 0.95 0.5 
-0.0022662190761205928 0.6068308669580654 0.5144764784111703 0.8 0.1 0.4 0.95 0.65 0.7 0.3 0.55 0.75 0.75 0.8 0.25 0.8 0.9 0.6 0.55 1.0 0.5 0.95 0.15 0.65 0.95 0.25 0.25 0.55 0.3 0.6 0.95 0.45 0.6 0.4 0.65 0.9 0.5 0.5 0.75 
-0.00650721842726616 0.41734708380302793 0.46007245310791584 0.55 0.5 0.9 0.05 0.4 0.55 1.0 0.0 0.55 0.95 0.95 0.15 0.5 0.3 0.25 0.3 0.25 0.3 0.65 0.45 0.1 0.2 0.95 0.45 0.75 0.15 0.45 1.0 0.65 0.5 0.65 0.8 0.6 0.45 0.3 0.2 
-0.0002530067124558756 0.4471408569911225 0.45526794848697805 0.05 1.0 0.45 0.4 0.95 0.1 0.75 0.65 0.5 0.95 0.95 0.3 0.35 0.85 0.55 0.4 0.35 0.75 0.6 1.0 0.5 0.15 0.85 0.35 0.25 0.15 0.45 0.45 0.65 0.4 0.45 0.6 0.0 1.0 0.3 0.35 
-0.005636942725777218 0.5655924027493205 0.5406273626970384 0.8 0.85 0.3 0.15 0.25 0.75 0.6 0.1 0.3 0.6 0.65 0.25 0.45 0.25 0.45 0.55 1.0 0.6 0.9 0.2 0.15 0.25 0.25 0.25 0.15 0.05 0.4 0.2 0.45 0.6 0.85 1.0 0.9 0.9 0.95 0.65 
-0.02340945247973177 0.44978478295170976 0.4168896086318316 0.45 0.05 0.0 0.65 0.85 1.0 0.95 0.7 0.35 0.9 1.0 0.55 0.05 1.0 0.45 0.05 0.05 0.3 0.8 0.05 0.45 0.55 1.0 0.2 0.6 0.55 0.35 0.45 0.6 1.0 0.6 0.8 0.65 0.7 0.15 0.55 
-0.003487255886293953 0.3928494637418908 0.5071826026643289 0.05 0.35 0.45 0.9 0.95 0.15 1.0 0.0 0.55 0.9 0.0 0.15 0.7 0.65 0.75 0.1 0.65 0.75 0.9 0.45 0.65 0.6 0.3 0.45 0.5 0.15 0.1 0.75 0.65 0.5 0.6 0.8 0.3 0.95 0.3 0.35 
-0.0054572172979445955 0.5493874479383837 0.4262284513966081 0.65 0.3 0.6 0.55 0.9 0.55 0.85 0.6 0.15 0.65 1.0 0.25 0.6 0.15 0.2 0.6 0.95 0.8 0.7 0.15 1.0 1.0 0.55 0.45 1.0 0.6 0.3 0.0 0.15 0.45 0.15 0.75 0.25 0.9 0.65 0.35 
-0.0013096781985643972 0.4038175930728113 0.5180241043471904 0.35 1.0 0.45 0.35 0.95 0.25 1.0 0.7 0.5 0.95 0.95 0.3 0.2 0.85 0.9 0.9 0.75 0.5 0.15 0.85 0.75 0.35 0.85 1.0 0.65 0.15 0.45 0.45 0.35 0.3 0.75 0.65 0.15 0.75 0.45 0.2 
-0.00194616855264168 0.46760395036406754 0.43660415188839935 0.45 0.05 0.0 0.0 0.25 0.25 0.95 0.7 0.35 0.9 1.0 0.55 0.3 1.0 0.45 0.05 0.05 1.0 0.8 0.05 0.45 0.75 1.0 0.2 0.05 0.05 0.6 0.25 0.6 1.0 0.45 0.75 0.55 0.7 0.15 0.55 
-0.0004553367842968273 0.5977611787775311 0.5225017848751864 0.8 0.1 0.45 0.95 0.25 0.0 0.45 0.1 0.25 0.6 0.65 0.25 0.45 0.25 0.45 0.55 1.0 0.8 0.9 0.2 0.3 0.3 0.25 0.25 0.35 0.45 0.25 0.9 0.45 0.6 0.85 1.0 0.9 0.9 0.95 0.65 
-0.009006226122105582 0.5790729596853967 0.5052850465674071 0.8 0.0 0.4 0.95 0.85 0.75 0.15 0.1 0.35 0.6 0.65 0.2 0.5 0.65 0.9 0.6 0.9 0.6 0.65 0.2 0.25 0.95 0.4 0.25 0.9 0.3 0.25 0.95 0.45 0.6 0.75 1.0 0.9 0.5 0.95 0.75 
-0.0001990354948827133 0.5525134199456955 0.4007973367516148 0.05 0.75 0.0 0.55 0.25 0.55 1.0 0.6 0.15 0.65 1.0 0.25 0.0 0.2 0.95 0.6 0.6 0.8 0.95 0.9 0.4 1.0 0.55 0.6 0.65 0.15 0.1 0.65 0.15 0.3 0.15 1.0 0.4 0.95 0.65 0.35 
-0.0030805548083331392 0.603098719612819 0.47165564058269155 0.7 0.45 0.4 0.55 0.15 0.4 1.0 0.6 0.8 0.9 1.0 0.2 0.6 0.15 0.2 0.6 1.0 0.1 0.65 0.55 0.7 1.0 0.55 0.55 0.4 0.8 0.3 0.0 0.15 0.45 0.25 0.15 0.65 0.8 0.65 0.35 
-0.004969301260079323 0.39131507492045353 0.4835625557384671 0.25 0.1 0.15 0.85 0.45 0.6 1.0 0.05 0.5 0.95 1.0 0.3 0.65 0.3 0.2 0.2 0.9 0.9 0.95 0.45 0.3 0.65 0.65 0.3 0.9 0.25 0.25 0.95 0.9 0.4 0.7 0.4 0.35 0.85 0.3 0.6 
-0.006931198437278793 0.5707071837181789 0.46194357948766995 0.05 0.1 0.6 0.15 0.15 0.05 0.85 0.5 0.75 0.35 0.95 0.4 0.2 0.05 0.35 0.1 0.8 0.1 0.15 0.7 0.8 0.7 0.8 0.6 0.05 0.9 0.65 0.15 0.55 0.55 0.6 0.45 0.25 0.65 0.1 0.75 
-0.004292140903919683 0.5262247059364467 0.575021429700564 0.8 0.1 0.1 0.95 0.25 0.1 0.45 0.1 0.25 0.6 0.5 0.25 0.9 0.65 0.1 0.35 1.0 0.6 0.9 0.2 0.75 0.25 0.25 0.25 0.7 0.05 0.3 0.45 0.65 0.75 0.95 0.1 0.9 0.1 0.95 0.65 
-0.000766372069139348 0.4187895693076552 0.5302138932613271 0.7 0.65 0.95 0.3 0.05 0.2 1.0 0.0 0.05 0.95 0.95 0.2 0.35 0.85 0.9 0.9 0.85 0.75 0.75 0.45 0.65 0.05 0.55 0.95 0.7 0.8 0.9 0.55 0.95 0.25 1.0 0.8 0.2 0.55 0.3 0.35 
-0.022691077738399196 0.3861914728588589 0.38432733796125146 0.05 0.5 0.7 0.4 0.6 0.85 1.0 1.0 0.55 1.0 0.95 0.15 0.5 0.6 0.25 0.4 0.6 0.75 0.3 0.45 0.45 0.1 0.8 0.8 0.7 0.95 0.8 0.95 0.65 0.5 0.8 0.8 0.6 0.9 0.3 0.35 
-0.0007690633584737551 0.5136410640495401 0.42589606961153575 0.4 0.7 0.6 0.6 0.3 0.55 1.0 0.6 0.15 0.65 1.0 0.25 0.7 0.15 0.7 0.6 0.5 0.8 0.2 0.15 0.7 1.0 0.55 0.6 0.8 0.3 0.3 0.65 0.2 0.2 0.35 1.0 0.15 0.95 0.65 0.35 
-0.04965816984815647 0.504480797757734 0.5591957489987482 0.8 0.1 0.4 0.65 0.9 0.1 0.45 0.1 0.3 0.6 0.5 0.25 0.45 1.0 0.9 1.0 0.5 0.25 0.85 0.15 0.75 0.2 0.25 0.25 0.9 0.05 0.3 0.2 0.65 0.4 0.6 0.1 0.9 0.5 0.95 0.65 
-0.0020666985652603165 0.5360360909093905 0.4452768142530759 0.25 0.25 0.25 1.0 0.05 0.55 0.95 0.6 0.15 0.55 1.0 0.25 0.55 0.15 0.2 0.8 0.6 0.75 0.8 0.9 0.85 1.0 0.55 0.6 0.5 0.3 0.5 0.35 0.15 0.45 0.7 0.35 0.6 1.0 0.65 0.25 
-0.002887321603413938 0.6028012012242406 0.5583000767414672 0.5 0.1 0.6 0.95 0.25 0.0 0.4 0.1 0.6 0.6 0.65 0.25 0.85 0.35 0.2 0.55 1.0 0.6 0.9 0.2 0.3 0.3 0.15 0.25 0.5 0.95 0.25 0.2 0.45 0.85 0.85 1.0 0.9 0.45 0.95 0.65 
-0.0037716704894862744 0.44623361714388016 0.5343809147101493 0.05 1.0 0.45 0.1 0.95 0.25 1.0 0.9 0.5 0.95 0.95 0.8 0.35 0.3 0.55 0.0 0.35 0.65 0.95 0.45 0.75 0.6 0.6 0.2 0.95 0.25 0.25 0.9 0.9 0.4 1.0 0.6 0.45 1.0 0.3 0.6 
-0.016695521051899066 0.4319417490660734 0.4447498845979423 0.05 0.35 0.45 0.9 0.95 0.15 1.0 0.0 0.55 0.9 0.0 0.15 0.3 0.65 0.7 0.4 0.65 0.75 0.9 0.2 0.65 0.05 0.3 0.45 0.7 0.15 0.1 0.75 0.65 0.5 0.6 0.8 0.05 0.95 0.3 0.35 
-0.008225850914484542 0.3887945018612018 0.4616808383295088 0.7 0.35 0.45 1.0 0.95 0.75 1.0 0.0 0.55 0.95 0.9 0.15 0.5 0.75 0.7 0.0 0.35 0.75 0.45 0.2 0.05 0.05 1.0 0.45 0.0 0.15 0.1 0.95 0.65 0.5 0.7 0.8 0.1 0.95 0.3 0.35 
-0.04924010428714561 0.47495174181118577 0.3981977400886321 0.5 0.6 0.45 0.4 0.65 0.15 1.0 0.75 0.5 0.95 0.95 0.3 0.8 0.95 0.55 0.4 0.35 0.75 0.95 1.0 0.6 0.2 0.85 0.8 0.25 0.35 0.45 0.45 0.65 0.55 0.9 1.0 0.05 1.0 0.3 0.35 
-0.010029201012883794 0.42465075217108716 0.47645793053897056 0.05 1.0 0.45 0.55 0.7 0.15 1.0 0.65 0.5 0.95 1.0 0.3 0.35 0.85 0.55 0.25 0.6 0.0 0.7 0.05 0.2 0.95 0.8 0.3 0.3 0.15 0.2 0.45 0.7 0.3 0.25 0.6 0.1 1.0 0.45 0.3 
-0.015127779563535683 0.5838091453061427 0.589199078549599 0.8 0.85 0.3 0.15 0.25 0.75 0.6 0.1 0.3 0.6 0.65 0.25 0.45 0.25 0.45 0.55 1.0 0.6 0.9 0.2 0.75 0.25 0.25 0.25 0.15 0.05 0.4 0.2 0.45 0.6 0.85 1.0 0.9 0.9 0.95 0.65 
-0.011284348941840912 0.42018405158359856 0.446210957180181 0.45 0.05 0.0 0.65 0.85 1.0 0.95 0.7 0.35 0.85 1.0 0.55 0.05 1.0 0.45 0.05 0.05 0.3 0.8 0.05 0.45 0.75 0.35 0.2 0.6 0.45 0.35 0.45 0.6 1.0 0.6 0.8 0.65 0.7 0.15 0.55 
-0.019056594451968688 0.36852090295342577 0.49803632934698283 0.05 1.0 0.45 0.7 0.95 0.25 1.0 0.65 0.5 0.95 0.95 0.3 0.35 0.85 0.55 0.4 0.35 0.45 0.8 0.45 0.65 0.95 0.85 0.35 0.3 0.15 0.0 0.45 0.65 0.3 0.8 0.6 0.8 0.85 0.45 0.2 
-0.0266314803246587 0.54272587910538 0.5885468911631224 0.8 0.1 0.75 0.95 0.25 0.1 0.45 0.1 0.25 0.6 0.5 0.15 0.45 0.25 0.35 0.35 1.0 0.6 0.9 0.2 0.75 0.25 0.75 0.25 0.85 0.05 0.3 0.5 0.65 0.7 0.85 0.65 0.9 0.85 0.95 0.65 
-0.003466806002133042 0.5808877386766214 0.5431292142969284 0.0 0.1 0.35 0.95 0.25 0.75 0.45 0.1 0.25 0.6 0.65 0.25 0.45 0.25 0.45 0.55 1.0 0.2 0.65 0.2 0.75 0.3 0.25 0.25 0.45 0.05 0.6 0.2 0.1 0.6 0.85 1.0 0.9 0.45 0.95 0.65 
-0.0035636076315335072 0.36248571924800604 0.5220756233055929 0.4 0.45 0.05 0.2 0.25 0.55 0.7 0.55 0.75 0.55 0.45 0.2 0.4 0.25 0.9 0.7 0.0 0.35 0.2 0.15 0.9 0.5 0.65 0.65 0.8 0.55 0.65 0.3 1.0 0.05 0.25 0.1 0.1 0.7 0.45 0.4 
-0.0011690749068689879 0.5796164065654915 0.6103501859412508 0.8 0.0 0.15 0.95 0.25 0.65 0.55 0.4 0.35 0.55 0.65 0.25 0.15 0.25 0.45 0.55 0.6 0.6 0.3 0.25 0.3 0.5 0.15 0.25 1.0 0.05 0.25 0.75 0.45 0.6 0.7 1.0 0.95 0.9 0.95 0.65 
-0.016556717699017277 0.4283929864853089 0.40409038812178694 0.65 1.0 0.25 0.4 0.95 0.25 1.0 0.65 0.5 0.95 0.95 0.3 0.05 0.85 0.55 0.4 0.35 0.75 0.4 0.7 0.65 0.2 0.05 0.6 0.25 0.6 0.45 0.7 0.65 0.5 0.45 0.6 0.0 1.0 0.3 0.35 
-0.0020878637828550583 0.569061798931746 0.5672793475799168 0.8 0.85 0.3 0.15 0.25 0.75 0.6 0.1 0.3 0.6 0.45 0.25 0.45 0.25 0.45 0.55 1.0 0.6 0.9 0.2 0.75 0.25 0.25 0.25 0.15 0.05 0.6 0.2 0.45 0.6 0.85 1.0 0.9 0.9 0.95 0.65 
-0.026861834049714515 0.3617504621387764 0.41398044970860026 0.1 0.35 0.45 0.4 0.7 0.2 1.0 0.0 0.55 0.95 0.95 0.3 0.35 0.65 0.65 0.4 0.35 0.75 0.8 0.45 0.4 0.05 0.85 0.55 0.9 0.25 0.1 0.75 0.65 0.5 0.55 0.75 0.3 0.85 0.3 0.35 
-0.005387838155308394 0.5856224353342061 0.40433061577691115 0.7 0.45 0.0 0.55 0.5 0.4 0.95 0.6 0.15 0.9 1.0 0.2 0.6 0.15 0.05 0.6 1.0 0.95 0.9 0.95 0.7 0.8 0.55 0.6 0.4 0.8 0.8 0.0 0.1 0.7 0.15 0.15 0.15 0.8 0.65 0.35 
-0.006588852461025962 0.41196122244273037 0.4342243992732735 0.05 0.5 0.85 0.7 0.4 0.1 1.0 1.0 0.55 0.95 0.95 0.05 0.5 0.3 0.25 0.4 0.75 0.9 0.3 0.45 0.6 0.2 0.95 0.45 0.65 0.2 0.45 1.0 0.65 0.5 0.6 0.8 0.2 0.9 0.3 0.35 
-0.02891068710035925 0.6318335658323805 0.4638923522669427 0.8 0.85 0.9 0.55 0.05 0.2 0.8 0.6 0.15 0.65 1.0 0.25 0.6 0.15 0.2 0.6 0.6 0.8 0.7 0.9 0.7 0.7 0.55 0.6 0.8 0.8 0.3 0.0 0.15 0.45 0.15 1.0 0.25 0.95 0.65 0.35 
-0.007581693620272157 0.4114509971970462 0.4094940772007371 0.65 0.55 0.5 0.9 0.95 0.25 1.0 0.65 0.5 0.95 0.95 0.3 0.5 0.85 0.55 0.4 0.35 0.75 0.4 0.9 0.6 0.2 0.85 0.35 0.25 0.15 0.45 0.45 0.65 0.5 0.35 0.6 0.0 1.0 0.3 0.35 
-0.023575613241852506 0.6136369947512619 0.5822498140393181 0.8 0.1 0.4 0.95 0.25 0.7 0.05 0.1 0.25 0.6 0.65 0.25 0.45 0.9 0.45 0.55 1.0 0.3 0.65 0.2 0.65 0.95 0.25 0.25 0.9 0.3 0.6 0.95 0.45 0.6 0.6 1.0 0.9 0.5 0.95 0.75 
-0.07555712180719307 0.47139831230058193 0.3957230596984093 0.5 1.0 0.55 0.4 0.65 0.7 1.0 0.75 0.5 0.95 0.95 0.3 0.05 0.15 0.55 0.4 0.35 0.65 0.95 1.0 0.55 0.25 0.85 0.3 0.5 0.35 0.3 0.5 0.65 0.5 0.95 1.0 0.0 1.0 0.3 0.35 
-0.00015422139496920108 0.4382159445225907 0.4265875397561471 0.45 0.05 0.0 0.65 0.85 1.0 0.95 0.7 0.35 0.9 1.0 0.55 0.3 1.0 0.45 0.05 0.7 0.3 0.8 0.8 0.45 0.3 1.0 0.2 0.05 0.3 0.0 0.5 0.3 0.95 0.6 0.9 0.75 0.8 0.15 0.75 
-0.0013618420297383923 0.36284609427775705 0.43729672226515487 0.65 1.0 0.5 0.4 0.95 0.25 1.0 0.65 0.5 0.85 0.95 0.3 0.95 0.8 0.55 0.4 0.35 0.75 0.8 0.7 0.65 0.2 0.8 0.35 0.25 0.15 0.45 0.45 0.65 0.5 0.6 0.6 0.35 1.0 0.3 0.35 
-0.01026644670359459 0.3755836078698037 0.47956172881947245 0.75 0.9 0.4 0.25 0.25 0.75 0.7 0.55 0.75 0.55 0.55 0.2 0.05 0.25 0.05 0.05 0.3 0.35 0.2 0.15 0.45 0.5 0.65 0.3 0.8 0.55 0.65 0.3 1.0 0.05 0.05 0.6 0.85 0.65 0.45 0.4 
-0.0045207931325209885 0.5634853992962175 0.42361673292785657 0.65 0.3 0.6 0.55 0.9 0.55 1.0 0.6 0.15 0.65 1.0 0.25 0.6 0.15 0.2 0.6 0.6 0.8 0.7 0.9 1.0 1.0 0.55 0.45 0.4 0.6 0.3 0.0 0.15 0.45 0.15 0.15 0.25 0.9 0.65 0.35 
-0.005239877222658894 0.6278080961687497 0.5029433097934265 0.4 0.85 0.9 0.55 0.05 0.55 0.8 0.6 0.15 0.65 1.0 0.35 0.6 0.15 0.2 0.6 0.6 0.8 0.7 0.9 0.7 0.7 0.55 0.6 0.8 0.8 0.3 0.0 0.15 0.45 0.55 0.5 0.4 0.95 0.65 0.35 
-0.010342801893308695 0.3969361778523715 0.5402808093130885 0.05 1.0 0.8 0.85 0.95 0.05 0.85 0.05 0.5 0.95 0.95 0.3 0.5 0.3 0.55 0.0 0.7 0.4 0.25 0.45 0.65 0.65 0.6 0.3 0.9 0.3 0.7 0.4 0.9 0.5 0.55 0.6 0.7 0.85 0.3 0.6 
-0.01635141961213892 0.3796205600638953 0.5735863992526139 0.35 1.0 0.45 0.35 0.95 0.25 1.0 0.7 0.5 0.95 0.95 0.3 0.2 0.85 0.9 0.9 0.75 0.85 0.15 0.1 0.75 0.35 0.85 1.0 0.65 0.15 0.45 0.45 0.65 0.3 0.75 0.65 0.15 0.75 0.45 0.55 
-0.0003944850022630635 0.6090751379428531 0.5257203243259725 0.8 0.1 0.45 0.95 0.25 0.0 0.45 0.1 0.25 0.6 0.65 0.25 0.75 0.25 0.9 0.55 1.0 0.6 0.9 0.2 0.3 0.3 0.25 0.25 0.05 0.15 0.1 0.9 0.45 0.6 0.85 1.0 0.9 0.9 0.95 0.65 
-0.006519593619721 0.344641427340169 0.4736986753557399 0.05 1.0 0.55 0.55 0.95 0.25 1.0 0.65 0.5 0.95 0.95 0.3 0.35 0.85 0.55 0.4 0.35 0.75 0.8 0.45 0.25 0.8 0.85 0.35 0.55 0.4 0.0 0.45 0.7 0.3 0.8 0.6 0.1 1.0 0.45 0.35 
-0.0076089778411608504 0.6386304758736175 0.5660713428007104 0.8 0.1 0.4 0.95 0.25 1.0 0.5 0.55 0.75 0.75 0.8 0.3 0.35 0.65 0.7 0.9 0.95 0.1 0.4 0.15 0.65 1.0 0.25 0.25 0.9 0.3 0.6 1.0 0.45 0.6 0.3 0.65 0.75 0.6 0.95 0.75 
-0.019880961530316366 0.6612404594741812 0.5835074713780453 0.8 0.1 0.4 0.95 0.25 0.7 0.95 0.1 0.25 0.6 0.65 0.25 0.45 0.9 0.45 0.55 1.0 0.3 0.65 0.2 0.65 0.95 0.25 0.25 0.85 0.3 0.6 0.95 0.45 0.6 0.6 1.0 0.9 0.5 0.95 0.75 
-0.0023797753118274816 0.3902776351183848 0.43832218757232044 0.5 0.45 0.6 0.4 1.0 0.25 1.0 0.65 0.5 0.9 0.95 0.3 0.5 0.85 0.55 0.4 0.35 0.75 0.8 0.7 0.65 0.2 0.85 0.0 0.25 0.15 0.45 0.45 0.65 0.5 0.35 0.35 0.05 1.0 0.3 0.35 
-0.001601809969719859 0.6470528544825429 0.5561616313710684 0.4 0.85 0.15 0.55 0.0 0.55 0.7 0.6 0.15 0.65 1.0 0.25 0.3 0.45 0.2 0.35 0.6 0.65 1.0 0.4 0.7 0.8 0.55 0.6 0.8 0.8 0.3 0.0 0.15 0.45 0.15 0.15 0.05 0.85 0.65 0.35 
-0.026503920619967262 0.3984209462224247 0.5689085553119799 0.4 0.9 0.05 0.2 0.1 0.2 0.7 0.55 0.75 0.55 0.45 0.2 0.4 0.25 0.2 0.7 0.0 0.35 0.35 0.15 0.65 0.5 0.7 0.65 0.8 0.55 0.65 0.3 1.0 0.05 0.25 0.1 0.35 0.5 0.45 0.55 
-0.004480275541201605 0.6343343967733419 0.5480403811111871 0.8 0.9 0.35 0.95 0.25 0.75 0.45 0.3 0.55 0.6 0.65 0.25 0.45 0.25 0.45 0.55 1.0 0.6 0.8 0.2 0.35 0.75 0.25 0.25 0.45 0.05 0.6 0.0 0.45 0.6 0.85 1.0 0.9 0.85 0.95 0.65 
-0.005289708260846855 0.3815875537926071 0.4286903989152766 0.5 0.35 0.45 1.0 0.95 0.95 1.0 0.0 0.55 0.95 0.05 0.15 0.5 0.65 0.7 0.25 0.35 0.75 1.0 0.6 0.05 0.05 0.2 0.45 0.3 0.15 0.1 0.2 0.65 0.5 0.4 0.8 0.3 0.95 0.3 0.35 
-0.06064540375557495 0.4342742922660878 0.5939659559057966 0.85 1.0 0.45 0.85 0.55 0.9 0.95 0.1 0.5 0.95 0.95 0.3 0.35 0.3 1.0 0.0 0.35 0.75 0.95 0.25 0.65 0.65 0.6 0.2 0.55 0.4 0.45 0.65 0.9 0.5 0.75 0.6 0.4 0.85 0.3 0.6 
-0.004206478120341983 0.5874321500643666 0.45051720719175425 0.7 0.8 0.15 0.55 0.35 0.4 1.0 0.6 0.15 0.9 1.0 0.3 0.6 0.15 0.2 0.6 0.9 0.95 0.9 0.95 0.05 0.5 0.55 0.55 0.4 0.8 0.3 0.0 0.3 0.45 0.25 0.75 0.65 0.8 0.65 0.35 
-0.022112597756912423 0.5001805776743135 0.3740591978753923 0.55 0.25 0.95 0.8 0.35 0.55 1.0 0.6 0.15 0.65 1.0 0.3 0.75 0.15 0.2 0.8 0.6 0.8 0.95 0.9 0.55 0.95 0.55 0.6 0.95 0.3 0.3 0.9 0.15 0.45 0.35 0.4 0.85 1.0 0.65 0.25 
-0.05280359337849774 0.3318535217417108 0.5247771077673963 0.05 0.75 0.45 0.55 0.95 0.25 0.85 0.65 0.5 0.95 0.95 0.3 0.35 0.85 0.55 0.4 0.35 0.45 0.8 0.35 0.65 0.8 0.85 0.35 0.55 0.15 0.0 0.45 0.65 0.3 0.8 0.6 0.1 1.0 0.45 0.35 
-0.002867308512497888 0.41108736639733034 0.5356052961738285 0.7 0.65 0.95 0.3 0.05 0.2 1.0 0.0 0.05 0.95 0.95 0.2 0.35 0.85 0.9 0.55 0.85 0.75 0.75 0.45 0.65 0.05 0.65 0.95 0.8 0.8 0.9 0.55 0.95 0.25 1.0 0.8 0.2 0.55 0.3 0.35 
-0.005265680579211365 0.514217766398571 0.38156296458210925 0.55 0.25 0.6 1.0 0.35 0.55 1.0 0.6 0.15 0.65 1.0 0.05 0.75 0.15 0.2 0.8 0.6 0.8 0.95 0.9 0.55 0.95 0.55 0.6 0.95 0.3 0.45 0.9 0.15 0.45 0.15 0.35 1.0 1.0 0.65 0.25 
-0.0227711685049658 0.4672823053983117 0.3993497990343774 0.5 0.7 0.9 0.4 0.65 0.15 1.0 0.75 0.5 0.95 0.95 0.3 0.8 0.85 0.55 0.4 0.35 0.75 0.95 1.0 0.45 0.2 0.85 0.8 0.25 0.35 0.7 0.45 0.65 0.55 0.9 1.0 0.05 1.0 0.3 0.35 
-0.024799492679871145 0.5293750778339338 0.41177364612641065 0.4 0.85 0.9 0.45 0.9 0.55 1.0 0.6 0.15 0.65 1.0 0.25 0.95 0.15 0.0 0.55 0.6 0.8 0.4 0.3 0.7 1.0 0.55 0.6 0.75 0.3 0.3 0.65 0.25 0.3 0.15 1.0 0.3 1.0 0.65 0.35 
-0.0019313207217670147 0.6050542133776446 0.5475337028244043 0.8 0.0 0.4 0.95 0.85 0.75 0.15 0.1 0.35 0.6 0.65 0.2 0.5 0.65 0.9 0.6 0.9 0.6 0.6 0.2 0.25 0.95 0.4 0.25 0.9 0.05 0.25 0.6 0.45 0.6 0.75 1.0 0.9 0.5 0.95 0.75 
-0.03785332034551012 0.6537084619349718 0.42868253494655706 0.7 0.45 0.8 0.55 0.65 0.75 1.0 0.6 0.15 0.9 1.0 0.2 0.6 0.15 0.2 0.6 1.0 0.95 0.6 0.5 0.7 1.0 0.55 0.55 0.35 0.8 0.3 0.0 0.15 0.05 0.25 0.1 0.7 0.8 0.65 0.35 
-0.0029758401387320523 0.3808839496609563 0.47268289382970474 0.75 0.9 0.4 0.25 0.25 0.75 0.7 0.55 0.75 0.55 0.55 0.2 0.05 0.25 0.05 0.05 0.3 0.35 0.2 0.15 0.45 0.5 0.65 0.3 0.8 0.55 0.65 0.3 1.0 0.05 0.25 0.1 0.4 0.65 0.45 0.4 
-0.019294162884833654 0.5602668709191473 0.5936661840909101 0.8 0.1 0.0 0.65 0.25 0.1 0.15 0.1 0.3 0.6 0.5 0.25 0.45 1.0 0.1 1.0 0.5 0.3 0.95 0.15 0.75 0.15 0.25 0.05 0.9 0.05 0.3 0.2 0.65 0.7 0.6 0.1 0.9 0.7 0.95 0.65 
-0.008710099326853798 0.6181248162505053 0.4513525365781858 0.8 0.35 0.95 0.95 0.25 0.6 0.75 0.55 0.75 0.75 0.8 0.25 0.85 0.65 0.7 0.15 1.0 0.5 0.95 0.15 0.65 0.95 0.25 0.25 0.9 0.3 0.6 1.0 0.45 0.7 0.4 0.6 0.9 0.15 0.85 0.65 
-0.015839334210288915 0.6214801358824403 0.5998635898257071 0.8 0.1 0.8 0.95 0.25 0.0 0.45 0.1 0.4 0.6 0.65 0.25 1.0 0.25 0.45 0.55 1.0 0.6 0.9 0.2 0.3 0.3 0.25 0.25 0.85 0.05 0.25 0.2 0.45 0.95 0.85 1.0 0.9 0.9 0.95 0.65 
-0.029100870473954106 0.6297300168192591 0.4302846120643227 0.1 0.9 0.0 0.65 0.45 0.85 0.8 0.55 0.75 0.9 0.8 0.25 0.45 0.9 0.1 0.55 1.0 0.5 0.85 0.15 0.65 0.95 0.25 0.25 0.85 0.35 0.6 0.95 0.45 0.6 0.95 0.15 0.9 0.7 0.95 0.75 
-0.01959224001824266 0.3348693057693234 0.5025091498822563 0.05 0.35 0.45 0.4 0.35 0.2 1.0 0.0 0.55 0.95 0.95 0.3 0.35 0.65 0.55 1.0 0.35 0.75 0.8 0.45 0.3 0.65 0.85 0.55 0.9 0.15 0.1 0.9 0.85 0.5 1.0 0.85 0.3 0.85 0.3 0.35 
-0.025181071714355595 0.654734981524826 0.48486584602794636 0.65 0.2 0.4 0.95 0.25 0.15 0.75 0.55 0.75 0.75 0.8 0.25 0.8 0.65 0.7 0.15 1.0 0.5 1.0 0.15 0.65 0.95 0.25 0.25 0.9 0.3 0.6 0.95 0.45 0.7 0.65 0.65 0.4 0.7 0.95 0.8 
-0.006988322550201937 0.5384500194655945 0.38111386502753114 0.7 0.4 0.4 0.55 0.6 0.65 1.0 0.6 0.15 0.9 1.0 0.2 0.7 0.15 0.7 0.4 1.0 0.95 0.65 0.0 0.7 1.0 0.55 0.55 0.35 0.5 0.85 0.0 0.15 0.45 0.25 0.15 0.65 0.8 0.65 0.35 
-0.006294140578404461 0.34420292792950863 0.46527954267243316 0.05 1.0 0.45 0.55 0.95 0.25 1.0 0.65 0.5 0.95 0.95 0.3 0.35 0.85 0.55 0.4 0.35 0.45 0.8 0.45 0.65 0.8 0.85 0.35 0.95 0.15 0.0 0.15 0.65 0.3 0.1 0.6 0.9 1.0 0.45 0.35 
-0.0054054356176250085 0.5541342011771587 0.38153930086334326 0.0 0.75 0.0 1.0 0.25 0.55 1.0 0.6 0.15 0.65 1.0 0.25 0.0 0.2 0.95 0.6 0.6 0.8 0.75 0.9 0.75 1.0 0.55 0.6 0.65 0.2 0.1 0.65 0.15 0.45 0.4 1.0 0.4 0.95 0.65 0.35 
-0.005700889646046343 0.4618437472827295 0.563634963049671 0.75 0.6 0.55 0.6 0.8 0.15 0.3 0.3 0.8 0.05 0.55 0.3 0.45 0.85 0.8 0.0 0.05 0.25 0.65 0.35 0.2 0.7 0.3 0.85 0.75 0.2 0.85 0.7 0.95 0.7 0.35 0.35 0.0 0.75 0.35 0.95 
-0.005355166007518488 0.31696505663539787 0.46798004055964326 0.05 0.5 0.45 0.4 0.45 0.05 0.75 0.0 0.55 1.0 0.95 0.15 0.85 0.65 0.25 0.1 0.6 0.75 1.0 0.45 0.6 0.15 0.8 0.45 0.9 0.45 0.4 0.8 0.65 0.5 0.8 0.8 0.6 0.9 0.3 0.35 
-0.0015306751948273112 0.6318722028415557 0.5136392934595823 0.1 0.1 0.0 0.65 0.25 0.85 0.25 0.55 0.75 1.0 0.8 0.25 0.45 0.6 0.55 0.55 1.0 0.45 1.0 0.15 0.65 0.95 0.25 0.25 0.9 0.35 0.3 1.0 0.45 0.6 0.15 0.15 0.9 0.7 0.95 0.75 
-0.04807709358866898 0.43610425774509953 0.3878130705844208 0.5 0.7 0.45 0.4 0.65 0.15 1.0 0.75 0.5 0.95 0.95 0.3 0.8 0.85 0.55 0.4 0.35 0.75 0.95 1.0 0.55 0.2 0.85 0.3 0.25 0.35 0.45 0.45 0.65 0.55 0.7 0.3 0.05 1.0 0.3 0.4 
-0.018042562158711303 0.6366713866449785 0.44551650886085437 0.7 0.45 0.4 0.55 0.15 0.4 1.0 0.6 0.15 0.9 1.0 0.3 0.6 0.15 0.2 0.6 1.0 0.95 0.9 0.95 1.0 1.0 0.55 0.55 0.4 0.85 0.3 0.0 0.05 0.45 0.25 0.1 0.0 0.8 0.65 0.35 
-0.005651804850419793 0.3754584900111856 0.5343836685894313 0.05 1.0 0.45 0.45 0.7 0.25 1.0 0.05 0.85 1.0 0.95 0.3 0.9 0.3 0.55 0.0 0.45 0.75 0.95 0.45 0.65 0.45 0.6 0.3 0.9 0.3 0.45 0.5 0.9 0.6 1.0 0.6 0.7 0.85 0.3 0.6 
-0.003976858490989081 0.5848584750510215 0.3853621913110484 0.7 0.45 0.0 0.55 0.5 0.4 0.95 0.6 0.15 0.9 1.0 0.2 0.6 0.15 0.05 0.6 1.0 0.95 0.9 0.95 0.7 0.8 0.55 0.6 0.4 0.8 0.6 0.0 0.1 0.7 0.15 0.15 0.15 0.8 0.65 0.35 
-0.001198471356263965 0.6058393802375809 0.4266094511306682 0.7 0.45 0.6 0.55 0.1 0.55 1.0 0.6 0.15 0.65 1.0 0.25 0.6 0.15 0.2 0.6 0.6 0.8 0.45 0.95 0.7 1.0 0.55 0.45 0.4 0.8 0.3 0.0 0.15 0.45 0.15 0.15 0.65 0.95 0.65 0.35 
-0.029098575739562944 0.5452029842784146 0.5956993383942275 0.8 0.1 0.15 0.65 0.25 0.1 0.45 0.1 0.35 0.6 0.5 0.25 0.45 0.85 0.1 0.1 0.5 0.25 0.85 0.15 0.75 0.65 0.25 0.25 0.9 0.05 0.3 0.2 0.65 0.7 0.85 0.1 0.4 0.8 0.95 0.65 
-0.020850163617455984 0.4394920408287062 0.3847879976572571 0.8 0.3 0.8 0.7 0.15 0.5 1.0 0.75 0.5 1.0 0.95 0.3 0.8 0.85 0.55 0.65 0.9 0.9 0.95 1.0 0.55 0.15 0.8 0.3 0.35 0.35 0.55 0.35 0.65 0.55 0.95 0.05 0.05 1.0 0.3 0.4 
-0.011657653896735856 0.47473267678901726 0.5855795459338541 0.85 1.0 0.45 0.85 0.55 0.9 0.95 0.1 0.5 0.95 0.95 0.3 0.35 0.3 1.0 0.0 0.35 0.75 0.95 0.25 0.65 0.65 0.6 0.2 0.55 0.4 0.45 0.65 0.9 0.5 1.0 0.6 0.4 0.85 0.3 0.6 
-0.0006379151928637345 0.5975915793350632 0.6280941006650043 0.8 0.5 0.6 0.5 0.25 0.0 0.9 0.1 0.4 0.55 0.65 0.25 0.45 0.25 0.45 0.55 0.1 0.6 0.35 0.2 0.3 0.3 0.15 0.25 1.0 0.05 0.25 0.15 0.45 1.0 0.85 1.0 0.75 0.9 0.95 0.65 
-0.010532334393004083 0.6687746913988036 0.547657355506212 0.8 0.1 0.4 0.95 0.25 0.7 0.95 0.1 0.25 0.6 0.65 0.25 0.45 0.9 0.45 0.55 1.0 0.3 0.65 0.5 0.65 0.95 0.25 0.25 0.9 0.3 0.6 0.95 0.45 0.6 0.65 1.0 0.9 0.5 0.95 0.75 
-0.030819526184253144 0.43240432599738976 0.5601889792853907 0.05 1.0 0.45 0.85 0.95 0.25 1.0 0.05 0.5 0.95 0.95 0.3 0.35 0.3 0.55 0.0 0.9 0.1 0.35 0.45 0.65 0.15 0.75 0.3 0.9 0.25 0.25 1.0 0.9 0.4 1.0 0.7 0.35 0.95 0.3 0.6 
-0.012495792144257152 0.3733183427036476 0.5811487341066816 0.85 0.8 0.2 0.85 0.95 0.25 1.0 0.1 0.5 0.95 0.95 0.1 0.35 0.3 0.55 0.0 0.85 0.75 0.95 0.45 0.65 0.7 0.6 0.15 0.7 0.4 1.0 0.65 0.9 0.65 0.65 0.6 0.15 0.75 0.3 0.6 
-0.1061465412964185 0.4683490005012326 0.3919797940082044 0.5 1.0 0.55 0.4 0.65 0.15 1.0 0.75 0.5 0.95 0.95 0.3 0.05 0.15 0.1 0.4 0.35 0.65 0.95 1.0 0.55 0.3 0.85 0.3 0.5 0.35 0.3 0.5 0.65 0.5 0.95 1.0 0.0 1.0 0.3 0.35 
-0.012715170050813185 0.6601459232783413 0.4384156021336106 0.45 0.1 0.4 0.95 0.25 0.7 0.75 0.55 0.75 0.7 0.8 0.1 0.8 0.65 0.3 0.65 1.0 0.75 0.95 0.15 0.75 0.8 0.25 0.25 0.95 0.3 0.55 0.95 0.45 0.6 0.85 0.5 0.8 0.25 0.95 0.75 
-0.04969257198357957 0.5826498400850546 0.6362864926263739 0.8 0.0 0.15 0.95 0.25 0.0 0.85 0.4 0.35 0.55 0.8 0.25 1.0 0.25 0.45 0.55 0.6 0.7 1.0 0.25 0.3 0.4 0.15 0.25 1.0 0.05 0.25 0.25 0.45 0.6 0.85 1.0 0.75 0.65 0.95 0.65 
-0.0012959788999680228 0.6546978738625802 0.43178355945560576 0.45 0.1 0.4 0.95 0.25 0.7 0.75 0.55 0.75 0.7 0.8 0.1 0.8 0.65 0.3 0.65 1.0 0.5 0.95 0.15 0.75 0.8 0.25 0.25 0.95 0.3 0.55 1.0 0.45 0.6 0.85 0.5 0.8 0.6 0.95 0.75 
-0.03739304492227338 0.6583840448151023 0.5898066632801579 0.8 0.1 0.4 0.95 0.25 0.7 0.9 0.1 0.25 0.6 0.65 0.25 0.45 0.9 0.45 0.55 1.0 0.3 0.65 0.2 0.65 0.95 0.25 0.25 0.9 0.3 0.6 0.95 0.45 0.6 0.6 1.0 0.9 0.5 0.95 0.75 
-0.005650822959224737 0.3305212985254429 0.4113508313166831 0.05 0.75 0.45 0.4 0.95 0.2 0.95 0.0 0.55 0.95 0.95 0.3 0.05 0.7 0.7 0.4 0.35 0.75 0.8 0.45 0.35 0.05 0.85 0.5 0.9 0.15 0.1 0.95 0.65 0.5 0.95 0.8 0.3 0.85 0.3 0.35 
-0.04035938791095566 0.6391817949152312 0.4694606874053614 0.7 0.45 0.15 0.55 0.35 0.4 1.0 0.6 0.15 0.9 1.0 0.3 0.6 0.15 0.2 0.6 0.9 0.95 0.9 0.95 0.05 1.0 0.55 0.55 0.4 0.8 0.3 0.0 0.15 0.45 0.3 0.75 0.65 0.8 0.65 0.35 
-0.0022986691268697575 0.60072676656827 0.41487503120859004 0.7 0.45 0.4 0.85 0.15 0.4 1.0 0.6 0.15 0.9 1.0 0.3 0.6 0.3 0.2 0.6 1.0 0.95 0.65 0.95 0.4 0.9 0.55 0.55 0.4 0.8 0.9 0.0 0.15 0.3 0.25 0.15 0.65 0.8 0.65 0.35 
-0.030370095343840726 0.4090242134942461 0.3806192913156357 0.05 0.45 0.7 0.4 0.0 0.85 1.0 0.0 0.55 1.0 0.95 0.15 0.5 0.4 0.25 0.4 0.6 0.75 0.3 0.45 0.45 0.1 0.9 0.8 0.85 0.95 0.8 0.95 0.65 0.5 0.85 0.8 0.6 0.9 0.3 0.35 
-0.03535773574876899 0.6587615492135911 0.5121487021552938 0.7 0.45 0.4 0.55 0.15 0.4 1.0 0.6 0.8 0.9 1.0 0.2 0.6 0.15 0.2 0.6 1.0 0.1 0.65 0.55 0.7 1.0 0.55 0.55 0.4 0.8 0.3 0.0 0.15 0.5 0.25 0.85 0.65 0.8 0.65 0.35 
-0.03376515188402863 0.5447973750642603 0.3620242560060506 0.7 0.45 0.4 0.55 0.6 0.65 1.0 0.6 0.15 0.9 1.0 0.2 0.7 0.15 0.7 0.4 1.0 0.95 0.65 0.0 0.7 1.0 0.55 0.55 0.35 0.5 0.3 0.0 0.15 0.45 0.25 0.15 0.65 0.8 0.65 0.35 
-6.756806589848402 0.5033674697432583 0.3647559202837026 0.55 0.25 0.95 0.8 0.35 0.55 1.0 0.6 0.15 0.65 1.0 0.3 0.75 0.15 0.2 0.8 0.6 0.8 0.95 0.9 0.7 0.95 0.55 0.6 0.95 0.3 0.3 0.9 0.15 0.45 0.15 0.3 0.85 1.0 0.65 0.25 
-0.010998737780372273 0.3423226068780751 0.5400064127975789 0.05 0.35 0.45 0.4 0.5 0.3 0.3 0.0 0.6 1.0 0.95 0.15 0.2 0.65 0.7 0.4 0.6 0.75 1.0 0.45 0.55 0.05 0.8 0.45 0.9 0.9 0.75 0.75 0.7 0.55 0.95 0.8 0.3 0.95 0.3 0.35 
-0.0004261211552855574 0.6167573395147056 0.6081257542238901 0.8 0.85 0.3 0.15 0.25 0.75 0.6 0.1 0.25 0.6 0.65 0.25 0.45 0.25 0.95 0.55 1.0 0.6 0.9 0.2 0.75 0.3 0.25 0.25 0.15 0.05 0.6 0.2 0.45 0.6 0.85 1.0 0.9 0.9 0.95 0.65 
-0.4075575251929056 0.5140463947618765 0.3658356025973629 0.55 0.25 0.95 0.8 0.35 0.55 1.0 0.6 0.15 0.65 1.0 0.3 0.75 0.15 0.2 0.8 0.6 0.8 0.95 0.9 0.55 0.95 0.55 0.6 0.95 0.3 0.3 0.9 0.15 0.45 0.15 0.4 0.85 1.0 0.65 0.25 
-0.08587849548640175 0.5382291299875221 0.6184227656779744 0.8 0.1 0.0 0.65 0.25 0.1 0.45 0.1 0.3 0.6 0.5 0.25 0.45 1.0 0.1 1.0 0.5 0.25 0.95 0.15 0.75 0.15 0.25 0.05 0.9 0.05 0.3 0.2 0.65 0.7 0.6 0.1 0.9 0.7 0.95 0.65 
-0.008589676431148805 0.5537138506417583 0.6265983257044911 0.8 0.0 0.15 0.95 0.25 0.2 0.55 0.4 0.35 0.55 0.65 0.25 0.45 0.25 0.45 0.55 0.6 0.6 1.0 0.25 0.3 0.5 0.15 0.25 1.0 0.05 0.25 0.25 0.45 0.6 0.85 1.0 0.0 0.9 0.95 0.65 
-0.0021198149157122736 0.5166332996749871 0.5819654165626837 0.8 0.1 0.1 0.95 0.25 0.1 0.45 0.1 0.25 0.6 0.5 0.25 0.9 0.25 0.1 0.35 1.0 0.6 0.9 0.2 0.75 0.25 0.25 0.25 0.85 0.05 0.3 0.45 0.65 0.75 0.95 0.1 0.9 0.1 0.95 0.65 
-0.587364097960003 0.34718922688272624 0.3896550949144319 0.05 0.45 0.7 0.4 0.0 0.85 1.0 0.0 0.55 1.0 0.95 0.15 0.5 0.4 0.25 0.4 0.6 0.75 1.0 0.45 0.45 0.1 0.9 0.55 0.85 0.95 0.8 0.95 0.65 0.5 0.8 0.8 0.6 0.9 0.3 0.35 
-0.10168901066417452 0.2863847454789942 0.4311826599807371 0.05 0.6 0.45 0.4 0.0 0.05 1.0 0.0 0.55 1.0 0.95 0.15 0.5 0.65 0.95 0.4 0.6 0.75 0.9 0.45 0.6 0.15 0.2 0.35 0.9 0.8 0.75 0.6 0.65 0.5 0.8 0.9 0.25 0.9 0.3 0.35 
-0.03427402203019588 0.5030501183468445 0.5997867178355272 0.8 0.1 0.15 0.65 0.25 0.1 0.45 0.1 0.3 0.6 0.5 0.25 0.45 0.85 0.1 0.1 0.5 0.25 0.85 0.15 0.75 0.15 0.2 0.25 0.9 0.05 0.3 0.2 0.65 0.7 0.85 0.1 0.9 0.8 0.95 0.65 
-0.0035616677823025536 0.33056247471869205 0.4113736139748992 0.05 0.75 0.45 0.4 0.95 0.2 0.95 0.0 0.55 0.95 0.95 0.3 0.05 0.7 0.7 0.4 0.35 0.75 0.8 0.45 0.35 0.05 0.85 0.5 0.9 0.15 0.1 0.95 0.65 0.5 0.95 0.8 0.3 0.85 0.3 0.35 
-0.09279615088065503 0.3141699626075031 0.40254676777962994 0.05 0.5 0.45 0.2 0.6 0.45 1.0 0.0 0.55 1.0 0.95 0.15 0.85 0.65 0.3 0.1 0.6 0.75 1.0 0.45 0.6 0.2 0.95 0.5 0.65 0.45 0.4 0.8 0.65 0.5 0.8 0.8 0.45 0.7 0.3 0.4 
-0.04559958889760254 0.2960621434836723 0.4311879759512236 0.05 0.5 0.45 0.4 0.0 0.05 1.0 0.0 0.55 1.0 0.95 0.15 0.5 1.0 0.95 0.65 0.6 0.75 0.9 0.45 0.6 0.15 0.95 0.5 0.9 0.8 0.75 0.35 0.65 0.5 0.8 0.9 0.6 0.95 0.3 0.35 
-0.008379475448724026 0.5075612876549709 0.5764102524651588 0.8 0.95 0.1 0.95 0.25 0.1 0.55 0.1 0.25 1.0 0.5 0.25 0.9 0.7 0.1 0.6 1.0 0.6 0.9 0.2 0.75 0.25 0.25 0.25 0.85 0.05 0.3 0.45 0.65 0.75 0.95 0.1 0.9 0.1 0.95 0.65 
-0.0035067055069924248 0.37321368393497717 0.39620573670972736 0.55 0.5 0.9 0.05 0.4 0.55 1.0 0.0 0.55 0.95 0.95 0.15 0.5 0.3 0.25 0.3 0.75 0.3 0.65 0.45 0.8 0.2 0.95 0.45 0.75 0.15 0.05 1.0 0.65 0.5 0.65 0.8 0.6 0.9 0.3 0.35 
-0.03015482260202007 0.6607492400615134 0.5882875200146833 0.8 0.1 0.4 0.95 0.25 0.7 0.95 0.1 0.25 0.6 0.65 0.25 0.45 0.9 0.45 0.55 1.0 0.3 0.65 0.2 0.65 0.95 0.25 0.25 0.9 0.3 0.6 0.95 0.45 0.6 0.6 1.0 0.9 0.5 0.95 0.75 
-0.0020879262756374004 0.31099344901010806 0.4836503606313853 0.7 0.35 0.45 1.0 0.95 0.75 1.0 0.0 0.55 0.95 0.9 0.15 0.5 0.75 0.7 0.0 0.35 0.75 0.45 0.2 0.05 0.05 1.0 0.45 0.3 0.15 0.1 0.95 0.65 0.5 0.7 0.8 0.2 0.95 0.3 0.35 
-0.011763704303967731 0.6771730741381968 0.45753974470177394 0.8 0.1 1.0 0.95 0.25 0.6 0.75 0.55 0.75 0.75 0.8 0.25 0.95 0.55 0.85 0.15 1.0 0.5 0.95 0.15 0.65 0.95 0.25 0.25 0.9 0.3 0.6 1.0 0.45 0.7 0.4 0.65 0.9 0.75 0.95 0.8 
-0.013035422685501178 0.2885370431959724 0.5091872647371503 0.75 0.35 0.45 0.9 0.5 0.4 0.7 0.0 0.55 1.0 0.95 0.15 0.0 0.45 0.35 0.9 0.4 0.7 1.0 0.45 0.65 0.05 0.75 0.45 0.9 0.8 0.75 0.45 0.65 0.4 0.7 0.85 0.25 0.95 0.3 0.35 
-0.005105599100845478 0.3110007506513339 0.4512514799522041 0.6 0.35 0.45 1.0 0.95 0.2 1.0 0.0 0.55 0.95 0.9 0.15 0.35 0.65 0.7 0.0 0.35 0.45 0.35 0.45 0.05 0.05 0.3 0.45 0.75 0.15 0.1 0.95 0.65 0.5 1.0 0.8 0.4 0.95 0.3 0.35 
-0.002950501028575933 0.6684270425011454 0.5029527216643621 0.3 0.1 0.4 0.95 0.25 0.0 0.75 0.55 0.75 0.75 0.8 0.25 0.25 0.65 1.0 0.65 0.65 0.5 0.95 0.15 0.65 0.95 0.25 0.25 0.9 0.3 0.5 1.0 0.45 0.6 0.4 0.65 0.6 0.6 0.95 0.9 
-0.0038743106995958176 0.312234097196057 0.5291313252095956 0.15 0.5 0.25 1.0 0.95 0.2 1.0 0.0 0.55 0.95 0.9 0.15 0.5 0.65 0.7 0.4 1.0 0.75 1.0 0.4 0.05 0.05 0.3 0.45 0.3 0.15 0.1 0.75 0.65 0.5 0.8 0.85 0.4 0.95 0.3 0.35 
-0.2789171270089461 0.3254559945943535 0.39387408685281433 0.05 0.5 0.45 0.4 0.6 0.4 1.0 0.0 0.55 1.0 0.95 0.15 0.85 0.65 0.3 0.1 0.6 0.75 1.0 0.45 0.6 0.2 0.95 0.5 0.9 0.45 0.4 0.8 0.65 0.5 0.8 0.8 0.6 0.7 0.3 0.4 
-0.0017045650182320295 0.29673156726101224 0.4670072727332318 0.05 0.5 0.45 0.4 0.0 0.05 1.0 0.0 0.55 1.0 0.95 0.2 0.5 1.0 0.95 1.0 0.6 0.75 0.9 0.45 0.45 0.15 0.3 0.5 0.9 0.8 0.75 0.8 0.65 0.5 0.8 0.9 0.55 0.65 0.3 0.35 
-0.009500767520852887 0.6510229503391188 0.6247327097362129 0.8 0.3 0.4 0.7 0.35 0.75 0.95 1.0 0.25 0.45 0.65 0.25 0.45 0.9 0.45 0.55 0.6 0.6 0.8 0.2 0.25 0.85 0.25 0.25 0.9 0.3 0.6 1.0 0.4 0.6 0.6 1.0 0.9 0.55 0.95 0.75 
-0.00568996618881693 0.2938320522823987 0.5539715757386664 0.55 0.35 0.45 1.0 0.95 0.2 1.0 0.0 0.55 0.95 0.9 0.15 0.5 0.9 0.7 0.0 0.35 0.75 1.0 0.45 0.05 0.05 0.3 1.0 0.3 0.15 0.1 0.95 0.65 0.5 1.0 0.8 0.4 0.95 0.3 0.35 
-0.006912079786364 0.6706026669368736 0.6157941308257152 0.8 0.3 0.4 0.95 0.25 0.75 0.95 0.1 0.25 0.5 0.65 0.25 0.45 0.9 0.45 0.55 1.0 0.6 0.8 0.2 0.25 0.85 0.25 0.25 0.9 0.3 0.55 0.95 0.4 0.6 0.7 1.0 0.9 0.55 0.95 0.75 
-0.055407041941848194 0.6864923258649072 0.5195814697820497 0.8 0.1 0.4 0.95 0.25 1.0 0.5 0.55 0.75 0.75 0.8 0.25 0.35 0.65 0.7 0.9 1.0 0.5 0.4 0.15 0.65 1.0 0.25 0.25 0.9 0.3 0.6 1.0 0.45 0.6 0.4 0.65 0.65 0.6 0.95 0.75 
-0.0128813844342484 0.5224103569278553 0.6052130207109728 0.8 0.1 0.15 0.95 0.25 0.1 0.45 0.2 0.35 0.6 0.5 0.25 0.45 0.25 0.1 0.35 1.0 0.6 0.9 0.2 0.75 0.25 0.25 0.25 0.85 0.05 0.3 0.45 0.65 0.7 0.55 0.1 0.9 0.8 0.95 0.65 
-0.014469633733389619 0.2998537441184165 0.5191859884808748 0.7 0.35 0.45 1.0 0.95 0.75 1.0 0.0 0.55 0.95 0.9 0.15 0.5 0.75 0.7 0.0 0.35 0.75 0.45 0.2 0.05 0.05 1.0 0.45 0.3 0.15 0.1 0.95 0.65 0.5 1.0 0.8 0.2 0.95 0.3 0.35 
-0.0007731367041168812 0.6255737926624976 0.3878626596465493 0.7 0.2 0.4 0.55 0.65 0.1 1.0 0.6 0.15 0.9 1.0 0.2 0.6 0.15 0.2 0.35 1.0 0.45 0.6 0.0 0.85 0.85 0.55 0.55 0.3 0.8 0.3 0.0 0.15 0.45 0.25 0.2 0.65 0.8 0.65 0.35 
-0.018835013263440552 0.3190412803570519 0.5714320398187529 0.05 0.45 0.45 1.0 0.95 0.2 1.0 0.0 0.55 0.95 0.9 0.15 0.25 0.65 0.2 0.0 0.35 0.75 1.0 0.45 0.05 0.2 0.3 0.35 0.3 0.9 0.1 0.75 0.65 0.5 1.0 0.8 0.2 0.8 0.3 0.35 
-0.0027996882090959847 0.3149132597727883 0.5820385369031875 0.05 0.45 0.45 1.0 0.95 0.2 1.0 0.0 0.55 0.95 0.9 0.15 0.25 0.65 0.2 0.0 0.35 0.75 1.0 0.45 0.05 0.2 0.3 0.35 0.3 0.75 0.1 0.75 0.65 0.5 1.0 0.8 0.2 0.8 0.3 0.35 
-0.019072401797893945 0.33381641343074375 0.5579367717176904 0.05 1.0 0.45 0.55 0.95 0.25 1.0 0.65 0.5 0.95 0.95 0.3 0.35 0.85 0.55 0.45 0.75 0.45 0.0 0.5 0.2 0.8 0.15 0.7 0.9 0.15 0.45 0.45 0.75 0.3 0.45 0.85 0.6 1.0 0.45 0.35 
-0.002923042054048366 0.6587072783087047 0.6418955471716222 0.0 0.1 0.0 0.65 0.25 0.6 0.25 0.55 0.5 1.0 0.8 0.25 0.75 0.75 0.55 0.55 1.0 0.5 1.0 0.15 0.65 0.95 0.25 0.25 0.9 0.35 0.6 1.0 0.45 0.6 0.2 0.15 0.9 0.7 0.95 0.75 
-0.004497223649524538 0.2759538932547735 0.46536931729483777 0.25 0.35 0.45 0.4 0.7 0.2 1.0 0.0 0.55 0.95 0.95 0.3 0.3 0.85 0.55 0.15 0.35 0.45 0.9 0.45 0.35 0.2 0.7 0.3 0.9 0.15 0.1 0.85 0.65 0.5 0.85 0.75 0.3 0.85 0.3 0.35 
-0.08037682504599596 0.37858004164178705 0.36777557606398903 0.05 0.9 0.15 0.4 0.85 0.85 1.0 0.0 0.4 0.95 0.95 0.15 0.45 0.4 0.55 0.4 0.6 0.75 0.7 0.5 0.55 0.1 0.95 0.7 0.9 0.95 0.8 0.95 0.65 0.5 0.8 0.8 0.35 0.9 0.3 0.35 
-0.0024727775827721103 0.6154954462938638 0.40964553709883883 0.7 0.45 0.4 0.55 0.65 0.75 1.0 0.6 0.15 0.9 1.0 0.2 0.6 0.15 0.2 0.6 1.0 0.95 0.6 0.3 0.7 1.0 0.55 0.55 0.35 0.8 0.3 0.0 0.15 0.45 0.25 0.15 0.65 0.8 0.65 0.35 
-0.007438453986722038 0.38956553685147405 0.6166455308108112 0.05 1.0 0.8 0.85 0.95 0.05 0.85 0.05 0.5 0.95 0.95 0.3 0.5 0.3 0.55 0.0 0.7 0.75 0.6 0.45 0.65 0.65 0.6 0.3 0.9 0.3 0.7 0.4 0.9 0.5 0.55 0.6 0.7 0.85 0.3 0.6 
-0.009637434672295287 0.46006765308771885 0.5939238584551689 0.85 1.0 0.45 0.85 0.55 0.9 0.95 0.1 0.5 0.95 0.95 0.3 0.35 0.3 1.0 0.0 0.35 0.75 0.95 0.25 0.65 0.65 0.6 0.2 0.8 0.4 0.45 0.65 0.9 0.5 1.0 0.6 0.4 0.85 0.3 0.6 
-0.0007444896404377653 0.41583122645938025 0.6067660829655326 0.05 1.0 0.45 0.35 0.95 0.25 1.0 0.65 0.5 0.95 0.9 0.3 0.8 0.85 0.55 0.7 0.75 0.45 0.3 0.85 0.75 0.95 0.85 1.0 0.9 0.15 0.45 0.45 0.65 0.3 0.3 0.65 0.35 1.0 0.45 0.35 
-0.10869564071240184 0.40839240543646316 0.6127853858689494 1.0 1.0 0.45 0.35 0.95 0.65 1.0 0.65 0.5 0.95 0.95 0.3 0.2 0.85 0.4 0.0 0.4 0.45 0.0 0.85 0.65 0.75 0.85 1.0 0.6 0.15 0.45 0.45 0.65 0.3 0.6 0.65 0.35 0.9 0.45 0.2 
-0.08475793875112246 0.3358483305074397 0.6216653900331046 0.05 0.95 0.45 0.85 0.95 0.25 1.0 0.05 0.5 0.95 0.95 0.3 0.35 0.3 0.65 0.05 0.35 0.55 0.85 0.45 0.6 0.65 0.6 0.3 0.9 0.25 0.25 0.7 0.9 0.4 1.0 0.65 0.35 0.85 0.45 0.6 
-0.009567535067916312 0.3467898072597335 0.5883756772910015 0.85 1.0 0.45 0.85 0.95 0.05 0.65 0.05 0.5 0.95 0.95 0.3 0.35 0.3 0.8 0.9 0.6 0.55 0.95 0.45 0.65 0.65 0.6 0.3 0.9 0.3 0.45 0.7 1.0 0.5 0.25 0.65 0.35 0.85 0.3 0.6 
-0.00966667441809614 0.36112726064866796 0.619976450351091 0.85 1.0 0.45 0.85 0.95 0.05 0.65 0.05 0.5 0.95 0.95 0.3 0.35 0.3 0.8 0.9 0.6 0.55 0.95 0.45 0.65 0.65 0.6 0.3 0.9 0.3 0.45 0.7 1.0 0.5 0.65 0.65 0.35 0.85 0.3 0.6 
-0.025535956924777004 0.3110014620905768 0.6066750860398152 0.7 0.65 0.95 0.3 0.05 0.2 1.0 0.0 0.55 0.95 0.95 0.2 0.35 0.85 0.9 0.9 0.2 0.75 0.5 0.45 0.65 0.35 0.45 0.95 0.7 0.8 0.9 0.55 0.65 0.25 1.0 0.75 0.2 0.55 0.3 0.35 
-0.0053621290406368274 0.41417600092203755 0.6043745722660498 0.05 0.2 0.45 0.0 0.95 0.25 1.0 0.65 0.5 0.95 0.9 0.3 0.8 0.5 0.55 0.4 0.75 0.45 0.1 0.85 0.8 0.95 0.9 1.0 0.9 0.15 0.45 0.45 0.65 0.3 0.3 0.65 0.55 1.0 0.45 0.3 
-0.21227539489060826 0.3409751792253669 0.6011646727477477 0.05 0.95 0.45 0.85 0.95 0.25 1.0 0.05 0.5 0.95 0.95 0.3 0.35 0.3 0.55 0.0 0.35 0.55 0.85 0.45 0.6 0.65 0.6 0.3 0.9 0.25 0.25 0.7 0.9 0.4 1.0 0.6 0.35 0.85 0.45 0.6 
-0.018528393460281935 0.34861263696498757 0.5845206199004435 0.85 1.0 0.45 0.85 0.95 0.05 0.65 0.05 0.5 0.95 0.95 0.3 0.35 0.3 0.5 0.9 0.6 0.55 0.95 0.45 0.65 0.65 0.6 0.3 0.9 0.3 0.65 0.7 1.0 0.5 0.25 0.65 0.35 0.85 0.3 0.6 
-0.018006641723882836 0.4503961166315167 0.6193149578534679 0.05 1.0 0.45 0.85 0.95 0.25 1.0 0.05 0.5 0.95 0.95 0.3 0.35 0.3 0.55 0.0 0.45 0.75 0.95 0.45 0.65 0.65 0.6 0.3 0.9 0.3 0.45 0.5 0.9 0.65 1.0 0.6 0.7 0.85 0.3 0.6 
-0.001433284571442298 0.3328344180134174 0.6395205901204056 0.05 0.95 0.55 0.85 0.0 0.25 0.9 0.05 0.5 0.95 0.95 0.3 0.35 0.6 0.55 0.05 0.35 0.55 0.85 0.45 0.6 0.65 0.6 0.3 0.9 0.25 0.25 0.7 0.9 0.4 1.0 0.65 0.35 0.85 0.45 0.6 
-0.0648321410598977 0.27267357792387636 0.5216548529563539 0.6 0.35 0.45 1.0 0.95 0.2 1.0 0.0 0.55 0.95 0.9 0.15 0.5 0.65 0.7 0.0 0.35 0.75 0.95 0.45 0.05 0.05 0.3 0.35 0.7 0.15 0.1 0.95 0.65 0.5 1.0 0.8 0.4 0.95 0.3 0.35 
-0.022481535503560395 0.2951637275548664 0.5430557378751221 0.6 0.35 0.45 1.0 0.95 0.2 1.0 0.0 0.55 0.95 0.9 0.15 0.5 0.65 0.7 0.0 0.35 0.75 1.0 0.45 0.05 0.05 0.6 0.45 0.3 0.15 0.1 0.95 0.65 0.5 1.0 0.8 0.4 0.95 0.3 0.35 
-0.21220242341337678 0.2932509833194167 0.579150903087458 0.05 0.7 0.45 1.0 0.95 0.2 1.0 0.0 0.55 0.95 0.9 0.15 0.5 0.65 0.7 0.0 0.35 0.75 1.0 0.45 0.05 0.2 0.3 0.35 0.3 0.15 0.1 0.75 0.65 0.5 1.0 0.8 0.2 0.8 0.3 0.35 
-0.26349349117210974 0.2771842216743474 0.6382259818170687 0.25 0.1 0.55 0.85 0.45 0.6 1.0 0.05 0.5 0.95 0.95 0.3 0.65 0.3 0.2 0.4 0.15 0.9 0.95 0.45 0.3 0.65 0.65 0.3 0.9 0.25 0.25 0.95 0.9 0.4 0.85 0.7 0.35 1.0 0.4 0.7 
-0.01635712831241502 0.37869631575241286 0.6002606138178852 0.35 1.0 0.45 0.35 0.95 0.6 1.0 0.7 0.5 0.8 0.95 0.35 0.2 0.85 0.9 0.9 0.75 0.45 0.2 0.85 0.75 0.35 0.85 1.0 0.85 0.15 0.45 0.45 0.65 0.3 0.75 0.65 0.15 0.75 0.45 0.2 
-0.013337251763859581 0.3523764053215256 0.6377664584420244 0.05 1.0 0.45 0.85 0.95 0.25 1.0 0.05 0.5 0.95 0.95 0.3 0.35 0.3 0.55 0.0 0.35 0.55 0.95 0.45 0.65 0.55 0.6 0.3 0.75 0.4 0.45 0.7 0.9 0.4 1.0 0.7 0.55 0.85 0.3 0.6 
-0.2599244857384918 0.28529352079411907 0.6021684427318899 0.25 0.1 0.15 0.85 0.45 0.6 0.8 0.05 0.5 0.95 0.95 0.3 0.05 0.4 0.2 0.4 0.15 0.0 0.95 0.45 0.3 0.65 0.65 0.3 0.45 0.25 0.25 0.95 0.9 0.4 0.75 0.7 0.35 1.0 0.4 0.6 
-0.09843586144547421 0.433024343674974 0.6482654787539607 0.05 1.0 0.8 0.85 0.95 0.2 1.0 0.05 0.5 0.95 0.95 0.3 0.5 0.3 0.65 0.0 0.45 0.75 0.75 0.45 0.65 0.65 0.6 0.3 0.9 0.3 0.7 0.4 0.9 0.5 0.75 0.6 0.7 0.85 0.3 0.6 
-0.005703839691264296 0.41927829242410475 0.6395979607119077 0.05 1.0 0.8 0.85 0.95 0.0 1.0 0.05 0.5 0.95 0.95 0.3 0.0 0.3 0.55 0.0 0.45 0.75 0.6 0.45 0.65 0.65 0.6 0.3 0.9 0.3 0.7 0.4 0.9 0.5 0.75 0.6 0.7 0.85 0.3 0.6 
-0.08857378289797241 0.380007701195328 0.6312196642972421 0.05 1.0 0.45 0.45 0.7 0.25 1.0 0.05 0.5 1.0 0.95 0.3 0.35 0.3 0.55 0.0 0.45 0.75 0.95 0.45 0.65 0.45 0.6 0.3 0.9 0.3 0.45 0.5 0.9 0.5 1.0 0.6 0.7 0.85 0.3 0.6 
-0.01662434362418433 0.29393054880977554 0.4516539851552827 0.05 0.5 0.45 0.4 0.0 0.05 1.0 0.0 0.55 1.0 0.95 0.2 0.5 1.0 0.95 1.0 0.6 0.75 0.9 0.45 0.45 0.15 0.95 0.5 0.9 0.8 0.75 0.8 0.65 0.5 0.8 0.9 0.55 0.65 0.3 0.35 
-0.0447211115041488 0.4930441232341539 0.5921946330818701 0.05 1.0 0.45 0.85 0.5 0.25 1.0 0.1 0.5 0.95 0.95 0.3 0.35 0.85 0.55 0.0 0.35 0.75 0.95 0.45 0.65 0.65 0.6 0.3 0.9 0.15 0.45 0.5 0.65 0.75 1.0 0.6 0.55 0.85 0.3 0.6 
-0.006408203525809133 0.46071829469892145 0.6202827168933834 0.05 1.0 0.45 0.85 0.95 0.25 1.0 0.05 0.5 0.95 0.95 0.3 0.35 0.3 0.55 0.0 0.45 0.75 1.0 0.45 0.65 0.65 0.6 0.3 0.9 0.3 0.45 0.5 0.9 0.65 1.0 0.6 0.7 0.85 0.3 0.6 
-0.14340061034938661 0.3067636336941235 0.6219568142453931 0.05 0.1 0.15 0.85 0.45 0.6 1.0 0.05 0.5 0.95 0.95 0.3 0.65 0.3 0.5 0.4 0.35 0.9 0.95 0.45 0.65 0.65 0.65 0.3 0.45 0.25 0.25 0.95 0.9 0.4 0.7 0.7 0.35 0.85 0.4 0.65 
-0.023347273670345073 0.5856697863030379 0.37020739766626876 0.7 0.45 0.4 0.65 0.15 0.4 1.0 0.6 0.15 0.9 1.0 0.2 0.6 0.65 0.2 0.6 1.0 1.0 0.9 0.95 0.45 1.0 0.55 0.55 0.45 0.95 0.3 0.0 0.15 0.45 0.25 0.15 0.75 0.8 0.65 0.35 
-0.0395136938313608 0.28414397760922805 0.5772573189798296 0.7 0.35 0.45 1.0 0.95 0.2 1.0 0.0 0.55 0.95 0.9 0.15 0.5 0.65 0.7 0.0 0.35 0.75 1.0 0.45 0.05 0.05 1.0 0.45 0.3 0.15 0.1 0.95 0.65 0.5 1.0 0.8 0.2 0.95 0.3 0.35 
-1.134053684203211 0.267204997130864 0.6198324143853393 0.25 0.1 0.15 0.85 0.45 0.6 0.8 0.05 0.5 0.95 0.95 0.3 0.05 0.4 0.2 0.4 0.15 0.0 0.95 0.45 0.3 0.65 0.65 0.3 0.65 0.25 0.25 0.95 0.9 0.4 0.75 0.7 0.35 1.0 0.4 0.55 
-0.05885955222416788 0.2826618737481027 0.5680390387207968 0.7 0.35 0.45 1.0 0.95 0.2 1.0 0.0 0.55 0.95 0.9 0.15 0.5 0.65 0.7 0.0 0.35 0.6 1.0 0.45 0.05 0.05 0.95 0.45 0.3 0.15 0.1 0.95 0.65 0.5 1.0 0.8 0.2 0.95 0.3 0.35 
-0.02163940974585537 0.27214967207306495 0.5300068588091004 0.6 0.35 0.45 1.0 0.95 0.2 1.0 0.0 0.55 0.95 0.9 0.15 0.5 0.65 0.7 0.0 0.35 0.75 1.0 0.45 0.05 0.05 0.3 0.35 0.7 0.15 0.1 0.95 0.65 0.5 1.0 0.8 0.4 0.95 0.3 0.35 
-0.04002010285101384 0.5797480138219834 0.3716270672496358 0.7 0.45 0.4 0.65 0.15 0.4 1.0 0.6 0.15 0.9 1.0 0.2 0.6 0.15 0.2 0.6 1.0 1.0 0.9 0.95 0.45 1.0 0.55 0.55 0.45 0.95 0.3 0.0 0.15 0.45 0.25 0.15 0.65 0.8 0.65 0.35 
-0.008500226599009456 0.6084302182439361 0.3613135537148274 0.7 0.45 0.4 0.95 0.65 0.75 1.0 0.6 0.15 0.9 1.0 0.2 0.6 0.15 0.2 0.6 1.0 0.95 0.6 0.0 0.7 1.0 0.55 0.55 0.3 0.8 0.3 0.0 0.15 0.45 0.25 0.15 0.65 0.8 0.65 0.35 
-0.0012381537158291064 0.6952360177314314 0.5440381825700009 0.1 0.1 0.4 0.95 0.25 0.8 0.5 0.55 0.75 0.75 0.8 0.25 0.45 0.9 0.1 0.55 1.0 0.5 0.9 0.15 0.65 0.95 0.25 0.25 0.9 0.35 0.6 0.95 0.45 0.6 0.25 1.0 0.9 0.7 0.95 0.75 
-0.17979931591076992 0.25560976460183904 0.484158215705566 0.05 0.45 0.45 0.05 0.0 0.05 1.0 0.0 0.55 1.0 0.95 0.15 0.5 0.3 0.95 1.0 0.0 0.75 0.9 0.45 0.6 0.15 0.95 0.5 0.95 0.8 0.75 0.8 0.65 0.5 0.8 0.85 0.6 0.9 0.3 0.35 
-0.008326170842024088 0.44834913768807655 0.6502534726348147 0.05 1.0 0.45 0.45 0.95 0.25 1.0 0.05 0.4 0.95 0.95 0.3 0.35 0.3 0.55 0.0 0.35 0.65 0.95 0.45 0.55 0.75 0.6 0.3 0.6 0.25 0.25 0.7 0.9 0.4 1.0 0.6 0.35 0.85 0.3 0.6 
-0.11522269138121805 0.2566061024327091 0.4982767838596682 0.05 0.25 0.45 0.05 0.0 0.05 1.0 0.0 0.55 1.0 0.95 0.15 0.5 0.65 0.95 1.0 0.0 0.75 0.9 0.45 0.6 0.15 0.95 0.5 0.7 0.8 0.75 0.8 0.65 0.5 0.8 0.85 0.6 0.9 0.3 0.35 
-0.36819100922233805 0.30004838301043624 0.6480150885808272 0.25 0.1 0.15 0.85 0.45 0.6 1.0 0.05 0.5 0.95 0.95 0.3 0.65 0.3 0.2 0.2 0.9 0.9 0.95 0.45 0.3 0.65 0.65 0.3 0.9 0.25 0.25 0.95 0.9 0.4 0.7 0.7 0.35 0.85 0.3 0.6 
-0.015119835341159361 0.6878284190244459 0.44688972540427063 0.8 0.1 0.4 0.95 0.25 0.55 0.75 0.55 0.75 0.75 0.8 0.25 0.8 0.65 0.7 0.15 1.0 0.5 0.95 0.15 0.65 0.95 0.25 0.25 0.9 0.3 0.6 0.85 0.45 0.7 0.4 0.65 0.85 0.6 0.95 0.65 
-0.07007092565708746 0.31248116446631413 0.6465412650176564 0.05 1.0 0.45 0.85 0.95 0.6 1.0 0.05 0.5 0.95 0.95 0.3 0.35 0.3 0.55 0.0 0.9 0.1 0.9 0.45 0.65 0.65 0.75 0.25 0.95 0.25 0.25 1.0 0.9 0.4 1.0 0.7 0.35 0.95 0.3 0.6 
-0.5446288668010846 0.255978817306743 0.5428974340948007 0.05 0.25 0.45 0.7 0.15 0.05 1.0 0.05 0.6 1.0 0.95 0.15 0.7 0.2 0.95 1.0 0.0 0.75 0.9 0.45 0.6 0.15 0.95 0.05 0.6 0.8 0.75 0.8 0.65 0.5 0.7 0.85 0.25 0.9 0.3 0.35 
-0.23570958581086876 0.3164331903961778 0.6590745730963055 0.05 1.0 0.45 0.85 0.95 0.9 1.0 0.05 0.5 0.95 0.95 0.3 0.35 0.3 0.2 0.4 0.35 0.55 0.9 0.45 0.65 0.65 0.65 0.3 0.9 0.25 0.25 0.95 0.95 0.4 0.7 0.7 0.35 0.85 0.3 0.6 
-0.16266143722546644 0.27937144765589883 0.658744770093952 0.25 0.1 0.15 0.85 0.45 0.3 0.95 0.05 0.5 0.95 0.95 0.3 0.65 0.8 0.2 0.2 0.15 0.9 0.95 0.45 0.35 0.55 0.65 0.3 0.9 0.25 0.25 0.95 0.9 0.4 0.85 0.7 0.35 1.0 0.4 0.65 
-0.0019118275905910984 0.6864875016971866 0.47776786684089834 0.45 0.2 0.4 0.1 0.05 1.0 0.75 0.55 0.75 0.75 0.8 0.25 0.8 0.9 0.7 0.15 1.0 0.3 1.0 0.15 0.65 0.95 0.2 0.25 0.8 0.3 0.6 0.8 0.45 0.7 0.55 0.85 0.95 0.6 0.95 0.8 
-0.06791490513895448 0.5539910205555884 0.3598613940810857 0.7 0.45 0.5 0.65 0.15 0.4 1.0 0.6 0.15 0.9 1.0 0.2 0.6 0.15 0.2 0.6 0.4 1.0 0.9 0.95 0.45 1.0 0.55 0.55 0.45 0.95 0.05 0.0 0.15 0.45 0.65 0.15 0.65 0.8 0.65 0.35 
-0.009322746927980435 0.6761324641212232 0.5580891135759544 0.25 0.3 0.4 0.95 0.25 0.75 0.95 0.1 0.25 0.6 0.65 0.25 0.45 0.9 0.3 0.55 1.0 0.6 0.8 0.25 0.45 0.85 0.35 0.25 0.9 0.3 0.6 1.0 0.4 0.6 0.8 1.0 0.9 0.6 0.95 0.75 
-1.1422410702515169 0.2599813853911245 0.5612443781066839 0.6 0.1 0.45 1.0 0.75 0.2 1.0 0.0 0.55 0.95 0.9 0.15 0.5 0.65 0.05 0.0 0.35 0.75 1.0 0.45 0.1 0.05 0.1 0.35 0.7 0.15 0.1 0.9 0.65 0.5 1.0 0.8 0.35 0.95 0.3 0.35 
-0.15573777029656644 0.34447362423246297 0.6726618387472669 0.05 1.0 0.45 0.85 0.95 0.25 1.0 0.05 0.5 0.95 0.95 0.3 0.35 0.3 0.55 0.0 0.35 0.1 1.0 0.45 0.65 0.65 0.6 0.3 0.95 0.25 0.25 0.75 0.9 0.4 1.0 0.7 0.35 0.85 0.3 0.6 
-0.10400348029654675 0.34051696563582634 0.6474207264258577 0.05 1.0 0.45 0.85 0.95 0.25 1.0 0.05 0.5 0.95 0.95 0.3 0.35 0.3 0.55 0.0 0.35 0.65 0.95 0.45 0.65 0.6 0.6 0.3 0.9 0.25 0.25 0.7 0.95 0.4 1.0 0.6 0.35 0.85 0.3 0.45 
-0.003969384027488704 0.35225817113459 0.6620215680278363 0.05 1.0 0.15 0.85 0.95 0.0 1.0 0.05 0.5 0.95 0.95 0.3 0.65 0.4 0.55 0.0 0.9 0.65 0.95 0.45 0.6 0.6 0.6 0.15 0.9 0.25 0.25 0.9 0.9 0.45 1.0 0.6 0.1 1.0 0.3 0.6 
-0.004563045870320032 0.6925534610103707 0.5055531953257718 0.45 0.3 0.4 0.95 0.25 0.7 0.75 0.55 0.75 0.7 0.8 0.25 0.8 0.65 0.3 0.5 0.55 0.5 0.95 0.15 0.65 0.65 0.25 0.25 0.95 0.3 0.55 1.0 0.45 0.6 0.85 0.5 0.8 0.6 0.95 0.75 
-0.01607755886750502 0.3953857063540768 0.673777870502723 0.05 1.0 0.45 0.85 0.95 0.25 1.0 0.05 0.5 0.95 0.95 0.3 0.35 0.3 0.55 0.0 0.0 0.55 0.95 0.45 0.65 0.65 0.6 0.3 0.9 0.25 0.25 0.9 0.9 0.4 1.0 0.6 0.35 0.85 0.3 0.6 
-5.201473831267615 0.26288007141141356 0.5752310265804697 0.6 0.1 0.45 1.0 0.75 0.2 1.0 0.0 0.55 0.95 0.9 0.15 0.5 0.25 0.15 0.0 0.35 0.75 1.0 0.45 0.1 0.05 0.1 0.35 0.6 0.15 0.1 0.9 0.65 0.5 1.0 0.8 0.35 0.95 0.3 0.35 
-4.559674378196312 0.25850066940693506 0.639697753750902 0.25 0.1 0.15 0.85 0.45 0.6 0.8 0.05 0.5 0.95 0.95 0.3 0.05 0.4 0.2 0.4 0.15 0.0 0.95 0.45 0.3 0.65 0.65 0.3 0.9 0.25 0.25 0.95 0.9 0.4 0.75 0.7 0.35 1.0 0.4 0.6 
-0.054516633504720434 0.4099165860260142 0.6466450941798829 0.05 0.8 0.8 0.85 0.95 0.05 1.0 0.05 0.5 0.95 0.95 0.3 0.5 0.3 0.55 0.0 0.45 0.75 0.6 0.45 0.65 0.65 0.6 0.3 0.9 0.3 0.65 0.4 0.9 0.5 0.7 0.6 0.7 0.85 0.3 0.6 
-0.0922238334546301 0.2670307966420108 0.4506898586310374 0.05 0.25 0.45 0.05 0.0 0.05 1.0 0.0 0.55 1.0 0.95 0.15 0.5 0.65 0.35 1.0 0.0 0.75 0.9 0.45 0.6 0.15 0.95 0.5 0.7 0.8 0.75 0.8 0.65 0.5 0.8 0.85 0.6 0.9 0.45 0.55 
-0.047515712017938215 0.36408217019371636 0.6713249423830926 0.75 1.0 0.45 0.85 0.85 0.25 1.0 0.05 0.5 0.95 0.95 0.3 0.35 0.3 0.55 0.0 0.35 0.55 1.0 0.45 0.65 0.55 0.6 0.3 0.9 0.4 0.45 0.7 0.9 0.5 0.95 0.65 0.45 0.85 0.3 0.6 
-0.08719644982374686 0.7050393452644177 0.5009926590300552 0.45 0.1 0.4 0.95 0.25 0.7 0.75 0.55 0.75 0.7 0.8 0.25 0.8 0.65 0.3 0.65 1.0 0.5 0.95 0.15 0.65 0.8 0.25 0.25 0.95 0.3 0.55 1.0 0.45 0.6 0.85 0.5 0.8 0.6 0.95 0.75 
-17.851731600770993 0.24766151988574864 0.5965971394307032 0.9 0.5 0.45 0.4 0.6 0.05 1.0 0.0 0.55 1.0 0.95 0.15 0.85 0.65 0.25 0.8 0.6 0.75 0.9 0.45 0.6 0.0 0.95 0.5 0.9 0.15 0.4 0.8 0.65 0.5 0.7 0.8 0.9 0.9 0.3 0.35 
-6.361054697692951 0.36664998578210484 0.3628084189742856 0.05 0.9 0.45 0.4 0.85 0.85 1.0 0.0 0.4 0.95 0.95 0.15 0.45 0.4 0.25 0.4 0.15 0.75 0.7 0.5 0.55 0.1 0.65 0.7 0.4 0.95 0.8 0.95 0.65 0.5 1.0 0.8 0.65 0.9 0.3 0.35 
-1.3310694491643058 0.2676597596031811 0.6523294841145 0.25 0.1 0.15 0.85 0.45 0.6 0.8 0.05 0.5 0.95 0.95 0.3 0.05 0.4 0.2 0.4 0.15 0.0 0.95 0.45 0.3 0.65 0.65 0.3 0.9 0.25 0.25 0.95 0.9 0.4 0.75 0.7 0.35 1.0 0.4 0.55 
-0.19122943064771988 0.4343161490558404 0.6810205353715751 0.05 1.0 0.45 0.55 0.1 0.5 1.0 0.05 0.4 0.9 0.95 0.3 0.7 0.3 0.55 0.0 0.35 0.65 0.95 0.45 0.65 0.6 0.6 0.3 0.6 0.25 0.25 0.7 0.9 0.4 0.95 0.6 0.35 0.85 0.3 0.55 
-0.02371207944099974 0.46300135349325255 0.629901389611596 0.85 1.0 0.45 0.85 0.95 0.25 1.0 0.05 0.4 0.95 0.95 0.3 0.35 0.3 0.55 0.65 0.35 0.55 0.95 0.45 0.65 0.9 0.6 0.3 0.9 0.95 0.55 0.35 0.9 0.5 1.0 0.6 0.6 0.85 0.3 0.6 
-0.026764763600313074 0.3820609477909214 0.6999936689437787 0.05 1.0 0.45 0.85 0.95 0.25 1.0 0.05 0.5 0.95 0.95 0.3 0.45 0.3 0.55 0.0 0.35 0.65 0.95 0.45 0.75 0.6 0.6 0.2 0.9 0.25 0.25 0.9 0.9 0.4 0.8 0.6 0.45 0.95 0.3 0.6 
-0.46649001896244485 0.38709377883840235 0.3626333729400589 0.05 0.9 0.15 0.4 0.85 0.85 1.0 0.0 0.4 0.95 0.95 0.15 0.45 0.4 0.25 0.4 0.6 0.75 0.7 0.5 0.55 0.1 0.95 0.7 1.0 0.95 0.8 0.95 0.65 0.5 0.8 0.8 0.55 0.9 0.3 0.35 
-0.017202304007610685 0.46216698522143423 0.6567968535094971 0.05 1.0 0.45 0.85 0.2 0.25 1.0 0.05 0.45 0.95 0.95 0.3 0.35 0.3 0.55 1.0 0.35 0.65 0.95 0.45 0.75 0.75 0.6 0.2 0.9 0.25 0.0 0.9 0.9 0.4 1.0 0.6 0.35 0.85 0.3 0.6 
-0.0014427468642884914 0.7044861798774876 0.5211318525338499 0.45 0.1 0.4 0.95 0.25 0.7 0.75 0.55 0.75 0.7 0.8 0.25 0.8 0.65 0.3 0.65 1.0 0.5 0.95 0.15 0.65 0.9 0.25 0.25 0.95 0.3 0.55 1.0 0.45 0.6 0.85 0.5 0.8 0.6 0.95 0.75 
-0.003974573915124389 0.4951183247630985 0.6622582657510855 1.0 1.0 0.45 0.85 0.95 0.25 0.95 0.1 0.5 0.95 0.95 0.3 0.35 0.3 1.0 0.0 0.35 0.75 0.95 0.45 0.65 0.65 0.6 0.2 0.8 0.4 0.8 0.5 0.9 0.5 1.0 0.6 0.4 0.85 0.3 0.6 
-0.02498909124911052 0.4558983339408708 0.6893320742688531 0.85 1.0 0.45 0.85 0.8 0.9 0.95 0.1 0.5 0.95 0.95 0.3 0.35 0.3 0.8 0.0 0.35 0.15 0.95 0.45 0.65 0.65 0.6 0.2 0.55 0.4 0.65 0.7 0.9 0.65 1.0 0.6 0.4 0.85 0.3 0.6 
-0.06610533073976194 0.49347182915531834 0.6228684677893471 0.05 1.0 0.45 0.85 0.95 0.25 1.0 0.05 0.4 0.95 0.95 0.3 0.35 0.3 0.55 0.0 0.45 0.75 0.95 0.45 0.65 0.65 0.6 0.3 0.9 0.3 0.45 0.5 0.9 0.65 1.0 0.6 0.7 0.85 0.3 0.6 
-0.7592084288868465 0.41891224405746047 0.36843925737317296 0.05 0.5 0.85 0.4 0.4 0.1 1.0 0.95 0.55 0.95 0.95 0.15 0.5 0.3 0.25 0.4 0.75 0.8 0.9 0.45 0.0 0.45 0.95 0.45 0.75 0.15 0.4 1.0 0.65 0.5 0.6 0.8 0.4 0.9 0.3 0.35 
-0.019989549492378487 0.4092828067454323 0.3498661915359481 0.05 0.45 0.15 0.4 0.85 0.85 1.0 0.0 0.4 0.95 0.95 0.15 0.45 0.4 0.25 0.6 0.6 0.75 0.7 0.5 0.55 0.1 0.75 0.65 1.0 0.95 0.8 0.95 0.65 0.5 0.8 0.8 0.65 0.9 0.3 0.35 
-0.026175320990058707 0.4030965659370626 0.6865288900410761 0.05 1.0 0.45 0.85 0.95 0.9 1.0 0.05 0.5 0.95 0.95 0.3 0.35 0.3 0.55 0.0 0.9 0.55 0.95 0.45 0.65 0.65 0.6 0.3 0.75 0.25 0.25 0.7 0.9 0.4 1.0 0.6 0.35 0.85 0.3 0.6 
-0.36798109341646795 0.30133619179023985 0.6828561740456435 0.25 0.1 0.55 0.85 0.45 0.6 1.0 0.05 0.5 0.95 0.95 0.3 0.65 0.3 0.2 0.4 0.15 0.9 0.95 0.45 0.8 0.65 0.65 0.3 0.9 0.25 0.25 0.95 0.9 0.4 0.85 0.7 0.35 1.0 0.4 0.7 
-0.08464948708720423 0.5596540318404355 0.641150011640909 0.8 0.0 0.15 0.95 0.25 0.9 0.7 0.4 0.35 0.55 0.65 0.25 0.45 0.25 0.45 0.55 0.6 0.45 0.4 0.25 0.3 0.65 0.15 0.25 1.0 0.05 0.25 0.25 0.45 0.65 0.65 1.0 0.75 0.65 0.95 0.65 
-22.846449711146214 0.22893600909265072 0.5806383771437358 0.05 0.5 0.85 0.4 0.4 0.05 1.0 0.0 0.55 1.0 0.95 0.15 0.5 0.3 0.85 0.4 0.6 0.75 0.9 0.45 0.6 0.15 0.95 0.45 0.75 0.15 0.45 0.9 0.65 0.5 0.7 0.8 0.6 0.9 0.3 0.35 
-16.069368163849276 0.2360056576270399 0.5366821079084763 0.05 0.35 0.65 0.9 0.95 0.15 1.0 0.0 0.55 0.9 0.0 0.25 0.5 0.65 0.7 0.4 0.65 0.75 0.9 0.45 0.4 0.05 0.9 0.3 0.5 0.15 0.1 0.75 0.65 0.5 0.6 0.8 0.5 0.95 0.3 0.35 
-0.002590461379214924 0.5417130414087252 0.629257748392143 0.8 0.1 0.0 0.65 0.25 0.1 0.45 0.1 0.3 0.6 0.5 0.25 0.45 1.0 0.1 1.0 0.5 0.25 0.95 0.15 0.75 0.15 0.25 0.25 0.95 0.05 0.3 0.2 0.65 0.7 0.6 0.1 0.9 0.8 0.95 0.65 
-0.05197108266850243 0.4851358559801823 0.6338618936448746 0.85 1.0 0.15 0.85 0.9 0.25 1.0 0.05 0.5 0.95 0.95 0.3 0.35 0.3 0.55 0.65 0.35 0.55 0.95 0.45 0.65 0.9 0.6 0.3 0.45 0.95 0.4 0.35 0.9 0.5 1.0 0.6 0.6 0.85 0.3 0.6 
-0.2676762753696255 0.5196985303001102 0.6435091949285088 0.5 0.0 0.2 0.95 0.25 0.0 0.85 0.4 0.35 0.55 0.65 0.25 0.45 0.25 0.45 0.55 0.9 0.6 1.0 0.25 0.3 0.4 0.15 0.25 1.0 0.05 0.25 0.3 0.45 0.6 0.85 1.0 0.75 0.9 0.95 0.85 
-21.11754546120798 0.23074326830520958 0.5733978458766908 0.05 0.5 0.85 0.4 0.4 0.05 1.0 0.0 0.55 1.0 0.95 0.15 0.5 0.3 0.85 0.4 0.6 0.75 0.9 0.45 0.6 0.15 0.95 0.45 0.75 0.15 0.45 0.9 0.65 0.5 0.6 0.8 0.6 0.9 0.3 0.35 
-0.008923669850878738 0.4881557009697678 0.6745243359162488 0.8 1.0 0.45 0.85 0.2 0.25 1.0 0.05 0.45 0.95 0.95 0.3 1.0 0.3 0.55 1.0 0.35 0.65 0.95 0.45 0.75 0.75 0.6 0.2 0.35 0.25 0.2 0.45 0.9 0.45 1.0 0.6 0.35 0.85 0.3 0.6 
-1.3807031733395265 0.30832608451863 0.6886355205180922 0.25 0.1 0.85 0.85 0.45 0.0 0.95 0.05 0.5 0.95 0.95 0.3 0.65 0.8 0.2 0.2 0.15 0.9 0.95 0.45 0.75 0.55 0.65 0.3 0.9 0.25 0.25 0.95 0.9 0.4 0.85 0.7 0.35 1.0 0.4 0.65 
-0.009755179398750036 0.6834841145205426 0.5968978512247348 0.1 0.9 0.0 0.65 0.45 0.85 0.25 0.55 0.75 0.9 0.8 0.25 0.45 0.9 0.1 0.55 1.0 0.5 0.85 0.15 0.65 0.95 0.25 0.25 0.85 0.35 0.6 0.95 0.45 0.6 0.15 0.15 0.9 0.7 0.95 0.75 
-0.009818408748248332 0.6339140790195994 0.6499926558853272 0.8 0.0 0.6 0.95 0.25 0.0 0.7 0.1 0.35 0.55 0.65 0.25 0.45 0.25 0.45 0.55 0.6 0.6 0.4 0.2 0.3 0.4 0.15 0.25 1.0 0.05 0.25 0.25 0.45 0.6 0.65 1.0 0.75 0.9 0.95 0.65 
-0.0047302251542070545 0.7073558167068962 0.46305945241112173 0.45 0.2 0.4 0.95 0.05 0.6 0.75 0.55 0.75 0.75 0.8 0.25 0.8 0.65 0.7 0.15 1.0 0.5 1.0 0.15 0.65 0.95 0.25 0.25 0.8 0.3 0.6 0.8 0.45 0.7 0.55 0.65 0.95 0.6 0.95 0.8 
-0.029330748784931044 0.7186501741894147 0.5367779960490942 0.45 0.1 0.4 0.95 0.25 0.7 0.75 0.55 0.75 0.65 0.8 0.25 0.8 0.65 0.1 0.75 1.0 0.5 0.95 0.15 0.65 0.8 0.25 0.25 0.95 0.3 0.55 1.0 0.45 0.6 0.4 0.8 0.8 0.6 0.95 0.8 
-2.396938216221284 0.3211801394335341 0.6957369631478125 0.05 1.0 0.45 0.85 0.95 0.6 1.0 0.05 0.5 0.95 0.95 0.3 0.15 0.3 0.55 0.4 0.35 0.55 0.9 0.45 0.7 0.65 0.65 0.3 0.9 0.25 0.25 0.95 0.9 0.4 1.0 0.7 0.35 0.85 0.35 0.6 
-11.008703010443034 0.24328914990461975 0.519089564350063 0.05 0.35 0.65 0.9 0.95 0.15 1.0 0.0 0.55 0.9 0.0 0.25 0.5 0.65 0.7 0.4 0.65 0.75 0.9 0.45 0.4 0.05 0.9 0.3 0.5 0.15 0.1 0.85 0.65 0.5 0.6 0.8 0.55 0.95 0.3 0.35 
-0.21198261608404795 0.40535346667774297 0.7043539131266444 0.05 1.0 0.45 0.85 0.2 0.25 1.0 0.05 0.45 0.95 0.95 0.3 0.35 0.3 0.55 1.0 0.35 0.65 0.95 0.45 0.75 0.75 0.6 0.2 0.9 0.25 0.2 0.85 0.9 0.5 1.0 0.6 0.35 0.85 0.3 0.6 
-0.0032426614197943915 0.7107121024714286 0.5172935634366168 0.15 0.05 0.4 0.95 0.3 0.05 0.95 0.55 0.75 0.7 0.8 0.25 0.0 0.7 0.45 0.3 0.6 0.6 1.0 0.2 0.65 0.95 0.3 0.25 0.5 0.35 0.6 0.95 0.45 0.6 0.6 0.75 0.6 0.5 0.9 0.75 
-0.029697102733484634 0.3577614246252544 0.6931169557212336 0.05 1.0 0.45 0.85 0.95 0.25 1.0 0.05 0.5 0.95 0.95 0.3 0.35 0.3 0.55 0.0 0.35 0.65 0.95 0.45 0.75 0.6 0.6 0.15 0.9 0.25 0.25 0.9 0.9 0.4 0.8 0.6 0.35 0.85 0.3 0.6 
-0.203800490883185 0.41212633958129047 0.706316160724303 0.05 1.0 0.45 0.85 0.2 0.25 1.0 0.05 0.45 0.95 0.95 0.3 0.8 0.3 0.55 1.0 0.35 0.65 0.95 0.45 0.75 0.75 0.6 0.2 0.9 0.25 0.2 0.85 0.9 0.45 1.0 0.6 0.35 0.85 0.3 0.6 
-0.15316042128148197 0.6308397158288184 0.3843238439616573 0.7 0.45 0.75 0.55 0.15 0.4 1.0 0.6 0.15 0.85 1.0 0.2 0.6 0.15 0.2 0.6 1.0 0.95 0.3 0.0 0.3 1.0 0.55 0.55 0.3 0.8 0.3 0.0 0.15 0.45 0.25 0.15 0.65 0.8 0.65 0.35 
-0.06275068455075407 0.6114262341682499 0.6649434085467255 0.8 0.2 0.15 0.95 0.25 0.0 0.7 0.1 0.35 0.55 0.65 0.25 0.45 0.25 0.45 0.55 1.0 0.6 0.55 0.2 0.3 0.4 0.1 0.2 1.0 0.05 0.25 0.25 0.45 0.6 0.85 1.0 0.85 0.9 0.95 0.65 
-0.03837097543290442 0.7331675843300302 0.5687292789803821 0.1 0.9 0.0 0.65 0.45 0.85 0.8 0.55 0.75 0.9 0.8 0.25 0.45 0.9 0.1 0.55 1.0 0.5 0.85 0.15 0.65 0.95 0.25 0.25 0.85 0.35 0.6 0.95 0.45 0.6 0.15 0.15 0.9 0.7 0.95 0.75 
-4.888129470997443 0.29278497667452763 0.3915507381977688 0.6 0.5 0.9 0.05 0.95 0.55 1.0 0.9 0.45 0.95 0.95 0.15 0.5 0.4 0.25 0.05 0.75 0.4 0.65 0.45 0.8 0.2 0.95 0.45 0.95 0.15 0.45 1.0 0.65 0.5 0.65 0.8 0.65 0.7 0.3 0.35 
-0.14183233347054996 0.5164394471625144 0.6486981859489523 0.5 0.0 0.2 0.95 0.25 0.95 0.85 0.4 0.35 0.55 0.65 0.25 0.45 0.25 0.45 0.55 0.9 0.6 1.0 0.25 0.3 0.45 0.15 0.25 1.0 0.05 0.25 0.3 0.45 0.6 0.85 1.0 0.75 0.9 0.95 0.85 
-14.69114917486771 0.24964215364324216 0.4572880751701928 0.05 0.5 1.0 1.0 0.4 0.1 1.0 1.0 0.55 0.95 0.95 0.15 0.5 0.3 0.25 0.4 0.75 0.9 0.9 0.45 0.65 0.2 0.95 0.4 0.65 0.2 0.45 1.0 0.65 0.5 0.6 0.8 0.3 0.9 0.3 0.35 
-0.018135155980802033 0.6208519201570121 0.638633517674422 0.5 0.1 0.6 0.95 0.25 0.55 0.4 0.1 0.4 0.6 0.65 0.25 0.9 0.35 0.2 0.55 1.0 0.6 0.9 0.2 0.3 0.3 0.15 0.25 0.5 0.95 0.25 0.2 0.45 0.85 0.85 1.0 0.9 0.85 0.95 0.65 
-0.016611570218808887 0.7016684062597249 0.5615411938903194 0.8 1.0 0.4 0.95 0.25 0.7 0.3 0.55 0.75 0.75 0.8 0.25 0.0 0.9 0.45 0.55 1.0 0.5 0.95 0.15 0.65 0.95 0.25 0.25 0.9 0.3 0.6 1.0 0.45 0.6 0.4 0.65 0.9 0.5 1.0 0.75 
-8.547949265962972 0.27610211667842777 0.4197464484472997 0.05 0.5 0.85 0.7 0.4 0.1 1.0 1.0 0.55 0.95 0.95 0.15 0.5 0.3 0.25 0.4 0.75 0.9 0.75 0.45 0.6 0.2 0.95 0.45 0.65 0.2 0.45 1.0 0.65 0.5 0.6 0.8 0.2 0.9 0.3 0.35 
-0.8357431039460863 0.525146952787571 0.6803158942948588 0.2 0.0 0.15 0.1 0.25 0.0 1.0 0.4 0.3 0.55 0.65 0.25 0.45 0.65 0.45 0.6 0.6 0.6 1.0 0.25 0.3 0.4 0.15 0.2 1.0 0.05 0.25 0.25 0.45 0.6 0.9 1.0 0.75 0.9 0.95 0.65 
-0.20197230987861428 0.3548785512000412 0.7042365031281759 0.05 1.0 0.15 0.85 0.95 0.0 1.0 0.05 0.5 0.95 0.95 0.3 0.65 0.4 0.55 0.0 0.9 0.65 1.0 0.45 0.75 0.6 0.6 0.15 1.0 0.25 0.25 0.9 0.9 0.45 1.0 0.6 0.1 1.0 0.3 0.6 
-0.06501651016908595 0.6318265790115013 0.6429898809150103 0.8 0.0 0.6 0.95 0.25 0.0 0.7 0.1 0.35 0.45 0.65 0.25 0.45 0.25 0.45 0.55 0.6 0.6 0.4 0.2 0.3 0.4 0.15 0.25 1.0 0.05 0.25 0.25 0.45 0.6 0.65 1.0 0.75 0.9 0.95 0.65 
-0.14647814643846724 0.47640777285771563 0.6900719934280439 0.1 1.0 0.45 0.85 0.55 0.9 0.95 0.1 0.5 0.95 0.95 0.3 0.35 0.3 0.8 0.0 0.35 0.15 0.95 0.45 0.65 0.65 0.6 0.2 0.55 0.4 0.9 0.65 0.9 0.65 1.0 0.6 0.4 0.85 0.3 0.6 
-19.143095534905697 0.24330153925168335 0.6318378586981614 0.9 0.5 0.15 0.4 0.45 0.05 0.95 0.0 0.55 1.0 0.95 0.15 0.85 0.9 0.25 0.8 0.6 0.75 0.9 0.45 0.6 0.0 0.95 0.5 1.0 0.15 0.35 0.8 0.65 0.5 0.75 0.8 0.9 0.9 0.3 0.35 
-0.37799530962784916 0.270106552493537 0.43817101612279047 0.05 0.5 0.45 0.4 0.0 0.05 1.0 0.0 0.55 1.0 0.95 0.15 0.5 1.0 0.95 1.0 0.6 0.75 0.9 0.45 0.6 0.15 0.95 0.5 0.9 0.8 0.75 0.8 0.65 0.5 0.8 0.9 0.6 0.95 0.3 0.35 
-0.0034622803629890146 0.6938101552297162 0.5938111347392611 0.1 0.1 0.0 0.95 0.25 0.7 0.5 0.55 0.85 1.0 0.8 0.25 0.45 0.65 0.1 0.85 0.95 0.5 0.9 0.15 0.65 0.95 0.25 0.25 0.9 0.35 0.6 0.95 0.45 0.6 0.4 0.45 0.9 0.5 0.95 0.75 
-0.009208564454882726 0.6211553631657094 0.6727812238648725 0.8 0.5 0.6 0.9 0.25 0.3 0.9 0.1 0.4 0.55 0.65 0.25 0.45 0.25 0.15 0.55 0.1 0.6 0.45 0.2 0.3 0.3 0.15 0.25 1.0 0.05 0.25 0.15 0.45 1.0 0.85 1.0 0.75 0.9 0.95 0.65 
-16.737415359975405 0.2508198965413112 0.4241913319428032 0.55 0.5 0.9 0.05 0.4 0.55 1.0 0.9 0.45 0.95 0.9 0.15 0.5 0.4 0.25 0.05 0.75 0.75 0.65 0.45 0.8 0.2 0.95 0.45 0.95 0.15 0.45 1.0 0.65 0.5 0.65 0.8 0.7 0.9 0.3 0.35 
-1.2949534153023088 0.29598535194481823 0.38292367382535697 0.55 0.5 0.9 0.05 0.4 0.55 1.0 0.9 0.45 0.95 0.95 0.15 0.5 0.4 0.25 0.3 0.75 0.4 0.65 0.45 0.8 0.2 0.95 0.45 0.3 0.15 0.45 1.0 0.65 0.5 0.8 0.8 0.7 0.9 0.4 0.3 
-0.011537449804869794 0.6255914600127197 0.3724391123454023 0.7 0.2 0.4 0.55 0.65 0.1 1.0 0.6 0.15 0.9 1.0 0.2 0.6 0.15 0.2 0.35 1.0 0.45 0.6 0.0 0.85 1.0 0.55 0.55 0.3 0.8 0.3 0.0 0.15 0.45 0.4 0.2 0.65 0.8 0.65 0.35 
-0.3938245972824829 0.61326138976552 0.359487298305733 0.7 0.45 0.4 0.55 0.65 0.75 1.0 0.6 0.15 0.9 1.0 0.2 0.6 0.15 0.2 0.6 1.0 0.05 0.6 0.0 0.7 1.0 0.55 0.55 0.35 0.8 0.3 0.0 0.15 0.45 0.25 0.15 0.65 0.8 0.65 0.35 
-0.761396443150174 0.46152689698502597 0.6991067427516559 0.05 1.0 0.45 0.85 0.95 0.25 1.0 0.05 0.45 0.95 0.95 0.3 0.35 0.3 0.55 0.95 0.35 0.65 0.95 0.45 0.75 0.6 0.6 0.15 0.95 0.25 0.25 0.9 0.9 0.7 1.0 0.6 0.35 0.85 0.3 0.6 
-15.480086960096212 0.46742479194317277 0.3678265931613841 0.25 0.5 0.85 0.4 0.4 0.25 1.0 0.95 0.55 0.75 0.95 0.15 0.5 0.3 0.3 0.2 0.75 0.8 0.9 0.45 0.0 0.6 0.95 0.45 0.75 0.2 0.45 1.0 0.65 0.5 0.6 0.8 0.6 0.9 0.3 0.35 
-29.353942940769954 0.23516498960064108 0.6160561812281523 0.05 0.5 0.45 0.4 0.6 0.05 1.0 0.0 0.55 1.0 0.95 0.15 0.5 0.4 0.25 0.4 0.6 0.75 0.9 0.45 0.55 0.15 0.95 0.5 0.75 0.15 0.75 0.8 0.65 0.5 0.55 0.8 0.6 0.9 0.3 0.35 
-0.017663848839353315 0.5989476851857383 0.6436479088028059 0.8 0.5 0.6 0.5 0.25 0.0 0.8 0.1 0.4 0.55 0.65 0.25 0.45 0.25 0.45 0.55 0.1 0.6 0.35 0.2 0.3 0.3 0.15 0.25 1.0 0.05 0.25 0.15 0.45 1.0 0.85 1.0 0.75 0.9 0.95 0.65 
-0.026517240998546483 0.7262877912851231 0.48328471307303844 0.45 0.2 0.4 0.95 0.05 0.6 0.75 0.55 0.75 0.75 0.8 0.25 0.8 0.7 0.9 0.15 1.0 0.5 1.0 0.15 0.65 0.95 0.25 0.25 0.8 0.3 0.6 1.0 0.45 0.7 1.0 1.0 0.95 0.55 0.95 0.8 
-0.02168542222293003 0.7275116616967838 0.494943702154479 0.45 0.2 0.4 0.95 0.05 0.6 0.75 0.55 0.75 0.7 0.8 0.25 0.8 0.7 0.7 0.15 1.0 0.5 1.0 0.15 0.65 0.95 0.25 0.25 0.8 0.3 0.6 1.0 0.45 0.7 1.0 1.0 0.95 0.6 0.95 0.8 
-20.65978873908106 0.2481502790843914 0.6533519963875352 0.9 0.7 0.15 0.95 0.45 0.05 0.95 0.0 0.55 1.0 0.95 0.15 0.85 0.35 0.25 0.45 0.6 0.75 0.9 0.45 0.6 0.1 0.0 0.55 1.0 0.15 0.35 0.8 0.65 0.5 0.75 0.8 0.9 0.95 0.3 0.35 
-26.070689047868537 0.26074279395277566 0.6787952633447554 0.9 0.5 0.15 0.95 0.45 0.05 0.95 0.0 0.55 1.0 0.95 0.15 0.85 0.35 0.25 0.8 0.6 0.75 0.9 0.45 0.6 0.15 0.0 0.55 1.0 0.15 0.35 0.8 0.65 0.5 0.75 0.8 0.9 0.95 0.3 0.35 
-0.04304680441880011 0.6732208507695695 0.38480238283807205 0.8 0.2 0.4 0.95 0.1 0.8 0.75 0.55 0.75 0.75 0.8 0.25 0.3 0.65 0.7 0.25 1.0 0.5 1.0 0.15 0.65 1.0 0.25 0.25 0.9 0.3 0.6 0.95 0.45 0.7 0.75 0.65 0.95 0.7 0.95 0.8 
-3.279604541380253 0.4464330288747831 0.7140176498909826 0.05 1.0 0.45 0.85 0.2 0.65 1.0 0.05 0.45 0.95 0.95 0.3 0.35 0.3 0.55 1.0 0.35 0.65 0.95 0.45 0.75 0.75 0.6 0.2 0.75 0.25 0.2 0.85 0.9 0.4 1.0 0.6 0.35 0.85 0.3 0.6 
-0.4209057694663332 0.4351949464403799 0.695162773930626 0.05 1.0 0.45 0.55 0.1 0.5 1.0 0.05 0.4 0.9 0.95 0.3 0.7 0.3 0.55 0.0 0.35 0.65 0.95 0.45 0.65 0.6 0.6 0.3 0.6 0.25 0.25 0.7 0.9 0.4 0.95 0.6 0.35 0.85 0.3 0.6 
-0.005679514838186518 0.7104256436958641 0.6199052054519268 0.1 0.1 0.0 0.65 0.25 0.85 0.35 0.55 0.75 1.0 0.8 0.25 0.75 0.9 0.55 0.55 1.0 0.5 1.0 0.15 0.65 0.95 0.25 0.25 0.9 0.35 0.6 1.0 0.45 0.6 0.3 0.1 0.9 0.7 0.95 0.75 
-0.039616773857001165 0.7319800444697074 0.5597685068561247 0.1 0.9 0.0 0.65 0.45 0.85 0.7 0.55 0.75 0.9 0.8 0.25 0.45 0.9 0.1 0.55 1.0 0.5 0.85 0.15 0.65 0.95 0.25 0.25 0.9 0.35 0.6 0.95 0.45 0.6 0.15 0.15 0.9 0.7 0.95 0.75 
-0.02956076815869031 0.7256409368109518 0.5968243522031953 0.45 0.1 0.4 0.95 0.25 0.7 0.75 0.55 0.95 0.75 0.8 0.25 0.8 0.65 1.0 0.65 1.0 0.5 0.95 0.15 0.65 0.8 0.25 0.25 0.95 0.3 0.55 1.0 0.45 0.6 0.85 0.5 0.8 0.65 0.0 0.75 
-0.063754944852551 0.7389856558626341 0.5364653005428828 0.1 0.1 0.0 0.65 0.25 0.85 0.7 0.55 0.75 0.9 0.8 0.25 0.45 0.9 0.1 0.55 1.0 0.5 0.85 0.15 0.65 0.95 0.25 0.25 0.9 0.35 0.6 1.0 0.45 0.6 0.15 0.15 0.9 0.7 0.95 0.75 
-0.104597521526189 0.7469690326403162 0.5111589416861468 0.15 0.1 0.4 0.95 0.3 0.05 0.95 0.55 0.75 0.7 0.8 0.25 0.1 0.7 0.45 0.3 0.6 0.6 1.0 0.2 0.65 0.95 0.3 0.25 0.7 0.35 0.6 0.95 0.45 0.6 1.0 0.75 0.95 0.5 0.9 0.75 
-0.016088291806331687 0.6991316305986528 0.6260777503418709 0.1 0.1 0.0 0.65 0.25 0.85 0.25 0.55 0.75 1.0 0.8 0.25 0.45 0.6 0.55 0.55 1.0 0.45 1.0 0.15 0.65 0.95 0.25 0.25 0.9 0.35 0.6 1.0 0.45 0.6 0.15 0.15 0.9 0.7 0.95 0.75 
-15.903644228703612 0.24076461155782097 0.4778073532780062 0.05 0.5 0.85 0.4 0.95 0.75 1.0 0.0 0.55 0.95 0.95 0.15 0.5 0.3 0.25 0.4 0.75 0.75 0.9 0.45 0.6 0.2 0.95 0.4 0.75 0.15 0.45 1.0 0.65 0.5 0.6 0.8 0.0 0.9 0.3 0.35 
-0.018419602166927784 0.6894356977796708 0.4293297007825632 0.45 0.2 0.4 0.1 0.05 0.6 0.75 0.55 0.75 0.75 0.8 0.25 0.8 0.65 0.7 0.15 1.0 0.5 1.0 0.15 0.65 0.95 0.25 0.25 0.8 0.3 0.6 0.8 0.45 0.7 0.55 0.85 0.95 0.6 0.95 0.8 
-0.025976507550581437 0.7458833508037044 0.5830137207707453 0.45 0.1 0.4 0.95 0.25 0.7 0.85 0.55 0.8 0.85 0.8 0.25 0.55 0.65 1.0 0.65 1.0 0.65 0.95 0.15 0.65 0.8 0.25 0.25 0.95 0.3 0.55 1.0 0.45 0.6 0.9 0.5 0.8 0.6 0.0 0.75 
-0.02473401864611573 0.7061666275277652 0.4369469694726495 0.8 0.2 0.4 0.95 0.1 0.8 0.5 0.55 0.75 0.75 0.8 0.25 0.3 0.65 0.7 0.25 1.0 0.5 1.0 0.15 0.65 1.0 0.25 0.25 0.9 0.3 0.6 0.95 0.45 0.7 0.75 0.65 0.95 0.7 0.95 0.8 
-28.1682867014234 0.22396572137615184 0.5109679766611115 0.05 0.5 0.45 0.4 0.6 0.05 1.0 0.0 0.55 1.0 0.95 0.15 0.5 0.4 0.25 0.4 0.6 0.75 0.75 0.45 0.55 0.15 0.95 0.5 0.75 0.15 0.75 0.95 0.65 0.5 0.55 0.8 0.6 0.9 0.3 0.35 
-12.616850454246205 0.3538718831548568 0.34002933910606936 0.55 0.5 0.9 0.05 0.4 0.55 1.0 0.95 0.45 0.95 0.95 0.15 0.5 0.4 0.5 0.3 0.75 0.4 0.65 0.45 0.8 0.2 0.85 0.45 0.3 0.3 0.45 1.0 0.65 0.5 0.65 0.8 0.6 0.9 0.3 0.35 
-0.12403499393977932 0.6938335641561364 0.4282106202202998 0.8 0.1 0.4 0.95 0.25 0.6 0.75 0.55 0.75 0.75 0.8 0.25 0.95 0.65 0.7 0.15 1.0 0.5 0.95 0.15 0.65 0.95 0.25 0.25 0.9 0.3 0.6 1.0 0.45 0.7 0.4 0.65 0.9 0.75 0.95 0.65 
-5.613188667708082 0.3354390283244719 0.35660261903935836 0.55 0.5 0.9 0.05 0.4 0.7 1.0 0.0 0.45 0.95 0.95 0.15 0.5 0.4 0.5 0.3 0.75 0.4 0.65 0.45 0.8 0.2 0.85 0.3 0.75 0.15 0.45 1.0 0.65 0.5 0.65 0.8 0.6 0.9 0.3 0.35 
-8.975108878399988 0.4882940067270073 0.7075637500835493 0.05 1.0 0.15 0.85 0.2 0.25 1.0 0.05 0.45 0.95 0.95 0.3 0.35 0.3 0.55 1.0 0.35 0.65 0.95 0.45 0.75 0.75 0.6 0.2 0.9 0.25 0.25 0.8 0.9 0.35 1.0 0.6 0.35 0.85 0.3 0.6 
-0.06724908007267576 0.5469552758630054 0.685321230670688 0.5 0.0 0.2 0.95 0.25 0.0 1.0 0.4 0.35 0.55 0.65 0.25 0.45 0.25 0.45 0.55 0.15 0.6 1.0 0.25 0.3 0.4 0.15 0.25 1.0 0.05 0.25 0.3 0.45 0.6 0.85 1.0 0.75 0.9 0.95 0.65 
-0.12272016136321198 0.5384496889201316 0.6564025610158071 0.8 0.0 0.15 0.95 0.25 0.9 0.7 0.4 0.35 0.55 0.65 0.25 0.45 0.25 0.45 0.55 0.6 0.6 0.4 0.25 0.3 0.65 0.15 0.25 1.0 0.05 0.25 0.25 0.45 0.6 0.85 1.0 0.75 0.65 0.95 0.65 
-2.5102758285198328 0.6291443617401754 0.6832304747992565 0.8 0.2 0.15 0.95 0.25 0.0 0.7 0.1 0.35 0.55 0.65 0.25 0.45 0.25 0.45 0.55 0.6 0.6 0.55 0.2 0.3 0.4 0.1 0.2 1.0 0.05 0.25 0.25 0.45 0.6 0.85 1.0 0.75 0.9 0.95 0.65 
-0.011547851304486583 0.7213581054135362 0.455651961984026 0.15 0.05 0.4 0.95 0.3 0.05 0.95 0.55 0.75 0.7 0.8 0.25 0.0 0.7 0.45 0.3 0.6 0.6 1.0 0.2 0.65 0.95 0.3 0.25 0.5 0.35 0.6 0.95 0.45 0.6 0.6 0.75 0.95 0.5 0.9 0.75 
-1.2310259363153646 0.7545002716044069 0.4990271706843348 0.45 0.1 0.4 0.95 0.25 0.7 0.75 0.55 0.75 0.65 0.8 0.25 0.8 0.65 0.1 0.75 1.0 0.5 0.95 0.15 0.65 0.8 0.25 0.25 0.95 0.3 0.55 1.0 0.45 0.6 0.4 0.55 0.8 0.6 0.95 0.8 
-20.398377944804647 0.2380391127289932 0.48840620576459104 0.05 0.5 0.85 0.4 0.4 0.05 1.0 0.0 0.55 0.95 0.95 0.15 0.5 0.3 0.25 0.4 0.75 0.75 0.9 0.45 0.6 0.2 0.95 0.45 0.65 0.15 0.45 1.0 0.65 0.5 0.6 0.8 0.0 0.95 0.3 0.35 
-0.011105137019072665 0.6509684222924096 0.38343569663192184 0.8 0.6 0.7 0.95 0.25 0.05 0.95 0.55 0.75 0.7 0.8 0.2 0.0 0.75 0.85 0.3 0.6 0.6 1.0 0.2 0.6 0.95 0.3 0.25 0.2 0.4 0.05 0.9 0.45 0.55 0.6 1.0 0.95 0.5 0.9 0.75 
-0.005007647951240464 0.6893200545776091 0.4042474106149375 0.8 0.2 0.4 0.95 0.25 0.8 0.75 0.55 0.75 0.75 0.8 0.25 0.8 0.65 0.7 0.15 1.0 0.5 1.0 0.15 0.65 0.95 0.25 0.25 0.9 0.3 0.6 0.95 0.45 0.7 0.65 0.65 0.95 0.7 0.95 0.8 
-10.675694225619225 0.26720784136355347 0.39118968736285276 0.6 0.5 0.9 0.05 0.8 0.75 1.0 0.9 0.45 0.95 0.95 0.15 0.5 0.4 0.25 0.05 0.75 0.4 0.65 0.45 0.8 0.15 0.95 0.45 0.95 0.15 0.45 1.0 0.65 0.5 0.65 0.8 0.65 0.7 0.3 0.35 
-0.30362001244520564 0.3680645541163378 0.7133982976169414 0.05 1.0 0.15 0.85 0.95 0.25 1.0 0.05 0.5 0.95 0.95 0.3 0.65 0.4 0.55 0.0 0.9 0.65 0.95 0.45 0.75 0.6 0.6 0.15 0.9 0.25 0.25 0.9 0.9 0.45 1.0 0.6 0.45 1.0 0.3 0.6 
-7.361967429179909 0.3828177491840587 0.7288943263749363 1.0 1.0 0.45 0.85 0.95 0.25 1.0 0.05 0.5 0.95 0.95 0.3 0.35 0.4 1.0 0.0 0.35 0.25 0.95 0.45 0.75 0.6 0.6 0.15 0.9 0.25 0.25 0.9 0.9 0.4 0.95 0.6 0.35 0.85 0.3 0.6 
-0.3225452142780171 0.6888056177584773 0.38591562652266265 0.8 0.2 0.4 0.95 0.6 0.8 0.75 0.55 0.75 0.75 0.8 0.25 0.8 0.65 0.7 0.15 1.0 0.5 1.0 0.15 0.65 0.95 0.25 0.25 0.9 0.3 0.6 0.95 0.45 0.7 0.65 0.65 0.9 0.7 0.95 0.8 
-4.548066731353398 0.40109382040092373 0.73065098714421 0.05 1.0 0.45 0.1 0.95 0.25 1.0 0.05 0.5 0.95 0.95 0.3 0.35 0.3 0.55 0.0 0.35 0.2 1.0 0.45 0.75 0.6 0.6 0.2 0.95 0.25 0.25 0.9 0.9 0.4 1.0 0.6 0.45 1.0 0.3 0.6 
-0.06872041235095419 0.7421976032985194 0.5734907721217141 0.6 0.9 0.0 0.65 0.4 0.85 0.8 0.55 0.75 0.9 0.8 0.25 0.45 0.9 0.1 0.55 1.0 0.5 1.0 0.15 0.65 0.95 0.25 0.25 0.85 0.35 0.6 0.95 0.45 0.6 0.15 0.15 0.9 0.7 0.95 0.75 
-0.2091581739389373 0.7372272385623643 0.6020124459354091 0.1 0.1 0.0 0.65 0.25 0.85 0.95 0.55 0.75 1.0 0.8 0.25 0.45 0.9 0.55 0.55 1.0 0.5 1.0 0.15 0.65 0.95 0.25 0.25 0.95 0.35 0.6 1.0 0.45 0.6 0.3 0.15 0.9 0.7 0.95 0.75 
-0.5680668993121336 0.5585465398288868 0.6731067126899504 0.8 0.0 0.15 0.95 0.25 0.0 0.7 0.4 0.35 0.65 0.65 0.2 0.45 0.25 0.45 0.55 0.6 0.15 1.0 0.25 0.3 0.4 0.15 0.25 1.0 0.05 0.25 0.25 0.45 0.65 0.85 1.0 0.75 0.65 0.95 0.65 
-3.6860123965329485 0.7232603686428495 0.4325484305499373 0.15 0.1 0.4 0.95 0.3 0.05 0.95 0.55 0.75 0.7 0.8 0.25 0.0 0.7 0.45 0.3 0.6 0.6 1.0 0.2 0.65 0.95 0.3 0.25 0.65 0.35 0.6 0.95 0.45 0.6 0.6 0.75 0.95 0.5 0.9 0.75 
-0.004435082340165205 0.7459885901321787 0.5354466172917653 0.45 0.1 0.4 0.95 0.25 0.7 0.65 0.55 0.95 0.75 0.8 0.25 0.8 0.65 1.0 0.65 1.0 0.5 0.95 0.15 0.65 0.95 0.25 0.25 0.85 0.3 0.55 1.0 0.45 0.6 0.85 0.1 0.8 0.65 0.0 0.75 
-0.6547280462821089 0.7129870964740164 0.6275941804975486 0.1 0.1 0.0 0.65 0.25 0.85 0.35 0.55 0.75 1.0 0.8 0.25 0.75 0.9 0.55 0.55 1.0 0.5 1.0 0.15 0.65 0.85 0.25 0.25 0.9 0.35 0.6 1.0 0.45 0.6 0.3 0.1 0.9 0.7 0.95 0.75 
-0.019460652987329047 0.726644780635825 0.6130041158634106 0.1 0.1 0.0 0.65 0.25 0.85 0.7 0.55 0.75 1.0 0.8 0.25 0.45 0.9 0.55 0.55 1.0 0.5 1.0 0.15 0.65 0.95 0.25 0.25 0.95 0.35 0.6 1.0 0.45 0.6 0.3 0.15 0.9 0.7 0.95 0.75 
-0.34389015048223726 0.7251676724687897 0.4643150622645918 0.15 0.1 0.75 0.95 0.3 0.05 0.95 0.55 0.7 0.7 0.8 0.25 0.1 0.7 0.45 0.3 0.6 0.6 1.0 0.2 0.65 0.95 0.3 0.25 1.0 0.35 0.6 0.95 0.45 0.6 0.65 0.75 0.95 0.5 0.9 0.75 
-11.453663845365321 0.3157653514933443 0.3680111771698054 0.55 0.5 0.9 0.05 0.4 0.55 1.0 0.0 0.45 1.0 0.95 0.15 0.5 0.4 0.5 1.0 0.75 0.4 0.65 0.45 0.8 0.2 0.85 0.45 0.75 0.15 0.45 1.0 0.65 0.5 0.65 0.75 0.6 0.9 0.3 0.35 
-0.28372569638640527 0.5830272182453203 0.6695233995257939 0.8 0.0 0.15 0.95 0.25 0.65 0.55 0.4 0.35 0.55 0.65 0.25 0.15 0.25 0.45 0.55 0.6 0.6 0.85 0.25 0.3 0.5 0.15 0.25 1.0 0.05 0.25 0.25 0.45 0.6 0.7 1.0 0.95 0.9 0.95 0.65 
-8.410803937781186 0.44352321891930735 0.3614589690630295 0.25 0.5 0.85 0.4 0.4 0.25 1.0 0.95 0.55 0.8 0.95 0.15 0.5 0.3 0.3 0.2 0.75 0.8 0.9 0.45 0.0 0.6 0.95 0.45 0.75 0.2 0.45 1.0 0.65 0.5 0.6 0.8 0.6 0.9 0.3 0.35 
-8.91026971534162 0.5417693271444415 0.3424586955505641 0.3 0.25 0.45 1.0 0.35 0.3 1.0 0.6 0.15 0.7 1.0 0.05 0.75 0.55 0.2 0.8 0.6 0.9 0.95 0.9 0.9 1.0 0.55 0.7 0.9 0.3 0.5 0.9 0.15 0.45 0.15 0.8 1.0 1.0 0.65 0.25 
-16.40753389114909 0.5196156736370954 0.3441620393367994 0.05 0.05 0.15 0.0 0.25 0.65 1.0 0.6 0.15 0.65 1.0 0.25 0.15 0.7 0.8 0.6 1.0 0.8 0.95 0.9 0.75 0.95 0.55 0.6 0.95 0.15 0.1 1.0 0.15 0.25 0.05 1.0 0.5 0.8 0.8 0.35 
-17.003106811171914 0.5088286391782988 0.3434829977183711 0.05 0.05 0.8 0.0 0.25 0.65 1.0 0.6 0.15 0.65 1.0 0.25 0.15 0.7 0.65 0.6 0.6 0.8 0.95 0.9 0.75 1.0 0.55 0.6 0.8 0.15 0.1 1.0 0.15 0.25 0.15 1.0 0.5 0.8 0.8 0.35 
-7.05700981270353 0.3968170554412336 0.3455371083317337 0.05 0.9 0.15 0.4 0.85 0.85 1.0 0.0 0.4 0.95 0.95 0.15 0.45 0.4 0.25 0.4 0.6 0.75 0.7 0.5 0.55 0.1 0.25 0.7 1.0 0.95 0.8 0.95 0.65 0.5 0.8 0.8 0.5 0.9 0.3 0.35 
-18.3411126716503 0.4162435042700181 0.34546228859831796 0.05 0.5 0.65 0.4 0.4 0.1 1.0 0.95 0.55 0.8 0.95 0.15 0.5 0.3 0.3 0.5 0.75 0.8 0.9 0.45 0.0 0.45 0.95 0.45 0.8 0.15 0.45 1.0 0.65 0.5 0.6 0.8 0.4 0.9 0.3 0.35 
-140.6654687007053 0.48483705148787465 0.3488883432551675 0.05 0.3 0.8 0.0 0.25 0.65 1.0 0.6 0.15 0.75 1.0 0.25 0.15 0.25 0.65 0.35 0.9 0.8 0.95 0.9 0.75 1.0 0.55 0.6 0.7 0.2 0.1 0.85 0.15 0.45 0.1 0.4 0.55 0.85 0.85 0.35 
-0.10731036947749839 0.6936949616994988 0.6375894803059383 0.2 0.1 0.0 0.1 0.25 0.85 0.25 0.55 0.95 1.0 0.8 0.25 0.45 0.6 0.75 0.55 0.5 0.45 1.0 0.15 0.65 0.85 0.25 0.25 0.9 0.35 0.6 1.0 0.45 0.6 0.15 0.15 0.9 0.7 0.95 0.75 
-29.994196322513048 0.21714957116342976 0.5327527408170084 0.05 0.5 0.45 0.4 0.6 0.05 1.0 0.0 0.55 1.0 0.95 0.15 0.5 0.4 0.25 0.4 0.6 0.7 0.75 0.45 0.55 0.15 0.95 0.5 0.75 0.15 0.75 0.95 0.65 0.5 0.7 0.8 0.6 0.9 0.3 0.35 
-8.216885750553221 0.2825363402265053 0.3878191784527375 0.55 0.5 0.9 0.05 0.4 0.55 1.0 0.9 0.45 0.95 0.95 0.15 0.5 0.4 0.25 0.05 0.75 0.4 0.65 0.45 0.8 0.2 0.95 0.45 0.95 0.15 0.45 1.0 0.65 0.5 0.65 0.8 0.7 0.7 0.3 0.35 
-8.749805027968417 0.4599101759661699 0.7276323711097419 0.05 1.0 0.45 0.85 0.95 0.25 0.95 0.05 0.45 0.95 0.95 0.3 0.35 0.3 0.55 0.95 0.35 0.4 0.9 0.45 0.75 0.6 0.6 0.2 0.95 0.25 0.25 0.9 0.9 0.4 1.0 0.6 0.35 0.85 0.3 0.6 
-3.7399038103974753 0.6476424647247313 0.3545227262743633 0.8 0.6 0.7 0.95 0.25 0.05 0.95 0.55 0.75 0.7 0.8 0.2 0.0 0.75 0.45 0.3 0.6 0.35 1.0 0.2 0.6 0.95 0.3 0.25 0.25 0.95 0.75 0.9 0.45 0.55 0.6 1.0 0.95 0.5 0.9 0.75 
-4.911943179230245 0.6610615615762345 0.3598905275683631 0.2 0.6 0.7 0.95 0.2 0.05 1.0 0.55 0.75 0.7 0.8 0.2 0.0 0.75 0.45 0.3 0.2 0.6 1.0 0.2 0.6 0.95 0.3 0.25 0.25 0.35 0.95 0.9 0.45 0.55 0.6 0.0 0.95 0.5 0.9 0.75 
-30.920571923776087 0.44247403394462675 0.3474834615493518 0.1 1.0 0.0 0.6 0.95 0.75 1.0 0.65 0.5 1.0 0.95 0.4 0.35 0.4 0.85 0.4 0.5 0.0 0.4 0.75 0.65 0.8 0.85 0.35 0.8 0.15 0.35 0.45 0.65 0.5 0.95 0.5 0.55 1.0 0.3 0.35 
-3.654447083719093 0.6730943766219372 0.367689305604048 0.8 0.6 0.7 0.95 0.25 0.05 0.95 0.55 0.75 0.7 0.8 0.2 0.0 0.75 0.45 0.3 0.6 0.6 1.0 0.2 0.6 0.95 0.3 0.25 0.25 0.05 0.6 0.9 0.45 0.55 0.6 1.0 0.95 0.5 0.9 0.75 
-0.3193029189585061 0.42485131153571976 0.7171486813108013 0.05 1.0 0.45 0.85 0.2 0.25 1.0 0.05 0.45 0.95 0.95 0.3 0.35 0.3 0.55 1.0 0.35 0.65 0.95 0.45 0.75 0.75 0.6 0.2 0.9 0.25 0.2 0.85 0.9 0.4 1.0 0.6 0.35 0.85 0.3 0.6 
-0.1800330372245796 0.7686098452807406 0.4793400497706536 0.45 0.1 0.4 0.95 0.25 0.7 0.75 0.55 0.75 0.65 0.8 0.25 0.8 0.25 0.1 0.55 1.0 0.5 0.95 0.15 0.65 0.8 0.25 0.25 0.95 0.3 0.55 0.95 0.45 0.6 0.5 0.55 0.8 0.6 0.95 0.8 
-18.389230002399934 0.23095801835572022 0.43570985992306915 0.55 0.5 0.9 0.05 0.4 0.55 1.0 0.9 0.45 0.95 0.95 0.15 0.5 0.4 0.25 0.3 1.0 0.4 0.65 0.45 0.8 0.2 0.95 0.45 0.75 0.15 0.45 1.0 0.65 0.5 0.8 0.8 0.5 0.9 0.3 0.35 
-29.526166365520922 0.32258636268934604 0.3426112028273357 0.05 0.5 0.85 0.4 0.4 0.1 1.0 0.95 0.55 0.95 0.95 0.15 0.5 0.3 0.25 0.5 0.75 0.8 0.85 0.45 0.5 0.75 0.95 0.45 0.75 0.15 0.45 1.0 0.65 0.5 0.9 0.8 0.65 0.9 0.3 0.35 
-0.4911983697114009 0.7630262048697788 0.5645424208748702 0.45 0.1 0.4 0.95 0.25 0.7 0.65 0.55 0.95 0.75 0.8 0.25 0.8 0.65 1.0 0.65 1.0 0.5 0.95 0.15 0.65 0.8 0.25 0.25 0.95 0.3 0.55 1.0 0.45 0.6 0.85 0.1 0.8 0.65 0.0 0.75 
-0.9761700361150366 0.7736663432489049 0.5759965537161933 0.45 0.1 0.4 0.2 1.0 0.7 0.65 0.55 0.95 0.75 0.8 0.25 0.8 0.65 1.0 0.65 1.0 0.5 0.95 0.15 0.65 0.8 0.25 0.25 0.9 0.3 0.55 1.0 0.45 0.6 0.85 0.1 0.8 0.65 0.0 0.8 
-1.9970598869305176 0.6022241895913264 0.3529289025677085 0.2 0.6 1.0 0.95 0.2 0.05 1.0 0.55 0.75 0.7 0.8 0.2 0.0 0.75 0.45 0.3 0.2 0.6 1.0 0.2 0.6 0.95 0.3 0.25 0.25 0.1 0.95 0.9 0.45 0.55 0.6 0.7 0.95 0.5 0.9 0.75 
-50.176856774814425 0.3514080168043995 0.7309703752633969 0.05 0.35 0.45 0.4 0.5 0.3 0.5 0.0 0.6 1.0 0.95 0.15 0.6 0.2 0.95 0.35 0.85 0.75 1.0 0.45 0.55 0.05 0.9 0.4 0.9 0.15 0.75 0.75 0.7 0.55 0.95 0.8 0.3 0.95 0.3 0.35 
-13.922098818182366 0.24346943329311949 0.4137431633617253 0.55 0.5 0.9 0.05 0.4 0.55 1.0 0.9 0.45 0.95 0.95 0.15 0.5 0.4 0.25 0.05 0.75 0.4 0.65 0.45 0.8 0.2 0.95 0.45 0.95 0.15 0.45 1.0 0.65 0.5 0.65 0.8 0.7 0.9 0.3 0.35 
-3.771352681859892 0.7784570548550491 0.5393775068645918 0.45 0.1 0.4 0.95 0.25 0.7 0.65 0.55 0.95 0.75 0.8 0.25 0.8 0.65 1.0 0.65 1.0 0.5 0.95 0.15 0.65 0.8 0.25 0.25 0.85 0.3 0.55 1.0 0.45 0.6 0.85 0.1 0.8 0.65 0.0 0.75 
-35.06554857207084 0.3852100541668303 0.31882606713662953 0.05 0.35 0.75 0.4 0.75 0.5 1.0 1.0 0.55 0.95 0.95 0.15 0.5 0.05 0.8 0.4 0.7 0.6 1.0 0.45 0.8 0.85 0.95 0.45 0.75 0.65 0.75 0.75 0.7 0.45 0.1 0.3 0.7 0.85 0.3 0.4 
-9.809398116897565 0.4518809372340743 0.7373303902802762 0.05 1.0 0.45 0.85 0.95 0.25 1.0 0.05 0.45 0.95 0.95 0.3 0.35 0.3 0.55 0.95 0.35 0.65 0.95 0.45 0.75 0.6 0.6 0.15 0.95 0.25 0.25 0.9 0.9 0.4 1.0 0.6 0.35 0.85 0.3 0.6 
-8.741246803314429 0.4403192639240767 0.7353075198870282 0.05 1.0 0.45 0.85 0.95 0.25 0.95 0.05 0.45 0.95 0.95 0.3 0.35 0.3 0.55 0.95 0.35 0.65 0.9 0.45 0.75 0.6 0.6 0.15 0.95 0.25 0.25 0.9 0.9 0.4 1.0 0.6 0.35 0.85 0.3 0.6 
-14.461824735620066 0.48599722597498285 0.7146657316738155 0.05 1.0 0.45 0.85 0.95 0.25 1.0 0.05 0.45 0.95 0.95 0.3 0.35 0.3 0.55 0.95 0.35 0.4 0.9 0.45 0.75 0.45 0.6 0.2 0.95 0.25 0.25 0.9 0.9 0.4 1.0 0.6 0.35 0.85 0.3 0.6 
-33.023545452164804 0.3444475806346536 0.32555093386791867 0.1 0.35 0.15 0.4 0.95 0.15 1.0 1.0 0.55 0.95 0.95 0.15 0.5 0.15 0.0 0.45 0.7 0.4 1.0 0.45 0.8 0.85 0.95 0.45 0.75 0.65 0.75 0.75 0.7 0.5 0.05 0.3 0.9 0.85 0.3 0.35 
-31.969208544523017 0.3717579464878552 0.3282210113567625 0.05 0.35 0.75 0.4 0.75 0.5 1.0 1.0 0.55 0.95 0.95 0.15 0.5 0.05 0.8 0.4 0.1 0.6 1.0 0.45 0.8 0.85 0.95 0.45 0.75 0.65 0.75 0.75 0.7 0.45 0.1 0.3 0.8 0.85 0.3 0.4 
-9.537794367831763 0.5867853460863144 0.3388340660699655 0.15 0.05 0.4 0.95 0.3 0.55 0.95 0.55 0.75 0.7 0.8 0.1 0.0 0.7 0.45 0.3 0.6 0.6 1.0 0.2 0.65 0.95 0.3 0.25 0.5 0.35 0.6 0.95 0.45 0.6 0.6 0.75 0.95 0.5 0.9 0.75 
-30.811261281034547 0.4046141683012912 0.327129401069279 0.05 0.5 0.85 0.4 0.4 0.25 1.0 0.95 0.55 0.8 0.95 0.15 0.5 0.3 0.3 0.2 0.75 0.8 0.9 0.45 0.0 0.9 0.95 0.45 0.75 0.2 0.45 1.0 0.65 0.5 0.6 0.0 0.6 0.9 0.3 0.35 
-41.5864294946052 0.41911107469431363 0.3253970506027267 0.05 0.35 0.75 0.4 0.95 0.15 1.0 1.0 0.55 0.95 0.95 0.15 0.5 0.15 0.0 0.4 0.7 0.25 1.0 0.45 0.8 1.0 0.95 0.45 0.75 0.65 0.75 0.75 0.7 0.35 0.05 0.3 0.6 0.85 0.3 0.4 
-16.424042687556334 0.23533076385805418 0.4081491320660352 0.55 0.5 0.9 0.05 0.4 0.55 1.0 0.9 0.45 0.95 0.95 0.15 0.5 0.4 0.25 0.05 0.75 0.4 0.65 0.45 0.8 0.2 0.95 0.45 0.95 0.15 0.45 1.0 0.65 0.5 0.65 0.8 0.6 0.9 0.3 0.35 
-45.26027478401088 0.37290701959165595 0.30687195286347846 0.05 0.35 0.75 0.4 0.95 0.15 1.0 1.0 0.55 0.95 0.95 0.15 0.5 0.15 0.0 0.4 0.7 0.4 1.0 0.45 0.8 1.0 0.95 0.45 0.75 0.65 0.75 0.75 0.7 0.5 0.05 0.3 0.9 0.85 0.3 0.4 
-3.6164340887116846 0.7234366462138557 0.6311311834533924 0.1 0.1 0.0 0.65 0.25 0.85 0.5 0.55 0.75 1.0 0.8 0.25 0.35 0.9 0.85 0.55 1.0 0.5 1.0 0.15 0.65 0.95 0.25 0.25 0.75 0.35 0.6 1.0 0.45 0.6 0.3 0.15 0.9 0.7 0.95 0.75 
-44.516700950255675 0.4144237550738034 0.30676834612258885 0.05 0.35 0.75 0.4 1.0 0.15 1.0 1.0 0.55 0.95 0.95 0.15 0.5 0.15 0.0 0.4 0.7 0.25 1.0 0.45 0.8 1.0 0.95 0.45 0.75 0.65 0.8 0.75 0.7 0.3 0.05 0.3 0.85 0.85 0.3 0.4 
-33.77887450727812 0.33451354695014734 0.32689084676628266 0.05 0.35 0.75 0.95 0.35 0.15 1.0 1.0 0.55 0.95 0.95 0.15 0.5 0.15 0.3 0.4 0.7 0.4 1.0 0.45 0.8 0.85 0.95 0.45 0.75 0.65 0.9 0.75 0.7 0.5 0.05 0.25 0.6 0.85 0.3 0.4 
-4.565574708006303 0.5561476815079591 0.6962682507338662 0.8 0.0 0.15 0.95 0.25 0.0 0.6 0.4 0.35 0.55 0.65 0.25 0.45 0.25 0.45 0.55 0.6 0.6 1.0 0.25 0.3 0.5 0.15 0.25 1.0 0.05 0.25 0.25 0.45 0.6 0.85 1.0 0.75 0.9 0.95 0.65 
-0.7330509976209082 0.5811792606027827 0.678050636531681 0.8 0.0 0.15 0.95 0.25 0.65 0.55 0.4 0.35 0.55 0.65 0.25 0.15 0.25 0.45 0.55 0.6 0.6 1.0 0.25 0.3 0.5 0.15 0.25 1.0 0.05 0.25 0.25 0.45 0.6 0.7 1.0 0.95 0.9 0.95 0.65 
-52.213704042403826 0.44166984025834793 0.32823876715988554 0.8 0.35 0.75 0.4 0.55 0.15 1.0 0.95 0.55 0.95 0.95 0.15 0.5 0.15 0.0 0.4 0.7 0.25 1.0 0.45 0.8 1.0 0.95 0.45 0.85 0.65 0.8 0.75 0.7 0.35 0.25 0.0 1.0 0.85 0.3 0.4 
-27.75702472273562 0.28427784115598975 0.3661577792837845 0.05 0.5 0.85 0.4 0.4 0.1 1.0 0.95 0.55 0.95 0.95 0.15 0.3 0.3 0.25 0.5 0.55 0.8 0.9 0.45 0.5 0.45 0.95 0.45 0.75 0.15 0.45 1.0 0.65 0.5 0.6 0.8 0.6 0.9 0.3 0.35 
-30.199694132629947 0.29231571747797014 0.3493995500621859 0.05 0.5 0.85 0.4 0.4 0.1 1.0 0.95 0.55 0.95 0.95 0.15 0.5 0.3 0.25 0.5 0.75 0.8 0.85 0.45 0.5 0.45 0.95 0.45 0.75 0.15 0.45 1.0 0.65 0.5 0.9 0.8 0.4 0.9 0.3 0.35 
-0.35363995530154574 0.77659715252787 0.5615942103718219 0.45 0.1 0.4 0.95 0.25 0.7 0.65 0.55 0.95 0.75 0.8 0.25 0.8 0.65 1.0 0.65 1.0 0.5 0.95 0.15 0.65 0.8 0.25 0.25 0.9 0.3 0.55 1.0 0.45 0.6 0.85 0.1 0.8 0.65 0.0 0.75 
-8.44732625522874 0.6000983256726895 0.691728817508551 0.8 0.5 0.6 0.9 0.25 0.3 0.9 0.1 0.4 0.55 0.65 0.25 0.45 0.25 0.4 0.55 0.1 0.6 1.0 0.2 0.3 0.3 0.15 0.25 1.0 0.05 0.25 0.15 0.45 1.0 0.7 1.0 0.75 0.9 0.95 0.65 
-11.974695304730021 0.7710255228097387 0.5309043407167757 0.45 0.1 0.4 0.95 0.25 0.7 0.9 0.55 0.95 0.75 0.8 0.25 0.8 0.65 1.0 0.65 1.0 0.9 0.95 0.15 0.65 0.8 0.25 0.25 0.9 0.3 0.55 1.0 0.45 0.6 0.85 0.1 0.8 0.65 0.0 0.75 
-53.273610707141074 0.4570328871388165 0.3227650807568101 0.55 0.35 0.75 0.4 0.55 0.15 0.7 0.95 0.55 0.95 0.95 0.15 0.5 0.15 0.0 0.4 0.7 0.25 1.0 0.45 0.8 1.0 0.95 0.45 0.75 0.65 0.8 0.75 0.7 0.35 0.25 0.0 1.0 0.85 0.3 0.4 
-9.914197788593604 0.7559611009729625 0.434631730639559 0.45 0.1 0.4 0.95 0.25 0.35 1.0 0.55 0.75 0.65 0.8 0.25 0.8 0.25 0.1 0.55 1.0 0.5 0.95 0.15 0.65 0.8 0.25 0.25 0.95 0.3 0.55 0.95 0.45 0.6 0.5 0.55 0.8 0.6 0.95 0.8 
-10.617600596479331 0.6382920849642276 0.6794607886047258 0.8 0.5 0.6 0.9 0.25 0.3 0.9 0.1 0.4 0.55 0.65 0.25 0.2 0.25 0.15 0.55 0.1 0.6 1.0 0.2 0.3 0.3 0.15 0.25 1.0 0.05 0.25 0.15 0.45 0.65 0.85 1.0 0.75 0.9 0.95 0.65 
-11.056866197462817 0.6154325265109345 0.6984889851790191 0.8 0.5 0.6 0.9 0.25 0.3 0.8 0.1 0.35 0.55 0.65 0.25 0.2 0.25 0.15 0.65 0.1 0.6 1.0 0.2 0.3 0.3 0.15 0.25 1.0 0.05 0.25 0.15 0.45 0.65 0.85 1.0 0.75 0.9 0.95 0.65 
-1.750107660143496 0.7682168655359544 0.47588058833899455 0.45 0.1 0.4 0.95 0.25 0.7 0.75 0.55 0.75 0.65 0.8 0.25 0.8 0.25 0.1 0.55 1.0 0.5 0.95 0.15 0.65 0.8 0.25 0.25 0.95 0.3 0.55 1.0 0.45 0.6 0.5 0.55 0.8 0.6 0.95 0.8 
-16.922344354214143 0.48261979802888216 0.7305291046680917 0.05 1.0 0.45 0.85 0.95 0.25 1.0 0.05 0.45 0.95 0.95 0.3 0.35 0.3 0.55 0.95 0.35 0.65 0.95 0.45 0.75 0.5 0.6 0.15 0.9 0.25 0.25 0.9 0.9 0.4 1.0 0.6 0.35 0.85 0.3 0.6 
-1.120116013001412 0.7766860511710316 0.5935617741254389 0.45 0.1 0.4 0.95 0.25 0.7 0.75 0.55 0.95 0.75 0.8 0.25 0.8 0.4 0.75 0.65 1.0 0.5 0.95 0.15 0.65 0.8 0.25 0.25 0.95 0.3 0.55 0.85 0.45 0.6 0.95 0.1 0.8 0.65 0.0 0.7 
-48.82416429954296 0.34300582958605547 0.7257260045827459 0.05 0.6 0.45 0.4 0.5 0.3 0.5 0.0 0.6 1.0 0.95 0.15 0.2 0.2 0.7 0.4 0.85 0.75 1.0 0.45 0.55 0.05 0.9 0.45 0.9 0.15 0.75 0.75 0.7 0.55 0.9 0.8 0.3 0.95 0.3 0.35 
-20.38171287744489 0.6117492776806124 0.32313326415452925 0.15 0.05 0.4 0.95 1.0 0.05 0.95 0.55 0.75 0.7 0.8 0.2 0.0 0.7 0.45 0.3 0.6 0.6 1.0 0.2 0.65 0.95 0.3 0.25 0.5 0.35 0.6 1.0 0.45 0.6 0.6 0.75 0.9 0.5 0.9 0.75 
-5.177523063682777 0.7544375690380061 0.45518110592192496 0.45 0.1 0.4 0.95 0.25 0.35 1.0 0.55 0.75 0.6 0.8 0.25 0.8 0.25 0.1 0.55 1.0 0.5 0.95 0.15 0.65 0.8 0.25 0.25 0.95 0.3 0.55 0.95 0.45 0.6 0.5 0.55 0.8 0.6 0.95 0.8 
-19.07287256988227 0.6185442864563109 0.33170192190045433 0.15 0.2 0.4 0.95 0.3 0.05 0.95 0.55 0.75 0.7 0.8 0.2 0.0 0.7 0.45 0.3 0.5 0.6 1.0 0.2 0.65 0.95 0.3 0.25 0.5 0.35 0.6 0.95 0.45 0.6 0.6 0.8 0.95 0.5 0.9 0.75 
-1.155940666783083 0.7711370706665013 0.5968305058097477 0.45 0.1 0.4 0.95 0.25 0.85 0.55 0.55 0.95 0.75 0.8 0.25 0.4 0.4 0.75 0.65 1.0 0.5 0.85 0.15 0.65 0.8 0.25 0.25 0.95 0.3 0.55 0.85 0.45 0.6 0.95 0.1 0.8 0.65 0.0 0.7 
-23.83428672333773 0.23051379262101812 0.412118524499834 0.55 0.5 0.9 0.05 0.4 0.55 1.0 0.9 0.45 0.95 0.95 0.15 0.5 0.4 0.25 0.5 0.75 0.4 0.65 0.45 0.8 0.2 0.95 0.45 0.95 0.15 0.45 1.0 0.65 0.5 0.9 0.8 0.7 0.9 0.3 0.35 
-31.82731127213443 0.22277384829644392 0.4247317162400434 0.55 0.5 0.9 0.05 0.4 0.55 1.0 0.9 0.45 0.95 0.95 0.15 0.5 0.4 0.25 0.5 0.75 0.4 0.65 0.45 0.8 0.2 0.95 0.45 0.95 0.15 0.5 1.0 0.65 0.5 0.9 0.8 0.7 0.9 0.3 0.35 
-2.0925786796822057 0.7904434383307368 0.5604435581367755 0.45 0.1 0.6 0.95 0.15 0.7 0.85 0.55 0.95 0.75 0.8 0.25 0.95 0.65 0.65 0.1 1.0 0.5 0.95 0.15 0.65 0.8 0.25 0.25 0.9 0.3 0.55 0.9 0.45 0.6 0.95 0.1 0.8 0.65 0.0 0.75 
-12.173774380273306 0.6550173781471401 0.6547465469377156 0.8 0.2 0.15 0.95 0.25 0.0 0.7 0.1 0.35 0.55 0.65 0.15 0.45 0.25 0.35 0.55 0.35 0.6 0.55 0.2 0.3 0.4 0.1 0.2 1.0 0.05 0.25 0.25 0.35 0.6 0.85 1.0 0.75 0.9 0.95 0.65 
-25.85193318787042 0.214872991067955 0.45897087144646764 0.45 0.5 0.9 0.05 0.4 0.55 1.0 0.9 0.45 0.95 0.95 0.15 0.5 0.4 0.25 0.05 0.75 0.4 0.65 0.45 0.8 0.2 0.95 0.45 0.95 0.15 0.7 1.0 0.65 0.5 0.65 0.8 0.7 0.9 0.3 0.35 
-3.378557261467984 0.7912941053525506 0.5751441112437522 0.45 0.1 0.6 0.95 0.15 0.7 0.75 0.55 0.95 0.8 0.8 0.25 0.95 0.65 0.65 0.65 1.0 0.5 0.95 0.15 0.65 0.8 0.25 0.25 0.9 0.3 0.55 0.9 0.45 0.6 0.95 0.1 0.8 0.65 0.0 0.75 
-38.516624957302504 0.21186792761185125 0.4712806040862999 0.55 0.5 0.9 0.05 1.0 0.2 1.0 0.9 0.45 0.95 0.95 0.15 0.5 0.25 0.25 0.05 0.75 0.4 0.65 0.45 0.8 0.2 0.95 0.5 0.95 0.15 0.45 1.0 0.65 0.5 0.65 0.8 0.7 0.9 0.3 0.35 
