1.0 0.494758654635442 0.4986351722216041 0.5632691184130564 0.24658892162023205 
1.0 0.500783041010582 0.7333663597096118 0.26683994056690785 0.7950226275560341 
1.0 0.46236957433340586 0.4896495719410318 0.5688531815534578 0.18960293095764236 
1.0 0.5025084920257078 0.3800780090495202 0.7669917966832556 0.39868306013204924 
1.0 0.5054677681213969 0.5057088820158397 0.23733560974848023 0.8480674449382867 
1.0 0.5724567739732538 0.5214003415932746 0.1348265330052717 0.6777876601034694 
1.0 0.4412574796718472 0.4479079051395467 0.6413421731431066 0.983186169288468 
1.0 0.4518191584165963 0.49096264427432246 0.5654478161586082 0.8887085822465244 
1.0 0.5069123880791462 0.5299519321108968 0.2538289241827958 0.8772002611396841 
1.0 0.4922404180771858 0.6665727774740569 0.2948816345036511 0.851380680086683 
1.0 0.5289743298263211 0.634570644144823 0.25014550397134105 0.8186937576093876 
1.0 0.5360731182307753 0.5000536954330285 0.018137461153576617 0.6403262063460101 
1.0 0.44790918188822676 0.46198677267607413 0.628974089494317 0.9678387682354402 
1.0 0.5081432622853155 0.6070306812618066 0.26386720169076294 0.8571713831626675 
1.0 0.5306552904137113 0.2501359248635474 0.7254038106524683 0.24580418650910119 
1.0 0.5645835119730336 0.49198619361558854 0.9066561949558437 0.34497451345359353 
1.0 0.6837025821242422 0.445354306013124 0.8837251569773391 0.4057086709637635 
1.0 0.3919729417696515 0.4784610829996129 0.5339380114811634 0.9325260854880169 
1.0 0.3194530696108686 0.42968459656919467 0.6232330501276825 0.11173836784182667 
1.0 0.4320806145583941 0.29633181065323944 0.6946900951300525 0.1680112330600778 
1.0 0.5584188816203955 0.4869188073556783 0.9734253313300559 0.5864277401304994 
1.0 0.5524355018226635 0.5209356676269116 0.15819614856366138 0.7122440703285958 
1.0 0.3002586934907895 0.5412631778196179 0.4425561121008097 0.9678952354732006 
1.0 0.3843407175008064 0.4578420051111187 0.5913619802097912 0.14281427763816357 
1.0 0.555585564897588 0.39415213899815926 0.8541313050547618 0.4429944881243737 
1.0 0.466922098712902 0.6689121074757064 0.2686819495471964 0.6840412424337695 
1.0 0.547394371155108 0.34569785390522845 0.8376004587033152 0.38906227939122295 
1.0 0.30078532866376606 0.5297515397351475 0.4574400844963237 0.9714611753745817 
1.0 0.6917010249775751 0.5271255057218627 0.047414237986729946 0.5707396007647995 
1.0 0.4055445875256637 0.5366137804865866 0.36564762973757803 0.828907753326632 
1.0 0.47870106261202877 0.6698375704840112 0.3133696904962744 0.8503281466686169 
1.0 0.7057867115325002 0.5660105102961281 0.08771426167592111 0.5428831909214304 
1.0 0.5783188099902015 0.4366433139376589 0.9071245323142946 0.5077385122221574 
1.0 0.46048820473489604 0.505162042487614 0.45627826948922 0.8285961734871518 
1.0 0.4111980424449764 0.5322784093331665 0.37883449464191044 0.8310391878661022 
1.0 0.710773109092894 0.49302051137182706 0.9648327190371684 0.469000051221543 
1.0 0.512821238033038 0.4762721227284678 0.8277598014455361 0.547206857121645 
1.0 0.49495758109505095 0.5987558978669645 0.2854295723217085 0.8965280056055394 
1.0 0.5698087030545199 0.5661702433506641 0.11006039594561223 0.5034611682563488 
1.0 0.4333496464110857 0.5980274212092219 0.37313881823424844 0.9506936832971487 
1.0 0.4662858631504471 0.5559605678808202 0.2992566130949761 0.7094839212430779 
1.0 0.5151193900481836 0.7623421873046966 0.22403927898458265 0.729193861171554 
1.0 0.36048877350436537 0.4522278826799474 0.5540669025215866 0.9728464506802921 
1.0 0.4830357185343935 0.7293228046427256 0.30146603560824425 0.7877451410448192 
1.0 0.3633127874467186 0.41083813294468086 0.6119396946092027 0.0121338659883522 
1.0 0.5019214565335329 0.30030930295114044 0.7812181239678431 0.3420544451068068 
1.0 0.4665233036867983 0.4681129638339014 0.6487226931008516 0.971134701316355 
1.0 0.5329517474077068 0.45516676943384055 0.8355938991663608 0.5235523400324579 
1.0 0.4660698466513632 0.45647503635916264 0.6569379586919608 0.9944089012102505 
1.0 0.4100034577472064 0.5675007031068895 0.4132566472654762 0.9955403648123728 
1.0 0.6326567261296445 0.5255187794995476 0.07537325208772361 0.6128792325920495 
1.0 0.5346091214254283 0.48599538819559457 0.862089876019404 0.28612927090423423 
1.0 0.6824799388031159 0.44221907663245985 0.9590630622426509 0.5011090151245324 
1.0 0.3827203647248531 0.5370493393027349 0.3842783106317098 0.8546001055367649 
1.0 0.4392009327413869 0.49838381043096297 0.5367222777695814 0.888891450481024 
1.0 0.612137027133063 0.47145274129229375 0.8828585766770759 0.36546844860355465 
1.0 0.5388609328492979 0.5217834982204637 0.20910597738703007 0.7641056687691146 
1.0 0.5347012457665888 0.4409740311174216 0.8165167096859558 0.4991994212833275 
1.0 0.5899164195869109 0.6155749121800802 0.1463505238785413 0.5636345162467218 
1.0 0.7162991674084872 0.5104433769052299 0.007726988811830426 0.5263390687114731 
1.0 0.4164455635411889 0.6793072719565438 0.3432022484121974 0.8690424143213761 
1.0 0.30731780253410235 0.438124153758832 0.5654080440063782 0.04568368484510066 
1.0 0.48866760303427026 0.5060357526978712 0.3045857826626406 0.6669862205227237 
1.0 0.5426437972215553 0.3726899389895597 0.7580421259408784 0.19953274645492336 
1.0 0.6123178234383237 0.5339631157371251 0.04178671789413657 0.4610525020638272 
1.0 0.39278061639628176 0.517481734302041 0.4759764992672414 0.05535905062805013 
1.0 0.5706554022232706 0.47960089702885356 0.8649228039601422 0.3255848364946027 
1.0 0.307689331609025 0.4944397582617311 0.5069638846081014 0.03545562543148317 
1.0 0.5749985675884481 0.6685530876999769 0.18010297263626251 0.6230469539482453 
1.0 0.511891870699069 0.4351449828533596 0.7342170540324081 0.111986894405804 
1.0 0.3777169103659996 0.5131369832155172 0.4955115222695755 0.06248797172102294 
1.0 0.4790466369018753 0.37016119145622484 0.7439897371700362 0.3455691648594633 
1.0 0.5637186242512688 0.31708451777110525 0.8324108584537503 0.357006733906464 
1.0 0.49410782518546337 0.4339364614040125 0.7545033021974072 0.40154752765291846 
1.0 0.7066971845991402 0.4875014374166543 0.9597590577924343 0.4568512341664568 
1.0 0.5504504511382959 0.5300245817117728 0.11807106541225598 0.45717876788931255 
1.0 0.31311599406090707 0.44891678278277536 0.5738859908462874 0.09258149590921627 
1.0 0.3438426507923641 0.42513717496560127 0.6496602584685781 0.13896353371858683 
1.0 0.5342090004645845 0.546920741825658 0.1612314794449099 0.4972893347210954 
1.0 0.5865989137939264 0.41323156782740317 0.9013942502337073 0.4802167042670372 
1.0 0.5760686210853078 0.2734932818489103 0.7635231157865063 0.24817706848923649 
1.0 0.5313207160227376 0.3760799807678695 0.8243856470404105 0.41757237623021504 
1.0 0.37171204735159435 0.3697754949962364 0.6353305069274964 0.05947653956852572 
1.0 0.4492024660578106 0.5293836096137338 0.37002424350825847 0.03729806275936942 
1.0 0.396577125783503 0.4322214285312874 0.6033289074145028 0.992771634734965 
1.0 0.5718538236206177 0.40885500276960357 0.8713056343791827 0.47130637643095274 
1.0 0.5650084758700664 0.37195379286001606 0.8582125413502961 0.42904613697547433 
1.0 0.44989704025413335 0.7427688715931454 0.25202872971339896 0.7413038477307538 
1.0 0.3098095638575914 0.4592715430850405 0.5338256557505132 0.008558718475950577 
1.0 0.4560528813116831 0.7149611461516179 0.23566103343899591 0.7097372342351174 
1.0 0.6596651867214747 0.5124939466984098 0.04261268034287102 0.5779558067730415 
1.0 0.5309181685738817 0.3823449881955329 0.7930139176174683 0.43200615041399715 
1.0 0.34887355555480964 0.3450620588219512 0.6883464971293655 0.1564200888506606 
1.0 0.42908004247070164 0.6242009976033055 0.3681366487380464 0.9247788287720295 
1.0 0.4687323091342104 0.6127586387356835 0.32398112455984884 0.915078980996771 
1.0 0.4880274978660944 0.5414756208932535 0.2765771472237787 0.6407805617618272 
1.0 0.506456800865357 0.5665083206307374 0.26277490422358296 0.8745834848087385 
1.0 0.44939986439494733 0.7442430922843398 0.24748802318717444 0.7453230201895338 
1.0 0.5994980101312313 0.5878971548211817 0.19641622021057714 0.7000419083846918 
1.0 0.478964098891828 0.4438954279337337 0.6766591547331713 0.027435787439154313 
1.0 0.4544284013329627 0.5822581600716494 0.29307315740388395 0.7230711948445349 
1.0 0.35770832618426573 0.5449844720299043 0.3902856495775101 0.8711352400134516 
1.0 0.3887937482270797 0.5587483710236202 0.42819380682838737 0.007488998220503085 
