0.6160945548340143 0.39100094004399144 
0.4323218671271672 0.6184722413542695 
0.056871520747702575 0.19334909720935162 
0.8187080333052199 0.8908671377685635 
0.2167389022126056 0.9170445583298181 
0.815819041204608 0.13248509014295712 
0.3724601822184529 0.1760410423471701 
0.08475071364143422 0.5478972544266564 
0.9394310819132551 0.6143763720083398 
0.4493221590860483 0.9359660782263393 
0.7005330418912034 0.5936459668991388 
0.8920191281016636 0.26967877329892787 
0.1978543389090806 0.33486536076866835 
0.6323293135487899 0.010095414880651077 
0.3720509566477837 0.48352193043808844 
0.21842699428334578 0.7080334068210381 
0.013638693001839619 0.8535663119980935 
0.14944713427855594 0.0136438956275452 
0.644719783496204 0.9342083733380111 
0.5606345873904632 0.8187692728776887 
0.48084685694481305 0.3193157247319402 
0.9623631627388847 0.9379229375015464 
0.9031381240138502 0.37455356294580944 
0.3602385603327137 0.7186943624949821 
0.8713184241681518 0.7692250972545438 
0.5268504830713626 0.13434385312835367 
0.3129652342828888 0.053230868445598434 
0.7511122802729817 0.2507656086388527 
0.03843773745053264 0.7174854381360206 
0.03049434396220224 0.3657000339370322 
0.5579313602841077 0.6254684282079095 
0.9911841217262276 0.04356874128289173 
0.7285010044423542 0.764349236097566 
0.37861062850252125 0.8436509406130032 
0.26351888935267953 0.5916451706803794 
0.18543167889872758 0.20535787230609104 
0.8312473438210186 0.42973262914335053 
0.4887479010067215 0.5209693451293681 
0.1666665207079568 0.44785212152987325 
0.6645346422985104 0.4739012682277544 
0.9605171768860705 0.16004307673675566 
0.6334524933939932 0.1976102065232151 
0.9113945355457346 0.5070401355295704 
0.33542643172401004 0.24905762273243642 
0.9740592005803774 0.7470141134769577 
0.08330102777874276 0.961422449701687 
0.8519716461257321 0.6028841053749385 
0.5131239075527626 0.0108920233372794 
0.7810387953253353 0.07106291693075434 
0.2938355125400083 0.3983309544831245 
0.008592269350547743 0.04461493367090513 
0.17365690067330009 0.7867923027664405 
0.46552919946664456 0.8160851174323943 
0.10029273288295565 0.10121143318538312 
0.7250141181519615 0.3416170516143622 
0.19485251974472056 0.6287598270074684 
0.27812054116225826 0.7955119325607545 
0.8624958426789977 0.9721195871226535 
0.6498641678471382 0.6899643930881945 
0.8894457864322628 0.051973854709884915 
0.4843609362972195 0.7351659500311942 
0.25081540324855467 0.9312109586933626 
0.3989833911172679 0.3952666672373607 
0.2755323314904225 0.4770044661156316 
0.7886120074569285 0.46557880204051555 
0.5022706645068651 0.453367258824246 
0.10296977883475056 0.6414000284209643 
0.6762468416781324 0.1002714149543753 
0.5796461857845476 0.9695005070734377 
0.5674568626378181 0.2925749616561098 
0.1945147288281553 0.08693772026956598 
0.910589847991039 0.8953583667464441 
0.36001263446892345 0.04593154999088905 
0.6333228158521365 0.775961336291551 
0.7831723723584576 0.6993602621880332 
0.33667019739472825 0.9068642366739643 
0.45908213127194547 0.22654956752202943 
0.11102583209887329 0.3404503013088389 
0.5862955809564285 0.48887306355073357 
0.9724024286108679 0.2827157248765576 
0.9742007299474482 0.5641574205573063 
0.05858390123296653 0.42624300807909055 
0.1532777289569615 0.5428342631938327 
0.6070538747595353 0.11807577205894387 
0.7446789145562118 0.9293275928766165 
0.532300471457175 0.9056688256166707 
0.9608836025001919 0.45070204161318417 
0.0716379516566164 0.24236733788865888 
0.07488053409637557 0.8135330680576275 
0.42864450391613435 0.07603960495232798 
0.29066121862784666 0.21541629518137778 
0.7347157345082607 0.16750968084726775 
0.3905893687359491 0.9627058056906148 
0.3460566574817885 0.5341667110587431 
0.8234744734635474 0.534449955643942 
0.03223407929478084 0.950168927556532 
0.2741199381338561 0.6560743054778718 
0.8237876898716441 0.3381968209562256 
0.3010658070769642 0.33123054457751266 
0.2606850353451744 0.13170613588616348 
0.7452346069328106 0.8649252815043612 
0.16412158420900214 0.9236185834860536 
0.6402229090598814 0.27143133197383074 
0.10620783609679418 0.7172807981907429 
0.6767639119824517 0.3991700889893202 
0.019651747938485786 0.5826885582508345 
0.7922083996851403 0.7989974532073993 
0.5598286459343896 0.3843126451350427 
0.8526117541779059 0.21175881799177854 
0.39754766480613807 0.6398210044732989 
0.35045175615481616 0.2906197693718389 
0.03995592773289064 0.12489335240292176 
0.5628932887687543 0.7478251642321121 
0.5824751949734898 0.5804795958523439 
0.547541862460608 0.21572888093973502 
0.11843235609625546 0.8593976330156012 
0.9336732427776775 0.8457348925466595 
0.4954720043230353 0.6517785560206725 
0.7576629247267714 0.5919344914251451 
0.027763713633146392 0.2882684119425306 
0.702117516864314 0.026344670062665054 
0.25783686531953276 0.2866481420584022 
0.40302715588136884 0.5509197954779793 
0.4021138364521812 0.30861189824633783 
0.9696201105375648 0.6957688586545554 
0.14314749113784508 0.22348140983363746 
0.8390754481981164 0.6708078688649266 
0.44790537617232334 0.15305406091870893 
0.984158147247229 0.40414058276657583 
0.8730908911334492 0.8503541723914716 
0.5704349108314105 0.06435704601934616 
0.05975186468038507 0.010549982126041135 
0.6873327133752489 0.5416693044874307 
0.1907703898651022 0.953948013387355 
0.20488318098133013 0.540866042153687 
0.23024028190679013 0.02529884678096156 
0.7739437949997316 0.34408660104978933 
0.2376549458849908 0.42682451058844156 
0.037262280092737465 0.49648819752385737 
0.4496860387765289 0.4518322794146713 
0.6657989315924951 0.8863255707390723 
0.802225467117883 0.012217219133822288 
0.7349635496751991 0.4173144204535511 
0.2879541851740899 0.8746382018834938 
0.7911527967371945 0.23233826215654402 
0.9516638664917558 0.05537353611213924 
0.42086700494124557 0.9016512697786196 
0.3223146713470255 0.9909762447161019 
0.11051870982725126 0.4857719642894393 
0.9017564944313513 0.12682474194102672 
0.48306417136073215 0.35456029505137676 
0.34468272031763875 0.1312083200935289 
0.3844278930987599 0.7686266789421712 
0.7102527268322043 0.7023974297625457 
0.7973907837683681 0.9738086252902981 
0.1367437331808412 0.371878571025458 
0.44896937981488233 0.010666599577410285 
0.5025854258287218 0.9892770904300145 
0.9839267202540463 0.3446659669893023 
0.7101690039557291 0.9811670994280319 
0.8990142000446112 0.7232551443968517 
0.638518027570432 0.5574609778887679 
0.4976305578228085 0.58365629916797 
0.020193312241911787 0.6313089011309403 
0.9610021193892065 0.20592483126652739 
0.7410498466626085 0.5006737877802193 
0.3290505428996019 0.6323672255691828 
0.252042205889105 0.8313415583063979 
0.1343875181212994 0.1655532222154245 
0.5568256402926226 0.6923817746190042 
0.2718094926811666 0.7177628371750775 
0.5069634537187822 0.05262532284222293 
0.7144208616269851 0.2387117698440509 
0.5789392058621752 0.8355718678483524 
0.18817095415497959 0.2739082532562684 
0.9056377978392844 0.9553816923533411 
0.662640489281253 0.643681434123987 
0.03981089536705168 0.9081365528848669 
0.4827858158547388 0.854210386761932 
0.9914991640644113 0.8712199501606891 
0.8691280412492373 0.4619109226901775 
0.49141412905813786 0.2781733613089772 
0.05671107950358828 0.7427158361512776 
0.2645517082351928 0.9938869780982009 
0.12718763630159885 0.6117120264165028 
0.6162651898498536 0.7261005978859367 
0.3971180174268475 0.6802235629685254 
0.6854734747718207 0.7985465604257687 
0.411583589268812 0.769288566636753 
0.1642527854582635 0.6830498416387987 
0.11468934814472986 0.7563609962686537 
0.868864608808251 0.14653283854916188 
0.9667707623600186 0.6219259325114311 
0.33566863606641106 0.8057982364868184 
0.402852191881816 0.22240886452284825 
0.5029878345103934 0.19996348844958317 
0.2973106133269803 0.5391982608321834 
0.6204579163345909 0.8868984566968423 
0.7940826367295032 0.8521363987785995 
0.6369967512007262 0.3287407370280832 
0.17733561346101417 0.1247275928113053 
0.11447296709448457 0.9768813573176485 
0.672471777664287 0.16428931241547778 
0.9177274525994417 0.6772866604658744 
0.32800126615528025 0.4758925095530304 
0.8438376627875868 0.7354903144880633 
0.8956255944624838 0.5705738689933954 
0.733540872425279 0.6257361677722006 
0.8184833598494328 0.2711942854710396 
0.4476995837001427 0.663467930272998 
0.9238776767166166 0.40909421666504625 
0.20131242111843095 0.8182659969345816 
0.9128254068511454 0.20454815424404815 
0.12267663203575147 0.30724461758482224 
0.9560940490022098 0.5152063794306814 
0.6347346310296254 0.05067550671639365 
0.2405980790619615 0.33590225368168064 
0.27132197229975563 0.09087632591398981 
0.7827301883383497 0.934328939946548 
0.026237781939225158 0.7871914195957388 
0.9577301674629506 0.8214747967123477 
0.8300487919355244 0.3791232179205139 
0.22746187078960967 0.47635715377312327 
0.3416324386825881 0.3807087099747092 
0.5191727922811907 0.5300088070132032 
0.20214141911637423 0.3598491883695561 
0.632982384655132 0.43374281467302706 
0.9703231955489962 0.9969552539790152 
0.2206999409185974 0.161843577067196 
0.6287669820992874 0.6557115589967127 
0.1686850778638717 0.7336461014866984 
0.7180886068415084 0.1175771859311851 
0.5491212764927194 0.5068516531184879 
0.7728273167935777 0.7532418863355868 
0.6319592214486076 0.5194651547477559 
0.44413210786576723 0.549001100816922 
0.493012974418121 0.09866334082736344 
0.23813434017449764 0.20831554077522402 
0.5945106248275213 0.191626323904442 
0.44284451634937083 0.37945080057241726 
0.6569362382459316 0.7438339962411087 
0.8432086231960694 0.052041286987489166 
0.7876675557478487 0.6499785014619411 
0.10714139303010062 0.4239562160032694 
0.8762094468905957 0.9343385639831363 
0.9721187600360484 0.1337452768592151 
0.022255453398508707 0.2269761249797453 
0.6588771517876227 0.9884393843573592 
0.5111889326416976 0.8048355133571621 
0.21743740388957644 0.7608940865921076 
0.11977982921648311 0.039363716370860224 
0.6485384789989539 0.8430616312817174 
0.246777705614171 0.38468269750616646 
0.019302525655517322 0.4208100626720468 
0.06435034925786254 0.06563173104841691 
0.5438408814598977 0.4643094226486544 
0.3363849470656701 0.5824510822466205 
0.9422710276467028 0.010852008670474422 
0.3981077674441143 0.138057660242212 
0.9099587716973452 0.8042895446056106 
0.8116818834772974 0.17624745473335468 
0.8965450453892101 0.627270055490972 
0.44345592380464705 0.484995276279403 
0.010541689159803469 0.9918120022236201 
0.05635408570177114 0.6734405757389826 
0.46852124980529497 0.8946924974318324 
0.5775297716910843 0.9207124613979735 
0.7768327508650954 0.4074878678220709 
0.46018067335959223 0.6146742654734931 
0.4581733621597234 0.4005235606496053 
0.5963511585950461 0.03076471224052918 
0.4143186714749745 0.8123270731673086 
0.19663853073315896 0.8643161003834936 
0.5098205186436158 0.851556595411869 
0.33140628828266633 0.15563147003570443 
0.5210706249552163 0.37476555471725237 
0.11372498016094079 0.2547482219631449 
0.3273571431406436 0.41927674035033335 
0.17589851798550415 0.4706636950606248 
0.12438356561949149 0.9381165125160225 
0.5984380211207028 0.23790252596009254 
0.9273707243396373 0.3334723380570367 
0.7933397213968602 0.5926332608797759 
0.4437901954043711 0.2807461262303669 
0.14001796245595277 0.0959146517395158 
0.7010862047529658 0.36581478111333443 
0.27449805005169037 0.008719649677040586 
0.4269714158413426 0.7203520684877726 
0.39665744882900006 0.029474028886737613 
0.5209250108871324 0.31929780741150915 
0.8369348212962169 0.5150454259149394 
0.3881814287975832 0.34028960711057293 
0.0798622725427735 0.30317129951234345 
0.3790410504312605 0.5933056615636347 
0.7578000769355016 0.20164674807541588 
0.7631019346084428 0.03744180256016583 
0.6643929561575114 0.23349741839021948 
0.3103013680158162 0.8383146559437238 
0.3396722925889628 0.7026896907393023 
0.7409605162855031 0.2859882450555925 
0.8397710072079443 0.07707697769253419 
0.8999349642003389 0.014676517244324672 
0.08696902038838705 0.12934596561987272 
0.09550465393312857 0.8871102732470275 
0.4526175427631079 0.7772239483918287 
0.6770578151684554 0.3198437947888196 
0.6932017629493102 0.44431980836854873 
0.07294915213050601 0.5932125861202272 
0.858572742232317 0.2921628807860447 
0.2978690555511908 0.2881066197382408 
0.6921299079518691 0.19977745665810548 
0.7423201094392182 0.992277700231935 
0.3782249337145846 0.09633668547055002 
0.23017517505199547 0.22787386185459574 
0.6344598344803523 0.14310314344919484 
0.971959591503945 0.8994870473314336 
0.5630882495420425 0.42641186079445503 
0.9816819968911491 0.7939628845165831 
0.43411061374080273 0.9922404056179093 
0.2753401064164649 0.5146421759756368 
0.5628630833754831 0.1398323475745854 
0.737498233462446 0.09541225788656432 
0.025318964492838714 0.5359843771957746 
0.988503309721348 0.07603255409968718 
0.3767030492673077 0.8880813949052411 
0.1468757803471185 0.573387355411281 
0.2945148987913313 0.9473260734238742 
0.8390701590114036 0.7689530509963416 
0.3307584831381237 0.7627783911324997 
0.9291590948484407 0.44148544882471225 
0.6028540385579805 0.8101088233632694 
0.3535874541496431 0.9483992675845236 
0.6127089553372338 0.612240069717997 
0.22620725961765792 0.06752035356835906 
0.1762788831143241 0.32400928891707637 
0.6953307231363504 0.2787144448810016 
0.8688343986481772 0.90946703457867 
0.8452723837004048 0.7049568946328932 
0.22086373110498164 0.5786980990267608 
0.5493621209551502 0.8745758400648107 
0.7574113152801409 0.5381788495928409 
0.5235298200827269 0.9234903699809973 
0.59565753637123 0.757587298794731 
0.537628736047084 0.5805453400149416 
0.23458157095376153 0.9469136725298981 
0.22967013193145458 0.6470382689990599 
0.7540114407054247 0.669261125808988 
0.6974486215250018 0.6849049942994809 
0.06334968603630325 0.3913983699121706 
0.2488713618085761 0.8941178747855962 
0.7080821813491741 0.9154590411063708 
0.8261035846211434 0.564576795338088 
0.3972782811606805 0.4438391366116662 
0.31203714192383913 0.16426230465689773 
0.08061095203686552 0.18334698912841313 
0.19579666766993992 0.01753155489211977 
0.9424615237059959 0.37481173974931703 
0.5921402563200859 0.5337864721000252 
0.3245143700944668 0.11243505914740093 
0.9206624563862358 0.5486141974567517 
0.3716519169989626 0.22141069783161277 
0.40483774011137214 0.24508813005923696 
0.8756497310865811 0.42528717251572673 
0.23350370438280937 0.7980965646392247 
0.5057474041000639 0.6851784435131495 
0.7841950227329304 0.3191861577038485 
0.8617349725956824 0.3366905408152202 
0.8344379882289836 0.8224725999927978 
0.11339116740825783 0.8110545511448163 
0.11957844859684125 0.6755265174547014 
0.9474829316018408 0.26779505814126636 
0.7350528789555254 0.4721360638896 
0.8740693377512291 0.5294282625260056 
0.25317834579465837 0.5266151303206418 
0.7808795314582326 0.14207629172537878 
0.9670381569895729 0.9605305901902594 
0.7423460000544153 0.8368312927683179 
0.5312014068538609 0.7669180032725165 
0.7471206503236236 0.7105449498500244 
0.5884744696209748 0.4501515622074448 
0.546455646641304 0.25276246595234964 
0.009701551179411294 0.17880634781614574 
0.03898950847432814 0.3211157091572044 
0.5395589892554796 0.1815930707545385 
0.2590525088704775 0.05612663012900854 
0.4587861558161332 0.10658639005175446 
0.07452726233504003 0.5150601342315354 
0.15124744849966615 0.6042708417037981 
0.4874225168899573 0.16345891785035976 
0.9397630723442136 0.7560069489452574 
0.8033975128888434 0.059102867108785595 
0.6873716834486123 0.06142566717568604 
0.1855697048127472 0.42660471124942906 
0.41120545794291957 0.48682640344253747 
0.0572599865076906 0.9275121879018053 
0.2254695319903527 0.10785152821355543 
0.9197223280994002 0.9341238132034848 
0.9578214444020686 0.10564735968556527 
0.013320532686845465 0.10043335333370307 
0.03547011340202577 0.8275733553499978 
0.7922338903028052 0.5081156487820289 
0.7183547268380235 0.5648160894591677 
0.14254288260600229 0.8616874609953429 
0.636793031645013 0.9846436277676419 
0.7638819843143768 0.8944808879386204 
0.16122920709056426 0.6438474432065797 
0.8752549725834964 0.010236690943444315 
0.5191523041200887 0.9581008183181827 
0.30955799555866403 0.024998923311816357 
0.20586165653050154 0.3091424944332733 
0.8122991295456312 0.6473021127647605 
0.27160098545076317 0.626088317979711 
0.818427282553635 0.9495153661897614 
0.1658588190726627 0.5114791059408175 
0.8646923418859197 0.23751084173562542 
0.44824895246685775 0.32399667887121686 
0.5954773346846819 0.1674173855434795 
0.7705080176831425 0.44241157018695537 
0.8076170524161168 0.7333564348160954 
0.33352153609366963 0.351790455460373 
0.9858244482209668 0.49226950325251095 
0.2879229521421851 0.7803713074104737 
0.13050991439599385 0.1893418254195811 
0.3603674317414338 0.8063023029951779 
0.7386038677101252 0.7867492415149325 
0.5999746577080539 0.33049637465417625 
0.38340983948460405 0.9317104602780582 
0.24086747962536054 0.6830159286897025 
0.9194853135614631 0.07542679914505412 
0.9148507722915082 0.18392578962055012 
0.42017554815678065 0.14872665296540227 
0.6500156072021769 0.10421784671065831 
0.07399248980536566 0.8561371843952912 
0.5507825816689627 0.010602750870531308 
0.5428508557682873 0.6706083622760823 
0.6959229400971982 0.8449151015738228 
0.5770130724956013 0.7159850044256744 
0.5833130586259319 0.37921150764662204 
0.6904670532939867 0.493506636141354 
0.8484838881309967 0.13087178295122054 
0.16255502958493745 0.05492410655850699 
0.0074306174255405755 0.686429780199384 
0.6553231808564131 0.37787737227728246 
0.8566227070575125 0.48906700626382943 
0.7933549484226324 0.09587265301570636 
0.5071841439198006 0.6183662375260611 
0.429640925182864 0.8661193738584738 
0.48394528954518523 0.9182059919311607 
0.7446522280790786 0.37106385375455586 
0.8892158881922347 0.6802960823777549 
0.28614800062219803 0.2527192176375751 
0.3267108509639721 0.5019204748404802 
0.572259761268979 0.9918182754045963 
0.2300678978060397 0.9910510234999048 
0.33199015383151664 0.20559525200629458 
0.3642233171551696 0.4324556289652719 
0.5183072338787617 0.4105035213562541 
0.2497527347405195 0.7248770489253991 
0.03032704322280766 0.009011352947591034 
0.07428466647429494 0.6331663148027856 
0.10606503122496913 0.53961739146441 
0.9907947893788178 0.6579971199552412 
0.005537636763952192 0.908424542078559 
0.16435373216807914 0.24606690418205124 
0.5951723057994547 0.08483329901149961 
0.8234615307559332 0.21989527045068352 
0.9206933229775216 0.2965209273710654 
0.07962253409170883 0.7382285992405864 
0.18773009437967347 0.9916513597662966 
0.5765777120619892 0.7959897064966852 
0.6541129692190331 0.5259906148984337 
0.4416670709827774 0.2115590917728533 
0.46953092950533454 0.491721230207671 
0.4580269178626283 0.3546349651868921 
0.03876698840272519 0.5580623784645661 
0.8767856782662139 0.376805138511682 
0.7144015617112499 0.18745265881591333 
0.5541913624768475 0.1099616739566125 
0.058041883662466986 0.9719554158229696 
0.08806509528699114 0.4831241406845037 
0.5960819808176732 0.4003458728192789 
0.06078022771154373 0.1552185634895431 
0.25432950892745193 0.16972127385345187 
0.6904035887812292 0.9618680914366727 
0.4774080555927859 0.05005707738649917 
0.13390266995388367 0.9019944195974126 
0.469826191678899 0.5838459301217934 
0.08799632553411418 0.22405557840519913 
0.9952243110614413 0.1922582183823216 
0.5949947719985293 0.9268746461328462 
0.9445436503602196 0.9713857586126817 
0.6181492016211827 0.4779347241120611 
0.32395720107238135 0.688682608598784 
0.3499772111879166 0.007858145602248345 
0.1590750697779843 0.404822356468122 
0.15351746956695433 0.13811359069333495 
0.7220463840743245 0.9711197913184909 
0.8882110622607442 0.10517069562271286 
0.3348426213666267 0.8837428458144705 
0.09442745631387728 0.36254570343786374 
0.9369469335278953 0.7174003601078134 
0.14451991191602898 0.7089437349789077 
0.22565098442194548 0.5577486428595219 
0.8380772352876963 0.1842149763688476 
0.5201916467913318 0.7497749721518827 
0.9863959699035031 0.6051064809640249 
0.9377462045796214 0.5625299386241437 
0.9956334188796374 0.23992018988590308 
0.5783726098877329 0.2721698020825959 
0.15829130425760735 0.8191635926263123 
0.47016448147860473 0.7097571043104357 
0.19641678940914192 0.9115817056136604 
0.08698356420479486 0.5769209953832077 
0.35234452667096594 0.07607776269990912 
0.9612400644193988 0.3309997232973193 
0.008579665323373176 0.3410379016450582 
0.2993599372137775 0.5051823269663231 
0.5848991129163374 0.6805397195739169 
0.4457492331072907 0.5277076559287701 
0.2239448479704887 0.40678782398354246 
0.2794686778451946 0.421888126296405 
0.9122615641278586 0.4771189052306065 
0.4096277724772631 0.7298207022846726 
0.49431268435034564 0.24817109025169837 
0.00530426942175416 0.38086483511736535 
0.9347848577119323 0.2047634656518107 
0.6852808541560789 0.13766759318133676 
0.6395132110206222 0.4101516063751241 
0.1179014283953676 0.018269956308035906 
0.16439077297734972 0.36153857668279454 
0.20700655039061472 0.4996765491664562 
0.36794641643092385 0.9735112376985434 
0.3798598945658954 0.2669064249058245 
0.8439248875043468 0.2280004580135389 
0.4621312411763877 0.6373806911225509 
0.22737852579246498 0.8717632107999248 
0.19557379875354786 0.5810072128106858 
0.18549712918795885 0.18456794860536574 
0.7692750010870111 0.09765498780388804 
0.6227725802979139 0.5708535845786578 
0.252618623532237 0.25006207147222237 
0.3156681151766365 0.13704720654701769 
0.487039290670552 0.40695116318885716 
0.10302703880914499 0.45252525194867643 
0.5545569208317339 0.5369141934426995 
0.6756213878052247 0.7129382455210806 
0.6263110077104757 0.8218854953038357 
0.07127697814233436 0.6785945819734505 
0.004952201263595635 0.4595747076072828 
0.298256881616723 0.6844120431256816 
0.994834861826283 0.5341388474896583 
0.2846584929806395 0.3034671724442396 
0.9908395337324909 0.006090608356821459 
0.8500333823243068 0.565172022327001 
0.009559892634700806 0.732744296059008 
0.06487030693957291 0.7075084885338656 
0.6866191729503376 0.6413430537385414 
0.603541791677237 0.3046561752004889 
0.4084093235302869 0.1901354793825954 
0.8483081266292682 0.007879340075649333 
0.5783183765441661 0.652977037318771 
0.42165585606688233 0.5791007620560246 
0.3215051255109952 0.7126613679175852 
0.3796683305898674 0.6528929467295401 
0.29732161318465633 0.3532175049438589 
0.9543050638135397 0.03191941410562987 
0.13854118227783002 0.9711687754248954 
0.90365479721274 0.7817753314195673 
0.8369579049202336 0.8489277704567546 
0.9444154811903731 0.6657795190701321 
0.7200090238072626 0.008457763626053716 
0.8886080872833722 0.8133783813571673 
0.8074915525586153 0.41827333431203273 
0.8985949493980145 0.9785860369974837 
0.012893459408445496 0.1483380984549042 
0.8991694149673845 0.8501433401047204 
0.046474999757091406 0.26138393557164197 
0.40890811178982445 0.36117914412675534 
0.4423657210730907 0.7549862830765217 
0.7616871382984984 0.503880927276529 
0.026394590613215474 0.05890574082786537 
0.6531907726213446 0.039731405268249365 
0.48725681730895865 0.8946878602139685 
0.30574551323437427 0.6462266132949908 
0.36764443365959976 0.3219797526088224 
0.5398777464256556 0.07442361141148479 
0.9763561834150596 0.8359305581703691 
0.8119265156975142 0.6677909703556463 
0.3176059924983992 0.8998107261998074 
0.9077016161308773 0.6586180440092647 
0.5311419795171781 0.47639380299931905 
0.9775144551777472 0.4526078050665466 
0.42319872667976005 0.9407048702401701 
0.4147728581997468 0.6436109546431716 
0.023141398703977245 0.48537629371400015 
0.8087306593168851 0.3598470430023779 
0.17848668616800462 0.1421151563278294 
0.6654734523825687 0.5923485481552005 
0.2901002393126562 0.5608682904344091 
0.49566648720189105 0.93747189675687 
0.29960282687915796 0.43973421141346075 
0.37824368525017227 0.37326854285309363 
0.8299308656212095 0.10517071874732253 
0.08058049690983504 0.9222753721846166 
0.19506122056812547 0.6810923671858106 
0.3618942813084738 0.5424484460328843 
0.8901632490158125 0.4943174944521526 
0.5323224263733031 0.6245950242577513 
0.4767190646290095 0.26300689835729363 
0.30107788099146654 0.9295395305545802 
0.8210979196633275 0.9211522530940907 
0.7135325874797676 0.8615196286213846 
0.47945776924903477 0.13173250132759595 
0.9209759390824451 0.051208205861141 
0.27263843581134795 0.746070997607237 
0.08383429448037932 0.2611597618640118 
0.8115887165589253 0.47969855435427794 
0.691468144237499 0.7622385755228499 
0.811049781669161 0.6034926345170999 
0.47879638587681445 0.46474527888839023 
0.5321397168647723 0.29329111458153745 
0.9850216027983036 0.3875773807055499 
0.06703025275339003 0.0885102450654941 
0.5723685392503097 0.15962693870668354 
0.8629090346073875 0.8633589927942641 
0.2412135104348898 0.29485467208620464 
0.7172390091328137 0.38487478378079965 
0.23137136754095583 0.2555169457830808 
0.7667584726188872 0.9495300258747422 
0.171919225777243 0.29906921118121377 
0.3524513157567235 0.4790553885977015 
0.2350603545258389 0.5969060970433832 
0.6805333988572013 0.25492459537382595 
0.7222160223902812 0.29638950875165393 
0.7783344934696499 0.26705847760853707 
0.5592157284672163 0.5632407630265673 
0.7610722464227071 0.32623087021276265 
0.04932250133595423 0.7762205044894218 
0.3804800509893334 0.059543956171719314 
0.8984510994594898 0.6011226787817006 
0.4847207791588506 0.5473027078347282 
0.9938303074789177 0.2999790051394019 
0.6624798229002656 0.27749967273916404 
0.48310068609703366 0.7727445178502048 
0.9422649032343722 0.1266682347404428 
0.3167354420186332 0.9741653987077342 
0.0951475796155623 0.39080830546704515 
0.0474307229287696 0.6248351748570793 
0.5042247111663687 0.831966067764403 
0.582030566657447 0.34923121847174254 
0.3577322821276747 0.7664720419403271 
0.027258158679488054 0.2509033972555433 
0.7447629318019309 0.5703397661343794 
0.6074515998561459 0.685989342977089 
0.8903597490870294 0.7062982026726825 
0.536179095708538 0.163925665013957 
0.13253010861705677 0.441470483197554 
0.7693765627825329 0.5620706782146541 
0.5072474904042709 0.10791099462413006 
0.8184889475410679 0.3012772498569054 
0.7368170596120865 0.5262377970766431 
0.4432390341466313 0.06171270825793085 
0.6374831804834975 0.732280885655141 
0.6131069265730918 0.7713830033514035 
0.37561087894214207 0.5125846697758633 
0.37748313067400685 0.9954318008507942 
0.10098456911548209 0.5196476514391302 
0.7338380986838653 0.5892531640791804 
0.05790336823657183 0.8454591139066854 
0.21211006566409651 0.22208413535167149 
0.7092025533110397 0.8967977548290815 
0.6141402459768859 0.8392607441535649 
0.42943457597691925 0.9597390198884885 
0.7457099359491044 0.13361066871109062 
0.06454094419625317 0.34316943454581916 
0.9733509970321115 0.7226517607668612 
0.900301242154359 0.22454245112779375 
0.8986484919014488 0.31289810539484875 
0.4809228315300016 0.009663160168566054 
0.09459627852173996 0.985774211556645 
0.8419869064845229 0.26267536641786854 
0.6785386994456643 0.8663071477595372 
0.17573571061084498 0.850990599603823 
0.14220167905123393 0.49171107670831304 
0.38470295157384016 0.8195349347540262 
0.4295483321735259 0.24562183094493734 
0.5388350480837885 0.7087415867119251 
0.3494893697201802 0.655023255035748 
0.7247837524028239 0.05085465346974699 
0.1995261361187084 0.9348127218462664 
0.9927627378970971 0.9601601621008603 
0.9926027994949354 0.9301873254378117 
0.11599156342038791 0.7829833854694295 
0.43228731276977117 0.43948122730605527 
0.35494856002325653 0.5995874966224044 
0.22374746708151172 0.37024820842303396 
0.665357828888765 0.29558105645396937 
0.465596867188758 0.993319542111811 
0.6670686764053537 0.1944729499549776 
0.2915808984817362 0.0701576109710782 
0.6209363008692226 0.029624097124901272 
0.2046376259101409 0.408895376001156 
0.20190776284527212 0.7191070860355474 
0.35721793155264814 0.8393896599828501 
0.8766986397945148 0.6103710031908733 
0.4467238728108004 0.9144132630685982 
0.2686150135141173 0.8200748511958671 
0.6163711967228555 0.9393276560556911 
0.5361411078261454 0.9476885110262447 
0.25814331052336126 0.027245065535549007 
0.6792152008268599 0.6600519510221852 
0.768793216539603 0.7890927977269075 
0.056041626494206465 0.45446881490287694 
0.03870431759470394 0.3948299865343743 
0.5729179525438188 0.868877367713135 
0.549173165474118 0.3398092972750021 
0.5318602280041114 0.7964798961018719 
0.38266715303447335 0.010745569441864555 
0.4197250126911297 0.7860621166887368 
0.2001329047784749 0.6511107228288304 
0.8837121909106284 0.1997627377367523 
0.919689274364115 0.14100712035423252 
0.6318342409913489 0.5922862788535054 
0.12339699149510702 0.22073431008582428 
0.774526423986064 0.8705987789379235 
0.7411898874380493 0.4345518176609775 
0.06270427983964377 0.5579310674250638 
0.6695244268207564 0.3364954362772712 
0.6382439356681374 0.6344191908661113 
0.9557554504233352 0.40898698632461167 
0.41952605507844903 0.33437457947731 
0.4593160640617425 0.8499425725208426 
0.6499234599932195 0.8205601898161903 
0.6803192279963799 0.7801619240722423 
0.4742470853253472 0.19814535978954056 
0.12455760138446931 0.2866811453650011 
0.8326058278085158 0.3616769628876678 
0.5659224388958856 0.4036619917647382 
0.4928311051123354 0.4898702965695696 
0.6004087892724186 0.012064993490764342 
0.14356631215791815 0.9317460998694915 
0.9473717172565173 0.24187072164651946 
0.6326006088702916 0.4978996447603957 
0.9032488261897841 0.9125586867177546 
0.26956909304743626 0.11680990340801956 
0.9730034598386413 0.8776577596531282 
0.23180089922341063 0.522659781453361 
0.8520641484418416 0.9509972782287877 
0.6317637720606027 0.3489657192607384 
0.27174000241777624 0.8739748090745767 
0.4426928452539546 0.1788486520591519 
0.2974876770336091 0.6122471597996143 
0.14412420113880464 0.6597739102960415 
0.8366266603532513 0.9860216574715326 
0.25652431667197273 0.7867545012382927 
0.6705883147492254 0.45486723491546033 
0.009477733239741992 0.023662455196731103 
0.5324531685762559 0.8465749433677676 
0.378689329858344 0.11625014969861114 
0.14785990617754458 0.2960683889973963 
0.894580970714591 0.4383211849202342 
0.8378528603336981 0.15652480011505732 
0.6638675261362641 0.12150235880187638 
0.08152219804801192 0.41783851186292986 
0.5958061971257171 0.5565963083342229 
0.044822875657793526 0.2868478971798315 
0.6681180181303118 0.9612963246995334 
0.6265463803122213 0.25353664335735415 
0.19998304013105112 0.06326202214104215 
0.25521500554477217 0.4836642062852578 
0.18103664334283992 0.8774448109746139 
0.9369127170022502 0.8995718292656383 
0.354991794999905 0.203460865415304 
0.3071752479391388 0.38647237276026064 
0.7925112187913279 0.39960448779234853 
0.4082772422241657 0.04607603497903101 
0.3722583454150707 0.5602815633229156 
0.9357941562780971 0.953254424310547 
0.7062390067787516 0.6475450885914897 
0.4181931047450586 0.9800549416760044 
0.26471141361963046 0.5664162540882105 
0.3182648598558881 0.0943469499541521 
0.25619204889630665 0.9626555582458773 
0.8619530526423844 0.7288056534480217 
0.9439858147767355 0.5944960674875408 
0.7788645142736209 0.28599024025258146 
0.7746666551783955 0.3786949476347941 
0.9146150003540982 0.7518024153475682 
0.10656008278507556 0.8397571366273877 
0.7440911829097532 0.2293429422447406 
0.6451479048692148 0.8743333490318096 
0.8733275905861473 0.030859648002726447 
0.5747206723112889 0.9472638910478924 
0.7180000966119963 0.6102151928869728 
0.15041075072164606 0.07133067245796726 
0.3021943376474804 0.8028884543133944 
0.16263711620625576 0.7127721921883041 
0.3667925658182123 0.276849083468777 
0.4236475164141945 0.5029889083837571 
0.07228774855303188 0.12152870707674007 
0.4252348386417194 0.10403060155950794 
0.599684204338413 0.9740930106405661 
0.18701893583159523 0.11100184704671995 
0.8229057742425103 0.7469866293383329 
0.1651144842889965 0.5744373231761114 
0.781522096275918 0.007379549793778695 
0.21721649102143914 0.3252586143416353 
0.24652312840316087 0.40319616179887224 
0.11556715355624847 0.14248027701746807 
0.4287591109871932 0.4023097731214238 
0.05802031347723369 0.04311410516279918 
0.7146448899953132 0.7481650728352631 
0.9282725487057827 0.255396623712938 
0.7829102981291581 0.04726494058350994 
0.4616113010210344 0.7335068798301978 
0.29033208450223114 0.9928220574028512 
0.6325210242613699 0.15884970156045247 
0.24948371765528254 0.35545890457531837 
0.13154228892592407 0.3249704734361403 
0.7710241220627272 0.9726168364066428 
0.7335168464633688 0.7352096323791657 
0.5070601563605277 0.768582210957379 
0.9775497617595299 0.7771532607497217 
0.02209709962348433 0.7608836553928207 
0.35866609153564577 0.6962662484527463 
0.19553629103730436 0.771942712712693 
0.8544392397500413 0.386227460718625 
0.7681042878224409 0.7287477075074383 
0.45288103903996113 0.029649022775458 
0.683636205868802 0.41651355460677 
0.7177436158406096 0.5166104757638743 
0.32020265597313236 0.2288276096500957 
0.6381850385399526 0.22501579602364746 
0.5252309639132965 0.6752829466193613 
0.10920513374269641 0.06689168790601896 
0.17234140767612982 0.7613403426916641 
0.2622582166983964 0.20692911756138588 
0.41438560887173126 0.45378325522909874 
0.44171555188147105 0.12929685026130466 
0.10144477120087031 0.6119905663142796 
0.8741952173060886 0.1788191193692284 
0.026225041693083484 0.8774009129025263 
0.5455119372838237 0.6083778953754557 
0.31281133096102054 0.25883027424110444 
0.8627942416675884 0.5464524801597089 
0.208365406563088 0.23827726977422287 
0.21911310615909735 0.8262147605608324 
0.8792225547516981 0.3589741556059898 
0.32561396244736807 0.028593696483272757 
0.6176210214550938 0.05907849057538578 
0.25913551898106607 0.7016495652941144 
0.24206169625345658 0.1442058179714028 
0.6372925331969598 0.7529296135969048 
0.47838440155136597 0.4410194795614838 
0.7207514592868651 0.8073396252319753 
0.1794947212668272 0.3891237982862776 
0.013878242300836452 0.9312573157602403 
0.8350287328185844 0.634572948294202 
0.30578196589655304 0.7743498832989268 
0.4128265463326592 0.00824365875358335 
0.7212583221544359 0.09280125543352147 
0.410501152392001 0.08832868736747929 
0.580309387855025 0.7718214197027551 
0.17083918380715385 0.5303393656465286 
0.7326721866798276 0.6820219088635215 
0.5439681637043846 0.99460816777693 
0.3087865476778995 0.3083883536353923 
0.9695075423472157 0.0425027343637423 
0.17035031263499334 0.6661951577354855 
0.825478648576095 0.6993946669322959 
0.9775309949435866 0.23798833006864328 
0.008303699101180673 0.24663333467371062 
0.030225421627639193 0.9805413691600464 
0.7051991616364228 0.475134022645295 
0.7139636789062109 0.9383748672261942 
0.082758409561202 0.7013069721329457 
0.7934986456513784 0.5690256837842189 
0.059018981215420596 0.884160731368473 
0.32834974426264246 0.32915526370409237 
0.5165682197486632 0.4376035570572434 
0.48377682325868987 0.0714787859887181 
0.9176697111023284 0.21809316184612576 
0.6604050038367366 0.40365436981295544 
0.1322576962858007 0.787808084159343 
0.9926995030479218 0.10196737197104644 
0.03895821400157018 0.6488392989660234 
0.6855777330174488 0.011182140425182785 
0.708452859346025 0.15931539031296837 
0.9314910383807191 0.790474713274355 
0.5033685290435054 0.08608425158888333 
0.9372993051003529 0.5309757743542487 
0.7144163370923032 0.26855960056386724 
0.8462862004014085 0.8197764127431337 
0.6344442506894371 0.18088561456796187 
0.8041241837489947 0.7691495309484002 
0.7892536389026431 0.21227327485318565 
0.869946323547466 0.06013064121038886 
0.990132663330914 0.6172107988298734 
0.9570505499644468 0.353286268800458 
0.27855238574902164 0.17095689241349965 
0.8851146905534654 0.8871500497638469 
0.9176136299153801 0.7082524956616097 
0.4868931127068379 0.6273760429069797 
0.030887559260655173 0.1827219904484374 
0.9619429636128856 0.8552167161063176 
0.570808257414464 0.6109526644225317 
0.1248302124923436 0.5111476057035879 
0.3020108134845844 0.4161398316438617 
0.020331388641153025 0.31510349633540313 
0.36905333757644543 0.2942095976735505 
0.8127987705051322 0.24942430589842723 
0.29656046534862135 0.7526752978167053 
0.09420272317584805 0.7695392481744356 
0.9263673405286775 0.3567027223312128 
0.9762317301845528 0.4258499347893419 
0.1269963875738817 0.7002052414542685 
0.4661314841637989 0.7945593284949672 
0.44110582586158353 0.8455809180181997 
0.14439989810110543 0.26215881846583844 
0.400591183681357 0.9057979994907588 
0.0395378414513371 0.0964141394219572 
0.5315117510403358 0.5980682241724449 
0.6867008469191562 0.8326936411476047 
0.38393183555767374 0.6198425167917561 
0.3565621588526475 0.25403141149253683 
0.24646966856190716 0.46044610477090303 
0.17686671872056936 0.9738038639237212 
0.8757651350619835 0.08016895643387484 
0.5971420347341759 0.9930810316132479 
0.665415405333045 0.9329045667720349 
0.7935981436897968 0.524190738759303 
0.7516489642696975 0.011131145859377078 
0.16211722307179338 0.16823780514858688 
0.0412178314644005 0.5123010845546875 
0.9189007702489743 0.3829585978558093 
0.6830492195701978 0.6073168125649939 
0.4606245979021423 0.9727394315449649 
0.52966977052852 0.10893995465199446 
0.5189340962214517 0.871629527605202 
0.7803619955461243 0.9089227191566989 
0.9875368599303014 0.15982552406378914 
0.26488451781713057 0.910661265586946 
0.34712973592556584 0.9266939642628895 
0.7269535974181478 0.8921526839394892 
0.10478328402150971 0.9303537869871541 
0.5517805372459095 0.9306167035167918 
0.7811336172228381 0.6183037776497508 
0.5630936465296237 0.2577023521903826 
0.6797352845634563 0.5609436309605295 
0.416977485233623 0.6679101854916395 
0.5277513526166363 0.21805042222087645 
0.7701088480287601 0.16062265780774831 
0.8156257048025103 0.8137283232924546 
0.47101671025671926 0.2828595859518984 
0.20626289611798032 0.11808545736015852 
0.9912777371887505 0.7117618128468989 
0.04360543041365145 0.24072243516598824 
0.0996854654434754 0.24326286451442636 
0.9623229105035769 0.4962928424754075 
0.7640173849238237 0.8260519657649059 
0.539325074359415 0.422502362614118 
0.4619732539212208 0.514015952837496 
0.1272352375453259 0.10425813826036107 
0.5962455629425807 0.505342156113313 
0.09318063899020124 0.16885522204486636 
0.1622738785613505 0.46743492965915306 
0.8970445974495408 0.7544673288746289 
0.5006235143975609 0.33004518881492895 
0.383766267932507 0.5343240210442085 
0.27478502401184673 0.5406178739257009 
0.3913992036174712 0.8577797908059865 
0.43663343356209255 0.5642985408217245 
0.22070019370859245 0.28800254064906305 
0.47163605456406443 0.6818402983488209 
0.1432002924569133 0.04124952689087935 
0.744789438230059 0.39567093183762947 
0.20863645973483946 0.4600788060068696 
0.3558369799899346 0.9022472973419005 
0.3352476766284621 0.5622667745323771 
0.4447723106316026 0.798470310086848 
0.6390604743159647 0.5381224697832115 
0.9177645272838868 0.6324246442537207 
0.8455757585713874 0.9098599190732557 
0.6496700709918578 0.07350218666292885 
0.5944197447845998 0.13843180874801175 
0.05707759176001964 0.21245330647555355 
0.8838908000987733 0.659026494039114 
0.06438881419920217 0.031265537829327505 
0.5896816161876957 0.11051441973423032 
0.4651869557872476 0.08706966235359648 
0.013073589502668514 0.5181450617247472 
0.5780851016620535 0.3080373175473879 
0.08934517042560669 0.3307407526540103 
0.7324323269817726 0.0712663846906425 
0.8704653992868172 0.31498707976085144 
0.6609253980519463 0.9174029255970994 
0.43121632416883826 0.8851590440950821 
0.11724996201021376 0.5627826316229857 
0.044075787283565204 0.6974712258257812 
0.6244050693703465 0.302877634213537 
0.15386802576289293 0.7712602022193324 
0.3636119802698118 0.4615731190195828 
0.35020926380267464 0.735429258585683 
0.3459773804785361 0.17755095296188544 
0.8229704845405158 0.40086139284894273 
0.009896859628702737 0.8057629371488422 
0.025474984579943127 0.9136716424685988 
0.9526468910099037 0.17876634807585062 
0.21548123949564013 0.6326651092176734 
0.5310144456325036 0.035370530042253434 
0.2729296994141672 0.8459072791068407 
0.6870011147143772 0.2282743930104491 
0.42683952120732105 0.0275573599165872 
0.3572123229272025 0.8614430332409957 
0.5189952201337311 0.2650069883276598 
0.787430415378799 0.4256107524969251 
0.20552785625063313 0.7898130433892179 
0.7461072172401131 0.34491545719981553 
0.3840532349493372 0.4245963862991635 
0.5386860634092565 0.7410035113759997 
0.884084348867133 0.6392257891129773 
0.8260090631847924 0.02432657549872408 
0.07926335747489555 0.023799610743385713 
0.9933573113830949 0.7442043818484441 
0.27009683511686017 0.3523690689220139 
0.4109209375426842 0.6962596851854456 
0.8155121848236986 0.08951456660745533 
0.47874757573423765 0.9527108608148092 
0.9139562897105461 0.5724606518272544 
0.18729559162729703 0.5147641176657387 
0.9070842748598797 0.529832518784849 
0.2902077544530811 0.09741111736865121 
0.8214089089774775 0.7809936596360554 
0.9452856757534879 0.46607902835447523 
0.34975463190286593 0.9919630703596856 
0.8484976800611973 0.44925276552153687 
0.6026230088711143 0.35941920738669597 
0.14185220781151842 0.6225091688291198 
0.2028989255861665 0.9858565454277167 
0.33493460303447775 0.827899619117099 
0.6826419067073286 0.5187570869278503 
0.4106456886079764 0.4102916533929798 
0.2998216971775922 0.58056428297396 
0.5553834030368696 0.487835455701109 
0.3946963006115885 0.7899663553964524 
0.4511032094866821 0.4253587431515343 
0.7999983749067239 0.14044042466817613 
0.4993122403763632 0.4286032369613935 
0.25357165757559536 0.10144428644809345 
0.26332463617543983 0.6731145863817428 
0.37526264702358597 0.796611107286211 
0.08640198653558995 0.049904068529184775 
0.3503487250919102 0.10717524510843213 
0.8300323878203597 0.2029104131523471 
0.2872838494524359 0.6398433956517777 
0.5688690861012531 0.8830014104559356 
0.5297772731535013 0.3623949599027041 
0.1558467308432419 0.33620428736176833 
0.8688388228461117 0.2609952398207823 
0.20990775815449791 0.8857618199725119 
0.6158331651624889 0.43596676240427873 
0.4593433493262247 0.06288637608427644 
0.44416404933022463 0.6968336250166369 
0.3766579342176633 0.2354960336708588 
0.12771654818751832 0.9896010944793439 
0.1705566413198797 0.009812003771134725 
0.5551830951814518 0.050907139167115145 
0.20613662469093708 0.4400375283075639 
0.042275855285913044 0.5371709466657456 
0.5880875148447614 0.21586561844274166 
0.6033869538499942 0.05472795027330585 
0.8340913240711192 0.5816304165973393 
0.11914235543225532 0.6546839263338717 
0.6626198788184682 0.14530083709439068 
0.5360774729408536 0.6435255433762447 
0.05693389329762888 0.8037716258186133 
0.5579639358041126 0.36237440999508297 
0.9513928055572278 0.29298518820258546 
0.24126349217951903 0.914258371678101 
0.5986293566441045 0.5859526036672726 
0.5748647519460727 0.0070690166689497125 
0.6262810378288686 0.11487578064225656 
0.8663890913426995 0.781646438282614 
0.6796248484330801 0.3768687197232572 
0.9676174254418888 0.5347239768134535 
0.28478572390292956 0.45545343081407313 
0.007684284380361339 0.2702754203227933 
0.4094860205014543 0.2911175809972709 
0.0860992286504133 0.46543690952661576 
0.39651011430507355 0.4631173849066678 
0.9517870304331107 0.7063236969896265 
0.5857806056211905 0.7446420153775715 
0.9698337410895042 0.010888510254838335 
0.6147224924700958 0.21109525642337806 
0.5107346321301359 0.3909728913423581 
0.570536326192545 0.21998374786196584 
0.004539180430629952 0.20747970189446907 
0.9018652480767468 0.15836960362875024 
0.8027023649093921 0.8737770696329372 
0.6474476038470789 0.49961707658405735 
0.23957601118487348 0.7510244989703057 
0.9511237808787103 0.08341284635012686 
0.008013643532666481 0.6059390397864256 
0.25684697680856394 0.9806044450192548 
0.10906280966515419 0.9048402166358314 
0.2969042449070316 0.038044271036866806 
0.6327254086746263 0.4604005269138964 
0.8484858261316417 0.8787002133281572 
0.3361104020300385 0.2728249996442909 
0.8063598327788817 0.9122266740693202 
0.5774211543367143 0.19750375267023484 
0.04175362038028485 0.4391067463023581 
0.33546355585964094 0.05782340726356644 
0.19289866640597736 0.6025997306545372 
0.9004075448918514 0.03366723407529959 
0.9215147490984696 0.00847680612390761 
0.5252270081906648 0.49730375871200266 
0.7006840172447157 0.09769922902078487 
0.779008042262001 0.18878240601408375 
0.6619585219887529 0.05664022281075154 
0.6278361206714718 0.8556150202593875 
0.9468113259608761 0.7384973555398693 
0.015207832845378244 0.563168049705319 
0.17632027243529624 0.07443146839435921 
0.09831315652751499 0.7421206996100596 
0.6892526226504367 0.9304260445612831 
0.34604452032639293 0.6336029723392315 
0.6062166770482563 0.46547049887052033 
0.7024226213049295 0.723998193438786 
0.2478960626862295 0.07623198590648295 
0.8703079595385241 0.9920996584293815 
0.5324701333616906 0.5574766748812255 
0.24275191223968573 0.1819249396558391 
0.4197046743792787 0.7438838192210466 
0.48110583596561657 0.2212137724739892 
0.35080347416198093 0.39794672031016326 
0.7878286717191221 0.8271180659249466 
0.670575066635909 0.6966128400902314 
0.2033026594902103 0.5594527107590598 
0.4002923373981794 0.8350573664926179 
0.031003878524007267 0.08295461072955934 
0.3919902290971135 0.5718167753011906 
0.3033552933551734 0.00888745958259124 
0.37863114310609414 0.727425814654582 
0.21735038088181569 0.3481463031558675 
0.3843264371359779 0.1504957686136023 
0.1118090417311619 0.19793651157501485 
0.9920047595767149 0.4715286604562221 
0.992343015472119 0.9867853978410703 
0.3116389123741675 0.5441658940458756 
0.5096495308667115 0.6597383119625976 
0.3998710954632883 0.9857637024879826 
0.7547596851673608 0.6922112293148948 
0.1980741123894445 0.149851247061366 
0.934475144856617 0.8709687555878062 
0.35243973054483335 0.15678906918475738 
0.2725140972121191 0.3943363454025257 
0.4258449106106034 0.2098871991312855 
0.29398241027979166 0.47056882222507274 
0.8016238453634048 0.4458927298210048 
0.06567736143014458 0.3212322186776301 
0.56342696543304 0.45104174989654955 
0.6015923630507973 0.8875762272430447 
0.6960723271248974 0.3975806245237214 
0.16388541678203528 0.10008591141638207 
0.7760177115693024 0.667246736085068 
0.8590663559898246 0.6585159212490868 
0.9916682854482228 0.8957804632127709 
0.3087274151814692 0.8793509707708547 
0.17191693957049708 0.9435664369627883 
0.32895472480384014 0.9407701726963575 
0.4822077652081602 0.6068843139146205 
0.7435754185818262 0.9644872464088187 
0.8029115464546254 0.04054399796822705 
0.8390183596037573 0.9659465759976891 
0.516772058230372 0.28487196250251623 
0.6866847582666367 0.1183410529645334 
0.05493762829494331 0.1701513158851763 
0.2490833773272719 0.8142945123912184 
0.2849565422219189 0.020131744431381826 
0.7213443571216571 0.8288648419744655 
0.34099059982125335 0.49355968220942803 
0.07485228021831875 0.5688057732361632 
0.012911207107923817 0.39931935891115156 
0.6183228338525599 0.1742033892751007 
0.5112373489041504 0.7286585741493007 
0.9867640273915892 0.36252887988547194 
0.2364713312222373 0.05103552272546191 
0.9438555033868734 0.43551813790192284 
0.7715574199053972 0.23134341040272444 
0.15506278681768643 0.8838835068974698 
0.7326090449878682 0.19616562191994502 
0.07066525317059613 0.9923326426229573 
0.2165673603239679 0.007328229831018662 
0.5321327324809082 0.38806934307337293 
0.6826424770736733 0.042983021998102944 
0.7610595722709137 0.3026924392190269 
0.8550149300864394 0.08947454503921598 
0.24672493349520835 0.5526697682307954 
0.7876456646252494 0.9527445619967878 
0.7898991626215204 0.16324769169239373 
0.06413493521575708 0.9073856666959872 
0.7472293408366597 0.6116603466248188 
0.300902708019869 0.5202453670888674 
0.9365023149981451 0.1608807712811191 
0.6177002175570606 0.23501514905772442 
0.14749142892579414 0.35539985268823515 
0.5420390630549015 0.9746119320823892 
0.10236846691789708 0.30501078996757985 
0.5037563226223007 0.3016659048155591 
0.44157720190954497 0.6320813175711881 
0.7777078514080624 0.12315614674938363 
0.8384000549079854 0.49715122395856465 
0.8337178911789614 0.6103915106174042 
0.452984080685614 0.2591145410493323 
0.8624926702743765 0.7062441962031116 
0.9337010409673343 0.6887644667349019 
0.5510807476490722 0.2870077948654539 
0.9837510147818249 0.5847262900715574 
0.8888714780548302 0.775539805607756 
0.8699842208339605 0.5052273434609906 
0.06712480512903424 0.47835434845728964 
0.18252957437769934 0.35182232818095804 
0.23171106011353226 0.5023250084919615 
0.2688067697908726 0.32411685088699715 
0.9871604449104778 0.6829068755665737 
0.33032037022887606 0.07414109619115783 
0.32517171860211713 0.44887446025790634 
0.3152307133101546 0.9204492332379137 
0.8821722877239011 0.4491082562057225 
0.9139612152124599 0.4553699003533205 
0.6685669609895889 0.541939979662548 
0.2547149052193479 0.43699236830270166 
0.9637363915344576 0.6498720743817479 
0.5062496588935518 0.5473565306240847 
0.7472276123859206 0.06510519622934885 
0.46486827413432324 0.4746469447700916 
0.5025942542911638 0.12953037451639698 
0.1778792536833647 0.035122742648822314 
0.3406795415706272 0.3060949741082082 
0.7506073222232351 0.6500690702881182 
0.9505508835645519 0.7769574509374825 
0.6913800097921631 0.2966886055727779 
0.05763946521187108 0.40694744259247384 
0.7557336099960408 0.4166746735603729 
0.8794042487551111 0.9693893774457075 
0.24816163199133823 0.6554096392102398 
0.7347455176878017 0.9774285932839517 
0.2513772080033947 0.2294762289532234 
0.7016353304667755 0.4274143016964508 
0.8062944237126476 0.31735828651549325 
0.12554618509733567 0.7344887277600063 
0.8695430454106565 0.5875004992720826 
0.8562809873117854 0.6260868668653707 
0.12917047667587084 0.8198977723100598 
0.36203534074285637 0.3501426566364799 
0.8153843112931372 0.155036032699294 
0.9966367134388103 0.5687167253994367 
0.7539552476567937 0.7532972137288925 
0.34153626524037095 0.6789919898816937 
0.9651553690580669 0.2546986259161784 
0.1552006124997597 0.8001871726944352 
0.730843009946269 0.6653445050600862 
0.6507218324512322 0.6151142016262522 
0.39551558643721385 0.3218450234967456 
0.5674746899171383 0.5000259106126045 
0.20634797231711083 0.9666413066006437 
0.5902983589001953 0.284456516022056 
0.0780795385364268 0.39471825220552037 
0.789554284724451 0.9934176659175687 
0.7248378523573726 0.5471352208516759 
0.9310156831790715 0.27606183093942654 
0.41804546604408616 0.5238320161538096 
0.18172994508123924 0.8073250179980029 
0.1207552949381197 0.3952934978583371 
0.631317851465768 0.9568415819230822 
0.03645550289377414 0.14662341016713992 
0.18421633135968718 0.7109880131017163 
0.9356147917183799 0.4812789647942452 
0.7016388705937697 0.3355188799021399 
0.08456800519066887 0.20079849592661403 
0.28015165156316474 0.23218189728808547 
0.8802943362303299 0.40162148267814596 
0.9818148294649254 0.9397463958573082 
0.787631433573841 0.24988444246400643 
0.18368165869717867 0.16030632477832318 
0.46156941608475227 0.1304371825025094 
0.4112083065813862 0.8813215512420338 
0.08742726136175843 0.4359185983907484 
0.40324120962182086 0.9310005533614083 
0.15140563359684095 0.18101282907860722 
0.2832364284443739 0.6974170265595865 
0.8518694552701251 0.8368292344427117 
0.9959635493092873 0.4188107394312822 
0.07581859247319722 0.36742178128300745 
0.5034933593209265 0.22637446640969355 
0.1648903893825669 0.22061155728558385 
0.1890343485513512 0.8389393182268494 
0.747892559877589 0.8805634539576443 
0.8369184015319362 0.2935876699281198 
0.40023002160504856 0.2747986826832345 
0.5184118826936968 0.1795056334940519 
0.30804268433512955 0.9608740322045637 
0.09323796125416278 0.6510823092458465 
0.08429762028070198 0.06873478635113617 
0.18510592765369854 0.9216457325489316 
0.02435771645055196 0.7090555438153376 
0.13864224925113494 0.6836327544168238 
0.09676099822266376 0.8619710547243765 
0.882748687842663 0.8627599978248943 
0.28036328770834335 0.585859703465431 
0.6351368812089541 0.9117481606806723 
0.08081509272553195 0.10222078593031014 
0.7043126305660994 0.8784226571329469 
0.5320529924653684 0.014867207035649754 
0.2927117171356526 0.7283052653838715 
0.566419669877802 0.32640710832042696 
0.04145788577396148 0.9336774996540729 
0.0911586124744394 0.805153368674514 
0.907853418330897 0.824352121615689 
0.4677639305212138 0.37324439106588403 
0.7428283189869689 0.028669856134335703 
0.6746121265538232 0.43711814661651804 
0.5535228683734292 0.7242282766214494 
0.09966692015901757 0.035003248514199226 
0.8325015497564687 0.9324648913116219 
0.18565522322652867 0.4524369243138681 
0.10407943922020002 0.12382342864782508 
0.7689958580465959 0.5262066466112705 
0.0036006187675028944 0.30530545180239443 
0.5817705046776567 0.46868787189315636 
0.6451403485130305 0.7137809033854872 
0.2796933023911271 0.2819083302618919 
0.7273833016579732 0.3605503869833985 
0.28134166512566616 0.7674411595459527 
0.2061351612306137 0.7442810914524451 
0.5137823772582248 0.156874556055909 
0.7017511849457949 0.2572299792484227 
0.7930172747917281 0.8882212273932726 
0.3824650330110929 0.8733177132178158 
0.15136501274696035 0.9933180715570471 
0.23321043115257833 0.12594630759007608 
0.9831417059334726 0.5137307128934853 
0.1678511978592772 0.6011531143356501 
0.7625377385705117 0.46833240113977376 
0.512170257279427 0.468346421695255 
0.14734112600911353 0.38999980044941773 
0.34258107561299966 0.034616765679968575 
0.7155217291337647 0.7848516460443782 
0.03563560053302023 0.8058145806602571 
0.5794679251950282 0.8115747773225392 
0.9339437102634709 0.99004702832759 
0.40882688894917446 0.16694990821764988 
0.18798386011083001 0.4934789280123693 
0.6345995946180761 0.680525704807016 
0.3135819143942335 0.6209891653939418 
0.41265677142502016 0.6194640711559145 
0.3847217303534278 0.35615913260297866 
0.3723902822202714 0.9561185327672637 
0.14715316347728874 0.4595828574442991 
0.9372824556779349 0.3160949531373324 
0.6629114045603299 0.5680484789460395 
0.8554022868277245 0.5231167055065303 
0.9509364902897035 0.14509050602369294 
0.5036365825859372 0.5106106155329063 
0.4245681757109305 0.5979752282859567 
0.8439340876179691 0.684844002417953 
0.8659654067190384 0.7494049893867307 
0.6798722980560203 0.9899909004726014 
0.4699339889320505 0.5586581972654507 
0.4666514429353862 0.3370700180634979 
0.9252096336199204 0.09643360774673476 
0.8923900332104651 0.24956237629950828 
0.2812329298950466 0.9655210302855606 
0.725329263879292 0.7091205695022952 
0.40986176942054575 0.38081647504599847 
0.1458748105867238 0.5227411118943851 
0.17542221752734444 0.6307737925106967 
0.32232049557542974 0.6542731942650473 
0.5541598463134799 0.8448062804584184 
0.9044652320747876 0.0935899963426316 
0.580230916191351 0.5552223702273051 
0.220011458622015 0.42557665445304416 
0.6102139733218417 0.5269241928673899 
0.07513810425029 0.9420397234251932 
0.12744203565946904 0.12762786327434777 
0.8625628412113084 0.4350962662000774 
0.2285839164727681 0.08753297749299493 
0.11550197430777681 0.44146552398420214 
0.28965015615434064 0.15496944025273557 
0.4857356372429518 0.14867521511433668 
0.26536409921863163 0.46242125613375484 
0.7229915802705666 0.14177644164799152 
0.08459791102283398 0.14548542106635398 
0.796323068237355 0.7521416238950069 
0.2142600263376444 0.9435590815890753 
0.4299837591109531 0.14096493596414367 
0.20942581886667883 0.5237618371072985 
0.8701874967445571 0.11221121686521235 
0.7009330918977218 0.3149050831190464 
0.7446614244619444 0.9049479627601263 
0.8293916594345051 0.7262155675018888 
0.008566642086796139 0.7138817435465029 
0.9062523263400958 0.8802507491987072 
0.32319740522484014 0.17979820274634267 
0.9929691603778986 0.6342001301833174 
0.010296272446126797 0.3598324406506783 
0.5548386914920448 0.028473381785097562 
0.5548880889054223 0.9640585184115533 
0.6518526329876819 0.1708247889760829 
0.7093285586574383 0.9589208021040136 
0.43209757006337857 0.2900779825315072 
0.23310601060718805 0.6160279383907186 
0.0628909450943202 0.27366122081357563 
0.21310973538068345 0.17792749329415009 
0.043627412809873645 0.8568281816804495 
0.703913622795066 0.5723024205060547 
0.38264748807437343 0.9065564867886053 
0.08633204331224748 0.719113129934452 
0.027137001204473543 0.11285786647651835 
0.9041104369574389 0.06497779877186266 
0.2171831840317328 0.6692860851659729 
0.0070312866191450385 0.07565032091519774 
0.7707321885727808 0.8057300783266295 
0.2512161462216449 0.2709247322248159 
0.42377312746860546 0.8317253443682284 
0.9399984264324954 0.6343133249583163 
0.12303607358319923 0.6298368177782051 
0.3217891025663049 0.3739153992172276 
0.9004260808243671 0.29118246937144887 
0.637223424707944 0.09475539749588113 
0.2098784692911162 0.6028700952359847 
0.5016871732834227 0.9144528898018335 
0.036964513801500454 0.043436723367647534 
0.6635303951199769 0.789287707217138 
0.007885006760422919 0.6554850467132936 
0.7023082344994203 0.6268716481727266 
0.2910336977390685 0.8285519654579834 
0.21901644837150858 0.2646308736754812 
0.11404570055660679 0.37080790672760167 
0.564876557256795 0.6665110565461899 
0.076659595044967 0.6125189937843356 
0.41817876371828916 0.5628532640218563 
0.6460893089255092 0.39375503947076934 
0.646321169538111 0.3617426540593188 
0.1319530397063552 0.5862504564476024 
0.5755820019726727 0.5288028965118188 
0.03956194927867168 0.3394041855110198 
0.8404792937083752 0.3423081662185996 
0.045488028791471236 0.9926586580785033 
0.04001351813479004 0.7411230579044956 
0.6014076660101272 0.26039691847049873 
0.12593988719412924 0.8826726103847936 
0.7244904899408652 0.6408835258626426 
0.3277237466193814 0.7855991582852822 
0.4949425461600424 0.8737941559228015 
0.4544386241046043 0.8856701788825669 
0.03856045917054196 0.9678187257922979 
0.5928982711639799 0.8651209490173467 
0.05454140544248981 0.11388825031507832 
0.13254812612507438 0.5359307855521185 
0.28123060424512936 0.49262830564907345 
0.22319123109721872 0.7293922195010336 
0.5979585895569735 0.653230407185862 
0.48656920030847267 0.3895439317477042 
0.9767707589589104 0.19556666447271465 
0.009712461190433008 0.8301776985671665 
0.4195583737164931 0.9192382901397289 
0.5748129259022448 0.030559493631461654 
0.9359172278651342 0.39240147842349327 
0.1523004136034828 0.556591419491793 
0.3113697342327507 0.4609070631291461 
0.7074482888386807 0.6705326418902448 
0.43200892403062435 0.3528616702651479 
0.4934154718245051 0.179331992723324 
0.12658199946665916 0.35039211366696926 
0.9697281281774275 0.3080947850842788 
0.9639016980253254 0.5900693925832663 
0.8720320242892458 0.6857664835548803 
0.14271341068354776 0.20027501910044693 
0.39276204783345603 0.20364598999546502 
0.5212920947532255 0.8313710933357341 
0.021735601003140703 0.45708156339664896 
0.9684259922487666 0.07090900226327207 
0.14546730763199645 0.9161999074474292 
0.05055648853885175 0.3711782259068294 
0.4976488962577058 0.025392728821334087 
0.2977607847339082 0.14181167121166877 
0.5394453882724125 0.8195374022025383 
0.473601661478685 0.7428194580375778 
0.8307454944528512 0.7968266595153096 
0.941959130065487 0.9356410235990797 
0.29093190770011074 0.915373316298274 
0.014822977466640075 0.9692864407285161 
0.5423481851928055 0.12895422178426375 
0.7374912259295787 0.45327241872165036 
0.5286437699913077 0.05624013396749983 
0.004539296943935123 0.7755878768951299 
0.12787178296000629 0.7672073118960641 
0.20622583275387574 0.03986497874662709 
0.9620320032279089 0.8048729122249623 
0.3996159464963768 0.5897754850069378 
0.8422273651438213 0.7517362346564425 
0.6168512984403451 0.5581098941870348 
0.3274234561604947 0.8529382363911219 
0.5150978872144197 0.8906539538504615 
0.7333135801952152 0.950072107406199 
0.32483811523422723 0.40045231680385784 
0.3792528146628765 0.40203503834967014 
0.8780541398685193 0.7262239112939757 
0.06114545288428974 0.5059680530695287 
0.7658325179023298 0.25656026368555274 
0.037766928920669074 0.2039481589201435 
0.5625860706712169 0.9071538494426439 
0.9173268216823564 0.6146124656121535 
0.21680821833465125 0.9004087961290396 
0.36651027237156364 0.9275554192611697 
0.8814913490822118 0.9515141981212163 
0.40361480331316807 0.06561785539790582 
0.5612759731467033 0.09037372151261436 
0.9301042185405718 0.03143824310037813 
0.6010140864880644 0.7084812928631515 
0.3693402008125275 0.74956135081115 
0.1759976530820635 0.8250691991767174 
0.34945966360908615 0.5132197984638603 
0.8029670800831915 0.9319160255634262 
0.8046495419354629 0.6921616591555229 
0.35537922894994745 0.5772859229388738 
0.36649717889632866 0.0753828727976375 
0.16103040776741123 0.28366655499739724 
0.4344969034050598 0.6500050303918947 
0.4710930622616857 0.6535984521868414 
0.9020462531811568 0.6878820034192001 
0.12484074740743978 0.06816824701407853 
0.0070777802801238465 0.007503894084225193 
0.5075357573328424 0.7070898857062745 
0.9879080658761663 0.8189712905996385 
0.8082176674604572 0.38681069224255515 
0.6162512259112352 0.502630814130671 
0.5826387417051095 0.057567280387266995 
0.48233693630398433 0.3027380860705535 
0.8880079452869769 0.5137181660504622 
0.6089093930026138 0.7898943574009307 
0.9719775214670627 0.9230623554187871 
0.9887473241399084 0.2186043680883425 
0.491934904713724 0.8188367447978068 
0.9106932168550521 0.3403246866221086 
0.007718020935589376 0.8779926069925226 
0.4495765528976653 0.04416133468410971 
0.7947405046632949 0.34589819128453847 
0.6930578821938859 0.15197262657417882 
0.2598672033323607 0.40739988244629516 
0.18842987674456924 0.23212409231661518 
0.6417961515542273 0.12330358937229319 
0.008188188772088378 0.9489633390979322 
0.23868910047920955 0.7108647747514657 
0.36938767583953713 0.19227137971491348 
0.88347923944367 0.9867030427715348 
0.3239709934478183 0.5995932385421786 
0.537656363969945 0.24153528384045547 
0.9614363924636501 0.6782687023049334 
0.8914348819396805 0.9302915515260797 
0.6520543676795045 0.6596782078110618 
0.007803489932711016 0.48125073027820703 
0.7162567972837418 0.4068521462043009 
0.7683458465261906 0.7100513783554875 
0.06517429043053907 0.7743313125826718 
0.8556748589558056 0.3577290737919019 
0.050878684768313975 0.07623312530161747 
0.8948960406380614 0.1726233287178639 
0.552266083134023 0.16143810443616152 
0.5466604744237923 0.19803118064135733 
0.4715576923175104 0.5332754723598658 
0.25111583458831943 0.0065405668047663346 
0.9895603050057267 0.25933951702880786 
0.7739497475036579 0.8470638276150679 
0.6663235105969718 0.8098479494634208 
0.5379166468729897 0.5217630478258489 
0.9244466741326494 0.6535470238718845 
0.5688958975020881 0.11604314187014292 
0.4518908255484347 0.5979210778316496 
0.5891744610772768 0.6320678178890864 
0.508024979576428 0.35393694170541457 
0.3043446846394958 0.08026029255018186 
0.28056024105971944 0.9375207681925861 
0.6644674836039783 0.6744168793819388 
0.30046008740748414 0.1755203617619212 
0.15799540759483904 0.8504550302361866 
0.09901987656066352 0.6684309424599474 
0.1498536511038302 0.7354798348836039 
0.05211725182762372 0.48653863560019245 
0.6254861318257586 0.7032953749945132 
0.22214717852567545 0.7467263493515567 
0.8474851284054213 0.47391572380388347 
0.4577471736287232 0.3031514858144017 
0.4078594863282857 0.12230908234855042 
0.43866516007049305 0.7340683153360434 
0.8916335709621136 0.47387798852345664 
0.9628897337439288 0.3760594858636715 
0.7174841377536959 0.49510387992698973 
0.3203159318804708 0.8224600018903094 
0.9879323557328721 0.030563220084171616 
0.8077760180290126 0.07601448715240666 
0.275298653274109 0.043543383294815385 
0.03369661911293931 0.606929369625392 
0.49396557224237114 0.7525159381969152 
0.44316349184272696 0.2313982604606042 
0.7063833616210138 0.0488900810697423 
0.19880235030416116 0.3884969935271161 
0.3862790570232441 0.12774772145922186 
0.28510356416614213 0.37673660323203767 
0.11827159392329989 0.08735017750979962 
0.9873525546747169 0.324864529106637 
0.3548850237643491 0.3719127236089874 
0.5838649861619318 0.6958949975170747 
0.12771740009399424 0.4170611724292512 
0.39400059221079786 0.749908163100554 
0.8588562687600032 0.41257308452021857 
0.46006530055984307 0.8301564169619416 
0.8840590555173657 0.3443583890142573 
0.5123616056124194 0.601116357254843 
0.685706036070853 0.8918032042340382 
0.043794754887486964 0.5788889474216083 
0.4800436559704514 0.8387105307042632 
0.36596958644824673 0.028253920223061946 
0.08097651974360875 0.9743720567478669 
0.8056340184534908 0.6274036813222835 
0.8025245176118679 0.11807278954098821 
0.7468610809396485 0.8032396841583305 
0.923732735243636 0.7694939170393246 
0.22097697130443378 0.14568935353444862 
0.9899772998424821 0.13016980611481355 
0.34611841334853954 0.7752555108582253 
0.45889979294895133 0.672119025916982 
0.6622760120190979 0.8543150071093931 
0.7264971075806975 0.32292559602863263 
0.23654709646129846 0.9693878740273805 
0.21283511353696172 0.8482577817600674 
0.34095673462353693 0.9742694517450035 
0.9274250126285761 0.9148920701461722 
0.28990747282893675 0.19119321924641397 
0.1981294025279055 0.47626989364615374 
0.9318840566959855 0.815930603461805 
0.9548972921985295 0.5660357070976201 
0.6836246872007535 0.7393311750734586 
0.956952346722427 0.7534764863522352 
0.5302878350042802 0.6920421613658154 
0.20919929630721468 0.6857034643827873 
0.7793496745728088 0.5807887845015762 
0.034664265072523404 0.4188333013570457 
0.9326179846398832 0.06730527806467668 
0.3811757895381603 0.6803705870658406 
0.6093138687727239 0.1881257546261743 
0.004958374397284804 0.4219945730545811 
0.45069349913914686 0.5692182976267651 
0.326635761760938 0.5313778148667404 
0.3418376708452575 0.09333234443828997 
0.22549908136771907 0.7770643317777717 
0.5184050201683859 0.9781066287796658 
0.3153529271401482 0.5704205945923794 
0.818143975484698 0.18997125982604135 
0.9061239556659859 0.42031888049991567 
0.7713427455674526 0.6462388895178638 
0.5406178590698136 0.44296001877614477 
0.6647864384795221 0.7650225804264095 
0.6814191697728285 0.4679717535347387 
0.9403128659335085 0.10011695112272945 
0.3686608137656876 0.15371947393640345 
0.679374840153969 0.625064984561596 
0.6659240844801834 0.8321088159526309 
0.13234445060710898 0.022319229915587435 
0.7037297887814844 0.5413185911999688 
0.45624770005563936 0.07803008823116431 
0.1836690150781744 0.8939639843423013 
0.06840006831510814 0.6520083250791139 
0.5170891483125335 0.6451766067753082 
0.3587391791843899 0.8804644540516805 
0.6267085506512892 0.3804462539229382 
0.7615494107981793 0.17677845945315235 
0.8146916579378113 0.5048770934860166 
0.42440137434470776 0.17541200610489172 
0.7479524472674386 0.11275611413380077 
0.6171164992488412 0.9686178204855371 
0.7044233831222265 0.0736180176701815 
0.9346125395202356 0.22542564728609826 
0.173302101547276 0.26424946926913473 
0.5156423691112653 0.9397847033582315 
0.6523657284910531 0.24697648854512455 
0.43134655851398457 0.7624766179031943 
0.1616079926087371 0.42908848893482365 
0.07142104573384955 0.22015578250272083 
0.6194063790445199 0.28110576931778464 
0.2571923235482473 0.6123700541072855 
0.4444765798488828 0.3387329262413561 
0.2815222018324829 0.6769312972607027 
0.6529701272367496 0.46129507643364104 
0.1713863948686718 0.55068622998615 
0.8811403670700341 0.8309042737691636 
0.5874069468974029 0.9070028208422777 
0.4900527357973584 0.7137806948850838 
0.791030397798159 0.29747186671208625 
0.6781234999817254 0.07966116890504066 
0.43410389529448357 0.46671901732590443 
0.6454270371866667 0.29629477876010235 
0.05357743483894739 0.30061038702565246 
0.3851324508597859 0.30368029950809294 
0.2647849560435904 0.15344334749848698 
0.6513759230116004 0.5798745556662099 
0.8275433677878251 0.8690403023764599 
0.23321795290065073 0.8493424012608188 
0.9924923575528394 0.2764390488070264 
0.045976016214109905 0.7579474465346714 
0.4425160416132936 0.11295382764707612 
0.8054560352085205 0.7872146216982041 
0.4669086294688343 0.9199873995122001 
0.4196424726875278 0.4234085137650393 
0.9048088237535407 0.9904052525919335 
0.4133317340328464 0.8557847254899764 
0.9400735795684905 0.18871706996510018 
0.6650856072178798 0.027703421566469322 
0.57701345717854 0.08292851492867698 
0.9551247542483968 0.22116791926503943 
0.24619901340075978 0.5836276270058959 
0.8415461545673371 0.41795811922962955 
0.5397486682297736 0.2694740238327653 
0.20039709102848313 0.1011173515935721 
0.2543658528474013 0.7509349863529517 
0.2500357266244205 0.11650406650795786 
0.881561964970158 0.22797842671753427 
0.27902859945747516 0.5993947952372275 
0.9813394852129249 0.05785750891446434 
0.7203994118188435 0.43461458944702386 
0.6865628676561718 0.18177856223692296 
0.37971465066309895 0.7034317410772116 
0.6142008571310433 0.5959502402343887 
0.5287331113551565 0.33681301871556835 
0.45943238856375584 0.7597653301672413 
0.42691639852546326 0.306525338827663 
0.13043804966114492 0.9227149087783043 
0.4113406860775264 0.9582501221129639 
0.4274950322967308 0.05344082756874874 
0.6161234787926402 0.3132925172029578 
0.8075314568250496 0.5507480211070227 
0.39800084032504496 0.41724245526650094 
0.9516746281462534 0.5362236681391342 
0.06503551898521664 0.5367506723328956 
0.0244763521965502 0.7447556417837826 
0.9824816006674516 0.5471926348183256 
0.3913026248735383 0.1720311070661661 
0.1250159990937309 0.4762483967272457 
0.5376599891122178 0.8593742438501566 
0.8766140921515215 0.5697585566304112 
0.7289542969413477 0.21058785044055928 
0.34830379264793976 0.43649985733868557 
0.39656147223224675 0.10712411670799893 
0.6156339513839857 0.144032799793802 
0.03974233266436222 0.4655246212008415 
0.012351633600508893 0.12482669453774697 
0.7003096866960781 0.5118771468397891 
0.24336398517776203 0.7831840121256382 
0.5514171840739827 0.31461122557987065 
0.09502852546398805 0.49876871020614266 
0.7662207409345965 0.60704762977931 
0.7811203232937398 0.5424208222376381 
0.22172709674972452 0.38736883956097373 
0.09147168355213892 0.6871117029289486 
0.13791923429410835 0.247758924097575 
0.9142810710160942 0.2601911756828974 
0.49630041811912334 0.5653622359623736 
0.6109969880424659 0.6299992428366457 
0.5297637902380364 0.30582521357128134 
0.6501928644896128 0.3298791402046265 
0.9231267347289959 0.5227909625674768 
0.5141900040602533 0.07470479874520597 
0.881893083495471 0.1399336022941155 
0.46837208407862657 0.15089578749707816 
0.1793328051875866 0.41067997483414376 
0.9950723234830956 0.777642110066203 
0.4812967936045062 0.33457928957076644 
0.05596927421146186 0.13412160693469738 
0.29758385610376303 0.8989992110558662 
0.1742961102050674 0.9910508832612219 
0.9882144427512847 0.17368000920131382 
0.3553262723519413 0.8208322181018419 
0.8466009310611842 0.11448191227496374 
0.9233262653061105 0.7340902362943676 
0.2141380473685252 0.8003202850381426 
0.829883411890826 0.24714118389144324 
0.9560771298394116 0.8826381592947632 
0.07864592666130243 0.006911263877610152 
0.7721031830956735 0.21059580735193983 
0.019380804600642343 0.20746253099646228 
0.5447722880009422 0.40388944521974907 
0.43131286319760603 0.26261057054933257 
0.9228302452294592 0.9691914206058013 
0.15277030771320543 0.9478342106349164 
0.800784539916703 0.27579192393024293 
0.781627848561645 0.7716926661271362 
0.007336607448262977 0.5424355928407375 
0.6737339993113398 0.35708004250332426 
0.4856334770122273 0.9809320752574042 
0.3523069463069276 0.7904822117866898 
0.5647540816026069 0.20533517594698641 
0.9200441355213516 0.8529504960717142 
0.7792549540108786 0.026098097965297773 
0.04388152867787776 0.024650308863528148 
0.977814869825782 0.09350799696065959 
0.8757966054339549 0.28035091906516446 
0.611895895915584 0.094341382958269 
0.8014852927730739 0.8339020635393088 
0.394736678497703 0.5088151727919071 
0.8735187299931855 0.7997680194615528 
0.5945839900824701 0.4245578374048681 
0.46485527521485215 0.8740092675774955 
0.11345908194651555 0.1577232522515653 
0.5966737193734066 0.8419578545150408 
0.6204364253823069 0.7547967546153128 
0.8513913488006348 0.9916469850249603 
0.17767975611263565 0.7472963575526419 
0.49766823998072945 0.9633307378456297 
0.6129291616053704 0.6664479809133077 
0.6492942917242944 0.9519030536353147 
0.5677065270739924 0.1781424395885342 
0.9906557517852239 0.8487827326870085 
0.2538479322808651 0.8743339280583058 
0.7917247026986312 0.7242890774549375 
0.7426942749863699 0.18327586810561847 
0.3505507490276736 0.3348038435916213 
0.3584980833596229 0.6153483948673859 
0.44964466560532734 0.7164294145100079 
0.1410221515511737 0.4280030772002973 
0.7653231328335587 0.9887621037756085 
0.16009030047882322 0.48789314252410304 
0.8205812558141113 0.05467144185457112 
0.8145802016856232 0.7144717333805631 
0.5115087414796193 0.24972201538622185 
0.437333592040431 0.6815286078502677 
0.51775855380861 0.5744038499943329 
0.30757409172813716 0.48711774759145654 
0.6445646488862589 0.47619014762373346 
0.5499404472962881 0.7903761947172391 
0.4445545712550011 0.976997079405846 
0.5912585871915714 0.9506514217248487 
0.29329303280808305 0.7072509233615718 
0.18018826223971462 0.6545676138342893 
0.8982022506028244 0.38986144307307746 
0.3634145431008919 0.6780115523952346 
0.9574992332940864 0.9768343827548414 
0.3200049804600612 0.7462855127457394 
0.3291968804000487 0.7303242059110391 
0.02513328961081779 0.8951661015535466 
0.5625971427251975 0.6427110334844315 
0.7299986037778384 0.26100742222307427 
0.49179280307164297 0.37254814264857855 
0.5245965962770462 0.20155995506366814 
0.05622534326060291 0.9497028433830643 
0.7223543211571679 0.9932906010615745 
0.24141515361443588 0.1610145287821299 
0.6588912047143054 0.42357747212544083 
0.6803762485553506 0.588316350282355 
0.2580604480041492 0.5059482411978323 
0.8615022011701388 0.8215670622259783 
0.4460456437434255 0.09289285781774553 
0.9690043170383225 0.4752708451822207 
0.08364139110348173 0.9024967838912111 
0.5565449169293599 0.23751197104325866 
0.5228507302339311 0.9934816629884622 
0.6672886484722469 0.5092307084784904 
0.31401977008168525 0.2781088462150733 
0.24752927433864275 0.3129916521645558 
0.19180287293409393 0.5447580487043475 
0.2742273798471122 0.07057035606511658 
0.45939293494690714 0.9514519290659148 
0.6062136890528701 0.9087112031172754 
0.18639328491056795 0.30522793995497643 
0.07541079362462111 0.16527333215458595 
0.1442170500411014 0.8357886450150118 
0.10089781425640043 0.011334325257915945 
0.2563158150381528 0.6356001829311307 
0.8254651254515895 0.8424660888790816 
0.6997526347853747 0.7969704255283254 
0.9529264804563224 0.913054771959243 
0.6107355765808103 0.40912728692356637 
0.5973510319781111 0.731338223755519 
0.9503129171782413 0.83299652460194 
0.36875138914156497 0.7750458994979106 
0.629915628161027 0.07173778951094822 
0.1637846360328299 0.904029808783594 
0.7270736475316029 0.8725254712228396 
0.10102108649422886 0.9473930757380822 
0.2562211274977343 0.852454053277638 
0.8341422216079272 0.6506312180631081 
0.5871897779446654 0.6045759961069703 
0.8002369950837738 0.19077056566681422 
0.5578806316584253 0.5850338917150724 
0.15094325092056632 0.11673985192598518 
0.3921530878807424 0.25763150846415467 
0.12703978210363487 0.9560392010977337 
0.4965689903037216 0.006092619668455479 
0.22803945845020746 0.30836146602875447 
0.06017241902283221 0.7282297713128278 
0.20526488717090013 0.2567073956081877 
0.7052545590008729 0.8179683031933287 
0.35704326317650903 0.41912975144680537 
0.47538084051191987 0.10222257767972803 
0.6467151700896957 0.4440197194477696 
0.5711573014459181 0.7331686786757694 
0.3613158733431976 0.12583905744467955 
0.7588619646132024 0.1438014300468169 
0.07914572566483907 0.7562280406894352 
0.1838780087354222 0.37119792541581503 
0.6470721836969968 0.023319138623564772 
0.40427325787864826 0.7176283049540108 
0.8212150213080424 0.9682870501997793 
0.3514251342331066 0.06132537790782866 
0.29164449911820123 0.6626407353495227 
0.0701805578035356 0.44275145387321035 
0.3879733715434292 0.48818022323723004 
0.7595719649249031 0.771132360669615 
0.09841594518653846 0.0832649714205767 
0.3501326571675728 0.22283929391110546 
0.7070730963591128 0.2089124033661574 
0.09774580785067077 0.2770055369714459 
0.42715047737505196 0.37553824413090264 
0.10762259560487514 0.5877997698349369 
0.8142837389610431 0.9920332069658102 
0.022528842648308456 0.6795716792688684 
0.30475116622203174 0.20237490457257762 
0.37791576898763923 0.45366473974742305 
0.6567690982902055 0.8985501100892862 
0.17771622278851984 0.5826102060548233 
0.8412966537213291 0.31946552364301917 
0.824338977314075 0.46525618382854317 
0.762129121775359 0.9162704156608096 
0.9207097894299059 0.5901600654510565 
0.21639659872264766 0.2046522128226303 
0.013805729590154026 0.43972040896856196 
0.8517305997677078 0.27304401911526766 
0.7235483178560462 0.9152688992835025 
0.42869689236546094 0.5429282053226208 
0.8110115229450753 0.22559804065585454 
0.9043343047681893 0.5461781996119188 
0.22524697263723736 0.5386432812423232 
0.484150368258154 0.6976099056666787 
0.4860908654268322 0.8015887056340916 
0.8104445559874336 0.854864024867104 
0.26773048021849666 0.18748650763086117 
0.8815115314517495 0.7483505038915541 
0.4504296752656666 0.47145706918027125 
0.8515261474445794 0.7805010049917258 
0.09721307884718705 0.7885911547991897 
0.3019675215720709 0.2348590641596307 
0.6363319714918811 0.7971761966866113 
0.2008101904300597 0.13296714659945386 
0.23350637138083902 0.45131730328730385 
0.47166797400360977 0.23969524671787484 
0.5809801642043734 0.8860068389372044 
0.8630432974583544 0.19189332921178437 
0.2777606242995936 0.44211409837701277 
0.7213679785528222 0.03444056720696814 
0.8579473167389486 0.04020749134045337 
0.18958799762050227 0.7343611435266684 
0.07663151518925754 0.8841901041112359 
0.85802738804005 0.9350554839623942 
0.7930771670467999 0.6713876383391332 
0.6592823779240293 0.0913247532170871 
0.7489945125761933 0.08358940311940244 
0.46824451777975823 0.02957920295291916 
0.9785792939606198 0.97397756692231 
0.31494911312971696 0.43253380686852244 
0.9920135355089075 0.4423597217506487 
0.9551387006753221 0.3089798680484844 
0.7681488742523366 0.358833794002565 
0.4510692259356217 0.505897169578924 
0.6179973668642771 0.3379659588334085 
0.8693216340607184 0.21140453522331526 
0.07657996847902365 0.8353303261574263 
0.15008904050155264 0.3169062517375081 
0.5666763158146331 0.7632607533037128 
0.25824631323775293 0.9468088237305567 
0.671235694460671 0.49123113510909483 
0.745380648242669 0.31287624071580844 
0.7871899836275095 0.4926100958142979 
0.46134772517045786 0.17551050724084205 
0.5785298215232781 0.24194469398126633 
0.3402990731576516 0.4619438268232963 
0.438017981477429 0.8210952609820628 
0.20224822412024906 0.2784765145258359 
0.8494643938263969 0.1946004728759188 
0.2894535706143462 0.12268501487650058 
0.9237168095840116 0.12126736531746701 
0.2989634581705142 0.8563722697947282 
0.8914846516611636 0.5367254790574217 
0.17164612607717789 0.695046401163416 
0.7656290896848861 0.05651463834228493 
0.9918004174731143 0.9147266525237752 
0.9278007530059826 0.5040388316342074 
0.812376819365236 0.10645792488511885 
0.855383473307062 0.16898275012608016 
0.872762359811435 0.4806063020126322 
