-0.002615760425646187 0.47985833128835365 0.4994020659261937 0.95 0.35 0.3 0.1 1.0 0.55 0.3 0.85 0.7 0.4 0.15 0.8 0.55 0.65 0.65 0.1 0.65 1.0 0.75 0.8 0.35 0.3 0.5 0.95 1.0 0.35 0.3 0.0 0.2 0.0 0.65 0.85 1.0 0.4 0.3 0.2 
-0.033489516574677754 0.5116747410344697 0.5513105016387646 0.9 0.35 1.0 0.85 0.3 0.4 0.9 0.85 0.35 0.05 0.1 0.25 0.85 0.3 0.3 1.0 0.3 0.2 0.2 0.15 0.25 0.4 0.5 0.9 0.9 0.55 0.8 0.7 0.55 0.3 0.85 0.9 0.55 0.4 0.95 0.6 
-0.00010030659523174589 0.4363977588162018 0.5036158571140052 0.35 0.0 0.75 0.95 0.15 0.7 0.55 0.85 0.05 0.15 0.15 0.5 0.95 0.95 0.65 0.7 0.35 0.65 1.0 0.65 0.35 0.85 0.55 0.9 0.55 0.4 0.05 0.5 1.0 0.2 0.5 0.5 0.6 1.0 0.2 0.35 
-0.001330931523095737 0.508493301751333 0.49320246565183956 0.2 0.9 0.45 0.95 0.75 0.5 0.05 0.8 0.15 0.75 0.2 0.1 1.0 0.6 0.7 0.75 0.8 0.2 0.8 0.3 0.05 1.0 0.7 0.4 0.3 0.45 0.15 0.5 0.4 0.8 0.1 0.05 0.8 0.7 1.0 0.05 
-0.02037236175432295 0.5048525947670403 0.5031830968177609 0.05 0.95 0.45 0.8 0.35 0.3 0.3 0.8 0.1 0.35 0.25 0.3 0.9 1.0 0.5 0.65 0.5 0.7 0.35 0.95 0.35 0.8 0.65 0.65 0.7 0.7 0.7 0.6 0.15 0.35 0.95 1.0 0.35 0.65 0.45 0.4 
-0.0036167280635624258 0.43776175429021075 0.5075616227927706 0.8 0.75 0.6 0.5 0.65 0.4 0.2 0.55 1.0 0.4 0.05 0.45 0.7 0.15 0.6 0.4 0.9 0.2 0.3 0.8 0.85 0.7 0.75 1.0 0.45 0.7 1.0 0.25 0.65 0.5 1.0 0.95 0.5 0.5 0.6 0.6 
-0.0018078267365003585 0.47008174479883175 0.504915865226259 0.45 0.75 0.85 0.25 0.85 0.5 0.6 0.45 0.0 0.2 0.1 0.7 0.85 0.95 0.55 0.9 0.45 0.75 0.95 1.0 0.5 0.6 0.05 0.25 0.8 0.15 0.6 0.95 0.1 0.45 1.0 0.75 0.75 0.85 0.85 0.95 
-0.000775413093789361 0.5349076481583439 0.506471440809219 0.9 0.35 0.7 0.25 0.3 0.75 0.1 0.85 0.35 0.35 0.45 0.25 0.8 0.05 0.4 0.8 0.3 0.2 0.0 0.15 0.3 0.4 0.4 0.9 0.9 0.55 0.8 0.7 0.55 0.45 0.85 0.9 0.55 0.7 0.95 0.0 
-0.002669395771936928 0.4856138197130567 0.5429165715275196 0.05 0.0 0.55 0.0 0.65 0.95 0.65 0.05 0.85 0.25 0.05 0.4 0.75 0.0 1.0 0.7 0.65 0.45 1.0 0.3 0.85 0.45 0.55 0.35 0.0 0.95 0.85 0.0 0.4 0.7 0.85 0.75 0.1 0.05 0.15 0.7 
-0.01437656971374302 0.43900698292021084 0.4283489557968057 0.5 0.95 0.85 0.7 0.35 0.9 0.95 0.25 0.1 0.45 0.15 0.4 1.0 1.0 0.5 0.85 0.25 0.7 0.35 1.0 0.35 0.8 0.05 0.65 0.5 0.05 0.5 0.35 0.15 0.2 0.75 0.0 0.75 0.85 0.45 0.4 
-0.0013405064647801547 0.465809607562331 0.4842714453347436 0.3 0.55 0.95 0.15 0.45 0.65 0.2 0.2 0.85 0.05 0.75 0.5 0.85 0.5 0.5 0.5 0.85 0.7 0.25 0.6 0.1 0.55 0.85 0.05 0.75 0.25 0.25 0.6 0.85 1.0 0.15 0.65 0.15 0.9 0.45 0.4 
-0.030901358588023106 0.5187259790785911 0.4354811726240308 0.2 0.05 0.45 0.95 0.75 0.5 0.8 0.8 0.15 0.75 0.2 0.1 1.0 0.6 0.7 0.4 0.8 0.2 0.8 0.3 0.75 1.0 0.7 0.4 0.2 1.0 0.15 0.5 0.4 0.8 0.1 0.05 0.8 0.7 1.0 0.05 
-0.0012840156735502543 0.49217445794935594 0.4755666852812761 0.3 0.5 0.85 0.7 0.9 0.3 0.95 0.8 0.9 0.45 0.15 1.0 1.0 0.2 0.7 0.1 0.6 0.15 0.95 0.35 0.2 0.65 0.8 0.65 0.9 0.6 0.5 0.6 0.35 0.4 0.65 0.05 0.3 0.85 0.45 0.4 
-0.005712362446950049 0.5212146409513422 0.4783023838859333 0.05 0.75 0.85 0.25 0.65 0.55 0.6 0.55 1.0 0.65 0.1 0.2 1.0 0.95 0.35 0.7 0.7 0.7 0.95 1.0 0.85 0.6 0.05 0.25 0.85 0.1 0.6 0.45 0.55 0.45 1.0 0.9 0.25 0.65 0.8 0.5 
-0.0008040748458707385 0.4856179892570353 0.5390328737090798 0.05 0.0 0.55 0.0 0.65 0.95 0.65 0.05 0.85 0.25 0.05 0.4 0.75 0.0 1.0 0.7 0.65 0.45 1.0 0.3 0.85 0.45 0.55 0.35 0.2 0.95 0.85 0.0 0.4 0.7 0.85 0.75 0.1 0.05 0.15 0.7 
-0.02597499509726174 0.45660891816287535 0.46283081016252314 0.35 1.0 0.05 0.95 0.15 0.7 0.2 0.1 0.9 0.15 0.05 0.3 0.95 0.95 0.75 0.7 0.35 0.65 0.8 1.0 0.25 0.8 0.55 0.65 0.35 0.05 0.1 0.5 1.0 0.2 0.95 0.5 0.75 0.95 0.25 0.35 
-0.01468477191346653 0.4183178197320735 0.5151932620773017 0.5 1.0 0.85 0.7 0.9 0.9 0.55 0.8 0.3 0.45 0.15 0.4 1.0 0.2 0.7 0.6 0.25 0.75 0.45 0.35 0.2 0.8 0.05 0.4 0.25 0.75 0.85 0.8 0.35 0.5 0.15 0.05 0.8 0.95 0.45 0.4 
-0.005264624735110233 0.5264879065022298 0.5252604482058975 0.45 0.75 0.85 0.25 0.85 0.5 0.6 0.15 0.0 0.2 0.1 0.7 0.85 0.95 0.55 0.9 0.45 0.75 0.95 1.0 0.5 0.6 0.05 0.25 0.8 0.15 0.05 0.95 0.55 0.45 0.0 0.75 0.75 0.85 0.85 0.95 
-0.009186072763592533 0.5975337293044682 0.48314241071765074 0.9 0.35 1.0 0.2 0.4 0.4 0.6 0.85 0.35 0.55 0.95 1.0 0.85 0.1 0.3 0.65 0.3 0.2 0.2 0.9 0.35 0.4 0.25 0.75 0.7 0.45 0.8 0.95 0.55 0.65 0.85 0.9 0.9 0.45 1.0 0.5 
-0.010885614742668848 0.5332061201556024 0.49044698515920876 0.6 0.5 0.8 0.8 0.35 0.55 0.3 0.05 0.1 0.55 0.25 0.3 0.95 0.55 0.05 0.8 0.2 0.7 0.85 0.95 0.35 0.7 0.05 0.65 1.0 0.2 0.7 0.65 0.15 0.35 0.6 1.0 0.4 0.7 0.6 0.65 
-0.015822667138556287 0.5024114783531717 0.4587345373297781 0.2 0.9 0.8 0.95 0.75 0.5 0.05 0.5 0.9 0.75 0.2 0.1 1.0 0.6 0.7 0.3 0.8 0.2 0.8 0.3 0.75 1.0 0.7 0.4 0.3 0.45 0.75 0.5 0.4 0.8 0.3 0.05 0.8 0.7 1.0 0.05 
-0.0009052215358169654 0.4631199333235101 0.5243758174946824 0.8 0.05 0.55 0.95 0.45 0.95 0.75 0.65 0.05 0.75 0.45 0.35 0.2 0.15 1.0 0.5 0.45 0.0 0.05 0.2 0.55 0.75 0.7 0.45 0.8 0.45 0.3 0.15 0.3 0.85 0.1 0.5 0.75 0.5 0.8 0.5 
-0.0013441477801287938 0.4457174349509241 0.5482612478870872 0.55 1.0 0.85 0.2 0.3 0.4 0.7 0.15 0.7 0.25 0.05 0.75 0.1 0.05 0.95 0.9 0.2 0.3 0.65 0.0 0.2 1.0 0.9 0.65 0.65 0.6 0.5 0.1 0.8 0.2 0.75 0.85 0.3 0.15 0.25 0.15 
-0.00554680489047028 0.5294714689860919 0.5489506884027766 0.9 0.35 0.45 0.2 0.3 0.4 0.9 0.0 0.05 0.55 0.65 0.7 0.6 0.55 0.3 0.85 0.2 0.2 0.8 0.35 0.1 0.4 0.05 0.9 0.9 0.55 0.8 1.0 0.55 0.3 0.6 0.9 0.55 0.2 1.0 0.6 
-0.0028140572362402756 0.5476135663019325 0.49945487370892727 0.55 0.65 0.1 0.35 0.9 0.0 0.65 0.15 0.75 0.45 0.05 0.5 0.85 0.3 0.95 0.0 0.85 0.45 0.8 0.2 0.45 1.0 0.85 0.95 0.45 1.0 0.5 0.65 0.35 0.55 0.8 0.45 0.75 0.25 0.5 0.25 
-0.008288397539954206 0.40892845204200673 0.4923623463894807 0.85 0.45 0.5 0.2 0.45 0.2 0.7 0.0 0.45 0.25 0.45 0.7 0.95 0.05 0.3 0.45 0.2 0.3 0.6 1.0 0.45 1.0 0.05 0.7 0.85 0.65 0.6 0.15 1.0 0.6 0.75 0.85 0.85 0.15 0.6 0.7 
-0.019158549829171943 0.5617366404547498 0.46602963901018346 0.25 0.9 0.4 0.3 0.8 0.1 0.05 0.95 0.75 0.25 0.3 0.1 1.0 0.6 0.7 0.2 0.8 0.5 0.95 0.55 0.8 0.95 0.7 0.4 0.15 0.45 0.15 1.0 0.4 1.0 0.95 0.05 0.4 0.7 0.45 0.05 
-0.0037113686730672318 0.4870266221458948 0.46264142415567483 0.9 0.95 0.85 0.8 0.35 0.3 0.9 0.7 0.1 0.35 0.15 0.3 1.0 1.0 0.5 0.85 0.25 0.95 0.35 0.5 0.0 0.65 0.05 0.65 0.7 0.6 0.55 0.55 0.25 0.05 0.2 0.95 0.55 0.65 1.0 0.4 
-0.0029727330516587528 0.5692669093305546 0.4672182561783821 0.1 0.35 0.55 0.45 0.3 0.75 0.1 0.85 0.35 0.35 0.45 1.0 0.95 0.05 0.3 0.8 0.3 0.2 0.0 0.15 0.3 0.4 0.4 0.9 0.05 0.5 0.25 0.15 0.55 0.3 0.85 0.9 0.0 0.7 0.95 0.5 
-0.016768021617559144 0.5507694158022738 0.4705750141021117 0.2 0.9 0.45 0.95 0.7 0.45 0.05 0.05 0.9 0.75 0.2 0.1 1.0 0.6 0.7 0.85 0.8 0.2 0.25 0.3 0.75 1.0 0.7 0.15 0.25 0.45 0.15 0.5 0.4 0.95 1.0 0.05 0.5 0.7 0.5 0.05 
-0.0058317054399051015 0.5791265698170868 0.5136542325195653 0.9 0.35 0.45 0.2 0.3 0.4 0.9 0.7 0.05 0.95 0.65 0.7 0.8 0.55 0.3 0.85 0.3 0.2 0.0 0.9 0.1 0.4 0.5 0.9 0.9 0.55 0.55 0.4 0.55 0.3 0.35 0.9 0.55 0.2 1.0 0.6 
-0.0022212302614895746 0.4267133434109053 0.4853831378866333 0.5 0.6 0.85 0.55 0.35 0.5 0.85 0.75 0.1 0.2 0.1 0.3 0.75 1.0 0.55 1.0 0.25 0.65 0.35 0.0 0.35 0.15 0.85 0.7 0.05 0.0 0.15 0.65 0.15 0.25 0.5 0.15 0.6 0.15 0.45 0.55 
-0.01151009869651655 0.5583523599848511 0.5359634333760885 0.9 0.35 1.0 0.2 0.4 0.4 0.6 0.85 0.35 0.55 0.95 1.0 0.85 0.1 0.7 0.65 0.3 0.2 0.2 0.9 0.35 0.4 0.25 0.15 0.7 0.45 0.8 0.95 0.55 0.65 0.25 0.9 0.9 0.45 1.0 0.5 
-0.013524888490381339 0.4371922411236424 0.5615108294964188 0.15 0.25 0.85 0.2 0.55 0.4 0.7 0.15 0.7 0.25 0.05 0.7 0.7 0.0 0.3 0.9 0.2 0.3 0.95 0.0 0.2 0.9 0.9 0.65 0.75 0.6 0.5 0.8 0.0 0.2 0.6 0.85 0.8 0.15 0.25 0.25 
-0.010234820125018343 0.4231316015915535 0.45613641005975797 0.5 0.95 0.85 0.7 0.9 0.45 0.95 0.8 0.15 0.45 0.15 1.0 1.0 0.2 0.7 0.7 0.25 0.75 0.95 0.35 0.2 0.7 0.25 0.65 0.6 0.75 0.45 0.85 0.35 0.5 0.55 0.65 0.05 0.95 0.45 0.4 
-0.005622872214244481 0.5536467157256796 0.5468769352963069 0.9 0.35 0.1 0.2 0.4 0.4 0.6 0.85 0.35 0.55 0.95 1.0 0.95 0.1 0.7 0.65 0.3 0.2 0.2 0.9 0.35 0.4 0.25 0.15 0.7 0.45 0.8 0.95 0.55 0.3 0.25 0.9 0.9 0.45 1.0 0.5 
-0.0011308978851197265 0.5518634813910207 0.5583920849423862 0.2 0.3 0.05 0.1 0.5 0.9 0.5 0.65 0.3 0.75 0.95 0.35 0.9 0.25 0.95 0.9 1.0 0.0 0.6 0.75 0.75 0.2 0.6 0.6 0.95 0.7 0.45 0.2 0.15 0.35 0.55 0.6 0.85 0.5 0.65 0.75 
-0.0038610899142027203 0.4006520511412935 0.5039123289787442 0.85 0.45 0.5 0.2 0.45 0.2 0.7 0.0 0.45 0.25 0.45 0.7 0.95 0.05 0.3 0.9 0.2 0.3 0.6 1.0 0.45 1.0 0.05 0.7 0.85 0.65 0.6 0.15 1.0 0.6 0.75 0.85 0.4 0.15 0.6 0.7 
-0.05769990228947045 0.4938737150748585 0.43403967701621865 0.7 0.95 0.9 0.95 0.9 0.7 0.55 0.85 0.25 0.45 0.95 0.65 0.95 0.95 0.45 0.55 0.35 0.65 0.9 0.1 0.25 0.7 0.9 0.85 0.8 0.15 0.25 0.4 0.15 0.2 0.8 0.5 0.6 0.95 0.65 0.35 
-0.00948685109226009 0.577243029397918 0.5630864054738101 0.05 0.75 0.85 0.25 0.75 0.2 0.3 0.2 0.15 0.65 0.1 0.2 0.2 0.95 0.35 0.7 0.7 0.75 0.95 1.0 0.85 0.65 0.55 0.25 0.8 0.1 0.6 0.4 0.1 0.45 1.0 0.9 0.8 0.65 0.85 0.45 
-0.007966872302621301 0.45665701395342184 0.45536505813112627 0.35 1.0 0.05 0.95 0.15 0.7 0.2 0.1 0.9 0.15 0.05 0.3 0.95 0.95 0.75 0.7 0.35 0.65 0.8 1.0 0.25 0.8 0.55 0.65 0.35 0.05 0.1 0.5 1.0 0.3 0.95 0.5 0.75 0.95 0.25 0.4 
-0.006298727273080927 0.5118251283968117 0.5567503713249681 0.9 0.35 1.0 0.85 0.3 0.4 0.9 0.85 0.35 0.05 0.1 0.25 0.85 0.3 0.3 1.0 0.3 0.2 0.2 0.15 1.0 0.7 0.5 0.9 0.9 0.55 0.8 0.7 0.55 0.3 0.85 0.9 0.55 0.45 0.95 0.6 
-0.010620188002064202 0.4676129136761825 0.40620076963986845 0.9 0.95 0.85 0.8 0.35 0.3 0.9 0.7 0.1 0.35 0.15 0.3 1.0 1.0 0.5 0.85 0.25 0.7 0.35 0.5 0.0 0.8 0.05 0.65 0.5 0.6 0.55 0.55 0.25 0.05 0.7 0.95 0.55 0.65 0.75 0.4 
-0.006232098028342705 0.5563040114703869 0.4560603486209345 0.2 0.9 0.45 0.95 0.7 0.5 0.05 0.05 0.9 0.75 0.2 0.1 1.0 0.6 0.7 0.4 0.8 0.2 0.25 0.3 0.75 1.0 0.7 0.15 0.3 0.45 0.15 0.5 0.4 1.0 1.0 0.05 0.5 0.7 0.5 0.05 
-0.0018114920082817692 0.42337663879739607 0.5516682717253776 0.15 0.25 0.85 0.2 0.15 0.4 0.7 0.15 0.7 0.25 0.05 0.7 0.7 0.0 0.3 0.9 0.2 0.3 0.95 0.0 0.2 0.9 0.9 0.65 0.75 0.6 0.5 0.1 0.0 0.2 0.6 0.85 0.3 0.15 0.25 0.25 
-0.000263446935089936 0.5518332830621705 0.41132596164425733 0.55 0.9 0.45 0.95 0.55 0.5 0.05 0.8 0.9 0.75 0.2 0.1 1.0 0.6 0.7 0.4 0.8 0.2 0.8 0.7 0.75 1.0 0.7 0.4 0.3 0.35 0.15 1.0 0.5 1.0 1.0 0.05 0.5 0.7 0.9 0.05 
-0.001197222342105983 0.6072199441063063 0.5098383584071253 0.9 0.8 0.55 0.45 0.3 0.0 0.65 0.85 0.35 0.55 0.1 0.25 0.9 0.05 0.3 0.65 0.3 0.2 0.2 0.6 0.35 0.4 0.35 0.65 0.9 0.55 0.3 0.75 0.55 0.3 0.55 0.9 0.55 0.55 0.2 0.5 
-0.00626669240175671 0.5808140807624977 0.5533671477052807 0.3 0.35 0.25 0.5 0.65 0.4 0.05 0.6 0.9 0.55 0.4 0.95 1.0 0.05 0.3 0.35 0.15 0.2 0.4 0.05 0.55 0.7 0.1 0.9 0.9 0.55 0.8 0.5 0.55 0.3 0.85 0.9 0.5 0.7 0.95 0.35 
-0.017097829890110997 0.5139544718794251 0.4056632128644748 0.85 0.25 0.6 0.95 0.55 0.5 0.05 0.8 0.9 0.75 0.2 0.85 1.0 0.6 0.7 0.45 0.2 0.6 0.7 0.3 0.7 1.0 0.7 0.4 0.0 0.45 0.15 0.95 0.4 1.0 1.0 0.05 1.0 0.75 0.45 0.05 
-0.001036616929402058 0.5416350738700425 0.44021397208232793 0.2 1.0 0.45 0.95 0.85 0.6 0.9 0.8 0.9 0.75 0.3 0.1 1.0 0.6 0.7 0.25 0.8 0.5 0.75 0.3 0.75 1.0 0.7 0.4 0.45 0.45 0.15 0.8 1.0 1.0 0.3 1.0 0.95 0.7 0.45 0.05 
-0.035859170997697656 0.5125486099832621 0.6000092072238081 0.15 0.65 0.55 0.75 0.3 0.5 0.05 0.85 0.55 0.55 0.1 0.25 0.45 0.3 0.25 0.85 0.3 0.2 0.75 0.9 0.55 1.0 0.5 0.35 1.0 0.5 0.8 0.7 0.55 0.2 0.9 0.9 0.55 0.45 0.95 0.5 
-0.006929193306882567 0.4298132099866797 0.4841207566288347 0.5 0.6 0.85 0.55 0.35 0.5 0.85 0.75 0.1 0.2 0.1 0.3 0.75 1.0 0.55 1.0 0.25 0.65 0.35 0.0 0.35 0.15 0.85 0.7 0.05 0.0 0.15 0.65 0.15 0.35 0.5 0.15 0.6 0.15 0.45 0.55 
-0.02236697442784709 0.58835035225016 0.5100931984704791 0.85 0.9 0.4 0.3 0.8 0.35 0.3 0.8 0.75 0.25 0.3 0.7 1.0 0.6 0.7 0.05 0.8 0.2 0.75 0.55 0.75 1.0 0.65 0.4 0.15 0.45 1.0 0.35 0.8 1.0 0.9 0.05 0.4 0.7 0.45 0.25 
-0.0024024689788518868 0.5352871891661006 0.41669293596844786 0.2 1.0 0.45 0.95 0.85 0.6 0.95 0.8 0.9 0.75 0.3 0.1 1.0 0.6 0.7 0.25 0.8 0.45 0.75 0.3 0.75 1.0 0.7 0.4 0.25 0.45 0.15 0.8 1.0 1.0 0.3 1.0 0.95 0.7 0.45 0.05 
-0.0654141509733385 0.5633636881177922 0.39698024995085957 0.85 0.05 0.45 0.3 0.55 0.7 0.05 0.8 0.9 0.75 0.95 0.1 1.0 0.6 0.6 0.55 0.2 0.6 0.8 0.75 0.7 1.0 0.7 0.4 1.0 0.5 0.15 0.2 0.55 1.0 0.5 0.05 0.55 0.95 0.45 0.05 
-0.004069489315068811 0.5184745091232305 0.5703932403330546 0.9 0.35 1.0 0.2 0.8 0.4 0.3 0.85 0.35 0.55 0.1 0.7 0.85 0.85 0.75 0.65 0.3 0.2 0.2 0.85 0.6 0.4 0.5 0.9 0.9 0.55 0.8 0.7 0.55 0.3 0.85 0.9 0.55 0.45 0.95 0.5 
-0.013556957746055793 0.5664992086402583 0.40789814043026806 0.05 0.1 0.8 0.25 0.75 0.15 0.3 0.55 1.0 0.65 0.7 1.0 1.0 0.95 0.6 0.7 0.7 0.75 0.85 1.0 0.85 0.6 0.05 0.25 0.55 0.3 0.6 0.75 0.1 0.45 1.0 0.2 0.15 0.65 0.8 0.35 
-0.015942429252446717 0.5747869945961194 0.4299478631408233 0.45 0.75 0.85 0.25 0.1 0.5 0.35 0.65 0.0 0.6 0.1 0.7 0.85 0.95 0.75 1.0 0.7 0.75 0.95 1.0 0.5 0.6 0.05 0.25 0.85 0.1 1.0 0.95 0.1 0.45 1.0 0.75 0.75 0.85 0.7 0.6 
-0.001162012906734886 0.4701409306351403 0.4216173640947068 0.5 0.95 0.85 0.7 0.35 0.15 0.95 0.8 0.1 0.05 0.15 0.3 0.95 1.0 0.5 1.0 0.25 0.7 0.35 0.0 0.35 0.65 0.05 0.75 0.5 0.15 0.3 0.9 0.15 0.35 0.4 0.95 0.1 0.9 0.45 0.4 
-0.0003985669236768951 0.6165982274208015 0.5073719013019155 0.45 0.75 0.85 0.25 0.1 0.5 0.35 0.65 1.0 0.6 0.75 0.35 0.85 0.95 0.85 0.9 0.7 0.75 0.95 1.0 0.5 0.6 1.0 0.25 1.0 0.0 0.6 0.7 0.1 0.45 1.0 0.75 0.9 0.85 0.7 0.3 
-0.0025234464120603554 0.5909498235842824 0.44822904400783764 0.85 0.9 0.4 0.3 0.05 0.1 0.3 0.8 0.75 0.25 0.3 0.1 0.85 0.6 0.8 0.2 0.8 0.2 0.95 0.55 0.75 0.95 0.7 0.4 0.7 0.45 0.15 0.35 0.4 1.0 0.95 0.05 0.4 0.7 0.45 0.05 
-0.048092160573436765 0.4858227197845437 0.3665649428632478 0.05 0.95 0.4 0.8 0.35 0.3 0.7 0.55 0.1 0.35 0.35 0.3 0.95 1.0 0.5 0.95 0.25 0.7 0.65 0.55 0.35 0.8 0.05 0.65 0.55 0.7 0.7 1.0 0.15 0.35 0.5 0.95 0.6 0.9 0.65 0.4 
-0.011152952410817827 0.5993152116103311 0.4511592904937781 0.85 0.9 0.4 0.3 0.05 0.1 0.05 0.8 0.75 0.25 0.3 0.1 0.85 0.6 0.8 0.2 0.8 0.2 0.95 0.55 0.75 0.95 0.7 0.4 0.45 0.45 0.15 0.35 0.4 1.0 0.95 0.05 0.4 0.7 0.45 0.05 
-0.011575856305721235 0.5182282603335577 0.39696252416590144 0.85 0.25 0.6 0.95 0.55 0.5 0.05 0.8 0.9 0.75 0.2 0.85 1.0 0.6 0.7 0.45 0.2 0.6 0.7 0.3 0.75 1.0 0.7 0.4 0.0 0.45 0.15 0.95 0.4 1.0 1.0 0.05 1.0 0.95 0.45 0.05 
-0.0030217224109092594 0.5624757134333735 0.39491248890861264 0.85 0.05 0.45 0.3 0.55 0.7 0.05 0.8 0.9 0.75 0.95 0.1 1.0 0.6 0.6 0.55 0.2 0.6 0.8 0.75 0.7 1.0 0.7 0.4 1.0 0.5 0.15 0.2 0.55 1.0 0.5 0.05 0.55 0.95 0.45 0.05 
-0.0025956801242226764 0.6140899475660633 0.47303868591882553 0.9 0.35 1.0 0.2 0.4 0.4 0.6 0.85 0.35 0.55 0.95 1.0 0.85 0.1 0.3 0.65 0.3 0.2 0.2 0.9 0.35 0.4 0.5 0.75 0.7 0.45 0.8 0.95 0.55 0.65 0.85 0.9 0.9 0.45 1.0 0.5 
-0.004497433543821614 0.5162798556187262 0.39164119109215717 0.2 0.9 0.45 0.95 0.55 0.5 0.35 0.8 0.9 0.75 0.2 0.1 1.0 0.6 0.7 0.4 0.8 0.2 0.8 0.3 0.75 1.0 0.7 0.4 0.05 0.45 0.15 0.5 0.4 1.0 1.0 0.05 0.5 0.7 0.9 0.05 
-0.0017014594929909389 0.5631063172348316 0.5740241352497081 0.2 0.3 0.05 0.5 0.5 0.9 0.05 0.35 0.5 0.75 0.65 0.35 0.9 0.25 0.95 0.55 0.0 0.0 0.65 0.75 0.45 0.2 0.6 0.9 0.95 0.7 0.35 0.2 0.15 0.35 0.55 0.6 0.85 0.5 0.6 0.75 
-0.010602743509817951 0.4850667877604924 0.3873192085508971 0.5 0.95 0.85 0.7 0.35 0.9 0.95 0.25 0.1 0.65 0.15 0.4 1.0 1.0 0.5 0.85 0.25 0.7 0.35 1.0 0.35 0.8 0.05 0.65 0.5 0.75 0.5 1.0 0.15 0.35 0.15 0.3 0.05 0.65 0.45 0.4 
-0.0017739594098117191 0.46508137670668503 0.384662663209227 0.5 0.95 0.85 0.7 0.9 0.9 0.95 0.15 0.15 0.45 0.15 0.9 1.0 0.2 0.7 0.6 0.25 0.75 0.6 0.35 0.2 0.4 0.05 0.65 0.15 0.75 0.55 0.85 0.35 0.6 0.85 1.0 0.8 0.35 0.45 0.35 
-0.0033337193424710543 0.5648840436883212 0.6006361570294964 0.9 0.7 1.0 0.8 0.25 0.55 0.6 0.85 0.35 0.4 0.55 0.35 0.85 0.55 0.3 0.7 0.3 0.2 1.0 0.75 0.7 0.25 0.5 0.9 0.9 0.55 0.8 0.7 0.55 0.3 0.85 0.9 0.55 0.75 0.95 0.5 
-0.014169877944903805 0.5337731399124025 0.39248202192232706 0.35 0.9 0.45 0.15 0.55 0.5 0.05 0.8 0.9 0.75 0.2 0.0 1.0 0.6 0.7 0.6 0.2 0.6 0.6 0.3 0.9 1.0 0.7 0.4 0.0 0.45 0.15 0.5 0.4 1.0 0.85 0.45 0.5 0.95 0.9 0.05 
-0.0028026251021953516 0.6263632526012068 0.527398402943152 0.1 0.35 0.55 0.45 0.3 0.75 0.1 0.85 0.35 0.35 0.45 0.25 0.95 0.05 0.3 0.8 0.3 0.2 0.3 0.15 0.3 0.4 0.4 0.9 0.9 0.5 0.8 0.1 0.55 0.3 0.8 0.9 0.4 0.7 0.95 0.5 
-0.01978958071391905 0.4595869939772662 0.3958504442693931 0.25 0.95 0.85 0.7 0.35 0.1 0.65 0.75 0.1 0.6 0.15 0.3 0.95 0.0 0.5 1.0 0.25 0.65 0.35 0.1 0.1 0.65 0.05 0.65 0.05 0.1 0.15 0.85 0.15 0.35 0.75 0.15 0.25 0.85 0.55 0.4 
-0.035701397633741035 0.4830785298379703 0.4011294283014684 0.5 0.95 0.85 0.7 0.35 0.15 0.95 0.8 0.1 0.9 0.15 0.3 0.95 1.0 0.5 1.0 0.25 0.7 0.35 0.0 0.35 0.65 0.05 0.75 0.5 0.15 0.05 0.9 0.15 0.35 0.4 0.95 0.1 0.9 0.45 0.4 
-0.010912532449201465 0.6072019603955562 0.5750139467666477 0.9 0.35 0.55 0.7 0.3 0.4 0.65 0.85 0.35 0.55 0.1 0.25 0.85 0.05 0.3 0.65 0.3 0.2 0.2 0.45 0.35 0.4 0.35 0.65 0.9 0.55 0.8 0.7 0.55 0.3 0.85 0.9 0.65 0.55 0.95 0.5 
-0.006365619338455335 0.5446710309484323 0.5713415766743235 0.9 0.35 1.0 0.2 0.4 0.4 0.6 0.85 0.35 0.1 0.8 1.0 0.85 0.1 0.3 1.0 0.3 0.2 0.2 0.9 0.4 0.65 0.8 0.0 0.9 0.45 0.8 0.5 0.55 0.3 0.85 0.9 0.9 0.45 0.95 0.5 
-0.021408638095747765 0.3797426271991687 0.5074210848044508 0.05 0.95 0.45 0.8 0.35 0.3 0.25 0.5 1.0 0.35 0.25 0.3 0.95 1.0 0.5 0.85 0.25 0.7 0.35 0.95 0.35 0.8 0.1 1.0 0.7 0.7 0.65 0.6 0.0 0.35 0.95 1.0 0.35 0.65 0.45 0.4 
-0.0014305708011331509 0.3951350979701812 0.48108441897558596 0.95 0.95 0.15 0.9 0.75 0.2 0.85 0.3 0.25 0.15 0.95 0.3 0.95 0.95 0.75 0.7 0.55 0.85 0.95 0.65 0.45 0.7 0.55 0.5 0.9 0.25 0.1 0.55 0.15 0.35 0.85 0.5 0.4 0.95 0.25 0.4 
-0.008557792559736484 0.6238383314500026 0.4553219123110208 0.45 0.75 0.85 0.25 0.0 0.5 0.3 0.65 0.0 0.6 0.1 0.7 0.85 0.95 0.3 0.9 0.7 0.75 0.9 1.0 0.5 0.6 0.05 0.25 0.4 0.1 0.6 0.95 0.1 0.45 0.7 0.75 0.75 0.85 0.7 0.25 
-0.07432378899147384 0.5161738896871266 0.3700084207052001 0.85 0.25 0.65 0.3 0.2 0.6 0.75 0.8 0.9 0.35 0.8 0.1 1.0 0.6 0.8 0.5 0.2 0.6 0.8 0.2 0.55 0.65 0.7 0.4 0.9 0.5 0.15 0.3 0.55 0.45 1.0 0.05 0.55 0.75 0.45 0.05 
-0.0012086154351718893 0.3959294931344575 0.46267668021202973 0.7 0.0 0.9 0.95 0.3 0.95 0.55 0.9 0.25 0.8 1.0 0.6 0.95 0.95 0.45 0.15 0.35 0.65 0.95 0.1 0.25 0.6 0.55 0.45 0.15 0.15 0.25 0.5 0.15 0.2 0.6 0.5 0.1 0.95 0.3 0.35 
-0.0005680912582493422 0.3923510833642494 0.5421156172301652 1.0 0.25 0.55 0.2 0.3 0.2 0.7 0.0 0.9 0.25 0.05 0.7 0.95 0.05 0.3 0.9 0.2 0.3 0.75 1.0 0.65 1.0 0.9 0.7 0.85 0.2 0.65 0.15 0.55 0.9 0.75 0.4 0.35 0.15 0.05 0.05 
-0.009022706482311385 0.42701844219986707 0.42122379741729005 0.25 0.95 0.85 0.7 0.35 0.1 0.65 0.75 0.1 0.6 0.15 0.3 0.95 0.0 0.5 1.0 0.25 0.65 0.35 0.1 0.1 0.65 0.05 0.65 0.05 0.1 0.15 0.85 0.15 0.35 0.75 0.15 0.25 0.85 0.45 0.4 
-0.0011330161752366931 0.41712438502242266 0.41726216850688325 0.25 0.65 0.4 0.7 0.65 0.1 0.65 0.75 0.1 0.6 0.15 0.3 0.95 0.0 0.5 1.0 0.25 0.65 0.35 0.1 0.6 0.65 0.05 0.65 0.05 0.2 0.15 0.85 0.15 0.35 0.75 0.15 0.25 0.85 0.45 0.4 
-0.002060653930349123 0.5380753491928804 0.5910048048848807 0.9 0.35 1.0 0.2 0.3 0.5 0.05 0.85 0.35 0.55 0.1 0.25 0.15 0.65 0.25 0.85 0.3 0.2 0.2 0.9 0.95 0.1 0.5 0.9 1.0 0.55 0.8 0.6 0.55 0.3 0.9 0.9 0.55 0.75 0.95 0.5 
-0.0011780198485489327 0.650240541473101 0.48540601913002207 0.45 0.75 0.85 0.25 0.0 0.5 0.3 0.65 0.0 0.6 0.3 0.7 0.85 0.95 0.3 0.9 0.7 0.75 0.9 1.0 0.5 0.6 0.05 0.25 0.95 0.1 0.6 0.95 0.1 0.45 0.45 0.75 0.75 0.85 0.7 0.25 
-0.004151813898016068 0.45352037289113056 0.37273912163485057 0.5 0.95 0.85 0.7 0.35 0.9 0.95 0.25 0.1 0.45 0.15 0.4 1.0 1.0 0.5 0.85 0.25 0.7 0.35 1.0 0.35 0.8 0.05 0.65 0.5 0.75 0.6 0.8 0.15 0.35 0.75 0.0 0.05 0.6 0.45 0.4 
-0.0005085159264254723 0.36391716368761506 0.4992114457319677 0.7 0.0 0.9 0.95 0.85 0.95 0.55 0.9 0.25 0.8 0.7 0.65 0.95 0.05 0.45 0.7 0.35 0.65 1.0 0.1 0.25 0.6 0.55 0.45 0.25 0.15 0.25 0.2 0.15 0.2 0.95 0.5 0.1 0.95 0.25 0.35 
-0.007744020991879216 0.404397833013228 0.44335885460763674 0.25 0.95 0.85 0.7 0.35 0.1 0.65 0.75 0.1 0.6 0.15 0.3 0.95 0.0 0.5 1.0 0.25 0.65 0.35 0.1 0.1 0.65 0.05 0.65 0.05 0.15 0.15 0.85 0.15 0.35 0.75 0.15 0.25 0.85 0.45 0.4 
-0.023323050733412093 0.5072288604788148 0.5803723285908533 0.9 0.35 1.0 0.2 0.5 0.4 0.6 0.85 0.35 0.55 0.1 1.0 0.85 0.85 0.75 0.65 0.3 0.2 0.8 0.9 0.6 0.4 1.0 0.9 0.9 0.55 0.8 0.7 0.55 0.3 1.0 0.9 0.55 0.3 0.95 0.5 
-0.04138371591678406 0.4211802467198273 0.4334927127644078 0.9 0.95 0.85 0.8 0.35 0.3 0.3 0.8 0.1 0.35 0.15 0.3 0.95 1.0 0.5 0.65 0.25 0.7 0.35 0.5 0.0 0.8 0.05 0.65 0.5 0.6 0.55 0.55 0.25 0.35 0.7 0.95 0.55 0.65 0.85 0.3 
-0.0017238596949817407 0.6097223943906092 0.43111684402799133 0.25 0.9 0.4 0.3 0.8 0.85 0.05 0.8 0.6 0.15 0.45 0.1 1.0 0.6 0.75 0.2 0.8 0.2 0.55 0.55 0.75 0.95 0.7 0.4 0.95 0.85 0.15 0.35 0.4 0.65 0.95 0.05 0.4 0.7 0.45 0.05 
-0.007552886598965936 0.39546176801327154 0.4518957307795683 0.7 0.0 0.1 0.95 0.9 0.7 0.55 0.85 0.25 0.7 0.7 0.65 0.95 0.9 0.45 0.5 0.35 0.65 0.95 0.1 0.3 0.7 0.9 0.8 0.7 0.15 0.15 0.3 0.25 0.2 0.8 0.7 0.0 0.95 0.2 0.35 
-0.0014506729791471237 0.43183419122683353 0.5708700998137464 0.15 0.25 0.85 0.2 0.55 0.4 0.7 0.15 0.7 0.25 0.05 0.7 0.7 0.0 0.3 0.9 0.2 0.3 0.95 0.0 0.2 0.9 0.9 0.65 0.75 0.6 0.5 0.1 0.0 0.2 0.6 0.85 0.8 0.15 0.25 0.25 
-0.0009399919894735653 0.39755487954119106 0.5647938307623539 0.6 0.55 0.8 0.8 0.35 0.55 0.3 0.1 0.95 0.35 0.25 0.7 0.9 1.0 0.55 0.8 0.2 0.7 0.85 0.95 0.75 0.9 0.05 0.9 1.0 0.7 0.7 0.65 0.0 0.35 0.25 1.0 0.4 0.7 0.95 0.4 
-0.03692017822805718 0.6188385956137517 0.416833966917605 0.85 0.9 0.4 0.3 0.8 0.1 0.05 0.8 0.75 0.25 0.3 0.1 1.0 0.6 0.7 0.2 0.8 0.2 0.95 0.55 0.75 0.95 0.7 0.4 0.15 0.45 0.15 0.35 0.4 1.0 0.95 0.05 0.4 0.7 0.45 0.05 
-0.000709653860893874 0.46236789018423535 0.3494117431558962 0.85 0.95 0.85 0.7 0.9 0.3 0.95 0.25 0.15 0.0 0.95 1.0 1.0 0.2 0.7 0.7 0.6 0.75 0.55 0.35 0.2 0.8 0.05 0.55 0.3 0.75 0.25 0.85 0.35 0.6 0.35 0.05 0.8 1.0 0.45 0.4 
-0.004223406117752033 0.6537787462097848 0.4569805561932715 0.05 0.75 0.85 0.25 0.75 0.55 0.7 0.9 0.65 0.65 0.1 0.2 1.0 0.95 0.15 0.7 0.7 0.75 0.95 1.0 0.85 0.6 0.05 0.25 0.4 0.1 0.6 0.8 0.1 0.45 1.0 0.9 0.8 0.65 0.85 0.55 
-0.0190039555511758 0.5966924708601039 0.40446265350339705 0.25 0.9 0.4 0.3 0.8 0.1 0.05 0.95 0.75 0.25 0.3 0.1 1.0 0.6 0.7 0.2 0.8 0.2 0.95 0.55 0.8 0.95 0.7 0.4 0.15 0.45 0.15 0.35 0.4 1.0 0.95 0.05 0.4 0.7 0.45 0.05 
-0.002212203963759569 0.3793771463629692 0.46459931928404685 0.05 0.95 0.45 0.8 0.35 0.3 0.3 0.8 0.4 0.35 0.25 0.3 0.95 1.0 0.5 0.85 0.25 0.7 0.35 0.95 0.35 0.8 0.1 1.0 0.7 0.7 0.65 0.6 0.15 0.35 0.95 1.0 0.35 0.65 0.45 0.4 
-0.004414816800038118 0.6370643016358698 0.4335285755122037 0.05 0.75 0.7 0.0 0.75 0.55 0.3 0.9 1.0 0.65 0.1 0.2 1.0 0.95 0.15 0.65 0.7 0.75 0.7 1.0 0.85 0.5 0.05 0.25 0.2 0.65 0.6 0.8 0.1 0.65 1.0 0.9 0.8 0.85 0.85 0.6 
-0.018858189799865352 0.38768054913326716 0.579024481565477 0.85 0.45 0.5 0.2 0.45 0.2 0.7 0.0 0.7 0.25 0.45 0.7 0.95 0.05 0.3 0.9 0.2 0.3 0.75 1.0 0.45 1.0 0.9 0.7 0.85 0.65 0.65 0.15 0.4 0.6 0.75 0.85 0.4 0.15 0.55 0.7 
-0.008029880493658832 0.4034510177146532 0.3998242016306812 0.45 0.0 0.55 0.05 0.9 0.9 0.95 0.8 0.3 0.45 0.15 0.4 1.0 0.2 0.7 0.65 0.0 0.75 0.75 0.35 0.2 0.8 0.05 0.65 0.95 0.7 0.0 0.9 0.35 0.5 0.75 0.05 0.35 0.95 0.3 0.4 
-0.00820848252918672 0.381726486360957 0.5649982405499743 0.55 0.25 0.35 0.2 0.3 0.2 0.25 0.0 0.9 0.25 0.75 0.7 0.95 0.05 0.3 0.9 0.2 0.3 0.75 1.0 0.65 1.0 0.9 0.7 0.85 0.2 0.65 0.15 0.95 0.7 0.75 0.55 0.35 0.15 0.05 0.0 
-0.013058953995129522 0.512756163681865 0.6019452552833262 0.9 0.35 1.0 0.05 0.3 0.5 0.05 0.85 0.35 0.55 0.1 0.25 0.85 0.65 0.25 0.85 0.3 0.2 0.2 0.4 0.35 0.4 0.5 0.9 0.9 0.55 0.8 0.7 0.7 0.3 0.9 0.9 0.55 0.75 0.95 0.5 
-0.0030672317018492793 0.439514001719669 0.3887306090079189 0.85 0.95 0.85 0.7 0.9 0.9 0.45 0.8 0.15 0.75 0.95 1.0 1.0 0.2 0.7 0.0 0.25 0.75 0.55 0.35 0.2 0.8 0.05 0.65 0.4 0.15 0.8 0.8 0.35 0.6 0.65 0.05 0.8 0.95 0.45 0.4 
-0.005971546179230749 0.4308147820260957 0.39904763500281204 0.25 0.95 0.5 0.7 0.35 0.2 0.65 0.75 0.15 0.2 0.15 0.3 0.95 1.0 0.5 1.0 0.25 0.65 0.35 0.0 0.35 0.65 0.05 0.65 0.05 0.15 0.45 0.85 0.15 0.35 0.75 0.15 0.45 0.85 0.45 0.4 
-0.0023296923536279203 0.6260378955611057 0.3974765788259632 0.05 0.75 0.0 0.9 0.75 0.35 0.8 0.7 0.0 0.9 0.95 0.0 1.0 0.95 0.75 0.6 0.7 0.75 0.95 1.0 0.9 0.6 0.05 0.25 0.55 0.25 0.6 0.95 0.25 0.45 0.95 0.9 0.8 0.65 0.75 0.3 
-0.005924507587290644 0.6370765058001184 0.5495819920284111 0.1 0.35 0.55 0.45 0.3 0.75 0.1 0.85 0.35 0.35 0.45 0.25 0.95 0.05 0.3 0.8 0.3 0.2 0.0 0.15 0.3 0.4 0.4 0.9 0.9 0.5 0.8 0.15 0.55 0.3 0.85 0.9 0.4 0.7 0.95 0.5 
-0.0352050221889672 0.4418903402002085 0.3543347706331472 0.05 0.95 0.85 0.8 0.35 0.3 0.3 0.55 0.1 0.35 0.15 0.3 1.0 1.0 0.5 0.65 0.25 0.7 0.35 0.55 0.35 0.8 0.05 0.65 0.55 0.7 0.7 1.0 0.15 0.35 0.95 0.95 0.55 0.65 0.45 0.4 
-0.017822781476600078 0.36338171779542283 0.4390390961879652 0.25 0.6 0.85 0.7 0.9 1.0 0.95 0.8 0.9 0.45 0.3 1.0 1.0 0.2 0.7 0.7 0.25 0.75 0.95 0.35 0.2 0.8 0.2 0.65 0.55 0.6 0.5 0.65 0.35 0.65 0.75 0.05 0.65 0.95 0.5 0.4 
-0.004119182680867387 0.3794751910487978 0.5362741491086367 0.85 0.45 0.5 0.2 0.45 0.2 0.7 0.0 0.45 0.25 0.45 0.7 0.95 0.05 0.3 0.9 0.2 0.3 0.75 1.0 0.45 1.0 0.05 0.7 0.85 0.65 0.6 0.15 1.0 0.6 0.75 0.85 0.4 0.15 0.6 0.15 
-0.008816127864309655 0.6402959403402595 0.5254318527427104 0.05 0.75 0.85 0.25 0.65 0.55 0.3 0.55 0.5 0.65 0.1 0.2 1.0 0.95 0.35 0.7 0.7 0.7 0.95 1.0 0.85 0.65 0.1 0.25 0.85 0.1 0.6 0.8 0.1 0.45 0.45 0.95 0.85 0.7 0.8 0.5 
-0.025055209243493196 0.6060240868171313 0.5559000618583849 0.55 0.15 0.1 0.35 0.9 0.0 0.65 0.9 0.75 0.0 0.05 0.5 0.8 0.25 0.35 0.65 0.15 0.45 0.75 0.2 0.2 1.0 0.85 0.7 1.0 1.0 0.5 0.9 0.35 0.6 1.0 0.75 0.6 0.45 0.5 0.25 
-0.15413162277070444 0.5796625119108518 0.36686393168596676 0.85 0.05 0.35 0.6 0.55 0.6 0.05 0.8 0.9 0.75 0.95 0.1 1.0 0.6 0.55 0.55 0.2 0.6 0.8 0.75 0.7 1.0 0.7 0.4 1.0 0.5 0.15 0.55 0.55 0.25 0.95 0.05 0.55 1.0 0.45 0.05 
-0.02873695923515295 0.6264384375110162 0.5631255696162185 0.05 0.75 0.85 0.25 0.75 0.55 0.3 0.9 1.0 0.65 0.1 0.2 1.0 0.95 0.55 0.7 0.7 0.75 0.95 1.0 0.85 0.6 0.45 0.25 0.85 0.1 0.6 0.8 0.1 0.45 0.65 0.9 0.8 0.65 0.85 0.6 
-0.05966658248804966 0.6040365329266025 0.38422491406447934 0.85 0.05 0.45 0.3 0.55 0.7 0.05 0.8 0.4 0.75 0.95 0.2 1.0 0.6 0.5 0.55 0.2 0.6 0.8 0.75 0.7 1.0 0.7 0.4 1.0 0.5 0.15 0.45 0.15 1.0 0.95 0.05 0.95 0.95 0.45 0.05 
-0.0002612840302653445 0.36700079677040126 0.42374618710971124 0.35 0.5 0.2 0.8 0.55 0.3 0.3 0.8 0.1 0.35 0.35 0.3 0.95 1.0 0.5 0.65 0.25 0.7 0.65 0.95 0.7 0.8 0.05 0.65 0.7 0.7 0.7 0.5 0.15 0.35 0.95 1.0 0.55 0.65 0.5 0.5 
-0.029408249889905615 0.3699858166160943 0.4725905218725052 0.7 0.0 0.9 0.95 0.9 0.7 0.55 0.85 0.25 0.45 0.7 0.65 0.95 0.9 0.45 0.7 0.35 0.65 0.95 0.1 0.3 0.7 0.9 0.8 0.7 0.15 0.15 0.3 0.25 0.2 0.8 0.7 0.1 0.95 0.2 0.35 
-0.0157068284550861 0.4635960812830904 0.5780403810779144 0.85 0.05 0.55 0.25 0.2 0.2 0.35 0.55 0.65 0.25 0.35 0.15 0.65 0.05 0.3 0.9 0.2 0.3 1.0 0.05 0.8 0.95 0.9 0.65 0.35 0.75 0.2 0.15 0.95 0.3 0.9 0.4 0.5 0.7 0.25 0.75 
-0.013829527150977206 0.4924071295893468 0.36152476311246895 0.05 0.95 0.4 0.8 0.35 0.3 0.7 0.55 0.1 0.35 0.35 0.3 0.95 1.0 0.5 0.95 0.25 0.7 0.5 0.55 0.35 0.8 0.05 0.65 0.55 0.7 0.7 1.0 0.15 0.35 0.5 0.95 0.6 0.9 0.65 0.4 
-0.001684430926310694 0.5423272225940792 0.6174464090223596 0.15 0.65 0.55 0.75 0.3 0.5 0.05 0.85 0.55 0.55 0.1 0.25 0.45 0.6 0.25 0.85 0.3 0.2 0.75 0.9 0.55 1.0 0.5 0.35 1.0 0.5 0.8 0.7 0.55 0.3 0.9 0.9 0.55 0.45 0.95 0.5 
-0.0034976205383892922 0.359548680703474 0.5027926640232938 0.7 0.0 0.9 0.95 0.9 0.7 0.55 0.85 0.25 0.45 0.7 0.65 0.95 0.95 0.45 0.7 0.35 0.65 0.95 0.1 0.25 0.7 0.9 0.8 0.7 0.1 0.35 0.4 0.15 0.2 0.2 0.7 0.1 0.95 0.2 0.35 
-0.000579592211802026 0.6484432356473251 0.5865124009127818 0.3 0.35 0.25 0.7 0.65 0.4 0.05 0.6 0.9 0.55 0.4 0.5 1.0 0.05 0.3 0.8 0.3 0.2 0.25 0.05 0.2 0.7 0.1 0.9 0.9 0.55 0.8 0.35 0.55 0.3 0.85 0.9 0.4 0.7 0.95 0.5 
-0.040564914572787186 0.3432045475551557 0.4486168056695899 0.7 0.0 0.9 0.95 0.9 0.7 0.55 0.85 0.25 0.45 0.7 0.65 0.95 0.9 0.45 0.7 0.35 0.65 0.95 0.1 0.3 0.7 0.9 0.8 0.7 0.15 0.35 0.3 0.25 0.2 0.8 0.7 0.1 0.95 0.2 0.35 
-0.005714006791260999 0.4323509932473438 0.35017432431042084 0.0 0.4 0.85 1.0 0.35 0.0 0.3 0.8 0.0 0.35 0.05 0.3 0.95 1.0 0.5 0.65 0.25 0.7 0.4 0.5 0.35 0.95 0.05 0.65 0.55 0.7 0.45 0.75 0.15 0.35 0.95 0.95 0.6 0.35 0.5 0.4 
-0.09644340977954863 0.6306369430646435 0.39074084142260496 0.05 0.75 0.0 0.9 0.75 0.35 0.8 0.7 0.0 0.9 0.95 0.0 1.0 0.95 0.75 0.6 0.7 0.75 0.7 1.0 0.9 0.6 0.05 0.25 0.55 0.25 0.6 0.95 0.25 0.45 0.95 0.9 0.8 0.65 0.75 0.3 
-0.018462209044705243 0.5265470161261231 0.6400835690975059 0.15 0.65 0.55 0.75 0.3 0.5 0.05 0.85 0.55 0.55 0.1 0.25 0.45 0.6 0.25 0.85 0.3 0.2 0.75 0.9 0.55 1.0 0.5 0.8 1.0 0.5 0.8 0.7 0.55 0.3 0.9 0.9 0.55 0.5 0.95 0.5 
-0.013339483304181622 0.6084090196366755 0.5980238744187409 0.9 0.35 0.35 0.45 0.3 0.4 0.65 0.85 0.35 0.55 0.1 0.25 0.9 0.05 0.3 0.65 0.3 0.2 0.3 0.7 0.1 0.4 0.35 0.65 0.9 0.55 0.8 0.7 0.55 0.3 0.7 0.9 0.55 0.55 0.95 0.5 
-0.021011953013707615 0.6206882572482604 0.6305162649504157 0.3 0.35 0.25 0.45 0.3 0.4 0.1 0.0 0.55 0.8 0.45 0.25 0.95 0.05 0.3 0.8 0.3 0.2 0.2 0.35 0.85 0.3 0.45 0.9 0.9 0.55 0.8 0.7 0.55 0.3 0.7 0.9 0.5 0.35 0.95 0.45 
-0.02418878606816882 0.42481267348324725 0.5945930519629652 0.15 0.25 0.85 0.2 0.3 0.4 0.7 0.15 0.7 0.25 0.05 0.85 0.3 0.05 0.3 0.9 0.2 0.3 0.65 0.0 0.55 1.0 0.9 0.65 1.0 0.6 0.5 0.1 0.85 0.2 0.75 0.85 0.3 0.15 0.25 0.15 
-0.009738763668311468 0.5843151942522808 0.36810612546167976 0.85 0.05 0.35 0.6 0.55 0.6 0.05 0.8 0.9 0.75 0.95 0.1 1.0 0.6 0.55 0.55 0.2 0.6 0.8 0.75 0.7 1.0 0.7 0.4 1.0 0.5 0.15 0.45 0.55 0.25 0.95 0.05 0.55 0.9 0.45 0.05 
-0.015061012435429873 0.504780596464932 0.6041435494369156 0.9 0.35 0.55 0.25 0.3 0.75 0.1 0.85 0.35 0.4 0.45 0.7 0.8 0.9 0.4 0.8 0.3 0.2 0.0 0.65 0.3 0.4 0.4 0.9 0.9 0.55 0.8 0.7 0.55 0.3 0.85 0.9 0.55 0.7 0.95 0.5 
-0.011917891212645346 0.5170461791323372 0.6300181067958326 0.9 0.35 1.0 0.2 0.3 0.5 0.05 0.2 0.35 0.55 0.1 0.25 0.85 0.65 0.25 0.85 0.3 0.2 0.2 0.4 0.05 0.4 0.5 0.9 0.9 0.55 0.8 0.6 0.55 0.3 0.9 0.9 0.55 0.65 0.95 0.5 
-0.007298344681748035 0.5964484021672187 0.6065458526253443 0.9 0.35 0.55 0.25 0.3 0.75 0.1 0.85 0.55 0.35 0.45 0.25 0.8 0.05 0.4 0.8 0.3 0.2 0.0 0.15 0.3 0.4 0.4 0.9 0.9 0.55 0.8 0.7 0.55 0.45 0.85 0.9 0.55 0.7 0.95 0.5 
-0.012310364608312079 0.37800319962975776 0.597674606434506 0.85 0.25 0.1 0.25 0.8 0.2 0.7 0.55 0.15 0.25 0.05 0.55 0.7 0.05 0.3 0.9 0.2 0.3 0.75 0.15 0.65 0.95 0.9 0.65 0.7 0.6 0.25 0.15 0.15 0.9 0.4 0.4 0.1 0.15 0.05 0.15 
-0.02461518631114418 0.6300159362784452 0.5897061576680899 0.6 0.35 0.25 0.5 0.65 0.4 0.05 0.6 0.9 0.5 0.5 0.95 1.0 0.05 0.3 0.8 0.3 0.2 0.2 0.05 0.5 0.7 0.1 0.75 0.9 0.55 0.8 0.5 0.55 0.3 0.85 0.9 0.5 0.7 0.95 0.35 
-0.008670544794934357 0.47552194512446233 0.6010281586013941 0.75 0.95 0.25 0.25 0.25 0.2 0.75 0.15 0.65 0.15 0.05 0.55 0.7 0.05 0.15 0.9 0.2 0.5 1.0 0.05 0.6 0.5 0.9 0.65 0.8 0.75 0.15 0.1 0.8 0.3 0.9 0.4 0.5 0.7 0.25 0.75 
-0.06062603702951923 0.34854144283817967 0.481580981709559 0.5 0.95 0.45 0.9 0.9 0.9 0.95 0.8 0.9 0.55 0.9 0.55 0.9 0.2 0.7 0.65 0.25 0.75 0.95 0.45 0.2 0.8 0.05 0.65 1.0 0.6 0.5 0.4 0.25 0.55 0.65 0.05 0.5 0.65 0.45 0.4 
-0.020607894464423036 0.3596242443664469 0.6249540402372054 0.8 0.45 0.5 0.2 0.45 0.7 0.7 0.0 0.7 0.25 0.45 0.7 1.0 0.05 0.3 1.0 0.2 0.3 0.75 1.0 0.45 1.0 0.9 0.9 0.85 0.55 0.65 0.15 1.0 0.6 0.85 0.85 0.4 0.15 0.55 0.4 
-0.01826837761425394 0.6692888169916299 0.5156625733594089 0.05 0.1 0.85 0.25 0.75 0.55 0.85 0.9 1.0 0.4 0.1 0.2 1.0 0.95 0.55 0.5 0.7 0.8 0.95 1.0 0.85 0.6 0.05 0.25 0.9 0.1 0.6 0.6 0.05 0.45 0.75 0.9 0.95 0.85 0.85 0.6 
-0.04514063454033157 0.33947555420045505 0.5393293731518384 0.7 1.0 0.9 0.95 0.65 0.7 0.55 0.85 0.25 0.45 0.7 0.65 0.95 0.9 0.2 0.7 0.35 0.65 0.95 0.1 0.3 0.7 0.9 0.8 0.7 0.15 0.35 0.3 0.25 0.2 0.8 0.7 0.1 0.95 0.2 0.35 
-0.015507479873156467 0.6521841243864247 0.5559001111967334 0.45 0.75 0.85 0.25 0.85 0.5 0.6 0.45 0.0 0.2 0.1 0.7 0.85 0.95 0.3 0.9 0.7 0.75 0.95 1.0 0.5 0.6 0.05 0.25 0.8 0.15 0.6 0.95 0.1 0.45 1.0 0.75 0.75 0.85 0.85 0.95 
-0.049408528902867836 0.5104585040661954 0.6176281297721109 0.9 0.35 1.0 0.2 0.3 0.5 0.05 0.2 0.35 0.55 0.1 0.25 0.85 0.65 0.25 1.0 0.3 0.2 0.2 0.4 0.05 0.4 0.5 0.9 0.9 0.55 0.8 0.55 0.55 0.3 0.9 0.9 0.6 0.65 0.95 0.5 
-0.0058319777334442996 0.5572691417892022 0.6130225123848708 0.9 0.7 1.0 0.2 0.25 0.4 0.6 0.85 0.35 0.4 0.55 0.35 0.85 0.55 0.3 0.7 0.3 0.2 1.0 0.9 0.4 0.25 0.5 0.9 0.9 0.55 0.8 0.7 0.55 0.3 0.85 0.9 0.55 0.75 0.95 0.5 
-0.025950834612621057 0.3305850174778494 0.47559802240249616 0.6 0.5 0.8 0.8 0.35 0.55 0.3 0.05 0.1 0.35 0.25 0.3 0.95 1.0 0.5 0.8 0.2 0.7 0.85 0.95 0.35 0.9 0.05 0.65 1.0 0.7 0.7 0.65 0.15 0.35 0.6 1.0 0.4 0.7 0.6 0.65 
-0.004463576880952548 0.3989016091522174 0.38588590430586844 0.6 0.55 0.8 0.8 0.35 0.55 0.3 0.1 0.95 0.35 0.25 0.7 0.9 1.0 0.55 0.8 0.2 0.7 0.85 0.95 0.75 0.9 0.05 0.65 1.0 0.7 0.7 0.65 0.15 0.35 0.9 1.0 0.0 0.4 0.45 0.4 
-0.0025366757298726887 0.34229736946865963 0.6183094339375913 0.85 0.45 0.75 0.55 1.0 0.2 0.7 0.0 0.45 0.25 0.45 0.7 1.0 0.05 0.3 0.9 0.2 0.3 0.75 1.0 0.45 1.0 0.9 0.65 0.55 0.65 0.7 0.15 0.2 0.6 0.85 0.85 0.4 0.15 0.6 0.15 
-0.007870422515279654 0.39794761023883224 0.6113665594535369 0.15 0.25 0.85 0.2 0.55 0.4 0.7 0.15 0.7 0.25 0.05 0.7 0.7 0.0 0.3 0.9 0.2 0.3 0.75 0.0 0.55 1.0 0.95 0.65 0.75 0.6 0.5 0.1 0.85 0.2 0.75 0.85 0.1 0.15 0.25 0.25 
-0.024379666030169504 0.4337385867379203 0.6050834088399881 0.4 0.95 0.1 0.25 0.45 0.2 0.95 0.65 0.45 0.25 0.35 0.15 0.4 0.05 0.3 0.9 0.2 0.3 1.0 0.05 0.15 0.95 0.9 0.65 0.35 0.85 0.7 0.15 0.05 0.45 0.9 0.4 0.5 0.65 0.25 0.5 
-0.009618407474284702 0.34154100526122977 0.4160554218610818 0.6 0.55 0.8 0.8 0.35 0.55 0.3 0.1 0.95 0.35 0.25 0.7 0.9 1.0 0.55 0.8 0.2 0.7 0.85 0.95 0.75 0.9 0.05 0.65 1.0 0.7 0.7 0.65 0.15 0.35 0.9 1.0 0.4 0.4 0.45 0.4 
-0.0026954158659803244 0.4051886121553748 0.6606050766026161 0.15 0.25 0.85 0.2 0.3 0.4 0.7 0.15 0.7 0.25 0.05 0.85 0.7 0.05 0.3 0.9 0.2 0.3 0.65 0.0 0.2 1.0 0.9 0.65 1.0 0.6 0.5 0.1 0.85 0.8 0.75 0.85 0.4 0.15 0.25 0.15 
-0.0247065959942721 0.5936150553648709 0.6214821539877698 0.7 0.05 0.25 0.05 0.65 0.7 0.05 0.9 0.9 0.55 0.4 0.95 1.0 0.05 0.4 0.7 0.3 0.2 0.0 0.05 1.0 0.7 0.1 0.9 0.9 0.5 0.8 0.55 0.55 0.85 0.9 0.9 0.5 0.9 0.95 0.4 
-0.009855988278157733 0.3235531632716274 0.5103160914558735 0.25 0.0 0.9 0.95 0.9 0.7 0.55 0.85 0.25 0.45 0.7 0.05 0.95 0.9 0.45 0.7 0.35 0.65 0.95 0.1 0.3 0.7 0.9 0.8 0.7 0.15 0.35 0.3 0.25 0.2 0.7 0.7 0.25 0.95 0.2 0.35 
-0.005108175602815255 0.3975548950396131 0.6311414172654102 0.8 0.45 0.5 0.2 0.45 0.7 0.7 0.0 0.7 0.25 0.45 0.7 1.0 0.05 0.3 1.0 0.2 0.3 0.75 1.0 0.45 1.0 0.9 0.7 0.85 0.55 0.65 0.15 1.0 0.6 0.85 0.85 0.4 0.15 0.55 0.4 
-0.08969799131509164 0.49249511185509104 0.3327609184515312 0.05 0.95 0.85 0.8 0.35 0.3 0.7 0.55 0.1 0.35 0.35 0.3 0.95 1.0 0.5 0.95 0.25 0.7 0.65 0.55 0.35 0.8 0.05 0.65 0.55 0.7 0.7 1.0 0.15 0.35 0.5 0.95 0.6 0.9 0.5 0.4 
-0.2603731243649362 0.4751053085236152 0.6071797496304283 0.75 0.95 0.25 0.25 0.25 0.2 0.75 0.15 0.65 0.15 0.05 0.55 0.7 0.05 0.0 0.9 0.2 0.5 1.0 0.05 0.6 0.5 0.9 0.65 0.95 0.75 0.15 0.1 1.0 0.3 0.9 0.4 0.5 0.7 0.25 0.75 
-0.007965806176621541 0.3430365475763397 0.5868873483708237 0.55 0.4 0.35 0.2 0.3 0.2 0.7 0.4 0.75 0.25 0.05 0.7 0.95 0.05 0.3 0.9 0.2 0.35 0.95 1.0 0.6 1.0 0.9 0.7 0.7 0.65 0.65 0.15 0.15 0.9 0.6 0.4 0.6 0.15 0.1 0.15 
-0.0415465428074074 0.4326178285318072 0.5890882946528124 0.7 1.0 0.9 0.95 0.65 0.7 0.55 0.85 0.7 0.45 0.7 0.65 0.95 0.0 0.2 0.7 0.35 0.65 0.95 0.1 0.45 0.7 0.9 0.8 0.7 0.15 0.35 0.3 0.25 0.2 0.8 0.7 0.1 0.95 0.2 0.35 
-0.010862456057962568 0.32733744949517096 0.5946802365649702 1.0 0.45 0.95 0.2 0.3 0.2 0.7 0.4 0.9 0.25 0.3 0.7 0.95 0.1 0.35 0.9 0.2 0.35 0.75 0.9 0.3 1.0 0.9 0.75 0.85 0.65 0.65 0.15 0.1 0.6 1.0 0.85 0.7 0.15 0.45 0.15 
-0.011394042700253473 0.4775164057448347 0.3454565555072846 0.05 0.95 0.85 0.8 0.95 0.0 0.3 0.8 0.0 0.35 0.0 0.3 0.95 1.0 0.5 0.65 0.25 0.7 0.35 0.5 0.35 0.9 0.05 0.65 0.7 0.7 0.9 0.6 0.15 0.35 0.95 0.95 0.55 0.35 0.45 0.4 
-0.013966725577679617 0.5788525229209225 0.6222722295055699 0.9 0.35 0.55 0.8 0.3 0.4 0.1 0.85 0.35 0.55 0.45 0.25 0.85 0.05 0.4 0.7 0.3 0.2 0.0 0.35 0.3 0.4 0.35 0.9 0.9 0.55 0.8 0.7 0.55 0.3 0.8 0.9 0.55 0.7 0.95 0.5 
-0.04498384338062111 0.4189304860026535 0.6229124684737617 0.9 0.25 0.85 0.75 0.55 0.2 0.7 0.55 0.7 0.25 0.05 0.75 0.45 0.05 0.3 0.9 0.2 0.3 0.75 0.2 0.65 1.0 0.9 0.65 0.7 0.55 0.65 0.15 0.95 0.5 0.75 0.85 0.2 0.15 0.25 0.15 
-0.003130409013632663 0.3244588870109191 0.48994160872495784 0.05 0.95 0.8 0.8 0.35 0.4 0.3 0.8 0.4 0.35 0.25 0.3 0.95 1.0 0.5 0.85 0.25 0.7 1.0 0.95 0.35 0.8 0.1 1.0 0.7 0.7 0.65 0.6 0.15 0.35 0.95 1.0 0.35 0.65 0.45 0.4 
-0.005055304717287136 0.3595933926395892 0.4044132787253857 0.95 0.2 0.8 0.8 0.35 0.55 0.55 0.1 0.1 0.35 0.25 0.3 0.95 1.0 0.5 0.8 0.2 0.7 0.85 0.95 0.75 0.9 0.05 0.65 1.0 0.7 0.7 0.65 0.15 0.35 0.9 1.0 0.8 0.7 0.45 0.45 
-0.02202134554509102 0.6192440747492376 0.635826931951373 0.3 0.35 0.25 0.45 0.3 0.4 0.1 0.6 0.35 0.55 0.45 0.25 0.95 0.05 0.3 0.8 0.3 0.2 0.0 0.35 0.6 0.3 0.45 0.9 0.9 0.55 0.8 0.7 0.55 0.3 0.7 0.9 0.5 0.35 0.95 0.45 
-0.004237338816591618 0.4013460912409183 0.6697076290909276 0.15 0.25 0.85 0.2 0.3 0.4 0.7 0.15 0.6 0.25 0.05 0.85 0.75 0.05 0.3 0.9 0.2 0.3 0.65 0.0 0.2 1.0 0.9 0.65 1.0 0.6 0.5 0.1 0.85 0.4 0.65 0.85 0.4 0.15 0.2 0.15 
-0.05700388930258038 0.31604623180287095 0.43472715482810614 0.5 0.85 0.85 0.7 0.1 0.3 0.95 0.85 0.1 0.45 0.15 1.0 1.0 0.2 0.7 0.7 0.25 0.75 0.95 0.35 0.2 0.65 0.05 0.65 0.95 0.6 0.5 0.25 0.35 0.4 0.65 0.5 0.25 0.6 0.45 0.4 
-0.00863473436018741 0.32536604857399554 0.4186504626678959 0.5 0.35 0.85 0.7 0.35 0.9 0.45 0.1 0.3 0.45 0.15 0.4 1.0 0.2 0.7 0.6 0.25 0.75 0.5 0.35 0.2 0.9 0.05 0.65 0.6 0.75 0.6 0.8 0.35 0.5 0.3 0.05 0.8 0.95 0.45 0.4 
-0.12225586871410647 0.6535250520211927 0.5752585226781758 0.05 0.75 0.85 0.25 0.75 0.55 0.6 0.9 0.3 0.5 0.1 0.2 1.0 0.95 0.75 0.85 0.7 0.7 0.95 1.0 0.85 0.6 0.05 0.15 1.0 0.1 0.8 0.8 0.1 0.45 0.8 0.9 0.8 0.65 0.8 0.6 
-0.0019333321064592063 0.36503080261446125 0.6372665316273312 0.8 0.45 0.5 0.2 0.45 0.7 0.7 0.0 0.7 0.25 0.45 0.7 1.0 0.05 0.3 1.0 0.2 0.3 0.75 1.0 0.45 1.0 0.9 0.7 0.85 0.55 0.65 0.15 1.0 0.6 0.8 0.85 0.4 0.15 0.55 0.4 
-0.012107230744188405 0.44023649695782163 0.3433539074977544 0.85 0.95 0.85 0.7 0.9 0.3 0.95 0.25 0.15 0.0 0.95 1.0 1.0 0.2 0.7 0.7 0.6 0.75 0.55 0.35 0.2 0.8 0.05 0.55 0.3 0.75 0.25 0.85 0.35 0.6 0.35 0.05 0.35 1.0 0.45 0.4 
-0.015970882211454082 0.3364736771617338 0.559548121129543 0.55 0.4 0.35 0.2 0.3 0.2 0.7 0.0 0.75 0.25 0.05 0.7 0.95 0.05 0.3 0.9 0.2 0.35 0.95 1.0 0.55 1.0 0.9 0.7 0.5 0.65 0.65 0.15 0.2 0.9 0.6 0.4 0.0 0.15 0.1 0.15 
-0.009591636966858736 0.31582248104005606 0.5163917984435041 0.7 0.0 0.9 0.95 0.3 0.95 0.55 0.9 0.25 0.8 0.7 0.65 0.95 0.95 0.45 0.7 0.35 0.65 1.0 0.1 0.25 0.6 0.55 0.45 0.25 0.15 0.25 0.2 0.15 0.2 0.95 0.5 0.1 0.95 0.25 0.35 
-0.029435365403631585 0.5488091059704867 0.35817789649432275 0.85 0.55 0.6 0.95 0.55 0.5 0.05 0.8 0.9 0.75 0.2 0.1 1.0 0.6 0.7 0.4 0.2 0.6 0.7 0.3 0.75 1.0 0.7 0.4 0.95 0.75 0.15 0.35 0.4 1.0 0.95 0.05 0.55 0.75 0.45 0.05 
-0.07111424120051198 0.31921543971774113 0.528992089077171 0.6 0.55 0.8 0.8 0.35 0.55 0.3 0.1 0.1 0.35 0.25 0.7 0.95 1.0 0.5 0.8 0.2 0.7 0.75 0.95 0.75 0.9 0.05 0.65 1.0 0.7 0.7 0.65 0.15 0.2 1.0 1.0 0.2 0.3 0.45 0.4 
-0.004163027877746445 0.38215125104723346 0.38943148335685357 0.05 0.95 0.45 0.8 0.6 0.8 0.3 0.8 0.1 0.85 0.25 0.6 0.95 1.0 0.5 0.65 0.25 0.7 0.3 0.95 0.25 0.8 0.05 0.65 0.7 0.7 0.7 0.6 0.15 0.35 0.8 0.9 0.35 0.65 0.45 0.4 
-0.007824439784368049 0.6660053516247779 0.5010981932175417 0.05 0.1 0.85 0.25 0.75 0.55 0.85 0.9 1.0 0.4 0.1 0.2 1.0 0.95 0.6 0.85 0.7 0.75 0.95 1.0 0.85 0.6 0.05 0.25 0.9 0.1 0.6 0.75 0.05 0.45 0.75 0.45 0.95 0.85 0.85 0.6 
-0.0077731371913386405 0.41855981125103253 0.3509022949127989 0.05 0.95 0.85 0.8 0.95 0.0 0.3 0.8 0.0 0.35 0.25 0.3 0.95 1.0 0.5 0.65 0.25 0.7 0.35 0.5 0.35 0.9 0.05 0.65 0.7 0.7 0.7 0.6 0.15 0.35 0.95 0.95 0.55 0.35 0.45 0.4 
-0.008709888723845913 0.585400868221112 0.6519221877868754 0.9 1.0 0.25 0.75 0.3 0.8 0.05 0.0 0.35 0.55 0.1 0.25 0.6 0.05 0.15 0.85 0.3 0.25 0.75 0.4 0.75 0.9 0.5 0.35 1.0 0.55 0.8 1.0 0.55 0.3 0.9 0.9 0.55 0.45 0.95 0.55 
-0.014032739080967502 0.34891149213592887 0.5671133079491856 0.55 0.4 0.35 0.2 0.3 0.2 0.7 0.4 0.75 0.25 0.05 0.7 0.95 0.05 0.3 0.9 0.2 0.35 0.95 1.0 0.6 1.0 0.9 0.7 0.25 0.65 0.65 0.15 0.15 0.9 0.6 0.35 0.6 0.15 0.1 0.15 
-0.014658809393272632 0.6467307914266964 0.5501429407159691 0.05 0.75 0.85 0.25 0.65 0.55 0.3 0.55 0.8 0.65 0.1 0.8 0.95 0.95 0.35 0.7 0.7 0.7 0.95 1.0 0.85 0.65 0.1 0.25 0.85 0.1 0.6 0.4 0.1 0.45 1.0 0.9 0.85 0.65 0.8 0.35 
-15.201318137761453 0.5205267181195645 0.34200608562924056 0.2 0.9 0.45 0.4 0.55 0.5 0.05 0.8 0.9 0.75 0.2 0.1 1.0 0.6 0.75 0.5 0.2 0.6 0.75 0.25 0.6 1.0 0.7 0.4 0.75 0.0 0.15 0.25 0.4 1.0 1.0 0.05 0.5 0.95 0.9 0.05 
-0.012010310298240153 0.6804481921393777 0.5209925551482916 0.05 0.75 0.85 0.25 0.85 0.55 0.7 0.9 1.0 0.05 0.1 0.2 1.0 0.95 0.15 0.75 0.7 0.75 1.0 1.0 0.85 0.4 0.05 0.25 0.85 0.1 0.6 0.8 0.1 0.45 0.85 0.9 0.8 0.65 0.85 0.6 
-0.005388436990457458 0.32039107420495694 0.6007593321451655 0.0 0.95 0.35 0.2 0.3 0.2 0.95 0.0 0.75 0.2 0.05 0.7 0.95 0.05 0.3 0.9 0.2 0.35 0.75 1.0 0.55 1.0 0.9 0.7 0.85 0.65 0.65 0.15 0.3 0.9 0.8 0.0 0.0 0.15 0.1 0.15 
-0.03553632364185564 0.36050827538746744 0.35724990899662645 0.5 0.3 0.85 0.7 0.9 0.9 0.95 0.1 0.9 0.0 0.15 0.75 1.0 0.2 0.7 0.75 0.25 0.75 0.5 0.35 0.2 0.9 0.05 0.6 0.55 0.6 0.3 0.95 0.35 0.7 0.65 0.05 0.65 0.95 0.45 0.4 
-0.0022829107474136964 0.37409322522843136 0.35863340697867707 0.45 0.0 0.55 0.05 0.9 0.9 0.95 0.8 0.3 0.45 0.15 0.4 1.0 0.2 0.7 0.65 0.25 0.75 0.75 0.35 0.2 0.85 0.1 0.65 0.95 0.7 0.0 0.8 0.35 0.5 0.75 0.05 0.35 0.7 0.55 0.4 
-0.051496799256640566 0.6551966382047019 0.4227798820116819 0.05 0.75 0.0 0.45 0.75 0.35 0.8 0.7 0.0 0.9 0.95 0.0 1.0 0.95 0.75 0.6 0.7 0.75 0.95 1.0 0.85 0.6 0.05 0.25 0.55 0.3 0.6 0.95 0.25 0.45 0.95 0.9 0.8 0.85 0.85 0.3 
-0.004006415960793343 0.3659539154218091 0.3698635560525074 0.5 0.55 0.95 0.7 0.8 0.9 0.95 0.8 0.3 0.45 0.15 0.4 1.0 0.1 0.7 0.7 0.25 0.85 0.15 0.35 0.4 0.7 0.05 0.65 0.85 0.75 0.55 0.8 0.35 0.4 0.65 0.05 0.8 0.95 0.45 0.4 
-0.009999940064473467 0.33462331523394373 0.4059621209316749 0.05 0.5 0.45 0.8 0.2 0.6 0.3 0.1 0.7 0.35 0.8 0.8 0.95 1.0 0.5 0.8 0.2 0.7 0.95 0.95 0.35 0.8 0.15 0.65 1.0 0.7 0.55 0.6 0.15 0.35 0.35 1.0 0.35 0.85 0.4 0.4 
-0.004426878104820061 0.3074777947436502 0.39638608072582426 0.5 0.95 0.85 0.7 0.9 0.8 0.95 0.35 0.9 0.55 0.9 0.55 0.9 0.15 0.7 0.65 0.25 0.8 0.95 0.35 0.2 0.8 0.05 0.65 0.95 0.6 0.5 0.4 0.35 0.55 0.0 0.05 0.7 0.7 0.45 0.4 
-0.021400975515378912 0.31246831865720615 0.6142410403207154 0.55 0.4 0.35 0.2 0.3 0.2 0.7 0.0 0.75 0.25 0.05 0.7 0.95 0.05 0.3 0.9 0.2 0.35 0.95 1.0 0.55 1.0 0.9 0.75 1.0 0.65 0.65 0.15 0.2 0.9 0.6 0.4 0.0 0.15 0.1 0.15 
-0.012383725095224927 0.6207257551423406 0.6327359632765788 0.3 0.35 0.25 0.45 0.3 0.4 0.1 0.0 0.35 0.45 0.45 0.25 0.95 0.05 0.3 0.8 0.3 0.2 0.2 0.35 0.2 0.3 0.45 0.9 0.9 0.55 0.8 0.7 0.55 0.3 0.7 0.9 0.5 0.35 0.95 0.45 
-0.00022566773435455756 0.30220516319865987 0.4882882146380661 0.05 0.5 0.8 0.35 0.35 0.55 0.3 0.1 0.9 0.35 0.1 0.3 0.95 1.0 0.5 0.8 0.2 0.7 0.85 0.95 0.35 1.0 0.15 0.75 1.0 0.7 0.55 0.7 0.15 0.35 0.95 1.0 0.35 0.95 0.45 0.4 
-0.03002737559842515 0.28991449852658735 0.594691134674932 0.5 0.95 0.85 0.7 0.9 0.2 0.45 0.2 0.85 1.0 0.9 0.35 0.9 0.2 0.65 0.75 0.65 0.75 0.95 0.35 0.2 0.75 0.05 0.7 0.9 0.6 0.6 0.4 0.35 0.7 0.7 0.95 0.0 0.85 0.45 0.4 
-0.010458746451975672 0.42139693521628757 0.6281733994408407 0.9 0.25 0.85 0.75 0.55 0.2 0.7 0.55 0.7 0.25 0.05 0.75 0.45 0.05 0.3 0.9 0.2 0.3 0.75 0.2 0.65 1.0 0.9 0.65 0.7 0.55 0.7 0.15 0.95 0.5 0.75 0.85 0.2 0.15 0.25 0.15 
-0.10711671196334181 0.3373025311913348 0.6282254936353411 0.85 0.25 0.55 0.25 0.3 0.2 0.8 0.0 0.95 0.25 0.2 0.9 0.95 1.0 0.35 0.9 0.2 0.3 0.75 1.0 0.65 1.0 0.9 0.7 0.85 0.65 0.65 0.05 0.05 0.55 0.75 0.4 0.4 0.15 0.05 0.15 
-0.03492983480943466 0.4586404770376918 0.3327642692664925 0.0 0.4 0.85 1.0 0.35 0.0 0.3 0.8 0.0 0.35 0.05 0.3 0.95 1.0 0.5 0.65 0.25 0.7 0.4 0.5 0.35 0.8 0.05 0.65 0.55 0.7 0.45 0.75 0.15 0.35 0.95 0.95 0.6 0.35 0.5 0.4 
-0.013229532005531223 0.4502512481508755 0.316589686850165 0.5 0.95 0.85 0.7 0.9 0.4 0.5 0.8 0.15 0.45 0.15 1.0 1.0 0.2 0.7 0.7 0.25 0.75 0.95 0.35 0.2 0.8 0.05 0.65 0.55 0.75 0.85 0.85 0.25 0.5 0.95 0.05 0.05 0.75 0.45 0.4 
-0.03984759306272899 0.3139990358502852 0.5773187002600062 0.7 0.4 0.55 0.2 0.3 0.2 0.7 0.0 0.75 0.25 0.05 0.7 0.95 0.05 0.3 0.9 0.2 0.35 0.75 1.0 0.55 1.0 0.9 0.7 0.7 0.65 0.45 0.2 0.55 0.9 0.75 0.4 0.4 0.15 0.1 0.15 
-0.0454027908286984 0.30086016003042526 0.4598804337400542 0.15 0.35 0.85 0.7 0.9 0.9 0.95 0.8 0.2 0.45 0.15 0.55 0.9 0.2 0.7 0.75 0.25 0.7 0.95 0.35 0.2 0.8 0.05 0.65 0.9 0.6 0.65 0.4 0.45 0.7 0.3 0.05 0.45 0.85 0.45 0.4 
-0.0201784842261017 0.3279763376823033 0.36951074152304453 0.5 0.95 0.85 0.7 0.9 0.9 0.95 0.8 0.2 0.45 0.85 0.55 0.9 0.2 0.7 0.75 0.25 0.7 0.95 0.35 0.2 0.8 0.05 0.65 0.9 0.65 0.65 0.4 0.35 0.7 0.15 0.05 0.65 0.85 0.45 0.4 
-0.07522229300631716 0.5517136600925565 0.35640200485165763 0.85 0.1 0.6 0.95 0.55 0.5 0.05 0.8 0.9 0.75 0.2 0.1 1.0 0.6 0.7 0.4 0.2 0.6 0.7 0.3 0.75 1.0 0.7 0.4 0.95 0.75 0.15 0.4 0.4 1.0 0.9 0.05 0.55 0.75 0.45 0.05 
-0.052879471481047456 0.41977007724261456 0.33597773681934306 0.5 0.95 0.85 0.7 0.9 0.9 0.95 0.8 0.15 0.45 0.15 1.0 1.0 0.2 0.7 0.7 0.25 0.75 0.95 0.35 0.2 0.7 0.05 0.65 0.55 0.75 0.55 0.85 0.35 0.65 0.55 0.65 0.05 0.95 0.45 0.4 
-0.08392084371914535 0.287311124311756 0.5052201506862668 0.5 0.95 0.85 0.6 0.9 0.9 0.95 0.65 0.9 0.45 0.25 0.55 0.9 0.2 0.7 0.75 0.65 0.8 1.0 0.35 0.2 0.55 0.05 0.65 1.0 0.6 0.55 0.4 0.35 0.7 0.3 0.2 0.65 0.85 0.5 0.4 
-17.034242379113383 0.5467468286859752 0.32055370781211856 0.8 0.9 0.45 0.4 0.55 0.5 0.05 0.8 0.9 0.65 0.2 0.1 1.0 0.6 0.75 0.5 0.2 0.6 0.75 0.25 0.9 1.0 0.7 0.4 0.55 0.4 0.45 0.25 1.0 1.0 1.0 0.0 0.5 0.95 0.9 0.05 
-0.014492391001017712 0.4695213983404902 0.2918663196479474 0.3 0.95 0.85 0.7 0.9 0.3 0.95 0.8 0.15 0.0 0.1 1.0 1.0 0.2 0.7 0.7 0.25 0.75 0.55 0.35 0.2 0.8 0.05 0.55 0.05 0.3 0.2 0.85 0.35 0.6 0.35 0.05 0.25 1.0 0.45 0.35 
-0.0017695986585887218 0.34684355931558786 0.627291428404555 0.85 0.45 0.75 0.55 1.0 0.2 0.7 0.0 0.45 0.25 0.45 0.7 1.0 0.05 0.3 0.9 0.2 0.3 0.7 1.0 0.45 1.0 0.9 0.65 0.55 0.65 0.8 0.15 0.2 0.6 0.85 0.85 0.4 0.15 0.6 0.15 
-0.02230465984787309 0.6453672959004984 0.6092820847551683 0.3 0.35 0.25 0.5 0.65 0.4 0.35 0.25 0.3 0.55 0.4 0.95 1.0 0.05 0.15 0.8 0.3 0.2 0.6 0.9 0.55 0.7 0.1 0.9 0.9 0.55 0.85 0.45 0.55 0.3 0.85 0.9 0.5 0.7 0.95 0.35 
-0.003985765069509358 0.3562357100070407 0.37194470833673143 0.5 0.95 0.85 0.7 0.9 0.9 0.95 0.8 0.9 0.0 0.15 1.0 1.0 0.2 0.7 0.7 0.25 0.75 0.95 0.35 0.2 0.8 0.05 0.65 0.5 0.7 0.9 0.7 0.35 0.7 0.6 0.05 0.65 1.0 0.45 0.4 
-3.44194547728429 0.5468501094485981 0.34463313581603405 0.85 0.05 0.95 0.45 0.3 0.7 0.05 0.8 0.5 0.75 0.9 0.5 1.0 0.6 0.8 0.55 0.2 0.6 0.7 0.4 0.85 1.0 0.7 0.4 1.0 0.5 0.15 0.95 0.9 0.55 0.95 0.05 0.55 1.0 0.45 0.05 
-0.02241866303455655 0.300176871742011 0.5719399082369633 0.5 0.5 0.85 0.7 0.9 0.6 0.95 0.8 0.9 0.45 0.15 0.55 0.9 0.2 0.7 0.75 0.65 0.75 1.0 0.35 0.2 0.55 0.05 0.65 0.9 0.6 0.5 0.45 0.35 0.7 0.05 0.05 0.05 0.8 0.45 0.4 
-0.0328811410354115 0.6771499361045283 0.4572971364217737 0.05 0.75 0.85 0.25 0.75 0.5 0.5 0.7 0.4 0.65 0.1 0.2 1.0 0.95 0.3 0.6 0.7 0.75 0.95 1.0 0.85 0.6 0.05 0.25 0.35 0.1 0.6 0.95 0.1 0.45 1.0 0.9 0.8 0.85 0.85 0.6 
-0.5200322573563086 0.49900316854454235 0.3036855387290689 0.5 0.55 0.85 0.7 0.9 0.9 0.95 0.15 0.15 0.45 0.15 1.0 1.0 0.2 0.7 0.7 0.25 0.75 0.6 0.35 0.2 0.75 0.05 0.65 0.55 0.75 0.55 0.85 0.35 0.6 0.4 0.8 0.8 0.95 0.45 0.35 
-0.033682108464664476 0.4237845910719014 0.6578971315282052 0.15 0.25 0.85 0.2 0.3 0.4 0.7 0.15 0.7 0.25 0.2 0.2 0.65 0.05 0.3 0.9 0.2 0.3 0.65 0.0 0.2 1.0 0.9 0.65 1.0 0.6 0.5 0.1 0.85 0.45 0.7 0.85 0.3 0.15 0.25 0.3 
-0.00042017461862273815 0.43750970741227413 0.624105832509987 0.15 0.25 0.85 0.2 0.3 0.4 0.7 0.15 0.7 0.25 0.05 0.85 0.3 0.05 0.3 0.9 0.2 0.3 0.65 0.0 0.2 1.0 0.9 0.65 1.0 0.6 0.5 0.1 0.85 0.2 0.75 0.85 0.3 0.15 0.25 0.15 
-0.00017083368505835006 0.357859955085408 0.644858585176068 1.0 0.45 0.5 0.2 0.3 0.2 0.2 0.0 0.9 0.25 0.05 0.7 0.95 0.05 0.3 0.9 0.2 0.3 0.75 1.0 0.45 1.0 0.9 0.7 0.85 0.65 0.65 0.2 0.95 0.6 0.65 0.85 0.4 0.2 0.05 0.15 
-0.5625928135474036 0.410609654887687 0.6739508892657406 0.15 0.25 0.85 0.2 0.3 0.4 0.7 0.15 0.7 0.25 0.05 0.85 0.7 0.05 0.3 0.9 0.2 0.3 0.65 0.0 0.2 1.0 0.9 0.65 1.0 0.6 0.5 0.1 0.85 0.2 0.75 0.85 0.4 0.15 0.25 0.15 
-0.05123492913109378 0.6932000944488801 0.5679559853953697 1.0 0.1 0.85 0.15 0.75 0.55 0.85 0.9 1.0 0.4 0.1 0.2 1.0 0.95 0.85 0.85 0.7 0.75 1.0 1.0 0.85 0.6 0.05 0.25 0.9 0.1 0.6 0.9 0.1 0.45 0.85 0.9 0.95 0.85 0.85 0.6 
-0.007719043937955055 0.6843252198506286 0.5420626981842389 0.05 0.1 0.85 0.25 0.75 0.55 0.85 0.9 1.0 0.4 0.1 0.2 1.0 0.95 0.55 0.85 0.7 0.75 0.95 1.0 0.85 0.6 0.05 0.25 0.9 0.1 0.6 0.6 0.05 0.45 0.75 0.9 0.95 0.8 0.85 0.6 
-0.03215131347685481 0.42805893050914934 0.31803163681280655 0.5 0.95 0.85 0.7 0.9 0.45 0.95 0.8 0.15 0.45 0.15 1.0 1.0 0.2 0.7 0.7 0.25 0.75 0.95 0.35 0.2 0.15 0.25 0.65 0.6 0.75 0.45 0.85 0.35 0.5 0.8 0.25 0.05 0.95 0.45 0.4 
-0.06179975183090127 0.4397753089510077 0.3011474253021039 0.45 0.0 0.55 0.05 0.9 0.9 0.95 0.8 0.3 0.45 0.15 0.4 1.0 0.2 0.7 0.65 0.25 0.75 0.75 0.35 0.2 0.75 0.05 0.65 0.95 0.7 0.0 0.8 0.35 0.5 0.75 0.05 0.35 0.7 0.55 1.0 
-0.04048847014844307 0.4854078747314867 0.3222962402432532 0.85 0.95 0.85 0.7 0.9 0.3 0.95 0.25 0.15 0.0 0.95 1.0 1.0 0.2 0.7 0.7 0.25 0.75 0.55 0.35 0.2 0.8 0.05 0.55 0.3 0.75 0.2 0.85 0.35 0.6 0.35 0.05 0.8 1.0 0.45 0.4 
-0.11508502971074042 0.6967335033604964 0.5048555853947783 0.05 0.75 0.85 0.25 0.75 0.55 0.3 0.9 1.0 0.65 0.1 0.2 1.0 0.95 0.55 0.7 0.7 0.75 0.95 1.0 0.85 0.6 0.05 0.25 0.85 0.1 0.6 0.8 0.1 0.45 0.65 0.9 0.8 0.65 0.85 0.6 
-0.015300121820749985 0.3053353505672525 0.4148467319211115 0.5 0.3 0.85 0.7 0.9 0.9 0.95 0.1 0.9 0.0 0.15 0.75 1.0 0.2 0.7 0.75 0.25 0.75 0.95 0.35 0.2 0.9 0.05 0.6 0.55 0.6 0.3 0.95 0.35 0.7 0.65 0.05 0.65 0.95 0.45 0.4 
-0.08546175799378107 0.34659948485113834 0.3585789809367856 0.5 0.95 0.85 0.7 0.9 0.9 0.95 0.8 0.9 0.0 0.15 1.0 1.0 0.2 0.7 0.7 0.25 0.75 0.95 0.35 0.2 0.8 0.05 0.65 0.5 0.7 0.75 0.7 0.35 0.7 0.6 0.05 0.65 1.0 0.45 0.4 
-0.02079249958516465 0.3729980711557223 0.6706397342575348 0.85 0.45 0.5 0.2 0.45 0.2 0.7 0.0 0.7 0.25 0.45 0.7 0.95 0.05 0.3 0.9 0.2 0.3 0.75 1.0 0.45 1.0 0.9 0.7 0.85 0.55 0.65 0.15 1.0 0.6 0.75 0.85 0.4 0.15 0.55 0.4 
-0.02073200839648345 0.6524822608733711 0.44941015032163834 0.05 0.75 0.15 0.0 0.75 0.55 0.3 0.7 1.0 0.65 0.1 0.2 1.0 0.95 0.15 0.65 0.7 0.75 0.7 1.0 0.85 0.5 0.05 0.25 0.2 0.95 0.6 0.8 0.1 0.65 1.0 0.9 0.8 0.85 0.85 0.6 
-0.036139914980617374 0.6814362365947841 0.5969109574660428 0.05 0.75 0.95 0.25 0.75 0.85 0.2 0.9 1.0 0.5 0.1 0.8 1.0 0.95 0.75 0.8 0.7 0.7 0.95 1.0 0.85 0.6 0.05 0.25 0.9 0.1 0.8 0.8 0.1 0.45 1.0 0.9 0.8 0.65 0.8 0.6 
-0.049445013191584376 0.28727165489281836 0.6278909529291102 0.5 0.95 0.85 0.25 0.9 0.2 0.45 0.8 0.7 0.05 0.55 0.35 0.9 0.2 0.65 0.75 0.65 0.75 0.95 0.35 0.2 0.75 0.05 0.7 1.0 0.6 0.6 0.15 0.35 0.7 0.8 0.05 0.2 0.4 0.45 0.4 
-0.02702785795668066 0.6739318332710453 0.5657928763658396 1.0 0.1 0.85 0.15 0.75 0.55 0.85 0.9 1.0 0.4 0.1 0.2 1.0 0.95 0.15 0.85 0.7 0.75 0.85 1.0 0.85 0.6 0.05 0.25 0.9 0.1 0.6 0.75 0.1 0.45 0.85 0.9 0.95 0.8 0.85 0.6 
-0.0038951535147467 0.34485054164857276 0.649923748369458 1.0 0.45 0.5 0.2 0.3 0.2 0.7 0.95 0.9 0.25 0.05 0.7 0.95 0.05 0.3 0.9 0.2 0.3 0.75 1.0 0.45 1.0 0.9 0.7 0.85 0.65 0.65 0.15 1.0 0.6 0.75 0.85 0.35 0.15 0.3 0.15 
-124.07758049422364 0.5320116536915928 0.3026327897629826 0.65 0.95 0.85 0.75 0.8 0.1 0.4 0.8 0.2 0.3 0.7 1.0 0.95 1.0 0.5 0.7 0.25 0.7 0.7 0.45 0.75 0.7 0.05 0.65 0.35 0.05 0.25 0.45 0.25 0.35 0.8 0.8 0.3 0.65 0.45 0.4 
-0.05695404041220015 0.27817566464480625 0.4359496941909231 0.5 1.0 0.85 0.7 0.9 0.3 0.3 0.8 0.9 0.95 0.3 1.0 1.0 0.2 0.7 0.35 0.25 0.75 0.95 0.35 0.2 0.6 0.05 0.65 1.0 0.6 0.5 0.25 0.35 0.6 0.95 0.05 0.65 0.9 0.45 0.4 
-0.030522360498569226 0.35217405897282517 0.3267450745831044 0.5 0.95 0.85 0.7 0.9 0.9 0.95 0.8 0.9 0.0 0.15 1.0 1.0 0.2 0.7 0.7 0.25 0.75 0.95 0.35 0.2 0.8 0.05 0.65 0.5 0.7 0.75 0.7 0.35 0.7 0.6 0.05 0.65 0.7 0.45 0.4 
-0.06010393043405948 0.688312847581064 0.607040531181962 0.05 0.75 0.85 0.25 0.75 0.55 0.6 0.9 0.3 0.5 0.1 0.2 1.0 0.95 0.75 0.85 0.7 0.7 0.95 1.0 0.85 0.6 0.05 0.25 1.0 0.1 0.8 0.8 0.1 0.45 0.95 0.9 0.8 0.65 0.8 0.6 
-0.173908681482124 0.6410125745325427 0.3943871763969313 0.05 0.75 0.0 0.45 0.75 0.35 0.8 0.7 0.0 0.9 0.95 0.0 1.0 0.95 0.75 0.6 0.7 0.75 0.95 1.0 0.85 0.6 0.05 0.25 0.55 0.25 0.6 0.95 0.25 0.6 0.95 0.9 0.8 0.85 0.85 0.3 
-0.039863208475831496 0.6967795436287131 0.46975436251346925 0.05 0.75 0.8 0.25 0.75 0.15 0.3 0.55 1.0 0.65 0.7 1.0 1.0 0.95 0.6 0.7 0.7 0.75 0.85 1.0 0.85 0.6 0.05 0.25 0.55 0.15 0.6 0.75 0.1 0.45 1.0 0.9 0.85 0.65 0.8 0.35 
-0.0045062843554414325 0.3959042947075299 0.33677797170993623 0.5 0.95 0.85 0.7 0.35 0.9 0.45 0.8 0.3 0.45 0.15 0.4 1.0 0.2 0.7 0.6 0.25 0.75 0.45 0.35 0.2 0.9 0.05 0.65 0.6 0.75 0.85 0.8 0.35 0.5 0.15 0.75 0.8 0.95 0.45 0.4 
-0.0005057684748804477 0.41476051238021483 0.3060478650558913 0.3 0.95 0.85 0.7 0.9 0.9 0.95 0.15 0.15 0.45 0.15 0.9 1.0 0.2 0.7 0.6 0.25 0.75 0.6 0.35 0.2 0.8 0.05 0.65 0.55 0.75 0.85 0.85 0.35 0.6 0.85 1.0 0.8 0.95 0.45 0.35 
-0.0011460702022145538 0.4095950548713054 0.3300799532022708 0.5 0.95 0.85 0.7 0.9 0.9 0.95 0.15 0.15 0.45 0.15 0.9 1.0 0.2 0.7 0.6 0.25 0.75 0.6 0.35 0.2 0.8 0.05 0.65 0.55 0.75 0.55 0.85 0.35 0.6 0.85 1.0 0.8 0.95 0.45 0.35 
-10.825117156037601 0.6516287898398163 0.38100858164249496 0.85 0.25 0.45 0.3 0.55 0.6 0.05 0.8 0.9 0.75 0.95 0.1 1.0 0.6 0.6 0.55 0.2 0.6 0.8 0.75 0.4 1.0 0.7 0.4 1.0 0.5 0.15 0.7 0.55 1.0 1.0 0.95 0.5 0.95 0.45 0.05 
-0.008536508655621984 0.6593166160497748 0.4302932780195555 0.05 0.75 0.0 0.45 0.9 0.35 0.8 0.7 0.0 0.9 0.95 0.0 1.0 0.95 0.75 0.6 0.7 0.75 0.95 1.0 0.85 0.6 0.05 0.25 0.9 0.25 0.6 0.95 0.25 0.45 0.95 0.9 0.8 0.65 0.75 0.3 
-0.09450333667005109 0.27303304868486433 0.4869845777793474 0.5 0.95 0.85 0.65 0.95 0.35 0.45 0.8 0.1 1.0 0.75 0.35 1.0 0.2 0.65 0.75 0.65 0.75 0.95 0.35 0.2 0.8 0.05 0.65 0.9 0.6 0.6 0.1 0.35 0.7 0.85 0.75 0.15 0.85 0.45 0.4 
-0.0018842569671730861 0.7108932377151974 0.5036958781783523 0.05 0.75 0.85 0.25 0.75 0.55 0.3 0.9 0.15 0.65 0.1 0.2 1.0 0.95 0.35 0.7 0.7 0.75 0.95 1.0 0.85 0.65 0.05 0.25 0.85 0.1 0.6 0.8 0.1 0.45 1.0 0.9 0.8 0.65 0.85 0.6 
-0.325288838079398 0.331786142287978 0.6779834320011482 0.5 0.95 0.85 1.0 0.95 0.7 0.45 0.8 0.1 1.0 0.75 0.35 0.9 0.2 0.65 0.75 0.65 0.75 0.95 0.35 0.2 0.8 0.05 0.65 1.0 0.6 0.6 0.3 0.35 0.7 0.85 0.95 0.15 0.55 0.4 0.4 
-0.004908260117652215 0.2913132681006262 0.38436905303764896 0.5 1.0 0.85 0.7 0.9 0.3 0.3 0.8 0.9 0.95 0.3 1.0 1.0 0.2 0.7 0.35 0.25 0.75 0.95 0.35 0.2 0.6 0.05 0.65 0.6 0.6 0.5 0.25 0.35 0.6 0.95 0.05 0.65 0.9 0.45 0.4 
-0.006012040870193472 0.3089293748260872 0.3571273708486698 0.5 0.95 0.85 0.45 0.9 0.2 0.95 0.8 0.9 0.0 0.15 1.0 1.0 0.2 0.7 0.7 0.25 0.8 0.95 0.35 0.2 0.8 0.05 0.65 0.55 0.6 0.5 0.7 0.35 0.65 0.15 0.05 0.65 0.95 0.45 0.4 
-0.038992719766454596 0.6831424766539538 0.44572361135516286 0.05 0.75 0.0 0.45 0.1 0.35 0.3 0.7 0.4 0.65 0.1 0.2 1.0 0.95 0.6 0.6 0.7 0.75 0.95 1.0 0.85 0.6 0.05 0.25 0.55 0.25 0.6 0.95 0.1 0.45 1.0 0.9 0.8 0.85 0.85 0.6 
-0.011458366096137335 0.2869997381909999 0.5185227597439603 0.5 0.95 0.85 0.6 0.9 0.9 0.95 0.65 0.9 0.45 0.25 0.55 0.9 0.2 0.7 0.75 0.65 0.8 1.0 0.35 0.2 0.55 0.05 0.65 1.0 0.6 0.5 0.4 0.35 0.7 0.3 0.2 0.65 0.85 0.5 0.4 
-0.0441796398857746 0.7038884972778074 0.5041368323916033 0.05 0.75 0.8 0.25 0.75 0.55 0.3 0.55 1.0 0.65 0.1 0.2 1.0 0.95 0.45 0.7 0.7 0.75 0.95 1.0 0.85 0.6 0.05 0.25 0.85 0.1 0.6 0.75 0.1 0.45 1.0 0.9 0.9 0.65 0.8 0.35 
-0.4682004825528503 0.661430204938187 0.40625129335689647 0.05 0.75 0.0 0.45 0.75 0.35 0.8 0.7 0.0 0.9 0.95 0.0 1.0 0.95 0.65 0.6 0.7 0.75 0.95 1.0 0.85 0.6 0.05 0.25 0.55 0.25 0.6 0.95 0.25 0.6 0.95 0.9 0.8 0.85 0.85 0.3 
-0.17668680339652312 0.29323489742051445 0.45893141702749857 0.05 0.5 0.45 0.8 0.2 0.6 0.3 0.1 0.7 0.35 0.25 0.8 0.95 1.0 0.5 0.8 0.2 0.7 0.95 0.95 0.35 0.8 0.15 0.65 1.0 0.7 0.55 0.6 0.15 0.35 0.95 1.0 0.35 0.85 0.4 0.4 
-0.028837817182183718 0.7041147924971745 0.5317482114519182 0.05 0.75 0.85 0.25 0.85 0.55 0.7 0.9 1.0 0.05 0.1 0.2 1.0 0.95 0.15 0.75 0.7 0.75 0.95 1.0 0.85 0.6 0.05 0.25 0.85 0.1 0.6 0.8 0.1 0.45 0.85 0.9 0.8 0.65 0.85 0.6 
-4.821454159612255 0.5821025157377807 0.34535988195431033 0.2 0.05 0.45 0.3 0.6 0.85 0.15 0.8 0.7 0.0 0.5 0.75 1.0 0.6 0.8 0.55 0.2 0.6 0.85 0.55 0.95 1.0 0.7 0.4 1.0 0.5 0.15 0.8 0.9 0.55 0.95 0.05 0.55 0.95 0.45 0.05 
-9.275062297292454 0.6279497397402429 0.37720591393916053 0.85 0.25 0.45 0.3 0.55 0.6 0.05 0.8 0.9 0.75 0.95 0.1 1.0 0.6 0.6 0.55 0.2 0.6 0.8 0.75 0.4 1.0 0.7 0.4 1.0 0.5 0.15 0.7 0.55 1.0 1.0 0.05 0.5 0.95 0.45 0.05 
-0.022946691232768452 0.26496147568658146 0.5652396233001333 0.5 0.1 0.85 0.7 0.9 0.9 0.95 0.8 0.9 0.45 0.15 0.15 0.9 0.2 0.7 0.75 0.65 0.75 1.0 0.35 0.2 0.55 0.05 0.65 0.9 0.6 0.5 0.45 0.35 0.7 0.6 0.0 0.65 1.0 0.45 0.4 
-4.406124624513297 0.5911411813229732 0.3485655903819428 0.85 0.05 0.45 0.45 0.3 0.7 0.05 0.8 0.9 0.75 0.95 0.5 1.0 0.6 0.8 0.5 0.2 0.6 0.7 0.4 0.85 1.0 0.7 0.4 1.0 0.5 0.15 0.75 0.9 0.55 0.95 0.05 0.55 0.95 0.45 0.05 
-0.02229313570438806 0.6293392353819462 0.6504885275024839 1.0 0.35 0.25 0.05 0.1 0.7 0.55 0.6 0.9 0.55 0.4 0.95 1.0 0.05 0.4 0.7 0.3 0.2 0.2 0.05 1.0 0.7 0.1 0.9 0.9 0.5 0.8 0.55 0.55 0.3 0.65 0.9 0.5 0.85 0.95 0.4 
-0.007462265396443627 0.2817957156404649 0.40233343308894703 0.5 1.0 0.85 0.7 0.9 0.3 0.3 0.8 0.9 0.95 0.3 1.0 1.0 0.2 0.7 0.35 0.25 0.75 1.0 0.35 0.2 0.6 0.05 0.65 0.6 0.6 0.5 0.25 0.35 0.6 0.95 0.05 0.65 0.9 0.45 0.4 
-0.024680003158810807 0.2630601916853892 0.43807458648376524 0.5 0.5 0.85 0.7 0.9 0.3 0.95 0.8 0.9 0.45 0.15 1.0 1.0 0.2 0.7 0.7 0.25 0.75 0.95 0.35 0.2 0.65 0.05 0.65 0.9 0.6 0.5 0.25 0.35 0.4 0.65 0.05 0.3 0.85 0.45 0.4 
-10.242693243345272 0.6198019707060378 0.3636093706487791 0.85 0.95 0.65 0.3 0.2 0.6 0.65 0.8 0.2 0.75 0.8 0.1 1.0 0.6 0.8 0.5 0.2 0.6 0.85 0.75 0.55 0.8 0.7 0.4 0.85 0.5 0.15 0.3 0.55 0.6 1.0 0.05 0.55 0.75 0.45 0.05 
-0.10091134135440599 0.2727781041916276 0.3865454469287171 0.5 0.95 0.85 0.4 0.9 0.4 0.35 0.6 0.15 0.45 0.15 1.0 1.0 0.2 0.7 0.7 0.25 0.75 0.95 0.35 0.15 0.8 0.05 0.6 0.55 0.75 0.85 0.85 0.35 0.5 0.95 0.05 0.55 0.75 0.45 0.4 
-0.1382295757285566 0.6814752139221565 0.42723316042888887 0.05 0.75 0.0 0.45 0.75 0.35 0.8 0.2 0.0 0.9 0.95 0.0 1.0 0.95 0.65 0.6 0.7 0.75 0.95 1.0 0.85 0.6 0.05 0.25 0.55 0.25 0.6 0.95 0.3 0.6 0.95 0.9 0.8 0.85 0.85 0.3 
-0.051086386086544554 0.6609197056129628 0.5902149079659065 0.05 0.75 0.85 0.25 0.65 0.55 0.3 0.55 0.8 0.65 0.1 0.8 1.0 0.95 0.35 0.7 0.7 0.7 0.95 1.0 0.85 0.65 0.1 0.25 0.85 0.1 0.6 0.4 0.1 0.45 1.0 0.9 0.85 0.65 0.8 0.5 
-0.05652221335442227 0.5558971589852185 0.6632598941100896 0.15 0.65 0.55 0.75 0.15 0.5 0.05 0.85 0.35 0.55 0.1 0.25 0.85 0.1 0.05 0.85 0.3 0.2 0.95 0.4 0.9 1.0 0.5 0.4 1.0 0.5 0.8 0.7 0.55 0.3 1.0 0.9 0.55 0.5 0.95 0.5 
-0.03317511718060077 0.2600826625978049 0.45015314324716255 0.5 0.5 0.85 0.7 0.9 0.3 0.95 0.2 0.9 0.45 0.15 1.0 1.0 0.2 0.7 0.7 0.25 0.75 0.95 0.35 0.2 0.65 0.05 0.65 0.9 0.6 0.5 0.25 0.35 0.4 0.65 0.05 0.3 0.85 0.45 0.3 
-0.025351421194132296 0.49622449940250196 0.28903284068311763 0.5 0.95 0.85 0.7 0.9 0.9 0.95 0.75 0.15 0.45 0.15 0.4 1.0 0.2 0.7 0.7 0.25 0.75 0.5 0.35 0.2 0.75 0.05 0.65 0.55 0.75 0.4 0.85 0.35 0.55 0.75 0.7 0.05 0.75 0.45 0.4 
-0.0011905621709365646 0.27275159050880715 0.5469976112829446 0.5 0.95 0.85 0.7 0.9 0.2 0.45 0.8 0.7 1.0 0.9 0.35 0.9 0.2 0.65 0.75 0.65 0.75 0.95 0.35 0.2 0.85 0.05 0.7 0.9 0.6 0.6 0.4 0.35 0.7 0.75 0.05 0.2 1.0 0.45 0.4 
-0.11595206179419046 0.29492452778870937 0.5351067032987487 0.6 0.55 0.8 0.8 0.35 0.55 0.3 0.1 0.1 0.35 0.25 0.7 0.95 1.0 0.5 0.8 0.2 0.7 0.85 0.95 0.75 0.9 0.05 0.65 1.0 0.7 0.7 0.65 0.15 0.2 1.0 1.0 0.2 0.5 0.45 0.4 
-14.165931339749411 0.5664832002454107 0.32000399778726996 0.8 0.9 0.45 0.4 0.55 0.5 0.05 0.8 0.9 0.75 0.2 0.1 1.0 0.6 0.75 0.5 0.2 0.6 0.75 0.25 0.9 1.0 0.7 0.4 0.55 0.4 0.15 0.25 0.4 1.0 1.0 0.05 0.5 0.95 0.9 0.05 
-0.05637428439823 0.6767825673193028 0.6230904611662912 0.05 0.75 0.85 0.25 0.95 0.55 0.3 0.25 0.55 1.0 0.1 0.2 1.0 0.95 0.75 0.85 0.7 0.7 0.95 1.0 0.85 0.55 0.05 0.25 1.0 0.1 0.75 0.8 0.1 0.45 1.0 0.9 0.8 0.65 0.8 0.6 
-0.03142792405158225 0.35154267207505346 0.6742177167403093 0.85 0.45 0.75 0.2 1.0 0.2 0.7 0.0 0.45 0.25 0.45 0.7 1.0 0.05 0.3 0.9 0.2 0.3 0.7 1.0 0.45 1.0 0.9 0.65 0.85 0.65 0.7 0.15 1.0 0.6 0.85 0.85 0.15 0.15 0.6 0.15 
-0.06884578322857085 0.24030514670833653 0.49765077537503283 0.5 0.95 0.85 0.7 0.9 0.85 0.95 0.8 0.9 0.55 0.15 0.55 0.9 0.15 0.7 0.65 0.25 0.75 0.8 0.35 0.2 0.8 0.05 0.6 1.0 0.6 0.5 0.4 0.35 0.55 0.65 0.05 0.65 0.7 0.45 0.4 
-0.13995456874072204 0.7218463048701171 0.5444151105739578 0.05 0.75 0.85 0.25 0.75 0.5 0.3 0.7 0.4 0.65 0.1 0.2 1.0 0.95 0.3 0.7 0.7 0.75 0.95 1.0 0.85 0.6 0.05 0.25 0.9 0.1 0.6 0.95 0.1 0.45 1.0 0.9 0.8 0.85 0.85 0.5 
-0.07052401439077925 0.26969208628420294 0.39989522649531734 0.5 0.95 0.85 0.7 0.9 0.9 0.95 0.8 0.2 0.45 0.85 0.55 0.9 0.2 0.7 0.75 0.25 0.7 0.95 0.35 0.2 0.8 0.05 0.65 0.9 0.55 0.65 0.4 0.35 0.7 0.15 0.05 0.65 0.85 0.45 0.4 
-0.1202046630259741 0.2554939774476379 0.5374412058756498 0.5 0.95 0.45 0.9 0.9 0.9 0.95 0.8 0.9 0.55 0.9 0.55 0.9 0.2 0.7 0.65 0.25 0.75 0.95 0.35 0.2 0.8 0.05 0.65 1.0 0.6 0.5 0.4 0.25 0.55 0.65 0.05 0.5 0.65 0.45 0.4 
-0.3964093793833747 0.500549944389978 0.6375321827951452 0.15 0.65 0.55 0.75 0.15 0.5 0.05 0.85 0.35 0.55 0.1 0.25 0.85 0.7 0.05 0.85 0.3 0.2 0.95 0.4 0.9 1.0 0.5 0.4 0.95 0.55 0.8 0.7 0.55 0.3 1.0 0.9 0.55 0.5 0.95 0.5 
-130.05981335049526 0.5269086699017496 0.28930176817307884 0.65 0.95 0.85 0.75 1.0 0.1 0.35 0.45 0.25 0.3 0.7 1.0 0.95 1.0 0.5 0.7 0.25 0.7 0.7 0.45 0.75 0.65 0.05 0.65 0.25 0.05 0.3 0.45 0.25 0.35 0.8 0.8 0.3 0.7 0.45 0.4 
-1.1981269416523745 0.7112297801322947 0.5603584603946349 0.05 0.75 0.85 0.25 0.75 0.55 0.7 0.9 0.65 0.65 0.1 0.2 1.0 0.95 0.15 0.8 0.7 0.75 0.95 1.0 0.85 0.65 0.05 0.25 0.85 0.1 0.6 0.8 0.1 0.45 1.0 0.9 0.8 0.65 0.85 0.55 
-0.019238337359811175 0.25497074882713255 0.5562629612987217 0.5 0.95 0.85 0.7 0.9 0.2 0.45 0.8 0.7 1.0 0.9 0.35 0.9 0.2 0.65 0.75 0.65 0.75 0.95 0.35 0.2 0.75 0.05 0.7 0.9 0.6 0.6 0.4 0.35 0.7 0.5 0.05 0.2 1.0 0.45 0.4 
-0.25102297821529934 0.5091791465107853 0.6552971369184947 0.15 0.65 0.55 0.75 0.3 0.5 0.05 0.85 0.55 0.55 0.1 0.25 0.45 0.9 0.25 0.85 0.3 0.2 0.75 0.9 0.9 0.45 0.5 0.35 1.0 0.5 0.8 0.7 0.55 0.3 0.9 0.9 0.55 0.5 0.95 0.5 
-0.07658264060501646 0.6479300230539679 0.6429331906084291 0.3 0.35 0.25 0.5 0.65 0.4 0.35 0.6 0.1 0.9 0.4 0.95 1.0 0.05 0.3 0.8 0.3 0.2 0.25 0.9 0.5 0.7 0.1 0.9 0.9 0.55 0.8 0.45 0.55 0.3 0.85 0.9 0.5 0.7 0.95 0.35 
-125.96949736442058 0.554248452310978 0.2921408544298665 0.65 0.1 0.75 0.45 0.3 0.1 0.4 0.8 0.65 0.1 0.7 0.3 1.0 1.0 0.5 0.7 0.25 0.7 0.75 0.45 0.7 0.75 0.05 0.65 0.35 0.05 0.3 0.45 0.25 0.35 0.9 0.8 0.3 0.6 0.45 0.4 
-24.299723696326097 0.7103035209086758 0.5878456407906083 0.45 0.75 0.85 0.0 0.8 0.5 0.25 0.65 0.0 0.7 0.4 0.7 0.85 0.95 0.75 1.0 0.7 0.75 1.0 1.0 0.85 0.75 0.05 0.25 1.0 0.1 0.6 0.95 0.1 0.45 1.0 0.75 0.75 0.9 0.7 0.55 
-0.035993830960018194 0.7178361515547123 0.5228831583803158 0.05 0.75 0.85 0.25 0.75 0.5 0.3 0.7 0.4 0.65 0.1 0.2 1.0 0.95 0.3 0.7 0.7 0.75 0.95 1.0 0.85 0.6 0.05 0.25 0.9 0.1 0.6 0.95 0.1 0.45 1.0 0.9 0.8 0.85 0.85 0.6 
-0.039004351263921995 0.24769722528707122 0.48422526356639756 0.5 0.95 0.85 0.7 0.9 0.9 0.95 0.8 0.9 0.15 0.15 0.55 0.9 0.2 0.7 0.6 0.25 0.75 0.95 0.35 0.2 0.5 0.05 0.65 1.0 0.6 0.5 0.3 0.35 0.55 0.6 0.05 0.65 0.7 0.45 0.4 
-0.024804422117173843 0.39074272127628756 0.3115426928178854 0.45 0.0 0.55 0.05 0.9 0.9 0.95 0.8 0.3 0.45 0.15 0.4 1.0 0.2 0.7 0.65 0.25 0.75 0.75 0.35 0.2 0.8 0.05 0.65 0.95 0.7 0.0 0.8 0.35 0.5 0.75 0.05 0.35 0.7 0.55 0.4 
-0.011652461511909903 0.263831739338765 0.5963152313181683 0.5 0.95 0.85 0.7 0.9 0.2 0.45 0.8 0.1 1.0 0.45 0.35 0.9 0.2 0.65 0.75 0.65 0.75 0.95 0.35 0.2 0.8 0.05 0.65 0.9 0.6 0.6 0.4 0.35 0.7 0.65 0.05 0.2 0.85 0.45 0.4 
-0.007876563914287803 0.269824806421897 0.6199509811235134 0.5 0.95 0.85 0.7 0.9 0.2 0.45 0.8 0.7 1.0 0.9 0.35 0.9 0.2 0.65 0.75 0.65 0.75 0.95 0.35 0.2 0.75 0.05 0.7 0.9 0.6 0.6 0.4 0.35 0.7 0.75 0.05 0.2 1.0 0.45 0.4 
-0.012496501261315924 0.2754343117734659 0.6361346163824282 0.55 0.95 0.85 0.7 0.9 0.2 0.45 0.8 0.7 1.0 0.15 0.35 0.9 0.2 0.65 0.75 0.65 0.75 0.95 0.35 0.2 0.8 0.05 0.7 0.9 0.6 0.6 0.4 0.35 0.7 0.65 0.05 0.2 0.8 0.45 0.4 
-0.018689454447577587 0.2910935980060232 0.5777019132826677 0.5 0.5 0.85 0.7 0.9 0.6 0.95 0.8 0.9 0.45 0.15 0.15 0.9 0.2 0.7 0.75 0.65 0.75 1.0 0.35 0.2 0.55 0.05 0.65 0.9 0.6 0.5 0.45 0.35 0.7 0.05 0.05 0.65 0.8 0.45 0.4 
-123.67762536647523 0.5591244855496348 0.29669358578901694 0.65 0.1 0.75 0.45 0.4 0.1 0.4 0.8 0.65 0.1 0.7 0.3 1.0 1.0 0.5 0.7 0.25 0.7 0.75 0.45 0.7 0.75 0.05 0.65 0.35 0.05 0.3 0.45 0.25 0.35 0.5 0.8 0.3 0.6 0.45 0.4 
-0.007753712326830831 0.464379082805686 0.2768166937104446 0.85 0.95 0.85 0.7 0.9 0.3 0.95 0.8 0.15 0.9 0.95 1.0 1.0 0.2 0.7 0.7 0.25 0.75 0.55 0.35 0.2 0.8 0.05 0.55 0.05 0.95 0.2 0.85 0.35 0.6 0.35 0.05 0.5 1.0 0.45 0.4 
-0.011257108112859725 0.31113994337021866 0.6846245951953513 0.5 0.95 0.85 0.65 0.95 0.35 0.45 0.8 0.1 1.0 0.75 0.35 1.0 0.2 0.65 0.75 0.65 0.75 0.95 0.35 0.2 0.8 0.05 0.65 0.9 0.6 0.6 0.1 0.35 0.7 0.85 0.9 0.15 0.85 0.45 0.4 
-0.1410374412929774 0.3213200141677668 0.6398145313499011 1.0 0.45 0.95 0.2 0.3 0.2 0.7 0.4 0.9 0.25 0.2 0.7 0.95 0.1 0.35 0.9 0.2 0.35 0.75 1.0 0.3 1.0 0.9 0.75 0.85 0.65 0.65 0.15 1.0 0.6 1.0 0.85 0.7 0.15 0.45 0.15 
-0.018842632503157784 0.4456788252881656 0.2765202286085854 0.5 0.95 0.85 0.7 0.9 0.2 0.95 0.75 0.15 0.45 0.15 0.4 1.0 0.2 0.7 0.7 0.25 0.75 0.5 0.35 0.2 0.75 0.05 0.65 0.55 0.7 0.35 0.85 0.35 0.55 0.75 0.7 0.05 1.0 0.45 0.4 
-16.74769671643025 0.5938609899208148 0.3236807473890021 0.2 0.9 0.45 0.4 0.55 0.5 0.05 0.8 0.95 0.6 0.2 0.1 1.0 0.6 0.75 0.5 0.2 0.6 0.8 0.25 0.9 1.0 0.7 0.4 0.65 0.2 0.15 0.0 0.4 1.0 1.0 0.05 0.5 0.95 0.9 0.05 
-0.014397462661533853 0.3660892816324972 0.3125582165096925 0.45 0.0 0.55 0.05 0.9 0.9 0.95 0.8 0.3 0.45 0.15 0.4 1.0 0.2 0.7 0.65 0.25 0.75 0.75 0.35 0.2 0.8 0.05 0.65 0.95 0.7 0.0 0.8 0.35 0.5 0.75 0.05 0.35 0.95 0.55 0.4 
-0.02940164666474022 0.4610911543628671 0.6410147972082133 0.1 1.0 0.85 0.2 0.3 0.25 0.6 0.15 0.7 0.25 1.0 0.85 0.15 0.1 0.3 0.9 0.2 0.3 0.3 0.0 0.1 0.7 0.9 0.65 1.0 0.6 0.45 0.1 0.85 0.2 0.85 0.85 0.3 0.15 0.25 0.2 
-0.010774191935741122 0.5713040834184957 0.6641511768229936 1.0 0.35 0.25 0.5 0.1 0.7 0.05 0.9 0.9 0.55 0.4 0.95 1.0 0.05 0.4 0.7 0.3 0.2 0.2 0.05 1.0 0.7 0.1 0.9 0.9 0.5 0.75 0.55 0.55 0.3 0.9 0.9 0.5 0.85 0.95 0.4 
-0.031440467420368594 0.4517207553318626 0.6444679880021557 0.1 1.0 0.85 0.2 0.3 0.25 0.6 0.15 0.7 0.25 1.0 0.35 0.15 0.1 0.3 0.9 0.2 0.3 0.3 0.05 0.1 0.7 0.9 0.65 1.0 0.6 0.45 0.1 0.85 0.2 0.85 0.85 0.3 0.15 0.25 0.2 
-129.0619814126893 0.5351770431293523 0.28537134255045105 0.65 0.95 0.85 0.75 1.0 0.1 0.4 0.8 0.25 0.3 0.7 1.0 0.95 1.0 0.5 0.7 0.25 0.7 0.7 0.45 0.75 0.65 0.05 0.65 0.15 0.05 0.3 0.45 0.25 0.35 0.75 0.8 0.3 0.7 0.45 0.4 
-0.018967213493081135 0.3744194779333891 0.3056501798634831 0.45 0.0 0.55 0.05 0.9 0.9 0.95 0.8 0.3 0.45 0.15 0.4 1.0 0.2 0.7 0.65 0.25 0.75 0.75 0.35 0.2 0.8 0.05 0.65 0.95 0.7 0.0 0.9 0.35 0.5 0.75 0.05 0.35 0.95 0.55 0.4 
-0.033543643730009065 0.31673521602644916 0.34045492569906144 0.5 0.3 0.85 0.7 0.9 0.5 0.95 0.5 0.9 0.0 0.15 1.0 1.0 0.2 0.7 0.75 0.25 0.75 0.95 0.35 0.2 0.7 0.05 0.65 0.55 0.6 0.5 0.95 0.35 0.7 0.65 0.05 0.65 0.95 0.45 0.4 
-0.0017943405492640277 0.4076044455846592 0.288361618942237 0.5 0.95 0.85 0.7 0.9 0.4 0.5 0.8 0.15 0.45 0.15 1.0 1.0 0.2 0.7 0.7 0.25 0.75 0.7 0.35 0.2 0.8 0.05 0.65 0.55 0.75 0.85 0.85 0.35 0.5 0.95 0.05 0.05 0.75 0.45 0.4 
-0.0360512673785959 0.3958976636924329 0.2881348611778992 0.5 0.95 0.85 0.7 0.9 0.9 0.95 0.8 0.9 0.45 0.15 0.55 0.9 0.2 0.7 0.75 0.25 0.7 0.95 0.35 0.2 0.8 0.05 0.65 0.9 0.6 0.5 0.4 0.35 0.85 0.3 0.05 0.65 0.85 0.45 0.4 
-0.008921795311344618 0.5236656522786991 0.668246922991594 0.9 0.15 0.25 0.75 0.3 0.8 0.05 0.0 0.35 0.55 0.1 0.25 0.6 0.9 0.15 0.85 0.3 0.25 0.65 0.4 0.75 0.9 0.5 0.35 1.0 0.55 0.8 1.0 0.55 0.3 0.9 0.9 0.55 0.45 0.95 0.55 
-0.01804327808267019 0.34462554095357045 0.3202486579977546 0.5 0.95 0.85 0.7 0.9 0.9 0.95 0.8 0.15 0.45 0.15 1.0 1.0 0.2 0.7 0.7 0.25 0.75 0.95 0.35 0.2 0.8 0.05 0.65 0.55 0.75 0.5 0.85 0.35 0.5 0.85 0.65 0.05 0.95 0.45 0.4 
-0.03206236699664792 0.6151672536770944 0.6618371287938958 0.7 0.35 0.25 0.9 0.25 0.7 0.05 0.6 0.9 0.55 0.4 0.95 1.0 0.05 0.4 0.7 0.3 0.2 0.55 0.05 1.0 0.7 0.1 0.9 0.9 0.5 0.8 0.55 0.55 0.3 0.9 0.9 0.5 0.65 0.95 0.4 
-0.08873426999580887 0.32846112270849104 0.29334760385433845 0.5 0.95 0.85 0.35 0.9 0.35 0.25 0.8 0.9 0.5 0.2 0.6 0.9 0.15 0.7 0.75 0.25 0.8 0.95 0.35 0.2 0.75 0.05 0.65 0.4 0.6 0.5 0.4 0.35 0.7 0.05 0.05 0.3 0.95 0.45 0.4 
-0.02801278086819252 0.434652701126907 0.2613489319214034 0.5 0.95 0.85 0.7 0.9 0.9 0.95 0.75 0.15 0.45 0.15 0.4 1.0 0.2 0.7 0.7 0.25 0.75 0.55 0.35 0.2 0.75 0.05 0.65 0.55 0.75 0.45 0.85 0.35 0.55 0.75 0.0 0.05 1.0 0.45 0.4 
-0.007351906047709752 0.295431991103258 0.3277302256813206 0.5 0.95 0.85 0.7 0.9 0.9 0.2 0.05 0.9 0.4 0.15 1.0 1.0 0.2 0.7 0.7 0.25 0.75 0.9 0.35 0.2 0.8 0.05 0.65 0.5 0.6 0.5 0.7 0.35 0.55 0.6 0.05 0.65 0.95 0.45 0.4 
-2.963835509776146 0.4461630355844812 0.666525785150085 0.4 0.05 0.85 0.2 0.3 0.15 0.7 0.15 0.7 0.25 0.05 0.85 0.65 0.05 0.3 0.9 0.2 0.3 0.65 0.0 0.2 1.0 0.9 0.65 1.0 0.6 0.5 0.1 0.85 0.2 0.85 0.85 0.85 0.15 0.25 0.15 
-0.0518444023419733 0.7331970519475705 0.5078044747098922 0.05 0.75 0.8 0.25 0.75 0.55 0.3 0.55 1.0 0.65 0.1 0.2 1.0 0.95 0.45 0.7 0.7 0.75 0.95 1.0 0.85 0.6 0.05 0.25 0.85 0.1 0.6 0.75 0.1 0.45 1.0 0.9 0.85 0.65 0.8 0.35 
-0.06826642219374283 0.32263500115870214 0.32292205799925777 0.5 0.95 0.85 0.7 0.9 0.9 0.95 0.8 0.2 0.45 0.85 0.55 0.9 0.2 0.7 0.75 0.25 0.7 0.95 0.35 0.2 0.8 0.05 0.65 0.5 0.55 0.65 0.4 0.35 0.7 0.15 0.05 0.65 0.85 0.45 0.4 
-0.0411478415280103 0.3419426595021395 0.2910075529401386 0.5 0.95 0.85 0.7 0.9 0.4 0.5 0.8 0.15 0.45 0.15 1.0 1.0 0.2 0.7 0.7 0.25 0.75 0.95 0.35 0.2 0.8 0.05 0.65 0.55 0.75 0.85 0.85 0.35 0.5 0.95 0.05 0.05 0.75 0.45 0.4 
-0.2594232331166476 0.2587537671049135 0.3680878404692503 0.5 0.95 0.85 0.7 0.9 0.9 0.95 0.8 0.9 0.0 0.15 1.0 1.0 0.2 0.7 0.7 0.25 0.75 0.95 0.35 0.2 0.8 0.05 0.65 0.55 0.6 0.5 0.7 0.35 0.6 0.6 0.05 0.65 0.95 0.45 0.4 
-2.889103028241589 0.7241878513898856 0.4880776195005863 0.05 0.75 0.8 0.25 0.75 0.55 0.3 0.55 1.0 0.65 0.1 0.2 1.0 0.95 0.35 0.7 0.7 0.75 0.95 1.0 0.85 0.6 0.05 0.25 0.85 0.1 0.6 0.8 0.1 0.45 1.0 0.9 0.85 0.65 0.8 0.35 
-0.014991952249754761 0.28118715169549624 0.35559752523449295 0.5 0.3 0.85 0.7 0.9 0.5 0.95 0.5 0.9 0.0 0.15 1.0 1.0 0.2 0.7 0.75 0.25 0.75 0.95 0.35 0.2 0.7 0.05 0.65 0.55 0.6 0.5 0.5 0.35 0.7 0.65 0.05 0.65 0.95 0.45 0.4 
-0.014662024745827349 0.3062923924744636 0.3060114398843563 0.5 0.95 0.7 0.7 0.9 0.9 0.95 0.8 0.9 0.0 0.15 1.0 1.0 0.2 0.7 0.7 0.25 0.75 0.95 0.35 0.2 0.8 0.05 0.65 0.2 0.6 0.7 0.7 0.35 0.65 0.6 0.05 0.65 0.95 0.45 0.4 
-0.03139125690084233 0.3675946698138667 0.2861471391487248 0.5 0.95 0.85 0.7 0.9 0.9 0.95 0.8 0.15 0.45 0.15 1.0 1.0 0.2 0.7 0.7 0.25 0.75 0.95 0.35 0.2 0.9 0.05 0.65 0.55 0.75 0.5 0.85 0.35 0.5 0.3 0.65 0.05 0.95 0.45 0.4 
-0.858943952840837 0.24230697761843362 0.36891573714658055 0.5 0.95 0.85 0.7 0.9 0.9 0.95 0.8 0.9 0.45 0.15 1.0 1.0 0.2 0.7 0.7 0.25 0.75 0.95 0.35 0.2 0.8 0.05 0.65 0.55 0.6 0.5 0.65 0.35 0.5 0.65 0.05 0.65 0.95 0.45 0.4 
-0.20952519598808061 0.22901680960944476 0.40682889073673734 0.5 0.95 1.0 0.45 0.7 0.9 0.95 0.7 1.0 0.5 0.65 0.6 0.9 0.15 0.7 0.7 0.25 0.8 0.95 0.35 0.2 0.7 0.05 0.65 0.95 0.6 0.5 0.4 0.35 0.7 0.6 0.05 0.15 0.95 0.45 0.4 
-0.12513993776096083 0.3804727139286288 0.27666414073371404 0.85 0.95 0.85 0.7 0.9 0.9 0.45 0.8 0.15 0.75 0.95 0.4 1.0 0.2 0.7 0.7 0.25 0.75 0.85 0.35 0.2 0.8 0.05 0.65 0.55 0.75 0.8 0.85 0.35 0.6 0.7 0.05 0.8 0.95 0.45 0.4 
-0.08409954769860034 0.2585884042716666 0.3889771894888862 0.25 0.95 0.85 0.7 0.45 1.0 0.95 0.8 0.9 0.45 0.3 1.0 1.0 0.2 0.7 0.7 0.25 0.75 0.95 0.35 0.2 0.8 0.05 0.65 0.55 0.6 0.5 0.45 0.35 0.65 0.65 0.05 0.65 0.95 0.5 0.4 
-0.0014063639805067967 0.23980652675111463 0.3898194570041529 0.5 0.95 0.85 0.35 0.7 0.9 0.3 0.7 0.9 0.5 0.65 0.6 0.9 0.15 0.7 0.7 0.25 0.8 0.95 0.35 0.2 0.7 0.05 0.65 0.95 0.6 0.5 0.4 0.35 0.7 0.35 0.05 0.6 0.95 0.45 0.4 
-0.029106878745580766 0.24097490104935182 0.4495887138957601 0.5 0.5 0.85 0.7 0.1 0.3 0.95 0.85 0.1 0.45 0.15 1.0 1.0 0.2 0.7 0.7 0.25 0.75 0.95 0.35 0.2 0.65 0.05 0.65 0.95 0.6 0.5 0.25 0.35 0.4 0.65 0.05 0.25 0.6 0.45 0.4 
-0.01020543225665163 0.40261343291259755 0.27262978509218716 0.0 0.95 0.85 0.7 0.9 0.9 0.9 0.8 0.15 0.45 0.75 0.4 1.0 0.2 0.7 0.7 0.25 0.75 0.65 0.35 0.2 0.75 0.05 0.65 0.6 0.75 0.4 0.8 0.35 0.55 0.75 0.55 0.05 1.0 0.45 0.4 
-0.007711001881250696 0.25199016272448116 0.43041517496496196 0.5 0.95 0.85 0.7 0.9 0.9 0.95 0.8 0.2 0.45 0.15 0.55 0.9 0.2 0.7 0.75 0.25 0.7 0.95 0.35 0.2 0.8 0.05 0.65 0.9 0.6 0.65 0.4 0.35 0.7 0.3 0.05 0.65 0.85 0.45 0.4 
-3.668887166619964 0.2127203315764592 0.4174751913474572 0.5 0.95 0.75 0.35 0.7 0.9 0.95 0.8 0.9 0.5 0.2 0.6 0.9 0.15 0.7 0.75 0.25 0.8 0.95 0.35 0.2 0.8 0.05 0.65 0.9 0.6 0.5 0.35 0.35 0.7 0.75 0.05 0.65 0.85 0.45 0.4 
-0.03457481743234807 0.2117970320931848 0.50051976464036 0.5 0.95 0.85 0.7 0.9 0.9 0.95 0.8 0.9 0.55 0.0 0.55 1.0 0.2 0.7 0.65 0.25 0.75 0.95 0.35 0.2 0.8 0.05 0.65 1.0 0.6 0.5 0.3 0.4 0.55 0.65 0.05 0.65 0.7 0.45 0.4 
-0.3654585056147716 0.31262226467673115 0.29655775198834033 0.5 0.95 0.85 0.35 0.9 0.35 0.25 0.8 0.9 0.5 0.2 0.6 0.9 0.15 0.7 0.75 0.25 0.8 0.95 0.35 0.2 0.75 0.05 0.65 0.4 0.6 0.5 0.4 0.35 0.7 0.2 0.05 0.3 0.95 0.45 0.4 
-0.007508024091951436 0.7173013281101368 0.47097140824795763 0.05 0.75 0.8 0.25 0.75 0.55 0.3 0.55 0.15 0.65 0.1 0.2 1.0 0.95 0.35 0.7 0.7 0.75 0.95 1.0 0.85 0.6 0.05 0.25 0.85 0.1 0.6 0.65 0.1 0.45 1.0 0.9 0.85 0.65 0.8 0.35 
-0.1255984072047455 0.2692470551151621 0.34355884219184096 0.5 0.95 0.85 0.7 0.9 0.9 0.95 0.8 0.9 0.4 0.15 1.0 1.0 0.2 0.7 0.7 0.25 0.75 0.95 0.35 0.2 0.8 0.05 0.65 0.5 0.6 0.5 0.7 0.35 0.55 0.6 0.05 0.65 0.95 0.45 0.4 
-0.19386196854955753 0.2053236041086582 0.43904498485710913 0.5 0.95 0.85 0.35 0.2 0.9 0.95 0.7 0.9 0.5 0.2 0.6 0.9 0.15 0.7 0.7 0.25 0.8 0.95 0.35 0.2 0.7 0.05 0.65 0.9 0.6 0.5 0.4 0.35 0.7 0.7 0.05 0.3 0.95 0.45 0.4 
-3.3134498113912163 0.23741634100856923 0.38262859668034566 0.55 0.95 0.85 0.35 0.7 0.9 0.95 0.8 0.9 0.5 0.45 0.6 0.9 0.15 0.7 0.75 0.25 0.8 0.85 0.35 0.2 0.75 0.05 0.65 0.8 0.6 0.5 0.4 0.35 0.7 0.7 0.05 0.3 0.9 0.45 0.4 
-0.09250158904303826 0.26592548144919337 0.6123798226083716 0.5 0.95 0.85 0.7 0.9 0.2 0.4 0.8 0.1 1.0 0.45 0.35 0.9 0.2 0.65 0.75 0.65 0.75 0.8 0.35 0.2 0.8 0.05 0.65 0.9 0.6 0.6 0.4 0.35 0.7 0.8 0.05 0.2 0.85 0.45 0.4 
-0.10130621481964625 0.22697536804050228 0.47930752485793227 0.5 0.95 0.85 0.7 0.9 0.6 0.95 0.35 0.9 0.55 0.05 0.55 1.0 0.15 0.7 0.65 0.25 0.75 0.95 0.35 0.2 0.8 0.05 0.65 1.0 0.6 0.5 0.4 0.35 0.55 0.65 0.05 0.7 0.7 0.45 0.4 
-0.022164940682541164 0.687018280779051 0.6212780566182191 0.05 0.75 0.85 0.25 0.75 0.85 0.3 0.9 1.0 0.5 0.1 0.2 1.0 0.95 0.75 0.8 0.7 0.7 0.95 1.0 0.85 0.6 0.05 0.25 1.0 0.1 0.8 0.8 0.1 0.45 1.0 0.9 0.8 0.65 0.8 0.6 
-35.520465822304786 0.18654701526489886 0.471561717343641 0.25 0.3 0.8 0.7 0.55 0.75 0.05 1.0 0.75 0.45 0.45 0.6 1.0 0.2 0.7 0.65 0.25 0.75 1.0 0.35 0.85 0.8 0.05 0.65 0.9 0.75 0.7 0.75 0.35 0.45 1.0 0.05 0.5 0.95 0.45 0.4 
-0.002055652919237853 0.23485599785928207 0.41382834228014165 0.5 0.95 0.8 0.7 0.9 0.3 0.95 0.8 0.9 0.45 0.15 1.0 1.0 0.2 0.7 0.7 0.25 0.75 0.95 0.35 0.2 0.65 0.05 0.65 0.9 0.6 0.5 0.25 0.35 0.55 0.65 0.05 0.3 1.0 0.45 0.4 
-0.129701168729927 0.22778767366782093 0.4453167202062758 0.5 0.5 0.85 0.7 0.9 0.55 0.95 0.8 0.9 0.45 0.15 1.0 1.0 0.2 0.7 0.7 0.25 0.75 0.95 0.35 0.2 0.65 0.05 0.65 0.9 0.6 0.5 0.6 0.35 0.4 0.65 0.05 0.6 0.85 0.45 0.4 
-0.08112535899995378 0.5582358117776496 0.6664494718995655 0.05 0.65 0.55 0.75 0.15 0.5 0.75 0.85 0.35 0.55 0.1 0.25 0.85 0.1 0.05 0.85 0.3 0.2 0.95 0.4 0.9 1.0 0.5 0.4 1.0 0.5 0.8 0.85 0.55 0.3 1.0 0.9 0.55 0.5 0.95 0.5 
-4.512149826421603 0.20046229590752002 0.4419478713249596 0.5 0.55 0.75 0.35 0.7 0.9 0.95 0.8 0.9 0.5 0.2 0.6 0.9 0.15 0.7 0.75 0.25 0.8 0.95 0.35 0.2 0.8 0.05 0.65 1.0 0.6 0.85 0.35 0.35 0.7 0.75 0.05 0.65 0.85 0.45 0.4 
-0.052162047164749085 0.2324011787918538 0.5106197418097358 0.5 0.1 0.85 1.0 0.9 0.9 0.4 0.8 0.4 0.55 0.15 0.55 0.9 0.2 0.7 0.65 0.25 0.75 0.95 0.35 0.2 0.8 0.05 0.65 1.0 0.6 0.25 0.35 0.35 0.65 0.65 0.05 0.65 0.7 0.45 0.4 
-0.16343303388511984 0.34866016059565264 0.26276114793541383 0.5 0.95 0.85 0.7 0.9 0.9 0.95 0.8 0.15 0.45 0.15 1.0 1.0 0.2 0.7 0.7 0.25 0.75 0.95 0.35 0.2 0.7 0.05 0.65 0.55 0.75 0.55 0.85 0.35 0.5 0.55 0.65 0.05 0.95 0.45 0.4 
-0.11133439074646657 0.30847854600251445 0.6520373193279838 0.5 0.95 0.85 0.9 0.9 0.2 0.45 0.8 0.7 1.0 0.9 0.35 0.9 0.2 0.65 0.75 0.65 0.75 0.95 0.35 0.35 0.75 0.05 0.7 0.9 0.6 0.6 0.4 0.35 0.7 0.7 0.95 0.1 0.85 0.45 0.4 
-0.004331448924233393 0.26538961957006857 0.6320545061081642 0.5 0.95 0.85 0.7 0.9 0.2 0.45 0.8 0.7 0.05 0.55 0.35 0.9 0.2 0.65 0.75 0.65 0.75 0.95 0.35 0.2 0.75 0.05 0.7 1.0 0.6 0.6 0.15 0.35 0.7 0.75 0.05 0.2 0.85 0.45 0.4 
-0.2898293742664691 0.20837157610096013 0.4539860570377682 0.5 0.95 0.85 0.7 0.9 0.6 0.95 0.35 0.9 0.55 0.35 0.55 1.0 0.15 0.7 0.65 0.25 0.75 0.95 0.35 0.2 0.8 0.05 0.65 0.9 0.6 0.5 0.4 0.35 0.55 0.65 0.05 0.7 0.7 0.45 0.4 
-0.3087243655920613 0.6781848509182579 0.631516576530635 0.05 0.75 0.85 0.25 0.95 0.55 0.3 0.25 0.55 1.0 0.1 0.2 1.0 0.95 0.75 0.85 0.7 0.7 0.95 1.0 0.85 0.6 0.05 0.25 1.0 0.1 0.75 0.8 0.1 0.45 1.0 0.9 0.8 0.65 0.8 0.6 
-0.08128489666806499 0.704617850420897 0.44855694338082563 0.05 0.75 0.8 1.0 0.35 0.55 0.3 0.55 0.15 0.65 0.1 0.2 1.0 0.95 0.35 0.7 0.7 0.75 0.95 0.0 0.85 0.6 0.05 0.25 0.85 0.1 0.6 0.65 0.1 0.45 1.0 0.9 0.85 0.6 0.8 0.35 
-0.06064437486260024 0.5506923735748804 0.6659903342220138 0.15 0.0 0.55 0.75 0.15 0.5 0.05 0.85 0.35 0.55 0.1 0.25 0.85 0.1 0.05 0.9 0.3 0.2 0.95 0.4 0.9 1.0 0.5 0.4 1.0 0.5 0.8 0.7 0.55 0.3 1.0 0.9 0.55 0.5 0.95 0.5 
-0.1436355202885183 0.23161922408072233 0.5518580189822258 0.5 0.9 0.85 0.2 0.9 0.3 0.3 0.8 0.9 0.95 0.3 1.0 1.0 0.2 0.7 0.35 0.25 0.75 1.0 0.35 0.2 0.6 0.05 0.65 1.0 0.6 0.3 0.25 0.35 0.55 0.95 0.05 0.65 0.45 0.45 0.4 
-0.020915869070952147 0.34386486909840197 0.2626056191344258 0.5 0.95 0.85 0.7 0.9 0.9 0.95 0.8 0.15 0.45 0.15 1.0 1.0 0.2 0.7 0.7 0.25 0.75 0.95 0.35 0.2 0.7 0.05 0.65 0.55 0.75 0.55 0.85 0.35 0.5 0.7 0.65 0.05 0.95 0.45 0.4 
-0.09869697790247911 0.6155910558105532 0.6725614857797988 1.0 0.35 0.25 0.05 0.1 0.7 0.05 0.6 0.9 0.55 0.4 0.95 1.0 0.05 0.4 0.7 0.3 0.2 0.2 0.6 1.0 0.7 0.1 0.9 0.9 0.5 0.8 0.55 0.55 0.3 0.9 0.9 0.5 0.85 0.95 0.4 
-0.4651147455250638 0.48746537996900025 0.26505451477984243 0.5 0.95 0.85 0.7 0.9 0.9 0.95 0.75 0.15 0.45 0.15 0.4 1.0 0.2 0.7 0.7 0.25 0.75 0.5 0.35 0.2 0.75 0.05 0.65 0.55 0.75 0.4 0.85 0.35 0.55 0.75 0.7 0.05 1.0 0.45 0.4 
-0.09945622225185008 0.21442861636220195 0.4706145471441153 0.5 0.95 0.85 0.7 0.9 0.85 0.95 0.35 0.9 0.55 0.9 0.55 0.9 0.15 0.7 0.6 0.25 0.8 0.95 0.35 0.2 0.8 0.05 0.65 1.0 0.6 0.5 0.4 0.35 0.55 0.65 0.05 0.7 0.7 0.45 0.4 
-0.23855468461040438 0.5211066376347037 0.670534698179891 0.9 0.15 0.25 0.75 0.3 0.8 0.05 0.5 0.35 0.55 0.1 0.25 0.6 0.9 0.15 0.85 0.3 0.25 0.75 0.4 0.75 0.9 0.5 0.35 1.0 0.55 0.8 1.0 0.55 0.3 0.9 0.9 0.55 0.45 0.95 0.55 
-0.029826272378221812 0.2057614719562893 0.526660154386136 0.5 0.95 0.85 1.0 0.9 0.9 0.95 0.8 0.9 0.55 0.05 0.55 0.9 0.15 0.7 0.65 0.25 0.75 0.95 0.35 0.2 0.8 0.05 0.65 1.0 0.6 0.55 0.4 0.35 0.55 0.65 0.05 0.45 0.7 0.45 0.4 
-0.3414860914372639 0.1984256195227892 0.5184742715640517 0.5 0.95 0.85 0.7 0.9 0.85 0.95 0.35 0.9 0.35 0.9 0.55 0.9 0.15 0.7 0.65 0.25 0.8 1.0 0.35 0.2 0.8 0.05 0.65 1.0 0.6 0.5 0.4 0.35 0.55 0.7 0.05 0.45 0.7 0.45 0.4 
-0.003123043780845055 0.2225212251957785 0.5228215467223721 0.5 0.95 0.85 0.7 0.9 0.9 0.95 0.8 0.9 0.55 0.15 0.55 0.9 0.2 0.7 0.65 0.25 0.75 1.0 0.35 0.2 0.8 0.05 0.65 1.0 0.6 0.25 0.3 0.35 0.55 0.65 0.05 0.65 0.7 0.45 0.35 
-0.04095610167663091 0.6531310940863054 0.6705905649034402 0.3 0.1 0.25 0.5 0.65 0.4 0.95 0.6 0.3 0.6 0.4 0.6 1.0 0.05 0.3 0.85 0.3 0.2 0.6 0.9 0.55 0.7 0.1 0.9 1.0 0.55 0.8 0.5 0.55 0.3 1.0 0.9 0.5 0.95 0.95 0.35 
-3.0156079388081904 0.21008004067189284 0.5456070845455872 0.5 0.95 0.85 1.0 0.9 0.9 0.95 0.8 0.9 0.55 0.05 0.55 0.9 0.15 0.65 0.65 0.25 0.75 0.95 0.35 0.2 0.8 0.05 0.65 1.0 0.6 0.55 0.4 0.35 0.55 0.65 0.05 0.45 0.7 0.45 0.4 
-0.9033733079542563 0.22864806421957323 0.5641983988867126 0.5 0.9 0.85 0.7 0.9 0.3 0.3 0.8 0.9 0.95 0.3 1.0 1.0 0.2 0.7 0.35 0.25 0.75 1.0 0.35 0.2 0.6 0.05 0.65 1.0 0.6 0.55 0.25 0.35 0.55 0.95 0.05 0.65 0.45 0.45 0.4 
-39.772113381333924 0.17382431854641284 0.469745809759799 0.5 0.95 0.85 0.7 0.9 0.85 0.7 0.4 0.45 0.45 0.05 0.6 1.0 0.2 0.7 0.75 0.25 0.75 1.0 0.35 0.85 0.8 0.05 0.65 0.9 0.75 0.7 0.8 0.35 0.45 1.0 0.05 0.65 1.0 0.45 0.4 
-6.9697925908589395 0.23552213731134686 0.6228693920182807 0.5 0.95 0.85 0.65 0.85 0.2 0.45 0.8 0.1 1.0 0.5 0.35 0.95 0.2 0.65 0.75 0.65 0.75 0.9 0.35 0.2 0.75 0.05 0.65 0.9 0.5 0.2 0.3 0.35 0.7 0.85 0.05 0.15 0.85 0.45 0.4 
-0.16000903000075123 0.24037917147315147 0.5858366490709053 0.5 0.7 0.85 0.65 0.95 0.2 0.45 0.8 0.1 1.0 0.75 0.35 0.95 0.2 0.65 0.75 0.65 0.75 0.95 0.35 0.2 0.8 0.05 0.65 0.7 0.5 0.2 0.3 0.35 0.7 0.85 0.05 0.15 0.85 0.45 0.4 
-1.1766454388265155 0.2500947710760715 0.6502730259907993 0.5 0.95 0.85 0.0 0.9 0.2 0.45 0.8 0.9 1.0 0.75 0.35 0.9 0.2 0.65 0.75 0.65 0.75 0.95 0.35 0.2 0.8 0.05 0.65 0.9 0.6 0.55 0.3 0.35 0.7 0.85 0.05 0.15 0.85 0.45 0.4 
-0.21306053019472257 0.403549133054226 0.6770847864984549 0.15 0.25 0.85 0.2 0.3 0.4 0.7 0.15 0.6 0.25 0.05 0.85 0.75 0.05 0.3 0.9 0.2 0.3 0.65 0.0 0.2 1.0 0.9 0.65 1.0 0.6 0.5 0.1 0.85 0.4 0.75 0.85 0.4 0.15 0.2 0.15 
-0.27204022350073925 0.25109353229326403 0.6435184943037691 0.5 0.95 0.85 0.05 0.95 0.2 0.45 0.8 0.1 1.0 0.75 0.35 0.95 0.2 0.65 0.75 0.65 0.75 0.95 0.35 0.2 0.8 0.05 0.65 0.9 0.6 0.6 0.3 0.35 0.7 0.85 0.05 0.15 0.85 0.45 0.4 
-0.16908879376399993 0.4312999186862258 0.25611568424316755 0.5 0.95 0.85 0.7 0.9 0.9 0.95 0.75 0.15 0.45 0.15 0.4 1.0 0.2 0.7 0.7 0.25 0.75 0.55 0.35 0.2 0.75 0.05 0.65 0.55 0.75 0.4 0.85 0.35 0.55 0.75 0.0 0.05 1.0 0.45 0.4 
-9.246092122410795 0.20469756359309227 0.5583497907810007 0.5 0.1 0.85 0.7 0.9 0.9 0.4 0.8 0.4 0.55 0.15 0.55 0.9 0.2 0.7 0.65 0.25 0.75 0.95 0.35 0.2 0.8 0.05 0.65 1.0 0.6 0.5 0.35 0.35 0.55 0.65 0.05 0.65 0.7 0.45 0.4 
-0.047372485692917965 0.41886822098366616 0.2590237127987731 0.5 0.95 0.85 0.7 0.9 0.9 0.95 0.75 0.15 0.45 0.15 0.4 1.0 0.2 0.7 0.7 0.25 0.75 0.55 0.35 0.2 0.75 0.05 0.65 0.55 0.75 0.4 0.85 0.35 0.55 0.75 0.0 0.05 1.0 0.5 0.4 
-0.5739592295458144 0.3237279355856262 0.26964387741088713 0.5 0.95 0.25 0.7 0.9 0.45 0.95 0.8 1.0 0.45 0.15 1.0 1.0 0.2 0.7 0.7 0.25 0.75 0.95 0.35 0.2 0.7 0.05 0.65 0.6 0.75 0.55 0.85 0.35 0.5 0.55 0.65 0.15 0.95 0.45 0.4 
-15.710657948686007 0.22465916669957076 0.580185513352764 0.5 0.95 0.85 0.7 0.9 0.65 0.95 0.8 0.9 0.55 0.15 0.55 0.8 0.2 0.7 0.65 0.25 0.75 0.95 0.35 0.2 0.85 0.05 0.65 1.0 0.6 0.5 0.4 0.35 0.55 0.65 0.05 0.7 0.7 0.5 0.4 
-15.170392041170002 0.2281297368511343 0.6090244410924972 0.5 0.95 0.85 0.7 0.9 0.9 0.95 0.8 0.9 0.55 0.15 0.55 0.9 0.15 0.6 0.65 0.25 0.75 0.95 0.35 0.2 0.8 0.05 0.65 1.0 0.6 0.6 0.4 0.35 0.55 0.7 0.05 0.4 0.7 0.45 0.4 
-0.6077887935011951 0.2578670952400687 0.6456955327183872 0.5 0.95 0.85 0.65 0.95 0.2 0.45 0.8 0.1 1.0 0.75 0.35 0.95 0.2 0.65 0.75 0.65 0.75 0.95 0.35 0.2 0.8 0.05 0.65 0.9 0.6 0.2 0.3 0.35 0.7 0.85 0.05 0.15 0.85 0.45 0.4 
-0.35219223260956845 0.2971564353462296 0.671573799303838 0.5 0.95 0.85 0.65 0.95 0.35 0.45 0.8 0.1 1.0 0.75 0.35 0.9 0.2 0.65 0.75 0.65 0.75 0.95 0.35 0.2 0.8 0.05 0.65 0.9 0.55 0.6 0.75 0.35 0.7 0.85 0.95 0.15 0.85 0.45 0.4 
-0.5196389687268675 0.2916359197271641 0.6634405689097159 0.5 0.95 0.85 0.65 0.95 0.35 0.45 0.8 0.1 0.2 0.75 0.35 0.9 0.2 0.65 0.75 0.65 0.75 0.95 0.35 0.2 0.8 0.05 0.65 0.9 0.55 0.6 0.75 0.35 0.7 0.85 0.95 0.15 0.85 0.5 0.4 
-0.20756506792291288 0.6291892836699785 0.685579934390487 0.3 0.3 0.25 0.5 0.65 0.85 0.95 0.75 0.3 0.55 0.4 0.6 0.95 0.05 0.3 0.75 0.3 0.2 0.4 0.9 0.55 0.7 0.1 0.9 1.0 0.55 0.8 0.5 0.55 0.3 1.0 0.9 0.5 0.95 0.95 0.45 
-0.23030461862925997 0.19212385828997058 0.49526908578881496 0.5 0.05 0.85 0.7 0.9 0.85 0.95 0.35 0.9 0.45 0.9 0.55 0.9 0.15 0.7 0.65 0.25 0.8 1.0 0.35 0.2 0.8 0.05 0.65 1.0 0.6 0.5 0.4 0.35 0.55 0.65 0.05 0.65 0.7 0.45 0.4 
-23.842903469562085 0.6053067443676641 0.32075663118733366 0.2 0.9 0.45 0.4 0.55 0.5 0.05 0.8 0.9 0.75 0.2 0.1 1.0 0.6 0.75 0.5 0.2 0.6 0.75 0.25 0.9 1.0 0.7 0.4 0.75 0.2 0.15 0.25 0.4 1.0 1.0 0.05 0.5 0.95 0.9 0.05 
-0.016259064571639194 0.45699268805651777 0.2602363732123396 0.5 0.95 0.85 0.7 0.9 0.9 0.95 0.75 0.15 0.45 0.15 0.4 1.0 0.2 0.7 0.7 0.25 0.75 0.55 0.35 0.2 0.75 0.05 0.65 0.55 0.75 0.4 0.85 0.35 0.55 0.25 0.1 0.05 1.0 0.45 0.4 
-32.63265216879077 0.6240008808618441 0.3284196442156352 0.2 0.9 0.45 0.4 0.55 0.5 0.05 0.8 0.65 0.75 0.2 0.9 1.0 0.6 0.75 0.5 0.2 0.6 0.8 0.25 0.9 0.8 0.7 0.4 0.75 0.2 0.15 0.6 0.4 1.0 1.0 0.05 0.5 0.95 0.9 0.05 
-0.0007051167631260001 0.5875652703372641 0.6921705516206822 0.3 0.3 0.25 0.5 0.65 0.85 0.95 0.75 0.15 0.75 0.4 0.6 0.7 0.05 0.3 0.8 0.3 0.2 0.1 0.9 0.55 0.7 0.1 0.9 1.0 0.55 0.8 0.5 0.55 0.3 1.0 0.9 0.5 0.95 0.95 0.45 
-0.3287638671762034 0.7407924107814554 0.5112527260219628 0.05 0.75 0.8 0.25 0.75 0.55 0.3 0.55 1.0 0.65 0.0 0.2 1.0 0.95 0.45 0.7 0.7 0.75 0.95 1.0 0.85 0.65 0.05 0.25 0.85 0.1 0.6 0.75 0.1 0.45 1.0 0.9 0.85 0.65 0.8 0.35 
-16.83843715326393 0.46401501019292446 0.6653676569058861 0.15 0.25 0.85 0.2 0.3 0.4 0.7 0.15 0.7 0.25 0.05 0.85 0.3 0.05 0.3 0.9 0.2 0.3 0.65 0.0 0.55 1.0 0.9 0.65 1.0 0.6 0.5 0.1 0.85 0.2 1.0 0.85 0.3 0.15 0.25 0.15 
-4.859183174752768 0.2610968401437891 0.6767768824167641 0.5 0.0 0.85 0.65 0.95 0.2 0.45 0.8 0.1 0.0 0.75 0.35 0.9 0.2 0.7 0.75 0.65 0.75 0.95 0.35 0.2 0.8 0.05 0.65 0.9 0.6 0.6 0.3 0.35 0.7 0.85 0.05 0.15 0.85 0.45 0.4 
-0.14359838331321265 0.4031298592647099 0.24677763188673635 0.7 0.75 0.85 0.7 0.9 0.65 0.15 0.75 0.15 0.45 0.15 0.4 1.0 0.2 0.7 0.7 0.25 0.75 0.8 0.35 0.2 0.75 0.05 0.65 0.5 0.75 0.45 0.85 0.35 0.55 0.85 0.05 0.05 1.0 0.45 0.4 
-2.4750866424193356 0.3869479513493206 0.23994464340974725 0.4 0.75 0.85 0.7 0.9 0.65 0.15 0.75 0.15 0.45 0.85 0.4 1.0 0.2 0.7 0.7 0.25 0.75 0.65 0.35 0.2 0.75 0.05 0.65 0.55 0.75 0.45 0.85 0.35 0.55 0.85 0.1 0.05 1.0 0.45 0.4 
-0.13488771815422135 0.6610451509171469 0.6680030742258191 0.3 0.1 0.25 0.5 0.65 0.4 0.65 0.6 0.3 0.6 0.4 0.45 1.0 0.05 0.3 0.85 0.3 0.2 0.8 0.9 0.55 0.7 0.1 0.9 1.0 0.55 0.8 0.5 0.55 0.3 1.0 0.9 0.5 0.95 0.95 0.35 
-3.3698725424274323 0.2966177688345041 0.6918935352008225 0.5 0.05 0.85 0.65 0.95 0.35 0.45 0.8 0.1 1.0 0.75 0.35 0.9 0.2 0.65 0.75 0.65 0.75 0.95 0.35 0.2 0.8 0.05 0.65 0.9 0.6 0.6 0.1 0.35 0.65 0.95 0.95 0.15 0.85 0.45 0.4 
-22.099973174169477 0.6055270145459261 0.31539462509225147 0.2 0.9 0.45 0.4 0.55 0.5 0.05 0.8 0.95 0.6 0.2 0.1 1.0 0.6 0.75 0.5 0.2 0.6 0.8 0.25 0.9 1.0 0.7 0.4 1.0 0.2 0.15 0.0 0.4 1.0 1.0 0.05 0.5 0.95 0.9 0.05 
-1.7164330406969681 0.27022770414856856 0.32937391829190676 0.5 0.45 0.85 0.35 0.9 0.35 0.25 0.8 0.9 0.5 0.2 0.6 0.9 0.15 0.7 0.75 0.25 0.8 1.0 0.35 0.2 0.75 0.05 0.65 0.4 0.6 0.5 0.4 0.35 0.7 0.6 0.05 0.3 0.95 0.45 0.4 
-6.319773325373526 0.35060528902014954 0.7079220681729912 0.5 0.95 0.85 1.0 0.95 0.7 0.45 0.8 0.1 1.0 0.75 0.35 0.9 0.2 0.65 0.75 0.65 0.7 0.95 0.35 0.2 0.8 0.05 0.65 1.0 0.6 0.6 0.3 0.35 0.7 0.85 0.95 0.15 0.55 0.4 0.4 
-2.552376327719101 0.33230350693215616 0.6977386032448514 0.5 0.95 0.85 0.65 0.95 0.35 0.45 0.8 0.1 1.0 0.75 0.35 0.9 0.2 0.65 0.75 0.65 0.75 0.95 0.35 0.2 0.8 0.05 0.65 0.9 0.6 0.6 0.1 0.35 0.7 0.95 0.95 0.15 0.85 0.45 0.4 
-1.452369497827606 0.5938844751466289 0.6907215998185146 0.3 0.3 0.25 0.5 0.65 0.85 0.95 0.75 0.3 0.55 0.4 0.6 0.7 0.05 0.3 0.8 0.3 0.2 0.4 0.9 0.55 0.7 0.1 0.9 0.95 0.55 0.8 0.5 0.55 0.3 1.0 0.9 0.5 0.95 0.95 0.45 
-34.59345641782703 0.6407505482035218 0.35450762874472835 0.85 0.05 0.15 0.45 0.3 0.7 0.05 0.8 0.5 0.75 0.15 0.5 1.0 0.6 0.8 0.55 0.2 0.6 0.25 0.7 0.85 1.0 0.7 0.4 1.0 0.5 0.15 0.7 0.9 0.55 0.95 0.05 0.55 0.95 0.45 0.05 
-6.3545861430775235 0.36721953709607025 0.6959889621706042 0.75 0.95 0.85 0.9 0.95 0.7 0.45 0.3 0.1 1.0 0.75 0.35 1.0 0.2 0.75 0.75 0.65 0.75 0.95 0.35 0.2 0.8 0.05 0.65 1.0 0.6 0.6 0.3 0.35 0.7 0.85 0.95 0.15 0.85 0.4 0.4 
-34.75540876674502 0.2135296063886381 0.39059413037697527 0.5 0.95 0.85 0.7 0.9 0.85 0.7 0.4 0.45 0.45 0.05 0.6 1.0 0.2 0.7 0.75 0.25 0.75 1.0 0.35 0.85 0.8 0.05 0.65 0.9 0.75 0.7 0.8 0.35 0.45 0.45 0.05 0.65 1.0 0.45 0.4 
-0.02176256642719104 0.47974393366733015 0.25647581386274876 0.5 0.95 0.85 0.7 0.9 0.9 0.95 0.75 0.15 0.45 0.15 0.4 1.0 0.2 0.7 0.7 0.25 0.75 0.55 0.35 0.2 0.75 0.05 0.65 0.55 0.75 0.4 0.85 0.35 0.55 0.75 0.7 0.05 1.0 0.45 0.4 
-3.309318384586128 0.18210589890049156 0.5114409660685416 0.5 0.95 0.85 0.7 0.9 0.85 0.95 0.35 0.9 0.55 0.9 0.55 0.9 0.15 0.7 0.65 0.25 0.8 0.95 0.35 0.2 0.8 0.05 0.65 1.0 0.6 0.5 0.4 0.35 0.55 0.65 0.05 0.7 0.7 0.45 0.4 
-0.826201545083069 0.7165117449760217 0.44873990769035915 0.05 0.75 0.8 0.25 0.05 0.55 0.3 0.55 0.15 0.65 0.1 0.2 1.0 0.95 0.35 0.7 0.7 0.75 0.95 0.0 0.85 0.75 0.05 0.25 1.0 0.1 0.6 0.55 0.1 0.45 1.0 0.9 0.85 1.0 0.8 0.35 
-3.774384555809239 0.6951305424943647 0.4248112537431466 0.05 0.75 0.8 0.25 0.05 0.55 0.3 0.55 0.15 0.65 0.1 0.2 1.0 0.95 0.45 0.7 0.7 0.75 0.95 0.0 0.85 0.6 0.05 0.25 1.0 0.1 0.6 0.55 0.1 0.45 1.0 0.9 0.85 1.0 0.8 0.35 
-2.6034095071375916 0.5001770125385383 0.6725760711939094 0.15 0.65 0.55 0.75 0.15 0.5 0.05 0.85 0.35 0.25 0.1 0.25 0.85 0.1 0.05 0.85 0.3 0.3 0.95 0.4 0.9 1.0 0.5 0.4 1.0 0.5 0.8 0.4 0.55 0.3 1.0 0.9 0.55 0.5 0.95 0.5 
-7.633052626052427 0.7268062294948914 0.4586139860239141 0.05 0.75 0.8 1.0 0.05 0.55 0.3 0.55 0.15 0.65 0.1 0.2 1.0 0.95 0.45 0.7 0.7 0.75 0.95 0.0 0.85 0.6 0.05 0.25 1.0 0.1 0.6 0.55 0.1 0.45 1.0 0.9 0.85 1.0 0.8 0.6 
-0.1230631080947294 0.7429375172397046 0.5365462425656674 0.05 0.75 0.8 0.0 0.75 0.55 0.3 0.55 1.0 0.65 0.0 0.2 1.0 0.95 0.9 0.7 0.7 0.75 0.95 1.0 0.85 0.65 0.05 0.25 0.85 0.1 0.6 0.75 0.1 0.45 1.0 0.9 0.85 0.65 0.8 0.65 
-0.3632436402703248 0.6254469027581967 0.7064599551342327 0.3 0.3 0.25 0.5 0.65 0.85 0.95 0.75 0.3 0.55 0.4 0.0 0.95 0.05 0.3 0.85 0.3 0.2 0.4 0.9 0.55 0.7 0.1 0.9 1.0 0.55 0.8 0.5 0.55 0.3 1.0 0.9 0.5 0.85 0.95 0.45 
-28.34866589185692 0.7130898352656739 0.5995963543773623 0.45 0.75 0.85 0.25 0.8 0.5 0.05 0.65 0.0 0.7 0.4 0.7 0.85 0.95 0.5 1.0 0.7 0.75 1.0 1.0 0.85 0.75 0.05 0.25 1.0 0.1 0.6 0.95 0.1 0.45 1.0 0.75 0.75 0.9 0.7 0.55 
-2.0841003508304388 0.7424867970537136 0.5608165496335744 0.05 0.75 0.8 0.0 0.75 0.55 0.3 0.55 1.0 0.65 0.0 0.2 1.0 0.95 0.9 0.7 0.7 0.75 0.95 1.0 0.85 0.65 0.05 0.25 0.95 0.1 0.6 0.75 0.1 0.45 1.0 0.9 0.85 0.65 0.8 0.65 
-30.133350662789702 0.19843688850983915 0.5841056776254574 0.5 0.95 0.85 0.7 0.9 0.85 0.95 0.35 0.9 0.55 0.9 0.55 0.9 0.15 0.7 0.65 0.25 0.8 0.95 0.35 0.3 0.8 0.05 0.65 1.0 0.6 0.5 0.4 0.35 0.55 0.65 0.05 0.7 0.7 0.45 0.4 
-4.130046018464386 0.1868437317683162 0.5289538002938966 0.5 0.95 0.85 0.7 0.9 0.85 0.95 0.35 0.9 0.7 0.9 0.55 0.9 0.15 0.7 0.65 0.25 0.8 1.0 0.35 0.2 0.8 0.05 0.65 1.0 0.6 0.5 0.4 0.35 0.55 0.65 0.05 0.45 0.7 0.45 0.4 
-3.2814134299336497 0.35554502100053237 0.2544467844859606 0.4 0.75 0.85 0.7 0.9 0.65 0.15 0.75 0.15 0.45 0.15 0.4 1.0 0.2 0.7 0.7 0.25 0.75 0.8 0.35 0.2 0.75 0.05 0.65 0.55 0.75 0.45 0.85 0.35 0.55 0.85 0.1 0.05 1.0 0.45 0.4 
-36.74737754688721 0.20796535324678256 0.4006750696348461 0.5 0.95 0.85 0.7 0.9 0.15 0.7 0.4 0.45 0.45 0.05 0.6 1.0 0.2 0.7 0.75 0.25 0.75 1.0 0.35 0.85 0.8 0.05 0.65 0.9 0.75 0.7 0.85 0.35 0.45 0.45 0.05 0.65 1.0 0.45 0.4 
