-0.009524480656017055 0.5235559749733206 0.5171271508895293 0.0 0.1 0.95 0.95 0.15 0.25 1.0 0.1 0.45 0.15 0.75 0.95 0.85 0.5 0.8 0.05 0.4 0.75 0.75 0.2 0.65 0.5 0.55 0.2 0.5 0.4 0.75 0.6 0.45 0.6 1.0 0.55 0.3 0.05 0.6 0.45 
-0.009170377100572901 0.590329234528448 0.4322516433080034 0.3 0.1 0.55 0.95 0.85 0.25 1.0 0.25 0.45 1.0 0.15 0.4 0.5 0.8 0.55 0.2 0.6 0.0 0.75 0.7 0.85 0.65 0.6 0.2 0.35 0.25 0.55 0.2 0.5 0.75 0.85 0.75 0.65 0.05 0.75 0.6 
-0.004845186130022943 0.41834604498757705 0.47086918914241815 0.25 0.2 0.1 1.0 0.9 0.35 0.8 0.7 0.35 0.6 0.95 0.45 0.8 0.0 0.9 0.45 0.0 0.85 0.6 0.15 0.55 0.1 0.35 0.95 0.3 0.7 0.45 0.7 0.35 0.45 0.95 0.1 0.4 0.7 0.8 0.7 
-0.00792677143313273 0.4862242252464444 0.5001820630707238 0.8 0.05 0.2 0.45 1.0 1.0 0.6 0.25 0.0 0.65 0.5 0.05 0.0 0.05 0.9 0.35 0.2 0.35 0.2 1.0 0.55 0.75 0.4 0.2 0.55 0.7 0.4 0.2 0.55 0.05 0.05 1.0 1.0 0.25 0.15 0.95 
-9.80911239371097e-06 0.5228902377570842 0.48479230194372774 0.05 0.85 0.6 0.3 0.85 0.15 0.2 0.5 0.65 0.75 0.8 0.25 0.9 0.85 0.2 1.0 0.75 0.85 0.15 0.8 0.9 0.4 0.7 0.9 0.0 0.1 0.2 0.2 0.1 0.7 0.05 0.1 1.0 0.9 0.75 0.0 
-0.02218992559357388 0.5330010421352351 0.48188593923752115 0.05 0.85 0.6 0.3 0.85 0.15 0.2 0.5 0.65 0.75 0.8 0.25 0.9 0.85 0.2 1.0 0.75 0.85 0.15 0.8 0.9 0.4 0.7 0.9 0.0 0.1 0.2 0.2 0.1 0.7 0.05 0.1 0.55 1.0 0.75 0.0 
-0.004072308592618407 0.5115997868161177 0.5188049845216582 0.25 0.2 0.1 1.0 0.9 0.7 0.15 0.7 0.25 0.6 0.95 0.45 0.8 0.65 0.1 0.45 0.0 0.85 0.6 0.15 0.05 0.1 1.0 0.95 0.3 0.7 0.45 0.7 0.35 0.5 0.95 0.65 0.4 0.6 0.8 0.7 
-0.014302245704090692 0.4876403187079526 0.5225536761839976 0.0 0.75 0.15 0.9 0.25 0.45 0.4 0.4 0.0 0.7 0.05 0.25 0.55 0.0 0.7 0.35 0.65 0.4 0.35 0.25 0.75 0.65 1.0 0.85 1.0 0.4 0.3 0.8 0.25 0.7 0.35 0.1 0.0 0.45 0.45 0.2 
-0.0019463844663721451 0.5224804147773998 0.5508763131973753 0.0 0.1 0.95 0.95 0.15 0.9 0.85 0.1 0.45 0.7 0.85 1.0 0.5 0.5 0.45 0.35 0.6 0.3 0.0 0.7 0.85 0.95 0.85 0.2 0.95 0.4 0.75 0.6 0.4 0.2 1.0 0.6 0.3 0.65 0.75 0.45 
-0.004441192150128568 0.4720325134898397 0.5026898159445863 0.3 0.1 1.0 0.5 0.85 0.25 0.65 0.6 0.25 0.7 0.0 0.4 0.3 0.6 0.55 0.0 0.6 0.6 0.7 0.7 0.7 0.65 0.6 0.2 0.95 0.4 0.5 0.2 0.45 0.75 0.95 1.0 0.75 1.0 0.75 0.6 
-0.018249116167962855 0.470104469012292 0.47818207951357755 0.45 0.7 0.3 0.55 0.05 0.05 0.3 0.65 0.4 0.9 0.55 0.8 0.9 0.65 0.5 0.05 0.0 0.35 0.85 0.4 0.2 1.0 0.15 0.55 0.0 0.5 0.2 0.4 0.0 0.6 0.25 0.1 0.6 0.2 0.85 0.95 
-0.007783503110353101 0.4410118974069095 0.49755002204685145 0.3 0.1 1.0 0.5 0.85 0.25 0.65 0.6 0.25 0.7 0.0 0.4 0.3 0.6 0.55 1.0 0.6 0.65 0.7 0.7 0.7 0.65 0.5 0.2 0.95 0.4 0.5 0.2 0.4 0.75 0.95 1.0 0.75 1.0 0.75 0.6 
-0.0003634399189939215 0.5562776741203758 0.4923259855155853 0.95 1.0 0.95 0.0 0.2 1.0 1.0 0.3 1.0 0.45 0.75 0.15 0.8 0.75 0.8 0.0 0.9 0.65 0.4 0.7 0.15 0.45 0.15 0.85 1.0 0.2 1.0 0.0 0.5 0.9 0.95 0.5 0.0 0.45 0.6 0.4 
-0.006806196441872579 0.4217633168128945 0.4913619775769124 0.7 0.15 0.0 0.35 0.95 0.05 0.95 0.4 0.6 0.7 0.5 0.4 0.35 0.15 0.85 0.2 0.7 0.95 0.65 0.5 0.6 0.1 0.9 0.55 0.75 0.1 0.55 0.35 0.55 0.2 0.5 0.7 0.55 1.0 0.3 0.6 
-0.004231381780104703 0.4142176061016102 0.5254861172979493 0.0 0.75 0.95 0.9 0.25 0.45 0.4 0.4 0.0 0.7 0.05 0.4 0.55 0.0 0.35 0.35 0.1 0.4 0.35 0.25 0.75 0.65 1.0 0.85 1.0 0.4 0.3 0.8 0.25 0.7 0.35 0.1 0.0 0.45 0.15 0.2 
-0.177356285412341 0.5021973059505055 0.5680419274489548 0.5 0.6 0.9 0.45 0.5 0.25 1.0 1.0 0.8 0.9 0.15 0.1 0.0 0.7 0.05 0.7 0.35 0.45 0.45 0.8 0.9 0.55 0.4 0.3 0.7 0.1 0.6 0.0 0.85 0.6 1.0 0.65 0.4 0.7 0.7 0.5 
-0.010524810620445305 0.5378853212307706 0.5287624609992707 0.5 0.15 0.15 0.6 0.85 0.15 0.7 0.5 0.85 0.45 0.55 0.25 0.85 0.9 0.15 0.85 0.75 0.85 0.0 0.05 0.15 0.4 0.55 0.1 0.95 0.1 0.65 0.1 0.25 0.4 0.15 0.8 0.55 1.0 0.75 0.4 
-0.004695865268820811 0.43437604131753993 0.5150970676509085 0.05 0.15 0.6 1.0 0.9 0.0 0.4 0.85 0.0 0.35 0.95 0.35 0.8 0.2 0.1 0.45 0.0 0.8 0.8 0.15 0.55 0.75 0.95 0.95 0.95 0.3 0.4 0.85 0.35 0.45 0.95 0.1 0.4 0.6 0.8 0.7 
-0.009626318923701355 0.5334145257544247 0.4708873091416326 0.5 0.3 0.2 0.3 0.75 0.15 1.0 0.5 0.65 0.55 0.8 0.25 0.7 0.85 0.45 1.0 0.75 1.0 0.4 0.8 0.9 0.7 0.4 0.9 0.95 0.1 0.3 0.7 0.05 0.55 1.0 0.35 0.55 0.9 0.0 0.0 
-0.0077997585299677125 0.4576089931822096 0.4794940490574371 0.9 0.7 0.0 0.35 0.75 0.05 1.0 0.25 0.6 0.7 0.5 0.5 1.0 0.0 0.85 0.2 0.6 0.2 0.95 0.5 0.8 0.8 0.25 0.55 0.05 0.45 0.65 0.0 0.45 0.75 0.4 0.7 0.4 0.95 0.3 0.75 
-0.0013167058160888764 0.5802083293197818 0.47629983901472095 0.5 0.85 0.9 0.1 0.75 0.15 1.0 0.5 0.65 0.35 0.8 0.25 0.9 0.85 0.35 1.0 0.75 0.5 0.3 0.8 0.9 0.4 0.65 0.35 0.9 0.1 0.65 0.2 0.45 0.55 0.1 0.2 0.2 0.75 0.7 0.3 
-0.008520037240776613 0.45428404200502526 0.5317601736182459 0.75 0.4 0.5 0.95 0.3 0.85 0.65 0.1 0.4 0.3 0.45 1.0 0.35 0.0 0.95 0.0 0.7 0.85 0.0 0.0 0.8 0.65 0.65 0.9 0.9 0.1 0.2 0.3 0.0 0.8 0.05 0.35 0.6 0.05 0.45 0.95 
-0.03533729775938117 0.5158427430743737 0.4768752578539964 0.5 0.25 0.15 0.3 0.85 0.15 0.75 0.5 0.8 0.2 0.25 0.25 0.95 0.8 0.4 0.9 0.75 0.85 0.0 0.8 0.9 0.4 0.55 0.3 0.95 1.0 0.65 0.55 0.25 0.15 1.0 0.8 0.55 1.0 1.0 0.4 
-0.0031706470414854795 0.5557476263369863 0.4605472285547192 0.75 0.55 0.3 0.6 0.95 0.75 0.75 0.8 0.8 0.85 0.05 0.15 0.2 0.9 0.2 0.0 0.4 0.8 0.35 0.85 0.4 0.55 0.95 0.55 0.1 0.95 0.55 0.5 0.6 0.25 0.3 0.25 0.2 0.95 0.65 0.0 
-0.058814401984370504 0.5135303648296159 0.5317903961696001 0.3 0.1 1.0 0.5 0.85 0.25 1.0 0.6 0.45 0.7 0.0 0.4 0.3 0.6 0.55 0.0 0.6 0.6 0.7 0.7 0.7 0.65 0.6 0.2 0.95 0.4 0.75 0.2 0.45 0.75 0.95 1.0 0.75 0.05 0.75 0.6 
-0.00028255393421393267 0.4648978732946879 0.4373638673285113 0.7 0.7 0.0 0.35 0.75 0.05 0.95 0.25 0.6 0.7 0.5 0.15 0.95 0.15 0.85 0.2 0.7 0.2 0.65 0.5 0.8 0.8 0.9 0.55 0.75 0.1 0.75 0.3 0.5 0.2 0.45 0.7 0.55 1.0 0.3 0.2 
-0.031515729535367014 0.44459830174343273 0.5422455369606114 0.0 0.75 0.15 0.9 0.25 0.45 0.4 0.4 0.0 0.7 0.05 0.25 0.55 0.0 0.7 0.35 0.1 0.4 0.35 0.25 0.75 0.65 1.0 0.85 1.0 0.4 0.3 0.8 0.25 0.7 0.35 0.1 0.0 0.45 0.45 0.2 
-0.001592048180528324 0.47974225259234426 0.5415955004991276 0.0 0.75 0.15 0.2 0.25 0.45 0.8 0.4 0.35 0.6 0.25 0.45 0.75 0.4 0.25 0.6 0.65 0.4 0.5 0.25 0.5 0.35 1.0 0.65 1.0 0.4 0.15 0.8 0.25 0.75 0.75 0.1 0.65 0.45 0.45 0.2 
-0.0007908829303403024 0.5489332214857591 0.6264975593548668 0.5 0.6 0.15 0.45 0.25 0.1 0.55 0.2 0.8 0.45 0.4 0.25 0.85 0.1 0.15 0.6 0.95 0.15 0.0 0.8 0.9 0.4 0.65 0.3 0.6 0.1 0.6 0.0 0.25 0.4 1.0 0.8 0.55 0.7 0.75 0.4 
-0.01498025146974499 0.612049523134609 0.576874449748585 0.5 1.0 0.45 0.3 0.85 0.15 1.0 0.5 0.1 0.45 0.8 0.25 0.9 0.9 0.5 0.65 0.75 0.85 0.75 0.8 0.9 0.4 0.45 0.75 0.9 0.1 0.65 0.1 0.7 0.25 1.0 0.8 0.55 1.0 0.75 0.3 
-0.06435984937224636 0.4723062865938364 0.4080070263117894 0.7 0.7 0.0 0.35 0.75 0.05 0.55 0.25 0.6 0.7 0.5 0.5 1.0 0.15 0.85 0.2 0.6 0.15 0.95 0.5 0.8 0.8 0.25 0.55 0.05 0.45 0.65 0.0 0.45 0.75 0.05 0.5 0.4 0.95 0.3 0.5 
-0.004451505135549963 0.570883274386959 0.5198013795484698 0.3 0.6 1.0 0.4 0.85 0.25 1.0 0.1 0.45 1.0 0.7 0.4 0.35 0.05 0.15 0.35 0.3 0.7 0.75 0.3 0.45 0.15 0.6 0.2 0.95 0.0 0.75 0.2 0.5 0.75 0.9 0.3 0.75 0.4 0.5 0.6 
-0.0064022455758320235 0.5760203407900472 0.5461844453208148 0.75 0.6 0.15 0.45 0.95 0.1 0.35 0.05 0.8 0.0 0.4 0.25 0.45 0.7 0.05 0.6 0.75 0.85 0.0 0.05 0.5 0.4 0.55 0.3 0.6 0.1 0.6 0.0 0.25 0.4 1.0 0.8 0.55 1.0 0.75 0.4 
-0.0015549559822068556 0.4748486306940585 0.46090971667783504 0.5 0.15 0.15 0.45 0.55 0.1 0.75 0.4 0.8 0.45 0.4 0.25 1.0 0.4 0.15 0.6 0.75 0.85 0.95 0.8 0.9 0.4 0.65 0.3 0.1 0.1 0.6 0.0 0.25 0.4 1.0 0.8 0.0 0.7 0.75 0.4 
-0.01131288205888297 0.5623198419095843 0.5985204248606704 0.5 1.0 0.45 0.3 0.85 0.15 1.0 0.5 0.1 0.45 0.8 0.25 0.9 0.9 0.5 0.65 0.9 0.85 0.75 0.8 0.9 0.4 0.45 0.75 0.9 0.1 0.65 0.1 0.75 0.25 1.0 0.8 0.55 1.0 0.75 0.3 
-0.000260265162691137 0.5689893628539227 0.5269377902158124 0.3 0.6 1.0 0.4 0.85 0.25 1.0 0.1 0.45 1.0 0.7 0.4 0.35 0.05 0.55 0.35 0.3 0.6 0.75 0.3 0.45 0.15 0.6 0.2 0.95 0.4 0.75 0.2 0.5 0.75 0.9 1.0 0.75 0.05 0.5 0.6 
-0.0023286544341275623 0.5451856030349242 0.5590500806076415 0.05 0.5 0.1 0.65 1.0 0.8 0.25 0.2 0.95 0.05 0.75 0.95 0.15 0.7 1.0 0.85 0.35 0.5 0.25 0.4 0.25 0.3 1.0 0.95 0.55 0.5 0.8 0.65 0.75 0.4 0.95 0.9 0.5 0.85 0.55 0.1 
-0.0011890437248628144 0.44033031559284164 0.4799020462359851 0.7 0.85 0.45 0.2 0.05 0.7 0.7 0.6 0.55 0.65 0.6 0.15 0.4 0.75 0.25 0.2 0.7 0.8 0.9 0.65 0.1 0.2 0.05 0.45 0.7 0.4 0.35 0.4 0.3 0.6 0.05 0.85 0.25 0.15 0.1 0.9 
-0.0015895548024643642 0.5824359139912663 0.5062424180247445 0.5 0.15 0.15 0.45 0.85 0.25 0.75 1.0 0.65 0.45 0.4 0.25 0.05 0.4 0.15 0.4 0.75 0.85 0.0 0.6 0.9 0.4 0.65 0.3 0.95 0.1 0.85 0.0 0.6 0.4 1.0 0.8 0.55 0.7 0.75 0.4 
-1.2074182697257333e-06 0.5664857297445897 0.5626774324600889 0.5 0.15 0.15 0.45 0.55 0.1 0.55 0.1 0.35 0.3 0.4 0.25 0.65 0.45 0.15 0.6 0.3 0.85 0.0 0.8 0.9 0.4 0.65 0.3 0.95 0.1 0.6 0.8 0.25 0.4 1.0 0.8 0.55 0.7 0.7 0.4 
-0.003001964419239212 0.46022134682657245 0.4581160927207024 0.45 0.7 0.3 0.55 0.05 0.05 0.3 0.05 0.4 0.9 0.55 0.8 0.9 0.65 0.5 0.05 0.0 0.35 0.85 0.4 0.2 1.0 0.15 0.6 0.0 0.5 0.2 0.4 0.0 0.6 0.25 0.1 1.0 0.2 0.85 0.95 
-0.008256545482621468 0.5327211894257363 0.5585503903015123 0.05 0.5 0.1 0.65 1.0 0.8 0.25 0.2 0.95 0.05 0.75 0.95 0.15 0.7 1.0 0.85 0.35 0.5 0.25 0.4 0.25 0.3 1.0 0.95 0.55 0.5 0.8 0.65 0.75 0.65 0.95 0.9 0.5 0.85 0.55 0.1 
-0.005983287198086923 0.5811072218093665 0.5646130908452266 0.5 0.45 0.15 0.3 0.1 0.15 0.7 0.0 0.85 0.55 0.8 0.25 1.0 0.9 0.75 0.95 0.75 0.85 0.0 0.05 0.15 0.95 0.55 0.1 0.95 0.1 0.65 0.1 0.25 0.4 1.0 0.75 0.55 1.0 0.75 0.4 
-0.012511238946541391 0.49784556790200984 0.4527345645527526 0.7 0.3 0.65 0.35 0.2 0.05 0.95 0.4 0.3 0.7 0.55 0.25 0.25 0.15 0.85 0.65 0.7 0.2 0.25 0.95 0.6 0.95 0.9 0.55 0.9 0.7 0.5 0.35 0.55 0.2 0.5 0.7 0.1 1.0 0.3 0.6 
-0.08445839492511129 0.5007599172453623 0.5822693877223729 0.5 0.6 0.9 0.45 0.5 0.25 1.0 1.0 0.8 0.9 0.15 0.1 0.0 0.7 0.05 0.7 0.35 0.05 0.45 0.8 0.9 0.55 0.4 0.3 0.7 0.1 0.6 0.0 0.85 0.6 0.95 0.65 0.4 0.7 0.7 0.5 
-0.0028636096292646933 0.5764579436178261 0.4621449487405649 0.6 0.2 0.75 1.0 0.25 0.95 0.85 0.2 0.65 0.85 0.65 0.4 0.2 0.4 0.9 0.6 0.5 0.85 0.75 0.0 0.5 0.95 0.05 0.8 0.45 0.35 0.05 0.85 0.95 0.55 0.6 0.95 0.8 0.95 0.0 0.35 
-0.003850903229650967 0.595169915774573 0.5210944057047103 0.3 0.6 1.0 0.4 0.85 0.25 1.0 0.1 0.45 1.0 0.7 0.4 0.05 0.05 0.55 0.55 0.3 0.6 0.75 0.7 0.85 0.15 0.6 0.2 0.95 0.4 0.75 0.2 0.5 0.75 0.7 1.0 0.75 0.05 0.75 0.6 
-0.009986661482149405 0.43167683818402836 0.4303670309206671 0.9 0.7 0.0 0.35 0.75 0.05 0.95 0.25 0.4 0.7 0.35 0.4 1.0 0.15 0.85 0.65 0.7 0.2 0.45 0.5 0.8 0.85 0.2 0.55 1.0 0.1 0.75 0.0 0.3 0.2 0.45 0.3 0.85 1.0 0.3 0.35 
-0.023647950511729833 0.5224689483185374 0.44615125600564975 0.6 0.4 0.75 0.0 0.6 0.95 0.85 0.2 0.65 0.75 0.65 0.4 0.75 0.4 0.9 0.6 0.5 0.95 0.75 0.0 0.4 0.15 0.05 0.8 0.45 0.35 0.45 0.3 0.9 0.45 0.6 0.65 0.6 0.95 0.0 0.35 
-0.003306398696486041 0.5836934328665817 0.544410088571028 0.3 0.6 1.0 0.4 0.85 0.25 1.0 0.1 0.45 1.0 0.9 0.4 0.35 0.05 0.55 0.35 0.3 0.8 0.75 0.3 0.45 0.15 0.6 0.2 0.95 0.4 0.75 0.2 0.5 0.75 0.9 1.0 0.75 0.05 0.5 0.6 
-0.0027460929570763044 0.41079972919389546 0.539314549369587 0.25 0.2 0.6 1.0 0.9 0.35 0.8 0.85 0.65 0.25 0.95 0.45 0.8 0.65 0.6 0.45 0.0 0.0 0.6 0.15 0.55 0.1 0.3 0.95 0.3 0.55 0.45 0.55 0.35 0.45 0.95 0.1 0.4 0.6 0.8 0.7 
-0.06503719777821672 0.39689788095227657 0.5202743045750089 0.65 0.75 0.6 0.9 0.35 0.4 0.25 0.85 0.6 0.4 0.95 0.6 0.95 0.2 0.1 0.45 0.0 0.25 0.05 0.15 0.2 0.85 0.95 0.1 0.95 0.45 0.45 0.85 0.35 0.9 0.95 0.1 0.4 0.6 0.8 0.7 
-0.006524475476407147 0.4734457543950857 0.5856958032563303 0.0 0.75 0.15 0.2 0.25 0.85 0.85 0.4 0.0 0.6 0.25 0.45 0.4 0.65 0.95 0.2 0.65 0.4 0.65 0.25 0.5 0.65 1.0 0.65 1.0 0.4 0.4 0.8 0.25 0.75 0.35 0.1 0.65 0.45 0.45 0.2 
-0.004892320043880968 0.5464431696641804 0.5840367169794891 0.05 0.6 0.45 0.65 1.0 0.8 0.25 0.2 0.5 0.05 0.75 0.8 0.15 0.7 1.0 0.85 0.35 0.5 0.25 0.4 0.25 0.3 0.25 0.95 0.1 0.5 0.8 0.65 0.6 0.65 0.95 0.9 0.5 0.45 0.3 0.1 
-0.005901918738959279 0.46388241270383557 0.42084779581993215 0.7 0.7 0.0 0.35 0.75 0.05 0.55 0.25 0.6 0.7 0.5 0.5 1.0 0.15 0.85 0.2 0.6 0.15 0.95 0.5 0.8 0.8 0.25 0.55 0.05 0.45 0.65 0.0 0.45 0.75 0.4 0.5 0.4 0.95 0.3 0.5 
-0.018048196166106756 0.41015412846722105 0.4446494285291034 0.25 0.2 0.1 0.65 0.9 0.35 0.8 0.7 0.4 0.6 0.95 0.45 0.8 0.25 0.1 0.45 0.0 0.85 0.6 0.3 0.55 0.1 1.0 0.95 0.3 0.7 0.45 0.7 0.35 0.45 0.95 0.1 0.4 0.6 0.65 0.7 
-0.007078032707918679 0.3972338420250951 0.47501085212443334 0.7 0.35 0.65 0.35 0.75 0.1 0.95 0.4 0.3 0.5 0.55 0.25 0.1 0.15 0.85 0.15 0.4 0.25 0.25 0.5 0.6 0.1 0.5 0.55 0.75 0.1 0.65 0.8 0.55 0.2 0.85 0.7 0.4 1.0 0.3 0.6 
-0.01144026814967104 0.5416492094723886 0.6268563189757926 0.5 0.6 0.15 0.45 0.25 0.1 0.35 0.2 0.8 0.45 0.4 0.25 0.85 0.1 0.15 0.6 0.95 0.15 0.0 0.8 0.9 0.4 0.65 0.3 0.6 0.1 0.6 0.0 0.25 0.4 1.0 0.8 0.55 0.7 0.75 0.4 
-0.04352190206458096 0.4311505253207353 0.590049073469755 0.25 0.75 0.5 0.95 0.05 0.85 0.6 0.4 0.0 0.65 0.25 0.5 0.55 0.4 0.35 0.2 0.65 0.05 0.65 0.15 0.5 0.55 1.0 0.85 1.0 0.4 0.85 0.8 0.25 0.75 0.45 0.1 0.65 0.45 0.45 0.15 
-0.08706663832040236 0.5128336500676359 0.6052234656251816 0.5 0.6 0.35 0.45 0.15 0.25 0.1 1.0 0.8 0.9 0.15 0.1 0.35 0.7 0.05 0.8 0.5 0.45 0.45 0.8 0.9 0.55 0.4 0.3 0.7 0.1 0.6 0.0 0.85 0.6 1.0 0.65 0.4 0.7 0.7 0.5 
-0.015983410950651665 0.5184676608796407 0.5796125824058356 0.0 0.1 0.95 0.95 0.15 0.9 0.85 0.1 0.45 0.7 0.85 1.0 0.5 0.5 0.45 0.35 0.6 0.3 0.0 0.7 0.85 0.95 0.85 0.2 0.95 0.4 0.75 0.6 0.4 0.2 1.0 0.55 0.3 0.65 0.75 0.45 
-0.01389986837807285 0.4673917472368997 0.39366099516751635 0.7 0.7 0.0 0.35 0.75 0.05 1.0 0.25 0.6 0.7 0.5 0.5 1.0 0.15 0.85 0.2 0.6 0.2 0.95 0.5 0.8 0.8 0.25 0.55 0.05 0.45 0.65 0.0 0.45 0.75 0.4 0.5 0.4 0.95 0.3 0.5 
-0.002826349666839945 0.4479690317103932 0.37875279015486235 0.7 0.7 0.0 0.35 0.75 0.05 0.85 0.25 0.6 0.7 0.5 0.4 0.95 0.15 0.85 0.2 0.7 0.2 0.95 0.5 0.8 0.8 0.9 0.55 0.75 0.1 0.8 0.35 0.5 0.2 0.15 0.5 0.7 1.0 0.3 0.35 
-0.003031985591878069 0.4433900789403826 0.5675388843656424 0.0 0.75 0.15 0.0 0.6 0.45 0.9 0.4 0.0 0.6 0.25 0.45 0.95 0.35 0.25 0.2 0.85 1.0 0.5 0.6 0.5 0.65 1.0 0.65 1.0 0.4 0.65 0.9 0.25 0.7 0.85 0.1 0.65 0.85 0.45 0.5 
-0.0025456934609295384 0.5489498871337457 0.6031873700603995 0.5 0.6 0.15 0.45 0.25 0.1 0.35 0.2 0.8 0.45 0.4 0.25 1.0 0.1 0.15 0.6 0.95 0.2 0.0 0.8 0.9 0.4 0.65 0.3 0.6 0.1 0.6 0.0 0.25 0.4 1.0 0.8 0.55 0.75 0.75 0.4 
-0.0020306876504373977 0.5762486310403429 0.4477568965103048 0.6 0.1 0.1 0.0 0.85 0.95 0.95 0.95 0.6 0.85 0.65 0.4 0.8 0.4 0.5 0.2 1.0 0.9 0.4 0.0 0.8 0.15 0.05 0.4 0.6 0.9 0.45 0.2 0.5 0.2 0.95 0.75 0.6 0.8 0.0 0.35 
-0.0006690023418723438 0.43504049183749627 0.38912502375467906 0.15 0.75 0.1 0.35 0.7 0.05 0.95 0.25 0.7 0.7 0.35 0.4 0.95 0.15 0.85 0.6 0.7 0.15 0.45 0.5 0.8 0.8 0.9 0.55 0.75 0.25 0.75 0.0 0.55 0.2 0.05 0.25 0.85 0.9 0.3 0.35 
-0.03983894169563893 0.5265266844921407 0.6376202841743625 0.5 0.75 0.15 0.45 0.2 0.1 0.75 1.0 0.8 0.45 0.4 0.15 0.3 0.4 0.15 0.6 0.75 0.85 0.0 0.8 0.9 0.4 0.65 0.3 0.95 0.1 0.6 0.0 0.25 0.4 0.9 0.8 0.4 0.7 0.75 0.4 
-0.003101279269519638 0.5502469136007897 0.4334096367915845 0.5 0.15 0.95 0.15 0.85 0.15 1.0 0.5 0.55 0.45 0.8 0.25 0.9 0.8 0.35 0.9 0.75 0.85 0.0 0.8 0.9 0.4 0.4 0.3 0.9 0.1 0.65 0.0 0.7 0.4 1.0 0.8 0.75 0.25 0.75 0.4 
-0.00994421914565772 0.628693969511034 0.5665276062802491 0.0 0.1 0.95 0.95 0.15 0.9 1.0 0.1 0.45 0.7 0.85 0.6 0.5 0.5 0.45 0.35 0.6 0.75 0.0 0.7 0.85 0.95 0.85 0.2 0.95 0.4 0.75 0.6 0.4 0.2 1.0 0.55 0.3 0.65 0.75 0.45 
-0.004573868145112205 0.611933853975735 0.5624311716362315 0.5 1.0 0.95 0.3 0.85 0.15 1.0 0.5 0.95 0.45 0.8 0.25 0.9 1.0 0.5 0.65 0.75 0.85 0.3 0.8 0.9 0.0 0.45 0.75 0.9 0.1 0.65 0.1 0.7 0.25 1.0 0.6 0.55 1.0 0.75 0.4 
-0.005031284187234853 0.4490212113357581 0.4356619782067678 0.7 0.7 0.2 0.35 0.75 0.05 0.95 0.25 0.7 0.7 0.2 0.4 0.4 0.15 0.85 0.65 0.7 0.2 0.45 0.5 0.8 0.85 0.2 0.55 1.0 0.7 0.8 0.0 0.65 0.2 0.45 0.05 0.85 1.0 0.3 0.35 
-0.009467331708396634 0.6262096851761034 0.5335997260538379 0.0 0.8 1.0 0.95 0.15 0.25 1.0 0.1 0.25 0.55 0.75 0.4 0.75 0.5 0.55 0.0 0.6 0.85 0.75 0.7 0.85 0.9 0.85 0.2 0.85 0.4 0.75 0.5 0.45 0.4 1.0 0.4 0.3 0.05 0.75 0.95 
-0.0034380632581250316 0.43589228130379276 0.45493669337266707 0.5 0.5 0.15 0.65 0.5 0.15 0.95 0.85 0.4 0.7 0.95 0.4 0.8 0.0 0.4 0.65 0.35 1.0 0.75 0.2 0.55 0.75 0.3 0.95 1.0 0.55 0.2 1.0 0.05 0.4 0.95 0.1 0.75 0.6 0.2 0.55 
-0.03877577958289877 0.5044567616009458 0.6094517727298425 0.5 0.15 0.15 0.45 0.55 0.3 0.75 0.5 0.8 0.45 0.4 0.25 0.85 0.4 0.15 0.6 0.75 0.4 0.4 0.8 0.9 0.05 0.1 0.3 0.95 0.1 0.6 0.0 0.25 0.4 1.0 0.8 0.55 0.8 0.75 0.4 
-0.028358821407214338 0.5193576637903561 0.42915027619124824 0.6 0.4 0.75 0.0 0.35 0.5 0.95 0.2 0.65 0.5 0.65 0.4 0.25 0.4 0.2 0.45 1.0 0.95 0.75 0.0 0.25 0.15 0.05 0.8 0.9 0.8 0.45 0.3 0.9 0.15 0.5 0.75 0.6 0.95 0.0 0.35 
-0.00045526313888276046 0.6020353210334635 0.5608373515465627 0.5 0.15 0.15 0.45 0.85 0.1 0.75 0.1 0.9 0.3 0.4 0.25 0.85 0.35 0.0 0.6 0.2 0.85 0.6 0.35 0.9 0.4 0.65 0.8 0.15 0.1 0.6 0.0 0.4 0.4 1.0 0.8 0.55 0.7 0.75 0.4 
-0.006221536904277115 0.6016555802531585 0.5081629152257262 0.5 0.8 0.2 0.3 0.75 0.15 1.0 0.5 0.65 0.75 0.8 0.25 1.0 0.85 0.45 1.0 0.75 0.85 0.4 0.8 0.9 0.7 0.8 0.9 0.95 0.1 0.65 0.8 0.05 0.55 1.0 0.35 0.55 0.0 0.0 0.0 
-0.003609015825693891 0.5887120083384525 0.47122927585038377 0.6 0.1 0.7 0.0 0.85 0.95 0.95 0.2 0.6 0.5 0.65 0.4 0.8 0.4 0.2 0.2 1.0 0.9 0.4 0.0 0.8 0.15 0.05 0.4 0.6 0.9 0.45 0.2 0.5 0.2 0.95 0.75 0.6 0.8 0.0 0.8 
-0.005781261849000889 0.44340001307729093 0.42333792607041165 0.1 0.3 0.05 0.35 0.75 0.1 0.95 0.4 0.3 0.65 0.55 0.25 0.8 0.15 0.85 0.9 1.0 0.4 0.65 0.5 0.6 0.1 0.9 0.55 0.95 0.1 0.35 1.0 0.55 0.9 0.85 0.7 0.4 1.0 0.35 0.5 
-0.022187917852155407 0.41558143375156786 0.4164344406972882 0.7 0.6 0.65 0.4 0.2 0.05 0.95 1.0 0.3 0.7 0.55 0.25 0.95 0.15 0.85 0.2 0.7 0.35 0.25 0.5 0.85 0.95 0.9 0.55 0.9 0.1 0.8 0.35 0.55 0.2 0.5 0.7 0.2 1.0 0.3 0.6 
-0.0005147901105571579 0.37472663135438933 0.5058675842190338 0.0 0.75 0.15 0.65 0.25 0.45 0.4 0.4 0.9 0.9 0.25 0.45 1.0 0.4 0.25 0.2 0.8 0.4 0.5 0.25 0.5 0.65 1.0 0.65 1.0 0.4 0.15 0.85 0.25 0.75 0.75 0.1 0.65 0.4 0.45 0.1 
-0.00227982567847984 0.6039372528372414 0.5278537156619939 0.35 0.15 0.15 0.45 0.55 0.1 0.35 0.1 0.65 0.45 0.4 0.15 0.9 0.8 0.2 0.6 0.75 0.85 0.9 0.5 0.9 0.8 0.2 0.3 0.45 0.1 0.6 0.0 0.25 0.25 0.9 0.8 0.65 1.0 0.7 0.4 
-0.0045608313298677 0.39374185305944254 0.5342690736885732 0.65 0.15 0.6 1.0 0.9 0.0 0.4 0.85 0.45 0.35 0.95 0.35 0.8 0.2 0.1 0.45 0.0 0.0 0.8 0.15 0.55 0.75 0.95 0.95 0.95 0.3 0.4 0.85 0.35 0.45 0.95 0.1 0.4 0.6 0.8 0.7 
-0.0008127974437391796 0.38065952705719813 0.4726988567663162 0.65 0.5 0.15 0.65 0.5 0.75 0.95 0.85 0.4 0.7 0.95 0.4 1.0 0.7 0.1 0.45 0.35 0.7 0.6 0.2 0.55 0.75 0.3 0.95 1.0 0.55 0.5 1.0 0.35 0.45 0.95 0.1 0.75 0.6 0.65 0.25 
-0.0027927610682206266 0.3809183877042638 0.52805578791543 0.0 0.75 0.15 0.65 0.25 0.45 0.4 0.4 0.9 0.9 0.25 0.45 1.0 0.4 0.25 0.2 0.8 0.25 0.5 0.25 0.5 0.65 1.0 0.65 1.0 0.4 0.15 0.9 0.25 0.75 0.75 0.1 0.65 0.4 0.45 0.1 
-0.01067360630522314 0.504956151907417 0.4227262531712209 0.6 0.4 0.75 0.0 0.35 0.5 0.95 0.2 0.65 0.5 0.65 0.4 0.8 0.4 0.2 0.45 1.0 0.95 0.75 0.0 0.25 0.15 0.05 0.8 0.9 0.8 0.45 0.3 0.9 0.15 0.5 0.75 0.6 0.95 0.0 0.35 
-0.022252387758360734 0.4813592838711452 0.585977777998005 0.0 0.75 0.15 0.2 0.25 0.85 0.85 0.4 0.0 0.6 0.25 0.45 0.4 0.65 0.95 0.1 0.65 0.4 0.65 0.25 0.5 0.65 1.0 0.65 1.0 0.4 0.4 0.8 0.25 0.75 0.35 0.1 0.65 0.45 0.45 0.35 
-0.006282393813917845 0.40250245449856087 0.4184224273829973 0.7 0.4 0.0 0.35 0.75 0.05 0.95 0.4 0.6 0.7 0.5 0.4 0.95 0.15 0.85 0.2 0.7 0.95 0.65 0.5 0.6 0.1 0.9 0.55 0.75 0.1 0.55 0.35 0.55 0.2 0.5 0.7 0.55 1.0 0.3 0.6 
-0.0849493773130536 0.5141244783426753 0.4093295317489712 0.5 0.15 0.95 0.3 0.85 0.1 1.0 0.5 0.65 0.75 0.8 0.25 0.9 0.85 0.2 1.0 0.75 0.85 0.4 0.8 0.9 0.4 0.95 0.9 0.9 0.1 0.65 0.15 0.7 0.55 1.0 0.2 0.55 0.55 0.75 0.0 
-0.00043012655346140146 0.38340820075538073 0.4794390150553967 0.75 0.3 0.0 0.35 0.75 0.05 0.95 0.45 0.3 0.7 0.6 0.25 0.95 0.15 0.85 0.45 0.7 0.95 0.25 0.5 0.6 0.95 0.9 0.6 0.9 0.1 0.55 0.35 0.55 0.2 0.7 0.7 0.9 1.0 0.3 0.6 
-0.005633265419047834 0.4181103707226823 0.39564649927908485 0.65 0.5 0.15 0.65 0.5 0.75 0.95 0.85 0.4 0.75 0.95 0.4 1.0 0.7 0.1 0.45 0.35 1.0 0.6 0.2 0.55 0.1 0.3 0.95 1.0 0.55 0.2 1.0 0.35 0.8 0.95 0.15 0.75 0.6 0.2 0.25 
-0.006177764340988531 0.5681573662627073 0.4242058110247814 0.5 0.15 0.95 0.15 0.85 0.15 1.0 0.5 0.55 0.45 0.8 0.25 0.9 0.8 0.5 0.9 0.75 0.85 0.0 0.8 0.9 0.4 0.4 0.3 0.9 0.1 0.65 0.0 0.7 0.4 1.0 0.8 0.75 0.25 0.75 0.4 
-0.05774034557505875 0.37503893688877443 0.4826653441168644 0.1 0.3 0.05 0.35 0.05 0.1 0.95 0.4 0.3 0.7 0.5 0.3 0.65 0.15 0.85 0.75 1.0 0.4 1.0 0.05 0.6 0.1 0.9 0.0 0.95 0.1 0.35 0.7 0.55 0.2 0.7 0.7 0.4 0.4 0.35 0.5 
-0.0009891537901975582 0.6223599856993739 0.5811013901647691 0.5 0.15 0.15 0.3 0.85 0.15 0.75 0.75 0.8 0.45 0.8 0.25 0.9 0.9 0.75 0.75 0.75 0.85 1.0 0.8 0.9 0.4 0.55 0.3 0.95 0.1 0.65 0.0 0.25 0.4 1.0 0.8 0.55 1.0 0.75 0.4 
-0.010379281846865733 0.3762266698900583 0.43933496044126397 0.65 0.5 0.15 0.65 0.5 0.75 0.95 0.85 0.4 0.7 0.95 0.4 1.0 0.0 0.1 0.45 0.35 1.0 0.6 0.2 0.55 0.75 0.3 0.95 1.0 0.55 0.5 1.0 0.35 0.45 0.95 0.1 0.75 0.6 0.2 0.4 
-0.051258229763241465 0.5890341051822661 0.6288790963089785 0.5 0.85 0.35 0.3 0.85 0.15 1.0 0.5 0.65 0.7 0.8 0.0 0.9 0.85 0.3 0.9 0.75 0.85 0.4 0.55 0.0 0.85 0.55 0.35 0.8 0.1 0.65 0.2 0.7 0.75 1.0 0.85 0.55 0.95 0.75 0.4 
-0.00370797698554251 0.4249326347924141 0.5854368820021394 0.25 0.75 0.5 0.95 0.05 0.85 0.6 0.4 0.0 0.65 0.25 0.5 0.55 0.4 0.25 0.2 0.65 0.05 0.65 0.15 0.5 0.55 1.0 0.85 1.0 0.4 0.85 0.8 0.25 0.75 0.45 0.1 0.65 0.45 0.45 0.15 
-0.041860008989573934 0.5338175061770094 0.40033070410673594 0.5 0.8 0.2 0.85 1.0 0.8 1.0 0.5 0.65 0.75 0.8 0.25 1.0 0.85 0.6 1.0 0.75 0.85 0.4 0.8 0.35 0.7 0.8 0.9 0.95 0.1 0.85 0.85 0.05 0.55 1.0 0.7 0.55 0.9 1.0 0.0 
-0.03022004896782351 0.5694065696529829 0.628830925884901 0.75 0.6 0.45 0.45 0.95 0.1 0.8 0.05 0.8 0.45 0.4 0.25 0.45 0.7 0.05 0.6 0.7 0.65 0.0 0.05 0.5 0.4 0.55 0.3 0.6 0.1 0.6 0.0 0.25 0.4 1.0 0.8 0.55 1.0 0.75 0.4 
-0.005318993167389624 0.6306886568885841 0.6147507781902155 0.5 0.1 0.95 0.95 0.15 0.25 1.0 0.1 0.45 0.75 0.75 0.4 0.2 0.5 0.65 0.4 0.6 0.75 0.75 0.65 0.85 0.65 0.85 0.2 0.95 0.4 0.75 0.6 0.45 0.65 0.9 0.55 0.3 0.05 0.95 0.5 
-0.9464377822564823 0.5015492550524815 0.6380646971523141 0.5 0.15 0.15 0.45 0.55 0.1 0.65 1.0 0.8 0.45 0.4 0.25 0.35 0.35 0.15 0.6 0.8 0.85 0.0 0.8 0.9 0.2 0.65 0.3 0.95 0.1 0.6 0.0 0.25 1.0 0.9 0.8 0.45 0.7 0.75 0.4 
-0.0018094964544144243 0.5915903405244554 0.5971374455819678 0.5 0.6 0.15 0.45 0.25 0.5 0.55 0.2 0.8 0.45 0.4 0.25 0.85 0.1 0.15 0.6 0.95 0.15 0.0 0.8 0.9 0.4 0.65 0.3 0.6 0.1 0.6 0.0 0.25 0.4 1.0 0.8 0.55 0.7 0.75 0.55 
-0.014068874500399274 0.5127747200421527 0.6232767704967793 0.5 1.0 0.95 0.3 0.85 0.15 1.0 0.5 0.4 0.45 0.8 0.25 0.9 1.0 0.5 0.65 0.75 0.85 0.3 0.8 0.9 0.0 0.45 0.75 0.9 0.1 0.65 0.1 0.7 0.25 1.0 0.6 0.55 1.0 0.75 0.4 
-0.011659672750106598 0.4803083916705469 0.6095866771558281 0.0 0.75 0.15 0.2 0.6 0.45 0.9 0.4 0.0 0.6 0.25 0.45 0.15 0.35 0.25 0.2 0.85 1.0 0.5 0.6 0.5 0.65 1.0 0.65 1.0 0.4 0.65 0.9 0.25 0.7 0.85 0.1 0.65 0.85 0.45 0.2 
-0.00617340894393155 0.5174164824468411 0.6464148638094162 0.5 0.75 0.15 0.45 0.2 0.15 0.75 1.0 0.8 0.45 0.4 0.15 0.3 0.4 0.7 0.6 0.75 0.85 0.0 0.75 0.9 0.4 0.65 0.3 0.95 0.1 0.6 0.0 0.25 0.4 0.9 0.8 0.4 0.7 0.75 0.4 
-0.0007886710662261322 0.5467352548987263 0.39995200277509657 0.8 0.55 0.75 0.8 0.35 0.95 0.95 0.2 0.65 0.5 0.65 0.4 0.95 0.4 0.2 0.15 1.0 0.95 0.75 0.65 0.25 0.1 0.5 0.55 0.3 0.8 0.4 0.25 0.85 0.4 0.55 0.75 0.55 0.45 0.0 0.35 
-0.012566091175274673 0.5030532178706268 0.6452486763460175 0.5 0.6 0.9 0.45 0.5 0.25 1.0 1.0 0.25 0.9 0.15 0.1 0.0 0.7 0.05 0.7 0.35 0.05 0.45 0.8 0.95 0.55 0.4 0.3 0.7 0.1 0.6 0.0 0.85 0.6 0.95 0.65 0.4 0.7 0.7 0.5 
-0.03530367865269414 0.5348105287297562 0.6587508053449392 0.75 0.6 0.45 0.6 0.95 0.1 0.0 0.05 0.8 0.45 0.4 0.25 0.45 0.7 0.05 0.6 0.7 0.65 0.0 0.05 0.5 0.4 0.55 0.3 0.6 0.1 0.6 0.0 0.25 0.4 1.0 0.8 0.55 1.0 0.75 0.4 
-0.003564787167925812 0.6066779292229229 0.6340604182544488 0.5 0.15 0.15 0.45 0.55 0.1 0.55 0.1 0.6 0.45 0.5 0.05 0.7 0.4 0.05 0.6 0.75 0.85 0.0 0.8 0.9 0.4 0.65 0.2 0.95 0.1 0.6 0.0 0.25 0.4 0.7 0.8 0.55 0.7 0.75 0.4 
-0.011720993081825778 0.3622319194548552 0.5420990295024409 0.0 0.75 0.15 0.2 0.25 0.45 0.4 0.4 0.9 0.6 0.25 0.45 1.0 0.4 0.25 0.2 0.05 0.4 0.5 0.25 0.5 0.65 1.0 0.65 1.0 0.4 0.65 0.9 0.25 0.75 0.75 0.1 0.65 0.4 0.45 0.05 
-0.011494920405066512 0.6036412955694164 0.47994861849507287 0.6 0.2 0.75 0.0 0.2 0.95 0.95 0.2 0.65 0.5 0.65 0.4 0.8 0.4 0.2 0.2 1.0 0.95 0.75 0.0 0.8 0.15 0.05 0.8 0.1 0.35 0.45 0.85 0.45 0.2 0.85 0.75 0.6 0.95 0.0 0.65 
-112.23600673505462 0.4721130247444124 0.6590118820086319 0.65 0.4 0.45 0.45 0.95 0.1 0.65 1.0 0.8 0.6 0.35 0.35 0.7 0.65 0.2 0.6 0.35 0.25 0.7 0.8 0.9 0.35 0.45 0.45 0.95 0.1 0.6 0.0 0.35 0.15 1.0 0.8 0.4 0.65 0.7 0.75 
-0.021821564128879724 0.3910331777612308 0.5554334640607702 0.0 0.75 0.15 0.2 0.25 0.45 0.8 1.0 0.15 0.6 0.25 0.45 0.75 0.4 0.25 0.2 0.65 0.4 0.95 0.25 0.5 0.35 1.0 0.65 1.0 0.4 0.15 0.1 0.25 0.75 0.75 0.0 0.65 0.45 0.45 0.2 
-0.00524282535757289 0.5400808487676936 0.6686957664154745 0.75 0.6 0.15 0.45 1.0 0.1 0.35 0.6 0.8 0.45 0.4 0.25 0.45 0.7 0.05 0.6 0.75 0.85 0.0 0.05 0.5 0.4 0.55 0.3 0.6 0.1 0.6 0.0 0.25 0.4 1.0 0.8 0.55 1.0 0.75 0.4 
-0.00480049984971333 0.48972016656590983 0.3722146959246575 0.7 0.7 0.2 0.35 0.75 0.05 0.95 0.25 0.7 0.7 0.35 0.4 1.0 0.15 0.85 0.65 0.7 0.2 0.45 0.5 0.8 0.85 0.2 0.25 0.95 0.4 0.8 0.15 0.15 0.2 0.45 0.2 0.8 1.0 0.3 0.35 
-0.0008404012803900501 0.6559645273519366 0.46697419253192723 0.5 0.15 0.15 0.3 0.85 0.15 0.65 0.5 0.8 0.45 0.8 0.25 0.9 0.8 0.25 0.45 0.75 0.85 0.0 0.8 0.8 1.0 0.05 0.65 0.85 0.1 0.65 0.85 0.25 0.4 1.0 0.8 0.55 1.0 0.75 0.25 
-0.004290596711883741 0.571963082332778 0.6731215031718776 0.75 0.6 0.15 0.45 0.95 0.1 0.35 0.05 0.8 0.45 0.4 0.25 0.45 0.7 0.05 0.6 0.75 0.85 0.0 0.05 0.5 0.4 0.55 0.3 0.6 0.1 0.6 0.0 0.25 0.4 1.0 0.8 0.55 1.0 0.75 0.4 
-0.013273663389560911 0.4604119309490494 0.3791057318120769 0.7 0.7 0.0 0.35 0.75 0.05 1.0 0.25 0.6 0.7 0.5 0.5 1.0 0.15 0.85 0.2 0.6 0.2 0.95 0.5 0.8 0.8 0.25 0.55 0.05 0.45 0.65 0.0 0.45 0.75 0.4 0.7 0.4 0.95 0.3 0.5 
-0.04617792354312501 0.3697974139258113 0.5583385468483918 0.0 0.75 0.15 0.65 0.25 0.45 0.45 0.4 0.05 0.9 0.25 0.45 1.0 0.4 0.25 0.2 0.8 0.4 0.5 0.25 0.5 0.65 1.0 0.65 1.0 0.4 0.15 0.85 0.25 0.75 0.75 0.1 0.65 0.4 0.45 0.1 
-0.009420456597218114 0.4838475525227714 0.3790100027789834 0.7 0.7 0.0 0.35 0.75 0.05 1.0 0.25 0.6 0.7 0.5 0.5 1.0 0.15 0.85 0.2 0.7 0.2 0.95 0.5 0.8 0.8 0.25 0.55 0.05 0.45 0.65 0.0 0.45 0.75 0.4 0.5 0.4 0.95 0.3 0.5 
-0.009169399989383502 0.5915378518767773 0.6495188452161591 0.75 0.6 0.45 0.45 0.95 0.1 0.8 0.05 0.8 0.4 0.4 0.25 0.45 0.7 0.05 0.6 0.7 0.65 0.0 0.05 0.5 0.4 0.55 0.3 0.6 0.1 0.6 0.0 0.15 0.4 1.0 0.8 0.55 1.0 0.75 0.4 
-0.006959208030236929 0.43370250241298985 0.3567646071928343 0.15 0.9 0.0 0.35 0.75 0.05 0.95 0.25 0.7 0.7 0.35 0.4 0.95 0.15 0.85 0.55 0.7 0.2 0.45 0.15 0.8 0.8 0.9 0.55 0.75 0.25 0.75 0.15 0.55 0.2 0.1 0.25 0.85 1.0 0.35 0.35 
-0.003117022934774419 0.6373365512188034 0.5129747723494892 0.3 0.15 1.0 0.75 0.75 0.25 0.9 0.35 0.45 0.9 0.0 0.4 0.25 0.7 0.15 0.75 0.6 0.6 0.05 0.7 0.0 0.3 0.85 0.35 0.8 0.4 0.75 0.25 0.0 0.75 1.0 0.1 0.75 0.05 0.75 0.9 
-0.010486742779018295 0.5427946308234 0.6488771257764241 0.75 0.6 0.15 0.45 0.95 0.1 0.35 0.05 0.8 0.45 0.4 0.25 0.85 0.7 0.05 0.6 0.75 0.85 0.0 0.05 0.9 0.4 0.55 0.3 0.6 0.1 0.6 0.0 0.25 0.4 1.0 0.8 0.55 0.7 0.75 0.4 
-0.014067336936118115 0.5222026674177801 0.35011832245044383 0.15 0.15 0.2 0.95 0.75 0.15 1.0 0.5 0.65 0.9 0.8 0.25 1.0 0.85 0.3 0.85 0.75 0.85 0.5 0.8 0.9 0.7 0.8 0.9 0.15 0.8 0.75 0.9 0.05 0.55 0.2 0.25 0.55 0.9 0.0 0.0 
-0.0661945209962586 0.546198764837113 0.685692775937143 0.5 0.15 0.15 0.45 0.55 0.1 0.75 1.0 0.8 0.45 0.4 0.25 0.35 0.4 0.15 0.6 0.75 0.85 0.0 0.8 0.9 0.4 0.65 0.3 0.95 0.1 0.6 0.0 0.25 0.4 1.0 0.8 0.65 0.7 0.75 0.4 
-0.03581366804209653 0.3884211652079442 0.5920134737882937 0.0 0.75 0.15 0.2 0.25 0.45 0.8 1.0 0.15 0.6 0.25 0.45 0.75 0.4 0.25 0.2 0.65 0.4 0.95 0.25 0.5 0.35 1.0 0.65 1.0 0.4 0.15 0.8 0.25 0.75 0.75 0.1 0.65 0.45 0.45 0.2 
-0.016859732550586613 0.6429397645377559 0.44922083395228385 0.0 0.55 1.0 0.7 0.15 0.25 1.0 0.1 0.45 0.7 0.75 0.4 0.85 0.5 0.55 0.0 0.6 0.55 0.75 0.7 0.85 1.0 0.85 0.2 0.95 0.4 0.15 0.4 0.45 0.65 1.0 0.6 0.3 0.5 0.75 0.15 
-114.19217564426008 0.4487959325103464 0.6688707657968426 0.15 0.4 0.45 0.15 0.95 0.05 0.8 1.0 0.6 0.7 0.35 0.3 0.95 0.5 0.2 0.95 0.35 0.2 0.05 0.8 0.9 0.35 0.4 0.5 0.95 0.1 0.6 0.0 0.35 0.15 1.0 0.8 0.4 0.65 0.65 0.75 
-4.5113534589231 0.4613100015013142 0.6297782093703023 0.0 0.75 0.15 0.95 0.05 0.5 1.0 0.2 0.0 0.6 0.25 0.5 0.55 0.4 0.4 0.15 0.65 0.7 0.3 0.85 0.4 0.8 1.0 0.8 1.0 0.4 0.3 0.8 0.25 0.75 1.0 0.1 0.65 0.45 0.5 0.2 
-0.018159185963955944 0.4529592261741243 0.6425505301394839 0.0 0.75 0.15 0.95 0.05 0.5 1.0 0.3 0.0 0.6 0.25 0.6 0.75 0.4 0.4 0.15 0.3 0.7 0.3 0.85 0.5 0.65 0.9 0.6 1.0 0.4 0.25 0.8 0.25 0.75 1.0 0.1 0.65 0.4 0.5 0.2 
-0.028295338177560355 0.52828017416575 0.3762611533324511 1.0 0.8 0.75 0.6 0.75 0.15 1.0 0.5 0.65 0.75 0.8 0.25 1.0 0.85 0.5 0.85 0.75 0.85 0.9 0.0 0.9 0.7 0.8 0.9 0.95 0.95 0.8 0.8 0.05 0.55 0.5 0.1 0.2 0.6 0.0 0.0 
-0.01498251004263833 0.6206244739381814 0.5104801812472295 0.6 0.4 0.85 0.0 0.35 0.5 0.95 0.2 0.65 0.5 0.65 0.4 0.95 0.4 1.0 0.2 1.0 0.95 0.75 0.0 0.8 0.15 0.05 0.8 0.15 0.4 0.45 0.3 0.45 0.65 0.85 0.75 0.6 0.95 0.0 0.35 
-0.006849628457456473 0.47020941524957294 0.36095934187409645 0.7 0.7 0.2 0.35 0.75 0.05 0.95 0.25 0.7 0.7 0.2 0.4 1.0 0.15 0.85 0.65 0.7 0.2 0.45 0.5 0.8 0.85 0.2 0.25 0.85 0.65 0.8 0.0 0.15 0.2 0.45 0.05 0.8 1.0 0.3 0.35 
-0.00764975646636692 0.6248638547597667 0.46008873111345455 0.5 0.3 0.95 0.15 0.4 0.75 1.0 0.5 0.55 0.45 0.85 0.25 0.1 0.8 0.45 0.85 0.75 0.85 0.0 0.8 0.9 0.4 0.4 0.3 0.65 0.95 0.1 0.0 0.75 0.4 0.8 0.7 0.55 1.0 0.75 0.4 
-0.039786815571030865 0.5108797124658068 0.6785646279617864 0.5 0.15 0.15 0.45 0.55 0.1 0.65 1.0 0.8 0.45 0.4 0.25 0.3 0.35 0.15 0.6 0.8 0.85 0.0 0.8 0.9 0.2 0.65 0.3 0.95 0.1 0.6 0.0 0.25 1.0 0.9 0.8 0.45 0.7 0.75 0.4 
-0.043410802173830906 0.5686111196615806 0.6756087843902402 0.5 0.15 0.15 0.45 0.95 0.1 0.75 0.1 0.8 0.3 0.4 0.25 0.5 0.35 0.15 0.6 0.75 0.85 0.0 0.8 0.9 0.4 0.65 0.3 0.95 0.1 0.6 0.0 0.25 0.4 1.0 0.8 0.55 0.7 0.75 0.4 
-0.07891277343671388 0.609623076373389 0.6917516616764775 0.05 0.9 0.15 0.45 0.95 0.1 0.75 0.1 0.8 0.3 0.4 0.25 0.05 0.35 0.1 0.45 0.75 0.85 0.0 0.8 0.9 0.4 0.65 0.3 0.95 0.1 0.6 0.05 0.25 0.4 1.0 0.8 0.55 0.9 0.75 0.4 
-0.056639819008326105 0.4480963890325543 0.6086915309949037 0.0 0.7 0.15 0.2 0.25 0.9 0.9 0.45 0.0 0.6 0.25 0.45 1.0 0.6 0.25 0.15 0.65 0.4 0.5 0.2 0.5 0.65 0.35 0.65 1.0 0.4 0.8 0.8 0.25 0.7 0.7 0.1 0.65 0.9 0.45 0.2 
-0.007232676214602337 0.44356825995616844 0.361235193357749 0.15 0.15 0.0 0.35 0.75 0.05 0.95 0.25 0.7 0.7 0.35 0.4 0.95 0.15 0.85 0.6 0.7 0.2 0.45 0.5 0.8 0.8 0.9 0.55 0.75 0.25 0.75 0.0 0.55 0.2 0.05 0.25 0.85 1.0 0.3 0.35 
-0.02264758837314963 0.43982085535122634 0.6233306599874416 0.0 0.75 0.15 0.95 0.05 0.5 1.0 0.35 0.0 0.6 0.25 0.6 0.75 0.4 0.4 0.15 0.65 0.7 0.3 0.85 0.5 0.65 1.0 0.8 1.0 0.4 0.25 0.8 0.25 0.75 1.0 0.1 0.65 0.8 0.5 0.2 
-0.011005514222301607 0.40818562546920256 0.34891378518452576 0.7 0.3 0.65 0.35 0.0 0.25 0.9 0.4 0.3 0.7 0.55 0.25 0.95 0.15 0.85 0.1 0.9 0.2 0.25 0.5 0.6 0.95 0.9 0.55 0.9 0.1 0.8 0.35 0.55 0.2 0.5 0.7 0.2 1.0 0.3 0.6 
-0.025170957056579325 0.525716093758711 0.702262436331683 0.5 0.15 0.15 0.45 0.55 0.1 0.65 1.0 0.8 0.45 0.4 0.25 0.3 0.6 0.15 0.6 0.8 0.85 0.0 0.8 0.3 0.2 0.65 0.3 0.95 0.1 0.6 0.0 0.25 1.0 0.9 0.8 0.45 0.7 0.75 0.4 
-0.005052188438151792 0.40963264374236635 0.5863722251281392 0.25 0.75 0.5 0.95 0.05 0.85 0.6 0.4 0.0 0.65 0.25 0.5 0.75 0.4 0.25 0.2 0.65 0.05 0.65 0.15 0.5 0.55 1.0 0.85 1.0 0.4 0.4 0.8 0.25 0.75 0.45 0.1 0.65 0.45 0.45 0.15 
-0.02067163428102083 0.5934906972108437 0.6703272382390377 0.05 0.15 0.15 0.45 0.5 0.1 0.65 0.1 0.75 0.3 0.4 0.25 0.05 0.35 0.6 0.45 0.75 0.85 0.4 0.8 0.9 0.4 0.65 0.3 0.9 0.1 0.6 0.05 0.25 0.4 1.0 0.8 0.55 0.9 0.75 0.4 
-0.11477513741188976 0.504401018456887 0.6891702971629363 0.5 0.15 0.15 0.45 0.85 0.25 0.75 1.0 0.65 0.45 0.4 0.25 0.05 0.4 0.15 0.4 0.75 0.85 0.0 0.6 0.9 0.4 0.65 0.3 0.95 0.1 0.6 0.0 0.6 0.4 1.0 0.8 0.55 0.7 0.75 0.4 
-0.11851724176244281 0.5658859039093665 0.7225805507308846 0.5 0.15 0.15 0.45 0.55 0.3 0.75 1.0 0.8 0.45 0.4 0.25 0.6 0.3 0.15 0.6 0.75 0.15 0.05 0.9 0.2 0.05 0.65 0.3 0.95 0.1 0.6 0.0 0.25 0.4 1.0 0.8 0.55 1.0 0.75 0.4 
-0.02522334533980842 0.3900846136771486 0.3654075145760609 0.7 0.6 0.65 0.35 0.2 0.05 0.95 0.4 0.3 0.7 0.55 0.25 0.95 0.15 0.85 0.2 0.7 0.1 0.25 0.5 0.85 0.3 0.9 0.55 0.9 0.1 0.75 0.35 0.55 0.2 0.5 0.7 0.2 1.0 0.3 0.6 
-0.011661710662173919 0.5453914617164601 0.7314230872793789 0.2 0.15 0.15 0.55 0.85 0.3 0.85 0.1 0.8 0.45 0.4 0.25 0.5 0.35 0.15 0.6 0.75 0.85 0.0 0.8 0.9 0.4 0.65 0.3 0.95 0.1 0.6 0.0 0.1 0.4 1.0 0.8 0.55 0.95 0.75 0.4 
-0.014052250934284475 0.3782192307598994 0.41739384534426494 0.35 0.2 0.1 1.0 0.9 0.35 0.8 0.65 0.35 0.6 0.95 0.45 0.8 0.65 0.9 0.45 0.0 0.75 0.6 0.15 0.55 0.1 1.0 0.95 0.3 0.7 0.6 0.7 0.35 0.45 0.95 0.1 0.4 0.55 0.8 0.7 
-0.021764982127947422 0.3509264986340057 0.5070527002091176 0.65 0.2 0.6 1.0 0.9 0.75 0.8 0.85 0.4 0.35 0.95 0.45 0.8 0.2 0.1 0.45 0.0 0.0 0.8 0.15 0.55 0.85 0.95 0.95 0.75 0.55 0.4 0.85 0.35 0.3 0.95 0.1 0.4 0.6 0.8 0.7 
-0.031021726617270966 0.5700734381479221 0.7020824847976767 0.35 0.15 0.15 0.45 0.55 0.1 0.25 0.1 0.65 0.45 0.4 0.15 0.9 0.8 0.2 0.6 0.75 0.85 0.9 0.5 0.9 0.8 0.2 0.3 1.0 0.1 0.6 0.0 0.25 0.25 0.9 0.8 0.65 1.0 0.7 0.4 
-0.010792157325354643 0.4069688297388676 0.6028450459598316 0.0 0.75 0.15 0.2 0.25 0.45 0.8 0.4 0.0 0.6 0.25 0.45 0.75 0.4 0.25 0.2 0.65 0.4 0.5 0.25 0.5 0.35 1.0 0.65 1.0 0.4 0.15 0.8 0.25 0.75 0.75 0.1 0.65 0.45 0.45 0.2 
-0.006703334234059006 0.40669420932243544 0.6205331877819437 0.0 0.75 0.15 0.95 0.05 0.85 0.45 0.4 0.0 0.65 0.25 0.5 0.75 0.4 0.25 0.2 0.65 0.7 0.65 0.25 0.5 0.65 1.0 0.95 1.0 0.4 0.4 0.8 0.25 0.75 1.0 0.1 0.65 0.45 0.45 0.2 
-0.01300782049583289 0.6529363199062881 0.4920551722074487 0.0 0.8 1.0 0.95 0.15 0.25 1.0 0.1 0.45 0.55 0.75 0.4 0.75 0.5 0.55 0.0 0.6 0.85 0.75 0.7 0.85 0.9 0.85 0.2 0.85 0.4 0.75 0.7 0.45 0.4 1.0 0.4 0.3 0.05 0.75 0.95 
-0.03709292389826134 0.5693400985559173 0.6839961803816879 0.5 0.15 0.15 0.45 0.85 0.1 0.75 0.1 0.8 0.3 0.4 0.25 0.85 0.35 0.0 0.6 0.75 0.85 0.6 0.35 0.9 0.4 0.65 0.8 0.95 0.1 0.6 0.0 0.25 0.4 1.0 0.8 0.55 0.7 0.75 0.4 
-132.56837296477357 0.4834509248128411 0.7004446954787483 0.5 0.45 0.9 0.65 0.5 0.8 1.0 0.05 0.65 0.45 0.15 0.1 0.55 0.85 0.3 0.75 0.1 0.2 0.25 0.8 0.9 0.1 0.4 0.15 0.8 0.1 0.6 0.5 0.35 0.4 0.55 0.8 0.4 0.7 0.7 0.35 
-0.00041282052653552725 0.3921542088280876 0.3954055189068728 0.65 0.5 0.15 0.65 0.5 0.75 0.95 0.85 0.4 0.75 0.95 0.4 1.0 0.7 0.1 0.9 0.35 1.0 0.2 0.2 0.55 0.1 0.3 0.95 1.0 0.55 0.5 1.0 0.35 0.45 0.95 0.15 0.75 0.6 0.2 0.25 
-0.32907330044469557 0.5113285253482882 0.7084279339649356 0.5 1.0 0.15 0.45 0.55 0.1 0.75 1.0 0.8 0.45 0.4 0.25 0.35 0.4 0.85 0.6 0.75 0.4 0.4 0.8 0.9 0.4 0.65 0.3 0.95 0.1 0.6 0.0 0.25 0.4 1.0 0.8 0.55 1.0 0.75 0.4 
-0.010074209990058909 0.6452429534106476 0.6034693141376174 1.0 0.1 0.3 0.95 0.15 0.25 1.0 0.1 0.45 0.55 0.75 0.4 0.85 0.5 0.5 0.4 0.6 0.75 0.75 0.35 0.85 0.5 0.85 0.2 0.95 0.4 0.75 0.6 0.45 0.65 0.9 0.55 0.3 0.05 0.95 0.85 
-0.04510026383860885 0.6704937075701963 0.6235099106554909 0.0 0.6 0.95 0.95 0.15 0.9 0.65 0.1 0.45 0.7 0.85 0.6 1.0 0.5 0.2 0.0 0.6 0.1 0.0 0.35 0.85 0.8 0.85 0.2 0.8 0.4 0.75 0.85 0.45 0.6 1.0 0.55 0.3 0.65 0.75 0.45 
-0.0020577567335992794 0.5843579380461601 0.4010021671469321 0.6 0.1 0.1 0.0 0.85 0.95 0.95 0.2 0.8 0.5 0.65 0.4 0.5 0.4 0.3 0.2 1.0 0.9 0.4 0.0 0.8 0.15 0.05 0.2 0.6 0.9 0.55 0.2 0.5 0.2 0.95 0.75 0.6 0.8 0.0 0.35 
-0.0003793465328636719 0.6616961741898855 0.5487993831508583 0.0 0.8 1.0 0.95 0.6 0.25 1.0 0.1 0.65 0.55 0.75 0.4 0.9 0.5 0.55 0.0 0.6 0.85 1.0 0.55 0.85 0.65 0.85 0.9 0.85 0.4 0.75 0.7 0.45 0.45 1.0 0.4 0.3 0.05 0.55 0.5 
-0.00935477926833938 0.6125663161254412 0.4205313699992782 0.6 0.1 0.1 0.0 0.85 0.95 0.95 0.2 0.6 0.5 0.65 0.4 0.5 0.4 0.2 0.2 0.8 0.9 0.85 0.0 0.8 1.0 0.05 0.2 0.6 0.9 0.85 0.2 0.5 0.2 1.0 0.75 0.6 0.8 0.0 0.35 
-0.007935571335791272 0.3604936830829963 0.4362314713720796 0.7 0.2 0.2 0.35 0.75 0.1 0.95 0.4 0.3 0.3 0.55 0.25 0.95 0.15 0.9 0.15 0.25 0.95 0.25 0.5 0.6 0.1 0.9 0.55 0.95 0.1 0.65 0.45 0.55 0.2 0.85 0.7 0.4 1.0 0.3 0.6 
-0.007178796687847487 0.671871253316183 0.5934692328681861 0.0 0.1 0.95 0.95 0.15 0.25 1.0 0.1 0.45 0.15 0.75 0.4 0.85 0.5 0.55 0.05 0.4 0.75 0.75 0.2 0.65 0.5 0.55 0.2 1.0 0.4 0.75 0.6 0.45 0.6 1.0 0.55 0.3 0.05 0.6 0.45 
-0.029332142542212853 0.5835361302194285 0.7089648374562336 0.5 0.15 0.15 0.45 0.55 0.1 0.25 0.1 0.65 0.45 0.4 0.25 0.9 0.8 0.2 0.6 0.75 0.85 0.9 0.5 0.9 0.8 0.2 0.3 1.0 0.1 0.6 0.0 0.25 0.25 1.0 0.8 0.65 1.0 0.7 0.4 
-0.000923170169136198 0.7056322484465064 0.5801017986812835 0.0 0.7 0.95 0.95 0.15 0.9 0.65 0.1 0.45 0.7 0.85 0.45 1.0 0.5 0.2 0.0 0.6 0.1 0.0 0.35 0.65 0.8 0.85 0.2 0.95 0.4 0.75 0.85 0.45 0.6 1.0 0.55 0.3 0.65 0.75 0.45 
-0.006285229346303931 0.6732026783042788 0.5446963479335175 0.0 0.8 1.0 0.95 0.15 0.25 1.0 0.1 0.55 0.55 0.75 0.4 0.75 0.5 0.55 0.0 0.6 0.85 0.75 0.7 0.85 0.05 0.85 0.2 0.85 0.4 0.75 0.7 0.45 0.45 1.0 0.45 0.3 0.05 0.75 0.5 
-0.07988031570395313 0.3339453773910983 0.532203178714595 0.65 0.75 0.6 0.9 0.35 0.4 1.0 0.85 0.6 0.4 0.95 0.6 0.95 0.2 0.1 0.45 0.0 0.25 0.05 0.15 0.2 0.85 0.95 0.1 0.95 0.45 0.45 0.85 0.35 0.45 0.95 0.1 0.4 0.6 0.8 0.7 
-0.02882259162729079 0.6773516243025156 0.532185296532783 0.7 0.45 1.0 0.95 0.15 0.25 1.0 0.1 0.45 0.95 0.85 0.4 0.85 0.5 0.55 0.0 0.6 0.0 0.75 0.7 0.85 0.65 1.0 0.2 0.95 0.4 0.75 0.7 0.45 0.65 0.9 0.6 0.45 0.05 0.2 0.15 
-130.97017193604842 0.4361008803868984 0.6892356653615984 0.65 0.05 0.45 1.0 0.95 0.1 0.8 1.0 0.8 0.6 0.35 0.35 0.95 0.9 0.25 0.95 0.35 0.2 0.05 0.8 0.9 0.35 0.4 0.5 0.95 0.1 0.6 0.0 0.35 0.15 1.0 0.8 0.4 0.65 0.7 0.45 
-0.014246753641191255 0.6715019176248094 0.5523877912156574 0.5 0.15 0.95 0.35 0.85 0.15 1.0 0.5 0.8 0.45 0.8 0.25 0.65 0.85 0.85 1.0 0.75 0.8 0.0 0.8 0.9 0.1 0.4 1.0 0.9 0.1 0.65 0.25 0.7 0.95 1.0 0.8 0.55 1.0 0.75 0.4 
-0.018894881432313937 0.6756618181776713 0.5768396651437254 0.0 0.1 0.95 0.95 0.15 0.25 1.0 0.1 0.45 0.15 0.75 0.4 0.85 0.5 0.55 0.05 0.4 0.75 0.75 0.95 0.65 0.5 0.55 0.2 1.0 0.4 0.75 0.6 0.45 0.6 1.0 0.55 0.3 0.05 0.8 0.45 
-0.02325344196167762 0.7290003733208464 0.5848793058608385 0.5 0.15 0.15 0.3 0.85 0.15 0.75 0.5 0.85 0.45 0.8 0.25 0.9 0.9 0.75 0.95 0.75 0.85 0.0 0.05 0.9 0.4 0.55 0.3 0.95 0.1 0.65 0.0 0.25 0.4 1.0 0.8 0.55 1.0 0.75 0.4 
-0.010625337695105862 0.6558460124725756 0.6195445209768841 0.4 0.5 0.5 0.95 0.15 0.9 0.85 0.1 0.8 0.9 0.85 0.6 0.9 0.5 0.15 0.0 0.6 0.75 0.05 0.7 0.4 0.65 0.85 0.4 0.55 0.4 0.75 0.6 0.45 0.6 1.0 0.55 0.3 0.75 0.75 0.45 
-0.013653376567812747 0.6802249160527308 0.563421425294474 0.0 0.1 0.95 0.95 0.15 0.25 1.0 0.05 0.45 0.7 0.75 0.4 0.75 0.5 0.55 0.05 0.9 0.75 0.75 0.4 0.65 0.65 0.55 0.2 0.95 0.4 0.75 0.9 0.45 0.6 1.0 0.55 0.3 0.05 0.75 0.45 
-0.0012642989648874252 0.6843833599252779 0.6008924210007948 0.4 0.5 0.5 0.8 0.15 0.05 0.85 0.1 0.8 0.9 0.85 0.6 0.9 0.5 0.15 0.0 0.6 0.75 0.05 0.7 0.4 0.65 0.85 0.4 0.55 0.4 0.75 0.6 0.45 0.3 1.0 0.55 0.3 0.75 0.75 0.45 
-0.05745769993027787 0.4698765689819645 0.34047607264661284 0.7 0.7 0.4 0.15 0.0 0.05 0.95 0.25 0.7 0.55 0.35 0.4 0.95 0.2 0.85 0.65 0.7 0.2 0.45 0.5 0.3 0.85 0.3 0.55 0.35 0.1 0.75 0.35 0.3 0.2 0.55 1.0 0.7 1.0 0.3 0.3 
-0.0031944775858637722 0.6776779060048623 0.4866460639312549 0.0 0.55 1.0 0.7 0.15 0.25 1.0 0.1 0.45 0.7 0.75 0.4 0.85 0.5 0.55 0.1 0.5 1.0 0.75 0.7 0.85 1.0 0.85 0.2 0.7 0.9 0.15 0.45 0.45 0.65 1.0 0.6 0.4 0.5 0.75 0.15 
-0.007854647532634125 0.6932856285740296 0.5850481548411074 0.0 0.1 0.95 0.95 0.15 0.25 1.0 0.1 0.45 0.7 0.75 0.4 0.85 0.5 0.55 0.05 0.9 0.75 0.75 0.4 0.65 0.65 0.55 0.2 0.95 0.4 0.75 0.6 0.45 0.6 1.0 0.55 0.3 0.05 0.75 0.45 
-104.86599805174613 0.4111841953484989 0.6749343919294065 0.15 0.4 0.45 0.15 0.95 0.8 0.45 1.0 0.9 0.7 0.3 0.3 0.95 0.5 0.2 0.95 0.35 0.2 0.05 0.5 0.9 0.35 0.4 0.5 0.95 0.1 0.6 0.85 0.35 0.15 0.8 0.8 0.4 0.1 0.65 0.75 
-0.04092015772091686 0.490649101782906 0.3613149457535291 0.7 0.7 0.2 0.35 0.75 0.0 0.95 0.25 0.7 0.7 0.35 0.4 1.0 0.15 0.85 0.65 0.7 0.2 0.45 0.5 0.8 0.85 0.2 0.55 1.0 0.4 0.8 0.0 0.3 0.2 0.45 0.15 0.85 1.0 0.3 0.35 
-0.04019480985367797 0.6438641732618555 0.6318223265884736 0.35 0.5 0.5 0.95 0.15 0.9 0.85 0.1 0.8 0.9 0.85 0.6 0.9 0.5 0.15 0.0 0.6 0.75 0.05 0.7 0.4 0.65 0.85 0.4 0.55 0.4 0.75 0.6 0.45 0.6 1.0 0.55 0.3 0.75 0.8 0.5 
-0.003935978738093385 0.6686714487816827 0.4374135165358961 0.5 0.15 0.15 0.3 0.85 0.15 0.65 0.5 0.8 0.45 0.8 0.25 0.9 0.8 0.6 0.45 0.75 0.85 0.0 0.8 0.8 1.0 0.05 0.65 0.85 0.1 0.65 0.85 0.25 0.4 1.0 0.8 0.55 1.0 0.75 0.25 
-0.030386599008246976 0.4092955626181603 0.6301878697604845 0.0 0.75 0.15 0.95 0.05 0.85 0.65 0.4 0.0 0.65 0.25 0.5 0.75 0.4 0.25 0.2 0.65 0.85 0.65 0.25 0.65 0.65 1.0 0.95 1.0 0.4 0.45 0.8 0.25 0.75 1.0 0.1 0.65 0.45 0.45 0.2 
-0.05985374667903807 0.7067188895966229 0.5393464868974452 0.5 1.0 0.95 0.3 0.85 0.15 1.0 0.5 0.95 0.45 0.8 0.25 0.9 0.9 0.5 0.2 0.75 0.85 0.3 0.8 0.9 0.4 0.45 0.75 0.9 0.1 0.65 0.1 0.7 0.25 1.0 0.8 0.55 1.0 0.75 0.4 
-19.820661297405433 0.5036789024859828 0.7354686120041292 0.5 0.4 0.9 0.45 0.5 0.8 0.55 1.0 0.95 0.55 0.15 0.1 0.85 0.85 0.7 0.5 0.1 0.2 1.0 0.8 0.9 0.1 0.4 0.3 0.8 0.1 0.6 0.0 0.0 0.8 1.0 0.8 0.4 0.7 0.7 0.35 
-0.05366677800527504 0.4355836809855104 0.34746457570605943 0.15 0.15 0.0 0.35 0.75 0.05 0.95 0.25 0.7 0.7 0.35 0.4 0.95 0.15 0.85 0.6 0.7 0.2 0.45 0.15 0.8 0.8 0.9 0.55 0.75 0.25 0.75 0.15 0.55 0.2 0.1 0.25 0.85 1.0 0.35 0.35 
-0.020625658533810716 0.6816164693264202 0.5319692760995716 0.7 0.45 1.0 0.95 0.15 0.25 1.0 0.1 0.45 0.7 0.75 0.4 0.85 0.5 0.55 0.0 0.6 0.0 0.75 0.7 0.85 0.65 1.0 0.2 0.95 0.4 0.75 0.7 0.45 0.65 0.9 0.6 0.45 0.05 0.2 0.15 
-0.005742378727756956 0.36455591144283983 0.3921356901642832 0.65 0.5 0.15 0.65 0.5 0.75 0.95 0.85 0.4 0.7 0.95 0.4 1.0 0.0 0.1 0.45 0.35 1.0 0.6 0.2 0.55 0.75 0.3 0.95 1.0 0.55 0.5 1.0 0.35 0.45 0.95 0.1 0.75 0.6 0.2 0.25 
-0.01943324059948134 0.6889817129406178 0.4931904459494804 0.0 0.55 1.0 0.7 0.15 0.25 1.0 0.1 0.45 0.7 0.75 0.4 0.85 0.5 0.55 0.1 0.5 1.0 0.75 0.7 0.85 1.0 0.85 0.2 0.95 0.9 0.15 0.45 0.45 0.65 1.0 0.6 0.4 0.5 0.75 0.15 
-0.008900015460201272 0.5401518682560771 0.3455294737828838 0.15 0.15 0.2 0.95 0.75 0.15 1.0 0.5 0.65 0.9 0.8 0.25 1.0 0.85 0.3 0.85 0.75 0.85 0.5 0.8 0.9 0.7 0.8 0.9 0.95 0.8 0.75 0.9 0.05 0.55 0.2 0.25 0.55 0.9 0.0 0.0 
-0.026030050409601817 0.4055295963316885 0.6274860126977696 0.0 0.75 0.15 0.95 0.05 0.85 0.65 0.4 0.0 0.65 0.25 0.5 0.75 0.4 0.25 0.2 0.65 0.7 0.65 0.25 0.5 0.65 1.0 0.95 1.0 0.4 0.4 0.8 0.25 0.75 1.0 0.1 0.65 0.45 0.45 0.2 
-129.06430350715124 0.46657870229523113 0.7059041935399257 0.5 0.45 0.9 0.65 0.5 0.8 1.0 1.0 0.65 0.45 0.15 0.1 0.55 0.85 0.75 0.75 0.1 0.2 0.25 0.85 0.9 0.1 0.4 0.3 0.8 0.1 0.6 0.5 0.35 0.4 0.6 0.8 0.4 0.7 0.7 0.35 
-0.013928272384225643 0.601339934070128 0.6935253956853729 0.05 0.15 0.15 0.45 0.95 0.1 0.75 0.1 0.8 0.3 0.4 0.25 0.05 0.35 0.6 0.45 0.75 0.85 0.0 0.8 0.9 0.4 0.65 0.3 0.95 0.1 0.6 0.05 0.25 0.4 1.0 0.8 0.55 0.9 0.75 0.4 
-0.013975068701231321 0.6019603924724312 0.39951506229349754 0.6 0.4 0.65 0.0 0.35 0.5 0.95 0.2 0.65 0.5 0.65 0.4 0.95 0.4 0.2 0.2 0.6 0.95 0.75 0.0 0.8 0.15 0.05 0.8 0.15 0.4 0.45 0.1 0.45 0.2 0.9 0.75 0.6 0.95 0.0 0.35 
-78.76044950407724 0.4260866999463212 0.6525176869217678 0.65 0.4 0.45 0.45 0.95 0.1 0.8 1.0 0.8 0.6 0.35 0.35 0.9 0.9 0.2 0.95 0.35 0.2 0.05 0.8 0.9 0.35 0.4 0.5 0.95 0.1 0.6 0.0 0.35 0.15 1.0 0.8 0.4 0.65 0.7 0.75 
-0.03721044415720943 0.37361587838041715 0.3678976547442998 0.7 0.3 0.0 0.35 0.75 0.05 0.95 0.4 0.3 0.7 0.5 0.25 0.95 0.15 0.85 0.2 0.7 0.95 0.25 0.5 0.6 0.95 0.9 0.55 0.9 0.1 0.55 0.35 0.55 0.25 0.7 0.7 0.9 1.0 0.3 0.6 
-0.006055090489846007 0.3256541981443244 0.45423903860937515 0.65 0.55 0.15 0.65 0.4 0.75 0.95 0.85 0.4 0.75 0.95 0.4 1.0 0.7 0.1 0.45 0.35 1.0 0.6 0.2 0.55 0.1 0.3 0.95 1.0 0.55 0.5 0.95 0.35 0.45 0.95 0.15 0.75 0.25 0.2 0.25 
-0.0442985239595584 0.5378916184764737 0.3941945285613343 0.0 0.85 0.65 0.3 0.85 0.85 1.0 0.5 0.65 0.9 0.8 0.25 0.9 0.85 0.7 1.0 0.75 0.8 0.25 0.0 0.9 0.7 0.2 0.9 1.0 0.65 0.8 0.85 0.3 0.55 1.0 0.35 0.55 0.4 0.6 0.0 
-0.011376522706271396 0.34032591352458197 0.4264364588632496 0.5 0.4 0.15 0.65 0.35 0.15 0.5 0.7 0.4 0.7 0.95 0.4 1.0 0.0 0.4 0.5 0.35 1.0 0.6 0.2 0.55 0.75 0.3 0.95 1.0 0.55 0.5 1.0 0.35 0.35 0.95 0.1 0.75 0.6 0.2 0.15 
-0.0009899574459027245 0.688935887399447 0.5249985814769914 0.5 0.15 0.15 0.3 0.85 0.15 0.5 0.5 0.8 0.45 0.8 0.25 0.9 0.8 0.25 0.45 0.75 0.85 0.0 0.8 0.8 1.0 0.8 0.65 0.85 0.1 0.65 0.0 0.25 0.4 1.0 0.8 0.55 1.0 0.75 0.4 
-0.05886203320148593 0.4985872199104557 0.3365119442858019 0.7 0.7 0.85 0.35 0.75 0.05 0.95 0.25 0.7 0.7 0.35 0.4 1.0 0.15 0.85 0.65 0.7 0.2 0.45 0.5 0.8 0.85 0.2 0.55 0.55 0.4 0.8 0.0 0.3 0.2 0.45 0.05 0.85 0.9 0.3 0.35 
-0.2026888907771838 0.47382563225634217 0.323527618054133 0.7 0.35 0.2 0.35 0.75 0.95 0.95 0.25 0.7 0.7 0.35 0.4 1.0 0.15 0.85 0.65 0.7 0.2 0.45 0.8 0.75 0.0 0.2 0.25 0.95 0.55 0.65 0.0 0.15 0.95 0.45 0.05 0.75 1.0 0.4 0.35 
-0.32672156671597313 0.5534377632569969 0.7386730887762935 0.5 0.15 0.15 0.45 0.55 0.3 0.75 1.0 0.8 0.45 0.4 0.25 0.75 0.4 0.15 0.6 0.75 0.4 0.4 0.8 0.9 0.05 0.65 0.3 0.95 0.1 0.6 0.0 0.85 0.4 1.0 0.8 0.55 1.0 0.75 0.4 
-0.007042587437781626 0.5888339433348189 0.39294840163636163 0.5 0.3 0.2 0.3 0.75 0.15 1.0 0.5 0.65 0.55 0.8 0.25 1.0 0.85 0.45 1.0 0.75 0.85 0.4 0.8 0.9 0.7 0.8 0.9 0.95 0.35 0.7 0.8 0.05 0.55 1.0 0.35 0.55 0.9 0.0 0.2 
-0.01438011148778239 0.6400213958017286 0.4258860329576401 0.3 0.1 0.7 0.9 0.85 0.25 1.0 0.1 0.45 1.0 0.0 0.45 1.0 0.8 0.45 0.2 0.3 0.05 0.75 0.7 0.85 0.65 0.6 0.2 0.35 0.3 0.7 0.2 0.5 0.75 1.0 0.75 0.4 0.05 0.15 0.0 
-0.0036967779750145904 0.7106585072761142 0.5672975826091888 0.0 0.1 0.95 0.95 0.15 0.9 1.0 0.1 0.4 0.55 0.85 0.6 1.0 0.5 0.1 0.05 0.6 0.75 0.0 0.25 0.85 0.05 0.85 0.2 0.95 0.4 0.75 0.5 0.45 0.6 1.0 0.55 0.3 0.65 0.7 0.45 
-0.03640586918106948 0.34449595960404145 0.4846447330982013 0.4 0.3 0.1 0.4 0.95 0.75 0.95 0.85 0.4 0.4 0.95 0.45 0.75 0.7 0.1 0.45 0.35 1.0 0.6 0.15 0.85 0.1 0.3 0.95 0.85 0.55 0.45 0.85 0.35 0.45 0.95 0.15 0.4 0.45 0.7 0.7 
-0.0034295941784758016 0.6265490484002748 0.4053951019544326 0.6 0.4 0.75 0.0 0.35 0.95 0.95 0.2 0.65 0.5 0.65 0.4 0.8 0.4 0.2 0.2 1.0 0.95 0.15 0.0 0.8 0.8 0.05 0.8 0.5 0.35 0.45 0.3 0.5 0.2 0.85 0.75 0.6 0.95 0.0 0.35 
-0.02454710319988418 0.33285318282205933 0.48036752392329785 0.4 0.3 0.1 0.4 0.9 0.75 0.95 0.85 0.4 0.6 0.95 0.45 0.85 0.7 0.1 0.45 0.35 1.0 0.6 0.15 0.55 0.1 0.3 0.95 1.0 0.55 0.45 0.85 0.35 0.4 0.95 0.15 0.4 0.45 0.7 0.7 
-0.013593691394728413 0.5506667679034787 0.36920466284650433 1.0 0.8 0.75 0.6 0.75 0.15 1.0 0.5 0.65 0.75 0.8 0.25 1.0 0.85 0.45 0.85 0.75 0.85 0.9 0.15 0.9 0.7 0.8 0.9 0.95 0.95 0.8 0.8 0.05 0.55 0.5 0.1 0.2 0.6 0.0 0.0 
-0.017168510137260076 0.32003343088016023 0.43838503067967083 0.65 0.55 0.15 0.65 0.5 0.75 0.95 0.85 0.4 0.75 0.95 0.4 1.0 0.7 0.1 0.45 0.35 1.0 0.6 0.2 0.55 0.1 0.3 0.95 1.0 0.55 0.5 1.0 0.35 0.45 0.95 0.15 0.75 0.25 0.2 0.25 
-0.029733475739303496 0.34301696468767395 0.389482355192748 0.65 0.3 0.2 0.85 1.0 0.25 0.9 0.4 0.2 0.45 0.55 0.25 0.85 0.2 0.85 0.25 0.25 0.95 0.25 0.25 0.6 0.1 0.9 0.55 0.95 0.1 0.65 0.45 0.6 0.2 0.95 0.7 0.4 1.0 0.3 0.6 
-1.0066932688618933 0.5183673270671166 0.33858653321495624 0.0 0.85 0.65 0.3 0.85 0.85 1.0 0.5 0.65 0.9 0.8 0.25 0.9 0.85 0.7 1.0 0.75 0.8 0.25 0.0 0.9 0.7 0.2 0.9 0.9 0.65 0.85 0.85 0.3 0.5 1.0 0.35 0.55 1.0 0.6 0.2 
-0.05504918660539853 0.6681781275246084 0.6481596342778433 0.0 0.6 0.95 0.95 0.15 0.9 0.65 0.1 0.45 0.7 0.85 0.6 1.0 0.5 0.2 0.0 0.6 0.1 0.0 0.35 0.85 0.8 0.85 0.2 0.95 0.4 0.75 0.85 0.45 0.6 1.0 0.55 0.3 0.65 0.75 0.45 
-1.1839159081487964 0.48524008522856216 0.3232423198933938 0.7 0.35 0.2 0.35 0.75 0.95 0.95 0.25 0.7 0.7 0.35 0.4 1.0 0.15 0.85 0.65 0.7 0.2 0.45 0.8 0.75 0.3 0.2 0.25 0.95 0.55 0.65 0.0 0.15 0.95 0.45 0.05 0.8 1.0 0.4 0.35 
-0.022762150577498627 0.6631362664877749 0.475661182448427 0.5 0.15 0.15 0.3 0.85 0.15 0.75 0.5 0.8 0.5 0.8 0.25 0.9 0.8 0.75 0.9 0.75 0.85 0.0 0.4 0.9 0.4 0.55 0.3 0.95 0.1 0.65 0.95 0.25 0.4 1.0 0.8 0.55 0.15 0.75 0.4 
-80.67531588893397 0.4179872782953438 0.6553506974181305 0.65 0.4 0.45 0.45 0.95 0.1 0.8 1.0 0.8 0.6 0.35 0.35 0.95 0.9 0.2 0.95 0.35 0.2 0.05 0.8 0.9 0.35 0.4 0.5 0.95 0.1 0.6 0.0 0.35 0.15 1.0 0.8 0.4 0.65 0.7 0.75 
-134.19479278950718 0.4593035077727704 0.7187912510310879 0.5 1.0 0.9 0.45 0.5 1.0 0.5 0.1 0.8 0.6 0.15 0.1 0.75 0.4 0.15 0.9 0.2 0.2 0.35 0.1 0.9 0.8 0.4 0.3 0.45 0.1 0.6 0.0 0.85 0.4 1.0 0.8 0.4 0.7 0.7 0.35 
-0.02058015686436903 0.6854888104453288 0.45781829682940794 0.5 0.15 0.2 0.95 0.75 0.15 1.0 0.5 0.65 0.9 0.8 0.25 0.3 0.2 0.3 0.85 0.75 0.85 0.5 0.8 0.85 0.7 0.8 0.9 0.95 0.1 0.75 0.9 0.05 0.55 1.0 0.35 0.55 0.9 0.0 0.0 
-0.010585967067059249 0.3427633763809637 0.5239206784464835 0.1 0.25 0.05 0.35 0.9 0.1 0.95 0.4 0.3 0.7 0.5 0.3 0.65 0.15 0.85 0.75 0.1 0.4 1.0 0.05 0.6 0.1 0.9 0.0 0.9 0.1 0.35 0.7 0.55 0.2 0.85 0.7 0.4 1.0 0.35 0.5 
-0.1611823376827364 0.5133355983887979 0.7245265205596559 0.5 0.15 0.15 0.45 0.85 0.8 0.75 1.0 0.65 0.45 0.4 0.25 0.35 0.4 0.15 0.4 0.75 0.85 0.0 0.8 0.9 0.4 0.65 0.3 0.95 0.1 0.6 0.0 0.25 0.4 1.0 0.8 0.55 0.7 0.75 0.4 
-0.03838223046043379 0.31222242718741633 0.41904209772087664 0.65 0.5 0.15 0.65 0.5 0.75 0.95 0.85 0.4 0.75 0.95 0.4 1.0 0.7 0.1 0.45 0.35 1.0 0.6 0.2 0.55 0.1 0.3 0.95 1.0 0.55 0.5 1.0 0.35 0.45 0.95 0.15 0.75 0.6 0.2 0.25 
-0.004366237493716407 0.7228427195289007 0.46793219784684525 0.5 1.0 0.15 0.3 0.85 0.15 0.95 0.5 0.7 0.45 0.8 0.25 0.9 0.8 0.25 0.45 0.75 0.85 0.0 0.8 1.0 1.0 0.8 0.65 0.85 0.1 0.65 0.0 0.25 0.4 1.0 0.8 0.55 1.0 0.75 0.4 
-0.024475868701048564 0.6467566611973308 0.4114777936019904 0.5 0.8 0.2 0.3 0.75 0.15 1.0 0.5 0.65 0.75 0.75 0.25 1.0 0.85 0.45 1.0 0.75 0.85 0.4 0.8 0.9 0.7 0.8 0.9 0.95 0.1 0.75 0.8 0.05 0.55 1.0 0.35 0.3 0.9 0.0 0.0 
-0.29912752669958464 0.6488570342210321 0.6499152019063954 0.0 0.1 0.95 0.95 0.15 0.9 1.0 0.1 0.45 0.7 0.85 0.6 0.35 0.5 0.45 0.0 0.6 0.75 0.0 0.35 0.85 0.95 0.85 0.2 0.95 0.4 0.75 0.75 0.45 0.2 1.0 0.55 0.3 0.65 0.75 0.45 
-0.020634545599168216 0.3362146723629039 0.48625237515604475 0.4 0.3 0.1 0.4 0.9 0.75 0.95 0.85 0.4 0.6 0.95 0.45 0.85 0.7 0.1 0.45 0.35 0.5 0.6 0.15 0.55 0.1 0.9 0.95 1.0 0.55 0.45 0.85 0.35 0.4 0.95 0.15 0.4 0.45 0.7 0.7 
-0.18261305219475313 0.3785866251455621 0.5992037895716967 0.0 0.75 0.7 0.9 0.7 0.85 0.45 0.4 0.0 0.3 0.25 0.5 0.85 0.4 0.25 0.15 0.8 0.7 0.95 0.55 0.2 0.35 1.0 0.95 1.0 0.4 0.75 0.85 0.25 0.75 0.75 0.1 0.65 0.45 0.45 0.2 
-0.011302402270658202 0.6948638949090111 0.48070212942526647 0.0 0.25 1.0 0.1 0.15 0.5 1.0 0.1 0.55 0.7 0.75 0.4 0.95 0.5 0.55 0.1 0.5 0.7 0.75 0.7 0.85 1.0 0.85 0.2 0.95 0.9 0.15 0.45 0.45 0.55 1.0 0.6 0.5 0.5 0.75 0.15 
-0.06111912996600532 0.3569975804751911 0.37778361691445905 0.7 0.3 0.2 0.85 1.0 0.25 0.95 0.4 0.3 0.3 0.55 0.25 0.85 0.2 0.85 0.25 0.25 0.95 0.25 0.5 0.6 0.1 0.9 0.55 0.95 0.1 0.65 0.45 0.55 0.2 0.95 0.7 0.4 1.0 0.3 0.6 
-0.025774515696431608 0.713372747696941 0.49651614887839995 0.5 1.0 0.15 0.3 0.85 0.1 0.95 0.5 0.7 0.45 0.8 0.25 0.9 0.8 0.1 0.45 0.75 0.85 0.0 0.8 1.0 1.0 0.8 0.65 0.85 0.1 0.65 0.0 0.25 0.4 1.0 0.8 0.55 1.0 0.75 0.4 
-132.5940232009326 0.47626356612361775 0.722578825451301 0.5 0.45 0.9 0.65 0.5 0.8 1.0 1.0 0.65 0.45 0.15 0.1 0.55 0.85 0.75 0.75 0.1 0.2 0.25 0.85 0.9 0.1 0.4 0.3 0.8 0.1 0.6 0.5 0.35 0.4 0.55 0.8 0.4 0.7 0.7 0.35 
-0.0035873530641126047 0.38609162406524894 0.36149576431783287 0.5 0.4 0.15 0.65 0.35 0.15 0.95 0.7 0.4 0.7 0.95 0.4 1.0 0.95 0.4 0.5 0.35 1.0 0.6 0.2 0.55 0.75 0.3 0.95 1.0 0.45 0.5 1.0 0.35 0.35 0.95 0.1 0.75 0.6 0.2 0.15 
-0.011703793582122405 0.7077815034645928 0.44962544867163357 0.5 0.75 0.95 0.3 0.85 0.15 1.0 0.5 0.65 0.75 0.8 0.25 0.9 0.85 0.4 1.0 0.75 0.85 0.4 0.8 0.9 0.4 0.8 0.9 0.65 0.1 0.65 0.1 0.7 0.9 0.85 0.8 0.55 1.0 0.75 0.4 
-0.014731692808726049 0.5510860759501681 0.333621470846595 0.15 0.15 0.5 0.95 0.75 0.15 1.0 0.5 0.65 0.9 0.8 0.25 1.0 0.85 0.3 0.85 0.75 0.85 0.5 0.8 0.9 0.7 0.8 0.9 0.95 0.8 0.75 0.9 0.05 0.55 0.6 0.25 0.55 0.9 0.0 0.0 
-0.011803066227682284 0.5239989549401082 0.7369102924179435 0.5 0.15 0.15 0.45 0.55 0.3 0.7 1.0 0.8 0.45 0.4 0.25 0.6 0.4 0.15 0.6 0.75 0.4 0.4 0.8 0.9 0.05 0.65 0.3 0.95 0.1 0.6 0.0 0.25 0.4 1.0 0.8 0.55 1.0 0.75 0.4 
-0.08574956053685678 0.612387550997224 0.6932155101722413 0.05 0.15 0.15 0.45 0.95 0.1 0.75 0.1 0.8 0.3 0.4 0.25 0.05 0.15 0.6 0.45 0.75 0.85 0.0 0.8 0.9 0.4 0.65 0.3 0.95 0.1 0.6 0.05 0.25 0.4 1.0 0.8 0.55 0.9 0.75 0.4 
-0.013533198092448663 0.719263282621595 0.5206989642950657 0.5 1.0 0.95 0.3 0.85 0.15 1.0 0.5 0.95 0.45 0.8 0.25 0.9 0.9 0.5 0.65 0.75 0.85 0.3 0.8 0.9 0.4 0.45 0.75 0.9 0.1 0.65 0.1 0.7 0.25 1.0 0.8 0.55 1.0 0.75 0.4 
-0.015027271324690667 0.3708278863157536 0.3637391905797198 0.7 0.3 0.65 0.3 0.2 0.25 0.95 0.35 0.3 0.7 0.55 0.25 0.95 0.15 0.8 0.0 0.7 0.2 0.15 0.5 0.6 0.4 0.8 0.5 0.9 0.1 0.55 0.35 0.55 0.1 0.5 0.7 0.25 1.0 0.3 0.65 
-0.056545526550342645 0.733650516631087 0.47917031073459937 0.5 0.15 0.15 0.3 0.05 0.7 0.7 0.5 0.8 0.5 0.8 0.25 0.9 0.8 0.35 0.95 0.75 0.85 0.0 0.8 0.9 0.4 0.55 0.3 0.95 0.1 0.65 0.0 0.25 0.4 1.0 0.8 0.55 1.0 0.75 0.4 
-140.88490788700295 0.46178838912310916 0.7598023277933741 0.5 0.6 0.9 0.45 0.5 0.25 1.0 1.0 0.65 0.65 0.15 0.1 0.9 0.7 0.05 0.6 0.4 0.45 0.45 0.8 0.6 0.55 0.4 0.3 0.7 0.1 0.6 0.0 0.85 0.6 1.0 0.8 0.4 0.7 0.7 0.35 
-0.020230235761903987 0.4216622070643822 0.345095418492395 0.7 0.3 0.65 0.3 0.2 0.25 0.95 0.35 0.3 0.7 0.55 0.25 0.95 0.15 0.8 0.0 0.7 0.2 0.15 0.5 0.6 0.4 0.9 0.5 0.9 0.1 0.55 0.35 0.55 0.1 0.5 0.7 0.25 1.0 0.3 0.6 
-0.001372547289668913 0.7248025021646932 0.49536925932194886 0.5 0.15 0.15 0.3 0.05 0.15 0.75 0.45 0.8 0.5 0.8 0.25 0.9 0.8 0.35 0.95 0.75 0.85 0.0 0.8 0.9 0.4 0.55 0.3 0.95 0.1 0.65 0.0 0.25 0.4 1.0 0.8 0.55 1.0 0.75 0.4 
-140.5894509292659 0.4547355530161159 0.7371980510306999 0.5 0.4 0.9 0.45 0.5 0.8 1.0 1.0 0.65 0.45 0.15 0.1 0.0 0.85 0.7 0.65 0.1 0.2 1.0 0.8 0.9 0.1 0.4 0.2 0.8 0.1 0.6 0.0 0.35 0.4 1.0 0.8 0.4 0.7 0.7 0.35 
-12.095501564659273 0.5288677071175067 0.7643574635312274 0.5 0.15 0.15 0.45 0.55 0.3 0.75 1.0 0.8 0.45 0.4 0.25 0.6 0.4 0.15 0.6 0.75 0.4 0.4 0.8 0.9 0.05 0.65 0.3 0.95 0.1 0.6 0.0 0.25 0.4 1.0 0.8 0.55 1.0 0.75 0.4 
-0.0071949189543551294 0.3541009556519362 0.5679937578550895 0.65 0.75 0.6 0.9 0.35 0.4 0.9 0.85 0.6 0.35 0.95 0.45 0.95 0.2 0.1 0.4 0.85 0.25 0.05 0.15 0.2 0.85 0.95 0.1 0.95 0.45 0.45 0.85 0.35 0.45 0.95 0.1 0.4 0.6 0.8 0.7 
-0.01735710965131403 0.7311616258708815 0.5155617812169357 0.5 0.15 0.95 0.3 0.85 0.15 1.0 0.5 0.8 0.45 0.8 0.25 0.9 0.9 0.55 0.4 0.75 0.85 0.3 0.8 0.9 0.4 0.4 0.3 0.9 0.1 0.65 0.1 0.7 0.4 1.0 0.8 0.55 1.0 0.75 0.4 
-0.02000900677963602 0.31797519366133753 0.3801642786460397 0.5 0.5 0.15 0.65 0.5 0.15 0.95 0.85 0.4 0.7 0.95 0.4 0.8 0.0 0.4 0.5 0.35 1.0 0.6 0.2 0.55 0.75 0.3 0.95 1.0 0.55 0.4 1.0 0.35 0.45 0.95 0.1 0.75 0.6 0.2 0.95 
-24.48268256905833 0.5026519374427307 0.7679848049231182 0.5 0.4 0.0 0.45 0.5 0.8 0.55 1.0 0.65 0.55 0.15 0.1 0.85 0.85 0.7 0.5 0.1 0.2 0.25 0.8 0.9 0.1 0.4 0.3 0.95 0.1 0.6 0.0 0.0 0.8 1.0 0.8 0.4 0.7 0.7 0.35 
-0.06344181127120735 0.7431908335967229 0.45418395233510583 0.5 0.15 0.95 0.35 0.85 0.15 1.0 0.5 0.8 0.45 0.8 0.25 0.65 0.85 0.85 1.0 0.75 0.85 0.0 0.8 0.9 0.1 0.4 1.0 0.9 0.1 0.65 0.25 0.7 0.55 1.0 0.8 0.55 1.0 0.75 0.4 
-0.021331642434189037 0.6660751971988924 0.39807953117158207 0.5 0.8 0.2 0.6 0.75 0.15 1.0 0.5 0.65 0.75 0.8 0.25 0.05 0.85 0.45 0.85 0.8 0.85 0.5 0.8 0.9 0.7 0.8 0.9 0.95 0.1 0.8 0.9 0.05 0.55 1.0 0.35 0.55 0.9 0.0 0.0 
-0.12142076281253705 0.3919692171908438 0.33406643771605476 0.7 0.3 0.65 0.3 0.2 0.25 0.95 0.4 0.3 0.7 0.55 0.25 0.95 0.15 0.8 0.0 0.7 0.2 0.25 0.5 0.6 0.4 0.9 0.5 0.9 0.1 0.55 0.35 0.55 0.1 0.5 0.7 0.25 1.0 0.3 0.6 
-0.02101851911497834 0.670904976612389 0.4127019159543809 0.1 0.55 1.0 0.2 0.15 0.25 1.0 0.1 0.45 0.75 0.95 0.6 0.85 0.5 0.35 0.1 0.5 1.0 0.75 0.7 0.45 0.75 0.6 0.2 0.85 0.9 0.1 0.45 0.45 0.65 1.0 0.6 0.4 0.45 0.75 0.15 
-0.03834618594381013 0.2951256769313746 0.4769329781037993 0.1 0.3 0.05 0.35 0.8 0.1 0.95 0.45 0.3 0.7 0.55 0.25 0.8 0.15 0.85 0.4 1.0 0.4 0.95 0.5 0.6 0.75 0.9 0.55 0.95 0.1 0.65 0.7 0.55 0.2 0.65 0.7 0.4 1.0 0.35 0.5 
-0.325744446253868 0.5382252649656358 0.7576694237112422 0.5 0.15 0.15 0.15 0.55 0.3 0.75 1.0 0.8 0.45 0.4 0.25 0.7 0.4 0.35 0.6 0.75 0.75 0.4 0.8 0.9 0.05 0.65 0.3 0.95 0.1 0.6 0.0 0.25 0.4 1.0 0.8 0.55 1.0 0.75 0.4 
-0.06852349596656004 0.6089964877458124 0.3934954236609715 0.6 0.4 0.75 0.0 0.35 0.5 0.95 0.2 0.65 0.5 0.65 0.4 0.95 0.4 0.2 0.2 1.0 0.95 0.75 0.0 0.8 0.15 0.05 0.8 0.15 0.4 0.45 0.3 0.45 0.2 0.9 0.75 0.6 0.95 0.0 0.35 
-0.004166878820981704 0.6708483239132685 0.43207899238510195 0.5 0.85 0.35 0.3 0.85 0.15 1.0 0.5 0.1 0.55 0.8 0.25 0.9 0.85 0.55 1.0 0.75 0.85 0.4 0.05 0.35 0.85 0.55 0.9 0.7 0.1 0.65 0.15 0.7 0.55 1.0 0.85 0.55 0.95 0.75 0.4 
-0.0003316336438929531 0.7250299080439537 0.4519558980393498 0.5 0.15 0.95 0.3 0.85 0.15 1.0 0.5 0.8 0.45 0.8 0.25 0.9 0.8 0.55 0.9 0.75 0.85 0.3 0.8 0.9 0.4 0.4 0.3 0.8 0.1 0.65 0.1 0.7 0.4 1.0 0.8 0.55 1.0 0.75 0.4 
-0.017800436568860552 0.731056898846779 0.45954375774972217 0.5 0.15 0.95 0.3 0.85 0.15 0.95 0.5 0.8 0.55 0.8 0.25 0.95 0.8 0.5 0.8 0.75 0.9 0.0 0.8 0.9 0.4 0.4 0.3 0.9 0.1 0.65 0.0 0.7 0.4 1.0 0.8 0.55 1.0 0.75 0.4 
-0.005630204017109074 0.30870140980863614 0.5007385916296948 0.1 0.3 0.05 0.35 0.15 0.1 0.95 0.45 0.3 0.7 0.55 0.25 0.8 0.15 0.85 0.7 1.0 0.05 0.95 0.5 0.6 0.1 0.9 0.55 0.9 0.1 0.65 0.65 0.55 0.2 0.85 0.7 0.4 1.0 0.35 0.5 
-0.010875040793988442 0.45462203587222244 0.3258657903595076 0.7 0.7 0.0 0.15 0.0 0.05 0.95 0.25 0.7 0.55 0.35 0.4 0.95 0.2 0.85 0.65 0.7 0.2 0.45 0.5 0.3 0.85 0.3 0.55 0.6 0.1 0.75 0.35 0.3 0.2 0.6 1.0 0.65 1.0 0.3 0.3 
-0.003427027848204087 0.7227216868323139 0.6095249679144039 0.95 0.15 0.95 0.3 0.1 0.15 1.0 0.45 0.85 0.65 0.8 0.25 0.9 0.9 0.55 0.9 0.75 0.85 0.3 0.7 0.9 0.4 0.75 0.3 0.8 0.1 0.65 0.2 1.0 0.8 1.0 0.8 0.55 1.0 0.75 0.4 
-0.0006437764674832514 0.5921176005823301 0.38658360330167746 0.6 0.4 0.75 0.0 0.35 0.95 0.95 0.2 0.65 0.5 0.65 0.4 0.8 0.4 0.2 0.2 1.0 0.95 0.15 0.0 0.8 0.15 0.05 0.8 0.0 0.35 0.45 0.3 0.45 0.2 0.85 0.75 0.6 0.95 0.0 0.35 
-0.012393422502732922 0.33530090213955077 0.5508574399522445 0.65 0.75 0.6 1.0 0.75 0.0 0.55 0.0 0.6 0.35 0.9 0.45 0.95 0.2 0.1 0.45 0.0 0.0 0.05 0.15 0.2 0.85 0.0 0.1 0.95 0.5 0.45 1.0 0.35 0.45 0.95 0.1 0.35 0.6 0.8 0.7 
-0.03816310514982324 0.29319857556221063 0.5026354920018103 0.1 0.3 0.05 0.35 0.8 0.1 0.95 0.45 0.3 0.8 0.55 0.25 0.8 0.15 0.85 0.8 1.0 0.4 0.95 0.5 0.6 0.75 0.9 0.55 0.95 0.1 0.65 0.7 0.55 0.2 0.85 0.7 0.4 1.0 0.3 0.5 
-5.639793762388095 0.5708942539786527 0.7656321796160248 0.5 0.15 0.15 0.45 0.55 0.3 0.75 1.0 0.8 0.45 0.4 0.25 1.0 0.4 0.15 0.6 0.75 0.4 0.4 0.8 0.9 0.05 0.65 0.3 0.95 0.1 0.6 0.0 0.25 0.4 1.0 0.8 0.55 1.0 0.75 0.4 
-0.0022955768164131646 0.7262662279058519 0.4341362402264772 0.5 0.75 0.95 0.3 0.85 0.05 1.0 0.5 0.65 0.75 0.8 0.25 0.9 0.85 0.4 1.0 0.75 0.85 0.4 0.8 0.9 0.4 0.8 0.9 0.65 0.1 0.7 0.1 0.7 0.9 0.85 0.85 0.55 1.0 0.75 0.4 
-0.0281891209031634 0.7197694427723955 0.4158178869977538 0.5 0.75 0.95 0.3 0.85 0.05 1.0 0.5 0.65 0.75 0.8 0.25 0.9 0.85 0.4 1.0 0.75 0.85 0.1 0.8 0.9 0.4 0.8 0.9 0.6 0.1 0.7 0.1 0.7 0.3 0.85 0.85 0.55 1.0 0.75 0.4 
-0.04363178884963544 0.7360541778972906 0.41117162573749305 0.5 0.85 0.35 0.3 0.85 0.15 1.0 0.5 0.65 0.9 0.8 0.25 0.9 0.85 0.3 0.9 0.75 0.85 0.95 0.55 0.0 0.85 0.55 0.9 0.8 0.1 0.65 0.2 0.7 0.75 1.0 0.85 0.55 0.95 0.75 0.4 
-0.02428818084133634 0.6989480759957498 0.6253845684686737 0.4 0.0 0.95 0.95 0.15 0.9 0.85 0.1 0.45 0.55 0.85 0.6 1.0 0.5 0.25 0.0 0.6 0.75 0.05 0.35 0.4 0.65 0.85 0.2 0.95 0.4 0.75 0.6 0.45 0.6 1.0 0.55 0.3 0.75 0.75 0.45 
-0.15567710993660924 0.678431697098163 0.647896867673612 0.0 0.6 0.95 0.95 0.15 0.9 0.65 0.1 0.45 0.7 0.85 0.6 1.0 0.5 0.2 0.0 0.6 0.1 0.4 0.35 0.85 0.8 0.85 0.2 0.95 0.4 0.75 0.85 0.45 0.6 1.0 0.55 0.3 0.8 0.75 0.45 
-0.006869886080898097 0.6856747473312664 0.395280186371555 0.5 0.75 0.35 0.3 0.85 0.15 1.0 0.5 0.65 0.8 0.8 0.25 1.0 0.85 0.6 1.0 0.75 0.85 0.4 0.8 0.9 0.4 0.4 0.3 0.65 0.05 0.65 0.1 0.7 0.9 0.6 0.85 0.55 1.0 0.75 0.35 
-0.25572836120371983 0.6699563366652089 0.6523620537349828 0.65 0.6 0.95 0.95 0.15 0.9 0.65 0.1 0.5 0.7 0.85 0.6 1.0 0.5 0.2 0.0 0.6 0.1 0.0 0.35 0.85 0.8 0.85 0.2 0.95 0.4 0.75 0.85 0.45 0.6 1.0 0.55 0.3 0.65 0.75 0.45 
-0.03969889757647726 0.7567107638819011 0.519411372703956 0.5 0.15 0.15 0.3 0.85 0.15 0.75 0.5 0.85 0.45 0.8 0.25 0.9 0.9 0.75 0.75 0.75 0.85 0.0 0.05 0.9 0.4 0.55 0.3 0.95 0.1 0.65 0.0 0.25 0.4 1.0 0.8 0.55 1.0 0.75 0.4 
-0.00030298019733225 0.3202192189861015 0.39401909995111445 0.35 0.5 0.15 0.65 0.5 0.15 0.95 0.85 0.4 0.7 0.95 0.4 0.8 0.0 0.45 0.5 0.35 1.0 0.6 0.2 0.55 0.75 0.3 0.95 1.0 0.55 0.4 1.0 0.35 0.45 0.95 0.1 0.75 0.6 0.2 0.95 
-0.05259032279271813 0.30769354230314516 0.4190527046517877 0.65 0.5 0.15 0.65 0.5 0.1 0.95 0.85 0.4 0.7 0.95 0.4 1.0 0.7 0.1 0.45 0.35 1.0 0.6 0.2 0.55 0.75 0.3 0.95 1.0 0.55 0.55 1.0 0.35 0.45 0.95 0.1 0.75 0.5 0.2 0.25 
-0.24566590532042085 0.7472837218289489 0.4496401424281922 0.5 0.15 0.95 0.3 0.9 0.15 1.0 0.5 0.8 0.55 0.8 0.25 0.95 0.8 0.45 0.9 0.75 0.85 1.0 0.8 0.9 0.4 0.4 0.25 0.9 0.1 0.65 0.0 0.7 0.4 1.0 0.8 0.55 1.0 0.75 0.4 
-0.0031251854574926253 0.28987767734145586 0.4560076100126286 0.1 0.3 0.05 0.35 0.05 0.1 0.95 0.4 0.3 0.7 0.7 0.3 0.85 0.15 0.85 0.75 1.0 0.4 1.0 0.05 0.6 0.1 0.9 0.0 0.95 0.1 0.35 0.7 0.55 0.2 0.85 0.7 0.4 1.0 0.35 0.5 
-0.016729489328154247 0.6534420440200307 0.37607694236022066 0.5 0.8 0.2 0.6 0.75 0.15 1.0 0.5 0.65 0.75 0.8 0.35 1.0 0.85 0.45 0.85 0.75 0.85 0.5 0.8 0.9 0.7 0.8 0.9 0.95 0.1 0.85 0.9 0.05 0.55 1.0 0.35 0.55 0.9 0.0 0.0 
-0.20305297639346773 0.6865607263672 0.3508985433408612 0.5 0.85 0.35 0.3 0.85 0.15 1.0 0.5 0.65 0.55 0.8 0.25 0.9 0.85 0.15 1.0 0.75 0.85 0.4 0.05 0.0 0.85 0.55 0.9 0.8 0.1 0.65 0.1 0.7 0.55 1.0 0.85 0.55 0.95 0.75 0.4 
-2.0375955820079215 0.6537193503328786 0.6597164467008964 0.4 0.5 0.9 0.95 0.1 0.9 0.85 0.1 0.8 0.75 0.85 0.6 0.95 0.5 0.25 0.0 0.6 0.75 0.05 0.35 0.4 0.65 0.85 0.4 0.95 0.4 0.75 0.6 0.45 0.6 1.0 0.55 0.3 0.9 0.75 0.45 
-8.03404513623362 0.5137069918693736 0.31121560681273497 0.0 0.85 0.35 0.65 0.85 0.9 0.9 0.5 0.65 0.9 0.8 0.25 0.9 0.85 0.7 1.0 0.75 0.8 0.25 0.0 0.9 0.7 0.2 0.9 1.0 0.65 0.85 0.85 0.3 0.5 1.0 0.35 0.55 1.0 0.6 0.2 
-0.0709027805588157 0.4379820692724753 0.31788647544600135 0.7 0.0 0.65 0.35 0.2 0.25 0.95 0.4 0.3 0.7 0.55 0.25 0.95 0.15 0.8 0.1 0.55 0.2 0.25 0.5 0.6 0.95 0.9 0.55 0.8 0.1 0.8 0.35 0.55 0.2 0.55 0.7 0.2 1.0 0.3 0.6 
-0.00198584097881329 0.7206819738903062 0.40379639499319536 0.5 0.85 0.35 0.3 0.85 0.15 1.0 0.5 0.65 0.75 0.8 0.25 0.9 0.85 0.85 1.0 0.75 0.85 0.4 0.8 0.9 0.4 0.55 0.9 0.8 0.1 0.65 0.2 0.6 0.55 0.95 0.85 0.55 0.95 0.75 0.4 
-0.04042064968750408 0.6851743381054379 0.3757519505556444 0.5 0.85 0.95 0.3 0.5 0.15 1.0 0.55 0.65 0.75 0.8 0.25 0.9 0.85 0.7 1.0 0.75 0.85 0.4 0.8 0.9 0.7 0.95 0.9 0.95 0.1 0.9 0.8 1.0 0.55 1.0 0.35 0.55 1.0 0.75 0.0 
-0.005919488348781351 0.6471912677755051 0.3688552523229006 1.0 0.9 0.55 0.6 0.75 0.15 1.0 0.5 0.65 0.75 0.8 0.25 0.8 0.85 0.45 0.85 0.75 0.85 0.9 0.2 0.9 0.7 0.8 1.0 0.95 0.1 0.75 0.8 1.0 0.55 0.5 0.1 0.05 0.6 0.0 0.0 
-13.807248649133108 0.45794685084775755 0.2956358657796162 0.25 0.7 0.0 0.15 0.75 0.05 0.95 0.25 0.7 0.55 0.35 0.4 0.95 0.2 0.85 0.65 0.7 0.2 0.45 0.5 0.55 0.85 0.3 0.55 1.0 0.1 0.75 0.35 0.3 0.2 0.6 1.0 0.45 1.0 0.3 0.3 
-0.5050357051355606 0.4522946810084713 0.30679584845420216 0.7 0.6 0.2 0.35 0.75 0.7 0.95 0.25 0.7 0.7 0.35 0.4 1.0 0.15 0.85 0.65 0.7 0.2 0.45 0.8 0.75 0.3 0.2 0.25 0.95 0.55 0.65 0.0 0.15 0.95 0.85 0.05 0.8 1.0 0.4 0.35 
-0.09763008021404675 0.7709529664440959 0.4401319552337549 0.5 0.15 0.95 0.15 0.85 0.15 1.0 0.5 0.55 0.45 0.8 0.25 0.9 0.85 0.55 0.75 0.75 0.85 0.0 0.8 0.9 0.4 0.4 0.3 0.9 0.1 0.65 0.05 0.7 0.4 1.0 0.8 0.55 1.0 0.75 0.4 
-0.07160384093321641 0.3088134345954837 0.5063386121103389 0.1 0.3 0.05 0.35 0.15 0.1 0.95 0.45 0.3 0.65 0.55 0.25 0.8 0.15 0.85 0.9 1.0 0.4 0.95 0.5 0.6 0.1 0.9 0.55 0.95 0.1 0.65 0.65 0.55 0.2 0.85 0.7 0.4 1.0 0.35 0.5 
-0.008049965638505905 0.646014513662195 0.38978956895316574 0.5 0.15 0.95 0.15 0.85 0.75 1.0 0.5 0.55 0.45 0.85 0.25 0.9 0.8 0.25 0.9 0.75 0.85 0.0 0.8 0.9 0.4 0.4 0.3 0.3 0.95 0.1 0.0 0.6 0.4 0.8 0.8 0.55 1.0 0.75 0.4 
-0.4307397358714407 0.7547619400123442 0.5693568891778872 0.95 0.15 0.95 0.3 0.1 0.15 1.0 0.45 0.85 0.65 0.8 0.25 0.9 0.9 0.55 0.9 0.75 0.85 0.3 0.7 0.9 0.4 0.75 0.3 0.9 0.1 0.65 0.2 1.0 0.8 1.0 0.8 0.55 1.0 0.75 0.4 
-5.873069134198889e-05 0.3112880455860766 0.5416551144745072 0.1 0.3 0.9 0.35 0.35 0.1 0.95 0.45 0.3 0.65 0.55 0.25 0.8 0.15 0.85 0.7 1.0 0.0 0.95 0.5 0.6 0.1 0.85 0.55 0.9 0.1 0.65 0.55 0.55 0.2 0.9 0.7 0.65 1.0 0.35 0.5 
-0.006407622126144087 0.5825680208481648 0.3654252766270003 0.5 0.85 0.9 0.1 0.75 0.15 1.0 0.5 0.65 0.35 0.8 0.25 0.9 0.85 0.35 1.0 0.75 0.85 0.3 0.8 0.9 0.4 0.65 0.35 0.9 0.1 0.65 0.2 0.45 0.75 0.1 0.2 0.4 0.75 0.7 0.45 
-0.004794617358432167 0.5813993334164959 0.34888894047563734 1.0 0.8 0.15 0.6 0.75 0.15 1.0 0.5 0.65 0.3 0.8 0.25 1.0 0.85 0.45 0.85 0.75 0.85 0.9 0.2 0.9 0.7 0.8 0.9 0.95 0.1 0.8 0.8 1.0 0.55 0.3 0.1 0.2 0.5 0.0 0.0 
-0.36209118629077497 0.5358109034309897 0.3042269652971006 0.0 0.85 0.65 0.65 0.85 0.85 1.0 0.5 0.65 0.9 0.8 0.25 0.9 0.85 0.7 1.0 0.75 0.8 0.25 0.0 0.9 0.7 0.2 0.9 1.0 0.7 0.85 0.85 0.3 0.6 0.85 0.35 0.55 1.0 0.75 0.0 
-0.172318894803205 0.6246413595870894 0.3431062736680578 0.5 0.15 0.2 0.95 0.75 0.95 0.8 0.5 0.65 0.9 0.8 0.25 0.85 0.85 0.3 0.85 0.75 0.85 0.25 0.8 0.9 0.7 0.8 0.9 0.95 0.1 0.75 0.9 0.05 0.55 0.2 0.35 0.55 0.9 0.0 0.0 
-0.08185318764294482 0.2899842435449421 0.48072062400845833 0.1 0.3 0.05 0.35 0.8 0.1 0.95 0.45 0.3 0.8 0.55 0.25 0.8 0.15 0.85 0.8 1.0 0.4 0.95 0.5 0.6 0.75 0.9 0.55 0.95 0.1 0.65 0.7 0.55 0.2 0.85 0.7 0.4 1.0 0.35 0.5 
-0.03869855965717201 0.7842959030371259 0.5085431013468116 0.95 0.15 0.95 0.3 0.85 0.15 1.0 0.45 0.8 0.65 0.8 0.25 0.9 0.9 0.35 0.9 0.75 0.85 0.3 0.8 0.5 0.4 0.4 0.3 0.9 0.1 0.65 0.0 0.7 1.0 1.0 0.8 0.55 1.0 0.75 0.4 
-0.08825472202733267 0.7070916925979159 0.3665534820204056 0.5 0.8 0.2 0.3 0.75 0.15 0.95 0.5 0.65 0.75 0.8 0.25 0.8 0.85 0.45 1.0 0.75 0.85 0.4 0.25 0.25 0.7 0.8 0.9 0.95 0.05 0.7 0.8 0.05 0.55 1.0 0.35 0.55 0.8 0.0 0.0 
-0.056750903552267605 0.7535634921610188 0.5315911455030494 0.95 0.15 0.95 0.3 0.85 0.15 1.0 0.45 0.8 0.65 0.8 0.25 0.9 0.9 0.55 0.9 0.75 0.85 0.3 0.8 0.9 0.4 0.4 0.3 0.9 0.1 0.65 0.0 0.7 1.0 1.0 0.8 0.55 1.0 0.75 0.4 
-0.23686278035035851 0.7368751846342156 0.3852489670687089 0.5 0.85 0.55 0.3 0.85 0.15 1.0 0.5 0.65 0.55 0.8 0.25 0.9 0.85 0.55 1.0 0.75 0.85 0.4 0.05 0.0 0.85 0.55 0.9 0.8 0.1 0.65 0.25 0.7 0.55 1.0 0.85 0.55 0.95 0.75 0.4 
-0.005745722712797398 0.752459806716704 0.5171413185813045 0.5 0.15 0.15 0.3 0.85 0.15 0.75 0.5 0.8 0.45 0.8 0.25 0.9 0.9 0.75 0.75 0.75 0.85 0.0 0.8 0.9 0.4 0.55 0.3 0.95 0.1 0.65 0.0 0.25 0.4 1.0 0.8 0.55 1.0 0.75 0.4 
-0.06363871244437169 0.76877924505527 0.4647449071389356 0.5 0.15 0.95 0.15 0.85 0.15 1.0 0.5 0.55 0.45 0.8 0.25 0.9 0.85 0.55 0.9 0.75 0.85 0.0 0.8 0.9 0.4 0.4 0.3 0.9 0.1 0.65 0.15 0.7 0.4 1.0 0.8 0.55 1.0 0.75 0.4 
-0.01945004782617713 0.7724444065754736 0.48568413336933436 0.95 0.15 1.0 0.3 0.85 0.15 1.0 0.4 0.8 0.65 0.8 0.25 0.9 0.9 0.35 0.9 0.75 0.85 0.3 0.8 0.5 0.4 0.4 0.3 0.9 0.1 0.65 0.0 0.7 1.0 1.0 0.8 0.55 1.0 0.75 0.4 
-0.1043900544590354 0.7710832685768132 0.5536914314730822 0.95 0.15 0.95 0.3 0.85 0.15 1.0 0.45 0.85 0.65 0.8 0.25 0.9 0.9 0.75 0.9 0.75 0.85 0.3 0.7 0.9 0.4 0.4 0.3 0.9 0.1 0.65 0.1 1.0 1.0 1.0 0.8 0.55 1.0 0.75 0.4 
-0.09149925060624052 0.7389917557960753 0.5597552354050391 0.15 0.45 0.15 0.3 0.85 0.15 0.7 0.5 0.85 0.45 0.8 0.25 1.0 0.9 0.75 0.95 0.75 0.85 0.0 0.05 0.15 0.95 0.55 0.1 0.95 0.1 0.65 0.1 0.25 0.3 1.0 0.75 0.55 1.0 0.75 0.4 
-0.06793868163703518 0.40964662944456776 0.324386058531954 0.7 0.6 0.2 0.35 0.2 0.05 0.95 0.4 0.3 0.7 0.55 0.25 0.95 0.15 0.75 0.2 0.7 0.1 0.25 0.5 0.85 0.3 0.9 0.55 0.9 0.1 0.75 0.35 0.55 0.2 0.5 0.7 0.2 1.0 0.3 0.6 
-28.085096108821855 0.4905069853495946 0.29460849117116217 0.05 0.7 0.75 0.35 0.75 0.05 0.95 0.25 0.7 0.7 0.35 0.4 1.0 0.15 0.85 0.65 0.7 0.2 0.45 0.5 0.25 0.95 0.7 0.45 1.0 0.1 0.8 0.0 0.3 0.2 0.2 0.3 0.65 1.0 0.3 0.35 
-0.034491115896465384 0.29330558403420315 0.4453170646225894 0.1 0.3 0.05 0.35 0.05 0.1 0.95 0.4 0.3 0.7 0.7 0.3 0.85 0.15 0.85 0.75 1.0 0.4 1.0 0.05 0.6 0.1 0.9 0.0 0.95 0.1 0.35 0.7 0.55 0.2 0.85 0.7 0.4 1.0 0.35 0.5 
-0.013613927641451726 0.7360351498657565 0.5871985501757615 0.5 0.15 0.15 0.3 0.85 0.15 0.7 0.5 0.85 0.45 0.8 0.25 0.9 0.9 0.75 0.95 0.75 0.85 0.0 0.05 0.15 0.4 0.55 0.1 0.95 0.1 0.65 0.1 0.25 0.4 1.0 0.8 0.55 1.0 0.75 0.4 
-0.9385781768090242 0.5552819106529315 0.3214868934826063 0.0 0.85 0.35 0.65 0.85 0.85 0.9 0.5 0.65 0.9 0.85 0.25 0.9 0.85 0.7 1.0 0.75 0.8 0.25 0.0 0.9 0.7 0.2 0.9 0.9 0.65 0.85 0.85 0.3 0.5 1.0 0.35 0.55 1.0 0.6 0.2 
-0.009714733405025253 0.5997195179035576 0.7526171315613484 0.5 0.15 0.15 0.15 0.55 0.85 0.75 1.0 0.5 0.45 0.4 0.25 0.6 0.4 0.0 0.8 0.75 0.65 0.55 0.8 0.9 0.3 0.65 0.85 0.95 0.1 0.6 0.0 0.25 0.6 1.0 0.8 0.55 1.0 0.75 0.4 
-0.061649424386081515 0.5567315208101035 0.3523554806073611 0.0 0.85 0.65 0.3 0.85 0.85 1.0 0.5 0.65 0.9 0.8 0.25 0.9 0.85 0.7 1.0 0.75 0.8 0.25 0.0 0.9 0.7 0.2 0.9 0.9 0.65 0.85 0.85 0.3 0.5 1.0 0.35 0.55 1.0 0.6 0.6 
-0.02777000591905455 0.7123645857183656 0.6261093414694736 0.25 0.1 0.95 0.95 0.65 0.1 1.0 0.1 0.7 0.55 0.85 0.6 1.0 0.5 0.25 0.05 0.4 0.75 0.0 0.2 0.2 0.45 0.85 0.2 0.95 0.4 0.75 0.5 0.45 0.6 0.95 0.55 0.3 0.7 0.75 0.45 
-0.18129982641395956 0.6106204466533619 0.3485287488539168 1.0 0.8 0.75 0.6 0.75 0.15 1.0 0.5 0.65 0.75 0.8 0.25 0.8 0.85 0.45 0.85 0.75 0.85 0.9 0.2 0.9 0.7 0.8 0.9 0.95 0.1 0.75 0.8 1.0 0.35 0.5 0.1 0.2 0.6 0.0 0.0 
-0.01450092403150279 0.6630585073614556 0.3404378494176286 0.5 0.15 0.85 0.5 0.75 0.15 0.7 0.5 0.65 0.9 0.8 0.25 1.0 0.85 0.35 0.85 0.75 0.85 0.15 0.35 0.9 0.45 0.8 0.9 0.95 0.1 0.75 0.9 0.05 0.55 0.85 0.35 0.55 0.9 0.0 0.0 
-0.04046466356623111 0.7297995992706603 0.6101857673165986 0.25 0.1 0.95 0.95 0.65 0.85 1.0 0.1 0.45 0.55 0.85 0.6 1.0 0.5 0.25 0.0 0.2 0.75 0.0 0.2 0.2 0.45 0.85 0.2 0.95 0.4 0.75 0.65 0.45 0.6 1.0 0.55 0.3 0.65 0.75 0.45 
-0.289159151913336 0.3425350526783614 0.5775047360983643 0.65 0.75 0.6 1.0 0.75 0.0 0.55 0.0 0.6 0.35 0.9 0.45 0.95 0.2 0.1 0.45 0.0 0.0 0.05 0.15 0.2 0.85 0.0 0.1 0.95 0.45 0.45 1.0 0.35 0.45 0.95 0.1 0.35 0.5 0.8 0.7 
-0.02656736067520719 0.5730933775512171 0.306163214330041 0.15 0.15 0.2 0.95 0.75 0.15 1.0 0.5 0.65 0.9 0.8 0.25 1.0 0.85 0.3 0.85 0.75 0.85 0.5 0.8 0.9 0.7 0.8 0.9 0.95 0.1 0.75 0.9 0.0 0.55 0.2 0.25 0.55 0.9 0.0 0.0 
-0.14289792903480503 0.64978469138052 0.3336762505214774 0.5 0.8 0.2 0.6 0.75 0.15 0.8 0.5 0.65 0.75 0.8 0.25 1.0 0.85 0.45 0.85 0.75 0.85 0.5 0.8 0.9 0.7 0.8 0.9 0.95 0.1 0.85 0.9 0.05 0.55 1.0 0.35 0.55 0.9 0.85 0.0 
-0.022390375084243883 0.5859711537870027 0.32524228403337785 0.5 0.8 0.2 0.85 1.0 0.8 1.0 0.5 0.65 0.75 0.8 0.25 1.0 0.85 0.6 1.0 0.75 0.85 0.4 0.8 0.35 0.7 0.8 0.9 0.95 0.1 0.85 0.85 0.05 0.55 1.0 0.4 0.55 0.9 1.0 0.0 
-0.03635942327102984 0.36437852137277865 0.33973661563546886 0.7 0.15 0.65 0.35 0.2 0.05 1.0 0.4 0.3 0.6 0.55 0.25 0.95 0.2 0.8 0.15 0.65 0.6 0.25 0.5 0.6 0.95 0.9 0.55 0.9 0.1 0.5 0.35 0.55 0.2 0.5 0.7 0.3 1.0 0.3 0.6 
-0.02426544645677748 0.7586506191106395 0.5726837136567852 0.95 0.15 0.95 0.3 0.1 0.15 1.0 0.45 0.85 0.65 0.8 0.25 0.9 0.9 0.55 0.9 0.75 0.85 0.3 0.7 0.9 0.4 0.75 0.3 0.9 0.1 0.65 0.2 1.0 1.0 1.0 0.8 0.55 1.0 0.75 0.4 
-140.7779643545506 0.4546695460499448 0.7668475463744251 0.5 0.6 0.9 0.45 0.3 0.7 1.0 1.0 0.55 1.0 0.15 0.1 0.1 0.7 0.05 0.9 0.4 0.45 0.45 0.8 0.75 0.55 0.4 0.3 0.7 0.1 0.6 0.0 0.85 0.6 1.0 0.8 0.4 0.7 0.7 0.35 
-0.16099416333798036 0.7083331978213392 0.3574273030576991 0.5 0.85 0.35 0.3 0.85 0.15 1.0 0.5 0.65 0.55 0.8 0.25 0.9 0.85 0.55 1.0 0.75 0.85 0.4 0.05 0.35 0.85 0.55 0.9 0.7 0.1 0.65 0.15 0.7 0.55 1.0 0.85 0.55 0.95 0.75 0.4 
-78.33742293553523 0.3711736083528918 0.6349377483372779 0.15 0.55 0.45 0.15 0.85 0.05 0.45 1.0 0.35 0.7 0.3 0.3 0.9 0.6 0.2 0.95 0.35 0.2 0.6 0.5 0.9 0.35 0.4 0.5 0.95 0.1 0.6 0.85 0.35 0.15 1.0 0.8 0.4 0.45 0.65 0.75 
-5.631953643930394 0.5487094441136944 0.29377912957606345 0.0 0.65 0.65 0.3 0.85 0.85 1.0 0.5 0.65 0.9 0.8 0.25 0.9 0.85 0.7 1.0 0.75 0.8 0.25 0.0 0.9 0.7 0.2 0.3 1.0 0.7 0.6 0.85 0.3 0.55 1.0 0.35 0.55 1.0 0.75 0.0 
-20.623841553925214 0.5137195858614553 0.7862603725648889 0.5 0.4 0.0 0.45 0.5 0.8 0.55 1.0 0.55 0.55 0.15 0.1 0.85 0.85 0.7 0.5 0.1 0.2 0.25 0.8 0.9 0.1 0.4 0.3 0.95 0.1 0.6 0.0 0.0 0.8 1.0 0.8 0.4 0.7 0.7 0.35 
-0.09759848597390733 0.7575304890409873 0.4165478295363752 0.5 0.85 0.35 0.3 0.85 0.15 1.0 0.5 0.65 0.75 0.8 0.25 0.9 0.85 0.3 1.0 0.75 0.85 0.4 0.8 0.0 0.85 0.55 0.9 0.75 0.1 0.65 0.1 0.7 0.75 1.0 0.85 0.55 0.95 0.75 0.4 
-0.22424700138235612 0.6286563492809106 0.6891962524977591 0.6 0.15 0.95 0.3 0.85 0.15 1.0 0.5 0.8 0.55 0.8 0.0 0.95 0.8 0.5 0.9 0.75 0.85 0.0 0.8 0.9 0.4 0.4 0.3 0.9 0.1 0.65 0.0 0.7 0.4 1.0 0.8 0.55 1.0 0.75 0.4 
-127.4548199129006 0.5347755532239469 0.2878859531852963 0.7 0.0 0.5 0.4 0.75 0.05 0.95 0.35 0.8 0.55 0.35 0.25 0.95 0.2 0.85 0.65 0.7 0.2 0.7 0.5 0.55 0.85 0.2 0.3 1.0 0.1 0.75 0.35 0.3 0.35 0.3 0.3 0.75 1.0 0.3 0.35 
-0.0056615965002918996 0.7688928763396294 0.5615561598839012 0.95 0.15 0.95 0.3 0.85 0.15 1.0 0.45 0.85 0.65 0.8 0.25 0.9 0.9 0.75 0.9 0.75 0.85 0.3 0.7 0.9 0.4 0.4 0.3 0.9 0.1 0.65 0.1 1.0 1.0 1.0 0.8 0.55 0.95 0.75 0.4 
-0.4007133375097128 0.75792336121119 0.39922181164490295 0.5 0.85 0.35 0.3 0.85 0.15 1.0 0.5 0.65 0.55 0.8 0.25 0.9 0.85 0.55 1.0 0.75 0.85 0.4 0.05 0.35 0.85 0.55 0.9 0.95 0.1 0.65 0.15 0.7 0.55 1.0 0.85 0.55 0.95 0.75 0.4 
-0.016117861472024153 0.6243344412091535 0.3288711653818006 1.0 0.8 0.75 0.6 0.75 0.15 1.0 0.5 0.65 0.75 0.8 0.25 1.0 0.85 0.45 0.85 0.75 0.85 0.9 0.2 0.05 0.7 0.8 0.9 0.95 0.1 0.8 0.8 1.0 0.55 0.6 0.1 0.2 0.6 0.0 0.0 
-141.47207457478257 0.4909844741491941 0.8062028457458169 0.5 0.4 0.9 0.45 0.5 0.8 1.0 1.0 0.65 0.45 0.15 0.1 0.9 0.85 0.25 0.75 0.1 0.2 0.25 0.85 0.9 0.1 0.4 0.3 0.8 0.1 0.6 0.0 0.35 0.4 1.0 0.8 0.4 0.7 0.7 0.35 
-0.6748782897590907 0.6938179462487107 0.3455021370159175 0.5 0.8 0.6 0.3 0.75 0.15 1.0 0.5 0.65 0.75 0.8 0.25 1.0 0.85 0.35 1.0 0.75 0.85 0.4 0.8 0.4 0.7 0.8 0.9 0.95 0.1 0.85 0.8 0.05 0.55 1.0 0.3 0.55 0.9 0.0 0.0 
-0.05786531298750106 0.33166750132064327 0.36286095214595737 0.5 0.4 0.15 0.65 0.35 0.15 0.95 0.7 0.4 0.7 0.95 0.4 1.0 0.95 0.4 0.5 0.35 1.0 0.6 0.2 0.55 0.75 0.3 0.95 1.0 0.55 0.5 1.0 0.35 0.35 0.95 0.1 0.75 0.6 0.2 0.15 
-0.13291007415466438 0.6047995917636622 0.3151820220854966 0.5 0.15 0.2 0.95 0.75 0.15 1.0 0.5 0.65 0.9 0.8 0.25 0.85 0.85 0.3 0.85 0.75 0.85 0.5 0.8 0.9 0.7 0.8 0.9 0.95 0.1 0.75 0.9 0.05 0.55 0.2 0.35 0.55 0.9 0.0 0.0 
-0.022439534686613232 0.6570700872034991 0.3096751364426853 0.5 0.15 0.2 0.6 0.75 0.15 1.0 0.5 0.65 0.75 0.75 0.25 1.0 0.85 0.45 0.85 0.75 0.85 0.5 0.8 0.9 0.7 0.2 0.9 0.95 0.1 0.75 0.9 0.05 0.55 1.0 0.35 0.55 0.9 0.0 0.0 
-34.21328557878164 0.46949538846264033 0.27710676878008067 0.7 0.7 0.0 0.15 0.0 0.05 0.95 0.25 0.7 0.55 0.35 0.4 0.95 0.2 0.85 0.65 0.7 0.2 0.45 0.5 0.3 0.85 0.3 0.55 1.0 0.15 0.75 0.35 0.3 0.2 0.6 1.0 0.7 1.0 0.3 0.3 
-0.09953523697099237 0.6287225642293719 0.3196074305652872 0.5 0.8 0.2 0.85 1.0 0.8 1.0 0.5 0.65 0.75 0.8 0.25 1.0 0.85 0.6 1.0 0.75 0.85 0.4 0.8 0.35 0.7 0.8 0.9 0.95 0.1 0.85 0.85 0.05 0.55 1.0 0.4 0.55 0.7 1.0 0.0 
-143.35238625741098 0.47498563325249904 0.7943822701472152 0.5 0.4 0.9 0.45 0.5 0.8 1.0 1.0 0.65 0.45 0.15 0.1 0.5 0.85 0.7 0.55 0.1 0.2 1.0 0.8 0.9 0.1 0.4 0.2 0.8 0.1 0.6 0.0 0.35 0.4 1.0 0.8 0.4 0.7 0.7 0.35 
-0.00500959760959378 0.5814332658925585 0.30509688417816805 0.15 0.15 0.2 0.95 0.75 0.15 1.0 0.5 0.65 0.9 0.8 0.25 1.0 0.85 0.3 0.85 0.75 0.85 0.5 0.8 0.9 0.7 0.8 0.9 0.95 0.1 0.75 0.9 0.05 0.55 0.2 0.25 0.55 0.9 0.0 0.0 
-0.047872936484553145 0.2909456747279464 0.37559798131841804 0.5 0.4 0.15 0.65 0.35 0.9 0.95 0.75 0.35 0.7 0.95 0.4 1.0 0.0 0.4 0.5 0.4 1.0 0.6 0.2 0.55 0.75 0.05 0.25 1.0 0.55 0.5 0.9 0.35 0.35 1.0 0.1 0.55 0.6 0.9 0.85 
-0.31261758767389336 0.7362858862978825 0.606414735836855 0.25 0.1 0.95 0.95 0.65 0.85 1.0 0.1 0.45 0.55 0.85 0.6 1.0 0.5 0.25 0.05 0.2 0.75 0.0 0.2 0.2 0.45 0.85 0.2 0.95 0.4 0.75 0.65 0.45 0.6 1.0 0.55 0.3 0.65 0.75 0.45 
-0.6881737759023236 0.724804073227306 0.6398883203338817 0.25 0.1 0.95 0.95 0.65 0.9 1.0 0.1 0.7 0.55 0.85 0.6 1.0 0.5 0.25 0.05 0.25 0.75 0.0 0.2 0.2 0.45 0.85 0.2 0.95 0.4 0.75 0.5 0.45 0.6 1.0 0.55 0.3 0.65 0.75 0.45 
-0.08518215652334901 0.6730859908416612 0.3250378390334391 0.5 0.8 0.2 0.3 0.75 0.15 0.95 0.5 0.65 0.75 0.8 0.25 1.0 0.85 0.45 1.0 0.75 0.85 0.4 0.8 0.9 0.7 0.8 0.9 0.95 0.1 0.7 0.8 0.05 0.55 1.0 0.35 0.55 0.9 0.0 0.0 
-1.6669516643912914 0.3933730392188651 0.3185427543177153 0.7 0.15 0.65 0.35 0.2 0.05 1.0 0.4 0.3 0.6 0.55 0.25 0.95 0.2 0.8 0.15 0.7 0.2 0.25 0.5 0.6 0.95 0.9 0.55 0.9 0.1 0.5 0.35 0.55 0.2 0.5 0.75 0.3 1.0 0.3 0.6 
-0.34816751206497665 0.7379412311212281 0.3716902936722686 0.5 0.85 0.35 0.3 0.85 0.15 1.0 0.5 0.65 0.55 0.8 0.25 0.9 0.85 0.55 1.0 0.75 0.85 0.4 0.05 0.0 0.85 0.55 0.9 0.8 0.1 0.65 0.1 0.7 0.55 1.0 0.85 0.55 0.95 0.75 0.4 
-0.36425367029094385 0.6310314965481565 0.3009424848212491 0.5 0.8 0.2 0.6 0.75 0.15 1.0 0.5 0.65 0.75 0.8 0.25 1.0 0.85 0.45 0.85 0.75 0.85 0.5 0.8 0.9 0.7 0.8 0.9 0.95 0.1 0.85 0.9 0.05 0.55 1.0 0.35 0.55 0.9 0.0 0.0 
-0.41191905399074263 0.298027414469616 0.5268033542390197 0.1 0.3 0.9 0.35 0.35 0.1 0.95 0.45 0.3 0.7 0.55 0.25 0.8 0.15 0.85 0.7 1.0 0.0 0.95 0.5 0.6 0.1 0.85 0.55 0.9 0.1 0.65 0.65 0.55 0.2 0.9 0.7 0.4 1.0 0.35 0.5 
-125.65392879685743 0.5096317122060183 0.27018787532975286 0.7 0.7 0.0 0.15 0.75 0.05 0.95 0.25 0.7 0.55 0.35 0.4 0.95 0.2 0.85 0.65 0.7 0.2 0.45 0.5 0.3 0.85 0.3 0.55 1.0 0.1 0.75 0.35 0.3 0.2 0.6 0.2 0.85 1.0 0.3 0.3 
-37.35619682374696 0.45262408357784467 0.2862325557132338 0.7 0.7 0.0 0.15 0.0 0.05 0.95 0.25 0.7 0.55 0.35 0.4 0.95 0.2 0.85 0.65 0.7 0.2 0.45 0.5 0.3 0.85 0.3 0.55 1.0 0.1 0.75 0.35 0.3 0.2 0.55 1.0 0.7 1.0 0.3 0.3 
-0.05631319508034369 0.6700114968961571 0.30082410329340425 0.5 0.15 0.2 0.6 0.75 0.15 1.0 0.5 0.65 0.9 0.8 0.25 1.0 0.85 0.45 0.85 0.75 0.85 0.5 0.8 0.9 0.7 0.8 0.9 0.95 0.1 0.75 0.9 0.05 0.55 1.0 0.35 0.55 0.9 0.0 0.0 
-144.51340927554796 0.48922897185664127 0.8113874414876727 0.5 0.4 0.9 0.45 0.5 0.8 1.0 1.0 0.65 0.45 0.15 0.1 0.55 0.85 0.7 0.75 0.1 0.2 0.25 0.85 0.9 0.1 0.4 0.3 0.8 0.1 0.6 0.0 0.35 0.4 1.0 0.8 0.4 0.7 0.7 0.35 
-19.477243870992204 0.524516119787264 0.7740894478127169 0.5 0.4 0.9 0.45 0.5 0.8 1.0 1.0 0.65 0.8 0.15 0.1 0.75 0.85 0.7 0.55 0.1 0.2 0.25 0.8 0.9 0.1 0.4 0.3 0.8 0.1 0.6 0.0 0.0 0.4 1.0 0.8 0.4 0.7 0.7 0.35 
-127.17021229109793 0.5126157733156705 0.29040183787358775 0.7 0.7 0.0 0.15 0.75 0.05 0.95 0.25 0.7 0.55 0.35 0.4 0.95 0.2 0.85 0.65 0.7 0.2 0.45 0.5 0.3 0.85 0.3 0.55 1.0 0.1 0.75 0.35 0.3 0.2 0.6 0.15 0.85 1.0 0.3 0.3 
-0.306014133344238 0.3095597010696609 0.36607505158832954 0.5 0.4 0.15 0.65 0.35 0.9 0.95 0.7 0.35 0.7 0.95 0.4 1.0 0.0 0.4 0.5 0.35 1.0 0.6 0.2 0.55 0.75 0.5 0.95 1.0 0.55 0.5 0.9 0.35 0.35 0.95 0.1 0.65 0.6 0.2 0.15 
-0.04620502914944913 0.6825345714354957 0.325418696701107 0.5 0.15 0.2 0.55 0.75 0.15 1.0 0.5 0.65 0.7 0.8 0.25 1.0 0.85 0.1 0.85 0.75 0.85 0.5 0.8 0.9 0.7 0.75 0.9 0.95 0.1 0.75 0.9 0.05 0.55 1.0 0.35 0.55 0.9 0.0 0.0 
-28.135673905425808 0.41487609012106486 0.30078697999643167 0.85 0.7 0.0 0.15 0.0 0.05 0.95 0.25 0.7 0.55 0.35 0.15 0.95 0.2 0.85 0.65 0.7 0.2 0.45 0.5 0.3 0.85 0.3 0.55 1.0 0.1 0.75 0.35 0.3 0.2 0.55 1.0 0.7 1.0 0.3 0.3 
-0.1112215292599758 0.6542025556796545 0.29142853418332315 0.5 0.8 0.2 0.6 0.85 0.15 1.0 0.5 0.65 0.85 0.8 0.25 1.0 0.85 0.45 0.85 0.75 0.85 0.5 0.8 0.05 0.7 0.8 0.9 0.95 0.1 0.8 0.9 0.05 0.55 1.0 0.35 0.55 0.9 0.0 0.0 
-0.2069687971638375 0.5710601394845295 0.3043933028842044 0.15 0.15 0.2 0.95 0.75 0.15 1.0 0.5 0.65 0.85 0.8 0.25 1.0 0.85 0.3 0.85 0.75 0.85 0.5 0.8 0.9 0.7 0.8 0.9 0.95 0.1 0.75 0.9 0.05 0.55 0.2 0.25 0.55 0.9 0.0 0.0 
-0.37017566221014897 0.5972739423312817 0.3001546080937888 0.5 0.15 0.2 0.95 0.75 0.15 1.0 0.5 0.65 0.9 0.8 0.25 1.0 0.85 0.3 0.85 0.75 0.85 0.5 0.8 0.9 0.7 0.8 0.9 0.95 0.1 0.75 0.9 0.05 0.55 0.25 0.35 0.55 0.9 0.0 0.0 
-0.8369688362134104 0.7034377693422206 0.6713134236137933 0.25 1.0 0.95 0.95 0.65 0.85 0.9 0.1 0.45 0.55 0.85 0.6 1.0 0.5 0.3 0.25 0.25 0.75 0.0 0.2 0.2 0.45 0.4 0.4 0.95 0.4 0.75 0.75 0.45 0.7 1.0 0.55 0.3 0.65 0.75 0.45 
-138.9970481765745 0.43035490693292344 0.7183685193526085 0.5 0.4 0.9 0.45 0.5 0.8 1.0 0.75 0.65 0.45 0.15 0.1 0.55 0.85 0.7 0.95 0.1 0.2 0.25 0.85 0.9 0.1 0.4 0.3 0.8 0.1 0.6 0.0 0.35 0.4 1.0 0.8 0.4 0.7 0.7 0.35 
-0.6488274920312033 0.37354005176781035 0.32599370042588827 0.7 0.15 0.65 0.35 0.2 0.05 1.0 0.4 0.3 0.6 0.55 0.25 0.95 0.2 0.8 0.15 0.7 0.2 0.25 0.5 0.6 0.95 0.9 0.55 0.9 0.1 0.5 0.35 0.55 0.2 0.5 0.7 0.3 1.0 0.3 0.6 
-0.006896727290627667 0.7858261777649451 0.4953526828943288 0.95 0.15 0.95 0.3 0.85 0.15 1.0 0.5 0.8 0.65 0.8 0.25 0.9 0.9 0.35 0.9 0.75 0.85 0.3 0.8 0.5 0.4 0.4 0.3 0.9 0.1 0.65 0.0 0.7 1.0 1.0 0.8 0.55 1.0 0.75 0.4 
-94.40604884455986 0.3875547845611935 0.6515947313739017 0.15 0.4 0.45 0.15 0.95 0.05 0.45 1.0 0.35 0.7 0.3 0.2 0.95 0.5 0.2 0.95 0.35 0.2 0.05 0.45 0.9 0.35 0.4 0.5 0.95 0.1 0.6 0.85 0.35 0.15 1.0 0.8 0.4 0.4 0.65 0.75 
-0.6894041244728728 0.5621630780351718 0.7770784137294302 0.5 0.15 0.15 0.15 0.55 0.3 0.75 1.0 0.8 0.45 0.4 0.25 0.7 0.4 0.3 0.8 0.75 0.75 0.4 0.8 0.9 0.05 0.65 0.85 0.95 0.1 0.6 0.0 0.25 0.4 1.0 0.8 0.55 1.0 0.75 0.4 
-1.275631425913628 0.7888318954800184 0.5064811350047846 0.95 0.15 0.95 0.3 0.85 0.15 1.0 0.5 0.75 0.65 0.8 0.25 0.9 0.9 0.35 0.9 0.75 0.85 0.3 0.8 0.5 0.4 0.4 0.65 0.9 0.1 0.65 0.0 0.7 1.0 1.0 0.8 0.55 1.0 0.75 0.4 
-0.3032291153714924 0.3299816635556765 0.34177452820840537 0.65 0.5 0.15 0.65 0.5 0.75 0.95 0.85 0.4 0.7 0.95 0.4 1.0 0.0 0.25 0.5 0.35 1.0 0.6 0.2 0.55 0.75 0.3 0.95 1.0 0.55 0.5 1.0 0.35 0.45 0.95 0.0 0.75 0.45 0.2 0.25 
-1.623991269853321 0.7838380396754032 0.465968286124854 0.5 0.15 0.95 0.15 0.85 0.15 1.0 0.5 0.55 0.45 0.8 0.25 0.9 0.85 0.55 0.9 0.75 0.85 0.0 0.8 0.9 0.4 0.4 0.3 0.9 0.1 0.65 0.05 0.7 0.4 1.0 0.8 0.55 1.0 0.75 0.4 
-145.81352600584893 0.423375830856592 0.6990857390303038 0.65 0.7 0.45 1.0 0.15 0.1 1.0 1.0 0.8 0.6 0.35 0.35 0.95 0.9 0.25 0.95 0.35 0.2 0.05 0.8 0.65 0.35 0.4 0.5 0.95 0.1 0.6 0.0 0.35 0.25 1.0 0.8 0.4 0.65 0.7 0.3 
-0.1228394398904893 0.29427033435028604 0.40404472264153507 0.5 0.4 0.15 0.65 0.35 0.05 0.95 0.7 0.35 0.55 0.95 0.4 1.0 0.0 0.4 0.5 0.4 1.0 0.6 0.2 0.55 0.75 0.45 0.95 1.0 0.55 0.5 0.8 0.35 0.35 0.95 0.1 0.4 0.55 0.2 0.15 
-142.28168058159778 0.45249840073186876 0.7549777486082423 0.5 0.4 0.9 0.45 0.5 0.8 1.0 1.0 0.65 0.45 0.15 0.1 0.55 0.85 1.0 0.55 0.1 0.2 0.25 0.8 0.9 0.1 0.4 0.3 0.8 0.1 0.6 0.0 0.35 0.4 1.0 0.8 0.4 0.7 0.7 0.35 
-107.3189138230778 0.40583974604400797 0.6891463955574714 0.15 0.4 0.45 0.15 0.95 0.8 0.55 1.0 0.9 0.7 0.3 0.25 0.95 0.5 0.2 0.95 0.35 0.2 0.05 0.5 0.9 0.35 0.4 0.5 0.95 0.1 0.6 0.85 0.35 0.15 0.8 0.8 0.4 0.1 0.65 0.75 
-4.174984085657599 0.67998079848446 0.2956214090683047 0.5 0.15 0.2 0.95 0.75 0.15 1.0 0.5 0.65 0.9 0.8 0.25 1.0 0.85 0.3 0.85 0.75 0.85 0.5 0.8 0.9 0.7 0.8 0.9 0.95 0.1 0.75 0.9 0.05 0.55 1.0 0.35 0.55 0.9 0.0 0.0 
-14.109940882314016 0.756968005863103 0.5877017189264286 0.25 0.1 0.95 0.95 0.65 0.9 1.0 0.1 0.7 0.55 0.85 0.6 1.0 0.55 0.25 0.05 0.25 0.75 0.0 0.2 0.2 0.45 0.85 0.2 0.95 0.4 0.75 0.5 0.45 0.4 1.0 0.55 0.3 0.65 0.75 0.45 
-4.669754915409613 0.6800054415448394 0.6740359396293409 0.5 0.15 0.3 0.3 0.05 0.7 0.7 0.1 0.8 0.5 0.35 0.25 0.9 0.8 0.35 0.95 0.75 0.85 0.0 0.8 0.9 0.4 0.55 0.3 0.95 0.1 0.65 0.0 0.25 0.4 1.0 0.8 0.55 1.0 0.75 0.4 
-0.045830693807277945 0.28971545826809963 0.38523022184809047 0.5 0.4 0.15 0.65 0.35 0.9 0.95 0.75 0.35 0.7 0.95 0.4 1.0 0.0 0.4 0.5 0.4 1.0 0.6 0.2 0.55 0.75 0.05 0.25 1.0 0.55 0.5 0.9 0.35 0.35 0.95 0.1 0.45 0.6 0.9 0.85 
-0.03794939826919227 0.3089939810540365 0.5496017389663396 0.1 0.3 0.9 0.35 0.35 0.1 0.95 0.45 0.3 0.7 0.55 0.25 0.8 0.15 0.85 0.7 1.0 0.0 0.95 0.5 0.6 0.1 0.85 0.55 0.9 0.1 0.65 0.55 0.55 0.2 0.9 0.7 0.4 1.0 0.35 0.5 
-0.666882052847635 0.7895636876214733 0.43547255506395455 0.5 0.15 0.95 0.15 0.85 0.15 1.0 0.5 0.55 0.4 0.8 0.25 0.9 0.85 0.55 0.9 0.75 0.85 0.0 0.8 0.9 0.4 0.4 0.3 0.9 0.1 0.65 0.05 0.7 0.4 1.0 0.8 0.55 1.0 0.75 0.4 
-4.229898455483181 0.579616123894419 0.2916262804939488 0.5 0.15 0.2 0.95 0.75 0.15 1.0 0.5 0.65 0.9 0.8 0.25 1.0 0.85 0.3 0.85 0.75 0.85 0.5 0.8 0.9 0.7 0.8 0.9 0.95 0.2 0.75 0.9 0.05 0.55 1.0 0.35 0.55 0.9 0.0 0.0 
-2.098905360513023 0.6073917040382667 0.748815817407401 0.5 0.15 0.15 0.15 0.55 0.85 0.75 1.0 0.5 0.45 0.4 0.25 0.6 0.4 0.0 0.8 0.75 0.65 0.55 0.9 0.9 0.3 0.65 0.85 0.95 0.1 0.6 0.0 0.25 0.6 1.0 0.8 0.6 1.0 0.75 0.4 
-5.036350717829091 0.7117769752927308 0.6683889941293154 0.25 0.1 0.95 0.95 0.65 0.85 0.9 0.1 0.45 0.55 0.85 0.6 1.0 0.5 0.25 0.2 0.25 0.75 0.0 0.2 0.2 0.45 0.85 0.2 0.95 0.4 0.75 0.65 0.45 0.7 1.0 0.55 0.3 0.65 0.75 0.45 
-1.1845490971472814 0.6329501412250479 0.28214753553076066 0.5 0.15 0.85 0.6 0.75 0.15 1.0 0.5 0.65 0.9 0.8 0.25 1.0 0.85 0.35 0.85 0.75 0.85 0.5 0.35 0.9 0.45 0.8 0.9 0.95 0.1 0.75 0.9 0.05 0.55 0.85 0.35 0.55 0.9 0.0 0.0 
-1.399844453826534 0.675187948953061 0.7022199621264604 0.65 1.0 0.95 0.95 0.65 0.85 0.9 0.1 0.45 0.55 0.85 0.6 0.95 0.5 0.3 0.25 0.25 0.75 0.0 0.2 0.2 0.45 0.4 0.4 0.95 0.4 0.75 0.75 0.45 0.7 1.0 0.55 0.3 0.65 0.75 0.45 
-20.925479758460693 0.5253667577041241 0.8014752894105577 0.5 0.4 0.0 0.45 0.5 0.8 0.75 1.0 0.55 0.55 0.15 0.1 0.85 0.85 0.7 0.5 0.1 0.2 0.25 0.8 0.9 0.1 0.4 0.3 0.95 0.1 0.6 0.0 0.0 0.8 1.0 0.8 0.4 0.7 0.7 0.35 
-89.22528493511504 0.374064022908297 0.6581993677234813 0.15 0.4 0.45 0.15 0.95 0.05 0.45 1.0 0.35 0.7 0.2 0.2 0.95 0.5 0.05 0.95 0.35 0.2 0.05 0.45 0.9 0.35 0.4 0.5 0.95 0.1 0.6 0.85 0.35 0.15 1.0 0.8 0.4 0.4 0.65 0.75 
-2.148436904690688 0.643692643290932 0.28860312301401114 0.5 0.15 0.85 0.6 0.75 0.15 1.0 0.5 0.65 0.9 0.8 0.25 1.0 0.85 0.35 0.85 0.75 0.85 0.5 0.35 0.9 0.45 0.8 0.9 0.95 0.1 0.75 0.9 0.05 0.55 0.85 0.35 0.55 0.9 0.0 0.0 
-14.34032958338848 0.6818087688924092 0.7018865167922187 0.25 0.1 0.95 0.95 0.65 0.85 0.9 0.1 0.6 0.55 0.85 0.6 1.0 0.5 0.25 0.35 0.25 0.75 0.0 0.2 0.2 0.45 0.85 0.2 0.95 0.4 0.75 0.65 0.45 0.7 1.0 0.55 0.3 0.65 0.75 0.45 
-24.953894862485875 0.548582511499421 0.7803958500158445 0.5 0.0 0.9 0.45 0.5 0.8 1.0 1.0 0.65 0.45 0.15 0.0 0.55 0.85 0.7 0.75 0.1 0.2 0.25 0.85 0.9 0.1 0.4 0.3 0.8 0.1 0.6 0.0 0.35 0.4 1.0 0.8 0.4 0.7 0.7 0.35 
