-0.04294068326218545 0.506937842610406 0.5132748418223901 0.75 0.9 0.8 0.35 0.7 0.9 0.55 0.6 0.4 0.8 0.75 0.65 0.6 0.45 0.9 0.8 0.25 0.65 0.1 0.45 0.55 0.25 0.35 0.75 1.0 0.9 0.6 0.95 1.0 0.5 0.9 0.15 0.6 0.6 0.65 0.7 
-0.0012911443021277227 0.4315976882069407 0.4841996101565752 0.65 0.3 1.0 0.2 0.9 0.0 1.0 0.0 0.15 0.15 0.3 0.35 0.7 0.95 0.85 0.9 0.9 0.45 1.0 0.25 0.15 0.1 0.7 0.55 0.9 0.65 0.9 0.9 0.4 0.5 1.0 0.25 0.9 0.5 0.8 0.6 
-0.006192353338975942 0.5217132552575047 0.4996300812521248 0.85 0.2 0.6 0.5 0.7 0.85 0.1 0.65 0.45 0.75 0.85 0.0 0.85 0.0 0.45 1.0 0.45 0.55 0.65 0.3 0.55 0.7 0.25 0.15 0.25 0.6 0.8 0.55 0.75 0.15 0.9 0.8 0.0 0.8 0.35 0.85 
-0.00201584546070048 0.49063912099115825 0.47905511449615823 0.9 0.85 0.55 0.9 0.0 0.7 0.85 0.95 0.15 0.6 0.55 0.6 1.0 0.7 0.65 1.0 0.95 0.6 0.7 0.95 0.45 0.8 0.4 0.55 1.0 0.3 0.45 0.7 0.45 0.75 1.0 0.85 0.65 0.85 0.7 0.8 
-0.014499998597038306 0.5494254464587517 0.4806745467674011 0.05 0.6 0.2 0.15 0.6 0.65 1.0 0.7 0.45 0.75 0.5 0.7 0.45 0.4 0.9 0.35 0.85 0.6 0.15 0.4 0.0 1.0 0.65 0.35 1.0 0.2 0.75 0.1 0.6 1.0 0.95 0.75 1.0 0.7 0.75 0.35 
-0.00044744989034887497 0.544876910311349 0.5603007025780962 0.75 0.25 0.0 0.35 0.7 0.9 0.95 0.15 0.4 0.5 0.25 0.7 0.15 0.45 0.9 0.95 0.25 0.5 0.55 0.95 0.85 0.25 0.45 1.0 0.4 0.9 0.6 0.6 1.0 1.0 1.0 0.15 0.6 0.45 0.65 0.7 
-0.029902374814670268 0.4736071395721395 0.4657221557947219 0.2 0.0 0.15 0.1 0.95 0.25 0.35 0.65 0.95 0.9 0.2 0.7 0.95 1.0 0.4 0.95 0.9 0.3 0.4 0.2 0.35 0.15 0.7 0.55 0.95 1.0 0.5 0.95 0.4 0.5 0.65 0.25 0.65 0.7 0.55 0.6 
-0.014338564833026394 0.5363269770964236 0.5049629122864543 0.05 0.65 0.4 0.2 0.65 0.45 1.0 0.65 0.3 0.65 0.5 0.8 0.9 0.85 0.45 0.8 0.9 0.6 0.55 0.2 0.6 1.0 0.35 0.35 0.7 0.7 0.45 0.25 0.15 0.25 0.6 0.45 0.25 0.65 0.0 0.1 
-0.0006172004034788053 0.5481510862320923 0.5244112878699922 0.8 0.35 0.6 0.85 0.6 0.15 0.5 0.4 0.15 0.5 0.95 0.2 0.7 0.2 0.4 0.85 0.2 0.95 1.0 0.75 0.05 0.15 0.35 1.0 0.8 1.0 0.1 1.0 0.8 0.2 0.95 1.0 0.3 0.75 0.5 0.4 
-0.018586978277885934 0.534312206871721 0.5741257844603023 0.9 0.9 0.65 1.0 0.35 0.05 0.95 0.85 0.25 0.05 0.45 0.85 0.3 0.8 0.55 0.3 0.45 0.55 0.25 0.15 0.55 0.05 0.55 0.0 0.95 0.1 0.35 0.8 0.7 0.9 0.9 0.35 0.2 1.0 0.35 0.8 
-0.00024557682532875316 0.47527721584123134 0.5018931832638325 0.45 0.45 0.4 0.05 0.3 0.85 0.45 0.6 0.75 0.3 0.35 0.75 0.7 0.7 0.6 1.0 0.7 0.55 1.0 0.55 1.0 0.75 0.85 0.45 0.45 0.75 0.45 0.15 0.25 0.2 0.05 0.65 0.9 0.3 0.9 0.2 
-0.0005146874422003995 0.5584191171730112 0.48314589998383933 0.65 0.0 0.35 0.1 0.95 0.25 0.95 0.65 0.4 0.15 0.2 0.7 0.5 1.0 0.4 0.95 0.7 0.3 0.85 0.8 0.35 0.85 0.7 0.55 0.95 1.0 0.5 0.95 0.4 0.5 0.65 0.25 0.65 0.7 0.55 0.6 
-0.005586010525595677 0.46707013625682015 0.5379075862864833 0.15 0.05 0.35 0.25 0.8 0.85 0.55 0.55 0.1 0.35 0.25 0.5 0.75 0.5 0.4 0.75 0.9 0.3 0.25 0.2 0.15 0.4 0.7 0.85 1.0 0.35 0.5 0.6 0.95 0.5 0.9 0.15 0.65 0.35 0.6 0.85 
-0.013826100403707386 0.513469291066516 0.5454153572258273 0.65 0.85 0.95 0.05 0.95 0.25 0.95 0.6 0.9 0.15 0.95 0.35 0.95 0.2 0.4 0.95 0.9 0.3 0.95 0.45 0.15 0.8 0.65 0.85 0.95 1.0 0.85 0.5 0.7 0.3 0.9 0.25 0.75 0.3 0.6 0.6 
-0.015273264854706514 0.48174696672434514 0.5123531320636269 0.75 0.2 0.6 0.1 0.55 0.1 0.85 0.9 0.2 0.65 0.15 0.65 0.95 0.7 0.4 0.25 0.0 0.75 0.5 0.35 0.7 0.75 0.25 0.1 0.8 0.4 0.35 0.1 0.3 0.4 0.1 0.35 0.05 0.45 0.65 0.25 
-0.00400665747956596 0.5265824110683778 0.4677694450447987 0.4 0.65 0.05 0.45 0.0 0.85 1.0 0.65 0.6 1.0 0.5 0.85 0.9 0.35 0.7 0.8 0.9 0.6 0.2 0.2 0.2 0.6 0.45 0.35 0.9 0.95 0.45 0.4 0.15 0.0 1.0 0.35 0.8 0.75 0.55 0.1 
-0.025686636009170604 0.5654374436246401 0.5223444445820432 0.4 0.65 0.05 0.75 0.5 0.25 1.0 0.45 0.45 1.0 0.5 0.8 0.9 0.35 0.75 0.95 0.9 0.25 0.1 0.2 0.55 1.0 0.45 0.2 0.9 0.95 0.5 0.4 0.0 0.65 1.0 0.45 0.3 0.85 0.45 0.1 
-0.0013722033736854901 0.5425662563640345 0.4467343781175187 0.05 0.6 0.4 0.15 0.8 0.65 1.0 0.7 0.75 0.75 0.5 0.7 0.25 0.4 0.75 0.35 1.0 0.6 0.55 0.9 0.3 0.1 0.35 0.35 0.65 0.75 0.75 0.1 0.95 0.55 0.4 0.45 0.25 0.4 1.0 0.4 
-0.027575399138372796 0.5097175535363832 0.46101179865803465 0.6 0.65 0.05 1.0 0.45 0.4 0.15 0.65 0.2 1.0 0.5 0.8 0.9 0.4 0.75 0.8 0.9 0.6 0.4 0.2 0.6 1.0 0.35 0.35 0.15 0.0 0.45 0.5 0.15 0.35 1.0 0.45 0.85 0.75 0.85 0.1 
-0.006433252468809258 0.5642450818067736 0.5002203008692949 0.85 0.05 0.35 0.25 0.8 0.85 0.7 0.55 0.1 0.45 0.25 0.65 0.65 0.45 0.4 0.75 0.9 0.3 0.95 0.2 0.15 0.4 0.7 0.85 0.95 0.65 0.5 0.85 0.95 0.8 0.25 0.15 0.65 0.35 0.85 0.85 
-0.008892202507338756 0.4555991795720923 0.48600225493755866 0.0 0.7 0.45 0.5 1.0 0.25 0.4 0.95 0.7 0.8 0.5 0.85 0.7 0.65 0.3 0.6 0.55 0.0 0.0 0.2 0.0 0.95 0.55 0.7 0.4 0.55 0.65 0.3 0.65 0.6 0.2 0.95 0.05 0.6 0.7 0.85 
-0.005727696265588615 0.4062775148154037 0.48859293824072025 0.2 0.0 0.15 0.1 0.95 0.25 0.35 0.65 0.95 0.9 0.2 0.7 0.95 1.0 0.4 0.95 0.9 0.95 0.4 0.2 0.35 0.15 0.7 0.55 0.95 0.45 0.5 0.95 0.4 0.5 0.65 0.25 0.65 0.7 0.55 0.6 
-0.01607352608522536 0.5100297844258971 0.5532808539590591 0.6 0.55 0.35 0.1 0.8 0.85 0.7 0.55 0.1 0.2 0.25 0.7 0.9 0.45 0.4 0.75 0.55 0.3 0.95 0.2 0.15 0.4 0.7 0.85 0.95 0.65 0.5 0.85 0.95 0.5 0.9 0.15 0.65 0.4 0.45 0.85 
-0.008222846778366016 0.4672763836583309 0.5594710758953718 0.1 0.3 0.3 0.25 0.95 0.05 0.8 0.65 0.15 0.15 0.65 0.7 0.2 0.85 0.4 0.9 0.9 0.7 0.85 0.2 0.15 0.3 0.7 0.55 0.95 0.65 0.55 0.9 0.4 0.5 0.9 0.25 0.65 0.95 0.85 0.85 
-0.0022256293837737903 0.5763811687533544 0.5257875098951912 0.0 0.25 0.95 0.55 0.7 0.9 0.65 1.0 0.4 1.0 0.75 0.5 0.25 0.15 0.2 0.15 0.25 0.7 0.2 0.8 0.55 0.25 0.15 0.75 1.0 0.9 0.6 0.95 1.0 0.3 0.9 1.0 0.85 0.0 0.8 0.7 
-0.017858438921848865 0.5153679388581215 0.5494007994935818 0.4 0.25 0.5 0.75 0.85 0.9 1.0 0.55 0.4 0.9 0.75 0.65 0.0 0.25 0.3 0.8 0.25 0.45 1.0 0.8 0.55 0.25 0.95 0.75 0.0 0.85 0.6 0.95 0.1 0.5 0.95 0.1 0.3 0.6 0.15 0.4 
-0.0010034877138274951 0.4395074202929855 0.5027572345731348 0.6 0.05 0.3 0.25 0.95 0.7 0.25 0.4 0.6 0.4 0.95 0.7 0.8 0.45 0.2 0.7 0.9 0.3 0.85 0.45 0.15 0.4 0.7 0.6 0.2 0.65 0.65 0.65 0.4 0.5 0.9 0.25 0.65 0.4 0.95 0.6 
-0.003952849631399391 0.456278812288822 0.4530051822167298 0.75 0.2 0.6 0.25 0.8 0.85 0.85 0.9 0.2 0.9 0.45 0.65 0.3 0.7 0.65 0.25 0.0 0.35 0.5 0.35 0.1 0.75 0.35 0.85 0.6 0.4 0.4 0.1 0.45 0.25 0.7 0.75 0.05 0.45 0.65 0.25 
-0.003133614475804298 0.5331254193725717 0.4485642337231103 0.05 0.6 0.4 0.15 0.8 0.65 1.0 0.7 0.75 0.75 0.5 0.7 0.25 0.4 0.75 0.35 1.0 0.6 0.55 0.9 0.3 0.1 0.35 0.35 0.65 0.75 0.75 0.1 0.15 0.55 0.4 0.45 0.25 0.4 1.0 0.4 
-0.00024727766982370313 0.46581562800393084 0.4319580764074692 0.75 0.75 0.6 0.25 0.55 0.85 0.85 0.9 0.2 0.9 0.45 0.65 0.5 0.7 0.65 0.25 0.0 0.6 0.95 0.35 0.45 0.75 0.3 0.1 0.8 0.4 0.35 0.1 1.0 0.25 0.7 0.35 0.05 1.0 0.65 0.25 
-0.00215626648969434 0.5968242231554545 0.47656267801144137 0.0 0.6 0.4 0.6 0.8 0.65 1.0 0.7 0.75 0.0 0.5 0.7 0.9 0.4 0.75 0.3 1.0 0.6 0.55 0.9 0.6 1.0 0.55 0.35 0.7 0.75 0.75 0.55 0.15 1.0 0.95 0.45 0.25 0.4 0.9 0.1 
-0.008973091656820175 0.4098578565002193 0.4623270577843714 0.85 0.2 0.65 0.8 0.7 0.85 0.1 0.65 0.45 0.75 0.85 0.0 0.85 0.0 0.45 1.0 0.45 0.55 0.65 0.3 0.55 0.35 0.25 0.15 0.65 0.1 0.85 0.55 0.75 0.15 0.9 0.8 0.4 0.8 0.35 0.4 
-0.018842126630428304 0.4953173889913451 0.448311692915944 0.6 0.45 0.15 0.9 0.65 0.15 1.0 0.65 0.95 0.2 0.85 0.7 0.95 0.9 0.4 0.9 0.9 0.3 0.85 0.05 0.9 0.4 0.7 0.5 0.95 0.7 0.65 0.9 0.8 0.5 0.65 0.3 0.7 0.8 0.6 0.6 
-0.026640398264442464 0.4997857102134573 0.4338020409411617 0.6 0.45 0.15 0.9 0.65 0.15 1.0 0.65 0.95 0.2 0.1 0.7 0.95 0.9 0.4 0.9 0.9 0.3 0.85 0.05 0.9 0.4 0.7 0.5 0.95 0.7 0.65 0.6 0.8 0.5 0.65 0.3 0.7 0.8 0.6 0.6 
-0.005601661922435083 0.38176117737602033 0.5008985867546074 0.6 0.3 0.15 0.05 0.95 0.25 0.4 0.65 0.95 0.4 0.2 0.7 0.95 0.9 0.8 0.9 0.9 0.3 0.85 0.2 0.9 0.4 0.7 0.5 0.25 0.65 0.65 0.9 0.4 0.5 0.85 0.3 0.65 0.8 0.6 0.6 
-0.014159395346371359 0.43879203312652476 0.5079639986625121 0.25 0.3 0.55 0.6 0.4 1.0 1.0 0.0 0.15 0.15 0.65 0.1 0.2 0.25 0.8 0.9 0.9 0.45 0.85 0.25 0.15 0.3 0.7 0.55 0.95 0.65 0.7 0.0 0.4 0.5 0.75 0.25 0.5 0.1 0.8 0.55 
-0.00554974371824857 0.41680101597856967 0.4851299774905224 0.65 0.55 0.55 0.35 0.6 0.5 0.95 0.0 0.9 0.15 0.95 0.25 0.95 0.9 0.6 0.95 0.9 0.3 0.9 0.3 0.15 0.8 0.05 0.1 0.9 0.85 0.4 0.65 0.4 0.15 0.9 0.25 0.6 0.8 0.95 0.6 
-0.0012294553947817613 0.5939996509055332 0.4812753102228235 0.05 0.6 0.4 0.6 0.8 0.0 1.0 0.7 0.75 0.0 0.5 0.7 0.9 0.4 0.75 0.3 1.0 0.6 0.55 0.9 0.6 1.0 0.55 0.35 0.7 0.75 0.45 0.15 0.15 1.0 0.95 0.45 0.25 0.4 0.9 0.1 
-0.005834841951220398 0.6048713455174713 0.4997054391094086 0.4 0.65 0.05 0.75 0.85 0.4 0.95 0.25 0.2 1.0 0.5 0.8 0.9 0.35 0.7 0.8 0.9 0.6 0.05 0.2 0.25 1.0 0.9 0.8 0.3 1.0 0.5 0.4 0.15 0.55 1.0 0.45 0.3 0.8 0.85 0.1 
-0.005197895896344506 0.5583556482158009 0.5577882422795244 0.0 0.25 0.95 0.75 0.7 0.9 0.05 0.45 0.4 1.0 0.75 0.5 0.95 0.3 0.2 0.15 0.25 0.7 0.2 0.8 0.55 0.25 0.15 1.0 1.0 0.9 0.6 0.95 1.0 0.3 0.9 1.0 0.3 0.0 0.8 0.7 
-0.05957800347452875 0.44571134252503003 0.5331233181278641 0.15 0.05 0.35 0.25 0.8 0.85 0.55 0.8 0.1 0.35 0.25 0.5 0.75 0.5 0.4 0.75 0.9 0.3 0.25 0.2 0.15 0.4 0.6 0.85 1.0 0.35 0.5 0.6 0.95 0.5 0.9 0.15 0.65 0.35 0.6 0.85 
-0.006740920342768259 0.4564994366132958 0.436476505802694 0.75 0.2 0.6 0.25 0.8 0.85 0.85 0.9 0.2 0.9 0.45 0.65 0.45 0.7 0.65 0.25 0.0 0.35 1.0 0.35 0.45 0.75 0.3 0.85 0.8 0.4 0.4 0.1 0.45 0.25 0.6 0.35 0.05 0.45 0.65 0.25 
-0.002475367062789597 0.41547876329677563 0.523610047673008 0.05 0.4 0.15 0.05 1.0 0.95 0.95 0.6 0.9 0.2 0.45 0.2 0.95 0.9 0.4 0.95 0.9 0.3 0.9 0.0 0.1 0.0 0.65 0.1 0.95 0.85 0.65 0.5 0.1 0.3 0.75 0.3 0.6 0.3 0.95 0.6 
-0.01688873672698209 0.5145917676540401 0.594958448227805 0.6 0.55 0.35 0.25 0.0 0.0 0.7 0.55 0.6 0.2 0.25 0.7 0.65 0.45 0.45 0.75 0.9 0.3 0.65 0.2 0.6 0.4 0.6 0.85 0.95 0.65 0.5 0.85 0.95 0.5 0.9 0.15 0.65 0.4 0.65 0.7 
-0.0009339011527552431 0.5393866323348964 0.5755910784830711 0.4 0.25 0.5 0.75 0.7 0.9 0.4 0.0 0.4 0.2 0.75 0.65 1.0 0.7 0.3 0.9 0.25 0.25 1.0 0.8 0.55 0.55 0.7 0.75 1.0 0.85 0.6 0.6 1.0 0.5 0.75 0.3 0.3 0.5 0.65 0.9 
-0.0018328018740679593 0.4850804579530098 0.4540039973147667 0.75 0.3 0.6 0.25 0.55 0.85 0.85 0.9 0.2 1.0 0.5 0.65 0.5 0.7 0.8 0.25 0.0 0.6 0.95 0.35 0.45 0.75 0.3 0.1 0.8 0.05 0.4 0.1 0.3 0.05 0.7 0.15 0.05 1.0 0.65 0.25 
-0.002621942621021435 0.5585334508437582 0.4547902822127076 0.05 0.6 0.4 0.05 0.65 0.45 1.0 0.65 0.75 0.75 0.5 0.7 0.9 0.4 0.75 0.8 1.0 1.0 0.55 0.9 0.6 1.0 0.95 0.35 0.55 0.75 0.75 0.1 0.15 1.0 0.65 0.45 0.7 0.4 0.0 0.3 
-0.0006518912626458961 0.6309757089952279 0.4772134411891096 0.85 0.65 0.05 0.75 0.55 0.4 1.0 0.65 0.6 0.2 0.5 0.8 0.9 0.35 0.75 0.8 0.9 0.6 0.1 0.2 0.3 1.0 0.45 0.35 0.9 0.95 0.1 0.35 0.0 0.35 1.0 0.45 0.3 1.0 0.45 0.1 
-0.0038377950680178415 0.5542526763925668 0.5714096112346264 0.0 0.25 0.95 0.55 0.7 0.9 0.05 1.0 0.4 1.0 0.4 0.5 0.25 0.15 0.2 0.15 0.25 0.7 0.2 0.8 0.55 0.25 0.15 0.75 1.0 0.9 0.6 0.4 1.0 0.3 0.9 1.0 0.3 0.0 0.8 0.7 
-4.7428643759423014e-05 0.5311622137280709 0.4393652295055987 0.25 0.55 0.55 0.55 0.8 0.05 0.8 0.2 0.3 0.95 0.95 0.7 0.55 0.75 0.9 0.7 0.45 0.45 0.9 0.25 0.9 1.0 0.95 0.35 0.6 0.3 0.05 0.85 0.85 0.1 0.9 0.85 0.9 0.4 0.5 0.45 
-0.04824304815876072 0.4865756871763195 0.5773737104198526 0.1 0.3 0.3 0.25 0.95 0.05 0.8 0.65 0.15 0.15 0.8 0.8 0.2 0.85 0.4 0.9 0.9 0.3 0.85 0.2 0.15 0.3 0.7 0.55 0.95 0.65 0.55 0.9 0.4 0.5 0.9 0.25 0.45 0.95 0.8 0.6 
-0.006098231855913617 0.40100383281597135 0.5266190652760545 0.6 0.05 0.3 0.25 0.95 0.05 0.25 0.2 0.6 0.4 0.0 0.7 0.8 0.55 0.4 0.9 0.9 0.3 0.85 0.45 0.55 0.4 0.7 0.6 0.65 0.65 0.65 0.65 0.4 0.5 0.9 0.25 0.65 0.4 0.6 0.6 
-0.008673429878678657 0.4495256643093398 0.4102742403901989 0.75 0.2 0.6 0.1 0.55 0.1 0.85 0.9 0.2 0.65 0.45 0.65 0.95 0.7 0.65 0.25 0.0 0.75 0.5 0.35 0.7 0.75 0.9 0.1 0.8 0.4 0.35 0.1 0.3 0.65 0.1 0.35 0.2 0.45 0.65 0.25 
-0.07934342833799614 0.4921259237754222 0.6137419675204238 0.35 0.3 0.3 0.15 0.95 0.05 0.95 0.0 0.15 0.15 0.65 0.7 0.75 0.1 0.85 0.9 0.9 0.75 0.85 0.25 0.1 0.3 0.15 0.55 0.95 0.65 0.7 0.9 0.4 0.65 0.9 0.25 0.65 0.5 0.6 0.1 
-0.08452789221051092 0.4255399214975346 0.44073170632093267 0.85 0.2 0.95 0.5 0.7 0.85 0.1 0.65 0.45 0.75 0.85 0.0 0.85 0.0 0.45 1.0 0.45 0.55 0.65 0.3 0.55 0.7 0.8 0.15 0.25 0.6 0.8 0.55 0.75 0.15 0.8 0.8 0.0 0.8 0.35 0.4 
-0.04720203740318903 0.46375069466899177 0.5624924705219438 0.1 0.3 0.3 0.25 0.95 0.05 0.8 0.65 0.15 0.15 0.65 0.7 0.2 0.85 0.4 0.9 0.9 0.7 0.85 0.2 0.15 0.3 0.7 0.55 0.95 0.65 0.55 0.9 0.4 0.5 0.9 0.25 0.65 0.95 0.85 0.6 
-0.0006313296756915555 0.4208389842659143 0.45208339030601596 0.2 0.0 0.15 0.1 0.95 0.25 0.35 0.65 0.95 0.9 0.2 0.7 0.95 1.0 0.4 0.95 0.9 0.95 0.4 0.2 0.35 0.15 0.7 0.55 0.95 0.45 0.5 0.95 0.4 0.5 0.65 0.25 0.65 0.7 0.45 1.0 
-0.0034544369640226924 0.44147693491741224 0.4128911481307198 0.65 0.0 0.15 0.1 0.95 0.25 0.4 0.7 0.95 0.15 0.2 0.7 0.95 0.95 0.4 0.95 0.95 0.3 0.85 0.8 0.35 0.85 0.7 0.55 0.95 1.0 0.65 0.95 0.4 0.5 0.65 0.25 0.65 0.1 1.0 0.6 
-8.954453545231656e-06 0.5971406384420834 0.5167780889659364 0.75 0.25 0.5 0.35 0.7 0.9 0.75 0.05 0.4 0.25 0.55 0.0 0.85 0.45 0.55 0.95 0.25 0.5 0.55 0.35 1.0 0.25 0.7 0.75 1.0 0.9 0.6 0.95 1.0 0.5 0.15 0.15 0.6 0.45 0.65 0.6 
-0.002565003179170683 0.37480941557820535 0.4459656332088722 0.65 0.0 0.55 0.35 0.45 0.5 0.45 0.6 0.9 0.15 0.95 0.85 0.95 0.9 0.4 0.3 0.9 0.3 0.9 0.3 0.1 0.8 0.65 0.1 0.95 0.95 0.75 0.5 0.15 0.3 0.9 0.25 0.7 0.9 0.95 0.6 
-0.006776477000916321 0.6161252169575766 0.5344238346428666 0.4 0.25 0.5 0.75 0.85 0.9 1.0 0.05 0.35 0.9 0.75 0.65 0.75 0.15 0.3 0.8 0.25 0.35 1.0 0.8 0.45 0.25 0.7 0.75 1.0 0.85 0.6 0.95 1.0 0.5 0.95 0.1 0.3 0.8 0.15 0.3 
-0.013774671591294132 0.5372652367315065 0.6192903377646988 0.75 0.25 0.0 0.35 0.7 0.9 0.95 0.15 0.4 0.5 0.75 0.7 0.15 0.45 0.9 0.95 0.25 0.5 0.55 0.95 0.5 0.25 0.45 1.0 0.4 0.9 0.6 0.1 1.0 1.0 1.0 0.15 0.6 0.45 0.65 0.7 
-0.0055413735726377 0.48761867647586654 0.6029216409989495 0.35 0.3 0.3 0.15 0.95 0.7 0.95 0.0 0.15 0.15 0.65 0.7 0.75 0.1 0.85 0.9 0.9 0.75 0.85 0.25 0.1 0.3 0.15 0.55 0.95 0.65 0.7 0.9 0.4 0.65 0.9 0.25 0.65 0.5 0.6 0.0 
-0.004098929486955787 0.4152121071678917 0.4592665808155057 0.85 0.2 0.95 0.5 0.7 0.85 0.1 0.65 0.45 0.75 0.85 0.0 0.85 0.0 0.45 1.0 0.45 0.55 0.65 0.3 0.55 0.7 0.8 0.15 0.25 0.5 0.8 0.55 0.75 0.15 0.8 0.8 0.0 0.8 0.35 0.4 
-0.004505169944763936 0.554542597151548 0.6058038702600936 0.35 0.05 0.45 0.25 0.8 0.85 0.7 0.55 0.5 0.45 0.25 0.65 0.65 0.45 0.4 0.75 0.9 0.3 0.95 0.2 0.15 0.4 0.7 0.85 0.95 0.65 0.5 0.85 0.95 0.5 0.9 0.15 0.65 0.4 0.85 0.85 
-0.0199223246052133 0.37388455713840396 0.42240907659260807 0.75 0.65 0.6 0.2 0.9 0.3 1.0 0.5 0.65 0.85 0.8 0.9 1.0 0.9 0.65 0.6 1.0 0.6 0.3 0.7 0.9 0.7 0.8 0.9 0.9 0.25 0.5 0.85 0.95 0.35 1.0 0.95 0.3 1.0 0.4 0.65 
-0.004361205655378848 0.5311630961609206 0.5949882275612948 0.4 0.25 0.5 0.75 0.7 0.9 0.4 0.05 0.4 0.2 0.75 0.65 1.0 0.3 0.3 0.9 0.25 0.25 1.0 0.8 0.55 0.55 0.7 0.75 1.0 0.85 0.6 0.6 1.0 0.45 0.75 0.15 0.3 0.5 0.65 0.9 
-0.003910611560915819 0.45129517567091754 0.39250639372063323 0.65 0.0 0.15 0.25 0.95 0.25 0.95 0.65 0.95 0.2 0.2 0.25 0.95 0.9 0.4 0.95 0.9 0.3 0.8 0.2 0.15 0.85 0.7 0.55 0.5 0.05 0.65 0.9 0.35 0.5 0.9 0.25 0.65 0.4 0.45 0.6 
-0.0010192044262558532 0.5852479438242976 0.5355153371746718 0.0 0.55 0.05 1.0 0.45 0.6 1.0 0.65 0.2 0.8 0.5 0.8 1.0 0.4 0.75 0.95 0.6 0.75 0.8 0.2 0.1 0.55 1.0 0.35 0.9 0.75 0.45 0.5 0.95 0.35 0.85 0.45 0.8 0.9 0.85 0.1 
-0.023255991850969906 0.47751461877148726 0.4013836030720248 0.7 0.2 0.85 0.25 0.55 0.75 0.85 0.9 0.2 0.7 0.45 0.65 0.95 0.7 0.65 0.25 0.0 0.45 0.1 0.35 0.45 0.75 0.3 0.1 0.5 0.4 0.35 0.1 0.95 0.9 0.7 0.35 0.05 0.45 0.65 0.5 
-0.017335851752193307 0.41984074059999865 0.5375610212717756 0.6 0.45 0.3 0.25 0.95 0.95 0.25 0.65 0.6 0.85 0.95 0.7 0.8 0.45 0.2 0.7 0.9 0.3 0.85 0.45 0.85 0.4 0.7 0.6 0.65 0.65 0.65 0.65 0.4 0.5 0.9 0.25 0.65 0.4 0.95 0.6 
-0.007349325804124437 0.4061163781891953 0.42148567865714726 0.65 0.0 0.55 0.85 0.45 0.5 0.95 0.6 0.9 0.2 0.95 0.25 0.95 0.9 0.4 0.8 0.9 0.3 0.9 0.3 0.1 0.8 0.65 0.1 0.95 0.6 0.75 0.5 0.15 0.3 0.9 0.25 0.7 0.9 0.95 0.6 
-0.12492201804186884 0.4920602583899415 0.3682440915536084 0.9 0.85 0.55 0.9 0.0 0.7 0.85 0.95 0.15 0.6 0.55 0.6 1.0 0.7 0.65 1.0 0.9 0.6 0.7 0.95 0.45 0.8 0.4 0.55 1.0 0.3 0.45 0.7 0.65 0.2 1.0 0.85 0.65 0.85 0.7 0.2 
-0.014948598300362428 0.5229291848274943 0.600273880779987 0.4 0.25 0.5 0.75 0.7 0.9 0.4 0.05 0.4 0.55 0.45 0.65 0.0 0.3 0.3 0.8 0.25 0.25 0.25 0.8 0.75 0.25 0.15 0.75 1.0 0.9 0.6 0.95 1.0 0.5 0.9 0.15 0.3 0.0 0.65 0.7 
-0.004617169674912176 0.6075609282210328 0.5965124810354476 0.75 0.25 0.5 0.35 0.7 0.9 0.75 0.05 0.4 0.25 0.55 0.0 0.85 0.45 0.2 0.95 0.25 0.2 0.55 0.35 1.0 0.25 0.7 0.75 1.0 0.9 0.6 0.95 1.0 0.5 0.85 0.15 0.6 0.45 0.65 0.6 
-0.0037623420658437112 0.46160248188047787 0.5792884446261057 0.05 0.3 1.0 0.15 0.95 0.05 0.15 0.0 0.15 0.15 0.05 0.0 0.25 0.35 0.4 0.7 0.9 0.3 0.95 0.25 0.15 0.3 0.7 0.55 0.95 0.65 0.65 0.9 0.4 0.5 0.9 0.25 0.65 0.95 0.8 0.6 
-0.019201377650866183 0.4074146974141674 0.5490763788740564 0.6 0.3 0.3 0.05 0.95 0.05 0.75 0.55 0.75 0.6 0.25 0.7 0.95 0.45 0.4 0.9 0.9 0.3 0.85 0.2 0.15 0.3 0.7 0.75 1.0 0.65 0.35 0.9 0.4 0.5 0.9 0.25 0.65 0.95 0.8 0.0 
-0.004350722606533763 0.5687594963975633 0.4681118884692986 0.65 0.0 0.35 0.1 0.95 0.25 0.95 0.65 0.4 0.15 0.2 0.7 0.95 1.0 0.4 0.95 0.7 0.3 0.85 0.8 0.35 0.85 0.7 0.55 0.95 1.0 0.5 0.95 0.4 0.5 0.65 0.25 0.65 0.7 0.55 0.6 
-0.00074738605715779 0.5784464729339222 0.4390531148534182 0.05 0.6 0.2 0.35 0.8 0.2 1.0 0.7 0.75 0.45 0.5 0.7 1.0 0.4 0.75 0.35 1.0 0.4 0.55 0.9 0.0 0.2 0.35 0.15 0.7 0.35 0.1 0.5 0.15 1.0 0.95 0.65 0.85 0.4 0.75 0.35 
-0.0029782526445586953 0.43918357815278 0.5815954922583185 0.1 0.3 0.3 0.15 0.95 0.05 0.15 0.0 0.15 0.15 0.05 0.7 0.25 0.85 0.4 1.0 0.9 0.3 0.95 0.25 0.15 0.3 0.7 0.55 0.95 0.65 0.65 0.9 0.4 0.5 0.9 0.25 0.65 0.95 0.8 0.6 
-0.019771055129580675 0.5801383126365081 0.612408662404579 0.4 0.25 0.5 0.75 0.7 0.9 0.9 0.05 0.4 0.2 0.75 0.65 1.0 0.3 0.3 0.8 0.25 0.25 1.0 0.8 0.55 0.55 0.7 0.75 1.0 0.85 0.6 0.6 1.0 0.5 0.75 0.15 0.3 0.65 0.65 0.9 
-0.011899916459440238 0.35307448618097476 0.46961621157760985 0.05 0.85 0.1 0.3 0.95 0.3 0.55 0.55 0.75 0.75 0.8 0.8 1.0 0.0 0.65 0.5 1.0 0.6 0.3 0.7 0.35 0.1 0.4 0.6 0.9 0.3 0.45 0.85 0.95 0.3 1.0 0.95 0.6 0.95 0.7 0.8 
-8.163701281334728e-05 0.3961596560882995 0.48544325150637097 0.6 0.3 0.15 0.05 0.95 0.25 0.4 1.0 0.95 0.4 0.2 0.7 0.95 0.9 0.8 0.9 0.9 0.3 0.85 0.2 0.9 0.4 0.7 0.5 0.55 0.7 0.65 0.9 0.4 0.65 0.85 0.3 0.65 0.8 0.6 0.6 
-0.0035378910907137096 0.6245936036020806 0.4587688804963937 0.05 0.65 0.4 0.1 0.65 0.35 1.0 0.65 0.3 0.9 0.5 0.8 0.9 0.4 0.75 0.8 0.9 0.6 0.75 0.05 0.6 1.0 0.05 0.35 0.7 0.7 0.45 0.8 0.15 1.0 0.65 0.45 0.2 0.65 0.0 0.25 
-0.016797060605906505 0.5738057522922171 0.395692428012001 0.05 0.65 0.4 0.2 0.65 0.45 1.0 0.65 0.3 0.65 0.5 0.8 0.9 0.4 0.75 0.8 0.9 0.6 0.55 0.2 0.6 1.0 0.35 0.35 0.7 0.7 0.45 0.25 0.15 0.25 0.6 0.45 0.25 0.65 0.0 0.1 
-0.02402822714180851 0.3756205346750812 0.509470394182327 0.4 0.85 0.35 0.05 0.1 0.3 0.55 0.55 0.6 0.5 0.8 0.6 1.0 0.1 0.9 0.6 1.0 0.6 0.6 0.7 0.35 0.1 0.0 0.65 0.95 0.2 0.6 0.5 0.95 0.35 0.35 0.55 0.2 0.1 0.35 0.75 
-0.011630460811950873 0.566430932621383 0.6010971164616343 0.2 0.1 0.45 0.25 0.15 0.85 0.7 0.55 0.5 0.45 0.25 0.3 0.65 0.45 0.4 0.75 0.9 0.3 0.95 0.2 0.15 0.4 0.7 0.85 0.95 0.65 0.5 0.85 0.95 0.5 0.9 0.15 0.65 0.4 0.85 0.85 
-0.0009663035625395866 0.36320319539459944 0.5321478143989339 0.45 0.85 0.1 0.15 0.95 0.3 0.75 0.1 0.5 0.75 0.85 0.8 1.0 0.0 0.65 0.55 1.0 0.6 0.3 0.8 0.35 0.1 0.4 0.6 0.9 0.3 0.45 0.85 0.95 0.3 1.0 0.95 0.6 0.9 0.7 0.8 
-0.010469141832670876 0.5173237036321755 0.42476708808421565 0.05 0.55 0.4 0.15 0.8 0.65 1.0 0.7 0.35 0.75 0.5 0.7 0.9 0.4 0.75 0.2 1.0 0.6 0.55 0.3 0.6 1.0 0.35 0.35 0.7 0.75 0.5 0.1 0.15 1.0 0.4 0.45 0.25 0.4 1.0 0.4 
-0.010650280849805197 0.6214624704212631 0.551088792270696 0.4 0.65 0.05 0.75 0.55 0.4 1.0 0.65 0.75 0.25 0.5 0.8 0.6 0.35 0.75 0.8 0.9 0.6 0.1 0.2 0.55 1.0 0.45 0.35 0.9 0.95 0.5 0.4 0.0 0.35 1.0 0.45 0.3 0.4 0.45 0.1 
-0.03521827932696453 0.5661434809318466 0.41822752191357393 0.35 0.65 0.05 0.75 0.55 0.4 0.8 0.65 0.65 1.0 0.5 0.8 0.9 0.2 0.7 0.8 0.9 0.6 0.1 0.2 0.55 1.0 0.45 0.35 0.5 0.95 0.5 0.6 0.0 0.65 1.0 0.35 0.8 0.65 0.75 0.1 
-0.011243291484437284 0.537840339203818 0.4103449758880301 0.35 0.65 0.05 0.75 0.55 0.4 0.8 0.65 0.65 1.0 0.5 0.8 0.9 0.2 0.7 0.8 0.9 0.6 0.1 0.2 0.55 1.0 0.45 0.35 0.5 0.95 0.5 0.6 0.0 0.65 1.0 0.35 0.8 0.75 0.75 0.1 
-0.007296672266337467 0.3696221816653134 0.44566957604865 0.5 0.65 0.6 0.8 0.9 0.3 1.0 0.55 0.65 0.15 0.8 0.6 1.0 0.0 0.65 0.7 1.0 0.6 0.3 0.0 0.85 0.1 0.4 0.45 0.9 0.35 0.45 0.85 0.95 0.35 0.0 0.95 0.6 0.25 0.7 0.65 
-0.01931001568646385 0.41129293969509895 0.5822712052705664 0.6 0.05 0.3 0.25 0.95 0.95 0.35 0.2 0.8 0.4 0.25 0.7 0.8 0.45 0.4 0.85 0.9 0.45 0.5 0.2 0.75 0.85 0.7 0.3 0.95 0.65 0.65 0.9 0.4 0.5 0.9 0.25 0.7 0.0 0.6 0.6 
-0.0017586377654350534 0.6370650682281549 0.6144167517594777 1.0 0.25 0.95 0.35 0.7 0.9 0.65 0.05 0.4 0.2 0.75 0.65 0.85 0.45 0.3 0.8 0.25 0.5 0.0 0.35 0.55 0.8 0.45 0.75 1.0 0.9 0.6 0.95 1.0 0.5 0.9 0.15 0.6 0.35 0.65 0.7 
-0.007420159486377207 0.38459165764062336 0.40667623742733217 0.6 0.45 0.15 0.9 0.65 0.25 1.0 0.65 0.95 0.4 0.1 0.7 0.95 0.9 0.4 0.9 0.9 0.3 0.85 0.05 0.9 0.4 0.7 0.5 0.95 0.7 0.65 0.9 0.4 0.4 0.85 0.3 0.7 0.8 0.6 0.6 
-0.0038977703156350416 0.5446875100734947 0.4455522350223931 0.25 0.55 0.55 0.55 0.8 0.05 0.8 0.2 0.3 0.9 0.95 0.7 0.55 0.75 0.9 0.7 0.45 0.45 0.9 0.25 0.9 1.0 0.95 0.35 0.6 0.3 0.05 0.85 0.85 0.1 0.25 0.85 0.9 0.4 0.5 0.45 
-0.03463360991697681 0.64252716400695 0.5396463479288209 0.4 0.65 0.05 0.75 0.55 0.4 0.75 0.65 0.6 0.9 0.5 0.8 0.9 0.65 0.75 0.8 0.9 0.6 0.1 0.2 0.55 1.0 0.45 0.35 0.9 0.95 0.5 0.4 0.0 0.35 1.0 0.45 0.3 0.75 0.45 0.1 
-0.003635158446330996 0.36942838699029057 0.514025074657515 0.35 0.3 0.3 0.5 0.95 0.05 0.95 0.0 0.15 0.45 0.65 0.7 0.75 0.1 0.85 0.15 0.9 0.75 0.85 0.25 0.1 0.3 0.15 0.55 0.85 0.65 0.7 0.9 0.4 0.65 0.9 0.25 0.65 0.5 0.6 0.1 
-0.028704324330146778 0.6158087113451998 0.5705152435722873 0.4 0.25 0.5 0.75 0.85 0.9 1.0 0.05 0.4 0.9 0.75 0.65 0.0 0.25 0.3 0.8 0.25 0.45 1.0 0.8 0.55 0.25 0.95 0.75 1.0 0.85 0.6 0.95 0.1 0.5 0.95 0.1 0.3 0.6 0.15 0.4 
-0.013677488619870731 0.47350697709582973 0.614715060306009 0.35 0.3 0.3 0.15 0.95 0.05 0.95 0.0 0.15 0.15 0.65 0.7 0.75 0.1 0.85 0.8 0.9 0.75 0.85 0.25 0.1 0.3 0.15 0.55 0.95 0.65 0.7 0.9 0.4 0.65 0.9 0.25 0.65 0.5 0.6 0.1 
-0.012742240765597396 0.5320794560297948 0.37937927765302565 0.4 0.65 0.05 0.75 0.55 0.65 1.0 0.65 0.4 1.0 0.5 0.8 0.5 0.35 0.7 0.8 0.9 0.6 0.1 0.15 0.55 0.45 0.45 0.35 0.8 0.95 0.0 0.4 0.0 0.25 1.0 0.35 0.75 0.75 0.75 0.1 
-0.0033247318289112596 0.6357707655665759 0.6056110902481673 0.75 0.25 0.5 0.35 0.7 0.9 0.75 0.05 0.4 0.25 0.55 0.0 0.85 0.45 0.55 0.95 0.25 0.5 0.55 0.35 1.0 0.25 0.7 0.75 1.0 0.9 0.6 0.95 1.0 0.5 0.85 0.15 0.6 0.45 0.65 0.6 
-0.0011100420071883607 0.6218287768327897 0.5743057196719076 0.4 0.25 0.5 0.4 0.7 0.9 1.0 0.05 0.35 0.9 0.75 0.65 0.25 0.3 0.3 0.8 0.25 0.25 1.0 0.8 0.55 0.25 0.15 0.85 1.0 0.85 0.4 1.0 1.0 0.5 0.9 0.15 0.3 0.65 0.65 0.35 
-0.05652058428489813 0.5741205027163169 0.4119253579039942 0.05 0.6 0.4 0.05 0.65 0.45 1.0 0.7 0.75 0.75 0.5 0.7 0.9 0.4 0.75 0.8 1.0 0.6 0.55 0.9 0.6 1.0 0.35 0.35 0.7 0.75 0.75 1.0 0.15 1.0 0.65 0.6 0.25 0.4 1.0 0.1 
-0.00868505261649364 0.5479278738284116 0.41432385327228494 0.05 0.6 0.4 0.15 0.8 0.65 1.0 0.7 0.75 0.75 0.5 0.7 0.9 0.4 0.75 0.35 1.0 0.6 0.55 0.9 0.6 1.0 0.35 0.35 0.7 0.75 0.75 0.1 0.15 0.35 0.65 0.45 0.25 0.4 1.0 0.1 
-0.024042338819524035 0.5247257582266563 0.6292604319929588 0.65 0.6 0.2 0.15 1.0 0.65 0.85 0.7 0.6 0.95 0.5 0.7 0.2 0.15 0.9 0.35 0.05 0.6 0.55 0.75 0.35 0.9 0.35 0.35 1.0 0.35 0.75 0.1 0.6 1.0 0.95 0.75 0.45 0.7 0.75 0.35 
-0.027741932163054706 0.47074180354388045 0.35489261439640624 0.65 0.0 0.95 0.05 0.95 0.25 0.95 0.6 0.9 0.15 0.95 0.85 0.95 0.9 0.4 0.95 0.9 0.3 0.75 0.45 0.0 0.8 0.65 0.55 0.95 0.35 0.75 0.5 0.4 0.3 0.3 0.25 0.6 0.3 0.65 0.6 
-0.01925011189133451 0.5731148556539261 0.5780518310612748 0.0 0.25 0.95 0.75 0.7 0.9 0.9 0.05 0.4 1.0 0.75 0.5 0.0 0.3 0.2 0.15 0.25 0.7 0.2 0.8 0.55 0.25 0.15 0.75 1.0 0.65 0.6 0.95 1.0 0.65 0.9 0.15 0.3 0.0 0.8 0.7 
-0.00038039712108720893 0.5000014945036381 0.6678592808395899 0.75 1.0 0.0 0.55 0.7 0.9 0.95 0.05 0.65 0.45 0.75 0.65 0.85 0.05 0.35 0.95 0.25 0.5 0.55 0.3 0.5 0.25 0.45 0.75 1.0 0.9 0.6 0.15 1.0 0.5 1.0 0.15 0.6 0.5 0.65 0.7 
-0.023182035865605143 0.6288231756156882 0.5083483047578244 0.4 0.25 0.5 0.75 0.7 0.9 1.0 0.05 0.4 0.9 0.75 0.65 0.0 0.3 0.3 0.8 0.25 0.25 1.0 0.8 0.55 0.25 0.7 0.75 0.05 0.85 0.85 0.95 1.0 0.5 0.95 0.1 0.3 0.65 0.65 0.8 
-0.022275851293434807 0.6049294186046803 0.39954132416113375 0.4 0.65 0.15 0.75 0.55 0.45 1.0 0.65 0.4 1.0 0.5 0.8 0.9 0.35 0.7 0.95 0.9 0.65 0.1 0.15 0.55 1.0 0.45 0.35 0.8 0.95 0.5 0.4 0.0 0.35 1.0 0.35 0.75 0.75 0.75 0.55 
-0.17641495991804715 0.5151417426211423 0.6205412783976267 0.05 0.6 0.25 0.15 0.8 0.65 1.0 0.7 0.8 0.75 0.5 0.6 0.5 0.75 0.75 0.2 0.15 0.6 0.55 0.6 0.45 1.0 0.35 0.35 0.75 0.35 0.75 0.1 0.7 1.0 0.95 0.8 0.55 0.7 0.75 0.35 
-0.02328513893934594 0.35281176586176544 0.48365941321233263 0.05 0.65 0.6 0.8 0.9 0.3 0.25 0.6 0.65 0.5 0.8 0.6 0.9 0.0 0.65 0.6 1.0 0.6 0.3 0.15 0.05 0.1 0.4 0.45 0.9 0.25 0.5 0.85 0.95 0.2 1.0 0.1 0.0 0.95 0.7 0.65 
-2.645320890690588e-05 0.5993763562273137 0.6322059499264873 0.4 0.25 0.5 0.75 0.7 0.9 1.0 0.05 0.4 0.05 0.75 0.65 0.5 0.35 0.25 0.8 0.25 0.4 1.0 0.8 0.55 0.0 0.7 0.15 1.0 0.85 0.6 0.95 1.0 0.5 0.95 0.95 0.3 0.0 0.15 0.6 
-0.02578221442061775 0.4794816437597056 0.3949433326942748 0.7 0.2 0.85 0.25 0.55 0.6 0.85 0.9 0.2 0.85 0.45 0.65 0.95 0.7 0.65 0.25 0.0 0.45 0.45 0.6 0.45 0.75 0.3 0.1 0.45 0.4 0.35 0.15 0.9 0.9 0.75 0.35 0.05 0.5 0.65 0.5 
-0.0008254913939256337 0.5638149773503531 0.6324414211956328 0.4 0.25 0.5 0.75 0.7 0.9 0.9 0.05 0.4 0.2 0.75 0.65 1.0 0.3 0.3 0.8 0.25 0.25 1.0 0.8 0.55 0.55 0.7 0.75 1.0 0.85 0.6 0.6 1.0 0.5 0.75 0.15 0.3 0.5 0.65 0.9 
-0.003452315109028385 0.37415249763346103 0.3856711847702351 0.65 0.0 0.55 0.35 0.6 0.5 0.45 0.6 0.9 0.15 0.95 0.25 0.95 0.9 0.4 0.95 0.9 0.3 0.9 0.3 0.1 0.8 0.65 0.1 0.95 0.85 0.4 0.5 0.4 0.3 0.9 0.25 0.6 0.9 0.95 0.6 
-0.024384378117487487 0.5362844979140999 0.6476669441577425 0.05 0.9 0.25 0.6 0.15 0.65 0.85 0.7 0.7 0.75 0.5 0.6 0.35 0.3 0.1 0.75 0.45 0.7 0.55 0.9 0.45 1.0 0.35 0.35 0.75 0.35 0.75 0.1 0.15 0.2 0.95 0.8 0.55 0.7 0.75 0.35 
-0.013701740316943989 0.4211452823103347 0.6236556831951418 0.25 0.3 0.35 0.2 0.4 1.0 1.0 0.0 0.15 0.15 0.8 0.25 0.3 0.6 0.6 0.9 0.9 0.45 1.0 0.25 0.15 0.3 0.7 0.55 0.95 0.65 0.45 0.9 0.4 0.5 0.8 0.25 0.5 0.5 0.8 0.6 
-0.08232566387218097 0.5243307665443604 0.6692361317063412 0.05 0.6 0.2 0.15 0.8 0.65 0.95 0.7 0.6 0.75 0.5 0.7 0.85 0.4 0.9 0.35 0.0 0.6 0.55 0.9 0.0 1.0 0.35 0.35 1.0 0.35 0.75 0.1 0.6 1.0 0.95 0.75 0.45 0.7 0.75 0.35 
-0.03083086109052155 0.45696961214900356 0.6117197161991286 0.25 0.3 0.3 0.15 0.45 0.05 0.95 0.05 0.15 0.15 0.65 0.7 0.75 0.1 0.85 0.9 0.9 0.65 0.85 0.25 0.1 0.3 0.15 0.55 0.95 0.65 0.75 0.9 0.4 0.5 0.9 0.25 0.65 0.5 0.6 0.1 
-0.010546662376743796 0.6239979763802151 0.4475670097478486 0.05 0.6 0.2 0.15 0.8 0.65 1.0 0.7 0.6 0.45 0.5 0.7 0.9 0.4 0.75 0.35 1.0 0.6 0.55 0.9 0.0 1.0 0.35 0.35 1.0 0.35 0.75 0.15 0.6 1.0 0.3 0.45 0.45 0.7 0.75 0.35 
-0.01013594784797196 0.339152148761926 0.4760386286435203 0.05 0.85 0.1 0.5 0.95 0.3 0.55 0.55 0.6 0.75 0.8 0.75 1.0 0.0 0.65 0.5 1.0 0.6 0.3 0.7 0.35 0.1 0.4 0.6 0.9 0.3 0.45 0.85 0.95 0.3 1.0 0.95 0.35 0.95 0.7 0.8 
-0.02341756064437421 0.3795323072323965 0.5485692890260463 0.5 0.0 0.1 0.95 0.65 0.25 0.8 0.4 0.8 0.95 0.3 0.25 0.75 0.4 0.2 0.2 0.75 0.45 0.9 0.55 0.45 0.95 0.25 0.9 0.85 0.05 0.5 0.7 0.9 0.5 0.95 0.8 0.6 1.0 0.4 0.85 
-0.021472368187654533 0.46519038259477813 0.36985438706203966 0.65 0.0 0.2 0.35 0.45 0.45 0.95 0.6 0.9 0.15 0.95 0.25 0.95 0.9 0.4 0.8 0.9 0.3 0.9 0.9 0.1 0.8 0.15 0.1 0.95 1.0 0.75 0.45 0.4 0.3 0.9 0.15 0.7 0.65 0.35 0.6 
-0.04275082506006413 0.5980069246928685 0.42429201928710325 0.05 0.6 0.2 0.15 0.0 0.65 1.0 0.7 0.5 0.75 0.5 0.7 1.0 0.4 0.75 0.0 1.0 0.6 0.55 0.9 0.0 1.0 0.35 0.35 1.0 0.75 0.75 0.1 0.6 1.0 0.95 0.45 0.45 0.7 0.75 0.35 
-0.022242387670548 0.41186903295637195 0.5866951726531593 0.6 0.05 0.3 0.25 0.95 0.95 0.35 0.65 0.8 0.4 0.25 0.7 0.8 0.45 0.4 0.85 0.9 0.45 0.5 0.2 0.75 0.85 0.7 0.3 0.95 0.65 0.65 0.9 0.4 0.5 0.9 0.25 0.7 0.0 0.6 0.6 
-0.025637226292518082 0.37663385380495523 0.4535311161806769 0.65 0.0 0.15 0.05 0.95 0.25 0.95 0.65 0.95 0.15 0.2 0.7 0.95 0.95 0.4 0.95 0.9 0.3 0.85 0.8 0.35 0.85 0.7 0.55 0.95 0.4 0.65 0.9 0.4 0.95 0.9 0.25 0.65 0.4 0.6 0.6 
-0.0058118397090060345 0.41488743697489544 0.6428065075043962 0.25 0.3 0.35 0.2 0.4 1.0 1.0 0.0 0.15 0.05 0.8 0.25 0.3 0.9 0.6 0.9 0.9 0.45 1.0 0.25 0.15 0.3 0.7 0.55 0.95 0.7 0.35 0.65 0.4 0.5 1.0 0.25 0.5 0.5 0.8 0.6 
-0.00233340507963441 0.6382413931987894 0.5129048692904452 0.3 0.15 0.6 0.15 0.8 0.65 1.0 0.7 0.55 0.75 0.5 0.5 0.55 0.4 0.8 0.25 1.0 0.05 0.55 0.9 0.0 0.0 0.75 0.8 1.0 0.35 0.75 0.15 0.6 1.0 0.7 0.45 0.45 0.55 0.75 0.35 
-0.026964534708454366 0.4287102920688486 0.41029217742431295 1.0 0.0 0.15 0.75 0.6 0.85 0.95 0.6 0.9 0.15 0.65 0.9 0.95 0.9 0.35 0.95 0.9 0.3 0.9 0.3 0.25 0.45 0.0 0.6 1.0 0.5 0.75 0.5 0.4 0.0 0.95 0.25 0.85 0.95 0.95 0.55 
-0.2833228201307809 0.49446250810940984 0.3524717057023657 0.65 0.0 0.95 0.05 0.95 0.25 0.95 0.6 0.9 0.15 0.95 0.85 0.95 0.9 0.4 0.95 0.9 0.3 0.75 0.45 0.0 0.8 0.65 0.55 0.95 0.35 0.85 0.5 0.4 0.3 0.7 0.25 0.6 0.3 0.6 0.6 
-0.009243414212023352 0.36962969557440484 0.6008529792936892 0.6 0.3 0.3 0.05 0.95 0.05 0.75 0.55 0.8 0.6 0.25 0.7 0.95 0.45 0.4 0.9 0.9 0.3 0.85 0.2 0.15 0.3 0.7 0.75 1.0 0.65 0.35 0.9 0.4 0.5 0.9 0.25 0.65 0.95 0.8 0.6 
-0.03968855219299165 0.4455851918534495 0.3861851994187886 0.65 0.0 0.15 0.05 0.95 0.7 0.95 0.65 0.95 0.15 0.2 0.1 1.0 0.9 0.45 0.95 0.9 0.3 0.75 0.2 0.15 0.85 0.7 0.55 0.95 0.05 0.4 0.45 0.4 0.5 0.9 0.25 0.65 0.9 0.6 0.6 
-0.007321200521655502 0.39912390062042 0.5690367344427755 0.6 0.05 0.3 0.25 0.95 0.6 0.25 0.4 0.6 0.4 0.0 0.7 0.8 0.45 0.4 0.9 0.9 0.3 0.85 0.45 0.15 0.4 0.7 0.6 0.95 0.65 0.65 0.9 0.4 0.5 0.9 0.25 0.65 0.4 0.65 0.6 
-0.008399965608059175 0.45914509283953164 0.6229509088255514 0.2 0.3 0.3 0.15 0.45 0.05 0.95 0.05 0.15 0.15 0.65 0.7 0.75 0.1 0.85 0.9 0.9 0.65 0.85 0.25 0.1 0.3 0.15 0.85 0.95 0.65 0.75 0.9 0.4 0.5 0.9 0.25 0.65 0.5 0.0 0.1 
-0.025524103369365964 0.4169547346046172 0.3721635155248987 0.65 0.4 0.55 0.05 0.9 0.75 0.95 0.6 0.9 0.9 0.45 0.6 0.95 0.9 0.4 0.95 0.9 0.3 0.9 0.3 0.1 0.8 0.65 0.1 0.95 0.85 0.65 0.5 0.4 0.3 0.1 0.25 0.6 0.2 0.95 0.6 
-0.021569341624981742 0.6565590322923072 0.5679959915301497 0.4 0.65 0.05 0.6 0.85 0.4 1.0 0.65 0.9 0.95 0.5 0.8 0.9 0.35 0.2 0.8 0.9 0.7 0.1 0.2 0.55 1.0 0.45 0.35 0.9 0.95 0.5 0.5 1.0 0.35 0.85 0.45 0.3 0.75 0.45 0.1 
-0.014164275606813582 0.37065441189077997 0.3944231399794835 0.05 0.65 0.6 0.8 0.9 0.3 1.0 0.55 0.65 0.25 0.8 0.6 1.0 0.0 0.65 0.6 1.0 0.6 0.3 0.0 0.8 0.1 0.4 0.45 0.9 0.25 0.35 0.85 0.95 0.35 1.0 0.95 0.6 0.65 0.7 0.65 
-0.0011632289167282015 0.3419179341805383 0.5113935292790982 0.9 0.0 0.35 0.9 0.55 0.7 0.85 0.95 0.15 0.4 0.8 0.85 1.0 0.0 0.65 0.4 0.95 0.6 0.5 0.55 0.65 0.1 0.6 1.0 0.95 0.3 0.45 0.85 0.95 0.15 0.85 0.95 0.6 0.95 0.7 0.8 
-0.0009154181579261567 0.3927210398635169 0.596591226002066 0.9 0.85 0.55 0.9 0.55 0.7 0.85 0.95 0.15 0.6 0.2 0.6 1.0 0.0 0.65 0.95 0.95 0.6 0.7 0.55 0.65 0.1 0.6 1.0 0.95 0.3 0.45 0.85 0.95 0.25 0.85 0.95 0.6 0.95 0.7 0.8 
-4.875488591607179e-05 0.3479932929096865 0.4624903606036765 0.05 0.85 0.1 0.5 0.95 0.3 0.55 0.55 0.75 0.75 0.8 0.75 1.0 0.0 0.65 0.5 1.0 0.6 0.3 0.7 0.35 0.1 0.4 0.6 0.9 0.3 0.45 0.85 0.95 0.3 1.0 0.95 0.6 0.95 0.7 0.8 
-0.0023141581537567133 0.5892966600794989 0.6487132389010941 0.05 0.6 0.2 0.15 0.8 0.05 0.95 0.7 0.35 0.75 0.5 0.7 0.85 0.4 0.9 0.25 0.0 0.6 0.55 0.9 0.0 1.0 0.3 0.35 0.65 0.35 0.75 0.1 0.6 1.0 0.95 0.75 0.45 0.7 0.75 0.35 
-0.02648931015471178 0.3536395523868433 0.5915314805916775 0.9 0.85 0.6 0.9 0.55 0.7 0.85 0.25 0.15 0.4 0.4 0.6 1.0 0.0 0.65 0.8 0.95 0.6 0.7 0.9 0.65 0.7 0.4 0.3 1.0 0.3 0.45 0.85 0.95 0.15 0.5 0.95 0.5 0.9 0.7 0.8 
-0.014200604663218513 0.5358059984679764 0.3837844899246082 0.05 0.65 0.4 0.1 0.65 0.45 1.0 0.65 0.3 1.0 0.5 0.8 0.9 0.4 0.75 0.6 0.9 0.6 0.55 0.2 0.6 1.0 0.25 0.35 0.7 0.7 0.45 0.5 0.15 0.25 0.6 0.4 0.25 0.65 0.0 0.1 
-0.02376797250256493 0.39717215661521327 0.5933865507340981 0.25 0.3 0.35 0.2 0.4 1.0 1.0 0.0 0.15 0.15 0.8 0.25 0.3 0.9 0.6 0.9 0.9 0.45 1.0 0.25 0.15 0.3 0.7 0.55 0.95 0.65 0.45 0.9 0.4 0.6 0.8 0.25 0.5 0.5 0.8 0.6 
-0.0014212220877890033 0.6469210694100431 0.47048052868776596 0.4 0.65 0.05 0.75 0.5 0.25 1.0 0.65 0.45 1.0 0.5 0.8 0.9 0.35 0.75 0.25 0.9 0.6 0.1 0.4 0.55 1.0 0.45 0.2 0.9 0.95 0.5 0.4 0.0 0.35 0.55 0.45 0.3 0.85 0.45 0.1 
-0.018080115849912516 0.5650361348324395 0.3930263540660234 0.05 0.65 0.4 0.2 0.65 0.45 1.0 0.65 0.3 0.65 0.5 0.8 0.9 0.4 0.75 0.8 0.9 0.6 0.55 0.2 0.6 1.0 0.35 0.35 0.7 0.7 0.45 0.5 0.15 0.25 0.6 0.45 0.25 0.65 0.0 0.1 
-3.0076592789757522e-05 0.5512087859205582 0.6533134820540395 0.05 0.9 0.25 0.6 0.15 0.65 0.85 0.7 0.7 0.75 0.5 0.6 0.35 0.3 0.1 0.75 0.45 0.7 0.55 0.9 0.45 1.0 0.35 0.35 0.75 0.35 0.75 0.1 0.15 0.8 0.95 0.8 0.55 0.7 0.75 0.35 
-0.010957635670028568 0.34423649791897304 0.5566041299129059 0.9 0.85 0.55 0.9 0.55 0.8 0.9 0.95 0.15 0.6 0.4 0.6 1.0 0.0 0.65 0.8 0.95 0.6 0.7 0.9 0.35 0.7 0.4 0.75 1.0 0.3 0.45 0.85 0.95 0.15 0.05 0.95 0.3 0.85 0.7 0.8 
-0.00707837121070314 0.6374600378386317 0.49280278869976996 0.85 0.65 0.05 0.75 0.55 0.4 1.0 0.65 0.6 0.2 0.5 0.8 0.9 0.35 0.75 0.8 0.9 0.6 0.1 0.2 0.3 1.0 0.45 0.35 0.9 0.95 0.1 0.35 0.0 0.35 1.0 0.45 0.3 0.4 0.45 0.1 
-0.042585510621114785 0.6008459474337242 0.3739872302159484 0.5 0.65 0.4 0.1 0.1 0.25 1.0 0.65 0.3 0.9 0.5 0.8 0.75 0.4 0.75 0.55 0.9 0.8 0.55 0.2 0.6 1.0 0.25 0.35 0.8 0.7 0.45 0.5 0.15 0.35 1.0 0.4 0.25 0.65 0.0 0.0 
-0.04274469221621785 0.45103779256911913 0.6599168527291525 0.1 0.3 0.35 0.6 0.4 1.0 1.0 0.0 0.15 0.15 0.65 0.05 0.2 0.25 0.4 0.65 0.9 0.45 0.85 0.25 0.15 0.3 0.7 0.9 0.95 0.65 0.65 0.9 0.4 0.5 0.75 0.25 0.5 0.35 0.8 0.05 
-0.00512227773181239 0.31863003435281045 0.5307426699666355 0.85 0.3 0.6 0.8 0.9 0.1 1.0 0.5 0.45 0.65 0.8 0.55 1.0 0.9 0.65 0.65 1.0 0.6 0.3 0.7 0.9 0.7 0.8 0.65 0.9 0.25 0.5 0.85 0.95 0.35 1.0 0.95 0.7 0.85 0.7 0.65 
-0.037567768397936296 0.6705535820307992 0.5475425782011992 0.75 0.25 0.5 0.35 0.7 0.9 0.95 0.05 0.8 0.55 0.75 0.65 0.85 0.45 0.3 0.95 0.25 0.5 0.55 0.35 0.85 0.25 0.45 0.75 1.0 0.9 0.6 0.15 0.15 0.5 1.0 0.15 0.55 0.45 0.65 0.7 
-0.01479253131586932 0.685952381435383 0.45408069022211617 0.4 0.65 0.05 0.75 0.55 0.4 0.85 0.65 0.75 1.0 0.5 0.8 0.9 0.35 0.7 0.8 0.9 0.6 0.1 0.2 0.55 0.4 0.45 0.35 1.0 0.95 0.75 0.4 0.0 0.35 1.0 0.45 0.3 0.4 0.45 0.1 
-0.08852816284022882 0.6866622284029386 0.41534359183622105 0.7 0.65 0.05 0.75 0.85 0.4 1.0 0.65 0.2 1.0 0.5 0.8 0.9 0.35 0.7 0.8 0.9 0.6 0.05 0.2 0.25 1.0 1.0 0.35 0.9 0.95 0.5 0.4 0.15 0.35 1.0 0.45 0.2 0.75 0.85 0.1 
-0.012784350072939177 0.3017806322759622 0.523126912763915 0.5 0.1 0.6 0.8 0.9 0.2 1.0 0.55 0.55 0.25 0.8 0.5 1.0 0.0 0.65 0.5 1.0 0.6 0.3 0.0 0.95 0.1 0.4 0.85 0.9 0.35 0.6 0.85 0.95 0.35 1.0 0.95 0.6 0.85 0.7 0.65 
-0.06174870104654367 0.45955425841121694 0.6419634344174436 0.1 0.3 0.35 0.6 0.4 1.0 1.0 0.0 0.15 0.15 0.65 0.05 0.2 0.25 0.4 0.65 0.9 0.45 0.85 0.25 0.15 0.3 0.7 0.55 0.95 0.65 0.65 0.9 0.4 0.5 0.75 0.25 0.5 0.5 0.8 0.05 
-0.001514401928108533 0.664174725174853 0.4859592482509547 0.4 0.65 0.6 0.3 0.85 0.4 0.55 0.65 0.2 0.8 0.5 0.8 0.9 0.35 0.75 0.8 0.9 0.6 0.1 0.2 0.55 1.0 0.75 0.35 0.45 0.95 0.3 0.4 1.0 0.35 1.0 0.45 0.3 0.35 0.45 0.1 
-0.004724419481363115 0.6186905912008804 0.6365488984609977 0.25 1.0 0.0 0.9 0.7 0.9 0.55 0.05 0.45 0.45 0.2 0.65 0.85 0.45 0.35 0.85 0.25 0.5 0.55 0.35 0.5 0.25 0.45 0.75 1.0 0.9 0.6 0.15 1.0 0.5 1.0 0.15 0.6 0.5 0.65 0.7 
-0.015876902203855143 0.7009796921891778 0.47887009476510795 0.5 0.65 0.05 0.05 0.85 0.7 0.75 0.65 0.7 1.0 0.5 0.8 0.9 0.35 0.7 0.65 0.9 0.6 0.05 0.2 0.25 0.65 0.25 0.35 0.85 1.0 0.5 0.8 0.15 0.35 1.0 0.45 0.3 0.8 0.85 0.1 
-0.01945489037612419 0.3472095216558441 0.5477167675848491 0.9 0.85 0.55 0.9 0.55 0.3 0.9 0.95 0.15 0.6 0.4 0.6 1.0 0.0 0.65 0.65 0.95 0.6 0.7 0.9 0.35 0.7 0.9 0.75 1.0 0.3 0.45 0.85 0.95 0.15 0.05 0.95 0.3 0.85 0.7 0.8 
-0.0018486863102872716 0.6588806543160667 0.5189009851969778 0.65 0.6 0.2 0.15 0.9 0.65 0.8 0.7 0.55 0.75 0.5 0.7 1.0 0.4 0.75 0.35 1.0 0.6 0.6 0.9 0.0 1.0 0.75 0.35 1.0 0.35 0.75 0.15 0.7 1.0 0.9 0.45 0.45 0.7 0.75 0.35 
-0.05156004910398977 0.6218647125662974 0.4237832509280072 0.4 0.65 0.05 0.05 0.85 0.4 1.0 0.65 0.4 0.95 0.5 0.8 0.9 0.35 0.95 0.8 0.9 0.7 0.1 0.2 0.55 1.0 0.55 0.35 0.9 0.95 0.5 0.45 1.0 0.7 0.85 0.45 0.3 0.7 0.45 0.05 
-0.0020268622326544373 0.6603534239123592 0.4483133715314067 0.6 0.6 0.2 0.15 0.8 0.65 1.0 0.7 0.55 0.75 0.55 0.7 1.0 0.4 0.75 0.05 1.0 0.6 0.6 0.9 0.0 1.0 0.75 0.35 1.0 0.35 0.75 0.15 0.7 1.0 0.9 0.45 0.45 0.7 0.75 0.35 
-0.007736222464187176 0.6429138236782885 0.4088921066873342 0.4 0.65 0.05 0.75 0.85 0.4 1.0 0.65 0.4 1.0 0.5 0.8 0.9 0.35 0.75 0.4 0.0 0.6 0.75 0.2 0.55 0.25 0.45 0.35 0.9 0.95 0.5 0.65 1.0 0.35 0.7 0.45 0.75 0.75 0.45 0.1 
-0.005050364338285165 0.6702869931585924 0.5164960517375476 0.4 0.65 0.05 0.3 0.85 0.4 0.55 0.65 0.2 0.8 0.5 0.8 0.9 0.35 0.75 0.8 0.9 0.6 0.1 0.2 0.55 1.0 0.75 0.35 0.45 0.95 0.5 0.4 1.0 0.35 1.0 0.45 0.3 0.35 0.45 0.1 
-0.15172392578805682 0.5141732022585073 0.3530579320213103 0.0 0.65 0.05 1.0 0.65 0.4 0.95 0.65 0.25 0.8 0.5 0.8 0.9 0.4 0.75 0.8 0.9 0.6 0.3 0.55 0.8 0.55 0.35 0.7 0.15 0.65 0.7 0.5 0.25 0.35 1.0 0.45 0.8 0.95 0.85 0.1 
-0.05584835041554547 0.6158809979686838 0.3889407775119473 0.3 0.6 0.6 0.15 0.8 0.65 1.0 0.7 0.55 0.75 0.5 0.7 1.0 0.4 0.8 0.35 1.0 0.05 0.55 0.9 0.0 1.0 0.75 0.8 1.0 0.35 0.75 0.15 0.6 1.0 0.7 0.45 0.45 0.45 0.75 0.35 
-0.04426936936117106 0.6217519159602117 0.396866618554918 0.5 0.65 0.4 0.75 0.65 0.85 1.0 0.65 0.5 0.9 0.5 0.8 0.85 0.4 0.5 0.85 0.0 0.6 0.2 0.05 0.6 0.8 0.5 0.65 0.75 0.95 0.75 0.5 1.0 0.25 0.9 0.4 0.15 0.65 0.95 0.1 
-0.005257801602983511 0.3129653010678669 0.4992538498621182 0.05 0.85 0.1 0.15 0.95 0.3 0.55 0.55 0.7 0.5 0.8 0.6 1.0 0.1 0.65 0.5 1.0 0.6 0.3 0.25 0.35 0.1 0.4 0.75 0.9 0.3 0.45 0.85 0.95 0.3 0.75 0.95 0.5 0.95 0.7 0.8 
-0.013705992127738832 0.3300794100313703 0.4974809938191649 0.05 0.85 0.1 0.3 0.95 0.3 0.55 0.55 0.75 0.5 0.8 0.6 1.0 0.0 0.65 0.5 0.05 0.6 0.3 0.7 0.35 0.1 0.1 0.65 0.9 0.3 0.45 0.85 0.95 0.3 1.0 0.65 0.6 0.95 0.7 0.8 
-0.00739182766929924 0.5792127283312495 0.668202288254346 0.75 0.25 0.0 0.35 0.7 0.9 0.95 0.05 0.4 0.5 0.75 0.65 0.7 0.9 0.55 0.95 0.25 0.5 0.55 0.35 0.5 0.05 0.45 0.4 1.0 0.9 0.6 0.15 1.0 0.5 1.0 0.15 0.6 0.45 0.65 0.7 
-0.01229501860877438 0.5928836497629507 0.3610160066235192 0.95 0.65 0.05 0.75 0.55 0.65 1.0 0.65 0.5 0.4 0.5 0.8 0.95 0.35 0.7 0.8 0.9 0.6 0.4 0.15 0.1 0.15 0.45 0.4 1.0 0.95 0.5 0.05 0.0 0.35 1.0 0.35 0.75 0.75 0.75 0.1 
-0.00828909777850859 0.563758308348891 0.687211973909384 0.05 0.6 0.2 0.15 0.6 0.65 1.0 0.7 0.6 0.75 0.5 0.7 0.45 0.4 0.9 0.2 0.85 0.6 0.15 0.4 0.0 1.0 0.65 0.35 1.0 0.35 0.75 0.1 0.6 1.0 0.95 0.75 0.45 0.7 0.75 0.35 
-0.014373971756708064 0.6731321468479968 0.46791073862249355 0.65 0.6 0.2 0.15 0.8 0.65 1.0 0.7 0.55 0.75 0.5 0.7 1.0 0.4 0.75 0.05 1.0 0.45 0.6 0.9 0.0 1.0 0.75 0.35 1.0 0.35 0.75 0.15 0.7 1.0 0.9 0.45 0.45 0.7 0.75 0.35 
-0.007927681902224403 0.3617029756949546 0.41225440602068086 0.5 0.65 0.6 0.8 0.9 0.3 1.0 0.55 0.65 0.9 0.8 0.6 0.85 0.0 0.65 0.45 0.2 0.6 0.3 0.0 0.95 0.1 0.4 0.45 0.9 0.35 0.45 0.85 0.95 0.35 1.0 0.95 0.6 0.7 0.7 0.65 
-0.06584348627876105 0.6320130928258217 0.34538869290041346 0.4 0.65 0.05 0.15 0.85 0.4 1.0 0.65 0.55 1.0 0.5 0.85 0.9 0.35 0.75 0.75 0.9 0.6 0.1 0.2 0.55 0.7 1.0 0.35 0.9 0.95 0.5 0.5 0.05 0.35 1.0 0.45 0.75 0.75 0.45 0.05 
-0.008115727585615223 0.5661176679673542 0.3396589837387659 0.0 0.65 0.05 1.0 0.65 0.4 0.95 0.65 0.25 0.8 0.5 0.8 0.9 0.4 0.75 0.8 0.9 0.6 0.3 0.55 0.8 0.55 0.35 0.7 0.15 0.7 0.7 0.5 0.05 0.35 1.0 0.45 0.8 0.95 0.85 0.1 
-0.001284379798343571 0.3012162411540127 0.5666583056909573 0.9 0.85 0.55 0.7 0.0 0.7 0.6 0.95 0.45 0.6 0.55 0.6 1.0 0.0 0.65 1.0 0.95 0.6 0.1 0.95 0.25 0.8 0.4 0.55 1.0 0.3 0.45 0.9 0.95 0.4 1.0 0.95 0.6 0.85 0.7 0.8 
-0.00031156304883018875 0.32922856424647673 0.4016400139392754 0.65 0.0 0.55 0.35 0.6 0.5 0.95 0.6 0.9 0.15 0.95 0.25 0.95 0.9 0.4 0.85 0.9 0.3 0.9 0.3 0.1 0.8 0.65 0.1 0.95 0.85 0.75 0.5 0.4 0.45 0.9 0.25 0.6 0.9 0.95 0.6 
-0.025813600007429854 0.6753031034251069 0.5040374221477579 0.65 0.6 0.2 0.15 0.8 0.65 1.0 0.7 0.55 0.75 0.5 0.7 1.0 0.4 0.75 0.35 1.0 0.6 0.6 0.9 0.0 1.0 0.75 0.35 1.0 0.35 0.75 0.15 0.7 1.0 0.9 0.45 0.45 0.7 0.75 0.35 
-0.06974422591279672 0.3384267738189065 0.42530494565797217 0.9 0.85 0.55 0.9 0.0 0.7 0.85 0.95 0.15 0.6 0.55 0.6 1.0 0.7 0.65 1.0 0.95 0.6 0.7 0.95 0.45 0.8 0.4 0.55 1.0 0.3 0.45 0.7 0.95 0.2 1.0 0.85 0.65 0.85 0.7 0.8 
-0.009192167443148923 0.5753961106716373 0.3701168345681809 0.05 0.65 0.6 0.1 0.1 0.25 1.0 0.65 0.3 0.9 0.5 0.8 0.9 0.4 0.75 0.55 0.9 0.6 0.55 0.2 0.6 0.9 0.25 0.35 0.65 0.7 0.45 0.5 0.15 0.35 0.95 0.4 0.25 0.65 0.75 0.1 
-0.031303023157304 0.30868714290666355 0.5719808690629287 0.9 0.85 0.55 0.9 0.0 0.7 0.85 0.95 0.15 0.6 0.55 0.6 1.0 0.0 0.65 1.0 0.95 0.6 0.7 0.95 0.25 0.8 0.4 0.65 1.0 0.3 0.45 0.7 0.95 0.2 0.65 0.95 0.15 0.85 0.7 0.8 
-0.0037286599102561496 0.6588794009598918 0.4299911996206322 0.4 0.65 0.05 0.75 0.85 0.4 0.9 0.65 0.2 1.0 0.5 0.8 0.9 0.35 0.7 0.8 0.9 0.6 0.05 0.2 0.25 1.0 1.0 0.35 0.9 0.95 0.5 0.4 0.15 0.35 1.0 0.45 0.3 0.75 0.85 0.1 
-0.01373710097151962 0.3343838431151803 0.5906359180591403 0.7 0.0 0.3 0.25 0.95 0.05 0.75 0.65 0.15 0.6 0.25 0.7 0.95 0.45 0.4 0.9 0.9 0.3 0.85 0.2 0.15 0.3 0.7 0.55 0.95 0.65 0.65 0.75 0.4 0.45 1.0 0.25 0.65 0.25 0.8 0.35 
-0.011583007057940489 0.541006737009892 0.6739025205327925 0.05 0.6 0.2 0.15 0.8 0.65 1.0 0.7 0.75 0.75 0.5 0.6 0.05 0.4 0.25 0.35 0.45 0.6 0.55 0.9 0.7 1.0 0.35 0.35 0.7 0.35 0.75 0.1 0.9 0.8 0.95 0.75 0.45 0.7 0.75 0.35 
-0.0021198769823751054 0.6014440796819769 0.3521746868826813 0.5 0.65 0.4 0.1 0.1 0.25 1.0 0.65 0.3 0.9 0.5 0.8 0.75 0.4 0.75 0.55 0.9 0.6 0.55 0.2 0.6 1.0 0.25 0.35 0.7 0.7 0.45 0.5 0.15 0.35 1.0 0.4 0.25 0.65 0.0 0.0 
-0.02030841258215073 0.380021790778195 0.36742841821485384 0.5 0.65 0.15 0.8 0.9 0.55 0.65 0.55 0.65 0.25 0.8 0.6 1.0 0.0 0.65 0.5 1.0 0.6 0.3 0.0 0.95 0.1 0.4 0.45 0.9 0.35 0.45 0.85 0.95 0.35 0.8 0.95 0.6 0.7 0.7 0.65 
-0.026510491878826297 0.5331645337231377 0.3517581949537619 0.4 0.55 0.05 1.0 0.45 0.6 1.0 0.65 0.2 0.8 0.5 0.8 1.0 0.4 0.75 0.75 0.9 0.6 0.05 0.2 0.1 0.55 0.35 0.35 0.45 0.75 0.85 0.45 0.15 0.35 0.25 0.45 0.8 0.9 0.85 0.1 
-0.09577328717831146 0.3065328854431997 0.5805667474996045 0.9 0.55 0.55 0.7 0.0 0.7 0.6 0.95 0.45 0.6 0.55 0.6 1.0 0.0 0.65 1.0 0.95 0.6 0.1 0.95 0.25 0.8 0.4 0.55 1.0 0.3 0.45 0.9 0.95 0.4 1.0 0.95 0.8 0.85 0.7 0.8 
-0.34474738579119446 0.4882485839743859 0.6535680242817894 0.35 0.3 0.3 0.15 0.75 0.05 0.95 0.0 0.15 0.15 0.65 0.7 0.75 0.1 0.85 0.85 0.9 0.65 0.85 0.25 0.05 0.3 0.15 0.55 0.95 0.65 0.7 0.95 0.4 0.5 0.9 0.1 0.3 0.5 0.6 0.1 
-0.051233662852046655 0.34893226741115585 0.6148072883703198 0.1 0.3 0.3 0.15 0.95 0.05 0.95 0.0 0.15 0.15 0.65 0.35 0.7 0.95 0.4 1.0 0.9 0.3 0.4 0.25 0.15 0.3 0.7 0.55 0.95 0.65 0.75 0.9 0.4 0.5 0.9 0.25 0.7 0.95 0.8 0.6 
-0.048775541667148065 0.36538830512910503 0.6145038486891307 0.6 0.3 0.3 0.05 0.95 0.05 0.75 0.55 0.75 0.6 0.25 0.7 0.95 0.45 0.4 0.9 0.9 0.3 0.85 0.2 0.15 0.3 0.7 0.75 1.0 0.65 0.35 0.9 0.4 0.5 0.9 0.25 0.65 0.95 0.8 0.6 
-0.10598920192861805 0.3503284251512264 0.640739248835345 0.65 0.5 1.0 0.2 0.9 0.0 1.0 0.0 0.15 0.15 0.8 0.2 0.7 0.95 0.6 0.9 0.9 0.45 1.0 0.25 0.15 0.0 0.7 0.55 0.9 0.65 0.4 0.9 0.4 0.5 1.0 0.25 0.85 0.5 0.8 0.55 
-0.008702305422015267 0.5212885252922856 0.6823940706658477 0.65 0.6 0.2 0.15 0.6 0.65 0.85 0.7 0.6 0.75 0.5 0.7 0.2 0.4 0.9 0.35 0.0 0.6 0.55 0.75 0.35 1.0 0.35 0.35 1.0 0.35 0.75 0.1 0.6 1.0 0.95 0.75 0.45 0.7 0.75 0.35 
-0.0795181751521812 0.3434277569628994 0.5983967296403927 0.9 0.85 0.55 0.9 0.55 0.7 0.85 0.25 0.15 0.4 0.4 0.6 1.0 0.0 0.65 0.8 0.95 0.6 0.7 0.9 0.35 0.85 0.4 0.3 1.0 0.3 0.45 0.85 0.95 0.15 0.9 0.95 0.3 0.85 0.7 0.8 
-0.03214784024656062 0.6302688408706432 0.378734416276601 0.25 0.8 0.45 0.6 0.25 0.4 1.0 0.65 0.6 1.0 0.5 0.55 1.0 0.35 0.75 0.8 0.9 0.6 0.75 0.2 0.55 0.6 0.4 0.5 0.9 0.95 0.5 0.45 1.0 0.35 0.85 0.45 0.3 0.75 0.5 0.1 
-0.011527469994464934 0.5009381781506903 0.6865611133408211 0.7 0.6 0.25 0.15 0.8 0.65 0.65 0.7 0.7 0.75 0.5 0.6 0.35 0.1 0.9 0.35 0.15 0.6 0.55 0.9 0.45 1.0 0.1 0.35 0.75 0.35 0.75 0.1 0.6 0.8 0.95 0.8 0.45 0.7 0.75 0.35 
-0.03004288436436184 0.45781649236944 0.6645778406991089 0.1 0.3 0.35 0.6 0.4 1.0 1.0 0.0 0.15 0.15 0.65 0.05 0.2 0.25 0.7 0.65 0.9 0.45 0.85 0.25 0.15 0.3 0.7 0.9 0.95 0.65 0.65 0.9 0.4 0.5 0.75 0.25 0.5 0.35 0.8 0.55 
-0.011285363997882991 0.6107948736618372 0.6620774165831309 0.75 0.25 0.3 0.35 0.55 0.9 0.95 0.95 0.4 0.55 0.75 0.65 0.85 0.45 0.3 0.95 0.25 0.5 0.55 0.35 0.5 0.25 0.45 0.75 1.0 0.9 0.6 0.45 1.0 0.5 0.9 0.15 0.6 0.45 0.65 0.7 
-0.023879218896461506 0.401070848376289 0.3836342615611565 0.65 0.4 0.45 0.05 0.9 0.75 0.95 0.6 0.9 0.9 0.45 0.6 0.95 0.9 0.4 0.35 0.9 0.2 0.9 0.95 0.1 0.8 0.75 0.1 0.95 0.85 0.65 0.5 0.4 0.3 0.1 0.25 0.6 0.2 0.95 0.6 
-0.011502905662796667 0.4589509698191862 0.6798766319457071 0.35 0.3 0.3 0.15 0.75 0.05 0.95 0.0 0.15 0.15 0.65 0.7 0.75 0.1 0.85 0.9 0.9 0.65 0.85 0.25 0.05 0.3 0.15 0.55 0.95 0.65 0.25 0.9 0.4 0.5 0.9 0.25 0.5 0.5 0.6 0.1 
-0.002085176918902599 0.5363776042804101 0.6840003751254915 0.65 0.6 0.2 0.15 1.0 0.65 0.85 0.7 0.6 0.95 0.5 0.7 0.2 0.15 0.9 0.3 0.05 0.6 0.55 0.75 0.35 0.9 0.35 0.35 1.0 0.35 0.75 0.1 0.6 1.0 0.95 0.75 0.45 0.7 0.75 0.35 
-0.010828597939210424 0.38745456134539685 0.6258453252466561 0.1 0.3 0.3 0.15 0.25 0.05 0.95 0.0 0.15 0.15 0.65 0.7 0.2 0.85 0.4 0.9 0.9 0.3 0.85 0.25 0.15 0.3 0.7 0.55 0.95 0.65 0.65 0.9 0.4 0.5 0.9 0.25 0.5 0.95 0.8 0.6 
-0.01754988613208444 0.5119062068137206 0.7090484761083112 0.65 0.6 0.2 0.15 0.6 0.65 0.85 0.7 0.6 0.65 0.5 0.7 0.2 0.0 0.9 0.35 0.0 0.6 0.55 0.75 0.35 1.0 0.35 0.35 1.0 0.35 0.75 0.1 0.75 0.95 0.95 0.8 0.45 0.7 0.75 0.35 
-0.004614016729848944 0.4071158344950238 0.6671785525406387 0.65 0.3 1.0 0.2 0.9 0.0 1.0 0.0 0.15 0.15 0.8 0.35 0.4 0.95 0.6 0.7 0.9 0.45 0.7 0.25 0.15 0.0 0.7 0.55 0.9 0.65 0.4 0.9 0.4 0.5 0.75 0.25 0.5 0.5 0.8 0.6 
-0.09562574418561963 0.47234300760281606 0.6852659397741125 0.35 0.3 0.3 0.15 0.75 0.05 0.95 0.0 0.15 0.15 0.65 0.7 0.75 0.1 0.85 0.9 0.9 0.65 0.85 0.25 0.05 0.3 0.15 0.55 0.95 0.65 0.7 0.9 0.4 0.5 0.9 0.25 0.5 0.5 0.6 0.1 
-0.10236541408429407 0.6113621995015655 0.6712612285314333 0.75 0.25 0.5 0.35 0.7 0.9 0.95 0.05 0.8 0.55 0.8 0.65 0.85 0.45 0.9 0.95 0.25 0.5 0.4 0.35 1.0 0.25 0.45 0.75 1.0 0.9 0.6 0.45 1.0 0.5 0.9 0.15 0.6 0.45 0.65 0.7 
-0.034543801189891844 0.39745486493967713 0.6760658029589593 0.25 0.3 0.35 0.2 0.4 1.0 1.0 0.0 0.15 0.15 0.8 0.25 0.3 0.9 0.6 0.9 0.9 0.45 1.0 0.25 0.15 0.3 0.7 0.55 0.95 0.7 0.35 0.9 0.4 0.5 1.0 0.25 0.65 0.5 0.8 0.6 
-0.037138301312794254 0.38295636670071015 0.6361791942914697 0.1 0.3 0.3 0.15 0.95 0.05 0.95 0.0 0.15 0.15 0.65 0.7 0.25 0.85 0.4 1.0 0.9 0.3 0.85 0.25 0.15 0.3 0.7 0.55 0.95 0.65 0.65 0.9 0.4 0.5 0.9 0.25 0.65 0.95 0.8 0.6 
-0.0024246613890450816 0.5152257018041065 0.7151533260868039 0.05 0.6 0.25 0.15 0.8 0.65 1.0 0.7 0.7 0.75 0.5 0.6 0.35 0.6 0.75 0.2 0.15 0.4 0.55 0.55 0.45 0.35 0.35 0.35 0.75 0.35 0.75 0.1 0.15 1.0 0.95 0.8 0.45 0.7 0.75 0.35 
-0.0008562540974810716 0.2885476662920329 0.504195928549466 0.05 0.85 0.1 0.3 0.95 0.3 0.55 0.55 0.75 0.5 0.8 0.6 1.0 0.0 0.65 0.35 1.0 0.6 0.3 0.7 0.35 0.1 0.4 0.6 0.9 0.3 0.45 0.85 0.95 0.3 1.0 0.95 0.6 0.95 0.7 0.8 
-0.04523377668375137 0.2845998416009461 0.5371320093393056 0.9 0.85 0.4 0.9 0.55 0.7 0.85 0.95 0.15 0.6 0.8 0.6 1.0 0.0 0.65 0.95 0.95 0.6 0.7 0.8 0.55 0.1 0.4 1.0 1.0 0.3 0.45 0.85 0.95 0.25 0.45 0.85 0.6 0.85 0.7 0.8 
-0.012699007370765285 0.6509497863112627 0.6264026280387456 0.75 0.25 0.5 0.35 0.7 0.9 0.95 0.05 0.4 0.25 0.55 0.0 0.85 0.45 0.55 0.95 0.25 0.5 0.55 0.35 1.0 0.25 0.45 0.75 1.0 0.9 0.6 0.95 1.0 0.5 0.9 0.15 0.6 0.45 0.65 0.7 
-0.0006979300600424672 0.40761141993308164 0.3565794607952645 0.65 0.4 0.55 0.05 0.95 0.75 0.95 0.6 0.9 0.9 0.45 0.6 0.95 0.9 0.4 0.95 0.9 0.3 0.9 0.3 0.1 0.8 0.65 0.1 0.95 0.85 0.65 0.5 0.4 0.3 0.2 0.25 0.6 0.2 0.95 0.6 
-0.0425461483985633 0.4380121881572534 0.6583967900175834 0.1 0.3 0.35 0.6 0.4 1.0 1.0 0.0 0.15 0.15 0.65 0.05 0.2 0.25 0.7 0.65 0.9 0.45 0.85 0.25 0.15 0.3 0.7 0.9 0.95 0.65 0.65 0.9 0.4 0.5 0.75 0.25 0.5 0.35 0.8 0.05 
-0.042590509378804 0.4679350562412566 0.34425368027609504 0.65 0.0 0.55 0.35 0.45 0.5 0.95 0.6 0.9 0.15 0.95 0.25 0.95 0.9 0.4 0.95 0.9 0.3 0.65 0.3 0.9 0.8 0.65 0.1 0.25 0.85 0.75 0.5 0.7 0.3 0.9 0.2 0.7 0.9 0.95 0.85 
-0.044821539419975985 0.6299779268424364 0.3607467330496311 0.5 0.65 0.05 0.6 0.55 0.4 1.0 0.65 0.6 0.85 0.5 0.8 0.9 0.35 0.75 0.8 0.9 0.55 0.1 0.2 0.55 1.0 0.45 0.35 0.9 0.25 0.5 0.4 0.0 0.35 1.0 0.4 0.4 0.75 0.45 0.1 
-0.11573131377712506 0.4618697149381102 0.6954093908378319 0.25 0.2 0.35 0.2 0.4 0.55 1.0 0.0 0.15 0.15 0.8 0.35 0.3 0.05 0.5 0.9 0.9 0.45 1.0 0.25 0.15 0.3 0.7 0.55 0.95 0.7 0.35 0.9 0.4 0.5 1.0 0.25 0.5 0.5 0.8 0.6 
-0.006316883468827312 0.4190825210804915 0.36704319008908093 0.65 0.4 0.55 0.05 0.95 0.75 0.95 0.6 0.9 0.9 0.45 0.6 0.95 0.9 0.4 0.95 0.9 0.3 0.9 0.3 0.1 0.8 0.65 0.1 0.95 0.85 0.65 0.5 0.4 0.3 0.2 0.55 0.6 0.2 0.95 0.6 
-0.009709651414437548 0.42200507710561813 0.33897763199470443 0.05 0.2 0.15 0.05 1.0 0.95 0.95 0.6 0.9 0.2 0.7 0.65 0.95 0.9 0.4 0.95 0.9 0.3 0.9 0.3 0.1 0.0 0.65 0.1 0.95 0.85 0.65 0.5 0.4 0.3 0.7 0.3 0.65 0.3 0.95 0.6 
-0.03593695363717019 0.6627258496872899 0.3734395574032068 0.4 0.65 0.05 0.75 0.85 0.4 1.0 0.65 0.2 1.0 0.5 0.8 0.9 0.35 0.75 0.8 0.9 0.6 0.1 0.2 0.55 1.0 0.45 0.35 0.9 0.95 0.5 0.4 1.0 0.35 1.0 0.45 0.3 0.85 0.85 0.1 
-0.005942920330874678 0.6301355017647178 0.6293307870345998 0.75 0.25 0.5 0.35 0.7 0.9 0.75 0.05 0.4 0.25 0.55 0.0 0.85 0.45 0.55 0.95 0.25 0.5 0.55 0.35 1.0 0.25 0.7 0.75 1.0 0.9 0.6 0.95 1.0 0.5 0.85 0.15 0.6 0.45 0.65 0.7 
-0.1013646901595857 0.5678122245164361 0.6887856113087767 0.05 0.6 0.2 0.15 0.6 0.65 1.0 0.7 0.6 0.75 0.5 0.7 0.45 0.4 0.9 0.05 0.85 0.6 0.15 0.4 0.0 1.0 0.65 0.35 1.0 0.35 0.75 0.1 0.6 1.0 0.95 0.75 0.45 0.7 0.75 0.35 
-0.11605885493964163 0.39008904957013063 0.6856026780154183 0.75 0.3 1.0 0.2 0.9 0.0 1.0 0.0 0.15 0.15 0.85 0.35 0.4 0.95 0.6 0.9 0.9 0.45 1.0 0.25 0.15 0.0 0.2 0.55 0.95 0.65 0.4 0.9 0.4 0.5 1.0 0.25 0.5 0.5 0.8 0.65 
-0.01916992867372981 0.4548891689622024 0.35037779727842244 0.65 0.0 0.95 0.05 0.95 0.25 0.95 0.6 0.9 0.15 0.95 0.85 0.95 0.9 0.4 0.95 0.9 0.3 0.75 0.45 0.0 0.8 0.65 0.55 0.2 0.35 0.85 0.5 0.4 0.3 0.7 0.25 0.6 0.3 0.65 0.6 
-0.18483906616991405 0.3613927587693783 0.683898068668919 0.65 0.5 1.0 0.2 0.9 0.0 1.0 0.0 0.15 0.15 0.8 0.2 0.7 0.95 0.6 0.9 0.9 0.45 1.0 0.25 0.15 0.0 0.7 0.55 0.9 0.65 0.4 0.9 0.4 0.5 1.0 0.25 0.5 0.5 0.8 0.55 
-0.011512642616989092 0.3131263828252755 0.623354745834864 0.9 0.85 0.4 0.9 0.55 0.7 0.85 0.95 0.15 0.6 0.8 0.6 1.0 0.0 0.65 0.9 0.95 0.6 0.7 0.95 0.35 0.1 0.4 1.0 1.0 0.3 0.45 0.85 0.95 0.25 1.0 0.95 0.6 0.85 0.7 0.8 
-0.007204731595159575 0.4457472333373096 0.3214471882135611 0.65 0.4 0.55 0.05 0.95 0.75 0.95 0.6 0.9 0.15 0.45 0.6 0.95 0.9 0.4 0.95 0.9 0.3 0.9 0.3 0.1 0.8 0.65 0.1 0.95 0.85 0.65 0.5 0.4 0.3 0.2 0.25 0.6 0.2 0.95 0.6 
-0.002375403279076405 0.5009167742057585 0.7205740042109383 0.7 0.6 0.25 0.15 0.8 0.65 1.0 0.7 0.7 0.75 0.5 0.6 0.35 0.4 0.9 0.35 0.15 0.6 0.55 0.9 0.45 1.0 0.35 0.35 0.75 0.35 0.75 0.1 0.6 0.8 0.95 0.8 0.45 0.7 0.75 0.35 
-0.016780068845524482 0.6604465376563521 0.6025421575743587 1.0 0.25 0.95 0.35 0.7 0.9 0.95 0.05 0.4 0.2 0.75 0.65 0.85 0.45 0.3 0.8 0.25 0.5 0.55 0.35 0.55 0.8 0.45 0.75 1.0 0.9 0.6 0.95 1.0 0.5 0.9 0.15 0.6 0.35 0.65 0.7 
-0.02184253429229198 0.46172065282811753 0.32454977862108736 0.65 0.4 0.55 0.05 0.95 0.75 0.95 0.6 0.9 0.15 0.45 0.5 0.95 0.9 0.4 0.95 0.9 0.3 0.9 0.85 0.1 0.8 0.65 0.1 0.95 0.85 0.65 0.5 0.4 0.3 0.2 0.25 0.6 0.2 0.95 0.6 
-0.020038133040368875 0.39571544313812423 0.3528924081595374 0.4 0.2 0.15 0.05 1.0 0.95 0.95 0.6 0.9 0.2 0.7 0.2 0.95 0.9 0.4 0.95 0.9 0.3 0.9 0.3 0.1 0.0 0.65 0.1 0.95 0.85 0.65 0.5 0.4 0.3 0.7 0.3 0.6 0.3 0.95 0.2 
-0.033705010506502216 0.4349596691643642 0.3319348976484734 0.05 0.4 0.15 0.05 1.0 0.95 0.95 0.6 0.9 0.2 0.45 0.2 0.95 0.9 0.4 0.95 0.9 0.3 0.9 0.3 0.1 0.0 0.65 0.1 0.95 0.85 0.65 0.5 0.4 0.3 0.7 0.3 0.6 0.3 0.95 0.6 
-0.01794532371889077 0.6426565587149874 0.5840421807071555 0.75 0.25 0.1 0.35 0.7 0.65 0.95 0.0 0.4 0.45 0.75 0.65 0.85 0.45 0.3 0.95 0.25 0.5 0.55 0.35 0.5 0.45 0.45 0.75 1.0 0.9 0.85 0.45 1.0 0.5 0.9 0.15 0.6 0.45 0.65 0.7 
-0.049107689752603136 0.4938377841624397 0.32894770749481983 0.65 0.0 0.2 0.35 0.45 0.45 0.95 0.6 0.9 0.15 0.95 0.25 0.95 0.9 0.4 0.8 0.9 0.3 0.9 0.9 0.1 0.8 0.15 0.1 0.5 1.0 1.0 0.45 0.4 0.3 0.6 0.15 0.7 0.65 0.8 0.6 
-0.013431752716674813 0.5705467215431745 0.33639452295207684 0.0 0.65 0.05 1.0 0.65 0.4 0.95 0.65 0.25 0.8 0.5 0.8 0.9 0.4 0.75 0.8 0.9 0.6 0.3 0.55 0.8 0.55 0.7 0.7 0.15 0.65 0.8 0.5 0.05 0.35 1.0 0.45 0.8 0.95 0.85 0.1 
-0.01978570307647884 0.6593733730267921 0.583473311811149 1.0 0.25 0.7 0.35 0.7 0.9 0.95 0.05 0.4 0.2 0.75 0.65 0.85 0.45 0.3 0.75 0.25 0.5 0.55 0.35 0.55 0.8 0.45 0.75 1.0 0.9 0.6 0.95 1.0 0.5 0.8 0.15 0.6 0.35 0.65 0.7 
-9.344434573684556e-05 0.6905320216474887 0.5654342097399628 0.75 0.25 0.0 0.35 0.7 0.9 0.95 0.05 0.4 0.5 0.75 0.65 0.85 0.45 0.3 0.95 0.25 0.5 0.55 0.35 0.5 0.25 0.45 0.75 1.0 0.9 0.6 0.15 1.0 0.55 1.0 0.15 0.6 0.45 0.65 0.7 
-0.03481936036809953 0.6683397902452989 0.3943544538666112 0.6 0.0 0.25 1.0 0.45 0.4 1.0 0.65 0.2 1.0 0.5 0.8 0.85 0.4 0.75 0.8 0.9 0.6 0.05 0.2 0.6 1.0 0.35 0.35 0.65 0.7 0.9 0.5 0.15 0.25 1.0 0.45 0.3 1.0 0.5 0.1 
-0.010769049188495649 0.6422971360820284 0.6628497719639264 0.75 0.8 0.75 0.3 0.7 0.9 0.95 0.05 0.9 0.55 0.75 0.65 0.85 0.45 0.3 0.95 0.25 0.5 0.55 0.35 0.5 1.0 0.45 0.75 1.0 0.9 0.6 0.55 1.0 0.55 0.85 0.15 0.6 0.35 0.65 0.85 
-0.1009126928344942 0.48863221991167455 0.29107120463356095 0.95 0.0 0.2 0.35 0.45 0.5 0.95 0.6 0.9 0.15 0.95 0.25 0.95 0.9 0.4 0.8 0.9 0.3 0.9 0.3 0.9 0.7 0.15 0.1 0.95 0.85 0.75 0.5 0.7 0.3 0.9 0.2 0.55 0.55 0.8 0.6 
-0.007034890106658914 0.43125326949508463 0.6787665556471427 0.25 0.3 0.8 0.2 0.4 1.0 1.0 0.0 0.15 0.15 0.8 0.25 0.3 0.05 0.6 0.9 0.9 0.45 1.0 0.25 0.15 0.3 0.7 0.55 0.95 0.65 0.45 0.9 0.4 0.5 0.8 0.25 0.5 0.5 0.8 0.6 
-0.01898120276128774 0.5627829839745072 0.6967253816816629 0.05 0.6 0.2 0.15 0.8 0.05 0.95 0.7 0.35 0.75 0.5 0.7 0.85 0.4 0.9 0.25 0.0 0.6 0.55 0.9 0.0 1.0 0.25 0.35 1.0 0.35 0.75 0.1 0.6 1.0 0.95 0.75 0.45 0.7 0.75 0.35 
-0.2817052513698595 0.498214022846718 0.2971167468245828 0.65 0.0 0.2 0.35 0.45 0.45 0.95 0.6 0.9 0.15 0.95 0.25 0.95 0.9 0.4 0.8 0.9 0.3 0.9 0.9 0.1 0.8 0.15 0.1 0.95 1.0 0.75 0.45 0.4 0.3 0.9 0.15 0.7 0.65 0.8 0.6 
-0.12591699816031054 0.2647031919689522 0.5508227610499978 0.9 0.85 0.55 0.7 0.0 0.7 0.65 0.95 0.45 0.6 0.5 0.6 1.0 0.0 0.65 1.0 0.95 0.6 0.1 0.95 0.4 0.5 0.4 0.55 1.0 0.3 0.45 0.9 0.95 0.2 1.0 0.95 0.6 0.85 0.7 0.8 
-0.29304973981509824 0.45863648136386054 0.7182671108042364 0.25 0.3 0.35 0.2 0.4 1.0 1.0 0.0 0.15 0.15 0.8 0.35 0.3 0.05 0.6 0.9 0.9 0.45 1.0 0.25 0.15 0.3 0.7 0.55 0.95 0.7 0.35 0.9 0.4 0.5 1.0 0.25 0.5 0.5 0.8 0.6 
-0.0012429935669990427 0.3490763023928413 0.3729989838526854 0.5 0.65 0.6 0.8 0.9 0.55 1.0 0.55 0.65 0.9 0.8 0.6 0.85 0.0 0.65 0.45 1.0 0.6 0.3 0.0 0.95 0.1 0.4 0.45 0.9 0.35 0.45 0.85 0.95 0.35 1.0 0.95 0.6 0.85 0.7 0.65 
-0.10244545631801279 0.516944985110099 0.332426612433259 0.4 0.65 0.05 0.75 0.55 0.45 1.0 0.65 0.4 1.0 0.5 0.8 0.9 0.35 0.7 0.95 0.9 0.65 0.1 0.15 0.55 1.0 0.45 0.35 0.8 0.95 0.5 0.4 0.0 0.35 0.8 0.35 0.75 0.75 0.75 0.1 
-0.008565541758947201 0.28326173656617115 0.5186181774929074 0.05 0.85 0.1 0.3 0.95 0.3 0.55 0.55 0.75 0.5 0.8 0.6 1.0 0.0 0.65 0.5 0.05 0.6 0.3 0.7 0.35 0.1 0.1 0.6 0.9 0.3 0.6 0.85 0.95 0.3 1.0 0.95 0.6 0.95 0.7 0.8 
-0.010007477715908188 0.4845596025534858 0.32079033283738956 0.95 0.0 0.6 0.35 0.45 0.5 0.95 0.6 0.9 0.15 0.95 0.25 0.95 0.9 0.4 0.8 0.9 0.3 0.9 0.3 0.9 0.05 0.15 0.1 0.95 0.85 0.75 0.5 0.4 0.3 0.4 0.95 0.55 0.7 0.8 0.6 
-0.005653501556155086 0.6946767041057087 0.547894147445712 0.85 0.3 0.05 0.6 0.55 0.4 1.0 0.65 0.6 0.85 0.5 0.8 0.2 0.35 0.2 0.8 0.9 0.6 0.45 0.2 0.55 1.0 0.35 0.35 0.9 0.95 0.5 0.5 1.0 0.35 0.9 0.45 0.3 0.6 0.5 0.05 
-0.08418129880220702 0.5480628936703349 0.7137961902724056 0.65 0.6 0.2 0.15 0.6 0.65 0.85 0.7 0.6 0.75 0.5 0.7 0.2 0.0 0.9 0.35 0.0 0.6 0.55 0.75 0.35 1.0 0.35 0.35 1.0 0.35 0.75 0.1 0.6 1.0 0.95 0.75 0.45 0.7 0.75 0.35 
-0.0071741460049838295 0.32114534736149314 0.44838910998022835 0.05 0.65 0.6 0.8 0.9 0.3 1.0 0.6 0.65 0.5 0.8 0.4 1.0 0.0 0.65 0.6 1.0 0.6 0.3 0.7 0.05 0.1 0.4 0.45 0.9 0.25 0.5 0.85 0.95 0.35 1.0 0.95 0.7 0.95 0.7 0.65 
-0.05547931646110844 0.5453145110772561 0.3018619579827386 0.4 0.65 0.05 0.75 0.55 0.45 1.0 0.65 0.4 1.0 0.5 0.8 0.9 0.35 0.7 0.85 0.9 0.65 0.1 0.15 0.55 1.0 0.45 0.35 0.8 0.95 0.5 0.4 0.0 0.35 1.0 0.35 0.75 0.8 0.75 0.1 
-0.16329000510384944 0.33398172826505873 0.38123035412605916 0.65 0.0 0.55 0.35 0.45 0.5 0.95 0.6 0.9 0.4 0.95 0.25 0.95 0.9 0.4 0.8 0.9 0.3 0.9 0.3 0.1 0.8 0.65 0.1 0.6 0.85 0.75 0.5 0.15 0.3 0.9 0.25 0.75 0.9 0.95 0.6 
-0.00224725047123754 0.4308634455525805 0.3205483040148045 0.05 0.4 0.15 0.05 1.0 0.95 0.95 0.6 0.9 0.2 0.45 0.2 0.95 0.9 0.4 0.95 0.9 0.3 0.9 0.3 0.1 0.8 0.65 0.1 0.95 0.85 0.65 0.5 0.4 0.3 0.7 0.25 0.6 0.3 0.95 0.6 
-119.63900488199445 0.5224160723708011 0.2880319602704673 0.65 0.0 0.15 0.9 0.95 0.65 0.85 0.65 0.95 0.15 0.4 0.7 0.95 1.0 0.4 0.95 0.9 0.3 0.9 0.9 0.5 0.85 0.7 0.4 0.45 0.3 0.4 0.95 0.4 0.5 1.0 0.25 0.65 0.7 0.5 0.6 
-0.02695742175323342 0.2990969856093143 0.5801661738087642 0.9 0.85 0.4 0.9 0.55 0.7 0.85 0.95 0.15 0.6 0.8 0.6 1.0 0.0 0.65 0.9 0.95 0.6 0.7 0.95 0.35 0.1 0.4 1.0 1.0 0.3 0.45 0.9 0.95 0.25 1.0 0.95 0.6 0.7 0.7 0.8 
-0.06055957707622368 0.28187498071727746 0.5753342610624362 0.9 0.85 0.55 0.7 0.0 0.7 0.6 0.95 0.45 0.6 0.55 0.6 1.0 0.0 0.65 1.0 0.95 0.6 0.1 0.95 0.25 0.8 0.4 0.55 0.9 0.3 0.45 0.9 0.95 0.2 0.8 0.95 0.6 0.85 0.7 0.8 
-0.08330122456263868 0.28934546535338246 0.48556090252653633 0.05 0.85 0.1 0.3 0.95 0.3 0.55 0.55 0.75 0.5 0.8 0.6 1.0 0.0 0.65 0.35 1.0 0.6 0.3 0.7 0.35 0.1 0.4 0.6 0.9 0.3 0.45 0.85 0.95 0.3 1.0 0.95 0.6 0.85 0.7 0.8 
-0.04104325613940496 0.29113511624597743 0.47481759339280194 0.9 0.0 0.35 0.9 0.55 0.7 0.85 0.95 0.15 0.4 0.8 0.6 1.0 0.0 0.65 0.4 0.95 0.6 0.7 0.55 0.65 0.1 0.6 1.0 0.95 0.3 0.45 0.85 0.95 0.15 0.85 0.95 0.6 0.95 0.7 0.8 
-0.027767381702036274 0.2755090920185477 0.5237315614308542 0.9 0.85 0.4 0.9 0.55 0.7 0.85 0.95 0.15 0.6 0.8 0.6 1.0 0.0 0.65 0.9 0.95 0.6 0.7 0.95 0.35 0.1 0.4 1.0 1.0 0.3 0.45 0.9 0.95 0.25 1.0 0.95 0.6 0.85 0.7 0.8 
-0.024834502239988468 0.4388472377950426 0.3067533102321641 0.65 0.0 0.55 0.35 0.45 0.5 0.95 0.6 0.9 0.15 0.95 0.25 0.95 0.9 0.4 0.95 0.9 0.3 0.65 0.3 0.9 0.8 0.65 0.1 0.25 0.85 0.75 0.5 0.7 0.3 0.9 0.2 0.7 0.9 0.95 0.6 
-0.009264791205177434 0.6775974191531641 0.6034232449994705 0.75 0.25 0.0 0.35 0.7 0.9 0.95 0.05 0.4 0.5 0.75 0.65 0.7 0.45 0.3 0.95 0.25 0.5 0.55 0.35 0.5 0.25 0.45 0.75 1.0 0.9 0.6 0.15 1.0 0.5 1.0 0.15 0.6 0.45 0.65 0.7 
-0.023270933996519822 0.5463237745029051 0.3184042996968949 0.4 0.65 0.05 0.75 0.55 0.45 1.0 0.65 0.4 1.0 0.5 0.8 0.9 0.35 0.7 0.85 0.9 0.75 0.1 0.15 0.55 1.0 0.45 0.35 0.8 0.95 0.5 0.4 0.0 0.35 1.0 0.35 0.75 0.75 0.75 0.1 
-0.02551328592555228 0.6471117324505579 0.6437785740752011 0.75 0.25 0.5 0.35 0.7 0.9 0.95 0.05 0.4 0.55 0.75 0.65 0.85 0.45 0.3 0.95 0.25 0.5 0.55 0.35 0.5 0.25 0.45 0.75 1.0 0.9 0.6 0.45 1.0 0.5 0.9 0.15 0.6 0.45 0.65 0.7 
-0.03773753354216102 0.47769923239761963 0.30372347820964507 0.65 0.0 0.15 0.75 0.6 0.85 0.95 0.6 0.9 0.15 0.65 0.9 0.95 0.9 0.35 0.95 0.9 0.3 0.9 0.3 0.25 0.45 0.0 0.6 1.0 0.8 0.75 0.5 0.4 0.0 0.5 0.25 0.85 0.95 0.95 0.55 
-0.05682751226146869 0.36318166926629314 0.6600004122902758 0.65 0.5 1.0 0.2 0.9 0.0 1.0 0.0 0.15 0.15 0.8 0.35 0.7 0.95 0.6 0.9 0.9 0.45 1.0 0.25 0.15 0.0 0.7 0.55 0.9 0.65 0.4 0.9 0.4 0.5 1.0 0.25 0.5 0.35 0.8 0.55 
-0.08906652326168876 0.3051734057660772 0.4277850235000346 0.05 0.9 0.6 0.8 0.9 0.3 1.0 0.55 0.65 0.7 0.8 0.6 1.0 0.0 0.65 0.7 1.0 0.6 0.3 0.7 0.05 0.1 0.4 0.45 0.9 0.25 0.5 0.85 0.95 0.35 1.0 0.95 0.7 0.95 0.7 0.65 
-0.026940366578753542 0.5530475471414793 0.3390134097300054 0.95 0.65 0.05 0.75 0.55 0.65 1.0 0.65 0.5 0.4 0.5 0.8 0.95 0.35 0.7 0.8 0.9 0.6 0.1 0.15 0.1 0.15 0.45 0.4 1.0 0.95 0.5 0.4 0.0 0.35 1.0 0.35 0.75 0.75 0.75 0.1 
-0.20699694174680602 0.317978455869547 0.6321172845333927 0.9 0.85 0.55 0.9 0.0 0.7 0.6 0.95 0.45 0.6 0.55 0.6 1.0 0.0 0.65 1.0 0.95 0.6 0.1 0.95 0.25 0.8 0.4 0.55 1.0 0.3 0.45 0.7 0.95 0.2 1.0 0.95 0.6 0.85 0.7 0.8 
-0.0033322455106700646 0.7084203824035531 0.5127076906365785 0.25 0.65 0.05 0.6 0.85 0.4 1.0 0.65 0.6 1.0 0.5 0.8 0.9 0.35 0.75 0.8 0.75 0.6 0.1 0.65 0.55 1.0 0.35 0.9 0.9 0.95 0.5 0.45 1.0 0.35 0.85 0.45 0.3 0.75 0.5 0.1 
-0.004018244919030759 0.3927636710657771 0.306657306699729 0.65 0.0 0.55 0.35 0.6 0.5 0.95 0.6 0.9 0.15 0.95 0.3 0.95 0.9 0.4 0.95 0.9 0.3 0.9 0.3 0.1 0.1 0.25 0.1 0.9 0.85 0.75 0.5 0.65 0.1 0.9 0.25 0.6 0.9 0.95 0.6 
-0.027233451835225367 0.6892401176559594 0.5810538174473642 0.75 0.25 0.0 0.35 0.7 0.9 0.95 0.05 0.4 0.5 0.75 0.65 0.7 0.45 0.55 0.95 0.25 0.5 0.55 0.35 0.5 0.05 0.45 0.75 1.0 0.9 0.6 0.15 1.0 0.5 1.0 0.15 0.6 0.45 0.65 0.7 
-0.011454278167844445 0.31991756147529826 0.4017989375453676 0.05 0.65 0.6 0.3 0.9 0.6 1.0 0.5 0.65 0.7 0.8 0.6 1.0 0.0 0.65 0.6 1.0 0.6 0.3 0.7 0.7 0.0 0.3 0.05 0.9 0.25 0.5 0.85 0.0 0.35 1.0 0.85 0.4 0.75 0.7 0.75 
-0.023009662997566988 0.3566239412882888 0.3570650208890528 0.5 0.65 0.6 0.8 0.45 0.3 1.0 0.55 0.65 1.0 0.8 0.6 0.85 0.0 0.65 0.85 1.0 0.6 0.15 0.0 0.95 0.1 0.4 0.0 0.9 0.35 0.45 0.85 0.95 0.35 1.0 0.95 0.45 0.7 0.7 0.65 
-154.17803785615905 0.472036826393685 0.73924554588638 0.05 0.05 0.25 0.15 0.8 0.65 1.0 0.7 0.7 0.75 0.5 0.5 0.45 0.05 0.65 0.35 0.15 0.6 0.55 0.45 0.55 1.0 0.35 0.35 0.7 0.35 0.75 0.1 0.0 0.85 0.95 0.8 0.45 0.7 0.75 0.35 
-0.0025441830080053978 0.2888845835548385 0.6121345270972182 0.9 0.85 0.55 0.7 0.0 0.7 0.6 0.95 0.45 0.6 0.55 0.6 1.0 0.0 0.65 1.0 0.95 0.6 0.1 0.95 0.25 0.8 0.4 0.55 1.0 0.3 0.45 0.9 0.95 0.2 0.8 0.95 0.6 0.85 0.7 0.8 
-0.029724828974530805 0.3431910625269115 0.6446774033638667 0.65 0.3 1.0 0.2 0.9 0.0 1.0 0.0 0.15 0.15 0.3 0.35 0.7 0.95 0.6 0.9 0.9 0.45 1.0 0.25 0.15 0.1 0.7 0.55 0.9 0.65 0.4 0.9 0.4 0.5 1.0 0.25 0.5 0.9 0.8 0.6 
-0.03924401149160464 0.7065377006936383 0.5007701853399991 0.85 0.3 0.05 0.6 0.55 0.4 1.0 0.65 0.25 0.85 0.5 0.8 0.2 0.35 0.8 0.8 0.9 0.6 0.45 0.2 0.55 1.0 0.35 0.35 0.9 0.95 0.5 0.5 1.0 0.35 0.9 0.45 0.3 0.6 0.5 0.05 
-0.009068765956615092 0.7038270205266367 0.5190701592026256 0.85 0.3 0.05 0.6 0.55 0.4 1.0 0.65 0.6 0.85 0.5 0.8 0.2 0.35 0.8 0.8 0.9 0.6 0.45 0.2 0.55 1.0 0.35 0.35 0.9 0.95 0.5 0.5 1.0 0.35 0.9 0.45 0.3 0.6 0.5 0.05 
-0.06810825527053425 0.5622475708536266 0.2982081505093336 0.4 0.65 0.05 0.75 0.55 0.45 1.0 0.65 0.4 1.0 0.5 0.8 0.9 0.35 0.7 0.95 0.9 0.65 0.1 0.15 0.55 1.0 0.45 0.35 0.8 0.95 0.5 0.6 0.0 0.35 0.8 0.35 0.75 0.75 0.75 0.1 
-0.01877437447444768 0.3808965624897683 0.3119673096395811 0.65 0.0 0.15 0.75 0.6 0.85 0.95 0.6 0.9 0.15 0.65 0.9 0.95 0.9 0.35 0.95 0.9 0.3 0.9 0.3 0.25 0.45 0.0 0.6 1.0 0.85 0.75 0.45 0.4 0.0 0.95 0.25 0.85 0.95 0.95 0.55 
-0.06385395295051369 0.33276867447699376 0.3544807873017945 0.65 0.0 0.15 0.75 0.6 0.85 0.95 0.6 0.9 0.15 0.85 0.9 0.95 0.9 0.35 0.95 0.9 0.3 0.9 0.3 0.25 0.55 0.0 0.35 1.0 0.85 0.75 0.5 0.4 0.0 0.95 0.25 0.35 0.95 0.95 0.6 
-3.887381635512468 0.5020101320821426 0.7346340021394904 0.65 0.6 0.2 0.15 0.6 0.65 0.85 0.7 0.6 0.65 0.5 0.7 0.2 0.0 0.9 0.35 0.0 0.6 0.55 0.1 0.35 1.0 0.35 0.35 0.85 0.35 0.75 0.1 0.75 0.95 0.95 0.8 0.45 0.7 0.75 0.35 
-0.015692277285673652 0.38858645489837274 0.32516217677981263 0.5 0.65 0.6 0.8 0.9 0.3 1.0 0.55 0.65 0.2 0.8 0.6 1.0 0.0 0.65 0.45 1.0 0.6 0.3 0.0 0.95 0.1 0.4 0.45 0.9 0.35 0.45 0.85 0.95 0.35 1.0 0.95 0.6 0.7 0.7 0.65 
-0.16679967835074572 0.5369478685807908 0.738948138061422 0.05 0.6 0.3 0.25 0.8 0.65 0.9 0.7 0.55 0.75 0.5 0.6 0.9 1.0 0.75 0.2 0.15 0.5 0.55 0.55 0.45 0.35 0.35 0.35 0.75 0.35 0.75 0.1 0.15 1.0 0.95 0.8 0.45 0.7 0.75 0.35 
-1.0009806482038934 0.5530375539241433 0.29191836509304303 0.4 0.65 0.05 0.75 0.55 0.65 1.0 0.65 0.4 1.0 0.5 0.8 0.9 0.35 0.7 0.8 0.9 0.65 0.1 0.15 0.55 1.0 0.45 0.35 0.8 0.95 0.5 0.4 0.0 0.35 1.0 0.35 0.75 0.75 0.75 0.1 
-0.06485711510443673 0.2814474864168296 0.4612535185825821 0.9 0.85 0.55 0.7 0.0 0.7 0.6 0.95 0.45 0.6 0.55 0.6 1.0 0.95 0.65 1.0 0.95 0.6 0.15 0.95 0.25 0.8 0.15 0.55 1.0 0.3 0.45 0.9 0.95 0.2 1.0 0.95 0.6 0.85 0.7 0.8 
-0.09620450759869074 0.4400763636329672 0.28384632780942065 0.65 0.8 0.55 0.35 0.6 0.5 0.95 0.6 0.9 0.15 0.95 0.25 0.95 0.9 0.4 0.95 0.9 0.3 0.9 0.3 0.15 0.8 0.05 0.1 0.9 0.85 0.4 0.65 0.4 0.15 0.9 0.25 0.6 0.9 0.95 0.6 
-0.030431082336809925 0.6959266536538087 0.5584304742048642 0.75 0.25 0.5 0.35 0.7 0.9 0.95 0.05 0.4 0.3 0.75 0.65 0.95 0.45 0.25 0.95 0.25 0.5 0.55 0.35 0.1 0.95 0.45 0.75 1.0 0.9 0.6 0.1 1.0 0.5 1.0 0.15 0.6 0.45 0.65 0.7 
-0.05338592730980073 0.4772541619036905 0.2798558729955928 0.65 0.55 0.55 0.35 0.6 0.5 0.95 0.6 0.9 0.15 0.95 0.25 0.95 0.9 0.4 0.95 0.9 0.3 0.9 0.15 0.15 0.8 0.05 0.1 0.9 0.9 0.4 0.65 0.4 0.15 0.9 0.25 0.6 0.8 0.95 0.6 
-2.1322398601016532 0.4438917967549313 0.26193737448316623 0.65 0.55 0.55 0.35 0.6 0.5 0.95 0.6 0.9 0.15 0.95 0.25 0.95 0.9 0.4 0.95 0.9 0.3 0.9 0.3 0.15 0.8 0.05 0.1 0.9 0.85 0.4 0.65 0.4 0.15 0.9 0.25 0.6 0.8 0.95 0.6 
-0.022169341557490247 0.36250160338748083 0.3288895703299347 0.5 0.1 0.6 0.8 0.9 0.3 1.0 0.55 0.65 0.25 0.8 0.55 1.0 0.0 0.65 0.5 1.0 0.6 0.3 0.0 0.95 0.1 0.95 0.45 0.9 0.35 0.6 0.85 0.95 0.35 1.0 0.95 0.6 0.85 0.7 0.65 
-0.002028808898077084 0.4260593183220812 0.30296082588871764 0.65 0.0 0.55 0.35 0.6 0.5 0.95 0.6 0.9 0.15 0.95 0.25 0.85 0.9 0.4 0.95 0.9 0.3 0.9 0.3 0.1 0.8 0.65 0.1 0.95 0.85 0.75 0.5 0.65 0.1 0.9 0.25 0.6 0.9 0.95 0.6 
-0.008638785656163201 0.40651743366529813 0.33363079885562796 0.5 0.65 0.6 0.8 0.9 0.3 1.0 0.55 0.65 0.2 0.8 0.6 1.0 0.0 0.65 0.45 1.0 0.6 0.3 0.0 0.95 0.1 0.4 0.85 1.0 0.35 0.75 0.85 0.95 0.35 1.0 0.95 0.6 0.7 0.7 0.65 
-0.010913363077395655 0.4055853384098659 0.28160607132641446 0.65 0.0 0.55 0.75 0.6 0.85 0.95 0.6 0.9 0.15 0.0 0.9 0.95 0.9 0.35 0.95 0.9 0.3 0.9 0.3 0.25 0.55 0.0 0.35 1.0 0.85 0.75 0.5 0.4 0.0 0.95 0.25 0.8 0.95 0.95 0.6 
-0.9301055057987327 0.28349221184741835 0.603646684335509 0.9 0.85 0.55 0.7 0.0 0.7 0.6 0.95 0.45 0.6 0.55 0.6 1.0 0.0 0.65 1.0 0.95 0.6 0.1 0.95 0.25 0.8 0.4 0.55 1.0 0.3 0.45 0.9 0.95 0.2 0.8 0.95 0.6 0.9 0.7 0.8 
-0.0051262258344815775 0.3066268246779488 0.6351250690101462 0.9 0.85 0.55 0.7 0.0 0.7 0.9 0.95 0.45 0.6 0.55 0.6 1.0 0.0 0.75 1.0 0.95 0.6 0.45 0.95 0.25 0.8 0.4 0.55 1.0 0.3 0.45 0.9 0.95 0.2 1.0 0.95 0.6 0.35 0.7 0.8 
-0.13509372006420964 0.42852403073276846 0.7134840719659834 0.65 0.3 0.35 0.2 0.9 0.0 1.0 0.0 0.15 0.15 0.8 0.35 0.3 0.95 0.6 0.9 0.9 0.45 1.0 0.25 0.15 0.0 0.7 0.55 0.95 0.65 0.45 0.9 0.4 0.5 1.0 0.25 0.5 0.5 0.8 0.6 
-0.035831609954470524 0.4110824262655389 0.26275290921283856 0.65 0.0 0.15 0.75 0.6 0.5 0.95 0.6 0.9 0.15 0.65 0.9 0.95 0.9 0.35 0.95 0.9 0.3 0.9 0.3 0.25 0.35 0.0 0.6 1.0 0.85 0.75 0.5 0.4 0.0 0.9 0.25 0.5 0.9 0.95 0.6 
-0.4170367030907501 0.5911700859887747 0.6944368880171417 0.05 0.6 0.25 0.15 0.05 0.65 1.0 0.7 0.3 0.75 0.5 0.6 0.95 1.0 0.55 0.2 0.6 0.6 0.45 0.6 0.45 1.0 0.35 0.35 0.75 0.35 0.75 0.1 0.7 1.0 0.95 0.8 0.45 0.7 0.75 0.35 
-0.051626065127234194 0.7037358929248907 0.5426597766780362 0.75 0.25 0.5 0.35 0.7 0.9 0.95 0.05 0.4 0.55 0.75 0.65 0.95 0.45 0.25 0.95 0.25 0.5 0.55 0.35 0.1 0.95 0.45 0.75 1.0 0.9 0.6 0.1 1.0 0.5 1.0 0.15 0.6 0.45 0.65 0.7 
-0.04285111620498853 0.6799894937570835 0.36900772701297446 0.4 0.3 0.05 0.6 1.0 0.6 1.0 0.65 0.6 0.85 0.5 0.8 0.8 0.35 0.75 0.8 0.9 0.6 0.0 0.2 0.55 1.0 0.2 0.35 0.9 0.05 0.5 0.5 0.05 0.35 1.0 0.45 0.6 0.6 0.5 0.1 
-0.1420670055053538 0.7164067385481734 0.4245536238187472 0.4 0.65 0.05 0.05 0.85 0.4 1.0 0.65 0.4 0.95 0.5 0.8 0.9 0.35 0.95 0.8 0.9 0.7 0.1 0.2 0.55 1.0 0.55 0.35 0.9 0.95 0.5 0.45 1.0 0.35 0.85 0.45 0.3 0.7 0.45 0.05 
-0.016937081714062757 0.6856893543023167 0.3691016069580696 0.4 0.65 0.05 0.75 0.85 0.4 1.0 0.65 0.4 1.0 0.5 0.8 0.9 0.35 0.75 0.4 0.9 0.6 0.75 0.2 0.55 0.25 0.45 0.35 0.9 0.95 0.5 0.65 1.0 0.35 0.7 0.45 0.75 0.75 0.45 0.1 
-0.02928799008337548 0.6837864425857866 0.40025157742427125 0.4 0.65 0.05 0.6 0.85 0.4 1.0 0.65 0.6 0.95 0.5 0.8 0.9 0.35 0.75 0.4 0.9 0.6 0.1 0.0 0.55 0.95 0.45 0.35 0.9 0.95 0.5 0.5 1.0 0.35 0.85 0.45 0.8 0.5 0.45 0.1 
-0.29699639771435 0.26521012246636044 0.5941756260841948 0.9 0.85 0.55 0.7 0.0 0.7 0.9 0.95 0.45 0.6 0.55 0.6 1.0 0.0 0.65 1.0 0.95 0.6 0.1 0.95 0.25 0.8 0.4 0.55 1.0 0.3 0.45 0.9 0.95 0.2 1.0 0.95 0.6 0.85 0.7 0.8 
-1.5809512211164234 0.4661915532087791 0.25594341117056174 0.65 0.8 0.55 0.35 0.6 0.5 0.95 0.6 0.9 0.15 0.95 0.25 0.95 0.9 0.4 0.95 0.9 0.3 0.9 0.3 0.15 0.8 0.05 0.1 0.9 0.85 0.65 0.65 0.4 0.15 0.55 0.25 0.6 0.9 0.95 0.6 
-0.2318382398671032 0.6963004437898108 0.5933392734628082 0.75 1.0 0.0 0.55 0.7 0.9 0.95 0.05 0.65 0.45 0.75 0.65 0.85 0.45 0.35 0.95 0.25 0.5 0.55 0.3 0.5 0.25 0.45 0.75 1.0 0.9 0.6 0.15 1.0 0.5 1.0 0.15 0.6 0.5 0.65 0.7 
-0.048951625639045135 0.7109642862636693 0.4529737409252298 0.4 0.65 0.05 0.75 0.85 0.4 1.0 0.65 0.2 1.0 0.5 0.8 0.9 0.35 0.7 0.8 0.9 0.6 0.05 0.9 0.25 1.0 0.9 0.35 0.9 1.0 0.5 0.4 0.15 0.5 1.0 0.45 0.3 0.8 0.85 0.1 
-0.030482508648087832 0.5666175020900039 0.311978760834692 0.4 0.65 0.05 0.75 0.55 0.4 0.8 0.65 0.65 1.0 0.5 0.8 0.9 0.35 0.7 0.8 0.9 0.6 0.1 0.2 0.55 1.0 0.45 0.35 0.9 0.95 0.5 0.6 0.15 0.65 1.0 0.35 0.8 0.75 0.75 0.1 
-0.023028155978031938 0.425509002897854 0.2832883110605092 0.65 0.0 0.55 0.35 0.6 0.5 0.95 0.6 0.9 0.15 0.95 0.25 0.95 0.9 0.4 0.95 0.9 0.3 0.9 0.3 0.1 0.8 0.65 0.1 0.95 0.85 0.75 0.5 0.65 0.1 0.9 0.25 0.6 0.9 0.95 0.6 
-0.3339037860885944 0.41418826211540555 0.2598315399787944 0.65 0.0 0.15 0.75 0.6 0.5 0.95 0.6 0.9 0.15 0.65 0.9 0.95 0.9 0.35 0.95 0.9 0.3 0.9 0.3 0.25 0.55 0.0 0.6 1.0 0.85 0.75 0.5 0.4 0.0 0.9 0.25 0.65 0.9 0.95 0.6 
-0.06543459704532285 0.2798568261597648 0.41093629976719465 0.65 0.0 0.55 0.35 0.45 0.5 0.95 0.6 0.9 0.15 0.95 0.7 0.95 0.9 0.4 0.85 0.9 0.3 0.9 0.3 0.35 0.8 0.65 0.1 0.95 0.85 0.8 0.5 0.15 0.3 0.9 0.25 0.7 0.85 0.95 0.6 
-0.027093038068266035 0.6484337152472208 0.6882904308679422 0.05 0.9 0.0 0.65 0.7 0.9 1.0 0.05 0.35 0.45 0.7 0.65 0.8 0.45 0.35 0.95 0.25 0.5 0.1 0.35 0.5 0.25 0.45 0.75 1.0 0.9 0.6 0.35 0.9 0.5 1.0 0.15 0.6 0.5 0.65 0.7 
-0.10399548107867222 0.6541023100043355 0.6633209594495557 0.05 0.9 0.0 0.65 0.7 0.9 1.0 0.05 0.35 0.45 0.7 0.65 0.8 0.45 0.35 0.95 0.25 0.5 0.55 0.35 0.5 0.25 0.45 0.75 1.0 0.9 0.6 0.5 0.9 0.5 1.0 0.15 0.6 0.5 0.65 0.7 
-0.08536467081342942 0.4195770682316202 0.7105745705450184 0.65 0.3 1.0 0.2 0.9 0.0 1.0 0.0 0.15 0.15 0.8 0.55 0.4 0.95 0.6 0.9 0.9 0.45 0.15 0.25 0.15 0.0 0.7 0.55 0.9 0.65 0.4 0.9 0.4 0.5 1.0 0.25 0.5 0.5 0.8 0.6 
-0.02602847314129139 0.37181076312948924 0.2948506385721782 0.65 0.0 0.55 0.75 0.6 0.85 0.95 0.6 0.9 0.2 0.0 0.9 0.95 0.9 0.35 0.95 0.9 0.3 0.9 0.3 0.25 0.55 0.0 0.35 1.0 0.85 0.75 0.5 0.4 0.0 0.95 0.25 0.8 0.95 0.95 0.6 
-118.2968552080353 0.5372291644423669 0.2732033588535482 0.3 0.0 0.15 0.9 0.95 0.65 0.85 0.65 0.95 0.25 0.4 0.7 0.95 1.0 0.4 0.95 0.9 0.3 0.6 0.9 0.5 0.85 0.25 0.4 0.3 0.55 0.4 0.95 0.4 0.5 1.0 0.25 0.65 0.7 0.5 0.6 
-0.059374474744103935 0.7146406992872371 0.47918203851775715 0.9 0.65 0.05 0.6 0.85 0.4 1.0 0.65 0.3 0.95 0.5 0.8 0.9 0.35 0.75 0.8 0.75 0.6 0.1 0.2 0.55 1.0 0.45 0.35 0.9 0.95 0.5 0.5 1.0 0.35 0.85 0.45 0.3 0.75 0.4 0.1 
-0.12289032324316501 0.27461848461582705 0.4315449713301508 0.65 0.0 0.55 0.35 0.45 0.5 0.95 0.6 0.9 0.15 1.0 0.7 0.95 0.9 0.4 0.85 0.9 0.3 0.9 0.3 0.35 0.8 0.65 0.1 0.95 0.85 0.8 0.5 0.15 0.3 0.9 0.25 0.7 0.85 0.95 0.6 
-0.3314942910948521 0.2614589635832514 0.5655255219206687 0.9 0.85 0.55 0.7 0.0 0.7 0.6 0.95 0.45 0.6 0.5 0.6 1.0 0.0 0.65 1.0 0.95 0.6 0.1 0.95 0.25 0.8 0.4 0.55 1.0 0.3 0.45 0.9 0.95 0.2 1.0 0.95 0.6 0.85 0.7 0.8 
-0.06907044220225729 0.3471262086298095 0.3210182700720524 0.65 0.0 0.55 0.1 0.55 0.85 0.95 0.6 0.9 0.2 0.0 0.9 0.95 0.9 0.35 0.95 0.9 0.3 0.9 0.3 0.25 0.55 0.0 0.35 1.0 0.85 0.75 0.5 0.4 0.0 0.95 0.25 0.8 0.95 0.95 0.25 
-0.23077079371149262 0.49318096586549665 0.2600244730487876 0.95 0.5 0.2 0.35 0.45 0.5 0.95 0.6 0.9 0.15 0.95 0.2 0.95 0.9 0.4 0.8 0.9 0.3 0.9 0.3 0.9 0.7 0.15 0.1 0.95 0.85 0.5 0.5 0.45 0.3 0.95 0.2 0.7 0.55 0.8 0.6 
-6.134497680545491 0.49135194199999127 0.2462120489388469 0.95 0.0 0.2 0.35 0.45 0.5 0.95 0.6 0.9 0.15 0.95 0.2 0.95 0.9 0.4 0.8 0.9 0.3 0.9 0.3 0.9 0.7 0.15 0.1 0.95 0.85 0.5 0.5 0.4 0.3 0.9 0.2 0.55 0.55 0.8 0.6 
-0.17200997135029988 0.38380189932385467 0.2880130363331753 0.65 0.0 0.55 0.55 0.95 0.75 0.95 0.6 0.9 0.15 0.95 0.25 0.95 0.9 0.4 0.95 0.9 0.3 0.9 0.3 0.1 0.8 0.65 0.1 0.95 0.85 0.65 0.5 0.35 0.3 0.55 0.25 0.6 1.0 0.95 0.6 
-0.004763072328407858 0.2651694511407663 0.4941035647765733 0.05 0.85 0.95 0.3 0.95 0.3 1.0 0.55 0.7 0.5 0.8 0.6 1.0 0.0 0.65 0.5 1.0 0.6 0.3 0.25 0.7 0.1 0.55 0.8 0.9 0.3 0.5 0.85 0.95 0.3 1.0 0.95 0.6 0.5 0.7 0.8 
-9.980309447132472 0.48515335144118155 0.2332514262472391 0.95 0.0 0.2 0.35 0.45 0.5 0.95 0.6 0.9 0.15 0.95 0.2 0.95 0.9 0.4 0.8 0.9 0.3 0.9 0.3 0.9 0.7 0.15 0.1 0.95 0.85 0.5 0.5 0.4 0.3 0.95 0.2 0.55 0.55 0.8 0.6 
-0.032973478686863796 0.6847631731012018 0.6434787992704716 0.25 1.0 0.0 0.9 0.7 0.9 1.0 0.05 0.45 0.45 0.7 0.65 0.85 0.45 0.35 0.85 0.25 0.5 0.55 0.35 0.5 0.25 0.45 0.75 1.0 0.9 0.6 0.15 1.0 0.5 1.0 0.15 0.6 0.5 0.65 0.7 
-0.051387250951023256 0.7311419069475169 0.42631678140845075 0.4 0.65 0.05 0.6 0.85 0.4 1.0 0.65 0.6 0.95 0.5 0.8 0.9 0.35 0.75 0.4 0.9 0.6 0.1 0.0 0.55 0.1 0.45 0.35 0.9 0.95 0.5 0.5 1.0 0.35 0.85 0.45 0.3 0.5 0.45 0.1 
-0.09253424495678848 0.6594873190251244 0.6590390961829364 0.75 0.25 0.0 0.35 0.7 0.9 0.95 0.05 0.4 0.5 0.75 0.65 0.85 0.45 0.35 0.95 0.25 0.5 0.55 0.35 0.5 0.25 0.45 0.75 1.0 0.9 0.6 0.15 1.0 0.7 1.0 0.15 0.6 0.8 0.65 0.7 
-0.2117970213067232 0.3095317507789158 0.3887284947273531 0.65 0.0 0.55 0.35 0.45 0.5 0.95 0.6 0.9 0.4 0.95 0.25 0.95 0.9 0.4 0.8 0.9 0.3 0.9 0.3 0.1 0.8 0.65 0.1 0.95 0.85 0.75 0.5 0.15 0.3 0.9 0.25 0.7 0.9 0.95 0.6 
-14.493798562135837 0.46060306239904086 0.22745801874017607 0.95 0.0 0.2 0.35 0.45 0.5 0.95 0.6 0.9 0.15 0.95 0.2 0.95 0.9 0.4 0.8 0.9 0.3 0.9 0.3 0.9 0.7 0.15 0.1 0.95 0.85 0.5 0.5 0.4 0.35 0.9 0.2 0.55 0.55 0.8 0.6 
-0.13042563516258052 0.6524613046908218 0.34714173752533006 0.4 0.3 0.05 0.6 1.0 0.6 1.0 0.65 0.6 0.8 0.5 0.8 0.8 0.35 0.75 0.8 0.9 0.6 0.0 0.2 0.55 1.0 0.2 0.25 0.9 0.05 0.5 0.5 0.05 0.35 1.0 0.45 0.6 0.8 0.5 0.1 
-0.0012108954571434945 0.7518265288208679 0.3960774601756285 0.85 0.3 0.05 0.6 0.55 0.4 1.0 0.65 0.25 0.85 0.5 0.8 1.0 0.35 0.8 0.8 0.9 0.6 0.45 0.2 0.55 1.0 0.35 0.35 0.9 0.95 0.5 0.5 1.0 0.35 0.9 0.45 0.3 0.6 0.5 0.05 
-0.6343250601595483 0.7765083685232117 0.38242557858758847 0.85 0.75 0.05 0.6 0.55 0.4 1.0 0.65 0.75 0.85 0.5 0.8 1.0 0.35 0.7 0.8 0.9 0.6 0.45 0.9 0.55 1.0 0.35 0.35 0.9 0.95 0.5 0.5 1.0 0.35 0.9 0.45 0.3 0.6 0.5 0.05 
-0.00897614894466881 0.752747157556817 0.44999098966749823 0.4 0.65 0.05 0.75 0.95 0.4 1.0 0.65 0.6 1.0 0.5 0.8 1.0 0.35 0.7 0.8 0.1 0.75 0.1 0.2 0.55 0.0 0.45 0.35 0.85 0.95 0.5 0.7 1.0 0.35 1.0 0.45 0.3 0.75 0.45 0.1 
-0.6530282958930886 0.27196739787001545 0.43012508723280557 0.65 0.0 0.55 0.35 0.45 0.5 0.95 0.6 0.9 0.15 0.0 1.0 0.85 0.95 0.4 0.8 0.9 0.3 0.9 0.3 0.1 0.8 0.65 0.1 0.95 0.85 0.75 0.5 0.15 0.3 0.9 0.25 0.7 1.0 0.95 0.6 
-0.09443887793151728 0.717438811657539 0.43424227311447805 0.4 0.65 0.05 0.75 0.85 0.4 1.0 0.65 0.2 1.0 0.5 0.8 0.85 0.35 0.7 0.8 0.9 0.6 0.05 0.9 0.25 1.0 0.9 0.35 0.9 1.0 0.5 0.4 0.15 0.5 1.0 0.45 0.3 0.8 0.85 0.1 
-0.0020874701051446097 0.727553551885261 0.4557996730914261 0.4 0.65 0.05 0.6 0.85 0.4 1.0 0.65 0.9 0.95 0.5 0.8 0.9 0.35 0.75 0.8 0.9 0.7 0.1 0.2 0.55 1.0 0.45 0.35 0.9 0.95 0.5 0.5 1.0 0.35 0.85 0.45 0.3 0.75 0.45 0.1 
-0.046960559133088116 0.7300114050006743 0.37947150068793845 0.85 0.3 0.05 0.6 0.55 0.4 1.0 0.65 0.25 0.85 0.5 0.8 1.0 0.35 0.8 0.8 0.9 0.6 0.45 0.2 0.55 1.0 0.35 0.35 0.95 0.95 0.5 0.5 1.0 0.35 0.9 0.45 0.3 0.6 0.5 0.05 
-0.10893853141749951 0.727770200049673 0.34322494484530336 0.25 0.65 0.05 0.6 0.85 0.4 1.0 0.65 0.6 1.0 0.5 0.8 0.9 0.35 0.75 0.8 0.9 0.6 0.1 0.2 0.55 1.0 0.35 0.35 0.9 0.95 0.5 0.45 1.0 0.35 0.85 0.45 0.3 0.75 0.5 0.1 
-0.1826522254798887 0.7643499827452667 0.45731985000065095 0.4 0.65 0.05 0.6 0.55 0.4 1.0 0.65 0.45 0.85 0.5 0.8 0.85 0.35 0.75 0.85 0.9 0.6 0.1 0.2 0.55 1.0 0.0 0.35 0.9 0.95 0.5 0.5 1.0 0.35 0.9 0.45 0.3 0.55 0.5 0.1 
-0.12300721958319952 0.7400772602859008 0.3691963104669792 0.4 0.65 0.05 0.75 0.3 0.4 1.0 0.65 0.5 1.0 0.5 0.8 0.95 0.35 0.75 0.8 0.9 0.6 0.1 0.2 0.55 1.0 0.1 0.35 0.95 0.95 0.5 0.4 1.0 0.35 0.95 0.45 0.45 0.75 0.45 0.1 
-0.07796729753777541 0.6338187120580321 0.34678155887368595 0.4 0.65 0.05 0.15 0.85 0.4 1.0 0.65 0.55 1.0 0.5 0.85 0.9 0.35 0.75 0.8 0.9 0.6 0.1 0.2 0.55 0.7 1.0 0.35 0.9 0.95 0.5 0.5 0.05 0.35 1.0 0.45 0.75 0.75 0.45 0.05 
-0.09397488710513952 0.2623886422093801 0.5005226039936086 0.05 0.65 0.25 0.8 0.9 0.3 1.0 0.5 0.65 0.7 0.8 0.6 1.0 0.0 0.65 0.6 1.0 0.6 0.3 0.7 0.6 0.0 0.8 0.05 0.9 0.25 0.35 0.85 0.95 0.35 1.0 0.95 0.4 0.75 0.7 0.75 
-0.06091944993389607 0.6691048891198478 0.32912221904708416 0.4 0.65 0.05 0.9 0.85 0.4 1.0 0.65 0.4 0.95 0.5 0.8 0.9 0.35 0.75 0.8 0.9 0.6 0.1 0.2 0.55 1.0 0.45 0.35 0.9 0.95 0.5 0.5 1.0 0.35 0.85 0.45 0.75 0.75 0.5 0.1 
-0.06697765282670869 0.75757846831744 0.47660141067935446 0.4 0.65 0.05 0.75 0.85 0.4 0.95 0.65 0.5 1.0 0.5 0.8 0.9 0.35 0.75 0.8 0.1 0.75 0.1 0.2 0.55 1.0 0.45 0.35 0.9 0.95 0.5 0.7 1.0 0.35 1.0 0.45 0.3 0.75 0.45 0.1 
-0.016443250554265543 0.6328191983711345 0.3296618637881483 0.4 0.65 0.05 0.75 0.55 0.4 0.9 0.65 0.65 1.0 0.5 0.8 0.9 0.35 0.7 0.8 0.9 0.6 0.1 0.2 0.55 1.0 0.45 0.35 0.9 0.95 0.5 0.4 0.0 0.35 1.0 0.35 0.25 0.75 0.75 0.1 
-0.022881114120100313 0.7367795320646288 0.5386734736426141 0.4 0.65 0.05 0.75 0.55 0.4 0.85 0.65 0.75 1.0 0.5 0.8 0.9 0.35 0.7 0.8 0.9 0.6 0.1 0.2 0.55 0.4 0.45 0.35 0.9 0.95 0.5 0.4 0.0 0.35 1.0 0.45 0.3 0.4 0.45 0.1 
-0.09319423423927654 0.7417390168619236 0.4910146249905562 0.4 0.65 0.05 0.75 0.5 0.95 0.95 0.65 0.45 1.0 0.5 0.8 0.9 0.35 0.75 0.6 0.15 0.75 0.65 0.2 0.55 1.0 0.45 0.35 0.9 0.95 0.5 0.9 0.05 0.35 1.0 0.45 0.25 0.75 0.45 0.0 
-0.13841374242723914 0.6631972865161957 0.32608700185567596 0.4 0.65 0.05 0.75 0.85 0.4 1.0 0.65 0.4 1.0 0.5 0.8 0.9 0.35 0.75 0.8 0.9 0.6 0.1 0.2 0.55 1.0 0.45 0.35 0.9 0.95 0.5 0.5 1.0 0.35 0.85 0.45 0.75 0.75 0.45 0.1 
-0.04371189790085193 0.7197492871343878 0.5686581544477389 0.4 0.75 0.05 0.75 0.5 0.95 0.85 0.65 0.35 1.0 0.5 0.8 0.9 0.35 0.75 0.65 0.15 0.75 0.65 0.2 0.95 1.0 0.45 0.35 0.95 0.95 0.5 0.7 0.05 0.35 1.0 0.45 0.25 0.75 0.45 0.1 
-0.059276817393321656 0.7146400285608626 0.341909786578817 0.4 0.65 0.05 0.6 0.4 0.4 1.0 0.65 0.4 0.95 0.5 0.8 0.9 0.35 0.75 0.8 0.9 0.7 0.1 0.2 0.55 0.15 0.45 0.35 0.9 0.95 0.5 0.5 1.0 0.35 0.65 0.45 0.3 0.75 0.45 0.1 
-0.04723700719367092 0.27942980207809154 0.4210219558664846 0.65 0.0 0.55 0.35 0.45 0.5 0.95 0.6 0.9 0.15 0.95 0.7 0.95 0.9 0.4 0.85 0.9 0.3 0.9 0.3 0.35 0.8 0.65 0.0 0.8 0.85 0.8 0.5 0.15 0.3 0.9 0.25 0.7 0.9 0.95 0.6 
-0.2013248746637886 0.6965769784916785 0.323324584298354 0.4 0.3 0.05 0.6 0.55 0.4 1.0 0.65 0.3 0.85 0.5 0.8 0.9 0.35 0.75 0.8 0.9 0.6 0.1 0.2 0.55 1.0 0.35 0.35 0.9 0.95 0.5 0.5 1.0 0.35 0.85 0.45 0.3 0.95 0.5 0.1 
-14.488444666903531 0.4498051185408779 0.2360536390784725 0.65 0.0 0.15 0.75 0.6 0.5 0.95 0.6 0.9 0.2 0.65 0.9 0.95 0.9 0.35 0.95 0.9 0.3 0.9 1.0 0.25 0.75 0.0 0.6 1.0 0.85 0.75 0.5 0.4 0.15 0.9 0.25 0.65 0.9 0.95 0.6 
-0.03514703868163038 0.7333811428894281 0.47830637517738206 0.4 0.65 0.05 0.6 0.85 0.4 1.0 0.65 0.9 0.95 0.5 0.8 0.9 0.35 0.75 0.8 0.9 0.7 0.1 0.2 0.55 1.0 0.45 0.35 0.95 0.95 0.5 0.5 1.0 0.35 0.85 0.45 0.3 0.75 0.45 0.1 
-0.15608561997346057 0.2858245464122394 0.3831071746924212 0.05 0.65 0.6 0.2 0.9 0.3 1.0 0.5 0.65 0.85 0.8 0.9 1.0 0.9 0.65 0.6 1.0 0.6 0.3 0.7 0.9 0.7 0.8 0.9 0.9 0.25 0.5 0.85 0.95 0.35 1.0 0.95 0.3 1.0 0.7 0.65 
-0.13135179344253126 0.7068647490710838 0.33749097668066963 0.4 0.3 0.05 0.6 0.55 0.4 0.95 0.65 0.75 0.95 0.5 0.8 0.9 0.35 0.75 0.8 0.9 0.6 0.1 0.2 0.0 0.3 0.35 0.35 0.65 0.95 0.5 0.5 1.0 0.35 0.85 0.45 0.3 0.75 0.5 0.1 
-0.15271844085188183 0.693735993146987 0.3620505505183872 0.4 0.65 0.05 0.6 0.85 0.4 1.0 0.65 0.6 0.95 0.5 0.8 0.9 0.35 0.75 0.4 0.9 0.6 0.1 0.0 0.55 0.1 0.45 0.35 0.9 0.95 0.5 0.5 1.0 0.35 0.85 0.45 0.3 0.75 0.45 0.1 
-0.018569854057397722 0.6938728957031528 0.3430949636179174 0.25 0.65 0.05 0.6 0.85 0.4 1.0 0.65 0.6 1.0 0.5 0.8 0.9 0.35 0.75 0.8 0.9 0.6 0.1 0.2 0.55 1.0 0.35 0.35 0.9 0.95 0.5 0.5 1.0 0.35 0.85 0.55 0.3 0.75 0.4 0.1 
-0.30653237906405706 0.7261641533302379 0.4083009743935041 0.4 0.65 0.05 0.75 0.95 0.4 1.0 0.65 0.4 1.0 0.5 0.75 1.0 0.35 0.75 0.8 0.1 0.75 0.1 0.2 0.55 0.0 0.45 0.35 0.85 0.95 0.5 0.7 1.0 0.35 0.9 0.45 0.3 0.8 0.45 0.1 
-0.06501798102230355 0.7390632650412438 0.3784927697313934 0.4 0.65 0.05 0.75 0.85 0.4 1.0 0.65 0.5 1.0 0.5 0.8 0.95 0.35 0.75 0.8 0.9 0.6 0.1 0.2 0.6 1.0 0.1 0.35 1.0 0.95 0.5 0.4 1.0 0.35 0.8 0.45 0.45 0.75 0.45 0.1 
-0.026381494966673448 0.7433205070135644 0.5211331056192526 0.4 0.65 0.75 0.75 0.55 0.4 0.95 0.65 0.75 0.95 0.5 0.8 0.9 0.35 0.75 0.8 0.9 0.6 0.1 0.8 0.75 1.0 0.45 0.35 0.9 0.95 0.5 0.4 0.0 0.35 1.0 0.45 0.3 0.4 0.4 0.1 
-2.0248333809818004 0.39340433316194073 0.24674314565203764 0.65 0.0 0.15 0.75 0.6 0.5 0.95 0.6 0.9 0.2 0.65 0.9 0.95 0.9 0.35 0.9 0.9 0.3 0.55 0.3 0.25 1.0 0.0 0.6 1.0 0.85 0.75 0.5 0.4 0.0 0.95 0.25 0.3 0.9 0.95 0.6 
-0.01735636006924135 0.38913901295764797 0.25401828750131705 0.65 0.0 0.15 0.75 0.6 0.5 0.95 0.6 0.9 0.2 0.65 0.9 0.95 0.9 0.35 0.95 0.9 0.3 0.9 0.3 0.25 1.0 0.0 0.6 1.0 0.85 0.75 0.5 0.4 0.0 0.95 0.25 0.6 0.9 0.95 0.6 
-5.881218524246299 0.25781223834278966 0.538675293776325 0.9 0.15 0.55 0.9 0.55 0.7 1.0 0.95 0.15 0.6 0.8 0.6 1.0 0.0 0.65 0.75 0.95 0.55 0.8 0.95 0.35 0.2 0.4 0.4 1.0 0.3 0.45 0.65 0.95 0.25 1.0 0.95 0.7 0.8 0.7 0.8 
-0.24909070930086208 0.7755341440449894 0.368088855278632 0.4 0.3 0.05 0.6 0.55 0.4 1.0 0.65 0.6 0.85 0.5 0.8 1.0 0.35 0.7 0.8 0.9 0.6 0.7 0.2 0.55 1.0 0.35 0.35 0.9 0.95 0.5 0.45 1.0 0.35 0.9 0.45 0.3 0.6 0.5 0.1 
-0.11862677345009505 0.7683935155848114 0.39928597261432475 0.4 0.3 0.05 0.6 0.55 0.4 1.0 0.65 0.45 0.85 0.5 0.8 0.9 0.35 0.75 0.8 0.9 0.6 0.1 0.2 0.55 1.0 0.35 0.35 0.9 0.95 0.5 0.5 1.0 0.35 0.85 0.45 0.3 0.6 0.5 0.1 
-0.4205482770302316 0.6715083083188352 0.3162121514148012 0.4 0.65 0.05 0.75 0.85 0.4 1.0 0.65 0.4 1.0 0.5 0.8 0.9 0.35 0.75 0.8 0.9 0.6 0.1 0.2 0.55 0.7 0.45 0.35 0.9 0.95 0.5 0.5 0.05 0.35 0.85 0.45 0.75 0.75 0.45 0.1 
-0.039081475165026074 0.6924506627303424 0.6093792446415685 0.5 1.0 0.0 0.35 0.7 0.9 0.95 0.05 0.8 0.9 0.75 0.65 0.95 0.45 0.35 0.9 0.25 0.5 0.55 0.35 0.5 0.25 0.45 0.75 1.0 0.9 0.6 0.15 1.0 0.5 1.0 0.15 0.6 0.5 0.65 0.7 
-0.0838040568781657 0.5338632662999014 0.7484169642942898 0.05 0.6 0.25 0.15 0.7 0.65 0.85 0.7 0.6 0.75 0.5 0.6 0.95 1.0 0.75 0.2 0.2 0.55 0.1 0.6 0.45 1.0 0.35 0.25 0.75 0.35 0.75 0.1 0.7 0.45 0.95 0.8 0.45 0.7 0.75 0.35 
-0.7922942197288699 0.2626760044528501 0.4597382877072479 0.65 0.0 0.55 0.35 0.45 0.85 0.95 0.6 0.9 0.15 0.95 0.45 0.85 0.95 0.4 0.8 0.9 0.3 0.9 0.3 0.1 0.8 0.9 0.1 0.95 0.85 0.75 0.5 0.15 0.3 0.95 0.25 0.7 0.9 0.95 0.6 
-0.01774130663646503 0.6188064926141574 0.3169023957916228 0.4 0.65 0.05 0.45 0.55 0.85 1.0 0.65 0.6 1.0 0.5 0.8 0.9 0.35 0.7 0.8 0.9 0.6 0.2 0.2 0.55 0.6 0.45 0.35 0.9 0.95 0.45 0.4 0.15 0.0 1.0 0.35 0.8 0.75 0.5 0.1 
-0.21159166507620758 0.6316316550200969 0.31038211645019353 0.4 0.65 0.05 0.75 0.55 0.4 1.0 0.65 0.6 1.0 0.5 0.8 0.9 0.35 0.7 0.8 0.9 0.6 0.2 0.2 0.55 1.0 0.45 0.35 0.9 0.95 0.45 0.4 0.15 0.35 1.0 0.35 0.8 0.75 0.5 0.1 
-0.3912667688234167 0.33066672423899335 0.32499394306331697 0.65 0.0 0.15 0.75 0.6 0.85 0.95 0.6 0.9 0.15 0.0 0.9 0.95 0.9 0.35 0.95 0.9 0.3 0.9 0.3 0.25 0.55 0.0 0.35 1.0 0.85 0.8 0.5 0.4 0.0 0.95 0.25 0.35 0.95 0.95 0.6 
-0.08361423399708776 0.3355843271018833 0.3321092227310082 0.65 0.0 0.15 0.75 0.6 0.5 0.95 0.6 0.9 0.15 0.3 0.7 0.95 0.9 0.35 0.95 0.9 0.3 0.9 0.3 0.25 0.55 0.0 0.1 1.0 0.85 0.75 0.5 0.4 0.0 0.95 0.25 0.35 0.9 0.95 0.6 
-0.05030442915060937 0.5865616273657727 0.3185866782722513 0.4 0.8 0.05 0.75 0.55 0.4 1.0 0.65 0.6 1.0 0.5 0.8 0.9 0.35 0.7 0.8 0.9 0.6 0.1 0.15 0.55 1.0 0.45 0.35 0.85 0.95 0.5 0.4 0.0 0.7 0.95 0.35 0.75 0.55 0.75 0.1 
-0.07701539387933266 0.6069303169039465 0.31729646999065675 0.4 0.65 0.05 0.15 0.55 0.85 1.0 0.65 0.55 1.0 0.5 0.8 0.9 0.35 0.7 0.8 0.9 0.6 0.2 0.2 0.55 0.6 0.45 0.35 0.9 0.95 0.45 0.4 0.95 0.0 1.0 0.35 0.8 0.75 0.5 0.1 
-6.1638309840687 0.28463937235139436 0.37220513174888725 0.65 0.0 0.55 0.35 0.45 0.5 0.95 0.6 0.9 0.4 0.95 0.25 0.95 0.9 0.4 0.95 0.9 0.3 0.9 0.3 0.1 0.8 0.65 0.1 0.95 0.85 0.85 0.5 0.15 0.3 0.9 0.25 0.45 0.9 0.95 0.5 
-0.09746618795339891 0.3711098216742963 0.27900165436660107 0.65 0.0 0.15 0.75 0.6 0.85 0.95 0.6 0.9 0.15 0.0 0.9 0.95 0.9 0.35 0.95 0.9 0.3 0.9 0.3 0.25 0.55 0.0 0.35 1.0 0.85 0.75 0.6 0.4 0.0 0.95 0.25 0.35 0.95 0.95 0.6 
-0.01020752595569568 0.7274032697248126 0.3203093999568236 0.4 0.3 0.05 0.85 0.55 0.4 1.0 0.65 0.65 0.85 0.5 0.8 1.0 0.35 0.7 0.8 0.9 0.6 0.95 0.2 0.55 0.65 0.35 0.35 0.9 0.75 0.25 0.5 1.0 0.35 0.9 0.7 0.5 0.65 0.5 0.1 
-0.908701944690482 0.35389880280855046 0.29566776039156517 0.65 0.0 0.15 0.75 0.6 0.5 0.9 0.6 0.9 0.15 0.65 0.9 0.95 0.9 0.35 0.95 0.9 0.3 0.9 0.3 0.25 0.55 0.0 0.95 1.0 0.85 0.6 0.5 0.4 0.0 0.95 0.25 0.35 0.9 0.95 0.6 
-0.05041698916510153 0.7424689228836057 0.3439995616269227 0.4 0.3 0.05 0.6 0.55 0.4 1.0 0.65 0.45 0.85 0.5 0.8 0.9 0.35 0.75 0.8 0.9 0.6 0.1 0.2 0.55 1.0 0.35 0.35 0.9 0.95 0.5 0.5 1.0 0.35 0.85 0.45 0.3 0.75 0.5 0.1 
-0.0606484012214035 0.3122270555752631 0.3532791956759501 0.85 0.65 0.6 0.8 0.9 0.1 1.0 0.5 0.65 0.65 0.8 0.9 1.0 0.9 0.65 0.65 1.0 0.6 0.3 0.7 0.9 0.7 0.8 0.65 0.9 0.25 0.5 0.85 0.95 0.35 1.0 0.95 0.7 0.85 0.7 0.65 
-0.8352846767363729 0.7672522140008136 0.4294086523884566 0.4 0.65 0.05 0.6 0.55 0.4 1.0 0.65 0.6 0.85 0.5 0.8 0.85 0.35 0.75 0.8 0.9 0.6 0.1 0.2 0.55 1.0 0.0 0.35 0.9 0.95 0.5 0.5 1.0 0.35 0.9 0.45 0.3 0.55 0.5 0.1 
-0.049889598622047546 0.7159602742036546 0.5903768888472753 0.4 0.65 0.4 0.75 0.5 0.95 0.95 0.65 0.35 1.0 0.5 0.8 0.9 0.35 0.75 0.65 0.15 0.75 0.65 0.2 0.95 1.0 0.25 0.35 1.0 0.95 0.5 0.7 0.05 0.2 1.0 0.45 0.25 0.75 0.45 0.1 
-0.05394250439135112 0.7555437807627616 0.5157206351247903 0.4 0.3 0.05 0.6 1.0 0.6 1.0 0.65 0.9 0.85 0.5 0.8 1.0 0.35 0.75 0.8 0.9 0.6 0.45 0.2 0.55 1.0 0.35 0.35 0.95 0.95 0.5 0.5 1.0 0.35 1.0 0.45 0.3 0.6 0.5 0.1 
-0.01892744659640959 0.7437233086875329 0.5421561225707162 0.4 0.65 0.05 0.75 0.55 0.4 1.0 0.65 0.75 1.0 0.5 0.8 0.75 0.35 0.75 0.8 0.9 0.6 0.1 0.2 0.55 1.0 0.45 0.35 0.9 0.95 0.5 0.4 0.0 0.35 1.0 0.45 0.3 0.4 0.45 0.1 
-2.7299247449031228 0.38991995330310214 0.24350164521585443 0.65 0.0 0.15 0.75 0.6 0.5 0.95 0.6 0.9 0.2 0.65 0.9 0.95 0.9 0.35 0.95 0.9 0.3 0.9 0.3 0.25 0.55 0.0 0.6 1.0 0.85 0.75 0.5 0.4 0.0 0.95 0.25 0.65 0.9 0.95 0.6 
-14.511450729431266 0.5097044470870569 0.7565529499411776 0.05 0.6 0.25 0.15 0.8 0.65 1.0 0.7 0.7 0.75 0.5 0.6 0.35 1.0 0.75 0.35 0.15 0.6 0.55 0.9 0.45 1.0 0.35 0.35 0.75 0.35 0.75 0.1 0.15 0.8 0.95 0.8 0.45 0.7 0.75 0.35 
-0.10609443874093206 0.7335257667151093 0.5598820890402041 0.4 0.65 0.05 0.75 0.5 0.95 0.95 0.65 0.2 1.0 0.5 0.8 0.9 0.35 0.75 0.65 0.15 0.75 0.65 0.2 0.95 1.0 0.75 0.35 1.0 0.95 0.5 0.7 0.05 0.35 1.0 0.45 0.25 0.75 0.45 0.1 
-10.779669458773292 0.5013426138717938 0.7490129527735491 0.05 0.6 0.25 0.15 0.8 0.65 0.9 0.7 0.7 0.75 0.5 0.6 0.35 1.0 0.75 0.35 0.15 0.6 0.55 0.9 0.45 1.0 0.35 0.35 0.75 0.35 0.75 0.1 0.15 0.8 0.95 0.8 0.45 0.7 0.75 0.35 
-0.25818270146007416 0.5565595116005172 0.7363828262404803 0.05 0.6 0.3 0.15 0.8 0.65 0.9 0.7 0.7 0.75 0.5 0.6 0.9 1.0 0.75 0.2 0.15 0.5 0.55 0.55 0.45 0.35 0.35 0.35 0.75 0.35 0.75 0.1 0.15 1.0 0.95 0.8 0.45 0.7 0.75 0.35 
-0.07330157129045557 0.7592002103530038 0.32578888968026165 0.4 0.3 0.05 0.85 0.55 0.4 1.0 0.65 0.65 0.85 0.5 0.8 1.0 0.35 0.7 0.75 0.9 0.6 0.95 0.2 0.55 1.0 0.35 0.35 0.9 0.75 0.25 0.5 1.0 0.35 0.9 0.45 0.3 0.65 0.5 0.1 
-0.15047456317329566 0.5730253587781293 0.27966820323116315 0.35 0.65 0.05 0.75 0.55 0.65 1.0 0.65 0.35 1.0 0.5 0.8 0.9 0.35 0.7 0.8 0.9 0.6 0.1 0.15 0.55 1.0 0.45 0.35 0.9 0.95 0.5 0.4 0.0 0.35 1.0 0.35 0.75 0.75 0.75 0.1 
-0.3577790373607248 0.5901506718637208 0.28431817007186866 0.95 0.65 0.05 0.1 0.55 0.65 1.0 0.65 0.5 1.0 0.5 0.8 0.9 0.35 0.7 0.8 0.9 0.6 0.1 0.15 0.1 0.15 0.45 0.4 1.0 0.95 0.5 0.4 0.0 0.35 1.0 0.35 0.75 0.75 0.75 0.1 
-5.693131669306355 0.4958756259042289 0.23762040987041116 0.65 0.65 0.2 0.35 0.45 0.5 0.95 0.6 0.9 0.15 0.95 0.25 0.95 0.9 0.4 0.95 0.9 0.3 0.9 0.3 0.9 0.7 1.0 0.1 0.95 0.85 0.75 0.7 0.4 0.3 0.65 0.2 0.7 0.55 0.8 0.6 
-0.6953484077110487 0.5904002533530566 0.2809682761662152 0.95 0.65 0.05 0.75 0.55 0.65 1.0 0.65 0.5 1.0 0.5 0.8 0.9 0.35 0.7 0.8 0.9 0.6 0.1 0.15 0.1 0.15 0.45 0.4 1.0 0.95 0.5 0.4 0.0 0.35 1.0 0.35 0.75 0.75 0.75 0.1 
-3.2731667660121326 0.3187653136808588 0.6563421661638864 0.9 0.85 0.55 0.7 0.0 0.7 0.6 0.95 0.45 0.6 0.55 0.6 1.0 0.0 0.75 1.0 0.95 0.6 0.1 0.95 0.25 0.8 0.7 0.55 1.0 0.3 0.45 0.9 0.95 0.2 1.0 0.95 0.85 0.85 0.7 0.8 
-4.345376399073162 0.36354149884343784 0.2681792799415347 0.65 0.0 0.15 0.75 0.6 0.85 0.95 0.6 0.9 0.35 0.65 0.9 0.95 0.9 0.35 0.95 0.9 0.3 0.9 0.3 0.25 0.65 0.0 0.6 1.0 0.85 0.75 0.5 0.2 0.0 0.95 0.25 0.4 0.95 0.95 0.6 
-0.019795510854809014 0.760681234945261 0.49408951770984666 0.4 0.3 0.05 0.6 1.0 0.6 1.0 0.65 0.9 0.85 0.5 0.8 1.0 0.35 0.75 0.8 0.9 0.6 0.45 0.2 0.55 1.0 0.35 0.35 0.9 0.95 0.5 0.5 1.0 0.35 1.0 0.45 0.3 0.6 0.5 0.1 
-9.064154995700585 0.49920288954076947 0.246920167661345 0.65 0.65 0.2 0.35 0.45 0.5 0.95 0.6 0.9 0.15 1.0 0.25 0.95 0.9 0.4 0.95 0.9 0.3 0.9 0.3 0.9 0.7 0.15 0.1 0.95 0.85 0.75 0.5 0.4 0.3 0.65 0.2 0.7 0.55 0.8 0.6 
-0.7608526134008518 0.6123757341357048 0.701008241108864 0.05 0.6 0.25 0.15 0.8 0.65 1.0 0.7 0.7 0.75 0.5 0.6 0.9 1.0 0.75 0.2 0.15 0.1 0.55 0.55 0.45 0.35 0.35 0.35 0.75 0.35 0.75 0.1 0.15 1.0 0.95 0.8 0.45 0.7 0.75 0.35 
-16.886687306205967 0.47115228012250715 0.2166042076020534 0.95 0.5 0.2 0.35 0.45 0.5 0.95 0.6 0.9 0.15 0.95 0.2 0.95 0.9 0.4 0.75 0.9 0.3 0.9 0.3 0.9 0.7 0.15 0.1 0.95 0.85 0.5 0.5 0.45 0.3 0.95 0.2 0.7 0.55 0.8 0.6 
-2.8450339792824866 0.3052533583689797 0.6466386443063972 0.9 0.85 0.55 0.7 0.0 0.7 0.6 0.95 0.45 0.6 0.55 0.6 1.0 0.0 0.75 1.0 0.95 0.6 0.1 0.9 0.5 0.8 0.4 0.55 1.0 0.25 0.45 0.9 0.95 0.2 1.0 0.95 0.6 0.85 0.7 0.8 
-0.3335538969330339 0.5837962846316457 0.7134354798634533 0.05 0.6 0.25 0.15 0.7 0.65 1.0 0.7 0.25 0.75 0.5 0.6 0.95 1.0 0.75 0.2 0.6 0.6 0.45 0.6 0.45 1.0 0.35 0.35 0.75 0.35 0.75 0.1 0.7 1.0 0.95 0.8 0.45 0.7 0.75 0.35 
-0.18879016149190397 0.3445483477585942 0.6790396698854713 0.65 0.75 1.0 0.2 0.9 0.0 1.0 0.0 0.15 0.15 0.5 0.5 0.7 0.95 0.6 0.8 0.9 0.5 1.0 0.55 0.15 0.3 0.7 0.55 0.9 0.65 0.4 0.9 0.4 0.5 1.0 0.25 0.5 0.5 0.8 0.55 
-5.504295186171062 0.3345514069068604 0.3001959968161029 0.65 0.0 0.15 0.75 0.6 0.85 0.95 0.6 0.9 0.15 0.65 0.95 0.95 0.9 0.35 0.95 0.9 0.3 0.9 0.3 0.25 0.55 0.0 0.6 1.0 0.85 0.75 0.5 0.4 0.0 0.95 0.25 0.35 0.95 0.95 0.6 
-2.9544880597324283 0.539293159699884 0.7486799388482994 0.05 0.6 0.3 0.15 0.8 0.65 0.9 0.7 0.7 0.75 0.5 0.6 0.9 1.0 0.9 0.2 0.15 0.5 0.55 0.55 0.45 0.35 0.35 0.35 0.75 0.35 0.75 0.1 0.15 1.0 0.95 0.8 0.45 0.7 0.75 0.35 
-0.348108431845045 0.7028368534082472 0.6087487142172253 0.5 1.0 0.0 0.35 0.7 0.9 0.95 0.05 0.8 0.45 0.75 0.65 0.95 0.45 0.35 0.9 0.25 0.5 0.55 0.35 0.5 0.25 0.45 0.75 1.0 0.9 0.6 0.15 1.0 0.5 1.0 0.15 0.6 0.5 0.65 0.7 
-12.204327724994817 0.36146947681414643 0.2571039312706197 0.65 0.0 0.15 0.75 0.6 0.5 0.95 0.6 0.9 0.15 0.65 0.9 0.95 0.9 0.35 0.95 0.9 0.3 0.9 0.3 0.25 0.55 0.0 0.6 0.9 0.85 0.65 0.5 0.4 0.0 0.95 0.25 0.65 0.9 0.95 0.6 
-25.452599453636868 0.4788315446800439 0.19987692921449896 0.65 0.0 0.2 0.35 0.45 0.75 0.95 0.6 0.9 0.15 0.95 0.25 0.95 0.9 0.4 1.0 0.9 0.3 0.9 0.3 0.9 0.25 0.15 0.1 0.95 0.85 0.55 0.5 0.4 0.25 0.9 0.2 0.7 0.55 0.8 0.6 
-1.354464865942792 0.7861065909998795 0.4130719920668636 0.4 0.3 0.05 0.6 0.55 0.4 1.0 0.65 0.45 0.85 0.5 0.8 0.9 0.35 0.75 0.8 0.9 0.6 0.1 0.2 0.55 1.0 0.35 0.35 0.9 0.95 0.5 0.5 1.0 0.35 1.0 0.45 0.3 0.6 0.5 0.1 
-0.034202241754080175 0.35013985182978247 0.67986960149756 0.65 0.75 1.0 0.2 0.9 0.1 1.0 0.0 0.15 0.15 0.5 0.5 0.8 0.95 0.6 0.8 0.9 0.5 0.2 0.55 0.15 0.3 0.7 0.55 0.9 0.65 0.4 0.9 0.4 0.5 1.0 0.25 0.5 0.5 0.8 0.55 
-0.2652593474655833 0.37895567060615915 0.6906737045755645 0.65 0.75 0.55 0.2 0.9 0.0 1.0 0.0 0.15 0.15 0.5 0.5 0.7 0.95 0.6 0.9 0.9 0.5 1.0 0.25 0.15 0.3 0.7 0.55 0.9 0.65 0.4 0.9 0.4 0.5 1.0 0.25 0.5 0.5 0.8 0.3 
-0.27590055633769434 0.4167351864570771 0.7175342404290185 0.65 0.3 1.0 0.2 0.9 0.0 1.0 0.0 0.15 0.15 0.75 0.35 0.4 0.95 0.6 0.9 0.9 0.45 1.0 0.25 0.15 0.0 0.7 0.55 0.9 0.65 0.4 0.9 0.4 0.5 1.0 0.25 0.5 0.5 0.8 0.6 
-163.03574103913252 0.5135754988834662 0.262649584352997 0.65 0.65 0.2 0.35 0.45 0.5 0.95 0.6 0.9 0.15 0.95 0.25 0.95 0.9 0.4 0.95 0.9 0.3 0.2 0.1 0.9 0.7 0.15 0.55 0.95 0.85 0.6 0.5 0.4 0.35 0.5 0.2 0.85 0.55 0.8 0.6 
-0.47246983376199614 0.4135232164605155 0.7156244974759515 0.65 0.3 1.0 0.2 0.9 0.0 1.0 0.0 0.15 0.15 0.8 0.35 0.4 0.95 0.6 0.9 0.9 0.45 1.0 0.25 0.15 0.0 0.7 0.55 0.9 0.65 0.4 0.9 0.4 0.5 1.0 0.25 0.5 0.5 0.8 0.6 
-4.450062938052946 0.4349230944311642 0.7344992852575764 0.75 0.3 1.0 0.2 0.9 0.0 1.0 0.0 0.15 0.15 0.8 0.35 0.4 0.95 0.6 0.9 0.9 0.45 1.0 0.25 0.15 0.0 0.2 0.55 0.95 0.65 0.4 0.9 0.4 0.5 1.0 0.25 0.5 0.5 0.8 0.65 
-1.1504083551753679 0.7819288189272315 0.37634936853334877 0.4 0.3 0.05 0.6 0.55 0.4 1.0 0.65 0.6 0.85 0.5 0.8 1.0 0.35 0.7 0.8 0.9 0.6 0.7 0.2 0.55 1.0 0.35 0.35 0.9 0.95 0.5 0.5 1.0 0.35 0.9 0.45 0.3 0.6 0.5 0.1 
-13.523563270166315 0.4835773706109859 0.2211927820140686 0.95 0.0 0.2 0.35 0.45 0.5 0.95 0.6 0.9 0.15 0.95 0.2 0.95 0.9 0.4 0.8 0.9 0.3 0.9 0.3 0.9 0.7 0.15 0.1 0.95 0.85 0.5 0.5 0.4 0.3 0.95 0.2 0.7 0.55 0.8 0.6 
-5.326482667068593 0.43145858548977134 0.23156844058380815 0.65 0.0 0.15 0.75 0.85 0.5 0.95 0.6 0.9 0.2 0.65 0.9 0.95 0.9 0.35 0.95 0.9 0.3 0.9 1.0 0.25 0.75 0.0 0.6 1.0 0.85 0.75 0.5 0.4 0.15 0.9 0.25 0.65 0.9 0.95 0.65 
-7.029172037162652 0.5752570102863932 0.7380460609931234 0.05 0.6 0.25 0.15 0.7 0.65 1.0 0.7 0.6 0.75 0.5 0.6 0.95 1.0 0.75 0.2 0.2 0.55 0.1 0.6 0.45 1.0 0.35 0.25 0.75 0.35 0.75 0.1 0.7 0.45 0.95 0.8 0.45 0.7 0.75 0.35 
-14.182916300638729 0.28376327410387303 0.33554609093159093 0.65 0.0 0.55 0.35 0.45 0.5 0.95 0.6 0.9 0.4 0.95 0.25 0.95 0.9 0.4 0.95 0.9 0.3 0.9 0.3 0.1 0.8 0.65 0.1 0.95 0.85 0.85 0.5 0.15 0.3 0.9 0.25 0.45 0.9 0.95 0.7 
-26.088915359758765 0.43589918637373076 0.21557424816506737 0.65 0.0 0.15 0.75 0.6 0.5 0.95 0.6 0.9 0.35 0.65 0.9 0.95 0.9 0.35 0.95 0.9 0.3 0.9 1.0 0.25 0.75 0.0 0.6 1.0 0.85 0.75 0.5 0.4 0.15 0.9 0.25 0.65 0.9 0.95 0.6 
-15.98354048782947 0.5340104301559628 0.7901223783981004 0.05 0.25 0.25 0.2 0.8 0.65 1.0 0.7 0.25 0.55 0.5 0.6 0.85 1.0 0.75 0.2 0.15 0.55 0.55 0.9 0.45 1.0 0.35 0.35 0.75 0.35 0.75 0.1 0.15 0.45 0.95 0.8 0.45 0.7 0.75 0.35 
-3.607649048178196 0.786154150606182 0.3492878128245195 0.4 0.3 0.05 0.85 0.55 0.4 1.0 0.65 0.65 0.85 0.5 0.8 1.0 0.35 0.7 0.8 0.9 0.6 0.95 0.2 0.55 1.0 0.35 0.35 0.9 0.75 0.25 0.5 1.0 0.35 0.9 0.45 0.3 0.6 0.5 0.1 
-1.877618718877104 0.2786864215020244 0.6303391972046526 0.9 0.85 0.55 0.7 0.0 0.7 0.65 0.95 0.45 0.6 0.55 0.6 1.0 0.0 0.65 1.0 0.95 0.6 0.1 0.95 0.55 0.8 0.4 0.6 1.0 0.3 0.45 0.9 0.95 0.2 1.0 0.95 0.6 0.85 0.7 0.8 
-6.503670389708877 0.78725747362529 0.33420489315173296 0.4 0.3 0.05 0.85 0.55 0.4 1.0 0.65 0.65 0.85 0.5 0.8 1.0 0.35 0.7 0.8 0.9 0.6 0.95 0.2 0.55 1.0 0.35 0.35 0.9 0.75 0.25 0.5 1.0 0.35 0.9 0.45 0.3 0.65 0.5 0.1 
-0.6777590553219942 0.7200883921891681 0.316937660461311 0.4 0.3 0.05 0.6 0.55 0.4 1.0 0.65 0.65 0.85 0.5 0.8 1.0 0.35 0.7 0.8 0.9 0.6 0.7 0.2 0.55 1.0 0.6 0.35 0.9 0.95 0.5 0.5 1.0 0.35 0.9 0.45 0.3 0.85 0.5 0.1 
-16.665452063689226 0.5296743876172726 0.7784960399396073 0.05 0.25 0.25 0.2 0.8 0.65 1.0 0.7 0.25 0.55 0.5 0.6 0.85 1.0 0.75 0.2 0.15 0.55 0.55 0.9 0.45 1.0 0.35 0.35 0.75 0.35 0.75 0.1 0.15 0.4 0.95 0.8 0.45 0.7 0.75 0.35 
-11.682395148357406 0.24258164427537882 0.5483577172477483 0.9 0.15 0.55 0.9 0.55 0.7 1.0 0.95 0.15 0.6 0.8 0.6 1.0 0.95 0.65 0.75 0.95 0.55 0.8 0.95 0.35 0.2 0.4 0.4 1.0 0.3 0.45 0.65 0.95 0.25 1.0 0.95 0.7 0.8 0.7 0.8 
-9.172348202010905 0.5663911749647239 0.7629688356150879 0.05 0.6 0.25 0.15 0.7 0.65 1.0 0.7 0.6 0.75 0.5 0.6 0.95 1.0 0.75 0.2 0.25 0.6 0.1 0.6 0.45 1.0 0.35 0.25 0.75 0.35 0.75 0.1 0.7 0.7 0.95 0.8 0.45 0.7 0.75 0.35 
-13.316092514785263 0.6993184658686282 0.3041355653960094 0.4 0.3 0.05 0.85 0.35 0.4 1.0 0.65 0.65 0.85 0.5 0.8 1.0 0.35 0.7 0.8 0.9 0.6 0.9 0.2 0.55 1.0 0.35 0.35 0.9 0.75 0.25 0.5 1.0 0.35 0.6 0.45 0.3 0.65 0.5 0.1 
-0.0656839175914154 0.7268599045184703 0.3190719310509744 0.4 0.3 0.05 0.85 0.55 0.4 1.0 0.65 0.65 0.85 0.5 0.8 1.0 0.35 0.7 0.8 0.9 0.6 0.95 0.2 0.55 0.65 0.35 0.35 0.9 0.75 0.25 0.5 1.0 0.35 0.9 0.7 0.5 0.65 0.5 0.1 
-18.67400394961632 0.6549394939085845 0.30318152735808535 0.4 0.3 0.05 0.85 0.55 0.4 1.0 0.65 0.65 0.85 0.5 0.8 1.0 0.35 0.7 0.7 0.9 0.6 0.95 0.2 0.55 0.65 0.35 0.5 0.9 0.75 0.25 0.5 1.0 0.35 0.9 0.7 0.5 0.65 0.5 0.1 
-16.187165734785662 0.26684896861859675 0.380753433335813 0.65 0.0 0.15 0.75 0.5 0.5 0.95 0.6 0.9 0.35 0.65 0.9 0.95 0.9 0.35 0.95 0.9 0.3 0.9 0.8 0.25 0.75 0.0 0.6 1.0 0.85 0.75 0.5 1.0 0.15 0.9 0.25 0.65 0.9 0.95 0.6 
