-0.007879376706121127 0.47534663074909655 0.5009618106160579 0.3 0.8 0.0 0.6 0.65 0.6 0.6 0.75 0.5 0.1 0.15 0.95 0.5 0.8 0.85 0.4 0.75 0.05 0.8 0.75 0.15 0.1 0.8 0.05 0.2 0.75 0.3 0.35 0.6 0.45 0.9 0.3 0.35 1.0 0.45 0.7 
-0.0015408613375140477 0.5016043049460301 0.517634566047953 0.45 0.45 0.45 0.55 0.6 0.85 0.4 0.1 0.55 0.35 0.8 0.45 0.7 0.25 0.75 0.8 0.35 0.8 0.55 0.3 0.55 0.15 0.95 0.5 1.0 0.3 0.4 0.85 0.7 0.45 1.0 0.7 0.25 0.5 0.25 0.7 
-0.007195356202348358 0.4836453878391892 0.5007602152473195 0.3 0.8 0.0 0.2 0.65 0.6 0.6 0.2 0.5 0.1 0.15 0.95 0.5 0.8 0.85 0.4 0.75 0.05 0.8 0.75 0.15 0.1 0.8 0.25 0.2 0.75 0.3 0.35 0.6 0.45 0.9 0.3 0.35 1.0 0.45 0.7 
-0.006253089771166467 0.5127042295377153 0.49891184562555757 0.1 0.3 0.5 0.1 0.6 1.0 1.0 0.05 0.3 0.9 0.0 0.75 0.95 0.05 0.55 0.15 1.0 0.45 0.65 0.85 0.35 0.25 0.8 0.15 0.95 0.35 0.85 1.0 0.75 0.85 0.5 0.05 0.2 0.9 0.1 0.85 
-0.004507608315380162 0.5402184986516463 0.5165831278729849 0.85 0.8 0.15 0.6 0.7 0.95 0.9 0.4 0.5 0.3 0.1 0.35 0.45 0.85 0.8 0.25 1.0 0.05 0.0 1.0 0.6 0.8 0.15 0.05 0.8 0.35 0.8 0.05 0.15 0.3 0.8 0.85 0.6 0.25 0.85 0.3 
-0.0058452562558087085 0.5395431492886964 0.47313382421927985 0.85 0.8 0.15 0.6 0.7 0.95 0.9 0.4 0.4 0.4 0.1 0.35 0.45 0.85 0.8 0.25 1.0 0.05 0.5 1.0 0.6 0.8 0.15 0.05 0.8 0.35 0.8 0.05 0.15 0.3 0.8 0.85 0.6 0.25 0.85 0.15 
-0.0036732801257798276 0.5578634319974521 0.5033249551111798 0.5 0.2 1.0 0.4 0.3 0.6 0.85 0.65 0.7 0.4 0.55 0.7 0.85 0.95 0.35 0.6 0.8 0.6 0.65 0.2 0.0 0.25 0.25 0.35 0.65 0.6 0.1 0.3 0.95 1.0 0.9 0.35 0.8 0.35 0.45 0.9 
-0.0050804056767422565 0.4161525493672765 0.4706035516073413 0.95 0.65 0.15 0.8 0.65 0.05 0.85 0.7 0.55 0.8 0.7 0.35 1.0 0.9 0.55 0.35 0.75 0.8 0.7 0.4 0.0 0.4 0.1 0.35 0.85 0.15 0.8 0.75 0.55 0.25 1.0 0.35 0.5 0.65 0.25 0.5 
-0.004367833380553983 0.5237552147389718 0.45864111542254205 0.05 0.1 0.7 0.35 0.0 1.0 0.7 0.65 0.3 0.55 0.1 0.4 1.0 0.3 1.0 0.65 0.15 0.85 0.1 0.0 0.0 0.8 0.15 0.35 1.0 0.55 0.65 0.8 0.95 0.1 1.0 0.95 0.45 0.9 0.45 0.5 
-0.006879328986386171 0.5352348394962957 0.49996737604761987 0.15 0.35 0.15 0.3 0.65 0.0 0.0 0.65 0.95 0.5 0.45 0.35 0.4 0.3 0.75 0.1 0.9 0.8 0.9 0.4 0.25 0.75 0.4 0.45 0.75 0.6 0.1 0.85 0.85 0.3 1.0 0.4 0.2 0.65 0.25 0.5 
-0.008201984448053045 0.4676818391135783 0.4755366400299305 0.2 0.25 0.7 0.25 0.1 0.05 0.75 0.65 0.25 0.25 0.0 0.35 0.85 0.3 0.6 0.0 0.1 0.05 0.3 0.1 0.95 0.85 0.45 0.45 1.0 0.55 0.65 0.75 0.95 0.7 0.3 0.1 0.5 0.85 0.6 0.55 
-0.016171183414449432 0.48146546597530243 0.5280920826183628 0.75 0.85 0.85 0.8 0.65 0.05 1.0 0.85 0.55 0.55 0.7 0.35 1.0 0.55 0.3 0.35 0.15 0.8 0.4 0.4 0.25 0.6 0.0 0.35 1.0 0.15 0.8 0.1 0.45 0.3 1.0 0.4 0.55 0.65 0.25 0.5 
-0.008842308407986362 0.48490617251563267 0.46229537688179745 0.1 0.3 0.5 0.1 0.6 1.0 1.0 0.05 0.3 0.9 0.6 0.75 0.95 0.05 0.55 0.5 1.0 0.45 0.65 0.85 0.35 1.0 0.8 0.15 0.95 0.35 0.85 1.0 0.75 0.65 0.5 0.05 0.2 0.9 0.1 0.85 
-0.03314185886113654 0.5071053501724171 0.4828730459770227 0.45 0.45 0.45 0.95 0.6 0.25 1.0 0.1 0.5 0.9 0.7 0.45 0.95 0.7 0.9 0.8 0.35 0.95 0.55 0.5 0.55 0.15 0.45 0.5 1.0 0.3 0.4 0.6 0.15 0.45 1.0 0.7 0.25 0.5 0.75 0.2 
-0.03937814025856692 0.500800110332438 0.541083483522579 0.75 0.6 0.65 0.0 0.3 0.85 0.7 0.05 0.15 0.95 0.45 0.45 0.85 0.3 0.2 0.75 0.05 0.7 0.95 0.1 0.95 0.0 0.5 0.25 0.85 0.95 0.2 0.25 0.2 0.45 0.9 0.25 0.75 0.05 0.15 0.55 
-0.004256161047766049 0.44517478941355826 0.4628885289783 0.05 0.1 0.7 0.35 0.0 1.0 0.7 0.65 0.3 0.55 0.85 0.4 0.4 0.3 0.7 0.65 0.15 0.4 0.1 0.0 0.0 0.8 0.15 0.35 0.35 0.55 0.65 0.8 0.8 0.1 1.0 0.95 0.45 0.9 0.45 0.5 
-0.01465321987872831 0.5289955196018381 0.45133336661230417 0.0 1.0 0.45 0.35 0.6 1.0 1.0 0.15 0.55 0.7 0.7 0.45 0.65 0.85 0.5 0.65 0.35 0.7 0.95 0.5 1.0 0.15 0.2 0.5 1.0 0.3 0.3 0.85 0.55 0.85 1.0 0.0 0.25 0.5 0.75 0.65 
-0.013593993769360197 0.5244477565846732 0.5471545388053285 1.0 0.7 0.2 0.85 0.25 0.2 0.05 1.0 0.4 0.65 0.95 0.3 0.75 0.2 1.0 0.9 0.45 0.25 1.0 0.9 0.95 0.6 0.05 0.5 0.2 1.0 0.5 0.85 0.2 0.15 0.8 0.85 0.6 0.65 0.6 0.2 
-0.008742835493675773 0.4702345738196917 0.5193985278765996 0.75 0.65 0.15 0.8 0.65 0.05 0.8 0.85 0.55 0.55 0.7 0.25 1.0 0.9 0.25 0.4 0.15 0.8 0.7 0.4 0.0 0.8 0.45 0.85 0.85 0.15 0.8 0.75 0.55 0.55 1.0 0.4 0.5 0.7 0.25 0.5 
-0.005466911731464628 0.5421178874552207 0.5631234963439046 0.1 1.0 0.45 0.1 0.6 0.8 1.0 0.15 0.55 0.3 0.65 0.15 0.9 0.7 1.0 0.8 0.8 0.4 0.6 0.85 0.55 0.7 0.35 0.15 0.55 0.15 0.3 0.85 0.65 0.6 1.0 0.75 0.25 0.5 0.4 0.95 
-0.0071380395093155625 0.5954565043493455 0.4964586514090278 0.5 0.1 0.15 0.4 0.3 0.8 0.85 0.65 0.2 0.85 0.55 0.9 0.85 0.25 0.0 0.55 0.8 0.9 0.65 0.2 0.0 0.85 0.25 0.25 0.95 0.35 0.4 0.1 0.0 1.0 0.9 0.35 0.8 0.35 0.4 0.35 
-0.023509370816244084 0.5641841887085135 0.5140550742316087 0.45 0.9 0.45 0.95 0.65 0.95 1.0 0.15 0.5 0.55 0.15 0.2 0.95 0.55 0.85 0.95 0.35 0.7 0.35 0.3 0.95 0.15 0.95 0.5 1.0 0.3 0.4 0.85 0.65 0.45 0.2 0.7 0.15 0.55 0.75 0.6 
-0.004370793599363752 0.5592075163865983 0.5423328898287909 0.6 0.0 0.7 0.15 0.3 0.35 0.15 0.15 0.85 0.05 0.5 0.4 1.0 0.0 0.2 0.45 0.1 0.55 0.7 0.4 0.45 0.15 0.6 0.3 0.85 0.5 0.85 0.75 0.5 0.65 0.85 0.95 0.65 0.2 0.8 0.7 
-0.0005776004303108687 0.4571292453334922 0.4505520888780063 0.1 0.45 0.5 1.0 0.6 1.0 0.8 0.05 0.3 0.9 0.55 0.75 0.95 0.7 0.8 0.5 1.0 0.45 0.65 1.0 0.35 0.15 0.8 0.15 0.15 0.6 0.5 0.3 0.75 0.65 0.7 0.2 0.2 0.8 0.0 0.85 
-0.0014775255365051118 0.4832206037258446 0.5885584067513461 0.75 0.65 0.15 0.9 0.65 0.0 0.7 0.1 0.55 0.75 0.7 0.35 1.0 0.9 0.3 0.3 0.15 0.8 0.7 0.35 0.0 1.0 0.45 0.35 0.85 0.15 0.8 0.75 0.55 0.3 1.0 0.4 0.5 0.65 0.25 0.5 
-0.018449059656776668 0.43713652877671766 0.5547226323211728 0.45 0.75 0.95 0.8 0.65 0.0 0.75 0.8 0.45 0.5 0.65 0.35 1.0 0.9 0.3 0.3 0.9 0.8 0.45 0.4 0.0 0.8 0.45 1.0 0.35 0.15 0.8 0.75 0.55 0.3 0.85 0.4 0.25 0.7 0.25 0.55 
-0.008374080775482224 0.5399659980207758 0.45507305740175774 0.5 0.3 1.0 0.4 0.3 0.6 0.85 0.65 0.7 0.4 0.55 0.9 0.85 0.95 0.35 0.6 0.8 0.6 0.65 0.2 0.0 0.25 0.25 0.35 0.65 0.6 0.4 0.3 0.95 1.0 0.1 0.35 0.8 0.35 0.45 0.35 
-0.003613818413295923 0.45803184901444965 0.5787697510401844 0.75 0.8 0.15 0.2 0.65 0.05 1.0 0.85 0.55 0.55 0.7 0.7 1.0 0.9 0.3 0.3 0.4 0.8 0.7 0.25 0.0 0.8 0.45 0.35 0.9 0.15 0.8 0.75 0.55 0.3 0.8 0.4 0.5 0.65 0.25 0.5 
-0.003380396188433363 0.4754551877219464 0.5644530865988554 0.75 0.65 0.15 0.8 0.65 0.15 0.6 0.85 0.55 0.55 0.7 0.35 1.0 0.9 0.2 0.1 0.15 0.8 0.7 0.4 0.45 0.8 0.45 0.35 1.0 0.15 0.8 0.75 0.55 0.3 1.0 0.4 0.5 0.4 0.9 0.5 
-0.009552013651177567 0.4451712827382197 0.49198704857907877 0.2 0.45 0.7 0.25 0.35 0.15 0.7 0.65 0.25 0.7 0.0 0.4 0.65 0.3 0.6 0.0 0.1 0.6 0.6 0.1 0.0 0.8 0.45 0.15 1.0 0.55 0.7 1.0 0.95 0.1 0.3 0.1 0.6 0.8 0.45 0.45 
-0.022306253084145015 0.4437140605847702 0.5285250837917402 0.45 0.5 0.95 0.9 0.65 0.95 0.35 0.75 0.55 0.3 0.7 0.35 0.65 0.9 0.3 0.1 0.65 0.8 0.9 0.2 0.0 0.8 0.45 0.9 0.85 0.15 0.8 0.75 0.55 0.3 0.75 0.4 0.25 0.55 0.75 0.55 
-4.395068842964249e-05 0.5585136673290577 0.4255673059000898 0.5 0.25 1.0 0.4 0.0 0.6 1.0 0.65 0.7 0.4 0.55 0.9 0.2 0.95 0.35 0.6 0.8 0.9 0.65 0.2 0.0 0.25 0.25 0.35 0.05 0.6 0.75 0.8 0.05 1.0 0.55 0.35 0.4 0.5 0.45 0.35 
-0.008293343013676477 0.5071111818088464 0.5638721893172473 0.25 0.8 0.2 0.05 0.55 0.25 0.9 0.25 0.75 0.1 0.2 0.25 0.6 0.75 0.75 0.2 0.45 0.45 0.55 0.3 0.85 0.55 0.2 0.15 0.95 0.95 0.7 0.75 0.05 0.7 1.0 1.0 0.3 0.65 0.1 0.9 
-0.00185947705726015 0.44052378698766337 0.4696596252596428 0.1 0.3 0.5 0.9 0.6 1.0 0.2 0.05 0.3 0.9 0.55 0.7 0.95 0.05 0.8 0.5 1.0 0.45 0.65 0.55 0.35 1.0 0.8 0.15 0.95 0.35 0.6 0.0 0.75 0.4 0.5 0.2 0.2 0.55 0.1 0.25 
-0.001482974348905715 0.39602214221440035 0.5028314910380473 0.1 0.7 0.5 0.9 0.6 0.6 0.75 0.45 0.3 0.9 0.55 0.7 0.9 0.85 0.75 0.5 1.0 0.4 0.75 0.55 0.1 1.0 0.45 0.15 0.95 0.05 0.85 0.3 0.75 0.6 0.35 0.2 0.4 0.05 0.25 0.7 
-0.0017838228916344648 0.5627133361530193 0.4810368522371135 0.5 0.2 1.0 0.4 0.1 0.6 0.85 0.65 0.7 0.4 0.55 0.55 0.85 0.95 0.35 0.6 0.8 0.6 0.65 0.65 0.0 0.25 0.5 0.35 0.65 0.6 0.4 0.45 0.95 1.0 0.9 0.35 0.8 0.35 0.45 0.35 
-0.009601312957919914 0.5556586462691191 0.5376666524267515 0.45 0.45 0.45 0.25 0.6 1.0 0.35 0.1 0.55 0.35 0.7 0.45 0.95 0.95 0.5 1.0 0.65 0.7 0.55 0.5 0.5 0.15 0.6 0.25 1.0 0.3 0.4 0.7 0.7 0.45 1.0 0.7 0.25 0.45 0.75 0.7 
-0.008393623497640381 0.4428735502205308 0.4517175040226603 0.75 0.85 0.85 0.8 0.65 0.05 1.0 0.85 0.55 0.55 0.7 0.35 1.0 0.9 0.3 0.35 0.15 0.8 0.65 0.4 0.0 0.6 0.0 0.35 1.0 0.15 0.8 0.85 0.55 0.7 1.0 0.4 0.55 0.65 0.25 0.5 
-1.6817390473705895e-05 0.4070914332401022 0.5268081437933804 0.55 0.45 1.0 0.9 0.3 0.15 0.2 0.4 0.25 0.8 0.0 0.4 1.0 1.0 0.6 0.0 1.0 0.1 0.1 0.95 0.0 0.8 0.55 0.4 1.0 0.55 0.65 1.0 0.95 0.25 0.5 0.85 0.3 0.95 0.35 0.45 
-0.029368833546984986 0.4420469323281559 0.43682914792843996 0.1 0.65 0.5 0.9 0.6 1.0 0.8 0.05 0.3 0.9 0.55 0.75 0.95 0.7 0.8 0.5 1.0 0.45 0.65 1.0 0.35 1.0 0.8 0.15 0.15 0.6 0.85 0.3 0.75 0.4 0.15 0.2 0.2 0.95 0.1 0.85 
-0.0009781354946696208 0.4011940883312395 0.4714566241562378 0.1 0.2 0.5 0.55 0.6 0.2 0.7 0.05 0.9 0.9 0.55 0.7 0.9 0.85 0.4 0.65 1.0 0.45 0.65 0.55 0.35 0.1 0.45 0.15 0.95 0.1 0.75 0.45 0.5 0.25 0.3 0.2 0.4 0.05 0.45 0.8 
-0.05299161693350026 0.4764757223918183 0.42642721178455456 0.1 0.2 0.7 0.55 0.6 1.0 0.9 0.05 0.3 0.9 0.55 0.7 0.9 0.85 0.4 0.65 1.0 0.45 0.65 0.05 0.35 0.2 0.45 0.15 0.95 0.1 0.75 0.35 0.75 0.6 0.15 0.15 0.4 1.0 0.7 0.5 
-0.02452281189179247 0.5660172319879022 0.5900622183328476 0.45 0.45 0.45 0.7 0.6 0.0 1.0 0.1 0.55 0.35 0.7 0.45 0.7 0.05 0.55 0.8 0.35 0.7 0.55 0.95 0.55 0.15 0.95 0.5 1.0 0.3 0.4 0.85 0.7 0.45 1.0 0.7 0.05 0.5 0.9 0.0 
-0.012197818600638085 0.4128172333262058 0.4546125357757394 0.1 0.2 0.5 0.55 0.6 0.2 0.7 0.05 0.9 0.9 0.55 0.7 0.9 0.85 0.4 0.65 1.0 0.45 0.65 0.55 0.35 0.1 0.45 0.15 0.95 0.1 0.75 0.45 0.5 0.25 0.3 0.2 0.75 0.05 0.45 0.8 
-0.0296189462983578 0.6112303071083117 0.46475394381163704 0.45 0.65 0.45 0.95 0.6 0.4 1.0 0.1 0.55 0.35 0.7 0.45 0.95 0.5 0.1 0.2 0.35 0.7 0.35 0.5 1.0 0.55 0.25 0.5 1.0 0.3 0.3 0.7 0.55 0.45 0.8 0.8 0.25 0.5 0.75 0.65 
-0.004764585936435937 0.5944933334559105 0.4574499445124137 0.45 0.65 0.45 0.95 0.6 1.0 1.0 0.1 0.55 0.35 0.7 0.45 0.95 0.5 0.5 0.2 0.35 0.7 0.35 0.5 1.0 0.15 1.0 0.5 1.0 0.3 0.3 0.7 0.55 0.5 1.0 0.95 0.25 0.5 0.75 0.65 
-0.012131635324964966 0.5705078655848268 0.4229660020805305 0.5 0.25 1.0 0.4 0.0 0.6 1.0 0.65 0.7 0.6 0.55 0.9 0.2 0.95 0.35 0.6 0.8 0.9 0.65 0.2 0.0 0.25 0.25 0.35 0.05 0.6 0.75 0.8 0.05 1.0 0.55 0.35 0.7 0.5 0.45 0.35 
-0.007158863569298179 0.5206406515712144 0.4261707880157991 0.45 0.65 0.45 0.95 0.55 1.0 1.0 0.1 0.6 0.35 0.7 0.45 0.95 0.5 0.5 0.6 0.4 0.7 0.35 0.0 1.0 0.15 1.0 0.5 0.55 0.3 0.85 0.7 0.55 0.45 1.0 0.0 0.25 0.5 0.75 0.05 
-0.00117410050377263 0.5243877077478069 0.580834278965879 0.25 0.8 0.7 0.05 0.55 0.25 0.9 0.25 0.75 0.1 0.45 0.55 0.6 0.4 0.75 0.2 0.45 0.35 0.0 0.05 0.6 0.55 0.2 0.15 0.95 0.95 0.7 0.35 0.05 0.7 1.0 1.0 0.3 0.65 0.1 0.9 
-0.24117940919910738 0.5085649040913094 0.4535086931464005 0.35 0.3 1.0 0.4 0.9 0.9 1.0 0.65 0.7 0.4 0.55 0.9 0.7 0.9 0.25 0.6 0.8 0.6 0.65 0.2 0.0 0.55 0.65 0.35 0.65 0.6 0.25 0.8 0.2 1.0 0.9 1.0 0.8 0.35 0.45 0.55 
-0.0005265056704531182 0.5226688499731695 0.5890945055320707 0.75 0.6 0.65 0.0 0.3 0.85 0.7 0.2 0.15 0.95 0.45 0.45 0.85 0.3 0.2 0.75 0.05 0.75 0.95 0.1 0.95 0.0 0.5 0.25 0.85 0.95 0.2 0.25 0.2 0.45 0.9 0.25 0.75 0.05 0.15 0.55 
-0.010953831152575717 0.5545362058480091 0.5745302734834659 0.45 0.65 0.45 0.95 0.6 0.3 1.0 0.1 0.55 0.35 0.7 0.45 0.95 0.75 0.8 0.85 0.35 0.2 0.55 0.3 0.55 0.15 0.95 0.5 1.0 0.3 0.4 0.85 0.7 0.5 1.0 0.7 0.25 0.5 0.75 0.6 
-0.0036808253392649213 0.41249798805445903 0.5235658458415228 0.8 0.45 0.7 0.45 0.35 0.15 0.75 0.65 0.25 0.8 0.0 0.4 0.9 0.9 0.6 0.35 0.1 0.2 0.6 0.15 0.0 0.8 0.55 0.4 1.0 0.55 0.65 1.0 0.95 0.1 0.85 0.85 0.35 0.9 0.45 0.45 
-0.00436244523595964 0.5829944388513068 0.45447424927636293 0.5 0.3 1.0 0.4 0.3 0.6 0.85 0.65 0.7 0.4 0.55 0.9 0.85 0.95 0.35 0.6 0.8 0.6 0.65 0.2 0.0 0.25 0.25 0.35 0.65 0.6 0.4 0.3 0.95 1.0 0.9 0.35 0.8 0.35 0.45 0.35 
-0.0010450956682336243 0.6094243430635344 0.49201014915609753 0.1 1.0 0.45 0.1 0.6 0.8 1.0 0.15 0.55 0.3 0.65 0.15 0.9 0.7 0.65 0.8 0.45 0.4 0.45 0.85 0.05 0.7 0.35 0.3 0.55 0.75 0.3 0.85 0.65 0.6 1.0 0.75 0.25 0.5 0.4 0.2 
-0.00630031987293996 0.4841669495385682 0.5701746856509363 0.75 0.55 0.15 0.8 0.65 0.25 0.8 0.85 0.55 0.55 0.7 0.35 0.0 0.9 0.25 0.3 0.15 0.8 0.7 0.4 0.0 0.8 0.45 0.35 0.85 0.15 0.8 0.75 0.55 0.3 1.0 0.4 0.5 0.5 0.05 0.5 
-0.0020192349602000618 0.393039090312431 0.5036582398622952 0.1 0.7 0.5 0.9 0.6 0.6 0.75 0.45 0.3 0.9 0.55 0.7 0.9 0.85 0.75 0.5 1.0 0.4 0.75 0.55 0.1 1.0 0.45 0.15 0.95 0.05 0.85 0.3 0.75 0.6 0.35 0.2 0.4 0.05 0.25 0.8 
-0.0075636617392048225 0.6114947196607101 0.5289407881451751 0.45 0.45 0.45 0.95 0.6 0.25 0.9 0.1 0.55 0.35 0.7 0.45 0.95 0.7 0.7 0.55 0.65 0.7 0.65 0.05 0.55 0.15 0.45 0.5 1.0 0.3 0.4 0.6 0.7 0.45 1.0 0.7 0.25 0.5 0.75 0.45 
-0.004390872784370022 0.34849694398411646 0.43634297892322604 0.05 0.1 0.7 0.35 0.0 0.7 1.0 0.65 0.3 0.65 0.95 0.4 0.8 0.3 0.7 0.65 0.35 0.7 0.95 0.05 0.7 0.85 0.95 0.35 1.0 0.55 0.65 0.8 0.95 0.1 0.95 0.95 0.75 1.0 0.65 0.5 
-0.016830699245141727 0.5960824528913242 0.5326186582691831 0.45 0.45 0.15 0.25 0.6 1.0 1.0 0.1 0.55 0.35 0.7 0.45 0.95 0.95 0.5 1.0 0.35 0.7 0.55 0.5 0.5 0.35 0.6 0.25 1.0 0.85 0.4 0.7 0.7 0.45 1.0 0.7 0.25 0.45 0.75 0.7 
-0.0037083745556369934 0.4383411832224135 0.5679408246526811 0.45 0.75 0.95 0.8 0.65 0.0 0.75 0.8 0.45 0.5 0.65 0.35 1.0 0.9 0.3 0.3 0.9 0.8 0.45 0.4 0.0 0.8 0.45 1.0 0.35 0.15 0.8 0.75 0.55 0.3 1.0 0.4 0.25 0.7 0.25 0.55 
-0.01093013738086315 0.4614270016065998 0.6077866178944242 0.7 0.75 0.95 0.8 0.65 0.85 0.75 1.0 0.45 0.5 0.7 0.35 1.0 0.9 0.3 0.35 0.05 0.8 0.9 0.4 0.0 0.8 0.45 1.0 0.65 0.15 0.8 0.75 0.55 0.3 1.0 0.4 0.45 0.65 0.25 0.55 
-0.02364398758840739 0.5548951507168071 0.44976770192812054 0.45 0.65 0.45 0.95 0.6 1.0 1.0 0.1 0.55 0.35 0.7 0.45 0.95 0.5 0.5 0.2 0.35 0.7 0.35 0.5 1.0 0.15 1.0 0.5 1.0 0.3 0.3 0.6 0.55 0.8 1.0 0.95 0.25 0.5 0.75 0.65 
-0.0005688996903865895 0.6197996100965221 0.5106593940039467 0.5 0.25 1.0 0.8 0.25 0.6 0.85 0.65 0.7 0.15 0.15 0.9 0.5 0.95 0.45 0.6 0.8 0.9 0.65 0.2 0.2 0.25 0.25 0.35 0.4 0.5 0.4 0.95 0.95 1.0 0.75 0.35 0.2 0.5 0.45 0.35 
-0.00047134955576975685 0.3723913941891378 0.5025812097103851 0.45 0.65 0.15 0.8 0.65 0.05 0.6 0.85 0.05 0.8 0.7 0.35 0.95 0.7 0.3 0.3 0.15 0.8 0.7 0.4 0.0 0.8 0.45 0.35 0.85 0.15 0.8 0.75 0.55 0.3 1.0 0.4 0.5 0.65 0.25 0.5 
-0.09289295403565251 0.5092107110856819 0.4314336756477456 0.5 0.25 0.65 0.4 0.1 0.6 1.0 0.65 0.85 0.5 0.55 0.9 0.85 0.95 0.35 0.3 0.8 0.9 0.75 0.2 0.0 0.85 0.25 0.35 0.7 0.8 0.4 0.1 0.95 1.0 0.9 0.05 0.95 0.35 0.45 0.35 
-0.0020215582372866254 0.5834608680110832 0.5376128385564989 0.1 1.0 0.45 0.1 0.6 0.8 1.0 0.15 0.55 0.3 0.65 0.15 0.9 0.7 0.65 0.8 0.45 0.4 0.45 0.85 0.05 0.7 0.35 0.15 0.55 0.15 0.3 0.85 0.65 0.6 1.0 0.75 0.25 0.5 0.4 0.2 
-0.00874895166616384 0.5338895538901669 0.586655011699129 0.45 0.45 0.45 0.55 0.6 0.85 0.4 0.1 0.55 0.35 0.8 0.45 0.7 0.25 0.6 0.8 0.35 0.8 0.55 0.3 0.55 0.15 0.95 0.5 1.0 0.3 0.4 0.85 0.7 0.45 1.0 0.7 0.25 0.5 0.25 0.7 
-0.0038860086902218647 0.3893300051468585 0.49577011709275925 0.1 0.3 0.5 0.9 0.6 1.0 0.2 0.05 0.3 0.9 0.55 0.7 0.95 0.05 0.8 0.5 1.0 0.45 0.65 0.55 0.35 1.0 0.8 0.15 0.95 0.35 0.6 0.0 0.75 0.4 0.5 0.2 0.2 0.55 0.1 0.85 
-0.009511410205300002 0.5705502131969786 0.5743667358859581 0.45 0.0 0.7 0.15 0.3 0.35 1.0 0.15 0.85 0.05 0.5 0.4 0.75 0.0 0.2 0.45 0.1 0.55 0.7 0.4 0.45 0.15 0.6 0.3 0.95 0.5 0.85 0.7 0.5 0.65 0.85 0.95 0.65 0.2 0.8 0.7 
-0.004156744544375851 0.5768026135809621 0.5873874954545519 0.75 0.6 0.65 0.9 0.3 0.35 0.75 0.5 0.15 0.9 0.45 0.4 0.9 0.25 0.45 0.5 0.05 0.8 0.95 0.05 0.95 1.0 0.5 0.25 0.75 0.9 0.2 0.25 0.2 0.45 0.9 0.25 0.7 0.1 0.15 0.55 
-0.004282723496675992 0.5908584273884032 0.43684676081819823 0.75 0.45 0.55 0.5 0.6 0.65 1.0 0.25 0.55 0.7 0.9 0.5 0.25 0.7 0.45 0.75 0.35 0.7 0.35 0.4 0.55 0.85 0.45 0.5 0.6 0.1 0.7 1.0 0.65 0.55 1.0 0.7 0.25 0.55 0.35 0.35 
-0.033348621333840714 0.4142326401393197 0.5473672374737606 0.75 0.65 0.15 0.8 0.65 0.0 0.7 0.8 0.55 0.75 0.7 0.35 1.0 0.9 0.3 0.3 0.15 0.8 0.7 0.4 0.0 0.85 0.45 0.35 0.85 0.15 0.8 0.75 0.55 0.3 1.0 0.4 0.05 0.65 0.25 0.5 
-0.024923308491569828 0.6296949329671492 0.5190053765860522 0.8 0.65 0.45 0.95 0.6 0.05 1.0 0.1 0.55 0.35 0.7 0.45 0.3 0.7 0.5 0.2 0.4 0.7 0.75 0.5 1.0 0.15 0.65 0.5 0.4 0.0 0.15 0.7 0.55 0.15 1.0 0.7 0.25 0.5 0.75 0.25 
-0.006003520529059235 0.6162695983315516 0.5398649870891888 0.45 0.45 0.45 0.25 0.6 1.0 1.0 0.1 0.55 0.35 0.7 0.45 0.95 0.95 0.5 1.0 0.65 0.7 0.55 0.5 0.5 0.15 0.6 0.25 1.0 0.3 0.4 0.7 0.7 0.45 1.0 0.7 0.25 0.45 0.75 0.7 
-0.0017947780143363322 0.6280538322021765 0.47511207387723514 0.7 0.4 0.45 0.95 0.6 0.05 1.0 0.1 0.55 0.35 0.7 0.45 0.95 0.7 0.5 0.2 0.35 0.75 0.1 1.0 1.0 0.15 0.45 0.4 0.15 0.35 0.0 0.1 0.55 0.45 0.8 0.7 0.25 0.5 0.75 0.25 
-0.007483999895722524 0.43467618197242974 0.5697166133073627 0.15 0.35 0.15 0.3 0.65 0.0 0.0 0.65 0.95 0.5 0.7 0.35 0.4 0.3 0.75 0.1 0.9 0.8 0.9 0.4 0.25 0.75 0.4 0.45 0.75 0.6 0.1 0.85 0.55 0.3 1.0 0.4 0.2 0.65 0.25 0.5 
-0.04525863229296301 0.45929628797614586 0.41380332367244965 0.2 0.45 0.7 0.25 0.75 0.15 0.7 0.65 0.25 0.7 0.0 0.4 0.65 0.3 0.6 0.0 0.1 0.6 0.6 0.1 0.0 0.8 0.45 0.15 1.0 0.55 0.7 1.0 0.95 0.55 0.3 0.4 0.6 0.8 0.45 0.45 
-0.00024023527704228006 0.3878430799081086 0.5428524764218129 0.75 0.8 0.15 0.55 0.05 0.05 0.6 0.85 0.55 0.55 0.7 0.35 1.0 0.9 0.3 0.3 0.4 0.8 0.7 0.25 0.0 0.8 0.45 0.35 0.9 0.15 0.8 0.75 0.55 0.3 0.35 0.4 0.5 0.65 0.25 0.5 
-0.0029135857238884646 0.6622604265566829 0.5568970849232027 0.45 0.65 0.45 0.95 0.6 1.0 1.0 0.1 0.7 0.35 0.7 0.0 0.65 0.7 0.5 0.85 0.5 0.7 0.35 0.5 1.0 0.15 0.45 0.5 1.0 0.3 0.3 0.7 0.55 0.45 1.0 0.75 0.25 0.4 0.75 0.65 
-0.018560025198031842 0.4327869262352831 0.42564205534125965 0.55 0.45 0.7 0.9 0.3 0.15 0.2 0.75 0.95 0.8 0.0 0.4 0.9 0.3 0.6 0.0 1.0 0.1 0.1 0.95 0.0 0.8 0.55 0.4 1.0 0.55 0.65 1.0 0.95 0.1 0.5 0.3 0.3 0.9 0.65 0.45 
-0.006118872727106864 0.6382440392515136 0.5520963431669691 0.45 0.45 0.45 0.95 0.65 0.95 0.85 0.15 0.55 0.8 0.7 0.2 0.95 0.7 0.85 0.95 0.35 0.7 0.35 0.3 0.15 0.15 0.95 0.35 1.0 0.3 0.4 0.85 0.65 0.8 1.0 0.7 0.25 0.55 0.75 0.6 
-0.05089544317472601 0.5267078115512779 0.6070713784674275 0.95 0.45 0.6 0.95 0.6 0.25 0.1 0.1 0.55 0.35 0.7 0.45 0.95 0.7 0.85 0.85 0.35 0.7 0.55 0.3 0.55 0.15 0.95 0.5 1.0 0.3 0.25 0.85 0.65 0.4 0.95 0.7 0.25 0.55 1.0 0.6 
-0.020005969647690847 0.4704324731220144 0.3440005422377408 0.1 0.2 0.5 0.55 0.6 0.55 1.0 0.05 0.3 0.9 0.55 0.7 0.9 0.95 0.4 0.65 1.0 0.4 0.65 0.55 0.8 1.0 0.45 0.15 0.95 0.1 0.85 0.45 0.5 0.25 0.3 0.45 0.4 0.05 0.9 0.9 
-0.007181152925000251 0.5746562950645353 0.39517976017924344 0.5 0.25 0.15 0.4 0.3 0.6 0.85 0.65 0.55 0.4 0.55 0.9 0.85 0.95 0.35 0.55 0.8 0.9 0.65 0.2 0.0 0.85 0.25 0.35 0.7 0.75 0.4 0.1 0.95 1.0 0.9 0.35 0.8 0.35 0.45 0.35 
-0.007733137132003396 0.40560505528827756 0.37163148305860005 0.1 0.2 0.5 0.55 0.6 0.55 1.0 0.05 0.3 0.9 0.55 0.7 0.9 0.95 0.75 0.65 1.0 0.4 0.65 0.55 0.8 1.0 0.0 0.15 0.95 0.1 0.85 0.45 0.5 0.25 0.3 0.45 0.4 0.05 0.9 0.9 
-0.030338643058414713 0.4957038380496593 0.40051875787908353 0.7 0.45 0.7 0.25 0.45 0.4 0.65 0.7 0.25 0.8 0.95 0.4 0.9 0.25 0.6 0.0 1.0 0.05 0.15 0.95 0.0 0.8 0.55 0.4 0.65 0.8 0.65 0.85 0.95 0.95 0.5 0.1 0.3 0.9 0.35 0.45 
-0.0029010962168349416 0.4551906216408899 0.3872634854934551 0.1 0.2 0.7 0.55 0.6 1.0 0.9 0.05 0.3 0.9 0.55 0.7 0.9 0.85 0.4 0.65 1.0 0.45 0.65 0.05 0.35 0.2 0.45 0.15 0.95 0.1 0.75 0.35 0.75 0.6 0.15 0.15 0.4 0.05 0.7 0.5 
-0.012858263574848061 0.6312823627647148 0.5615372304425471 0.45 0.45 0.45 0.95 0.65 0.95 0.85 0.15 0.55 0.4 0.7 0.2 0.95 0.7 0.85 0.95 0.35 0.7 0.75 0.3 0.15 0.15 0.95 0.35 0.05 0.3 0.4 0.85 0.65 0.8 1.0 0.7 0.25 0.8 0.75 0.6 
-0.00537770055080844 0.5436364134163713 0.41098993227329733 0.4 0.25 1.0 0.4 0.3 0.6 1.0 0.65 0.7 0.4 0.55 0.9 0.55 0.95 0.35 0.6 0.8 0.9 0.65 0.2 0.0 0.6 0.25 0.35 0.35 0.6 0.15 0.95 0.05 1.0 0.55 0.35 0.0 0.5 0.45 0.35 
-0.004790263348239513 0.6555141901547737 0.49604314558293217 0.5 1.0 0.45 0.1 0.6 0.95 1.0 0.1 0.55 0.45 0.75 0.2 0.95 0.7 0.7 0.85 0.45 0.75 0.85 0.7 0.55 0.7 0.35 0.15 0.7 0.3 0.4 0.75 0.65 0.6 1.0 0.75 0.65 0.55 0.75 0.75 
-0.00398685527000404 0.6428778259666132 0.43803909576194294 0.45 0.65 0.45 0.95 0.6 0.05 1.0 0.1 0.55 0.25 0.7 0.45 1.0 0.7 0.5 0.2 0.35 0.7 0.35 0.5 1.0 0.15 0.45 0.5 0.25 0.3 0.1 0.5 0.55 0.45 0.75 0.7 0.25 0.5 0.75 0.25 
-0.002531271844461253 0.38531646251954677 0.4368622870636631 0.05 0.1 0.9 0.35 0.0 1.0 0.7 0.65 0.3 0.55 0.85 0.4 0.8 0.3 0.7 0.95 0.15 0.85 0.0 0.75 0.0 0.8 0.15 0.35 1.0 0.5 0.7 0.8 0.95 0.1 1.0 0.95 0.0 0.9 0.45 0.5 
-0.01686957818337108 0.4404783611794023 0.41192821528492873 0.55 0.45 0.7 0.9 0.3 0.15 0.2 0.75 0.25 0.8 0.0 0.4 0.9 0.3 0.6 0.0 1.0 0.1 0.1 0.95 0.0 0.8 0.55 0.4 1.0 0.55 0.65 1.0 0.95 0.1 0.5 0.3 0.3 0.9 0.65 0.45 
-0.026114265687778547 0.42329038125593293 0.4026607592287784 0.2 0.55 0.7 0.25 0.35 0.15 0.9 0.65 0.25 0.6 0.0 0.4 0.85 0.3 0.6 0.0 0.4 0.05 0.6 0.1 0.95 0.8 0.45 0.4 1.0 0.55 0.65 0.7 0.45 0.85 0.35 0.1 0.65 0.8 0.45 0.55 
-0.013511048531751528 0.47953279076766075 0.3836288437529264 0.3 0.25 0.65 0.1 0.0 0.85 0.75 0.55 0.4 0.5 0.9 0.4 0.9 0.45 0.75 0.9 0.3 0.3 0.7 0.75 0.1 0.35 0.85 0.3 0.7 0.75 0.95 0.4 0.45 0.35 0.55 0.3 0.9 0.9 0.7 0.25 
-0.000427470405403207 0.5971773991958562 0.5585621445190131 0.45 0.45 0.45 0.95 0.6 0.25 1.0 0.1 0.55 0.35 0.7 0.45 0.95 0.7 0.9 0.15 0.35 0.7 0.55 0.5 0.55 0.15 0.95 0.5 1.0 0.3 0.4 0.6 0.7 0.45 1.0 0.7 0.25 0.5 0.1 0.6 
-0.0542654773328872 0.5543145131528785 0.38643489846301504 0.5 0.25 1.0 0.8 0.0 0.6 1.0 0.65 0.7 0.4 0.55 0.9 0.85 0.95 0.35 0.6 0.8 0.9 0.8 0.2 0.0 0.25 0.25 0.35 0.05 0.6 0.75 0.55 0.05 1.0 0.55 0.35 0.7 0.5 0.45 0.35 
-0.001043316286406134 0.35646027706991046 0.49390658955822125 0.2 0.45 0.7 0.75 0.35 0.15 0.55 0.65 0.25 0.5 0.95 0.4 0.9 0.5 0.6 0.0 0.1 0.35 0.2 1.0 0.0 0.8 0.75 0.4 1.0 0.55 0.65 0.8 0.95 0.2 1.0 0.95 0.45 0.1 0.45 0.45 
-0.0022161245494458958 0.38151573734016286 0.46190072494993467 0.1 0.2 0.5 0.55 0.7 0.2 0.2 0.05 0.2 0.5 0.55 0.7 0.95 0.85 0.4 0.3 1.0 0.45 0.65 0.55 0.1 1.0 0.8 0.15 1.0 0.1 0.75 0.45 0.5 0.25 0.3 0.2 0.4 0.05 0.45 0.3 
-0.010355150580897022 0.46940359251284963 0.6352288436032104 0.75 0.0 0.15 0.8 0.65 0.85 0.85 0.85 0.55 0.55 0.7 0.35 1.0 0.9 0.05 0.3 0.15 0.8 0.4 0.9 0.0 0.8 0.75 0.35 1.0 0.15 0.75 0.8 0.55 0.3 0.95 0.4 0.5 0.65 0.25 0.5 
-0.0025170819632896464 0.6291826435017434 0.4057561816234123 0.5 0.65 0.15 0.4 0.55 0.6 0.95 0.65 0.55 0.5 0.55 0.9 0.65 0.95 0.35 0.6 0.8 0.95 0.75 0.2 0.0 0.55 0.2 0.35 0.85 0.8 0.4 0.2 0.35 1.0 0.9 0.35 0.8 0.35 0.45 0.35 
-0.0026557201212990106 0.3612804820007301 0.5121720131221709 0.05 0.1 0.7 0.35 0.2 1.0 0.9 0.65 0.8 0.55 0.95 0.4 1.0 0.3 0.7 0.65 0.15 1.0 0.8 0.0 0.0 0.9 0.15 0.35 1.0 0.55 0.65 0.8 0.95 0.1 0.7 0.95 0.4 0.9 0.35 0.5 
-0.026439567396609017 0.48691702222894634 0.3487750189082385 0.05 0.1 0.7 0.35 0.0 1.0 0.95 0.65 0.3 0.95 0.95 0.4 0.9 0.3 0.7 0.65 0.45 0.85 0.1 0.0 0.0 0.15 0.05 0.35 1.0 0.55 0.65 0.95 0.95 0.65 0.45 0.2 0.5 0.9 0.45 0.5 
-0.0019956401510384625 0.4701047599165914 0.6052667210710408 0.7 0.75 0.95 0.8 0.65 0.5 0.75 1.0 0.45 0.5 0.7 0.35 0.85 0.9 0.3 0.35 0.05 1.0 0.9 0.4 0.0 0.8 0.45 1.0 0.65 0.15 0.8 0.75 0.55 0.3 1.0 0.4 0.45 0.65 0.25 0.55 
-0.007624386723992716 0.43526413684452364 0.58254835391612 0.65 0.8 0.15 0.8 0.65 0.85 0.55 0.85 0.55 0.55 0.7 0.35 1.0 0.95 0.3 0.3 0.15 0.8 0.55 0.4 0.3 0.8 0.75 0.1 0.3 0.15 0.8 0.8 0.55 0.3 1.0 0.4 0.5 0.65 0.25 0.5 
-0.16957042342367679 0.49979915154301086 0.3902932731409668 0.1 0.2 0.65 0.55 0.6 1.0 0.9 0.05 0.3 0.9 0.55 0.55 0.9 0.85 0.4 0.65 1.0 0.45 0.65 0.05 0.35 0.2 0.45 0.15 0.95 0.1 0.75 0.35 0.75 0.6 0.15 0.15 0.4 1.0 0.7 0.5 
-0.010300489129675842 0.35798100833283125 0.4793013568229531 0.8 0.45 0.7 0.45 0.35 0.15 0.75 0.65 0.25 0.8 0.8 0.4 0.9 0.15 0.6 0.15 0.75 0.35 0.6 0.15 0.0 0.8 0.55 0.4 1.0 0.55 0.65 1.0 0.95 0.1 0.85 0.85 0.35 0.05 0.45 0.45 
-0.049399701999134384 0.49555399168098324 0.40451836164600846 0.7 0.45 0.7 0.6 0.45 0.4 0.65 0.7 0.25 0.8 0.95 0.4 0.9 0.25 0.6 0.0 1.0 0.05 0.15 0.95 0.0 0.8 0.55 0.4 0.65 0.8 0.6 0.85 0.95 0.95 0.5 0.1 0.3 0.9 0.35 0.45 
-0.0012232142287993137 0.41292467607512107 0.4223410707145251 0.05 0.1 0.7 0.35 0.0 0.7 0.95 0.65 0.3 0.55 0.95 0.4 0.75 0.3 0.7 0.65 0.15 0.7 0.95 0.0 0.0 0.85 0.45 0.35 1.0 0.55 0.65 1.0 0.95 0.55 0.95 0.95 0.05 1.0 0.45 0.5 
-0.027070548301535845 0.3250410309657128 0.5077275724937036 0.2 0.45 0.7 0.75 0.35 0.15 0.55 0.65 0.25 0.5 0.95 0.4 0.9 0.3 0.6 0.0 0.1 0.35 0.2 1.0 0.0 0.8 0.75 0.4 1.0 0.55 0.65 0.8 0.95 0.2 1.0 0.95 0.45 0.1 0.45 0.45 
-0.027438455116987337 0.4072266009336287 0.40578441795098025 0.05 0.1 0.7 0.35 0.0 0.7 0.95 0.65 0.3 0.55 0.95 0.4 0.75 0.3 0.7 0.65 0.15 0.7 0.95 0.0 0.0 0.85 0.45 0.35 1.0 0.4 0.65 1.0 0.95 0.55 0.95 0.75 0.05 1.0 0.45 0.5 
-0.019055722716058016 0.3703438520602852 0.37902664541085906 0.7 0.6 0.7 0.35 0.0 1.0 0.95 0.7 0.3 0.95 0.95 0.4 1.0 0.3 0.7 0.65 0.85 0.85 0.1 0.0 0.0 0.15 0.15 0.35 1.0 0.25 0.65 0.55 0.05 0.2 0.7 0.0 0.5 0.9 0.45 0.5 
-0.021016996956940488 0.45074762622255693 0.3436643868411274 0.5 0.1 0.7 0.25 0.35 0.15 1.0 0.65 0.25 0.85 0.0 0.4 0.9 0.3 0.6 0.0 0.1 0.45 0.6 0.95 0.0 0.8 0.55 0.35 1.0 0.55 0.65 0.6 1.0 0.1 0.3 0.3 0.35 0.9 0.45 0.45 
-0.006083664032865152 0.6603803873097149 0.4730954300306575 0.5 1.0 0.45 0.1 0.6 0.95 1.0 0.15 0.55 0.45 0.65 0.2 0.95 0.05 0.65 0.85 0.45 0.75 0.6 0.2 0.55 0.7 0.35 0.15 0.65 0.3 0.65 0.75 0.6 0.6 1.0 0.75 0.25 0.55 0.4 0.3 
-0.01727144653431123 0.4491557178390719 0.37129901830222256 0.1 0.2 0.7 0.55 0.6 1.0 0.9 0.05 0.3 0.9 0.55 0.7 0.9 0.85 0.4 0.65 1.0 0.45 0.65 0.05 0.35 0.2 0.45 0.15 0.65 0.1 0.75 0.55 0.75 0.55 0.15 0.95 0.4 0.05 0.7 0.5 
-0.007385667467424443 0.38450822247955013 0.4330624427570965 0.2 0.55 0.7 0.25 0.35 0.15 0.9 0.65 0.75 0.5 0.0 0.4 0.85 0.3 0.6 0.0 0.1 0.05 0.6 0.1 0.95 0.8 0.45 0.4 1.0 0.55 0.65 0.7 0.9 0.2 0.35 0.0 0.65 0.8 0.45 0.55 
-0.01807845654261268 0.6739824350166048 0.5365940782297595 0.45 0.45 0.45 0.95 0.6 0.25 1.0 0.1 0.55 0.35 0.7 0.45 0.95 0.7 0.9 0.85 0.35 0.7 0.55 0.5 0.55 0.15 0.45 0.5 1.0 0.3 0.4 0.6 0.7 0.45 1.0 0.3 0.25 0.5 0.75 0.6 
-0.04583189947316564 0.5196164721030246 0.6223865625993055 0.45 0.45 0.45 0.55 0.6 0.5 0.45 0.1 0.55 0.35 0.7 0.45 0.7 0.25 0.6 0.8 0.35 0.7 0.55 0.3 0.55 0.7 0.95 0.15 1.0 0.3 0.4 0.85 0.7 0.45 1.0 0.7 0.25 0.5 0.9 0.7 
-0.045945465362028044 0.35001380942774707 0.4114868205280549 0.05 0.1 0.7 0.35 0.0 0.9 0.6 0.65 0.3 0.55 0.95 0.4 1.0 0.3 0.75 0.65 0.15 0.85 0.1 0.0 0.0 0.4 0.15 0.35 1.0 0.55 0.65 0.8 0.95 0.1 0.25 0.8 0.75 0.65 0.45 0.5 
-0.048649745958321694 0.5232935152471703 0.3903219706428649 0.45 0.65 0.45 0.95 0.55 1.0 1.0 0.1 0.6 0.35 0.7 0.45 0.95 0.5 0.5 0.2 0.4 0.7 0.35 0.0 1.0 0.15 1.0 0.5 0.55 0.3 0.85 0.7 0.55 0.45 1.0 0.0 0.25 0.5 0.75 0.0 
-0.07059402018723718 0.5074726901817774 0.6214743658635542 0.95 0.45 0.6 0.95 0.6 0.7 1.0 0.1 0.55 0.35 0.3 0.45 0.95 0.7 0.35 0.85 0.3 0.7 0.55 0.55 0.55 0.15 0.95 0.5 1.0 0.3 0.5 0.85 0.65 0.4 0.95 0.7 0.25 0.55 0.75 0.6 
-0.006138002190805969 0.32055549120218263 0.4648622576390425 0.2 0.55 0.7 0.25 0.1 0.05 0.75 0.65 0.25 0.5 0.0 0.35 0.85 0.3 0.6 0.0 0.1 0.05 0.3 0.1 0.95 0.85 0.45 0.4 1.0 0.55 0.65 0.75 0.95 0.2 0.3 0.1 0.9 0.85 0.45 0.55 
-0.0050686034082426615 0.34671691126144166 0.5324671332981465 0.2 0.85 0.7 0.9 0.45 0.15 0.2 0.75 1.0 0.9 0.0 0.4 0.9 0.3 0.6 0.0 1.0 0.05 0.7 0.95 0.0 0.8 0.55 0.4 1.0 0.55 0.65 1.0 0.95 0.15 0.5 0.55 0.3 0.9 0.35 0.45 
-0.008205362367277353 0.5885588635783836 0.422089782332223 0.45 0.65 0.45 0.95 0.55 1.0 1.0 0.1 0.6 0.35 0.85 0.45 0.95 0.5 0.5 0.6 0.4 0.7 0.35 0.0 1.0 0.15 1.0 0.5 0.55 0.3 0.85 0.15 0.55 0.4 1.0 0.0 0.25 0.5 0.75 0.0 
-0.00019133484579821218 0.5844635623346126 0.590447432063537 0.1 1.0 0.45 0.1 0.6 0.8 1.0 0.15 0.55 0.3 0.65 0.15 0.9 0.7 0.95 0.8 0.45 0.4 0.45 0.85 0.05 0.7 0.35 0.15 0.55 0.15 0.3 0.85 0.65 0.6 1.0 0.75 0.25 0.5 0.4 0.95 
-0.05465759858136496 0.47210323042477575 0.3205886398580372 0.1 0.5 0.5 0.55 0.7 0.2 1.0 0.05 0.4 0.5 0.55 0.7 0.95 0.85 0.4 0.3 1.0 0.45 0.65 0.55 0.1 1.0 0.8 0.45 1.0 0.1 0.75 0.45 0.5 0.25 0.25 0.25 0.65 0.05 0.45 0.3 
-0.18244396852660563 0.48570939462855367 0.6105207823112591 0.45 0.75 0.95 0.8 0.65 0.0 0.85 1.0 0.45 0.5 0.7 0.35 1.0 0.9 0.3 0.05 0.05 0.8 0.9 0.4 0.0 0.8 0.45 1.0 0.85 0.15 0.8 0.75 0.55 0.2 1.0 0.4 0.25 0.65 0.25 0.55 
-0.004325166986400717 0.34203731386389946 0.4347355097187229 0.05 0.2 0.7 0.35 0.8 1.0 0.95 0.65 0.3 0.95 0.95 0.4 0.9 0.3 0.4 0.65 0.45 0.85 0.1 0.0 0.0 0.15 0.15 0.35 1.0 0.55 0.65 0.95 0.95 0.2 0.45 0.95 0.45 0.9 0.45 0.5 
-0.016055755213562832 0.43441900874721917 0.3934139474065886 0.65 0.2 0.5 0.65 0.0 0.2 0.7 0.05 0.4 0.7 0.5 0.7 0.95 0.85 0.4 0.2 1.0 0.45 0.65 0.3 0.1 1.0 0.3 0.2 0.55 0.1 0.75 0.45 0.5 0.25 0.4 0.2 0.4 0.05 0.6 0.75 
-0.011144976201192898 0.4337758543579083 0.6314079327503781 0.45 0.75 0.95 0.9 0.8 0.95 0.6 0.75 0.55 0.5 0.65 0.35 0.65 0.9 0.3 0.2 0.65 0.8 0.25 0.2 0.0 0.8 0.3 0.9 0.85 0.15 0.8 0.75 0.55 0.3 1.0 0.4 0.25 0.55 0.25 0.55 
-0.016328066468790866 0.4704884357132911 0.3511868605305143 0.2 0.45 0.7 0.25 0.35 0.15 0.75 0.65 0.25 0.5 0.0 0.45 1.0 0.3 0.6 0.0 0.1 0.35 0.6 0.4 0.0 0.8 0.55 0.4 1.0 0.55 0.65 1.0 0.05 0.1 0.9 0.8 0.35 0.9 0.45 0.45 
-0.01240931244101677 0.5967744456033904 0.5864327169083874 0.1 1.0 0.45 0.1 0.6 0.8 1.0 0.15 0.55 0.3 0.65 0.15 0.9 0.7 1.0 0.8 0.45 0.4 0.6 0.85 0.05 0.7 0.35 0.15 0.55 0.15 0.3 0.85 0.65 0.6 1.0 0.75 0.25 0.5 0.4 0.95 
-0.0008481943617146886 0.4574975361767021 0.3506035099693591 0.65 0.2 0.5 0.65 0.0 0.2 1.0 0.05 0.4 0.7 0.5 0.7 0.95 0.85 0.4 0.2 1.0 0.45 0.65 0.3 0.1 1.0 0.3 0.2 0.95 0.1 0.75 0.45 0.5 0.25 0.4 0.75 0.4 0.05 0.75 0.75 
-0.010852802851175496 0.5461682557143465 0.6094543139018339 0.45 0.4 0.45 0.95 0.6 0.3 1.0 0.1 0.55 0.35 0.7 0.45 0.95 0.75 0.9 0.85 0.35 0.25 0.6 0.3 0.55 0.15 0.95 0.5 1.0 0.3 0.6 0.2 0.7 0.5 1.0 0.85 0.25 0.4 0.75 0.6 
-0.016841244688856852 0.46283489643971054 0.3815921071023629 0.1 0.2 0.5 0.55 0.45 0.2 1.0 0.0 0.4 0.5 0.55 0.7 0.95 0.85 0.4 0.7 1.0 0.45 0.65 0.55 0.1 1.0 0.65 0.15 0.6 0.1 0.75 0.45 0.5 0.25 0.25 0.4 0.85 0.05 0.2 0.3 
-0.06321620056951328 0.3465496300574798 0.40559854180108934 0.05 0.1 0.7 0.35 0.0 0.2 0.6 0.65 0.3 0.55 0.95 0.4 1.0 0.3 0.75 0.65 0.15 0.85 0.1 0.0 0.0 0.4 0.15 0.35 1.0 0.55 0.65 0.8 0.95 0.1 0.25 0.8 0.35 0.65 0.45 0.5 
-0.03375265374870161 0.43375111030112595 0.3476078468035395 0.1 0.2 0.7 0.55 0.6 1.0 0.9 0.05 0.3 0.9 0.55 0.7 0.9 0.85 0.4 0.65 1.0 0.45 0.65 0.05 0.35 0.2 0.45 0.15 0.95 0.1 0.75 0.55 0.75 0.6 0.15 0.95 0.4 0.05 0.7 0.5 
-0.005660408980682636 0.4433424625236912 0.6534346219874263 0.75 0.0 0.15 0.8 0.65 0.85 0.85 0.85 0.55 0.55 0.7 0.35 1.0 0.9 0.15 0.3 0.15 0.4 0.4 0.4 0.0 0.8 0.75 0.35 1.0 0.15 0.75 0.8 0.55 0.3 0.95 0.4 0.5 0.55 0.25 0.5 
-0.010097421714244752 0.6135643679473655 0.43666925006279256 0.5 1.0 0.45 0.1 0.6 0.95 1.0 0.15 0.4 0.55 0.65 0.2 0.7 0.7 0.65 0.85 0.45 0.75 0.85 0.2 0.55 0.8 0.35 0.15 0.8 0.85 0.9 0.75 0.65 0.6 0.2 0.75 0.25 0.75 0.4 0.3 
-0.07799753056278233 0.5119805520940229 0.6506338068826218 0.45 0.45 0.45 0.55 0.6 0.85 1.0 0.1 0.55 0.35 0.7 0.45 0.7 0.25 0.6 0.8 0.35 0.7 0.55 0.3 0.55 0.15 0.95 0.5 1.0 0.3 0.4 0.85 0.7 0.45 1.0 0.7 0.25 0.6 0.9 0.7 
-0.0014233822740188314 0.6779649191902922 0.4802322833881526 0.45 0.65 0.45 0.95 0.6 0.05 1.0 0.1 0.55 0.35 0.7 0.45 0.95 0.7 0.5 0.2 0.4 0.7 0.75 0.5 1.0 0.15 0.65 0.5 0.4 0.0 0.15 0.7 0.55 0.15 1.0 0.7 0.25 0.5 0.75 0.25 
-0.00716628203652481 0.40294056340769263 0.5770455450087603 0.7 0.65 0.15 0.8 0.65 0.0 0.75 0.85 0.55 0.55 0.7 0.35 0.5 0.9 0.3 0.0 0.1 0.8 0.7 0.4 0.0 0.8 0.45 0.35 0.4 0.15 0.85 0.75 0.55 0.3 1.0 0.4 0.5 0.8 0.25 0.5 
-0.007769962150122687 0.5984849093183278 0.6155894830716493 0.45 0.45 0.45 0.95 0.6 0.25 1.0 0.1 0.55 0.35 0.7 0.45 0.95 0.7 0.9 0.15 0.35 0.7 0.55 0.5 0.55 0.15 0.95 0.5 1.0 0.3 0.4 0.6 0.7 0.45 1.0 0.7 0.25 0.5 0.75 0.6 
-0.12440673743017613 0.48563049639284556 0.29866951926485497 0.1 0.2 0.5 0.65 0.0 0.2 1.0 0.05 0.4 0.7 0.55 0.7 0.95 0.85 0.4 0.85 1.0 0.45 0.65 0.3 0.1 1.0 0.65 0.35 1.0 0.1 0.75 0.45 0.5 0.25 0.3 0.2 0.4 0.05 0.6 0.3 
-0.02875849639150926 0.612811900452306 0.40437473224284226 0.5 0.1 0.15 0.4 0.3 0.8 0.85 0.65 0.55 0.4 0.55 0.9 0.85 0.95 0.4 0.55 0.8 0.9 0.65 0.2 0.0 0.85 0.25 0.35 0.95 0.35 0.4 0.1 0.0 1.0 0.9 0.35 0.8 0.35 0.45 0.35 
-2.9649433442727233e-05 0.6395944561588287 0.5905786404578394 0.15 0.45 0.45 0.0 0.6 0.0 1.0 0.1 0.8 0.75 0.7 0.45 0.95 0.7 0.9 0.55 0.35 0.7 0.55 0.3 0.55 0.15 0.95 0.5 1.0 0.3 0.4 0.85 0.7 0.75 1.0 0.65 0.25 0.5 0.75 0.6 
-0.0017970207344316172 0.529080489770743 0.6404571449039446 0.45 0.45 0.45 0.95 0.65 0.0 1.0 0.1 0.2 0.35 0.7 0.2 0.15 0.05 0.9 0.85 0.35 0.7 0.05 0.3 0.55 0.15 0.95 0.5 1.0 0.3 0.4 0.95 0.65 0.45 1.0 0.7 0.25 0.55 0.75 0.6 
-0.015927451972223377 0.6281170111595898 0.608729296663618 0.45 0.45 0.45 0.95 0.65 0.95 1.0 0.15 0.55 0.65 0.7 0.4 0.95 0.7 0.85 0.4 0.35 0.7 0.55 0.3 0.55 0.15 0.95 0.5 1.0 0.3 0.4 0.85 0.65 0.45 1.0 0.7 0.25 0.55 0.95 0.6 
-0.006166240658559738 0.4069969863327323 0.3476453526171569 0.5 0.1 0.7 0.25 0.35 0.15 1.0 0.65 0.25 0.85 0.0 0.4 0.9 0.3 0.6 0.0 0.1 0.45 0.6 0.95 0.0 0.8 0.55 0.35 1.0 0.55 0.65 0.7 1.0 0.1 0.3 0.3 0.35 0.9 0.45 0.45 
-0.0022152603060099137 0.39469838134695284 0.39627378883812514 0.05 0.1 0.7 0.35 0.0 0.35 0.6 0.65 0.3 0.55 0.95 0.4 1.0 0.3 0.7 0.65 0.15 0.35 0.15 0.0 0.0 0.8 0.15 0.35 1.0 0.55 0.65 0.8 0.95 0.1 0.7 0.95 0.45 0.9 0.45 0.5 
-0.0032379463184744736 0.5465118424839935 0.3924834813819567 0.5 0.25 1.0 0.8 0.0 0.6 1.0 0.65 0.7 0.4 0.55 0.9 0.85 0.95 0.35 0.6 0.8 0.9 0.8 0.2 0.0 0.25 0.25 0.6 0.05 0.6 1.0 0.55 0.05 1.0 0.45 0.35 0.7 0.5 0.45 0.35 
-0.01398299938110668 0.36332678218103476 0.40031260509681454 0.2 0.55 0.7 0.25 0.35 0.15 0.9 0.65 0.25 0.2 0.0 0.4 0.85 0.3 0.6 0.0 0.1 0.05 0.6 0.1 0.95 0.8 0.45 0.4 1.0 0.55 0.65 0.7 0.9 0.2 0.35 0.1 0.85 0.8 0.45 0.55 
-0.08678501054814698 0.49681053563332417 0.33624870914802485 0.1 0.2 0.5 0.55 0.7 0.2 1.0 0.05 0.4 0.5 0.55 0.7 0.95 0.85 0.4 0.3 1.0 0.45 0.65 0.55 0.1 1.0 0.8 0.15 1.0 0.1 0.75 0.45 0.5 0.25 0.25 0.2 0.9 0.05 0.45 0.3 
-0.015468664372550477 0.6110878973599273 0.6336085998652191 0.45 0.4 0.45 0.95 0.6 0.3 1.0 0.1 0.55 0.35 0.7 0.45 0.95 0.75 0.9 0.85 0.35 0.65 0.55 0.3 0.55 0.15 0.95 0.5 1.0 0.3 0.4 0.85 0.7 0.5 1.0 0.85 0.25 0.4 0.75 0.6 
-0.008884293581173163 0.5649946905678676 0.6191164997250391 0.45 0.45 0.45 0.55 0.6 0.0 1.0 0.0 0.55 0.35 0.7 0.45 0.8 0.25 0.9 0.8 0.35 0.7 0.55 0.3 0.55 0.15 1.0 0.5 1.0 0.3 0.4 0.85 0.7 0.45 1.0 0.7 0.2 0.5 0.9 0.6 
-0.018550076172994222 0.5802999341238627 0.6248371613043964 0.15 0.45 0.45 0.0 0.6 0.0 0.85 0.1 0.8 0.75 0.7 0.45 0.95 0.7 0.95 0.55 0.35 0.7 0.55 0.3 0.55 0.15 0.95 0.5 1.0 0.3 0.4 0.8 0.7 0.55 1.0 0.65 0.25 0.3 0.75 0.6 
-0.018161480223308116 0.6335563931800706 0.42363908998256655 0.45 0.65 0.45 0.95 0.6 0.05 1.0 0.1 0.55 0.25 0.7 0.45 1.0 0.7 0.5 0.2 0.35 0.65 0.95 0.5 1.0 0.15 0.45 0.5 0.25 0.3 0.1 0.7 0.55 0.45 0.75 0.7 0.25 0.5 0.75 0.25 
-0.015993627690230897 0.5340731672066059 0.4022579349880238 0.5 0.25 1.0 0.8 0.0 0.6 1.0 0.65 0.7 0.4 0.55 0.9 0.65 0.95 0.4 0.6 0.8 0.9 0.8 0.2 0.0 0.3 0.25 0.35 0.05 0.6 0.75 0.55 0.05 1.0 0.15 0.35 0.7 0.5 0.45 0.35 
-0.009174400148562354 0.43325737316630375 0.6526855979848918 0.65 0.8 0.15 0.85 0.65 0.85 0.85 0.85 0.55 0.55 0.7 0.35 1.0 0.95 0.3 0.1 0.15 0.8 0.55 0.4 0.0 0.8 0.75 0.1 1.0 0.15 0.8 0.8 0.55 0.3 0.75 0.4 0.5 0.65 0.25 0.5 
-0.0049481006143823345 0.3795020897331275 0.35325726663973556 0.3 0.1 0.7 0.25 0.35 0.15 1.0 0.65 0.25 0.9 0.0 0.4 0.9 0.3 0.6 0.0 0.1 0.45 0.6 0.95 0.0 0.8 0.55 0.35 1.0 0.55 0.65 0.7 1.0 0.1 0.3 0.3 0.85 0.9 0.45 0.45 
-0.03894932636921066 0.3266235164238859 0.49816639043700744 1.0 0.45 0.7 0.75 0.35 0.15 0.55 0.65 0.25 0.5 0.95 0.4 0.9 0.3 0.6 0.0 0.1 0.35 0.85 0.2 0.0 0.8 0.75 0.4 0.9 0.55 0.65 0.8 0.95 0.2 1.0 0.95 0.45 0.4 0.45 0.45 
-0.04494240304153911 0.42299731961076503 0.34306832045690944 0.65 0.2 0.5 0.65 0.0 0.2 1.0 0.05 0.4 0.7 0.5 0.7 0.95 0.85 0.4 0.2 1.0 0.45 0.65 0.3 0.1 1.0 0.3 0.2 0.95 0.1 0.75 0.45 0.5 0.25 0.4 0.2 0.4 0.05 0.6 0.75 
-0.011077083339713259 0.49107432787370203 0.6311068343338369 0.45 0.75 0.95 0.8 0.65 0.0 0.85 1.0 0.45 0.5 0.7 0.35 1.0 0.9 0.3 0.3 0.05 0.8 0.9 0.4 0.0 0.8 0.45 1.0 0.85 0.15 0.8 0.75 0.55 0.3 1.0 0.4 0.25 0.65 0.25 0.55 
-0.013442918018355619 0.3925755304389146 0.30894483782036797 0.7 0.6 0.7 0.35 0.2 1.0 0.95 0.7 0.3 0.95 0.95 0.4 1.0 0.3 0.7 0.65 0.45 0.85 0.1 0.35 0.0 0.15 0.15 0.35 1.0 0.55 0.65 0.55 0.05 0.2 0.25 0.0 0.5 0.8 0.45 0.5 
-0.02392729967883724 0.3577999705008764 0.5827312117637897 0.45 0.75 0.95 0.8 0.65 0.0 0.6 0.1 0.55 0.5 0.7 0.75 1.0 0.9 0.3 0.0 0.9 0.8 0.9 0.4 0.05 0.8 0.45 0.35 0.85 0.15 0.65 0.75 0.55 0.3 1.0 0.4 0.25 0.65 0.25 0.5 
-0.0058316648166439194 0.35330418710557165 0.35538973686571385 0.65 0.35 0.0 0.35 0.0 0.75 0.8 0.65 0.3 0.95 0.95 0.4 0.9 0.3 0.7 0.15 0.1 0.1 0.1 0.0 0.0 0.15 0.15 0.35 1.0 0.55 0.65 0.55 0.95 0.2 0.2 0.95 0.35 0.95 0.45 0.5 
-0.023167960260167018 0.36661182154086913 0.5353516236110537 0.1 0.2 0.5 0.55 0.6 1.0 0.35 0.05 0.5 0.9 0.55 0.7 0.9 0.85 0.4 0.65 1.0 0.45 0.65 0.55 0.0 1.0 0.45 0.15 0.95 0.05 0.75 0.35 0.75 0.6 0.7 0.2 0.4 0.05 0.8 0.35 
-0.0028184420725109014 0.6441546064024906 0.5408138817239574 0.5 0.3 0.45 0.9 0.6 0.95 1.0 0.1 0.55 0.45 0.65 0.2 0.95 0.7 0.7 0.85 0.45 0.75 0.85 0.7 0.55 0.7 0.5 0.15 0.7 0.3 0.2 0.35 0.65 0.6 1.0 0.75 0.15 0.0 0.75 0.75 
-0.2178432015466207 0.5073824540123795 0.36825893600060233 0.5 1.0 0.2 0.35 0.9 0.95 1.0 0.15 0.55 0.55 1.0 0.15 0.95 0.7 0.65 0.85 0.45 0.75 0.85 0.3 0.55 0.8 0.35 0.15 0.75 0.85 0.5 0.75 0.65 0.6 1.0 0.75 0.25 0.85 0.4 0.3 
-0.0024879188190272796 0.6810844410007523 0.4607357224449367 0.45 0.65 0.45 0.95 0.6 0.05 1.0 0.1 0.55 0.35 0.7 0.45 0.95 0.7 0.5 0.2 0.4 0.7 0.75 0.5 1.0 0.15 0.45 0.5 0.5 0.0 0.15 0.7 0.55 0.45 1.0 0.7 0.25 0.5 0.75 0.25 
-0.02825496801353329 0.43387227248795013 0.68850980309516 0.35 0.8 0.15 0.8 0.65 0.85 0.85 0.85 0.55 0.55 0.7 0.35 1.0 0.95 0.3 0.3 0.15 0.8 0.55 0.4 0.3 0.8 0.75 0.1 1.0 0.15 0.7 0.8 0.55 0.3 1.0 0.4 0.5 0.65 0.25 0.5 
-0.06173336268945461 0.35234560779878543 0.3898853675400186 0.05 0.1 0.7 0.35 0.0 1.0 0.6 0.65 0.3 0.55 0.95 0.4 1.0 0.3 0.7 0.65 0.15 0.85 0.1 0.0 0.0 0.8 0.15 0.35 1.0 0.55 0.65 0.8 0.95 0.1 0.7 0.8 0.45 0.65 0.45 0.5 
-0.031035447877019166 0.45238371683227097 0.3215895947797518 0.1 0.2 0.5 0.65 0.0 0.2 0.9 0.05 0.4 0.9 0.55 0.7 0.95 0.85 0.4 0.85 1.0 0.45 0.75 0.3 0.4 1.0 0.65 0.35 1.0 0.1 0.75 0.45 0.5 0.25 0.3 0.2 0.4 0.05 0.6 0.3 
-0.012246680864500373 0.39103026802321666 0.5965680327978491 0.5 0.45 1.0 0.9 0.85 0.15 0.5 0.75 0.25 0.95 0.0 0.95 0.9 0.3 0.6 0.0 0.05 0.1 0.1 0.0 0.0 0.8 0.55 0.4 1.0 0.55 0.75 0.85 0.95 0.15 0.95 0.85 0.3 0.8 0.35 0.45 
-0.3180757996581692 0.463487168242735 0.655835090269439 0.75 0.0 0.15 0.8 0.65 0.85 0.85 0.85 0.55 0.55 0.7 0.35 1.0 0.9 0.15 0.3 0.15 0.8 0.4 0.4 0.0 0.8 0.75 0.35 1.0 0.15 0.75 0.8 0.55 0.3 0.95 0.4 0.5 0.65 0.25 0.5 
-0.011289593766213508 0.3778718489776387 0.5627600929469004 0.45 0.75 0.95 0.35 0.65 0.0 0.5 0.1 0.55 0.5 0.7 0.95 1.0 0.9 0.3 0.0 0.9 0.8 0.9 0.4 0.05 0.8 0.45 0.35 0.85 0.15 0.8 0.75 0.55 0.3 1.0 0.4 0.25 0.9 0.25 0.25 
-0.0007338426611622281 0.3878274896079952 0.3438697137082191 0.3 0.1 0.7 0.25 0.35 0.15 1.0 0.65 0.25 0.9 0.0 0.4 0.9 0.3 0.6 0.0 0.1 0.45 0.6 0.95 0.0 0.8 0.55 0.35 1.0 0.55 0.65 0.7 1.0 0.1 0.3 0.3 0.85 0.9 0.45 0.45 
-0.012539651954982313 0.42277283550012745 0.6291542912022267 0.45 0.75 0.95 0.9 0.65 0.95 0.6 0.75 0.55 0.5 0.7 0.35 0.65 0.9 0.3 0.2 0.65 0.8 0.9 0.2 0.0 0.8 0.45 0.9 0.85 0.15 0.8 0.75 0.55 0.3 1.0 0.4 0.25 0.55 0.25 0.55 
-0.02285964607007256 0.3180763828538734 0.558445153303457 0.75 0.8 0.85 0.7 0.6 0.05 1.0 0.85 0.55 0.55 0.7 0.35 1.0 0.75 0.3 0.3 0.15 0.8 0.6 0.4 0.0 0.8 0.25 0.35 0.95 0.15 0.8 0.85 0.55 0.2 0.75 0.4 0.5 0.65 0.25 0.5 
-0.22898773137002706 0.44881421689669765 0.67356556765662 0.75 0.65 0.15 0.8 0.65 0.05 0.8 0.85 0.55 0.55 0.7 0.35 1.0 0.9 0.25 0.4 0.15 0.8 0.7 0.4 0.0 0.8 0.45 0.85 0.85 0.15 0.8 0.75 0.55 0.3 1.0 0.4 0.5 0.7 0.25 0.5 
-0.1371207179724576 0.6109828287181084 0.3918912958604702 0.5 0.1 0.15 0.4 0.3 0.6 0.85 0.65 0.55 0.4 0.55 0.9 0.85 0.95 0.4 0.55 0.8 0.9 0.65 0.2 0.0 0.85 0.25 0.35 1.0 0.35 0.4 0.1 0.0 1.0 0.9 0.35 0.8 0.35 0.45 0.35 
-0.010206263367169685 0.6959435471999408 0.5084928895734003 0.5 1.0 0.45 0.1 0.6 0.95 1.0 0.1 0.55 0.45 0.65 0.2 0.95 0.7 0.7 0.85 0.45 0.7 0.85 0.7 0.55 0.7 0.35 0.7 0.7 0.3 0.4 0.75 0.65 0.6 1.0 0.75 0.25 0.55 0.75 0.75 
-0.014765334143401717 0.6692494711586385 0.5143248030168169 0.45 0.65 0.45 0.95 0.6 1.0 1.0 0.1 0.7 0.35 0.7 0.0 0.65 0.7 0.5 0.85 0.5 0.7 0.35 0.5 1.0 0.15 0.45 0.5 1.0 0.3 0.25 0.7 0.55 0.45 1.0 0.75 0.25 0.4 0.75 0.65 
-0.05023487476261564 0.39508565281605323 0.631179977653268 0.45 0.65 0.15 0.8 0.65 0.05 0.6 0.85 0.55 0.8 0.7 0.35 0.95 0.9 0.3 0.3 0.15 0.8 0.7 0.4 0.0 0.8 0.45 0.35 0.85 0.15 0.8 0.75 0.55 0.3 1.0 0.4 0.5 0.65 0.25 0.5 
-0.1062370657287514 0.32806043614268476 0.5760378816431866 0.75 0.8 0.15 0.7 0.6 0.05 1.0 0.85 0.55 0.55 0.7 0.35 1.0 0.75 0.3 0.3 0.15 0.8 0.6 0.4 0.0 0.8 0.0 0.35 0.95 0.15 0.8 0.85 0.55 0.2 0.7 0.4 0.5 0.65 0.25 0.5 
-9.998546689330107 0.52229068787071 0.34008206066846625 0.75 0.45 0.55 0.5 0.6 0.65 1.0 0.25 0.55 0.7 0.9 0.5 0.95 0.7 0.45 0.75 0.35 0.7 0.35 0.4 0.55 0.85 0.45 0.5 0.6 0.1 0.5 1.0 0.65 0.6 1.0 0.7 0.25 0.55 0.35 0.35 
-0.0001385009282193491 0.5855806771652144 0.660712673935993 0.45 0.45 0.45 0.15 0.6 0.0 1.0 0.1 0.55 0.35 0.7 0.45 0.7 0.05 0.7 0.8 0.35 0.7 0.55 0.95 0.55 0.15 0.95 0.5 1.0 0.3 0.4 0.85 0.7 0.45 1.0 0.7 0.2 0.5 0.9 0.0 
-0.22548536959845014 0.5540494428125288 0.3488177944328397 0.45 0.45 0.55 0.2 0.6 0.8 0.95 0.1 0.55 0.5 0.9 0.4 1.0 0.7 0.45 0.85 0.35 0.7 0.35 0.3 0.55 0.15 0.7 0.0 0.7 0.3 0.4 1.0 0.65 0.55 1.0 0.7 0.25 0.55 0.35 0.35 
-0.023560688670683855 0.3071063666144299 0.48830535737384545 0.05 0.1 0.7 0.35 0.0 1.0 0.95 0.65 0.3 0.55 0.2 0.4 0.9 0.3 0.7 0.65 0.1 0.2 0.1 0.05 0.0 0.8 0.15 0.35 1.0 0.55 0.6 0.8 0.95 0.1 0.7 0.95 0.45 0.9 0.45 0.5 
-0.016370002272775137 0.6775051450535441 0.5471301632498773 0.5 1.0 0.45 0.1 0.6 0.95 1.0 0.1 0.55 0.45 0.65 0.2 0.95 0.7 0.7 0.85 0.45 0.75 0.85 0.7 0.55 0.7 0.35 0.15 0.7 0.3 0.4 0.75 0.65 0.6 1.0 0.75 0.25 0.55 0.75 0.75 
-0.00033617222129324944 0.6692503030562558 0.5908045663101328 0.45 0.45 0.45 0.95 0.6 0.25 0.9 0.1 0.55 0.35 0.7 0.45 0.95 0.7 0.9 0.55 0.35 0.7 0.55 0.05 0.55 0.15 0.45 0.5 1.0 0.3 0.4 0.6 0.7 0.45 1.0 0.7 0.25 0.5 0.75 0.45 
-0.03405278632440553 0.6836638067673961 0.5913988972661203 0.45 0.45 0.45 0.95 0.6 0.25 0.9 0.1 0.55 0.35 0.7 0.45 0.95 0.7 0.7 0.55 0.35 0.7 0.55 0.05 0.55 0.15 0.45 0.5 1.0 0.3 0.4 0.6 0.7 0.45 1.0 0.7 0.25 0.5 0.75 0.45 
-0.002486788948657272 0.41335332151291804 0.6158723852134844 0.75 0.65 0.15 0.8 0.65 0.15 1.0 0.85 0.55 0.55 0.7 0.35 1.0 0.9 0.2 0.3 0.15 0.7 0.7 0.4 0.0 0.4 0.45 0.35 1.0 0.15 0.8 0.3 0.55 0.3 1.0 0.4 0.5 0.4 0.25 0.5 
-0.04072050227687754 0.6573440133830476 0.5878448257080754 0.5 1.0 0.45 0.1 0.6 0.95 1.0 0.1 0.55 0.4 0.65 0.25 0.35 0.7 0.65 0.85 0.45 0.6 0.35 0.7 0.55 0.7 0.35 0.15 0.7 0.3 0.4 0.75 0.65 0.65 1.0 0.75 0.25 0.55 0.9 0.65 
-0.021964785404534528 0.6530085271328214 0.6485053615722246 0.95 0.45 0.6 0.95 0.6 0.25 1.0 0.1 0.55 0.35 0.7 0.45 0.95 0.7 0.85 0.85 0.35 0.7 0.55 0.3 0.55 0.15 0.95 0.5 1.0 0.3 0.4 0.85 0.65 0.4 0.95 0.7 0.25 0.55 0.75 0.6 
-0.01996427017268928 0.6055369280555405 0.6550532655464869 0.45 0.45 0.45 0.55 0.6 0.0 1.0 0.1 0.55 0.35 0.7 0.45 0.7 0.25 0.9 0.8 0.35 0.7 0.55 0.3 0.55 0.15 0.95 0.0 1.0 0.3 0.35 0.85 0.7 0.55 1.0 0.7 0.2 0.5 0.9 0.6 
-0.14926375376775416 0.4235108971415183 0.3071222259443329 0.1 0.2 0.5 0.55 0.6 0.55 1.0 0.05 0.3 0.9 0.55 0.7 0.9 0.85 0.4 0.65 1.0 0.4 0.65 0.55 0.8 1.0 0.45 0.15 0.95 0.1 0.75 0.45 0.5 0.25 0.3 0.45 0.4 0.05 0.45 0.9 
-0.0019566305266520766 0.6686527636830161 0.6229028937565931 0.45 0.95 0.45 0.95 0.65 0.95 1.0 0.1 0.55 0.4 0.7 0.2 0.9 0.7 0.3 0.95 0.35 0.7 0.35 0.3 0.55 0.15 0.95 0.5 1.0 0.3 0.4 1.0 0.65 0.45 0.8 0.7 0.25 0.55 0.75 0.6 
-0.0066300780242777154 0.6133193421011006 0.37893204302550393 0.5 0.25 0.85 0.1 0.75 0.6 0.85 0.65 0.6 0.4 0.55 0.9 0.85 0.95 0.35 0.55 0.8 0.9 0.65 0.2 0.0 0.85 0.25 0.35 1.0 0.75 0.4 0.1 0.95 1.0 0.9 0.35 0.8 0.35 0.45 0.35 
-0.00525801052582327 0.6871098283016245 0.46377630087349164 0.1 1.0 0.45 0.95 0.6 1.0 1.0 0.15 0.55 0.7 0.7 0.3 0.9 0.7 0.5 0.25 0.35 0.7 0.95 0.5 0.8 0.15 0.2 0.5 0.95 0.3 0.3 0.7 0.55 0.45 1.0 0.7 0.25 0.5 0.75 0.65 
-0.012304599053661136 0.578855012608014 0.6625245667474632 0.45 0.45 0.45 0.15 0.6 0.0 1.0 0.1 0.55 0.35 0.7 0.45 0.7 0.05 0.55 0.8 0.35 0.7 0.55 0.95 0.55 0.15 0.95 0.5 1.0 0.3 0.4 0.85 0.7 0.45 1.0 0.7 0.2 0.5 0.9 0.0 
-0.010654530267288975 0.3991461679056112 0.3306707394298457 0.3 0.1 0.7 0.25 0.35 0.15 1.0 0.65 0.25 0.9 0.0 0.4 0.9 0.3 0.6 0.0 0.1 0.45 0.6 0.95 0.0 0.8 0.55 0.35 1.0 0.55 0.65 0.95 1.0 0.1 0.2 0.3 0.85 0.9 0.45 0.45 
-0.015357349356916265 0.5726067096020344 0.36838160112298124 0.5 1.0 0.2 0.35 0.9 0.95 1.0 0.15 0.55 0.55 1.0 0.15 0.95 0.7 0.65 0.85 0.45 0.75 0.85 0.3 0.55 0.8 0.35 0.15 0.75 0.85 0.5 0.75 0.65 0.6 1.0 0.75 0.25 0.55 0.4 0.3 
-0.006211369161712225 0.34054705270567165 0.431232150101036 0.2 0.55 0.7 0.25 0.1 0.05 0.75 0.65 0.25 0.5 0.0 0.35 0.85 0.3 0.6 0.0 0.1 0.05 0.3 0.1 0.95 0.85 0.45 0.45 1.0 0.55 0.65 0.75 0.95 0.2 0.3 0.1 0.2 0.85 0.45 0.55 
-0.004377235953978517 0.340646867990096 0.5804194455312507 0.75 0.8 0.15 0.55 0.65 0.05 0.6 0.85 0.55 0.55 0.7 0.35 1.0 0.9 0.3 0.3 0.4 0.8 0.7 0.25 0.0 0.8 0.45 0.35 0.9 0.15 0.8 0.75 0.55 0.3 0.8 0.4 0.5 0.65 0.25 0.5 
-0.06962874539997489 0.5460439469586607 0.3560175552998845 0.75 0.45 0.55 0.1 0.65 0.8 1.0 0.25 0.55 0.7 0.9 0.35 0.95 0.7 0.45 0.85 0.35 0.7 0.35 0.3 0.55 0.15 0.0 0.5 0.7 0.55 0.4 1.0 0.65 0.55 0.85 0.7 0.25 0.55 0.35 0.15 
-0.04203291705404654 0.388972792352227 0.6034436922575415 0.5 0.45 0.0 0.15 0.85 0.15 0.5 0.4 0.25 0.95 0.0 0.95 0.9 0.3 0.6 0.0 0.05 0.1 0.1 0.0 0.15 0.8 0.55 0.4 1.0 0.55 0.75 0.85 0.95 0.15 0.95 0.85 0.75 0.8 0.35 0.45 
-0.004129751137960093 0.6200926397925904 0.6869583058946991 0.45 0.45 0.45 0.55 0.6 0.0 1.0 0.1 0.55 0.35 0.7 0.45 0.7 0.65 0.9 0.8 0.35 0.7 0.55 0.95 0.55 0.15 0.95 0.5 1.0 0.3 0.4 0.85 0.7 0.45 1.0 0.7 0.2 0.5 0.9 0.6 
-0.014980410560677336 0.30411594645002105 0.5250643069333638 0.05 0.1 0.7 0.35 0.0 1.0 0.95 0.65 0.3 0.55 0.2 0.4 0.9 0.3 0.7 0.65 0.15 0.2 0.1 0.0 0.0 0.8 0.15 0.35 1.0 0.55 0.6 0.8 0.95 0.1 0.7 0.95 0.45 0.9 0.45 0.5 
-0.018192437859089028 0.670905822245426 0.4414724821955156 0.5 1.0 0.45 0.1 0.6 0.75 1.0 0.15 0.5 0.65 0.5 0.2 0.85 0.7 0.55 0.85 0.45 0.75 0.85 0.2 0.55 0.7 0.35 0.25 0.9 0.85 0.25 0.75 0.65 0.6 1.0 0.75 0.25 0.2 0.4 0.3 
-0.014684620192733143 0.2957750131685122 0.5120317660007138 0.2 0.45 0.7 0.75 0.35 0.15 0.55 0.65 0.25 0.5 0.95 0.4 0.9 0.3 0.6 0.0 0.1 0.35 0.2 0.2 0.0 0.8 0.75 0.4 1.0 0.55 0.65 0.8 0.95 0.2 1.0 0.95 0.45 0.9 0.45 0.45 
-0.011429024025153386 0.645058479244081 0.614645316473728 0.45 0.45 0.45 0.95 0.65 0.85 0.95 0.1 0.7 0.55 0.7 0.2 0.95 0.7 0.85 1.0 0.35 0.7 0.35 0.3 0.55 0.15 0.95 0.5 1.0 0.3 0.4 0.85 0.65 0.45 0.7 0.7 0.25 0.75 0.75 0.6 
-0.02220921654261407 0.7094313421333154 0.5310352749267746 0.1 1.0 0.45 0.1 0.6 0.8 1.0 0.15 0.55 1.0 0.65 0.15 1.0 0.7 0.3 0.3 0.45 0.75 0.45 0.85 0.05 0.7 0.35 0.15 0.55 0.15 0.3 0.85 0.65 0.6 1.0 0.75 0.25 0.5 0.4 0.3 
-0.06282361307063224 0.3080670685202812 0.4763569295532059 0.05 0.1 0.7 0.35 0.0 1.0 0.95 0.65 0.3 0.55 0.95 0.4 0.9 0.3 0.7 0.65 0.15 0.2 0.1 0.0 0.0 0.8 0.15 0.35 1.0 0.55 0.65 0.8 0.95 0.1 0.7 0.95 0.45 0.9 0.45 0.5 
-0.0018645628710490334 0.6619468239347248 0.5856058307364904 0.5 1.0 0.45 0.1 0.6 0.95 1.0 0.1 0.55 0.45 0.65 0.25 0.35 0.7 0.65 0.85 0.45 0.6 0.35 0.7 0.55 0.7 0.35 0.15 0.7 0.3 0.4 0.75 0.65 0.65 1.0 0.75 0.25 0.55 0.9 0.65 
-0.017695072380014953 0.5554346453476221 0.6847285937977765 0.45 0.45 0.45 0.55 0.6 0.0 1.0 0.1 0.55 0.35 0.7 0.45 0.7 0.25 0.9 0.8 0.35 0.7 0.55 0.3 0.55 0.15 0.95 0.5 1.0 0.3 0.4 0.85 0.7 0.45 1.0 0.7 0.2 0.5 0.9 0.6 
-0.03061169402034826 0.5589421370402229 0.6598003949612177 0.45 0.45 0.45 0.15 0.6 0.0 0.75 0.1 0.55 0.35 0.7 0.45 0.7 0.05 0.9 0.8 0.35 0.7 0.55 0.65 0.55 0.15 0.25 0.5 1.0 0.3 0.4 0.85 0.7 0.45 1.0 0.7 0.2 0.5 0.9 0.6 
-0.01892363169825381 0.703346030130751 0.4874960435464436 0.45 1.0 0.45 0.95 0.6 1.0 1.0 0.15 0.55 0.7 0.7 0.3 0.7 0.7 0.5 0.65 0.35 0.7 0.95 0.5 1.0 0.15 0.2 0.5 0.95 0.3 0.3 0.7 0.55 0.45 1.0 0.7 0.25 0.5 0.75 0.65 
-0.0030135239501697646 0.5414123789474996 0.668638455671389 0.45 0.45 0.45 0.55 0.6 0.0 1.0 0.1 0.55 0.35 0.7 0.45 0.4 0.25 0.6 0.8 0.35 0.7 0.55 0.7 0.55 0.15 0.95 0.5 1.0 0.3 0.4 0.85 0.7 0.45 1.0 0.7 0.25 0.5 0.9 0.3 
-0.006491342998356165 0.4066962388411109 0.5852097476653657 0.7 0.65 0.15 0.8 0.65 0.0 0.75 0.85 0.55 0.55 0.7 0.35 0.5 0.9 0.3 0.0 0.1 0.8 0.7 0.4 0.0 0.8 0.45 0.35 0.4 0.15 0.85 0.75 0.55 0.3 1.0 0.4 0.5 0.7 0.25 0.5 
-0.011655224275561147 0.6330988734799008 0.6643280028795936 0.45 0.45 0.45 0.95 0.65 0.0 1.0 0.1 0.7 0.35 0.7 0.2 0.95 0.7 0.9 0.9 0.35 0.7 0.05 0.3 0.55 0.15 0.95 0.5 1.0 0.3 0.4 0.95 0.65 0.5 1.0 0.7 0.25 0.55 0.75 0.6 
-0.013847480770013113 0.34169383911496964 0.6017420448605071 0.55 0.45 1.0 0.9 0.85 0.15 0.5 0.75 0.25 0.4 0.0 0.4 0.9 0.3 0.6 0.0 0.05 0.1 0.1 0.0 0.0 0.8 0.55 0.4 1.0 0.55 0.75 0.85 0.95 0.15 0.95 0.85 0.3 0.8 0.35 0.45 
-0.01778352917490902 0.7267362047299466 0.47568856857884034 0.5 1.0 0.45 0.1 0.6 0.95 1.0 0.15 0.55 0.45 0.65 0.2 0.95 0.7 0.65 0.85 0.45 0.75 0.6 0.2 0.55 0.7 0.35 0.15 0.65 0.3 0.65 0.75 0.6 0.6 1.0 0.75 0.25 0.55 0.4 0.3 
-0.03770070226217025 0.6915472502281221 0.4537663144373967 0.45 0.25 0.45 0.25 0.6 0.05 1.0 0.1 0.55 0.5 0.7 0.45 0.95 0.7 0.5 0.2 0.35 0.7 0.05 0.5 1.0 0.15 0.45 0.25 0.35 0.3 0.45 0.7 0.55 0.45 0.9 0.7 0.25 0.4 0.75 0.25 
-0.006111511605509365 0.3180063167849235 0.39711037150142114 0.05 0.1 0.7 0.35 0.0 0.3 0.95 0.65 0.25 0.5 0.95 0.45 0.9 0.3 0.7 0.65 0.45 0.85 0.1 0.35 0.0 0.1 0.75 0.35 1.0 0.55 0.65 1.0 0.95 0.2 0.7 0.95 0.6 0.9 0.45 0.5 
-0.02664814397769003 0.31295536746414054 0.5433949942487099 0.95 0.65 0.15 0.8 0.65 0.05 0.85 0.7 0.55 0.8 0.7 0.35 1.0 0.9 0.55 0.35 0.15 0.8 0.7 0.4 0.0 0.4 0.7 0.35 0.85 0.15 0.8 0.75 0.55 0.25 1.0 0.4 0.5 0.65 0.25 0.5 
-0.03884431472414816 0.6389058376644119 0.6346573081470444 0.45 0.95 0.45 0.95 0.65 0.95 1.0 0.1 0.55 0.4 0.7 0.2 0.2 0.7 0.3 0.95 0.35 0.7 0.35 0.3 0.55 0.15 0.95 0.5 1.0 0.3 0.4 1.0 0.65 0.45 0.8 0.7 0.25 0.55 0.75 0.6 
-0.032934901498998734 0.4364676951292931 0.3208514789982798 0.1 0.2 0.5 0.55 0.6 0.55 1.0 0.05 0.3 0.9 0.55 0.7 0.9 0.85 0.4 0.65 1.0 0.4 0.65 0.55 0.8 1.0 0.45 0.15 0.95 0.1 0.85 0.45 0.5 0.25 0.3 0.45 0.4 0.05 0.9 0.9 
-0.0021161254758874275 0.6806393598645524 0.564965622694523 0.95 1.0 0.45 0.1 0.6 0.8 1.0 0.15 0.55 0.75 0.05 0.15 0.9 0.7 0.35 0.8 0.45 0.75 0.25 0.85 0.05 0.7 0.45 0.15 0.95 0.2 0.3 0.85 0.65 0.6 1.0 0.75 0.25 0.4 0.4 0.2 
-0.05154413649704812 0.704675343373078 0.4369654432617533 0.5 1.0 0.35 0.1 0.6 0.95 1.0 0.15 0.55 0.45 0.5 0.05 0.95 0.7 0.5 0.85 0.45 0.75 0.6 0.2 0.55 0.7 0.35 0.15 0.65 0.3 0.65 0.75 0.6 0.6 1.0 0.75 0.25 0.55 0.4 0.3 
-0.01285832219173081 0.6888995010167441 0.4197988771952242 0.5 0.8 0.8 0.1 0.6 0.95 0.9 0.1 0.55 0.45 0.65 0.2 0.95 0.7 0.65 0.85 0.45 0.75 0.85 0.2 0.3 0.7 0.35 0.5 0.0 0.85 0.7 0.85 0.65 0.6 1.0 0.75 0.25 0.8 0.95 0.3 
-0.538221899456494 0.5465036705967042 0.34577448588988074 0.75 0.45 0.55 0.5 0.6 0.65 1.0 0.25 0.55 0.7 0.9 0.5 0.95 0.7 0.45 0.85 0.35 0.7 0.35 0.3 0.55 0.85 0.45 0.5 0.6 0.1 0.5 1.0 0.65 0.6 1.0 0.7 0.25 0.55 0.35 0.35 
-0.00944050689136018 0.30333713680350793 0.5480798298250167 0.05 0.1 0.7 0.35 0.0 1.0 0.7 0.65 0.3 1.0 0.85 0.4 1.0 0.3 0.7 0.65 0.15 0.7 0.1 0.75 0.0 0.8 0.15 0.35 1.0 0.5 0.65 0.8 0.95 0.1 1.0 0.95 0.45 0.9 0.45 0.5 
-0.02006965635152056 0.5857315196605493 0.6820862093868263 0.95 0.45 0.45 0.95 0.65 0.1 0.9 0.1 0.7 0.35 0.7 0.2 0.95 0.65 0.95 0.9 0.35 0.7 0.05 0.3 0.55 0.15 0.95 0.8 1.0 0.3 0.4 0.95 0.65 0.45 1.0 0.7 0.25 0.65 0.75 0.6 
-0.04797666739456751 0.6991820023467803 0.516016388831478 0.45 0.65 0.45 0.95 0.6 1.0 1.0 0.1 0.55 0.35 0.7 0.45 0.65 0.7 0.5 1.0 0.5 0.7 0.35 0.5 1.0 0.15 0.05 0.5 0.8 0.3 0.3 0.7 0.55 0.45 1.0 0.7 0.25 0.5 0.75 0.65 
-0.10507400164931407 0.29348025330394745 0.5394829791973781 0.2 0.45 0.7 0.75 0.35 0.15 0.55 0.65 0.25 0.5 0.95 0.4 0.9 0.3 0.6 0.0 0.1 0.35 0.2 0.0 0.0 0.8 0.75 0.4 1.0 0.55 0.65 0.8 0.95 0.1 1.0 0.95 0.45 0.9 0.45 0.45 
-0.004350064534952881 0.36346078080289074 0.5993963724055197 0.55 0.45 1.0 0.9 0.85 0.15 0.5 0.85 0.25 0.95 0.0 0.4 0.9 0.3 0.6 0.0 0.35 0.1 0.1 0.0 0.0 0.8 0.55 0.4 1.0 0.55 0.65 0.85 0.95 0.15 0.95 0.85 0.3 0.8 0.35 0.45 
-0.004704697116413253 0.3478497934369251 0.6155541246149856 0.55 0.45 0.45 0.35 0.85 0.15 0.95 0.75 0.25 0.95 0.0 0.4 0.9 0.3 0.6 0.55 1.0 0.0 0.1 0.0 0.0 0.8 0.3 0.3 1.0 0.55 0.65 0.85 0.95 0.1 1.0 0.85 0.35 0.9 0.35 0.45 
-0.016527437539780598 0.5976069678841769 0.3678892620465376 0.5 0.25 0.15 0.4 0.3 0.6 0.95 0.65 0.75 0.4 0.55 0.9 0.85 0.95 0.35 0.55 0.85 0.9 0.65 0.65 0.0 0.25 0.25 0.35 0.65 0.35 0.4 0.95 0.95 1.0 0.9 0.35 0.8 0.35 0.45 0.35 
-0.11996730727602253 0.4023305170675468 0.7015295211916581 0.75 0.8 0.15 0.05 0.65 0.05 1.0 0.85 0.55 0.55 0.7 0.35 1.0 0.9 0.3 0.3 0.15 0.8 0.4 0.4 0.0 0.1 0.0 0.0 1.0 0.15 0.8 0.85 0.5 0.2 1.0 0.4 0.5 0.65 0.25 0.5 
-0.005474083837756435 0.6539902250513825 0.4168289850309835 0.5 1.0 0.45 0.1 0.65 0.95 1.0 0.15 0.55 0.55 0.65 0.2 0.5 0.7 0.7 0.9 0.45 0.75 0.85 0.2 0.55 0.7 0.35 0.15 0.8 0.85 0.7 0.75 0.65 0.6 1.0 0.75 0.25 0.75 0.4 0.65 
-0.042810693739734826 0.5610913469213739 0.6925489249519149 0.45 0.45 0.45 0.15 0.6 0.0 1.0 0.1 0.55 0.35 0.7 0.45 0.7 0.05 0.9 0.8 0.35 0.7 0.55 0.95 0.55 0.15 0.95 0.5 1.0 0.3 0.4 0.85 0.7 0.45 1.0 0.7 0.2 0.5 0.9 0.6 
-0.042829264062205434 0.3097790517479977 0.43170576527576127 0.05 0.1 0.7 0.35 0.0 0.3 0.6 0.65 0.3 0.55 0.95 0.4 1.0 0.3 0.7 0.65 0.75 0.85 0.1 0.0 0.0 0.8 0.15 0.35 1.0 0.55 0.65 0.8 0.95 0.1 0.7 0.95 0.45 0.9 0.45 0.5 
-0.02887318147202906 0.32236652831376433 0.3671132437465764 0.05 0.1 0.7 0.35 0.0 0.3 0.6 0.65 0.3 0.55 0.95 0.4 1.0 0.3 0.7 0.65 0.75 0.85 0.1 0.0 0.85 0.8 0.15 0.35 1.0 0.55 0.65 0.8 0.95 0.1 0.7 0.95 0.35 0.65 0.45 0.5 
-0.12731905210018998 0.36298898617145126 0.6562998780292568 0.75 0.8 0.15 0.55 0.65 0.05 1.0 0.85 0.55 0.5 0.7 0.35 1.0 0.9 0.3 0.3 0.15 0.8 0.4 0.4 0.0 0.1 0.0 0.0 1.0 0.15 0.8 0.9 0.55 0.2 0.9 0.4 0.5 0.65 0.25 0.5 
-0.16302675167499348 0.6603373519964237 0.6629542966308516 0.45 0.45 0.45 0.95 0.65 0.95 0.85 0.15 0.55 0.55 0.7 0.2 0.95 0.7 0.85 0.95 0.35 0.7 0.35 0.3 0.15 0.15 0.95 0.5 1.0 0.3 0.45 0.85 0.65 0.45 1.0 0.7 0.25 0.55 0.75 0.6 
-0.007693028581853417 0.7082032276147336 0.5077547992842445 0.45 0.65 0.45 0.95 0.6 0.05 1.0 0.1 0.55 0.25 0.7 0.2 1.0 0.7 0.5 0.2 0.35 0.7 0.35 0.5 1.0 0.15 0.45 0.5 0.85 0.3 0.45 0.7 0.55 0.45 0.75 0.7 0.25 0.5 0.75 0.25 
-88.8913416583661 0.41075177218952713 0.7299845934894141 0.75 0.6 0.65 0.9 0.3 1.0 0.65 0.45 0.15 0.9 0.45 0.4 0.95 0.25 0.7 0.5 0.1 0.8 0.95 0.05 0.95 0.65 0.5 0.25 0.75 0.9 0.2 0.25 0.25 0.45 0.85 0.25 0.7 0.75 0.15 0.55 
-0.040159321393794925 0.27505562600060685 0.5055750135303859 0.05 0.1 0.9 0.35 0.0 1.0 0.7 0.65 0.3 0.55 0.85 0.4 0.8 0.3 0.7 0.65 0.15 0.85 0.1 0.75 0.0 0.8 0.15 0.35 1.0 0.5 0.7 0.8 0.95 0.1 1.0 0.95 0.45 0.9 0.45 0.5 
-0.007548624332976036 0.6853845993464185 0.631878216015938 0.45 0.45 0.45 0.95 0.65 0.95 1.0 0.15 0.55 0.65 0.7 0.2 0.95 0.7 0.85 0.4 0.35 0.7 0.55 0.3 0.55 0.15 0.95 0.5 1.0 0.3 0.4 0.85 0.65 0.45 1.0 0.7 0.25 0.55 0.95 0.6 
-0.05295208031895726 0.36284868630807254 0.6307741903611408 0.55 0.45 1.0 0.9 0.85 0.15 0.5 0.75 0.25 0.95 0.0 0.6 0.9 0.3 0.6 0.0 0.05 0.1 0.1 0.0 0.0 0.8 0.55 0.4 1.0 0.55 0.75 0.85 0.95 0.15 0.95 0.85 0.3 0.8 0.35 0.45 
-4.082966601712826e-05 0.7209110800567456 0.5698316923844874 0.1 1.0 0.45 0.1 0.6 0.8 1.0 0.15 0.55 0.75 1.0 0.15 0.9 0.7 0.35 0.8 0.45 0.75 0.25 0.85 0.05 0.7 0.45 0.15 0.95 0.2 0.3 0.85 0.65 0.6 1.0 0.75 0.25 0.4 0.4 0.2 
-0.09391553007371832 0.4129269352410528 0.7010321741240326 0.75 0.8 0.15 0.05 0.65 0.05 0.75 0.85 0.55 0.55 0.7 0.35 1.0 0.9 0.3 0.3 0.15 0.8 0.4 0.4 0.0 0.1 0.0 0.0 1.0 0.15 0.8 0.85 0.5 0.2 1.0 0.4 0.5 0.65 0.25 0.5 
-0.0024675439444355 0.4568707879327813 0.3057892992175265 0.1 0.2 0.5 0.25 0.7 0.2 1.0 0.05 0.4 0.95 0.55 0.7 0.8 0.85 0.4 0.85 1.0 0.45 0.65 0.55 0.1 1.0 0.05 0.35 1.0 0.1 0.75 0.55 0.5 0.25 0.3 0.1 0.7 0.05 0.45 0.3 
-0.08040381910164131 0.37467432420885627 0.6516241493376671 0.75 0.8 0.15 0.8 0.65 0.05 1.0 0.85 0.55 0.55 0.7 0.35 1.0 0.9 0.3 0.3 0.15 0.8 0.4 0.4 0.0 0.1 0.0 0.0 1.0 0.15 0.8 0.9 0.55 0.2 0.9 0.4 0.5 0.65 0.25 0.5 
-0.0032325551370501727 0.2658217481892179 0.48267278944554753 0.05 0.1 0.9 0.35 0.0 1.0 0.7 0.65 0.3 0.55 0.85 0.4 1.0 0.3 0.7 0.65 0.15 0.9 0.1 0.75 0.0 0.8 0.15 0.35 1.0 0.5 0.7 0.8 0.95 0.15 1.0 0.95 0.45 0.9 0.45 0.5 
-0.0024030014017218937 0.6971424093925401 0.604873786861852 0.45 0.45 0.45 0.95 0.65 0.95 1.0 0.15 0.55 0.55 0.8 0.2 0.95 0.7 0.85 0.95 0.35 0.7 0.35 0.3 0.55 0.15 0.95 0.5 1.0 0.3 0.4 0.85 0.65 0.45 1.0 0.7 0.25 0.55 0.9 0.6 
-0.005987317724528093 0.7234267985517551 0.5977613765257286 0.1 1.0 0.45 0.1 0.6 0.45 1.0 0.15 0.55 0.75 0.65 0.15 0.9 0.7 0.35 0.8 0.45 0.6 0.25 0.85 0.05 0.7 0.45 0.15 0.95 0.2 0.3 0.85 0.65 0.55 1.0 0.75 0.25 0.4 0.4 0.2 
-0.08474247283125139 0.3406607427714641 0.631392227836203 0.55 0.45 1.0 0.9 0.75 0.15 0.5 0.75 0.25 0.95 0.0 0.4 0.85 0.3 0.6 0.0 0.05 0.1 0.5 0.0 0.0 0.8 0.6 0.4 1.0 0.55 0.65 0.6 0.95 0.15 0.9 0.85 0.3 0.65 0.35 0.45 
-0.033133830370709265 0.2852360667390086 0.4268532284393504 0.05 0.1 0.7 0.35 0.0 1.0 0.55 0.65 0.3 0.7 0.95 0.4 1.0 0.3 0.7 0.65 0.15 0.85 0.1 0.0 0.0 0.8 0.15 0.35 1.0 0.55 0.65 0.8 0.95 0.1 0.9 0.95 0.4 0.9 0.45 0.5 
-0.00010138719322111895 0.3354210167346736 0.340901236002215 0.05 0.0 0.7 0.35 0.95 0.2 0.75 0.65 0.25 0.75 0.95 0.4 0.9 0.3 0.7 0.65 0.45 0.85 0.6 0.75 0.0 0.8 0.15 0.35 1.0 0.55 0.65 0.75 0.9 0.2 0.2 0.9 0.5 0.9 0.45 0.5 
-0.011058771996085723 0.546920651719469 0.6845233593543789 0.45 0.45 0.45 0.55 0.6 0.0 1.0 0.1 0.55 0.35 0.7 0.45 0.7 0.25 0.9 0.8 0.35 0.7 0.55 0.3 0.55 0.15 0.95 0.5 1.0 0.3 0.4 0.85 0.7 0.45 1.0 0.7 0.25 0.5 0.9 0.6 
-0.020555823799904373 0.6558993192099323 0.4280956877816293 0.7 0.65 0.45 0.95 0.6 0.05 1.0 0.1 0.55 0.35 0.7 0.45 0.95 0.7 0.5 0.2 0.35 0.75 0.1 0.35 1.0 0.15 0.45 0.4 0.15 0.3 0.3 1.0 0.55 0.45 0.8 0.7 0.25 0.5 0.75 0.25 
-0.06617676161939069 0.7091284845512428 0.6067624724201987 0.45 0.45 0.45 0.95 0.65 0.95 1.0 0.15 0.55 0.55 0.7 0.2 0.95 0.7 0.85 0.35 0.35 0.6 0.35 0.3 0.55 0.8 0.95 0.25 1.0 0.3 0.4 0.85 0.65 0.45 1.0 0.7 0.25 0.55 0.9 0.6 
-0.020842244078830438 0.7081262730017539 0.570366186962857 0.45 0.45 0.45 0.95 0.65 0.95 1.0 0.15 0.55 0.65 0.7 0.2 0.95 0.7 0.5 0.4 0.35 0.7 0.55 0.3 0.55 0.15 0.95 0.5 1.0 0.3 0.4 0.85 0.65 0.45 1.0 0.7 0.25 0.55 0.95 0.6 
-0.06660042117716222 0.29071115191377295 0.41191192859145775 0.05 0.85 0.7 0.35 0.0 0.7 0.95 0.65 0.3 0.55 0.95 0.4 0.7 0.3 0.7 0.65 0.15 0.7 0.95 0.0 0.0 0.85 0.95 0.4 0.95 0.55 0.65 0.8 0.95 0.1 1.0 0.95 0.75 0.95 0.45 0.5 
-0.008605165825777316 0.3218061864037677 0.5897724557226096 0.55 0.45 1.0 0.35 1.0 0.15 0.95 0.75 0.25 0.9 0.0 0.4 0.8 0.3 0.6 0.0 1.0 0.95 0.1 0.0 0.0 0.25 0.55 0.4 1.0 0.55 0.65 0.85 0.95 0.1 0.7 0.85 0.3 0.9 0.35 0.45 
-0.055426464507995314 0.7031206106039972 0.6520495296661861 0.45 0.8 0.45 0.95 0.65 0.95 1.0 0.15 0.55 0.75 0.7 0.2 0.95 0.7 0.75 0.95 0.35 0.7 0.35 0.45 0.55 0.15 0.6 0.5 1.0 0.3 0.4 0.85 0.65 0.45 1.0 0.7 0.25 0.55 0.75 0.6 
-0.006541495843262158 0.3712626566293674 0.34063099024772536 0.65 0.1 0.0 0.35 0.0 0.75 0.8 0.65 0.3 0.95 0.95 0.4 0.9 0.3 0.7 0.2 0.1 0.5 0.1 0.0 0.0 0.15 0.15 0.35 1.0 0.55 0.65 0.55 0.95 0.2 0.2 0.95 0.35 0.9 0.45 0.5 
-0.046521024370618023 0.5261715884415821 0.6705410606832225 0.45 0.45 0.45 0.55 0.6 0.0 1.0 0.1 0.55 0.35 0.7 0.45 0.7 0.25 0.6 0.8 0.35 0.7 0.55 0.3 0.55 0.15 0.95 0.5 1.0 0.3 0.4 0.85 0.7 0.45 1.0 0.7 0.25 0.5 0.9 0.6 
-0.04264593651700844 0.36907551308639575 0.3157326985230564 0.05 0.1 0.0 0.35 0.0 0.75 0.95 0.65 0.3 0.95 0.95 0.4 0.9 0.3 0.7 0.2 0.45 0.85 0.1 0.0 0.0 0.15 0.15 0.35 1.0 0.55 0.65 0.55 0.95 0.2 0.2 0.95 0.6 0.9 0.45 0.5 
-0.005179408309482551 0.6922294122588909 0.6331358140087208 0.15 0.8 0.45 0.1 0.65 0.95 1.0 0.15 0.55 0.75 0.7 0.2 0.95 0.7 0.75 0.95 0.35 0.7 0.35 0.75 0.55 0.15 0.6 0.5 1.0 0.3 0.45 0.6 0.65 0.45 1.0 0.7 0.25 0.55 0.75 0.6 
-0.2559424722285485 0.3362760488821807 0.6267576733315411 0.55 0.45 1.0 0.9 0.75 0.15 0.5 0.75 0.25 0.95 0.0 0.4 0.9 0.3 0.6 0.0 0.05 0.1 0.5 0.0 0.0 0.8 0.6 0.4 1.0 0.55 0.65 0.6 0.95 0.15 0.8 0.85 0.3 0.65 0.35 0.45 
-0.10474393584371897 0.2774142983552722 0.4564890312303084 0.05 0.1 0.7 0.35 0.0 0.1 0.95 0.65 0.3 0.9 0.95 0.45 0.9 0.3 0.7 0.65 0.95 0.85 0.1 0.35 0.3 0.05 0.15 1.0 1.0 0.55 0.65 0.8 0.95 0.2 0.7 0.95 0.5 0.9 0.45 0.5 
-0.13379407293957785 0.660206612037926 0.6753159813672897 0.45 0.45 0.45 0.95 0.65 0.0 1.0 0.1 0.7 0.35 0.7 0.2 0.95 0.7 0.9 0.9 0.35 0.7 0.05 0.3 0.55 0.15 0.95 0.15 1.0 0.3 0.4 0.95 0.65 0.5 1.0 0.7 0.25 0.3 0.75 0.6 
-84.28510029066278 0.4013416673605326 0.7127329643551321 0.75 0.6 0.65 0.9 0.3 0.35 0.7 0.5 0.15 0.95 0.45 0.4 0.9 0.25 0.45 0.7 0.05 0.25 0.95 0.25 0.95 1.0 0.5 0.25 0.75 0.9 0.2 0.25 0.2 0.45 0.9 0.25 0.7 0.8 0.15 0.55 
-0.09171389260844619 0.38573274549688763 0.29951520020025224 0.0 0.0 0.7 0.15 0.95 0.0 0.95 0.65 0.25 0.75 0.95 0.4 0.9 0.25 0.7 0.3 0.45 0.85 0.6 0.05 0.0 0.8 0.15 0.35 1.0 0.55 0.65 0.7 0.9 0.2 0.05 0.9 0.45 0.9 0.45 0.5 
-0.004935842670707802 0.3098148954959109 0.3318674207297294 0.05 0.1 0.7 0.35 0.95 1.0 0.95 0.65 0.3 0.95 0.95 0.4 0.9 0.3 0.7 0.65 0.45 0.85 0.1 0.0 0.0 0.15 0.75 0.35 1.0 0.55 0.65 0.95 0.95 0.2 0.45 0.0 0.5 0.7 0.45 0.5 
-0.004179076881451172 0.40891858267631437 0.6583968847884197 0.65 0.8 0.15 0.85 0.65 0.85 0.85 0.85 0.55 0.55 0.7 0.35 1.0 0.95 0.3 0.1 0.15 0.8 0.55 0.4 0.0 0.8 0.75 0.1 1.0 0.15 0.8 0.8 0.55 0.3 0.75 0.4 0.3 0.65 0.25 0.5 
-0.12822722244566773 0.6430127844655062 0.38355119310222985 0.5 0.8 0.15 0.4 0.55 0.6 0.95 0.65 0.55 0.5 0.55 0.9 0.65 0.95 0.35 0.6 0.8 0.9 0.75 0.2 0.0 0.55 0.2 0.35 0.95 0.8 0.4 0.2 0.35 1.0 1.0 0.35 0.8 0.35 0.45 0.35 
-0.028095962573154134 0.3113807977711509 0.352060338004322 0.05 0.1 0.7 0.35 0.95 1.0 0.95 0.65 0.3 0.95 0.95 0.4 0.8 0.3 0.7 0.65 0.45 0.85 0.1 0.0 0.0 0.15 0.75 0.35 1.0 0.55 0.65 0.95 0.95 0.2 0.45 0.0 0.5 0.7 0.45 0.5 
-0.00966417689830385 0.3204436872481783 0.6067804724961773 0.55 0.45 1.0 0.35 1.0 0.15 0.95 0.75 0.25 0.85 0.0 0.4 0.8 0.3 0.6 0.0 1.0 0.95 0.1 0.0 0.0 0.8 0.55 0.4 1.0 0.55 0.65 0.85 0.95 0.1 1.0 0.85 0.3 0.9 0.35 0.45 
-0.12234053507323847 0.32662541694113745 0.3188523087646359 0.05 0.1 0.7 0.35 0.0 0.3 0.95 0.65 0.25 0.7 0.95 0.45 0.9 0.3 0.7 0.65 0.45 0.85 0.1 0.35 0.0 0.05 0.75 0.35 1.0 0.55 0.65 0.8 0.95 0.2 0.7 0.95 0.8 0.9 0.45 0.5 
-0.556285463004863 0.6743090390013045 0.6854437081201741 0.45 0.8 0.45 0.95 0.65 0.85 1.0 0.15 0.55 0.4 0.7 0.25 0.95 0.7 0.85 0.95 0.35 0.75 0.35 0.45 0.55 0.15 0.6 0.5 1.0 0.3 0.4 0.85 0.65 0.45 1.0 0.7 0.25 0.55 0.75 0.6 
-0.13698371602010412 0.7440129499860024 0.5752404893224695 0.7 0.45 0.45 0.1 0.6 0.8 0.95 0.1 0.55 0.7 0.7 0.35 0.95 0.7 0.45 0.85 0.35 0.7 0.35 0.3 0.55 0.15 0.7 0.5 0.7 0.3 0.4 0.85 0.65 0.55 1.0 0.7 0.25 0.55 0.8 0.6 
-0.043316960546773815 0.2965228506935692 0.3889736504398591 0.05 0.1 0.7 0.35 0.0 0.7 0.95 0.65 0.3 0.65 0.95 0.4 0.75 0.3 0.7 0.65 0.15 0.7 0.95 0.0 0.0 0.85 0.95 0.35 0.95 0.55 0.65 0.8 0.95 0.1 0.95 0.95 0.75 1.0 0.45 0.5 
-0.009710411945857575 0.7263292306776776 0.5261957149805836 0.5 1.0 0.05 0.55 0.6 0.95 1.0 0.1 0.55 0.45 0.65 0.2 0.95 0.7 0.6 0.85 0.45 0.7 0.85 0.3 0.55 0.7 0.35 0.7 0.7 0.3 0.4 0.75 0.65 0.6 1.0 0.75 0.25 0.55 0.75 0.0 
-0.08211584347312319 0.39226062590918614 0.6680528590746854 0.75 0.8 0.15 0.8 0.65 0.05 1.0 0.85 0.55 0.55 0.7 0.35 1.0 0.9 0.3 0.3 0.15 0.8 0.4 0.4 0.0 0.1 0.0 0.0 1.0 0.15 0.8 0.9 0.55 0.2 1.0 0.4 0.5 0.65 0.25 0.5 
-0.012708966356654375 0.6374482720007235 0.37190122000806847 0.75 1.0 0.45 0.1 0.75 0.95 1.0 0.15 0.55 0.55 0.65 0.1 0.95 0.7 0.35 0.9 0.45 0.75 0.85 0.2 0.55 0.7 0.35 0.15 0.65 0.85 0.7 0.75 0.65 0.6 1.0 0.75 0.25 0.75 0.4 0.65 
-0.039968430944951026 0.36577838962008535 0.6793007689069712 0.75 0.95 0.15 0.8 0.65 0.85 0.85 0.85 0.55 0.55 0.7 0.35 1.0 0.9 0.3 0.3 0.15 0.8 0.4 0.4 0.0 0.8 0.75 0.35 1.0 0.15 0.75 0.8 0.55 0.3 1.0 0.4 0.5 0.65 0.25 0.5 
-0.22825524844793352 0.4060701563302763 0.2804983851748736 0.05 0.6 0.7 0.35 0.0 1.0 0.95 0.7 0.3 0.95 0.95 0.4 1.0 0.3 0.7 0.65 0.45 0.85 0.1 0.0 0.0 0.15 0.15 0.35 1.0 0.55 0.65 0.55 1.0 0.2 0.7 0.0 0.8 0.9 0.45 0.5 
-0.017443353655233633 0.3458522247435394 0.3067306694402383 0.7 0.6 0.7 0.35 0.0 1.0 0.95 0.7 0.3 0.85 0.95 0.4 1.0 0.3 0.7 0.65 0.45 0.85 0.1 0.0 0.0 0.15 0.15 0.35 1.0 0.55 0.65 0.55 0.05 0.2 0.7 0.0 0.5 0.9 0.65 0.5 
-0.03688521658445081 0.6290134895694461 0.6922731048440823 0.45 0.45 0.45 0.95 0.65 0.85 0.95 0.1 0.7 0.35 0.7 0.2 0.95 0.7 0.85 1.0 0.35 0.7 0.35 0.3 0.55 0.15 0.95 0.5 1.0 0.3 0.4 0.85 0.65 0.45 1.0 0.7 0.25 0.55 0.75 0.6 
-0.0032561959815018654 0.3709378065892396 0.29692584619826023 0.0 0.0 0.7 0.15 0.95 0.45 0.95 0.65 0.25 0.75 0.95 0.4 0.9 0.3 0.7 0.3 0.45 0.85 0.6 0.75 0.0 0.8 0.15 0.35 1.0 0.55 0.65 0.75 0.9 0.2 0.2 0.9 0.45 0.9 0.45 0.5 
-0.3016955355134184 0.6182095119461339 0.6926701787429791 0.5 0.45 0.45 0.25 0.65 0.0 1.0 0.1 0.7 0.25 0.7 0.2 0.95 0.7 0.9 0.85 0.35 0.7 0.0 0.3 0.55 0.15 0.95 0.7 1.0 0.35 0.4 0.95 0.65 0.45 1.0 0.7 0.25 0.55 0.75 0.6 
-0.534099739356662 0.4422284600745181 0.6989705444359439 0.65 0.8 0.15 0.8 0.65 0.85 0.85 0.85 0.55 0.55 0.7 0.35 1.0 0.95 0.3 0.3 0.15 0.8 0.55 0.4 0.3 0.8 0.75 0.1 1.0 0.15 0.8 0.8 0.55 0.3 1.0 0.4 0.5 0.65 0.25 0.5 
-0.026282965877818497 0.7286562521099096 0.5537850923436282 0.1 1.0 0.45 0.1 0.6 0.15 1.0 0.15 0.55 1.0 0.65 0.15 0.35 0.7 0.3 0.95 0.45 0.75 0.45 0.85 0.05 0.7 0.35 0.15 0.55 0.25 0.3 0.85 0.65 0.6 1.0 0.75 0.25 0.5 0.4 0.3 
-0.017285032223292546 0.3209198801494404 0.30125035232170794 0.05 0.1 0.7 0.35 0.0 1.0 0.95 0.65 0.3 0.95 0.95 0.4 0.9 0.3 0.7 0.65 0.45 0.85 0.1 0.0 0.0 0.15 0.15 0.35 1.0 0.55 0.65 0.8 0.95 0.2 0.7 0.95 0.6 0.9 0.45 0.5 
-0.05436637226082842 0.27337508821514445 0.402213162680639 0.05 0.1 0.7 0.35 0.0 0.7 0.95 0.65 0.3 0.55 0.95 0.4 0.75 0.3 0.7 0.65 0.15 0.7 0.5 0.0 0.0 0.85 0.45 0.35 1.0 0.55 0.65 1.0 0.95 0.1 0.95 0.95 0.7 1.0 0.45 0.5 
-0.00017890174344907747 0.34395076771869826 0.6467628739348397 0.55 0.45 1.0 0.9 0.85 0.15 0.95 0.8 0.25 0.95 0.0 0.4 0.9 0.3 0.6 0.0 0.05 0.1 0.1 0.0 0.0 0.8 0.55 0.4 0.95 0.55 0.7 0.85 0.95 0.15 0.95 0.85 0.3 0.8 0.35 0.45 
-0.018285705113885123 0.7010179806645447 0.417347639146609 0.5 1.0 0.8 0.1 0.6 0.95 1.0 0.15 0.55 0.45 0.65 0.2 0.95 0.7 0.4 0.85 0.45 0.75 0.85 0.75 0.3 0.7 0.35 0.5 0.0 0.85 0.7 0.85 0.65 0.6 1.0 0.75 0.25 0.8 0.95 0.3 
-0.001177437437136637 0.7347481836408268 0.4476964693474112 0.1 1.0 0.95 0.1 0.6 0.8 1.0 0.15 0.55 0.6 0.65 0.15 0.9 0.7 0.3 0.8 0.45 0.75 0.45 0.85 0.05 0.7 0.35 0.15 0.55 0.65 0.3 0.85 0.65 0.6 1.0 0.75 0.25 0.5 0.4 0.2 
-0.0018693533372806303 0.729535330792334 0.4326017952187164 0.5 1.0 0.35 0.1 0.6 0.95 1.0 0.15 0.55 0.45 0.5 0.05 0.95 0.7 0.5 0.95 0.45 0.75 0.6 0.2 0.55 0.7 0.35 0.7 0.65 0.3 0.65 0.75 0.6 0.6 1.0 0.75 0.25 0.55 0.4 0.3 
-0.017836028688514454 0.7403577591949119 0.46085062321302644 0.5 1.0 0.45 0.1 0.8 0.95 1.0 0.1 0.55 0.7 0.65 0.15 0.95 0.7 0.65 0.85 0.45 0.75 0.85 0.7 0.8 0.5 0.35 0.15 0.7 0.3 0.3 0.75 0.7 0.6 1.0 0.75 0.25 0.55 0.9 0.25 
-86.07538471631845 0.41523612843478275 0.7230793166409984 0.75 0.6 0.65 0.65 0.3 1.0 0.75 0.45 0.2 0.9 0.45 0.4 0.95 0.25 0.7 0.6 0.1 0.8 0.95 0.05 0.95 0.65 0.5 0.25 0.75 0.9 0.2 0.25 0.3 0.45 0.85 0.25 0.7 0.75 0.15 0.55 
-82.27942121801505 0.45453084414742584 0.7169899691873527 0.75 0.6 0.65 0.9 0.3 0.35 0.75 0.5 0.15 0.9 0.45 0.3 0.9 0.25 0.45 0.5 0.05 0.8 0.95 0.05 0.05 1.0 0.5 0.25 0.75 0.9 0.2 0.25 0.2 0.45 0.9 0.25 0.7 0.75 0.15 0.55 
-0.4043110316761704 0.294673194006281 0.5823343951401411 0.2 0.1 0.7 0.75 0.35 0.15 0.85 0.55 0.25 0.5 0.1 0.4 0.9 0.3 0.6 0.05 0.05 0.35 0.2 0.0 0.4 0.4 0.75 0.4 1.0 0.55 0.65 0.95 0.95 0.1 1.0 0.95 0.35 0.9 0.45 0.45 
-0.10014315814632928 0.7413901899413866 0.47227732762243657 0.5 1.0 0.9 0.1 0.6 0.8 0.95 0.1 0.5 0.45 0.45 0.0 0.95 0.7 0.8 0.85 0.45 0.75 0.25 0.0 0.6 0.7 0.45 0.05 0.5 0.7 0.75 0.75 0.65 0.6 1.0 0.75 0.2 0.55 0.9 0.25 
-0.0026370830450139636 0.753403144595941 0.5210654625419504 0.1 1.0 0.45 0.1 0.6 0.8 1.0 0.15 0.5 1.0 0.65 0.15 0.9 0.7 0.4 0.8 0.45 0.75 0.45 0.85 0.05 0.7 0.35 0.0 0.55 0.15 0.2 0.55 0.65 0.6 1.0 0.75 0.25 0.5 0.4 0.3 
-0.16269355505136496 0.3082912476367725 0.6161788229367883 0.55 0.45 1.0 0.35 0.85 0.15 0.95 0.75 0.25 0.9 0.0 0.4 0.9 0.3 0.6 0.0 1.0 0.1 0.1 0.0 0.0 0.8 0.55 0.4 1.0 0.55 0.65 0.85 0.95 0.1 1.0 0.85 0.3 0.9 0.35 0.45 
-0.017090537070606707 0.45928225973352843 0.29825495081427844 0.1 0.2 0.5 0.65 0.0 0.2 1.0 0.05 0.4 0.9 0.55 0.7 0.95 0.85 0.4 0.85 1.0 0.45 0.75 0.3 0.4 1.0 0.65 0.35 1.0 0.1 0.75 0.45 0.5 0.25 0.3 0.2 0.4 0.05 0.6 0.3 
-0.040560933936038476 0.7329547081850432 0.5100593775586877 0.45 1.0 0.45 0.95 0.6 1.0 1.0 0.15 0.55 0.7 0.7 0.3 0.9 0.7 0.5 0.85 0.35 0.7 0.95 0.5 1.0 0.15 0.2 0.5 0.95 0.3 0.3 0.7 0.55 0.45 1.0 0.7 0.25 0.5 0.75 0.65 
-0.016704262980352637 0.7441484035032492 0.469697691965535 0.5 1.0 0.9 0.1 0.6 0.8 1.0 0.1 0.5 0.45 0.45 0.0 0.95 0.7 0.8 0.85 0.45 0.75 0.25 0.0 0.6 0.7 0.45 0.05 0.5 0.7 0.75 0.75 0.65 0.6 1.0 0.75 0.2 0.55 0.9 0.25 
-0.11917978731011915 0.28683769868653564 0.5582942402133597 0.2 0.1 0.7 0.75 0.35 0.15 0.65 0.6 0.25 1.0 0.1 0.4 0.9 0.3 0.6 0.2 0.1 0.35 0.2 0.0 0.0 0.4 0.75 0.4 1.0 0.55 0.65 0.95 0.95 0.1 1.0 0.95 0.35 0.9 0.45 0.45 
-0.08497194613854753 0.7373231543427823 0.6440376370962481 0.1 1.0 0.45 0.1 0.6 0.45 1.0 0.15 0.55 0.75 0.65 0.15 0.9 0.7 0.35 0.8 0.45 0.75 0.25 0.85 0.05 0.7 0.45 0.15 0.95 0.2 0.3 0.85 0.65 0.6 1.0 0.75 0.25 0.4 0.4 0.2 
-0.09757346797726903 0.7299747690258103 0.5776174629639695 0.55 0.45 0.45 0.1 0.6 0.8 1.0 0.1 0.55 0.7 0.7 0.35 0.95 0.7 0.45 0.85 0.35 0.7 0.35 0.3 0.55 0.15 0.7 0.5 0.7 0.3 0.4 0.85 0.65 0.6 1.0 0.7 0.25 0.55 0.8 0.6 
-0.19163981787455947 0.7292909903739806 0.6097361272408587 0.1 1.0 0.45 0.1 0.6 0.8 1.0 0.15 0.55 1.0 0.65 0.15 0.35 0.7 0.3 0.8 0.45 0.75 0.45 0.85 0.05 0.7 0.35 0.15 0.55 0.15 0.3 0.85 0.65 0.6 1.0 0.75 0.25 0.5 0.4 0.2 
-0.0192268377043681 0.3766468359654683 0.7003103260013982 0.75 0.8 0.15 0.05 0.65 0.05 1.0 0.85 0.55 0.55 0.7 0.35 1.0 0.9 0.3 0.3 0.15 0.8 0.4 0.4 0.0 0.1 0.0 0.0 1.0 0.2 0.8 0.85 0.5 0.2 1.0 0.4 0.5 0.65 0.25 0.5 
-0.09646979631199792 0.6962894527687792 0.6543285466214553 0.45 0.45 0.45 0.95 0.65 0.95 1.0 0.15 0.55 0.55 0.7 0.2 0.95 0.7 0.85 0.95 0.35 0.7 0.35 0.3 0.55 0.15 0.95 0.5 1.0 0.3 0.4 0.85 0.65 0.45 1.0 0.7 0.25 0.55 0.9 0.6 
-74.99734565214337 0.47328014553778486 0.6805404229665115 0.75 0.6 0.65 0.9 0.3 0.35 0.75 0.5 0.15 0.9 0.45 0.3 0.9 0.25 0.45 0.5 0.05 0.8 0.1 0.05 0.05 1.0 0.5 0.25 0.75 0.9 0.2 0.25 0.3 0.45 0.9 0.25 0.7 0.75 0.15 0.55 
-0.2595287576850904 0.3108601073912368 0.6318508041010185 0.55 0.45 1.0 0.9 0.85 0.15 0.95 0.75 0.25 0.95 0.0 0.4 0.9 0.3 0.6 0.0 0.05 0.1 0.1 0.0 0.0 0.8 0.55 0.4 1.0 0.55 0.65 0.85 0.95 0.15 0.95 0.85 0.3 0.8 0.35 0.45 
-0.23952509722671403 0.4925460372655693 0.2961473472421051 0.1 0.2 0.95 0.25 0.7 0.2 1.0 0.05 0.4 0.95 0.55 0.7 0.8 0.85 0.4 0.85 1.0 0.45 0.65 0.55 0.1 1.0 0.05 0.35 1.0 0.1 0.75 0.55 0.5 0.25 0.6 0.1 0.7 0.1 0.45 0.3 
-0.07706784781334512 0.26957126492256767 0.5287027027906082 0.2 0.1 0.65 0.75 0.35 0.4 0.65 0.5 0.25 1.0 0.1 0.4 0.9 0.3 0.65 0.2 0.2 0.35 0.2 0.0 0.55 0.85 0.0 0.4 1.0 0.55 0.65 0.95 0.95 0.1 1.0 0.95 0.35 0.9 0.45 0.45 
-87.47849575970989 0.4481932773641601 0.7388179663543394 0.75 0.6 0.65 0.9 0.3 0.35 0.7 0.5 0.25 0.9 0.55 0.4 0.9 0.25 0.45 0.5 0.05 0.8 0.95 0.05 0.95 1.0 0.5 0.25 0.75 0.9 0.2 0.3 0.2 0.45 0.9 0.25 0.7 0.75 0.15 0.55 
-0.6832128785858089 0.35307699832002826 0.29094510671742835 0.05 0.0 0.7 0.35 0.95 0.75 0.95 0.65 0.25 0.75 0.95 0.4 0.9 0.3 0.7 0.65 0.45 0.85 0.6 0.75 0.0 0.8 0.15 0.35 1.0 0.55 0.65 0.75 0.9 0.2 0.2 0.9 0.5 0.9 0.45 0.5 
-2.055618456681599 0.3496313617739472 0.6711459155249333 0.75 0.35 0.15 0.8 0.65 0.85 0.95 0.85 0.55 0.55 0.7 0.35 1.0 0.9 0.3 0.25 0.15 0.8 0.4 0.4 0.0 0.8 0.75 0.35 1.0 0.15 0.8 0.75 0.55 0.3 1.0 0.4 0.5 0.65 0.25 0.5 
-0.20677185484148178 0.5122278461292165 0.672834881037822 0.45 0.45 0.45 0.55 0.6 0.0 1.0 0.1 0.55 0.35 0.7 0.45 0.4 0.25 0.6 0.8 0.35 0.7 0.55 0.7 0.55 0.45 0.95 0.5 1.0 0.3 0.4 0.85 0.7 0.45 1.0 0.7 0.25 0.5 0.9 0.4 
-4.576488255708684 0.4986460098363358 0.3033003695323354 0.1 0.2 0.75 0.0 0.7 0.2 1.0 0.05 0.4 0.95 0.55 0.7 0.95 0.85 0.4 0.85 1.0 0.45 0.7 0.55 0.95 1.0 0.05 0.35 1.0 0.1 0.75 0.45 0.5 0.25 0.4 0.2 0.6 0.05 0.3 0.3 
-0.07904307689155658 0.6637699868503741 0.6827401198263375 0.45 0.8 0.45 0.95 0.65 0.85 1.0 0.15 0.55 0.4 0.7 0.25 0.95 0.7 0.75 1.0 0.35 0.75 0.35 0.45 0.55 0.15 0.6 0.5 1.0 0.3 0.4 0.85 0.65 0.45 1.0 0.7 0.25 0.55 0.75 0.6 
-0.6414059245865289 0.4726640295216622 0.28066399885553195 0.1 0.2 0.5 0.65 0.7 0.2 1.0 0.05 0.4 0.95 0.55 0.7 0.95 0.85 0.4 0.85 1.0 0.45 0.65 0.55 0.1 1.0 0.05 0.35 1.0 0.1 0.75 0.55 0.5 0.25 0.3 0.1 0.4 0.05 0.45 0.3 
-0.22069393931424927 0.35865162598355216 0.28000745802853644 0.7 0.6 0.7 0.35 0.0 1.0 0.95 0.7 0.3 0.95 0.95 0.4 1.0 0.3 0.7 0.65 0.45 0.85 0.1 0.0 0.0 0.15 0.15 0.35 1.0 0.55 0.65 0.55 0.05 0.2 0.7 0.0 0.5 0.8 0.45 0.5 
-0.03725066038036382 0.593828291104154 0.6955565514944372 0.95 0.45 0.45 0.95 0.65 0.1 0.9 0.1 0.7 0.35 0.7 0.2 0.95 0.7 0.95 0.9 0.35 0.7 0.05 0.3 0.55 0.15 0.95 0.8 1.0 0.3 0.4 0.95 0.65 0.45 1.0 0.7 0.25 0.65 0.75 0.6 
-0.018468074957212054 0.6672064497503069 0.4045354714573106 0.5 1.0 0.45 0.1 0.2 0.75 1.0 0.15 0.5 0.65 0.5 0.2 0.85 0.7 0.55 0.75 0.45 0.75 0.85 0.2 0.55 0.7 0.35 0.25 0.9 0.85 0.25 0.75 0.65 0.6 1.0 0.75 0.25 0.2 0.4 0.3 
-0.5326832346192358 0.3045971907684244 0.3306218244095307 0.05 0.1 0.7 0.35 0.0 1.0 0.9 0.65 0.3 0.95 0.95 0.4 1.0 0.3 0.7 0.65 0.15 0.85 0.1 0.0 0.0 0.8 0.15 0.35 1.0 0.55 0.65 0.8 0.95 0.1 0.75 0.95 0.4 0.9 0.45 0.5 
-89.1876602131776 0.43937900146818565 0.7625436678472874 0.75 0.6 0.65 0.9 0.25 0.35 0.5 0.5 0.25 0.8 0.55 0.45 1.0 0.25 0.45 0.6 0.05 0.8 0.2 0.05 0.95 0.5 0.45 0.25 0.75 0.9 0.2 0.25 0.2 0.45 0.9 0.25 0.7 0.75 0.15 0.55 
-41.24522112847781 0.5038583202282871 0.7371626134899633 0.75 0.1 0.65 0.0 0.3 0.85 0.55 0.2 0.15 0.55 0.45 0.45 0.85 0.3 0.2 0.75 0.05 0.75 0.95 0.1 0.95 0.0 0.5 0.25 1.0 0.95 0.2 0.25 0.2 0.45 0.95 0.25 0.7 0.75 0.15 0.55 
-97.3377512806231 0.412850287324609 0.7666043351882339 0.75 0.6 0.65 0.9 0.3 0.35 0.75 0.5 0.15 0.9 0.45 0.4 0.9 0.25 0.45 0.5 0.05 0.8 0.95 0.05 0.95 1.0 0.5 0.25 0.75 0.9 0.2 0.25 0.2 0.45 0.9 0.25 0.7 0.75 0.15 0.55 
-0.06448221664077408 0.6697427822413978 0.3783126150676037 0.75 0.45 0.55 0.1 0.6 0.1 1.0 0.25 0.6 0.7 0.9 0.35 0.95 0.7 0.45 0.85 0.35 0.7 0.35 0.3 0.55 0.15 0.0 0.5 0.7 0.3 0.4 1.0 0.65 0.6 1.0 0.9 0.25 0.55 0.35 0.2 
-0.056754415980375485 0.7534446128242505 0.5384596646188791 0.1 1.0 0.45 0.1 0.6 0.8 1.0 0.15 0.5 1.0 0.65 0.15 0.9 0.7 0.4 0.8 0.45 0.75 0.0 0.85 0.05 0.7 0.35 0.0 0.55 0.15 0.2 0.55 0.65 0.6 1.0 0.75 0.25 0.5 0.4 0.25 
-0.5804073254527466 0.4612371480084554 0.28493639239248947 0.85 1.0 0.5 0.65 0.0 0.2 1.0 0.05 0.4 0.7 0.55 0.7 0.95 0.85 0.4 0.85 1.0 0.45 0.65 0.3 0.1 1.0 0.65 0.35 1.0 0.1 0.75 0.45 0.5 0.25 0.3 0.2 0.35 0.05 0.6 0.75 
-3.5338851378964824 0.5030777892424809 0.6722021064434638 0.45 0.45 0.45 0.55 0.6 0.0 1.0 0.1 0.55 0.35 0.7 0.45 0.7 0.25 0.6 0.85 0.35 0.7 0.55 0.3 0.55 0.15 0.95 0.5 1.0 0.3 0.4 0.85 0.7 0.45 1.0 0.7 0.25 0.5 0.9 0.7 
-11.831978713135502 0.53507809736116 0.7070800181416417 0.75 0.45 0.65 0.15 0.3 0.85 0.7 0.2 0.6 0.95 0.45 0.45 0.85 0.3 0.2 0.7 0.05 0.75 0.95 0.15 0.95 0.0 0.5 0.25 0.85 0.95 0.2 0.25 0.1 0.75 1.0 0.25 0.7 0.75 0.15 0.55 
-0.3493775705670551 0.30717955157891097 0.3209525131574823 0.05 0.1 0.7 0.35 0.0 0.3 0.95 0.65 0.25 0.7 0.95 0.45 0.9 0.3 0.7 0.65 0.45 0.85 0.1 0.35 0.0 0.05 0.65 0.35 1.0 0.55 0.65 0.8 0.95 0.2 0.85 0.95 0.8 0.9 0.45 0.5 
-78.07708683562578 0.46602663026443014 0.7045636962521225 0.75 0.6 0.65 0.9 0.25 0.35 0.75 0.5 0.15 0.9 0.45 0.3 1.0 0.25 0.45 0.5 0.05 0.8 0.95 0.05 0.05 1.0 0.5 0.25 0.75 0.9 0.2 0.25 0.2 0.45 0.9 0.25 0.7 0.75 0.15 0.55 
-136.82214880473845 0.5122692063050511 0.270727880663979 0.45 0.75 0.8 0.3 0.6 1.0 1.0 0.9 0.4 0.7 0.3 0.1 0.85 0.95 0.55 0.5 0.2 0.75 0.7 0.0 0.15 0.7 0.45 0.0 0.75 0.2 0.5 0.5 0.7 0.5 0.9 0.5 0.25 1.0 0.45 0.45 
-88.1078595908566 0.4558796728594928 0.7384879355059396 0.75 0.6 0.65 0.9 0.25 0.35 0.7 0.5 0.25 0.8 0.55 0.45 1.0 0.25 0.45 0.6 0.05 0.8 0.2 0.05 0.95 0.5 0.45 0.25 0.75 0.9 0.2 0.25 0.2 0.45 0.9 0.25 0.7 0.75 0.15 0.55 
-91.73701795108029 0.43505379093279783 0.7717018600860237 0.75 0.6 0.65 0.9 0.45 0.35 0.7 0.7 0.25 0.9 0.55 0.4 0.9 0.25 0.45 0.5 0.05 0.8 0.95 0.05 0.95 1.0 0.5 0.25 0.75 0.9 0.2 0.3 0.2 0.45 0.9 0.25 0.7 0.75 0.15 0.55 
-0.09987610680156593 0.38666372821221145 0.27156183676413204 0.05 0.6 0.7 0.35 0.0 1.0 0.95 0.65 0.3 0.95 0.95 0.4 0.9 0.3 0.7 0.65 0.45 0.85 0.1 0.0 0.0 0.15 0.15 0.35 1.0 0.55 0.65 0.55 1.0 0.2 0.7 0.0 0.25 0.9 0.5 0.5 
-21.51756658687077 0.5112619797379075 0.717724262079752 0.75 0.45 0.65 0.0 0.3 0.85 0.7 0.2 0.15 0.55 0.45 0.45 0.85 0.3 0.2 0.75 0.05 0.75 0.95 0.1 0.95 0.0 0.5 0.25 1.0 0.95 0.2 0.25 0.2 0.45 1.0 0.25 0.7 0.75 0.15 0.55 
-0.2674258482054837 0.7593370870154978 0.6220083941259795 0.1 1.0 0.45 0.1 0.6 0.45 1.0 0.15 0.55 0.75 0.65 0.15 0.9 0.7 0.35 0.8 0.45 0.75 0.25 0.85 0.05 0.7 0.45 0.15 0.95 0.2 0.3 0.85 0.65 0.55 1.0 0.75 0.25 0.4 0.4 0.2 
-100.2652480179732 0.44985098146415503 0.7688168241336382 0.75 0.9 0.65 0.9 0.3 0.35 0.7 0.5 0.15 0.9 0.4 0.4 0.9 0.25 0.45 0.7 0.05 0.8 0.95 0.05 0.95 1.0 0.5 0.25 0.75 0.9 0.2 0.25 0.2 0.45 0.9 0.25 0.7 0.8 0.15 0.55 
-1.4756836571922474 0.35854503911913127 0.6813194539459876 0.75 0.8 0.15 0.05 0.65 0.05 1.0 0.85 0.55 0.55 0.7 0.35 1.0 0.9 0.3 0.3 0.15 0.8 0.4 0.4 0.0 0.1 0.0 0.0 1.0 0.2 0.85 0.85 0.5 0.2 1.0 0.4 0.5 0.65 0.25 0.5 
-16.850535340637073 0.502310853206211 0.7066246680140497 0.75 0.1 0.65 0.0 0.3 0.85 0.55 0.2 0.15 0.55 0.45 0.45 0.85 0.3 0.2 0.75 0.05 0.75 0.95 0.1 0.95 0.0 0.5 0.25 1.0 0.95 0.2 0.25 0.2 0.45 0.95 0.25 0.7 0.75 0.15 0.5 
-0.018411694560275083 0.6884100512455943 0.39405946424771526 0.5 1.0 0.2 0.35 0.9 0.95 0.9 0.15 0.55 0.55 0.65 0.15 0.45 0.7 0.65 0.85 0.45 0.75 0.85 0.6 0.55 0.8 0.35 0.55 0.95 0.85 0.5 0.75 0.65 0.6 1.0 0.75 0.25 0.55 0.4 0.3 
-0.05289186790909505 0.6860139735523897 0.3681309347436117 0.5 1.0 0.2 0.35 0.6 0.95 1.0 0.15 0.55 0.55 0.65 0.15 0.95 0.7 0.55 0.85 0.45 0.75 0.85 0.6 0.2 0.8 0.35 0.15 0.75 0.85 0.6 0.75 0.65 0.6 1.0 0.75 0.25 0.35 0.4 0.3 
-0.08154249720872851 0.750871948684818 0.5975027543829812 0.45 0.8 0.45 0.95 0.65 0.95 1.0 0.15 0.55 0.75 0.7 0.2 0.95 0.7 0.5 0.75 0.35 0.7 0.0 0.45 0.2 0.15 0.6 0.5 1.0 0.3 0.4 0.85 0.65 0.45 1.0 0.7 0.25 0.55 0.75 0.6 
-0.4405818648778983 0.7090373953391795 0.6566000214426176 0.45 0.8 0.45 0.95 0.65 0.95 1.0 0.15 0.55 0.75 0.7 0.2 0.95 0.7 0.75 0.95 0.35 0.7 0.35 0.75 0.55 0.15 0.6 0.5 1.0 0.3 0.45 0.85 0.65 0.45 1.0 0.7 0.25 0.55 0.75 0.6 
-100.5214714967647 0.47138008894036665 0.7515153115125166 0.75 0.9 0.65 0.9 0.3 0.25 0.7 0.5 0.15 0.9 0.4 0.4 0.9 0.25 0.4 0.7 0.05 0.8 0.95 0.05 0.95 1.0 0.5 0.25 0.75 0.9 0.2 0.25 0.2 0.45 0.9 0.25 0.7 0.8 0.15 0.55 
-0.013899738165308002 0.7514725626670276 0.43771792208464644 0.5 1.0 0.45 0.1 0.8 0.95 1.0 0.1 0.45 0.7 0.65 0.15 0.95 0.7 0.65 0.85 0.45 0.75 0.85 0.7 0.8 0.5 0.35 0.15 0.7 0.3 0.3 0.75 0.7 0.6 1.0 0.75 0.25 0.55 0.9 0.25 
-0.029941616960613506 0.6786225577066503 0.35452183363660544 0.5 1.0 0.2 0.1 0.6 0.95 1.0 0.15 0.55 0.55 0.65 0.2 0.95 0.7 0.65 0.85 0.45 0.75 0.85 0.6 0.55 0.7 0.35 0.15 0.6 0.85 0.65 0.75 0.65 0.6 0.9 0.75 0.25 0.55 0.4 0.3 
-90.11454358831966 0.45914677587712327 0.7351004314488295 0.75 0.6 0.65 0.9 0.25 0.35 0.8 0.5 0.2 0.8 0.55 0.45 1.0 0.25 0.45 0.6 0.05 0.8 0.2 0.05 0.95 0.5 0.45 0.25 0.75 0.9 0.2 0.25 0.2 0.45 0.9 0.25 0.7 0.75 0.15 0.55 
-0.12144015741210798 0.2839155401923966 0.3779051046294671 0.05 0.1 0.7 0.35 0.0 0.7 0.95 0.65 0.3 0.65 0.95 0.4 0.75 0.3 0.7 0.65 0.35 0.7 0.95 0.0 0.7 0.85 0.95 0.35 1.0 0.55 0.65 0.8 0.95 0.1 0.95 0.95 0.75 1.0 0.45 0.5 
-0.14715829365378694 0.28764571537441974 0.5738165088804522 0.2 0.45 0.7 0.75 0.35 0.15 0.85 0.65 0.25 0.7 0.1 0.4 0.8 0.3 0.6 0.0 0.1 0.35 0.1 0.0 0.0 0.8 0.75 0.4 1.0 0.55 0.65 0.9 0.95 0.1 1.0 0.95 0.4 0.9 0.45 0.45 
-0.026851348360387935 0.6440858671845223 0.3559677090747489 0.75 0.45 0.55 0.1 0.65 0.8 1.0 0.25 0.55 0.7 0.9 0.35 0.95 0.7 0.45 0.75 0.35 0.7 0.35 0.3 0.55 0.15 0.0 0.5 0.7 0.3 0.4 1.0 0.65 0.55 0.85 0.7 0.25 0.55 0.35 0.15 
-0.06712668300384518 0.6815388661969174 0.37932910797618624 0.5 1.0 0.45 0.1 0.6 0.95 1.0 0.15 0.55 0.45 0.65 0.2 0.95 0.7 0.65 0.85 0.45 0.75 0.6 0.2 0.55 0.7 0.35 0.15 0.8 0.85 0.7 0.75 0.6 0.6 1.0 0.75 0.25 0.55 0.4 0.3 
-112.50364517116599 0.5332180120409609 0.3236942293533219 0.45 0.75 0.35 0.3 0.05 0.4 1.0 0.9 0.4 0.7 0.3 0.25 0.85 0.95 0.5 0.5 0.2 0.75 0.7 0.95 0.15 0.45 0.45 0.0 0.6 0.1 0.4 0.5 0.6 0.5 0.9 0.6 0.25 0.95 0.45 0.45 
-0.11246583366196683 0.7425759750252915 0.41436437653624925 0.5 1.0 0.45 0.1 0.6 0.95 1.0 0.15 0.55 0.55 0.65 0.2 0.95 0.7 0.3 0.85 0.45 0.75 0.85 0.2 0.55 0.7 0.35 0.15 0.8 0.85 0.9 0.75 0.65 0.6 1.0 0.75 0.25 0.45 0.4 0.3 
-0.012496835170845624 0.7205413636145009 0.38704431829842795 0.5 1.0 0.9 0.1 0.6 0.8 1.0 0.1 0.5 0.45 0.45 0.0 0.95 0.7 0.65 0.85 0.45 0.75 0.9 0.0 0.6 0.7 0.45 0.05 0.5 0.7 0.4 0.75 0.65 0.6 1.0 0.75 0.25 0.55 0.9 0.25 
-1.075396825989472 0.6550009437904034 0.33736036540781955 0.9 1.0 0.4 0.35 0.9 0.75 1.0 0.15 0.55 0.55 0.65 0.15 0.95 0.7 0.3 0.85 0.45 0.75 0.85 0.6 0.55 0.8 0.35 0.05 0.95 0.85 0.2 0.75 0.65 0.6 1.0 0.75 0.25 0.65 0.3 0.3 
-0.000527383382822624 0.6147608573164279 0.35912519024451983 0.75 0.45 0.55 0.1 0.65 0.8 1.0 0.25 0.55 0.7 0.9 0.35 0.75 0.7 0.45 0.75 0.35 0.7 0.35 0.3 0.55 0.15 0.4 0.5 0.7 0.3 0.4 1.0 0.65 0.55 0.85 0.7 0.25 0.55 0.35 0.15 
-0.19634636436929886 0.3968496840281123 0.27070231107421683 0.05 0.6 0.7 0.35 0.0 1.0 0.95 0.7 0.3 0.95 0.95 0.4 1.0 0.3 0.7 0.65 0.45 0.85 0.1 0.0 0.0 0.15 0.15 0.35 1.0 0.55 0.65 0.55 1.0 0.2 0.7 0.0 0.5 0.9 0.45 0.5 
-123.1558584158444 0.5284335580615718 0.3114898067213684 0.45 0.75 0.8 0.3 0.05 0.2 1.0 0.9 0.4 0.7 0.3 0.1 0.85 0.95 0.5 0.5 0.2 0.75 0.7 0.0 0.15 0.45 0.45 0.0 0.8 0.1 0.45 0.5 0.7 0.5 0.9 0.6 0.25 1.0 0.45 0.45 
-5.922354635163835 0.42982940408696796 0.28113550903855533 0.05 0.1 0.7 0.35 0.0 1.0 0.95 0.65 0.3 0.95 0.95 0.4 0.9 0.3 0.7 0.65 0.45 0.85 0.1 0.0 0.0 0.15 0.05 0.35 1.0 0.55 0.65 0.95 0.95 0.2 0.6 0.2 0.5 0.9 0.45 0.5 
-0.07266419087413958 0.7672833695958889 0.5430776129305508 0.1 1.0 0.45 0.1 0.6 0.8 1.0 0.15 0.55 0.6 0.65 0.15 0.8 0.7 0.3 0.8 0.45 0.75 0.45 0.85 0.05 0.7 0.35 0.15 0.55 0.15 0.3 1.0 0.65 0.6 1.0 0.75 0.25 0.5 0.4 0.2 
-98.9654157577306 0.3809778931218037 0.7293537876461355 0.65 0.6 0.4 0.9 0.25 0.35 0.3 0.65 0.15 0.65 0.45 0.4 0.95 0.0 0.45 0.7 0.05 0.75 0.95 0.1 0.95 1.0 0.95 0.25 0.75 0.9 0.2 0.25 0.2 0.45 0.9 0.25 0.7 0.9 0.15 0.55 
-0.06752012577968956 0.7589529564433788 0.49978439482523074 0.1 1.0 0.45 0.1 0.6 0.8 1.0 0.15 0.55 0.6 0.65 0.15 0.8 0.7 0.3 0.8 0.45 0.75 0.45 0.85 0.05 0.7 0.35 0.15 0.55 0.15 0.3 0.7 0.65 0.6 1.0 0.75 0.25 0.5 0.4 0.2 
-0.05170674194741241 0.7591377459766101 0.5542586529919069 0.1 1.0 0.45 0.1 0.6 0.8 1.0 0.15 0.55 1.0 0.65 0.15 0.9 0.7 0.3 0.95 0.45 0.75 0.45 0.85 0.05 0.7 0.35 0.15 0.55 0.15 0.3 0.85 0.65 0.6 1.0 0.75 0.25 0.5 0.4 0.3 
-0.04416129392892787 0.7016475076252996 0.34503519746635025 0.5 1.0 0.2 0.35 0.6 0.95 1.0 0.15 0.55 0.55 0.65 0.15 0.95 0.7 0.55 0.85 0.45 0.75 0.85 0.6 0.2 0.8 0.35 0.15 0.75 0.85 0.45 0.75 0.65 0.6 1.0 0.75 0.25 0.55 0.4 0.3 
-0.006224584310366266 0.6759198769825095 0.3417848498498388 0.5 1.0 0.5 0.35 0.9 0.95 1.0 0.15 0.55 0.55 0.65 0.15 1.0 0.7 0.7 0.85 0.45 0.75 0.85 0.6 0.55 0.8 0.35 0.15 0.95 0.85 0.5 0.75 0.65 0.6 1.0 0.75 0.25 0.55 0.4 0.3 
-1.1395019386297505 0.7615951091164543 0.4586019605610079 0.5 1.0 0.9 0.1 0.6 0.8 1.0 0.1 0.5 0.45 0.45 0.0 0.95 0.7 0.8 0.85 0.45 0.75 0.25 0.0 0.6 0.7 0.45 0.05 0.5 0.7 0.75 0.75 0.65 0.6 1.0 0.75 0.25 0.55 0.9 0.25 
-0.4457415682773897 0.7297862377062645 0.40114453410717105 0.5 1.0 0.8 0.1 0.0 0.95 0.95 0.15 0.55 0.45 0.6 0.2 0.95 0.7 0.4 1.0 0.45 0.75 0.85 0.75 0.3 0.7 0.35 0.45 0.0 0.5 0.7 0.85 0.65 0.6 1.0 0.75 0.25 0.95 0.95 0.3 
-90.37676685980942 0.39426625176275815 0.7479414181547642 0.75 0.6 0.65 0.65 0.3 1.0 0.85 0.45 0.2 0.9 0.45 0.4 0.95 0.25 0.7 0.6 0.1 0.8 0.95 0.05 0.95 0.65 0.5 0.25 0.75 0.9 0.2 0.25 0.25 0.45 0.85 0.25 0.7 0.75 0.15 0.55 
-0.10635297040124564 0.28427411597804964 0.3712585764000822 0.05 0.1 0.7 0.35 0.0 0.7 1.0 0.65 0.3 0.65 0.95 0.4 0.8 0.3 0.7 0.65 0.35 0.7 0.95 0.05 0.7 0.85 0.95 0.35 1.0 0.55 0.65 0.8 0.95 0.1 0.95 0.95 0.75 1.0 0.45 0.5 
-0.007782585561714311 0.761826524415454 0.48515190120488216 0.1 1.0 0.45 0.1 0.6 0.8 1.0 0.15 0.55 0.6 0.65 0.15 0.9 0.7 0.3 0.8 0.45 0.75 0.45 0.85 0.05 0.7 0.35 0.15 0.55 0.15 0.3 0.7 0.65 0.6 1.0 0.75 0.25 0.5 0.4 0.2 
-0.11412443130199672 0.7613747117859382 0.5838809518931575 0.1 1.0 0.45 0.1 0.6 0.8 1.0 0.15 0.55 1.0 0.65 0.15 0.9 0.7 0.3 0.8 0.45 0.75 0.45 0.85 0.05 0.7 0.35 0.15 0.55 0.15 0.3 0.85 0.65 0.6 1.0 0.75 0.25 0.5 0.4 0.2 
-5.982910226089512 0.7615141066365301 0.4099007258888794 0.5 1.0 0.2 0.1 0.6 0.95 0.95 0.2 0.55 0.7 0.65 0.2 1.0 0.7 0.45 0.85 0.45 0.75 0.1 0.55 0.55 0.7 0.35 0.15 0.8 0.85 0.95 0.75 0.65 0.6 1.0 0.75 0.25 0.55 0.4 0.25 
-169.55034404282503 0.5561751741021402 0.30284514473247315 0.1 0.2 0.5 0.65 0.7 0.2 1.0 0.05 0.4 0.95 0.55 0.7 0.95 0.85 0.4 0.85 1.0 0.45 0.65 0.55 0.1 1.0 0.05 0.35 1.0 0.1 0.1 0.8 0.5 0.25 0.3 0.2 0.4 0.95 0.45 0.3 
-0.1522776149851159 0.7748394463461441 0.5178606952565732 0.1 0.05 0.45 0.1 0.6 0.8 1.0 0.15 0.55 0.8 0.65 0.15 0.9 0.7 0.3 0.8 0.45 0.75 0.45 0.85 0.05 0.7 0.35 0.15 0.5 0.15 0.3 0.85 0.65 0.6 1.0 0.75 0.25 0.5 0.4 0.2 
-0.18691035273628887 0.27516831760991867 0.4139919814522572 0.05 0.85 0.7 0.35 0.0 0.7 0.95 0.65 0.3 0.55 0.95 0.4 0.75 0.3 0.7 0.65 0.15 0.7 0.95 0.0 0.0 0.85 0.95 0.35 1.0 0.55 0.65 0.95 0.95 0.1 1.0 0.95 0.75 0.95 0.45 0.5 
-1.1786351444510477 0.772075918464185 0.5580643693189791 0.1 1.0 0.45 1.0 0.6 0.8 1.0 0.15 0.55 1.0 0.65 0.15 0.9 0.7 0.65 0.8 0.45 0.75 0.45 0.85 0.4 0.7 0.35 0.2 0.65 0.15 0.3 0.95 0.65 0.6 1.0 0.75 0.25 0.65 0.4 0.3 
-30.224698093471037 0.5150144781639696 0.7509038092988018 0.75 0.45 0.65 0.0 0.7 0.25 0.7 0.2 0.85 0.95 0.45 0.4 0.85 0.3 0.2 0.7 0.05 0.75 0.95 0.15 0.45 0.0 0.5 0.95 0.85 0.95 0.2 0.25 0.1 1.0 1.0 0.25 0.7 0.75 0.15 0.55 
-1.0875957251294555 0.2649332096112105 0.46482630987937046 0.05 0.1 0.7 0.35 0.0 1.0 0.7 0.65 0.3 0.55 0.85 0.4 1.0 0.3 0.7 0.65 0.15 0.85 0.1 0.75 0.0 0.8 0.15 0.35 1.0 0.5 0.65 0.8 0.95 0.1 1.0 0.95 0.45 0.9 0.45 0.5 
-1.0391274456507993 0.5773658693592553 0.3386018108549276 0.45 0.45 0.55 0.2 0.6 0.8 0.95 0.1 0.55 0.55 0.9 0.4 0.95 0.7 0.45 0.85 0.35 0.7 0.35 0.3 0.55 0.15 0.7 0.0 0.7 0.3 0.4 1.0 0.65 0.55 1.0 0.7 0.25 0.55 0.35 0.35 
-6.672753959560846 0.7592687503546456 0.3906067372269875 0.5 1.0 0.2 0.1 0.6 0.95 0.95 0.2 0.55 0.7 0.65 0.2 1.0 0.7 0.45 0.85 0.45 0.75 0.1 0.55 0.55 0.7 0.65 0.15 1.0 0.85 0.95 0.75 0.65 0.6 1.0 0.75 0.25 0.55 0.4 0.25 
-0.5977518631778291 0.2715742450894846 0.42945007697672766 0.05 0.85 0.7 0.35 0.0 0.7 0.95 0.65 0.3 0.55 0.95 0.4 0.7 0.3 0.7 0.65 0.15 0.7 0.95 0.0 0.0 0.85 0.95 0.4 1.0 0.55 0.65 0.95 0.95 0.1 1.0 0.95 0.75 0.95 0.45 0.5 
-0.1871599293252645 0.25927890592651803 0.5363443097298777 0.05 0.1 0.7 0.35 0.0 1.0 0.7 0.65 0.3 0.55 0.85 0.4 1.0 0.3 0.7 0.45 0.9 0.8 0.1 0.75 0.9 0.1 0.15 0.35 1.0 0.5 0.65 0.8 0.95 0.1 1.0 0.95 0.75 0.9 0.45 0.5 
-2.466943452914227 0.7624340320442872 0.42464297093213765 0.5 1.0 0.9 0.1 0.6 0.8 1.0 0.1 0.5 0.45 0.45 0.0 0.95 0.7 0.65 0.85 0.45 0.75 0.25 0.0 0.6 0.7 0.45 0.05 0.5 0.7 0.75 0.75 0.65 0.6 1.0 0.75 0.25 0.55 0.9 0.25 
-0.10856192613830327 0.7094503108163022 0.3595050229535638 0.5 1.0 0.2 0.65 0.9 0.95 1.0 0.15 0.55 0.55 0.65 0.15 0.95 0.7 0.65 0.85 0.45 0.75 0.85 0.6 0.55 0.8 0.35 0.15 0.25 0.85 0.5 0.75 0.65 0.6 1.0 0.75 0.25 0.55 0.4 0.3 
-0.7830234947338105 0.7447902643668031 0.3711617064282705 0.9 1.0 0.8 0.35 0.9 0.95 1.0 0.15 0.55 0.55 0.65 0.15 0.95 0.7 0.65 0.85 0.45 0.75 0.85 0.6 0.55 0.8 0.35 0.15 0.95 0.85 0.9 0.75 0.65 0.6 1.0 0.75 0.25 0.55 0.4 0.3 
-0.08961441034110812 0.7381774576292215 0.6472780704685337 0.1 1.0 0.45 0.1 0.6 0.8 1.0 0.15 0.55 1.0 0.65 0.15 0.9 0.7 0.65 0.8 0.45 0.75 0.45 0.85 0.05 0.7 0.35 0.15 0.95 0.2 0.3 0.85 0.65 0.6 1.0 0.75 0.25 0.5 0.4 0.2 
-121.69802483027497 0.5593016537592176 0.3267500250697142 0.45 0.75 0.8 0.3 0.6 1.0 1.0 0.9 0.4 0.7 0.3 0.1 0.85 0.95 0.5 0.5 0.2 0.75 0.25 1.0 0.15 0.45 0.45 0.6 0.25 0.2 0.45 0.5 0.7 0.5 0.9 0.55 0.25 1.0 0.45 0.45 
-0.36882911100901844 0.2634235819284878 0.5674072157784019 0.2 0.1 0.7 0.75 0.35 0.15 0.65 0.6 0.25 1.0 0.1 0.5 0.9 0.3 0.6 0.2 0.1 0.35 0.2 0.0 0.0 0.4 0.75 0.4 1.0 0.55 0.65 0.95 0.95 0.1 1.0 0.95 0.35 0.9 0.45 0.45 
-46.438556329107385 0.5019170250801062 0.751455408580935 0.75 0.45 0.65 0.0 0.3 0.85 0.7 0.2 0.6 0.55 0.45 0.45 0.85 0.3 0.2 0.75 0.05 0.75 0.95 0.1 0.95 0.0 0.5 0.25 1.0 0.95 0.2 0.25 0.2 0.45 1.0 0.25 0.7 0.75 0.15 0.55 
-1.0703054070209939 0.2537128574368954 0.5091870230215726 0.2 0.1 0.0 0.45 0.35 0.15 0.65 0.5 0.25 1.0 0.1 0.4 0.9 0.3 0.65 0.35 0.1 0.2 0.9 0.0 0.0 0.4 0.75 0.4 1.0 0.55 0.65 0.95 0.95 0.1 1.0 0.95 0.35 0.9 0.45 0.45 
-0.1782038952518815 0.2671135700652286 0.4896684826111675 0.05 0.1 0.9 0.7 0.0 1.0 0.7 0.65 0.3 0.55 0.85 0.4 1.0 0.3 0.7 0.65 0.15 0.8 0.1 0.75 0.0 0.8 0.15 0.35 1.0 0.5 0.7 0.8 0.95 0.15 1.0 0.95 0.45 0.9 0.45 0.5 
-2.133426433195371 0.7010873329842227 0.3339295368827462 0.5 1.0 0.2 0.35 0.9 0.95 1.0 0.15 0.55 0.55 0.65 0.15 0.95 0.7 0.65 0.85 0.45 0.75 0.85 0.6 0.2 0.8 0.35 0.15 0.75 0.85 0.45 0.75 0.65 0.6 1.0 0.75 0.25 0.55 0.4 0.3 
-0.7456756471491767 0.6089236621598273 0.3516663874877129 0.75 0.45 0.55 0.1 0.65 0.8 1.0 0.25 0.55 0.7 0.9 0.35 0.95 0.7 0.45 0.85 0.35 0.7 0.35 0.3 0.55 0.15 0.0 0.5 0.7 0.3 0.4 1.0 0.65 0.55 0.85 0.7 0.25 0.55 0.35 0.15 
-0.8276569749512108 0.5357717444270615 0.7293730659440891 0.75 0.45 0.65 0.0 0.7 0.25 0.75 0.2 0.85 0.95 0.45 0.4 0.85 0.3 0.2 0.7 0.05 0.75 0.95 0.15 0.45 0.45 0.5 0.95 0.85 0.95 0.2 0.25 0.1 1.0 1.0 0.25 0.7 0.75 0.15 0.55 
-176.30482124887249 0.5019445435441452 0.27529143427747615 0.1 0.2 0.5 0.65 0.7 0.2 1.0 0.05 0.4 0.95 0.55 0.7 0.95 0.85 0.4 0.85 1.0 0.45 0.65 0.15 0.1 1.0 0.05 0.35 1.0 0.1 0.75 0.55 0.5 0.25 0.3 0.1 0.4 0.05 0.45 0.55 
-95.78631074393861 0.3716854912013092 0.7183651625823045 0.65 0.6 0.4 0.9 0.0 0.35 0.3 0.6 0.15 0.65 0.45 0.4 0.95 0.0 0.45 0.65 0.05 0.75 0.95 0.1 0.95 1.0 0.95 0.95 0.75 0.9 0.2 0.25 0.2 0.45 0.9 0.25 0.7 0.9 0.15 0.55 
-0.12831825647115055 0.7645433042580211 0.604827243168367 0.1 1.0 0.45 0.1 0.6 0.8 1.0 0.15 0.55 1.0 0.65 0.15 0.9 0.7 0.65 0.8 0.45 0.75 0.45 0.85 0.05 0.7 0.35 0.15 0.95 0.2 0.3 0.85 0.65 0.6 1.0 0.75 0.25 0.5 0.4 0.35 
-124.76197438387841 0.47026685991658035 0.775260324652961 0.75 0.45 0.65 0.0 0.3 0.85 0.7 0.2 0.15 0.95 0.45 0.45 0.85 0.3 0.2 0.75 0.05 0.75 0.95 0.1 0.95 0.0 0.5 0.25 1.0 0.95 0.2 0.25 0.2 0.45 1.0 0.25 0.7 0.75 0.15 0.55 
-43.57269069409011 0.5464487949543453 0.7110999917029357 0.75 0.45 0.65 0.0 0.3 0.25 0.7 0.2 0.9 0.95 0.45 0.4 0.85 0.3 0.15 0.7 0.05 0.75 0.95 0.15 0.95 0.0 0.5 0.25 0.7 0.95 0.2 0.25 0.1 1.0 1.0 0.25 0.7 0.75 0.15 0.55 
-3.694110805000134 0.2878283679886321 0.6024858295949618 0.05 0.1 0.7 0.35 0.0 1.0 0.7 0.65 0.3 0.55 0.85 0.4 1.0 0.3 0.7 0.65 0.9 0.8 0.1 0.75 0.0 0.1 0.15 0.35 1.0 0.5 0.65 0.8 0.95 0.1 1.0 0.95 0.75 0.9 0.45 0.5 
-44.93277217265179 0.5167668999622946 0.7586741020145622 0.75 0.45 0.65 0.0 0.7 0.25 0.75 0.2 0.7 0.95 0.45 0.4 0.85 0.3 0.2 0.7 0.05 0.75 0.95 0.15 0.45 0.45 0.5 0.95 0.85 0.95 0.2 0.25 0.1 1.0 1.0 0.25 0.7 0.75 0.15 0.55 
-44.065450002101805 0.5688721644726134 0.7172790905625265 0.75 0.45 0.75 0.0 0.7 0.25 0.7 0.4 0.85 0.95 0.45 0.4 0.85 0.3 0.2 0.7 0.05 0.75 0.95 0.15 0.45 0.0 0.5 0.95 0.85 0.95 0.2 0.25 0.1 1.0 1.0 0.25 0.7 0.75 0.15 0.55 
-54.084606165630554 0.500633959927476 0.7776848782577881 0.75 0.45 0.65 0.0 0.3 0.6 0.55 0.2 0.15 0.55 0.45 0.45 0.85 0.3 0.3 0.75 0.05 0.75 0.95 0.1 0.95 0.0 0.5 0.65 1.0 0.95 0.2 0.25 0.2 0.45 1.0 0.25 0.7 0.75 0.15 0.55 
-122.98041564512427 0.4928424305824938 0.7981670092254161 0.75 0.45 0.65 0.0 0.3 0.85 1.0 0.2 0.0 0.5 0.45 0.45 0.85 0.3 0.65 0.75 0.05 0.75 0.95 0.1 0.95 0.0 0.5 0.25 1.0 0.95 0.2 0.25 0.2 0.45 1.0 0.25 0.7 0.75 0.15 0.55 
-7.523011499297046 0.6169857999480353 0.3246191708648337 0.75 0.45 0.55 0.5 0.6 0.8 1.0 0.25 0.55 0.7 0.9 0.35 0.95 0.7 0.45 0.85 0.35 0.7 0.35 0.3 0.55 0.85 0.45 0.5 0.6 0.3 0.4 1.0 0.65 0.6 1.0 0.7 0.25 0.55 0.35 0.35 
-3.437189774336858 0.30871257645320616 0.30048971790137924 0.05 0.1 0.7 0.35 0.0 1.0 0.9 0.65 0.3 0.95 0.95 0.4 1.0 0.3 0.7 0.65 0.15 0.85 0.1 0.0 0.0 0.8 0.15 0.35 1.0 0.55 0.65 0.8 0.95 0.1 0.9 0.95 0.4 0.9 0.45 0.5 
-0.26239804751740725 0.636094925763028 0.3267627761779037 0.5 1.0 0.4 0.35 0.9 0.75 1.0 0.15 0.55 0.55 0.65 0.15 0.95 0.7 0.3 0.85 0.45 0.75 0.85 0.6 0.55 0.8 0.35 0.85 0.95 0.85 0.2 0.75 0.65 0.6 1.0 0.75 0.25 0.55 0.3 0.3 
-10.000144017733653 0.7770510394777885 0.5839568882773944 0.1 1.0 0.45 0.1 0.6 0.45 1.0 0.15 0.55 0.55 0.65 0.15 0.9 0.7 0.35 0.8 0.45 0.75 0.25 0.85 0.05 0.7 0.45 0.15 0.95 0.2 0.3 0.85 0.65 0.6 1.0 0.75 0.25 0.4 0.4 0.2 
-2.5129620345992993 0.3627129262999196 0.27032379869123124 0.7 0.6 0.7 0.35 0.0 1.0 0.95 0.7 0.3 0.8 0.95 0.4 1.0 0.3 0.7 0.65 0.45 0.85 0.1 0.0 0.0 0.15 0.15 0.35 1.0 0.55 0.65 0.55 0.05 0.2 0.7 0.0 0.5 0.9 0.55 0.5 
-143.54183903635416 0.5283301479346749 0.27656269280144063 0.45 0.75 0.25 0.3 0.6 1.0 1.0 0.9 0.4 0.7 0.3 0.1 1.0 0.95 0.55 0.5 0.2 0.75 0.7 0.0 0.15 0.7 0.45 0.0 0.75 0.2 0.5 0.5 0.7 0.5 0.9 0.5 0.25 1.0 0.45 0.45 
-65.94144447568361 0.6235443274657813 0.7198556078130783 0.75 0.45 0.65 0.0 0.3 0.25 0.7 0.2 0.9 0.95 0.5 0.4 0.85 0.3 0.15 0.7 0.05 0.75 0.95 0.15 0.95 0.0 0.1 0.85 0.7 0.95 0.2 0.25 0.1 1.0 1.0 0.25 0.7 0.75 0.15 0.55 
-64.26040197793259 0.6048169732717985 0.7233204279559652 0.75 0.45 0.65 0.0 0.3 0.25 0.7 0.2 0.9 0.95 0.5 0.4 0.85 0.3 0.3 0.7 0.05 0.75 0.95 0.1 0.95 0.0 0.1 0.85 0.7 0.95 0.2 0.25 0.1 1.0 1.0 0.25 0.7 0.75 0.15 0.55 
-164.43606452813955 0.5492201934293863 0.29451491418855336 0.1 0.2 0.5 0.65 0.7 0.2 1.0 0.05 0.4 0.95 0.55 0.7 0.95 0.85 0.4 0.85 1.0 0.45 0.65 0.55 0.1 1.0 0.05 0.6 1.0 0.1 0.1 0.8 0.5 0.25 0.3 1.0 0.65 0.95 0.45 0.3 
-91.7196836653941 0.4353192973765243 0.7841102137304965 0.75 0.6 0.65 0.9 0.25 0.35 0.5 0.6 0.0 0.8 0.55 0.45 1.0 0.25 0.45 0.6 0.05 0.8 0.2 0.05 0.95 0.5 0.45 0.25 0.75 0.9 0.2 0.25 0.2 0.45 0.9 0.25 0.7 0.75 0.15 0.55 
-135.50264488160627 0.5149207156324441 0.2653120922072053 0.45 0.55 0.55 0.3 0.6 1.0 0.95 0.9 0.4 0.7 0.3 0.1 1.0 0.95 0.55 0.5 0.2 0.75 0.7 0.0 0.15 0.7 0.45 0.0 0.75 0.2 0.5 0.5 0.7 0.5 0.9 0.5 0.25 1.0 0.45 0.45 
-0.9705758821892576 0.6493298420650759 0.32149501461886487 0.9 1.0 0.4 0.35 0.9 0.75 1.0 0.15 0.55 0.55 0.65 0.15 0.95 0.7 0.3 0.85 0.45 0.75 0.85 0.6 0.55 0.8 0.35 0.05 1.0 0.85 0.2 0.75 0.65 0.6 1.0 0.75 0.25 0.65 0.3 0.3 
-18.699929830194414 0.26914105024949786 0.3934196024644702 0.05 0.85 0.7 0.35 0.0 0.7 0.95 0.65 0.3 0.55 0.95 0.4 0.75 0.3 0.7 0.3 0.15 0.7 0.4 0.0 0.0 0.85 0.95 0.35 1.0 0.55 0.65 0.95 0.95 0.1 1.0 0.95 0.75 0.95 0.45 0.5 
-97.01413444466684 0.41751407107651006 0.7925282151996229 0.75 0.6 0.65 0.9 0.25 0.35 0.5 0.6 0.35 0.8 0.55 0.45 1.0 0.25 0.45 0.6 0.05 0.8 0.2 0.05 0.95 0.5 0.45 0.25 0.75 0.9 0.2 0.25 0.2 0.45 0.9 0.25 0.7 0.75 0.15 0.55 
