-0.008659741002162786 0.5272577383349413 0.5524143433032298 0.9 0.7 0.45 0.4 0.85 1.0 0.15 0.5 0.6 0.9 0.05 0.75 0.55 0.05 0.0 0.7 0.15 0.55 1.0 0.95 0.65 0.3 1.0 0.7 0.65 0.3 0.1 0.4 0.55 0.35 0.45 0.6 0.2 0.55 0.45 1.0 
-0.015147702723822848 0.49037802284505566 0.4915235288542018 0.3 0.85 0.85 0.55 0.6 0.45 0.9 0.7 0.3 0.45 0.95 0.4 0.6 0.05 1.0 0.3 0.1 0.75 0.85 0.0 0.2 0.6 0.55 1.0 0.35 0.5 0.25 0.5 0.35 0.65 0.75 0.65 0.45 1.0 0.75 0.55 
-0.009532707146332383 0.49124642921972084 0.5078258983887528 0.75 0.45 0.05 0.05 0.1 0.7 1.0 0.4 0.15 0.45 0.0 0.0 0.95 0.15 1.0 0.2 0.9 0.6 0.1 0.7 0.8 0.5 0.35 0.7 0.8 0.95 0.3 0.35 0.85 0.2 0.9 0.65 0.25 0.85 0.45 0.7 
-0.0002548811063910217 0.4767638068448996 0.5143797902163937 0.6 0.0 0.4 0.2 0.6 0.0 1.0 0.8 0.5 0.65 0.75 0.4 0.6 0.8 0.35 0.85 0.25 0.35 0.95 0.95 0.1 0.1 0.5 0.6 0.95 0.5 0.55 0.75 0.45 0.2 0.8 0.7 0.2 1.0 0.85 0.65 
-0.016758578664988092 0.49692243148600757 0.47872269224244557 0.85 0.0 0.7 0.2 0.4 0.65 0.95 0.8 0.3 0.65 0.95 0.4 0.6 0.35 0.7 0.8 1.0 0.35 0.45 0.4 0.1 0.8 0.2 0.15 0.8 0.5 0.8 0.8 0.35 0.2 0.85 0.55 0.25 1.0 0.1 0.75 
-0.006564021293667094 0.5054379430475965 0.5011874841017303 0.45 0.1 0.65 0.7 0.9 0.4 0.35 0.95 0.3 0.7 0.75 0.2 0.1 0.7 0.55 0.85 0.75 0.45 0.25 0.9 0.5 0.55 0.25 0.2 0.8 0.55 0.15 0.2 0.65 0.15 0.9 0.0 0.8 0.7 0.3 0.7 
-0.00011774959388407961 0.5324997605238446 0.5174538003091027 0.85 0.9 0.95 0.45 0.75 0.15 0.05 0.05 0.7 0.15 0.9 0.8 1.0 0.95 0.7 1.0 0.9 0.25 0.9 0.2 0.5 0.85 0.0 0.95 0.7 0.3 0.15 0.1 0.8 0.15 0.95 0.3 0.6 1.0 0.55 0.6 
-0.0038014814978313484 0.5230406934341766 0.502703944673911 0.75 0.45 0.95 0.95 0.15 0.35 0.45 0.35 0.9 0.5 0.9 0.55 0.85 0.55 0.55 0.2 0.15 0.85 0.8 0.05 0.35 0.9 0.1 0.65 0.55 0.5 0.4 0.45 0.0 0.5 0.15 0.25 0.45 0.9 0.4 0.7 
-6.19147794947121e-05 0.44940708977924565 0.447249975802704 0.65 0.85 1.0 0.2 0.55 0.6 0.95 0.7 0.3 0.65 0.95 0.4 0.6 0.95 0.4 0.3 0.25 0.75 0.25 0.0 0.25 0.3 0.9 0.35 0.15 0.5 0.0 0.75 0.35 0.5 0.3 0.45 0.15 0.35 0.85 0.9 
-0.0030394947359834897 0.469165752107105 0.505233785738179 0.75 0.45 0.95 0.75 0.1 0.65 1.0 0.4 0.5 0.45 0.95 0.0 0.95 0.15 0.6 0.2 0.9 0.8 0.75 0.7 0.95 0.45 0.25 1.0 0.5 0.95 0.7 0.35 0.85 0.9 0.9 0.65 0.25 0.85 0.2 0.2 
-0.0003395937669479019 0.5287236855235907 0.48197417181795993 0.55 0.45 0.25 0.75 0.75 0.65 0.55 0.4 0.5 0.6 0.95 0.2 0.95 0.0 0.6 0.7 0.0 0.1 0.2 0.9 0.8 0.45 0.65 0.85 0.7 0.9 0.3 0.35 0.45 0.4 0.8 0.85 0.1 0.05 0.75 0.2 
-0.0041203245321983495 0.5599607846652649 0.5012543523550718 0.35 0.35 0.95 0.75 0.25 0.65 1.0 0.4 0.4 0.2 0.95 0.15 0.95 0.9 0.95 0.35 0.55 0.15 0.8 0.25 0.4 0.9 0.8 0.2 0.95 0.95 0.3 0.7 0.85 0.2 1.0 0.65 0.25 1.0 0.25 0.4 
-0.00052977256722458 0.4675835234593807 0.4792357971004042 0.8 0.05 0.6 0.7 0.0 0.0 1.0 0.0 0.75 0.8 0.15 0.7 1.0 0.95 0.15 0.8 0.1 0.85 0.1 0.85 0.5 0.7 0.15 0.8 0.15 0.5 0.85 0.3 0.75 0.25 0.25 0.95 0.45 0.4 0.55 0.95 
-0.015216523459358948 0.46535265739274156 0.5525412408858522 0.9 0.3 0.9 0.2 0.15 0.45 0.1 0.05 0.6 0.65 0.75 0.45 0.6 0.95 0.95 1.0 0.9 0.3 0.9 0.55 0.15 0.85 0.0 0.75 0.75 0.7 0.05 0.05 0.55 0.95 0.85 0.75 0.4 0.9 0.55 0.6 
-0.002768435398616655 0.5330177595653676 0.4711258670434439 0.85 0.5 0.55 0.4 0.05 0.3 0.95 0.3 0.25 0.35 0.1 0.5 0.4 0.5 0.3 0.7 1.0 0.45 1.0 0.7 0.05 0.35 1.0 0.95 0.25 0.0 0.85 0.1 0.8 0.2 0.55 0.1 0.9 0.9 0.7 0.35 
-0.0033311364812513627 0.3985217706798246 0.5037551711878727 0.2 0.3 0.15 0.2 0.6 1.0 0.8 0.65 0.35 0.65 0.95 0.4 0.8 0.8 0.05 0.85 0.8 0.85 0.95 0.3 0.2 0.1 0.25 0.55 0.1 0.5 0.55 0.65 0.35 0.1 0.95 0.7 0.95 0.95 0.55 0.65 
-0.0018505797353328113 0.44730594214490077 0.4909615267114788 0.4 0.9 0.75 0.85 0.3 0.6 1.0 0.25 0.55 0.55 0.4 0.45 0.7 0.15 0.45 0.7 0.65 1.0 0.5 0.95 0.35 0.7 0.5 0.15 0.8 0.3 0.65 0.15 0.1 0.8 0.8 1.0 0.95 0.45 0.4 0.15 
-0.003285122296470175 0.5638749999109472 0.5111237446148768 0.15 0.1 0.65 0.7 0.9 0.35 0.95 0.95 0.3 0.7 0.75 0.2 0.1 0.65 0.55 0.85 0.75 0.45 0.25 0.9 0.5 0.55 0.25 0.2 0.9 0.55 0.15 0.2 0.65 0.15 0.6 0.85 0.8 0.7 0.5 0.7 
-0.00023064217437813978 0.4517749925279809 0.5198677543079274 0.85 0.75 0.7 0.45 0.45 0.55 0.85 0.05 0.85 0.45 0.9 0.05 0.65 0.95 0.3 0.9 0.9 0.25 0.9 0.2 0.25 0.95 0.05 0.55 1.0 0.35 0.35 0.15 0.45 0.05 0.9 0.75 0.25 1.0 0.55 0.6 
-0.024876217414289924 0.42762122001960934 0.5125800217815678 0.85 0.75 0.9 0.45 0.75 0.55 0.85 0.05 0.85 0.55 0.9 0.05 1.0 0.95 0.1 1.0 0.9 0.25 0.9 0.75 0.25 0.8 0.0 0.75 1.0 0.3 0.3 0.15 0.45 0.35 0.9 0.65 0.6 1.0 0.55 0.6 
-0.020959800941945238 0.418505799976037 0.5537532232755368 0.85 0.75 0.9 0.45 0.75 0.55 0.75 0.05 0.9 0.55 0.9 0.05 0.8 0.95 0.1 1.0 0.9 0.25 0.9 0.5 0.25 0.8 0.0 0.75 1.0 0.3 0.3 0.15 0.45 0.2 0.9 0.75 0.6 1.0 0.55 0.6 
-0.002074780456250224 0.4449290617002886 0.48099444857581636 0.55 0.0 0.0 0.45 0.6 0.95 0.95 0.9 0.45 0.4 0.3 0.4 0.0 0.4 0.4 0.3 1.0 1.0 0.5 0.4 0.8 0.1 0.6 0.95 0.35 0.5 0.55 0.65 0.1 0.15 0.75 0.55 0.5 0.9 0.75 0.75 
-0.016471692139784437 0.5677148991996507 0.4405023578746964 0.55 0.55 0.85 0.7 0.1 0.25 0.95 0.4 0.5 0.7 0.95 0.2 0.5 0.0 0.6 0.6 1.0 0.1 0.15 0.3 0.45 0.5 0.45 0.8 0.7 0.1 0.75 0.35 0.45 0.4 0.6 0.65 0.25 0.6 0.9 0.1 
-0.0028637641364394574 0.5662810446841122 0.48477547261000287 0.55 0.45 0.25 0.75 0.75 0.65 0.55 0.4 0.5 0.6 0.95 0.2 0.95 0.0 0.6 0.7 0.0 0.1 0.2 0.9 0.8 0.45 0.65 0.85 0.7 0.9 0.3 0.35 0.45 0.4 0.8 0.85 0.25 0.05 0.75 0.85 
-0.06436029340041556 0.5112092152079996 0.5444363943664132 0.1 0.35 0.95 0.75 0.25 0.65 0.8 0.7 0.4 0.65 0.95 0.45 0.95 0.8 0.05 0.35 0.55 0.15 0.8 0.25 0.45 0.9 0.8 0.9 0.95 0.75 0.3 0.7 0.85 0.25 0.55 0.65 0.25 1.0 0.25 0.7 
-0.0026742420353110686 0.5993399887521884 0.4821160105625558 0.55 0.05 0.85 0.7 0.1 0.25 0.95 0.4 0.5 0.7 0.95 0.25 0.05 0.0 0.35 0.1 0.6 0.1 0.4 0.4 0.4 0.7 0.45 0.85 0.6 0.5 0.15 0.3 0.45 0.4 0.8 0.65 0.25 0.65 0.9 0.4 
-0.00241064421564147 0.44502225537257556 0.4274463833178389 0.3 0.15 0.0 0.2 0.6 0.65 0.95 0.8 0.3 0.65 0.95 0.4 0.6 0.4 0.35 0.85 0.8 0.35 0.05 0.35 0.2 0.65 0.25 0.2 0.8 0.5 0.55 0.65 0.35 0.2 0.75 0.55 0.4 0.7 0.75 0.75 
-0.003614856042529121 0.4428889895496459 0.544938816982624 0.85 1.0 0.9 1.0 0.6 0.7 0.3 0.05 0.55 0.9 0.55 0.85 0.5 0.95 0.9 1.0 0.9 0.2 0.9 0.35 0.75 0.85 0.0 0.75 0.6 0.3 0.55 0.05 0.55 0.4 0.75 0.8 0.6 0.25 0.55 0.6 
-0.0030384269929146866 0.5685924665005709 0.538030263586815 0.55 0.65 0.95 0.1 0.15 0.3 0.15 0.5 0.7 0.9 0.95 0.35 0.95 0.35 0.0 0.35 0.75 0.25 0.8 0.7 0.85 1.0 0.8 0.25 1.0 0.95 0.3 0.5 0.85 0.1 0.9 0.75 0.0 0.7 0.75 0.25 
-0.003256036142107362 0.5847887336454954 0.46957351947110376 0.5 0.15 0.95 0.1 0.15 0.3 0.85 0.45 0.7 0.9 0.95 0.25 0.95 0.3 0.0 0.2 0.75 0.1 0.8 0.7 0.85 1.0 0.8 0.95 0.95 0.95 0.75 0.5 0.85 0.15 0.75 0.75 0.5 0.7 0.75 0.25 
-0.011470894041371006 0.5566277187774926 0.4595190043726103 0.2 0.35 0.95 0.75 0.15 0.3 1.0 0.45 0.5 0.9 0.95 0.25 0.95 0.8 0.6 0.5 0.95 0.1 0.15 0.7 0.85 1.0 0.75 0.95 0.95 0.95 0.75 0.5 0.2 0.75 0.8 0.65 0.25 0.7 0.75 0.85 
-0.0029691801127586727 0.48803824366838894 0.4477412027166027 0.3 0.55 0.25 0.8 0.9 0.45 0.95 0.7 0.3 0.65 0.95 0.45 0.6 0.45 0.4 0.35 0.8 0.1 0.25 0.4 0.2 0.1 0.85 0.75 0.95 0.5 1.0 0.65 0.35 0.4 0.9 0.55 0.65 1.0 0.75 0.65 
-0.0012165492557269953 0.4437649434439946 0.4571510020764779 0.3 0.85 0.85 0.55 0.6 0.45 0.9 0.7 0.3 0.65 0.95 0.4 0.6 0.05 0.4 0.3 0.1 0.75 0.85 0.0 0.2 0.6 0.55 1.0 0.35 0.5 0.25 0.5 0.35 0.5 0.75 0.65 0.45 1.0 0.75 0.55 
-0.004964114872502332 0.5219923528944866 0.4570311602423979 0.55 0.55 0.85 0.7 0.35 0.25 0.95 0.4 0.5 0.55 0.95 0.5 0.95 0.3 0.2 0.6 0.6 0.1 0.2 0.4 0.45 0.55 0.45 0.85 0.7 0.25 0.55 0.35 0.7 0.4 1.0 0.7 0.4 0.65 0.85 0.1 
-0.01784675118574464 0.5483344558682826 0.5480278189892712 0.75 0.45 0.95 0.95 0.15 0.35 0.45 0.35 0.9 0.5 0.9 0.55 0.85 0.45 0.55 0.2 0.15 0.85 0.8 0.05 0.35 0.9 0.1 0.3 0.55 0.5 0.4 0.45 0.0 0.5 0.9 0.25 0.45 0.4 0.4 0.7 
-0.020794360099435763 0.413984034981198 0.49420406517979815 0.85 0.75 0.9 0.45 0.75 0.55 0.85 0.05 0.85 0.55 0.9 0.05 1.0 0.95 0.1 1.0 0.9 0.25 0.9 0.75 0.25 0.8 0.0 0.75 1.0 0.35 0.3 0.15 0.45 0.35 0.9 0.65 0.6 1.0 0.55 0.6 
-0.0007812975888101839 0.4121009477926585 0.48403816043607895 0.8 0.35 0.85 0.05 0.2 0.6 1.0 0.35 0.2 0.25 0.65 0.4 0.55 0.75 0.6 0.05 0.1 0.9 0.6 0.15 0.2 0.65 0.05 0.45 0.95 0.6 1.0 0.15 0.6 0.4 0.45 0.8 0.15 0.45 0.75 0.55 
-0.0003951450386369573 0.4393565565691572 0.46212906521843733 0.55 0.0 0.0 0.45 0.6 0.95 0.95 0.8 0.3 0.4 0.95 0.4 0.0 0.4 0.4 0.3 1.0 1.0 0.5 0.4 0.8 0.1 0.6 0.95 0.35 0.5 0.55 0.65 0.1 0.15 0.75 0.55 0.5 0.9 0.75 0.75 
-0.032699867687627546 0.4916939008797008 0.4507505142993262 0.3 0.55 0.25 0.8 0.9 0.45 0.95 0.7 0.3 0.65 0.95 0.45 0.6 0.45 0.4 0.35 0.3 0.35 0.35 0.4 0.2 0.1 0.85 0.75 0.95 0.5 1.0 0.65 0.35 0.4 0.9 0.55 0.65 1.0 0.75 0.65 
-0.03494871783301534 0.40876607350890726 0.530786690338012 0.3 0.1 0.3 0.2 0.6 0.1 0.95 0.7 0.3 0.65 0.95 0.4 0.6 0.25 0.4 0.3 0.6 0.65 0.85 0.2 0.2 0.3 0.55 0.5 0.8 0.55 0.0 0.5 1.0 0.25 0.75 0.85 0.45 0.85 0.75 0.75 
-0.02123624593884481 0.4912106400890879 0.42233434856757457 0.3 0.1 0.25 0.8 0.6 0.65 0.95 0.8 0.3 0.65 0.95 0.4 0.6 0.4 0.65 0.3 0.8 0.35 0.4 0.6 0.35 0.1 0.75 0.2 0.45 0.65 0.55 0.7 0.35 0.5 0.75 0.55 0.5 0.85 0.75 0.75 
-0.014714903065927015 0.5408819116789068 0.4346481472065998 0.75 0.9 0.75 0.95 0.55 0.3 1.0 0.75 0.55 0.55 0.4 0.45 0.7 0.15 0.45 0.7 0.65 1.0 0.5 0.95 0.35 0.7 0.5 0.15 0.7 0.3 0.65 0.15 0.3 0.8 0.8 1.0 0.95 0.45 0.4 0.3 
-0.028906798719120615 0.5082548963882972 0.5602329042871907 0.65 0.1 0.15 0.7 0.45 1.0 0.9 0.3 0.3 0.7 0.75 0.2 0.1 0.75 0.1 0.85 0.3 0.25 0.95 0.9 0.25 0.3 0.25 0.2 0.9 0.55 0.15 0.2 0.9 0.05 0.9 0.85 0.8 0.95 0.9 0.9 
-0.0011630399684709452 0.6005311612680243 0.5281065487573015 0.75 0.45 0.95 0.75 0.1 0.6 1.0 0.4 0.5 0.45 0.95 0.0 0.95 0.15 0.6 0.2 0.9 0.8 0.1 0.7 0.45 0.45 0.25 0.85 0.5 0.95 0.3 0.35 0.85 0.2 0.9 0.65 0.25 0.85 0.2 0.7 
-0.011260132148807037 0.5428500429820158 0.5761046847325555 0.75 0.45 0.95 0.95 0.15 0.35 0.45 0.35 0.9 0.5 0.9 0.55 0.7 0.55 0.55 0.2 0.15 0.85 0.8 0.05 0.35 0.9 0.1 0.3 0.55 0.5 0.4 0.45 0.85 0.5 0.9 0.15 0.45 0.4 0.4 0.9 
-0.0038553206634330977 0.4743129146706414 0.43007152634259505 0.85 0.0 0.7 0.2 0.4 0.65 0.95 0.8 0.3 0.65 0.95 0.4 0.6 0.35 0.7 0.8 1.0 0.35 0.45 0.4 0.1 0.8 0.2 0.15 0.8 0.5 0.8 0.8 0.35 0.2 0.85 0.55 0.25 1.0 0.75 0.75 
-3.680150673171873e-05 0.5796765433057939 0.5358560510879664 0.0 0.25 0.35 0.8 0.25 0.8 0.75 0.7 0.9 0.45 0.6 0.9 0.15 0.8 0.1 0.85 0.1 0.8 0.65 0.95 0.15 0.75 0.65 1.0 1.0 0.05 0.5 0.85 0.35 0.55 0.5 0.95 0.8 0.3 0.35 0.3 
-0.0010336674592981215 0.5279705584445823 0.5554977362566359 0.9 0.7 0.45 0.4 0.85 1.0 0.15 0.85 0.15 0.9 0.05 0.75 0.55 0.05 0.0 0.7 0.15 0.55 1.0 0.95 0.65 0.3 1.0 0.7 0.65 0.3 0.1 0.4 0.55 0.35 0.45 0.6 0.2 0.55 0.45 1.0 
-0.015243602047743025 0.4408349277658782 0.4181213183181647 0.65 0.85 1.0 0.2 0.55 0.6 0.95 0.7 0.3 0.65 0.95 0.4 0.6 0.95 0.4 0.3 0.25 0.75 0.25 0.0 0.25 0.3 0.9 0.35 0.15 0.5 0.0 0.75 0.35 0.5 0.3 0.45 0.15 1.0 0.85 0.9 
-0.0015457005384558247 0.37376468722754574 0.4384036865988354 0.3 0.0 0.0 0.2 0.85 0.65 0.95 0.8 0.3 0.65 0.95 0.4 0.6 0.9 0.3 0.3 1.0 0.35 0.5 0.4 0.2 0.1 0.1 0.9 0.9 0.5 0.3 0.65 0.35 0.2 0.75 1.0 0.5 1.0 0.75 0.75 
-0.0021141271567702347 0.4659376396493063 0.5639085833730837 0.3 0.15 0.55 0.85 0.05 0.0 0.45 0.75 0.3 0.65 0.35 0.4 0.65 0.7 0.8 0.85 0.8 0.1 0.95 0.2 0.15 0.05 0.8 0.3 0.95 0.5 0.55 0.5 0.95 0.2 0.95 0.7 0.6 0.95 0.55 0.75 
-0.0020120874664617933 0.6098926661188836 0.5299351199487954 0.75 0.45 0.95 0.75 0.1 0.65 1.0 0.4 0.5 0.45 0.95 0.0 0.95 0.15 0.6 0.2 0.9 0.8 0.1 0.7 0.45 0.45 0.25 1.0 0.5 0.95 0.3 0.35 0.85 0.2 0.9 0.65 0.25 0.85 0.2 0.7 
-0.00103568937012606 0.4596880146197456 0.4040061855220474 0.5 0.1 0.25 0.8 0.6 0.65 1.0 0.8 0.3 0.65 0.95 0.4 0.6 0.4 0.4 0.25 0.75 0.05 0.05 0.95 1.0 0.65 0.65 0.2 0.2 0.95 0.15 1.0 0.3 0.4 0.75 0.45 0.35 1.0 0.75 0.8 
-0.0006601536616058471 0.5446871087331123 0.43598753910982935 0.55 0.55 0.1 0.7 0.1 0.85 0.95 0.4 0.5 0.7 0.9 0.25 0.8 0.0 0.6 0.6 1.0 0.1 0.65 0.35 0.5 0.8 0.45 0.85 0.65 0.5 0.55 0.75 0.45 0.4 0.8 0.65 1.0 0.25 0.05 0.1 
-0.007845825244915861 0.6051112344989005 0.4737695828198833 0.55 0.8 0.9 0.3 0.75 0.3 0.95 0.45 0.7 1.0 0.95 0.25 0.75 0.35 0.0 0.2 0.7 0.1 0.8 0.7 0.9 1.0 0.8 0.15 0.95 0.95 0.3 0.5 0.85 0.1 0.15 0.55 0.15 0.9 0.75 0.25 
-0.002127349526567409 0.3952747369056621 0.46565656512425024 0.3 0.0 0.05 0.2 0.6 0.65 0.95 0.7 0.3 0.65 0.95 0.4 0.6 0.4 0.4 0.3 1.0 0.35 0.5 0.4 0.2 0.1 0.55 0.15 0.8 0.5 0.55 0.65 0.35 0.2 0.75 0.55 0.75 1.0 0.75 0.75 
-0.0020256975815857122 0.5869833820351736 0.4274306423726101 0.55 0.6 0.85 0.7 0.1 0.25 0.95 0.4 0.5 0.7 0.95 0.25 0.95 0.0 0.6 0.15 0.6 0.1 0.2 0.3 0.4 0.6 0.45 0.85 0.95 0.45 0.55 0.35 0.75 0.35 0.0 0.65 0.25 0.2 0.9 0.1 
-0.00033103965300948106 0.5683195630365108 0.5433290277965291 0.0 0.25 0.35 0.8 0.25 0.6 0.75 0.7 0.9 0.2 0.6 0.9 0.15 0.8 0.1 0.85 0.1 0.3 0.65 0.95 0.45 0.75 0.7 1.0 0.8 0.05 0.5 0.85 0.35 0.45 0.5 0.95 0.8 0.3 0.5 0.3 
-0.0020524240778567594 0.3865795150734368 0.4893828417258186 0.6 0.6 0.15 1.0 0.1 0.8 1.0 0.8 0.3 0.65 0.95 0.4 0.6 1.0 0.35 0.9 0.8 0.35 0.5 0.25 0.2 0.1 0.55 0.75 0.9 0.5 0.55 0.85 0.35 0.2 0.7 0.5 0.3 1.0 0.55 0.15 
-0.028707249160422436 0.4994750584193761 0.41374162917964147 0.5 0.1 0.25 0.8 0.6 0.65 1.0 0.8 0.3 0.65 0.95 0.4 0.6 0.4 0.4 0.25 0.75 0.1 0.05 0.95 0.85 0.65 0.65 0.2 0.85 0.95 0.15 1.0 0.35 0.4 0.75 0.45 0.35 1.0 0.75 0.75 
-0.0033221121395470995 0.6258632950930089 0.48698798572670454 0.75 0.2 0.25 0.75 0.15 0.65 1.0 0.4 0.5 0.45 0.95 0.2 0.35 0.85 0.6 0.4 0.75 0.35 0.6 0.7 0.8 0.55 0.45 0.85 0.75 0.95 0.3 0.65 0.45 0.5 0.9 0.65 0.25 0.6 0.3 0.7 
-0.007600708994377724 0.5648556323318665 0.5688124314913474 0.75 0.45 0.3 0.75 0.1 0.65 1.0 0.15 0.5 0.6 0.95 0.25 0.95 0.15 0.6 0.2 0.9 0.05 0.75 0.7 0.8 0.9 0.8 0.85 0.65 0.95 0.3 0.35 0.85 0.75 0.9 0.65 0.25 0.7 0.2 0.7 
-0.040525801679549965 0.5932743553573875 0.5046009296108077 0.55 0.6 0.95 0.1 0.15 0.3 0.15 0.5 0.3 0.8 0.95 0.25 0.15 0.35 0.8 0.2 0.75 0.25 0.8 0.7 0.85 1.0 0.8 0.95 0.3 0.95 0.3 0.6 0.85 0.1 0.9 0.75 0.2 0.7 0.75 0.25 
-0.0051723033027693145 0.4336268641215605 0.4330227642363918 0.65 0.85 0.3 0.2 0.55 0.6 0.95 0.7 0.3 0.65 0.95 0.4 0.6 0.95 0.4 0.3 0.25 0.75 0.25 0.0 0.4 0.3 0.9 0.35 0.15 0.5 0.0 0.95 0.35 0.5 0.3 0.9 0.15 1.0 0.65 0.9 
-0.015550857721313698 0.4258595676897767 0.5594674265669924 0.85 0.75 0.9 0.45 0.75 0.55 0.75 0.05 0.95 0.55 0.9 0.05 0.8 0.95 0.1 1.0 0.9 0.25 0.9 0.5 0.25 0.8 0.0 0.75 1.0 0.3 0.3 0.15 0.45 0.2 0.9 0.75 0.6 1.0 0.55 0.6 
-0.020972503730055835 0.3720657107248093 0.4640818789035044 0.3 0.1 0.3 1.0 0.6 0.15 0.95 0.7 0.3 0.65 0.95 0.4 0.55 0.95 0.4 0.3 0.4 0.25 0.45 0.95 0.5 0.3 0.55 0.3 0.8 0.55 0.45 0.65 0.35 0.5 0.75 0.1 0.95 0.65 0.75 0.75 
-0.002558767594546792 0.6174054693710445 0.44346659929412263 0.55 0.55 0.85 0.7 0.1 0.25 0.95 0.4 0.5 0.7 0.95 0.2 0.8 0.0 0.6 0.6 1.0 0.1 0.15 0.3 0.45 0.7 0.45 0.85 0.7 0.5 0.75 0.35 0.45 0.4 0.8 0.65 0.25 0.6 0.9 0.1 
-0.02377064165203566 0.5256749869953852 0.413748196113794 0.4 0.6 0.95 0.05 0.85 0.9 0.95 0.4 0.6 0.95 0.95 0.25 0.8 0.1 0.45 0.6 1.0 1.0 1.0 0.15 0.25 0.8 0.9 0.95 0.6 0.5 0.6 0.7 0.45 0.45 0.75 0.65 0.6 0.85 0.75 0.1 
-0.002064158958791741 0.4859496422120984 0.4012802760115168 0.5 0.1 0.25 0.8 0.6 0.65 1.0 0.8 0.3 0.65 0.95 0.4 0.6 0.4 0.4 0.25 0.75 0.05 0.05 0.95 1.0 0.65 0.65 0.2 0.2 0.95 0.15 1.0 0.35 0.4 0.75 0.45 0.35 1.0 0.75 0.75 
-0.023071674412721243 0.46808656922428277 0.4209947909636623 0.5 0.1 0.6 0.2 0.6 0.3 0.95 0.7 0.3 0.8 0.85 0.4 0.55 0.7 0.4 0.8 0.4 0.8 0.6 0.95 0.4 1.0 0.55 0.3 0.8 0.55 0.0 0.65 0.35 0.5 0.6 0.45 0.45 1.0 0.75 0.75 
-0.002440809098081414 0.4506031453242832 0.5887501853385384 1.0 0.75 0.9 0.45 0.95 0.55 0.6 0.05 0.75 0.6 0.9 0.05 1.0 0.45 0.7 0.2 0.75 0.25 1.0 0.2 0.25 0.85 0.0 0.75 1.0 0.3 0.3 0.1 0.8 0.15 0.95 0.7 0.0 1.0 0.55 0.7 
-0.0717452557030141 0.47941604730407716 0.3970401577953573 0.5 0.1 0.8 0.8 0.6 0.65 1.0 0.8 0.3 0.65 0.95 0.4 0.6 0.4 0.35 0.25 0.75 0.05 0.05 0.95 1.0 0.85 0.65 0.2 0.2 0.95 0.15 1.0 0.35 0.4 0.75 0.45 0.35 1.0 0.75 0.75 
-0.00033150393676080464 0.3647530312458461 0.48785784080599054 0.6 0.1 0.15 0.2 0.6 0.45 1.0 0.8 0.3 0.65 0.95 0.4 0.6 0.4 0.35 0.5 0.25 0.35 0.95 0.25 0.2 0.1 0.15 0.55 0.9 0.5 0.1 0.55 0.35 0.2 1.0 0.7 0.05 0.95 0.55 0.65 
-0.006364409421386879 0.6167473061760693 0.5067109204332853 0.55 0.95 0.95 0.7 0.15 0.3 1.0 0.45 0.6 0.85 0.95 0.25 0.95 0.7 0.6 0.5 0.9 0.1 0.8 0.7 0.85 1.0 0.75 0.75 0.95 0.95 0.3 0.5 0.85 0.75 0.8 0.9 0.05 0.05 0.25 0.8 
-2.5418430766763755 0.5297882723679739 0.3902651581815826 0.4 0.6 0.95 0.05 0.85 0.3 0.95 0.4 0.6 0.95 0.95 0.25 0.8 0.1 0.95 0.85 1.0 1.0 1.0 0.15 0.25 0.8 0.9 0.85 0.9 0.5 0.3 0.75 0.45 0.45 0.75 0.65 0.6 0.85 0.75 0.1 
-0.0116862124566842 0.3894614169537467 0.503982678329269 0.35 0.1 0.55 0.2 0.6 0.0 0.95 0.8 0.3 0.65 0.95 0.4 0.6 0.4 0.35 0.85 0.8 0.0 0.95 0.15 0.75 0.1 0.75 0.9 0.95 0.5 0.55 0.15 0.35 0.2 0.75 0.65 0.05 0.7 0.75 0.75 
-0.0010464997909558872 0.37995705090637966 0.500786242276392 0.35 0.1 0.55 0.2 0.6 0.0 0.95 0.8 0.3 0.65 0.95 0.4 0.6 0.4 0.35 0.85 0.8 0.0 0.95 0.15 0.2 0.1 0.75 0.9 0.95 0.5 0.55 0.15 0.35 0.2 0.75 0.65 0.05 0.7 0.75 0.75 
-0.0017373242710400408 0.47386221096049524 0.5669361867059973 0.9 0.3 0.9 0.2 0.15 0.45 0.1 0.05 0.6 0.65 0.75 0.6 0.6 0.95 0.95 1.0 0.9 0.3 0.9 0.55 0.25 0.85 0.0 0.75 1.0 0.7 0.05 0.05 0.55 0.95 0.85 0.75 0.4 0.9 0.55 0.6 
-0.00011849320172344462 0.37575393629399817 0.5540339079993042 0.6 0.1 0.55 0.2 0.8 0.0 1.0 0.75 0.2 0.65 0.95 0.4 0.85 0.15 0.35 0.85 0.8 0.1 0.95 0.2 0.2 0.1 0.5 0.95 0.95 0.5 0.55 0.5 0.35 0.2 0.75 0.7 0.3 0.0 0.55 0.75 
-0.010606053573348165 0.40022643583862877 0.5406514259621195 0.6 0.65 0.55 0.2 0.8 0.0 0.6 0.75 0.3 0.65 0.95 0.4 0.6 0.15 0.6 0.85 0.8 0.1 0.95 0.2 0.2 0.45 0.65 0.95 0.95 0.5 0.55 0.15 0.35 0.2 0.75 0.7 0.3 0.7 0.55 0.45 
-0.011770744127902518 0.5730771153274528 0.41806124102028874 0.55 0.55 0.85 0.7 0.1 0.25 0.95 0.4 0.5 0.7 0.95 0.2 0.5 0.0 0.6 0.6 1.0 0.1 0.15 0.3 0.45 0.7 0.45 0.85 0.7 0.1 0.75 0.35 0.45 0.4 0.6 0.65 0.25 0.6 0.9 0.1 
-0.006467408352709024 0.41017403047368417 0.5700376111521133 0.2 0.3 0.15 0.2 0.6 1.0 0.8 0.65 0.35 0.65 0.95 0.4 0.8 0.8 0.05 0.85 0.8 0.85 0.95 0.3 0.2 0.1 0.25 0.55 0.85 0.5 0.55 0.65 0.35 0.1 0.95 0.7 0.95 0.95 0.55 0.65 
-0.003974132084461604 0.34609610962495807 0.5022968931943186 0.35 0.1 0.8 0.2 0.6 0.0 0.95 0.8 0.3 0.65 0.95 0.4 0.6 0.4 0.35 0.85 0.8 0.35 0.8 0.15 0.2 0.1 0.75 0.8 0.95 0.5 0.55 0.65 0.35 0.2 0.75 0.65 0.4 0.7 0.75 0.6 
-0.039880656130983204 0.40761992658503504 0.4470885829619896 0.3 0.1 0.9 0.85 0.6 0.45 0.95 0.7 0.3 0.7 0.95 0.45 0.6 0.15 1.0 0.3 0.8 0.65 0.95 0.4 0.25 1.0 0.85 0.4 0.1 0.75 0.75 0.65 0.75 0.6 1.0 0.7 0.65 1.0 0.75 0.65 
-0.015140117316856617 0.5052728570706659 0.5737655203324801 0.75 0.0 0.95 0.1 0.2 0.65 0.75 1.0 0.4 0.65 0.95 0.15 0.95 0.9 0.95 0.1 0.7 0.8 0.85 1.0 0.35 0.9 0.8 0.9 1.0 0.9 0.3 0.5 0.85 0.2 1.0 0.65 0.25 0.95 0.25 0.7 
-0.0038642423394676657 0.4127716193889746 0.41799496403797953 0.3 0.1 0.3 1.0 0.45 0.15 0.95 0.7 0.3 0.65 0.95 0.4 0.05 0.0 0.4 0.3 0.4 0.8 0.55 0.95 0.5 0.3 0.55 0.3 0.75 0.55 0.0 0.65 0.35 0.5 0.75 0.1 0.95 1.0 0.75 0.75 
-2.4133267946715553e-05 0.3596847931209489 0.5395313318983009 0.6 0.65 0.4 0.2 0.6 0.1 1.0 0.8 0.3 0.65 0.95 0.4 0.35 0.8 0.35 0.85 0.25 0.35 0.95 0.3 0.1 0.15 0.5 0.5 0.95 1.0 0.55 0.75 0.45 0.2 0.75 0.7 0.2 0.95 0.55 0.65 
-0.002757198376761078 0.3336261620938141 0.534989341689927 0.6 0.7 0.15 0.0 0.2 0.0 1.0 0.8 0.3 0.9 0.95 0.4 0.35 0.4 0.35 0.95 0.8 0.15 0.1 0.25 0.15 0.1 0.0 0.15 0.95 0.5 0.55 0.65 0.35 0.15 0.95 0.5 0.3 0.95 0.55 0.65 
-0.002893907807746189 0.5793187582879318 0.4154407806343271 0.55 0.55 0.85 0.7 0.2 0.35 0.95 0.4 0.45 0.7 0.95 0.25 0.7 0.0 0.5 0.6 0.0 0.1 0.0 0.7 0.45 0.7 0.45 0.85 0.6 0.5 0.95 0.3 0.45 0.4 0.8 0.65 0.25 1.0 0.9 0.1 
-0.005984709061648364 0.6214504650794146 0.5425361287054487 0.75 0.45 0.95 0.75 0.1 0.65 1.0 0.4 0.5 0.45 0.95 0.0 0.65 0.15 0.6 0.2 0.9 0.8 0.75 0.7 0.95 0.45 0.25 1.0 0.5 0.95 0.3 0.35 0.85 0.2 0.9 0.65 0.25 0.85 0.2 0.7 
-0.010111994952895071 0.36420376247204667 0.5139295033353208 0.6 0.35 0.4 0.2 0.6 0.0 1.0 0.8 0.6 0.65 0.95 0.4 0.6 0.8 0.35 0.85 0.25 0.35 0.95 0.1 0.1 0.1 0.5 0.5 0.7 0.5 0.55 0.75 0.45 0.2 0.75 0.7 0.2 0.95 0.55 0.65 
-0.015530929096291859 0.49188349586570174 0.3715756031651273 0.3 0.1 0.9 0.35 0.6 0.45 0.95 0.7 0.3 0.7 0.95 0.45 0.6 0.15 1.0 0.3 0.3 0.65 0.95 0.4 0.25 1.0 0.85 0.4 0.1 0.75 0.2 0.65 0.35 0.6 1.0 0.7 0.65 0.9 0.75 0.65 
-0.002491916938578437 0.342860162920988 0.5116329286088531 0.35 0.1 0.8 0.2 0.6 0.0 0.95 0.8 0.3 0.65 0.95 0.4 0.6 0.4 0.35 0.85 0.8 0.35 0.95 0.15 0.2 0.1 0.75 0.8 0.95 0.5 0.55 0.65 0.35 0.2 0.75 0.65 0.4 0.7 0.75 0.6 
-0.12171546504183088 0.49006667866095877 0.6058241849215755 0.85 0.75 0.9 0.45 0.95 0.55 0.6 0.25 0.75 0.3 0.9 0.05 1.0 0.95 0.9 0.2 0.75 0.25 0.9 0.2 0.25 0.85 0.0 0.75 1.0 0.3 0.3 0.1 0.8 0.15 1.0 0.7 0.6 1.0 0.55 0.7 
-0.004668261370716583 0.42754811358014155 0.4017871915243416 0.3 0.0 0.0 0.2 0.6 0.65 0.95 0.7 0.3 0.65 0.95 0.4 0.2 0.4 0.4 0.3 1.0 0.35 0.5 0.4 0.2 0.1 0.0 0.15 0.2 0.5 0.55 0.85 0.35 0.2 0.75 0.55 0.5 1.0 0.75 0.75 
-0.01505796137936989 0.5445824660149214 0.40418763220247494 0.55 0.55 0.1 0.7 0.1 0.25 0.95 0.4 0.5 0.7 0.95 0.25 0.8 0.0 0.6 0.6 1.0 0.1 0.9 0.35 0.5 0.8 0.45 0.85 0.65 0.5 0.55 0.75 0.45 0.4 0.8 0.2 1.0 0.25 0.05 0.1 
-0.017780272544937883 0.2878510320023209 0.5309700723220955 0.6 0.6 0.15 1.0 0.6 0.8 1.0 0.8 0.3 0.65 0.95 0.4 0.6 0.3 0.8 0.9 0.8 0.35 0.95 0.25 0.2 0.9 0.6 0.75 0.9 0.5 0.55 0.85 0.35 0.2 0.75 0.7 0.3 0.95 0.55 0.65 
-0.008030507875228776 0.3135275298894835 0.5290945050492147 0.6 1.0 0.15 0.0 0.2 0.0 1.0 0.8 0.3 0.65 0.95 0.4 0.35 0.4 0.35 0.95 0.8 0.15 1.0 0.25 0.15 0.1 0.0 0.15 0.1 0.5 0.55 0.65 0.35 0.15 0.95 0.7 0.3 0.9 0.5 0.65 
-0.04564632937377813 0.5810921650840307 0.38277382989434156 0.55 0.15 0.85 0.7 0.35 0.25 1.0 0.4 0.5 0.7 0.95 0.25 0.25 0.6 0.0 0.8 0.85 0.8 0.75 0.3 0.6 0.7 0.45 0.85 0.75 0.45 0.75 0.35 0.45 0.4 1.0 0.65 0.25 0.85 0.9 0.1 
-0.00953413076333194 0.6276768070586182 0.5459927035156984 0.75 0.95 0.15 0.75 0.1 0.65 0.75 0.15 0.4 0.45 0.95 0.25 0.95 0.5 0.95 0.7 0.9 0.1 0.7 1.0 0.1 0.25 0.8 0.9 0.95 0.95 0.3 0.65 0.85 0.2 0.85 0.65 0.25 1.0 0.3 0.7 
-0.004271077653569452 0.611630102021006 0.43982888526655195 0.55 0.55 0.85 0.7 0.1 1.0 0.95 0.4 0.5 0.7 0.95 0.2 0.25 0.0 0.6 0.6 1.0 0.1 0.15 0.3 0.75 0.7 0.45 0.85 0.7 0.5 0.75 0.35 0.45 0.4 0.2 0.65 0.25 0.2 0.9 0.1 
-0.07800069791495702 0.43828355477260195 0.606105439605559 1.0 0.75 0.9 0.45 0.95 0.55 0.6 0.05 0.75 0.3 0.9 0.05 1.0 0.45 0.7 0.2 0.75 0.25 1.0 0.2 0.25 0.85 0.0 0.75 1.0 0.3 0.3 0.1 0.8 0.15 0.95 0.7 0.0 1.0 0.55 0.7 
-0.0008578275574832332 0.329743569304626 0.48611799372090625 0.6 0.6 0.15 1.0 0.6 0.8 1.0 0.8 0.3 0.65 0.95 0.4 0.6 1.0 0.35 0.9 0.8 0.35 0.5 0.25 0.0 0.1 0.55 0.75 0.9 0.5 0.55 0.85 0.35 0.2 0.7 0.5 0.3 1.0 0.55 0.65 
-0.010336810918717193 0.46880273723157834 0.6015095821467243 0.85 0.75 0.7 0.45 0.4 0.55 0.85 0.05 0.85 0.45 0.9 0.05 0.65 0.95 0.3 0.9 0.9 0.25 0.9 0.2 0.25 0.95 0.05 0.75 1.0 0.35 0.35 0.7 0.45 0.05 0.9 0.75 0.25 0.95 0.55 0.6 
-0.057578088005679054 0.4679343511702975 0.36645239286171405 0.3 0.1 0.9 0.85 0.6 0.45 0.95 0.7 0.3 0.7 0.95 0.45 0.6 0.15 1.0 0.15 0.8 0.65 0.95 0.4 0.25 0.85 0.85 0.4 0.1 0.75 0.4 0.65 0.35 0.6 1.0 0.7 0.65 1.0 0.75 0.65 
-0.005139132654139226 0.4104643433101048 0.6159109978860356 0.45 0.1 0.55 0.2 0.8 0.0 0.85 0.75 0.3 0.65 0.95 0.0 0.6 0.15 0.8 0.85 0.8 0.1 0.95 0.2 0.2 0.1 0.5 0.75 0.95 0.5 0.6 0.5 0.35 0.2 0.75 0.7 0.3 0.75 0.55 0.75 
-0.005455478853352539 0.6001235802820375 0.4046270359853677 0.55 0.55 0.85 0.7 0.1 1.0 0.95 0.4 0.5 0.7 0.95 0.2 0.25 0.0 0.6 0.6 1.0 0.1 0.15 0.3 0.45 0.7 0.45 0.85 0.7 0.5 0.75 0.35 0.45 0.4 0.8 0.65 0.25 0.9 0.9 0.1 
-0.022952388351570662 0.4212799253044826 0.5923715327045873 1.0 0.75 0.9 0.45 0.95 0.55 0.6 0.05 0.75 0.3 0.9 0.05 1.0 0.95 0.7 0.2 0.75 0.25 0.9 0.2 0.25 0.85 0.0 0.75 1.0 0.3 0.3 0.1 0.8 0.15 0.95 0.7 0.0 1.0 0.55 0.7 
-0.003085985837659822 0.46714391139902856 0.6154078199135121 0.7 0.8 0.6 0.9 0.45 0.65 0.95 0.7 0.3 0.65 0.95 0.4 0.6 0.3 0.4 0.3 0.6 0.5 0.65 0.2 0.05 0.3 0.55 1.0 0.75 0.5 0.85 0.9 0.35 0.75 0.95 0.85 0.6 1.0 0.7 0.8 
-0.005558050504769201 0.3672936057676932 0.4258956193220796 0.35 0.1 0.55 0.2 1.0 0.0 0.95 0.8 0.3 0.65 0.95 0.4 0.6 0.4 0.35 0.85 0.55 0.35 0.95 0.05 0.2 0.1 0.75 0.85 0.95 0.5 0.2 0.65 0.35 0.2 0.15 0.1 0.4 0.7 0.75 0.75 
-0.003494659276797176 0.6241523555000532 0.41354606887880957 0.55 0.6 0.85 0.7 0.1 0.1 0.95 0.4 0.5 0.7 0.95 0.25 0.95 0.0 0.6 0.15 0.6 0.1 0.2 0.3 0.4 0.6 0.45 0.85 0.95 0.45 0.55 0.35 0.75 0.35 0.45 0.65 0.25 0.2 0.9 0.1 
-0.007764476752088687 0.6487657840091005 0.4651758592081807 0.55 0.95 0.95 0.75 0.15 0.3 1.0 0.45 0.5 0.9 0.95 0.25 0.95 0.8 0.6 0.5 0.55 0.1 0.75 0.7 0.8 0.55 0.75 0.95 0.25 0.95 0.3 0.5 0.85 0.75 0.8 0.65 0.25 0.7 0.75 0.4 
-0.0054432022630059584 0.3168794578100099 0.5610758901912652 0.6 0.1 0.15 0.2 0.6 0.0 1.0 0.8 0.3 0.65 0.95 0.4 0.6 0.4 1.0 0.85 0.65 0.35 0.95 0.25 0.2 0.1 0.5 0.95 0.95 0.1 0.55 0.65 0.35 0.3 0.75 0.7 0.35 0.7 0.55 0.65 
-13.064654469643871 0.5159913317441366 0.3707380279875987 0.4 0.2 0.15 0.7 0.1 0.85 0.95 0.4 0.6 0.95 0.95 0.25 0.8 0.1 0.95 0.6 1.0 0.1 1.0 0.15 0.5 0.8 0.9 0.85 0.6 0.5 0.55 0.7 0.45 0.4 0.8 0.65 1.0 0.6 0.75 0.1 
-9.830639095558192e-05 0.6337128157616783 0.44481016176614313 0.55 0.6 0.15 0.7 0.1 0.25 0.95 0.4 0.5 0.95 0.95 0.25 0.95 0.0 0.6 0.15 0.6 0.1 0.2 0.3 0.4 0.6 0.45 0.85 0.95 0.45 0.55 0.35 0.75 0.4 0.85 0.65 0.25 0.65 0.9 0.1 
-0.009859302260906392 0.4607422081343632 0.3829517533591149 0.3 0.1 0.9 0.85 0.3 0.85 0.95 0.7 0.3 0.7 0.95 0.45 0.3 0.15 1.0 0.55 0.8 0.65 0.95 0.4 0.25 0.65 0.85 0.4 0.3 0.75 0.1 0.65 0.45 0.5 1.0 0.7 0.65 1.0 0.65 0.65 
-0.0683118806301904 0.43441476086833236 0.6333102431602489 1.0 0.15 0.55 0.85 0.95 0.0 0.7 0.75 0.85 0.65 0.95 0.4 0.65 0.7 0.8 0.85 0.8 0.1 0.95 0.2 0.15 0.05 0.7 0.3 0.95 0.5 0.55 0.5 0.35 0.2 0.95 0.7 0.3 0.7 0.55 0.75 
-0.015197554229806192 0.3241108929387181 0.4697175945726222 0.35 0.1 0.35 0.5 0.6 0.0 0.95 0.8 0.3 0.65 0.95 0.4 0.6 0.4 0.35 0.85 0.8 0.35 0.95 0.15 0.2 0.1 0.75 0.65 0.95 0.5 0.55 0.35 0.35 0.2 0.75 0.7 0.3 0.7 0.75 0.75 
-0.007940207880041936 0.6406326616777411 0.515838323544474 0.75 0.45 0.25 0.75 0.1 0.65 1.0 0.4 0.5 0.45 0.95 0.2 0.95 0.0 0.6 0.4 0.0 0.1 0.2 0.7 0.7 0.5 0.45 0.85 0.7 0.9 0.3 0.35 0.45 0.4 0.8 0.65 0.25 0.05 0.2 0.9 
-0.015450918473027984 0.39053622898815593 0.598925750406213 0.85 0.75 0.9 0.45 0.45 0.55 0.85 0.05 0.85 0.55 0.9 0.05 0.65 0.95 0.3 0.9 0.9 0.25 0.05 0.2 0.25 0.95 0.05 0.75 1.0 0.35 0.35 0.15 0.45 0.05 0.9 0.75 0.45 1.0 0.55 0.6 
-0.0066216370136616565 0.344277549648936 0.59135679901065 0.35 0.0 0.15 0.15 0.6 0.0 1.0 0.55 0.3 0.65 0.95 0.4 1.0 0.4 0.35 0.45 0.8 0.35 0.45 0.1 0.55 0.1 0.5 0.9 0.95 0.5 0.55 0.65 0.25 0.2 0.8 0.7 0.25 0.95 0.55 0.6 
-0.0718756376548207 0.3033155604552391 0.505709652974874 0.6 0.6 0.15 1.0 0.6 0.8 1.0 0.8 0.3 0.65 0.95 0.4 0.6 1.0 0.35 0.9 0.8 0.35 0.5 0.25 0.2 0.1 0.55 0.75 0.9 0.5 0.55 0.85 0.35 0.2 0.7 0.5 0.3 1.0 0.6 0.65 
-0.19761758739365773 0.4897270692137837 0.36505772473676984 0.3 0.1 0.9 0.85 0.6 0.45 0.95 0.7 0.3 0.7 0.95 0.45 0.6 0.15 1.0 0.3 0.3 0.65 0.95 0.4 0.25 1.0 0.85 0.4 0.1 0.75 0.2 0.65 0.35 0.6 1.0 0.7 0.65 1.0 0.75 0.65 
-0.004214367945448734 0.6292002918513535 0.4038019928043373 0.55 0.55 0.85 0.7 0.1 0.25 0.95 0.4 0.5 0.7 0.95 0.25 0.8 0.0 0.6 0.6 1.0 0.1 0.15 0.3 0.45 0.7 0.45 0.85 0.7 0.5 0.55 0.35 0.45 0.4 0.8 0.65 0.25 0.6 0.9 0.1 
-0.01537025281823097 0.3347748051262154 0.4634959391677409 0.5 0.1 0.55 0.2 1.0 0.0 0.95 0.8 0.3 0.65 0.95 0.4 0.6 0.4 0.35 0.85 0.55 0.35 0.95 0.05 0.2 0.1 0.75 0.85 0.95 0.5 0.55 0.65 0.35 0.2 0.15 0.65 0.4 0.7 0.75 0.75 
-0.012235702671863824 0.3159804543555431 0.5704615203156191 0.6 0.1 0.55 0.2 0.05 0.0 1.0 0.75 0.3 0.65 0.95 0.4 0.4 0.15 0.35 0.85 0.8 0.5 1.0 0.2 0.2 0.1 0.5 0.6 0.95 0.5 0.55 0.65 0.35 0.2 0.75 0.45 0.3 0.7 0.55 0.75 
-0.015399259268969562 0.39224671983518805 0.4098620798717983 1.0 0.3 0.45 0.85 0.15 0.45 0.95 0.7 0.25 0.65 0.95 0.45 1.0 0.15 1.0 0.15 0.8 0.65 0.95 0.4 0.7 0.85 0.9 0.4 0.55 0.6 1.0 0.05 0.55 0.55 0.7 0.7 0.65 1.0 0.75 0.75 
-0.0008186692098992424 0.6608661385508845 0.5010895797811947 1.0 0.45 0.55 0.75 0.1 0.65 1.0 0.4 0.5 0.45 0.95 0.2 0.9 0.7 0.6 0.4 0.0 0.35 0.2 0.7 0.4 0.5 0.45 0.85 0.6 0.95 0.3 0.35 0.45 0.4 0.9 0.65 0.25 0.6 0.2 0.7 
-0.005604487510844481 0.35250687905309797 0.3938850549179855 0.3 0.0 1.0 0.95 0.45 0.15 0.95 0.75 0.4 0.75 0.95 0.4 0.85 0.2 0.7 0.3 0.95 0.1 0.3 0.4 0.2 0.05 0.4 0.25 0.85 0.5 0.5 1.0 0.45 0.2 0.85 0.55 0.25 1.0 0.75 0.75 
-0.0012605886210275718 0.36211163200149077 0.4156575281200637 0.3 0.0 0.15 0.2 0.6 0.95 0.95 0.8 0.3 0.65 0.95 0.4 0.2 0.4 0.4 0.3 1.0 0.35 0.5 0.4 0.2 0.1 0.0 0.15 0.8 0.5 0.55 0.85 0.35 0.2 0.75 0.55 0.5 1.0 0.75 0.75 
-0.0005797827158527542 0.3968727656575212 0.6060621202487041 0.6 0.9 0.55 0.2 0.8 0.0 0.4 0.75 0.3 0.65 0.95 0.4 0.6 0.15 0.95 0.85 0.8 0.1 0.95 0.2 0.2 0.45 0.65 0.95 0.95 0.5 0.55 0.5 0.35 0.2 0.75 0.7 0.3 0.7 0.55 0.45 
-0.010722357581143744 0.34700655351160237 0.583971526417623 0.3 0.15 0.55 0.85 0.05 0.0 0.95 0.75 0.3 0.65 0.95 0.4 0.65 0.7 0.8 0.85 0.8 0.1 0.95 0.2 0.15 0.05 0.8 0.3 0.95 0.5 0.55 0.5 0.95 0.2 0.95 0.7 0.6 0.95 0.55 0.75 
-0.00426194132542727 0.35057570539786437 0.44839056229397417 0.3 0.1 0.0 0.2 0.6 0.65 0.95 0.8 0.3 0.65 0.95 0.4 0.6 0.4 0.35 0.85 0.8 0.35 0.05 0.35 0.2 0.1 0.7 0.2 0.8 0.5 0.55 0.65 0.35 0.2 0.15 0.55 0.4 0.7 0.75 0.75 
-0.09081370979284728 0.33006957732901876 0.6044469135819003 0.6 0.1 0.55 0.2 0.8 0.0 1.0 0.75 0.65 0.65 0.95 0.4 0.6 0.15 0.35 0.85 0.8 0.1 0.8 0.2 0.2 0.4 0.5 0.95 0.95 0.5 0.55 0.5 0.35 0.2 0.75 0.7 0.25 0.7 0.55 0.45 
-0.003126674246501389 0.4374574313408193 0.39192021234630514 0.3 0.1 0.75 0.85 0.6 0.45 0.95 0.7 0.3 0.75 0.95 0.45 0.1 0.65 0.3 0.15 0.45 0.45 1.0 0.4 0.3 0.85 0.85 0.4 0.15 0.4 0.25 0.95 0.45 0.7 1.0 0.7 0.6 1.0 0.45 0.7 
-0.0027202319015281508 0.3855298820266102 0.3837808502545797 0.3 0.0 1.0 0.2 0.6 0.65 0.95 0.8 0.3 0.65 0.95 0.4 0.6 0.4 0.7 0.3 1.0 0.35 0.5 0.4 0.2 0.1 0.4 0.45 0.8 0.5 0.5 1.0 0.35 0.2 0.85 0.55 0.25 1.0 0.75 0.75 
-0.14860528780197238 0.5527960701687081 0.39395765555821805 0.55 0.05 0.85 0.7 0.1 0.2 0.95 0.4 0.5 0.7 0.95 0.25 0.95 0.0 0.35 0.1 0.85 0.1 0.2 0.4 0.65 0.75 0.45 0.85 1.0 0.5 0.55 0.3 0.45 0.4 0.8 0.65 0.75 0.6 0.9 0.1 
-0.02687201672097737 0.33473713784311865 0.4298097290534605 0.3 0.15 0.0 0.2 0.6 0.65 0.95 0.8 0.3 0.65 0.95 0.4 0.6 0.4 0.3 0.85 0.8 0.35 0.05 0.35 0.2 0.1 0.55 0.2 0.8 0.5 0.55 0.65 0.35 0.2 0.75 0.55 0.4 0.7 0.75 0.75 
-0.03049933074035915 0.3218674318141004 0.5877012741609413 1.0 0.15 0.55 0.85 0.95 1.0 0.7 0.75 0.3 0.65 0.95 0.4 0.65 0.7 0.8 0.85 0.8 0.1 0.95 0.2 0.15 0.4 0.7 0.3 0.95 0.5 0.55 0.5 0.35 0.2 0.95 0.7 0.3 0.75 0.55 0.75 
-0.008606687688571948 0.31165344937234163 0.5519789764831091 0.6 0.1 0.55 0.2 0.8 0.0 0.95 0.8 0.55 0.5 0.95 0.4 0.6 0.85 0.35 0.85 0.7 0.1 0.65 0.2 0.1 0.1 0.75 0.95 0.95 0.5 0.55 0.65 0.35 0.2 0.75 0.7 0.3 0.7 0.55 0.75 
-0.02839162871461897 0.3174713191845704 0.5080722665006918 0.6 0.6 0.65 1.0 0.6 0.8 1.0 0.8 0.3 0.65 0.95 0.4 0.65 0.4 0.35 0.9 0.8 0.35 0.95 0.25 0.2 0.1 0.15 0.3 0.2 0.5 0.55 0.85 0.35 0.2 0.65 0.7 0.3 0.95 0.55 0.65 
-0.005027988550284262 0.5033292243078353 0.5963661859271236 0.75 0.45 0.95 0.75 0.2 0.65 1.0 0.7 0.4 0.45 0.9 0.1 0.85 0.05 0.95 0.6 0.9 0.85 0.75 1.0 0.1 0.65 0.8 0.75 0.95 0.95 0.3 0.7 0.85 0.2 0.75 0.65 0.25 1.0 0.25 0.7 
-0.0018125676844491405 0.3127524788304422 0.4829245072365524 0.35 0.1 0.55 0.2 0.6 0.0 0.95 0.8 0.3 0.65 0.95 0.4 0.6 0.4 0.35 0.85 0.4 0.0 0.95 0.15 0.2 0.1 0.75 0.9 0.95 0.5 0.55 0.55 0.35 0.2 0.75 0.65 0.05 0.7 0.75 0.75 
-0.012310124557844465 0.6619490911026052 0.5466627742984406 0.75 0.2 0.25 0.75 0.15 0.65 1.0 0.4 0.5 0.45 0.95 0.2 0.35 0.85 0.6 0.4 0.0 0.35 0.95 0.7 0.8 0.55 0.45 0.85 0.75 0.95 0.3 0.65 0.45 0.4 0.9 0.65 0.25 0.6 0.3 0.7 
-0.020659859718154806 0.6746294470318653 0.5352461113925955 0.75 0.45 0.25 0.75 0.1 0.65 1.0 0.4 0.5 0.45 0.95 0.2 0.9 0.0 0.6 0.4 0.0 0.35 0.2 0.7 0.8 0.5 0.45 0.85 0.9 0.95 0.3 0.35 0.45 0.4 0.9 0.65 0.25 0.6 0.2 0.7 
-0.001020183057741944 0.6882949062805744 0.5402025077461662 0.05 0.9 0.25 0.65 0.4 0.35 1.0 0.4 0.5 0.45 0.95 0.2 0.15 0.85 0.05 0.35 0.6 0.5 0.45 0.55 0.3 0.95 0.45 0.85 0.95 0.95 0.3 0.65 0.45 0.4 0.9 0.65 0.25 0.45 0.2 0.75 
-0.015182507313771933 0.37556833121920025 0.6141765118423985 0.6 0.15 0.55 0.85 0.05 0.0 0.4 0.75 0.5 0.65 0.95 0.4 0.65 0.7 0.8 0.85 0.8 0.1 0.5 0.2 0.15 0.05 0.7 0.05 0.95 0.5 0.55 0.5 0.35 0.2 0.95 0.7 0.3 0.75 0.55 0.75 
-0.015146152291600625 0.3721874174204492 0.6195606151507032 0.6 0.9 0.55 0.2 0.8 0.0 0.6 0.75 0.3 0.65 0.95 0.4 0.6 0.15 0.6 0.85 0.8 0.1 0.95 0.2 0.2 0.45 0.65 0.95 0.95 0.5 0.55 0.5 0.35 0.2 0.75 0.7 0.3 0.7 0.55 0.45 
-0.016378260624556117 0.4451511240639514 0.37315184556882597 0.3 0.1 0.9 0.85 0.3 0.85 0.95 0.7 0.3 0.7 0.95 0.45 0.3 0.15 1.0 0.55 0.8 0.65 0.95 0.4 0.25 0.65 0.85 0.4 0.3 0.75 0.1 0.65 0.45 0.5 1.0 0.7 0.65 1.0 0.75 0.65 
-0.02438361062489797 0.658411534237738 0.4828551685739221 0.05 0.45 0.25 0.25 0.4 0.35 1.0 0.4 0.5 0.45 0.95 0.2 0.85 0.85 0.05 0.15 0.9 0.95 0.45 0.55 0.3 0.95 0.5 0.85 0.6 0.95 0.3 0.65 0.45 0.6 0.9 0.65 0.25 1.0 0.2 0.75 
-0.001769636554633693 0.683238046553718 0.528482379329593 0.55 0.65 0.95 0.75 0.15 0.25 1.0 0.45 0.5 0.6 0.95 0.25 0.6 0.8 0.6 0.2 0.9 0.05 0.75 0.7 0.85 0.9 0.35 0.95 0.95 0.95 0.3 0.55 0.85 0.75 0.9 0.65 0.25 0.85 0.1 0.7 
-0.004787449145587689 0.2971938438449353 0.4593526473928869 0.55 0.1 0.65 0.8 0.35 0.05 1.0 0.7 0.25 0.95 0.95 0.4 0.4 0.5 0.3 0.25 0.15 0.75 0.85 0.2 0.3 0.3 0.9 0.8 0.9 0.5 0.2 0.55 0.35 0.25 0.85 0.1 0.0 0.45 0.75 0.75 
-0.06370047560210497 0.612871706580129 0.39825609908401566 0.55 0.65 0.95 0.1 0.15 0.3 1.0 0.5 0.7 0.9 0.95 0.25 0.95 0.35 0.0 0.2 0.75 0.25 0.8 0.7 0.85 1.0 0.8 0.95 0.3 0.95 0.3 0.5 0.85 0.1 0.9 0.75 0.0 0.7 0.75 0.25 
-0.0028454669478322338 0.38197869491742786 0.6247087732896439 0.6 0.1 0.55 0.2 0.8 0.0 0.55 0.75 0.3 0.65 0.95 0.4 0.6 0.15 0.35 0.65 0.8 0.1 0.95 0.2 0.2 0.45 0.5 0.95 0.95 0.5 0.55 0.5 0.35 0.2 0.75 0.7 0.25 0.7 0.55 0.45 
-0.01017875086801434 0.3472897404034582 0.6169255856807394 0.2 0.2 0.15 0.2 0.6 1.0 0.85 1.0 0.7 0.6 0.95 0.4 0.45 0.8 0.5 0.15 0.75 0.15 0.95 0.3 0.5 0.5 0.2 0.6 1.0 0.5 0.55 0.65 0.35 0.2 0.3 0.7 0.45 1.0 0.55 0.65 
-0.002020325586143129 0.5812399905971024 0.5707451774140948 0.1 0.35 0.95 0.75 0.25 0.65 0.8 0.45 0.4 0.65 0.95 0.15 0.95 0.9 0.95 0.35 0.55 0.15 0.8 0.25 0.45 0.9 0.8 0.9 0.95 0.95 0.3 0.7 0.05 0.25 0.25 0.65 0.25 1.0 0.25 0.7 
-0.011963495463712255 0.6383063454699536 0.5601762928581183 0.75 0.45 0.95 0.75 0.1 0.65 1.0 0.35 0.5 0.45 0.95 0.25 0.95 0.15 0.6 0.2 0.9 0.0 0.75 0.7 0.8 0.5 0.35 0.7 0.95 0.95 0.3 0.35 0.85 0.2 0.95 0.65 0.25 0.85 0.2 0.7 
-0.014788578586741166 0.602398616697847 0.5718926694476738 0.75 0.95 0.15 0.75 0.6 0.65 0.75 0.15 0.4 0.45 0.95 0.25 0.95 0.5 0.95 0.7 0.0 0.3 0.7 1.0 0.1 0.7 0.8 0.9 0.95 0.95 0.3 0.65 0.85 0.2 0.85 0.65 0.25 1.0 0.3 0.7 
-0.00018639660077945336 0.40302130907670025 0.3804963202232178 0.5 0.1 0.25 0.8 0.6 0.4 1.0 0.8 0.3 0.65 0.95 0.4 0.6 0.4 0.4 0.25 0.75 0.6 0.05 0.95 0.7 0.65 0.65 0.2 0.8 0.5 0.15 1.0 0.35 0.4 0.35 0.45 0.35 0.9 0.75 0.75 
-0.0006627131613118863 0.6135772251680207 0.5823482062143772 0.75 0.45 0.95 0.75 0.1 0.65 1.0 0.4 0.3 0.35 0.95 0.0 0.95 0.15 0.6 0.2 0.55 0.45 0.85 0.7 0.8 0.5 0.35 0.7 0.9 0.95 0.2 0.35 0.5 0.15 0.9 0.65 0.25 0.85 0.2 0.7 
-0.020000369732839092 0.3139332187050542 0.6137159663647679 0.6 0.0 0.15 0.15 0.6 0.0 1.0 0.55 0.3 0.65 0.95 0.4 1.0 0.4 0.35 0.45 0.8 0.35 0.45 0.1 0.55 0.1 0.5 0.9 0.95 0.5 0.55 0.65 0.25 0.2 0.8 0.7 0.5 0.95 0.55 0.65 
-0.006124970951030983 0.643153295343407 0.41145276956455434 0.7 0.65 0.75 0.75 0.15 0.55 1.0 0.45 0.5 0.9 0.95 0.25 0.95 0.8 0.55 0.2 0.9 0.1 0.75 0.7 0.85 1.0 0.8 0.95 0.7 0.95 0.3 0.5 0.85 0.55 0.3 0.65 0.25 0.7 0.75 0.7 
-0.005549112571062097 0.5922404489158903 0.6091110263491049 0.4 0.9 0.5 0.95 0.1 0.0 0.95 0.4 0.4 0.45 0.95 0.25 0.95 0.1 0.95 0.35 0.9 0.1 0.7 1.0 0.15 0.7 0.75 0.9 0.95 0.95 0.75 0.4 0.85 0.25 0.85 0.7 0.25 0.85 0.3 0.7 
-0.011748775475093034 0.5520207835969997 0.6336949700009799 0.75 0.35 0.65 0.75 0.2 0.7 1.0 0.4 0.4 0.65 0.95 0.15 0.95 0.9 0.95 0.7 0.35 0.15 0.9 1.0 0.85 0.9 0.8 0.9 0.95 0.85 0.3 0.7 0.85 0.2 0.7 0.65 0.25 1.0 0.25 0.7 
-0.0002496583635150159 0.6691053071147688 0.5489030779275559 0.75 0.45 0.25 0.65 0.15 0.65 1.0 0.4 0.5 0.6 0.95 0.2 0.65 0.85 0.6 0.35 0.0 0.35 0.6 0.7 0.8 0.95 0.45 1.0 0.75 0.95 0.3 0.65 0.45 0.4 0.9 0.65 0.25 0.6 0.2 0.75 
-0.0028200679888360797 0.5777834072255574 0.5961592259789328 0.75 0.45 0.95 0.75 0.6 0.65 1.0 0.4 0.5 0.45 1.0 0.0 0.95 0.15 0.6 0.2 0.55 0.75 0.9 0.15 0.8 0.5 0.25 0.7 0.9 0.95 0.3 0.35 0.85 0.2 0.9 0.65 0.25 0.85 0.2 0.7 
-0.0367517755129548 0.6147375916636701 0.6365352794746267 0.75 0.0 0.95 0.1 0.2 0.65 1.0 0.4 0.4 0.65 0.95 0.15 0.95 0.9 0.95 0.1 0.7 0.8 0.75 1.0 0.35 0.9 0.8 0.9 0.6 0.9 0.3 0.5 0.85 0.2 1.0 0.65 0.25 0.95 0.25 0.7 
-0.011370456502917306 0.5364363007150167 0.5906845773310462 0.75 0.9 0.95 0.95 0.1 0.65 1.0 0.4 0.4 0.45 0.65 0.25 0.95 0.1 0.95 0.35 0.9 0.1 0.7 1.0 0.15 0.7 0.8 0.9 0.1 0.95 0.3 0.4 0.85 0.2 0.85 0.7 0.25 1.0 0.3 0.7 
-0.021756691158894014 0.5897347910458591 0.638136932849073 0.95 0.95 0.95 0.75 0.1 0.65 1.0 0.4 0.55 0.45 0.95 0.05 0.95 0.5 0.95 0.7 0.9 0.15 0.8 1.0 0.1 0.65 0.8 0.9 0.95 0.95 0.3 0.65 0.85 0.2 0.85 0.65 0.25 1.0 0.3 0.7 
-0.00016765297244356015 0.6382156298955226 0.5856389768455017 0.1 0.35 0.95 0.75 0.2 0.65 1.0 0.4 0.4 0.65 0.95 0.15 0.95 0.9 0.95 0.45 0.0 0.15 0.9 0.25 0.85 0.95 0.8 0.9 0.95 0.95 0.3 0.7 0.85 0.2 1.0 0.65 0.25 0.35 0.25 0.7 
-0.019433863020717635 0.6599584691872489 0.4423796607560839 0.55 0.95 0.95 0.75 0.15 0.3 1.0 0.45 0.5 0.9 0.95 0.25 0.95 0.8 0.6 0.5 0.55 0.1 0.75 0.7 0.8 0.55 0.75 0.95 0.25 0.95 0.3 0.5 0.85 0.75 0.8 0.65 0.25 0.7 0.75 0.85 
-0.004128635728682496 0.6111666290102812 0.6092541688438265 0.55 0.65 0.95 0.75 0.15 0.3 0.2 0.45 0.5 0.6 0.95 0.25 0.6 0.8 0.6 0.2 0.9 0.05 0.75 0.7 0.85 0.9 0.8 0.95 0.95 0.95 0.3 0.55 0.85 0.75 0.9 0.65 0.25 0.7 0.1 0.7 
-0.005975926111179668 0.568150021530065 0.62837492336252 0.75 0.45 0.95 0.75 0.1 0.65 0.5 0.6 0.5 0.9 0.95 0.25 0.95 0.15 0.6 0.0 0.4 0.05 0.85 0.7 0.8 1.0 0.8 0.85 0.95 0.95 0.35 0.35 0.85 0.45 0.0 0.65 0.0 0.7 0.2 0.7 
-0.009010870943751713 0.6236536627327637 0.6261290251544068 0.75 0.95 0.95 0.75 0.8 0.65 1.0 0.45 0.4 0.45 0.95 0.1 0.95 0.15 0.95 0.7 0.9 0.85 0.75 1.0 0.1 0.25 0.8 0.9 0.95 0.95 0.3 0.7 0.85 0.2 1.0 0.65 0.25 0.9 0.3 0.7 
-0.004514123386689998 0.391672597449131 0.6435780861626693 0.85 0.75 0.9 0.45 0.95 0.55 0.7 0.05 0.85 0.2 0.9 0.05 0.75 0.95 0.3 0.9 0.9 0.25 0.9 0.2 0.25 0.95 0.05 0.75 1.0 0.35 0.35 0.15 0.45 0.05 0.9 0.75 0.1 1.0 0.55 0.6 
-0.17076717286704982 0.35806802750730415 0.6455839130614238 0.85 0.75 0.9 0.45 0.95 0.55 0.85 0.05 0.85 0.2 0.9 0.05 0.65 0.95 0.3 0.9 0.9 0.25 0.9 0.2 0.25 0.95 0.05 0.75 1.0 0.35 0.35 0.15 0.45 0.05 0.9 0.75 0.1 1.0 0.55 0.6 
-0.009052964178550555 0.341325813891334 0.4048707757363388 0.3 0.0 1.0 0.95 0.45 0.15 0.95 0.75 0.4 0.8 0.95 0.4 0.85 0.2 0.7 0.3 0.95 0.1 0.5 0.4 0.2 0.05 0.4 0.25 0.85 0.5 0.5 1.0 0.45 0.2 0.85 0.55 0.25 1.0 0.75 0.75 
-0.003702662751923647 0.3329433349660359 0.6265175947039799 0.6 0.1 0.55 0.2 0.8 0.0 1.0 0.75 0.3 0.65 0.95 0.4 0.6 0.15 0.35 0.85 0.8 0.1 0.8 0.2 0.2 0.4 0.5 0.95 0.95 0.5 0.55 0.5 0.35 0.2 0.75 0.7 0.25 0.7 0.55 0.45 
-0.06859701287013503 0.3877668864606484 0.6754533299056782 0.85 0.75 0.9 0.45 0.95 0.55 0.85 0.05 0.85 0.35 0.9 0.05 0.65 0.95 0.3 0.9 0.9 0.25 0.9 0.2 0.25 0.95 0.05 0.75 1.0 0.35 0.35 0.15 0.45 0.05 0.9 0.75 0.1 1.0 0.55 0.6 
-0.005668106789153152 0.31246105151252246 0.44586312012207624 0.55 0.1 0.65 0.25 0.35 0.05 0.95 0.7 0.25 0.95 0.95 0.4 0.4 0.5 0.65 0.25 0.6 0.9 0.85 0.25 0.25 0.1 0.9 0.8 0.9 0.5 0.35 0.55 0.35 0.25 0.8 0.6 0.0 0.65 0.75 0.8 
-0.007572544867610043 0.40967701770206477 0.3583077181932456 0.3 0.1 0.9 0.85 0.6 0.6 0.95 0.7 0.3 0.7 0.95 0.45 0.6 0.15 0.2 0.15 0.8 0.65 1.0 0.4 0.25 0.85 0.7 0.05 0.25 0.45 0.1 0.65 0.45 0.35 1.0 0.7 0.65 1.0 0.75 0.65 
-0.10590682097176513 0.4601582312432976 0.6618283866579444 0.85 0.75 0.7 0.45 0.95 0.95 0.6 0.05 0.75 0.3 0.85 0.2 0.0 0.9 0.7 0.2 0.75 0.25 0.9 0.2 0.45 0.85 0.0 0.75 1.0 0.3 0.3 0.1 0.5 0.15 0.95 0.7 0.6 1.0 0.55 0.7 
-0.04773996170643982 0.5185653665322346 0.6173128109006831 0.75 0.35 0.95 0.75 0.2 0.65 1.0 0.4 0.4 0.8 0.95 0.15 0.95 0.7 0.95 0.7 0.35 0.15 0.9 1.0 0.85 0.9 0.0 0.9 0.95 0.95 0.3 0.7 0.85 0.2 1.0 0.65 0.25 1.0 0.25 0.7 
-0.2943699762157379 0.593207566218157 0.3867253368372018 0.55 0.15 0.85 0.7 0.05 0.25 1.0 0.4 0.5 0.7 0.95 0.25 0.2 0.6 0.4 0.6 0.85 0.8 0.45 0.3 0.6 0.6 0.45 0.85 0.95 0.45 0.75 0.35 0.45 0.4 1.0 0.65 0.25 0.75 0.9 0.1 
-0.012885992122104038 0.6465901993472848 0.3948972804971762 0.5 0.6 0.95 0.1 0.15 0.3 0.95 0.45 0.7 0.9 0.95 0.25 0.95 0.35 0.0 0.2 0.75 0.1 0.8 0.7 0.85 1.0 0.8 0.95 0.95 0.95 0.6 0.5 0.85 0.15 0.9 0.75 0.25 0.7 0.75 0.25 
-0.0169199342580649 0.5259995541203744 0.6290601645457817 0.75 0.45 0.95 0.75 0.1 0.65 0.4 0.4 0.5 0.45 0.95 0.0 0.95 0.15 0.6 0.2 0.95 0.05 0.75 0.7 0.8 0.5 0.25 0.7 0.95 0.95 0.3 0.35 0.85 0.2 0.9 0.65 0.25 0.85 0.2 0.7 
-0.015324983644203408 0.5435213337700786 0.6131069798755052 0.75 0.45 0.95 0.75 0.1 0.65 0.15 0.6 0.5 0.9 0.95 0.25 0.95 0.15 0.6 0.2 0.05 0.15 0.85 0.7 0.8 1.0 0.8 0.85 0.95 0.95 0.3 0.35 0.85 0.45 0.35 0.65 0.0 0.7 0.2 0.7 
-0.06614590194382332 0.4246186331213286 0.650666670044604 0.85 0.75 0.9 0.45 0.75 0.55 0.9 0.05 0.8 0.3 0.9 0.05 1.0 0.95 0.0 0.2 0.9 0.1 0.9 0.2 0.35 0.85 0.0 0.75 1.0 0.3 0.3 0.1 0.8 0.15 0.9 0.75 0.6 0.7 0.5 0.65 
-0.04394669988037481 0.42081934241523494 0.3699999494675361 0.5 0.1 0.25 0.8 0.6 0.8 1.0 0.8 0.3 0.65 0.95 0.4 0.6 0.4 0.4 0.25 0.75 0.6 0.05 0.95 0.7 0.65 0.65 0.2 0.8 0.5 0.15 1.0 0.35 0.4 0.75 0.45 0.35 0.9 0.75 0.75 
-0.02570907871121695 0.2933762060836782 0.46309811249057736 0.55 0.1 0.65 0.8 0.35 0.05 1.0 0.7 0.25 0.95 0.95 0.4 0.4 0.5 0.3 0.25 0.15 0.75 0.85 0.2 0.25 0.3 0.9 0.8 0.9 0.5 0.2 0.55 0.35 0.25 0.85 0.1 0.0 0.45 0.75 0.75 
-0.015474180169794448 0.3984021722036244 0.6429161155357005 0.85 0.3 0.9 0.45 0.75 0.55 0.85 0.05 0.85 0.5 0.9 0.05 0.65 0.95 0.1 1.0 0.2 0.25 0.55 0.2 0.3 0.9 0.0 0.75 0.8 0.3 0.3 0.15 0.45 0.2 0.9 0.75 0.6 1.0 0.55 0.6 
-0.0381727969853344 0.47447103382409533 0.6510264051917654 0.85 0.75 0.7 0.45 0.45 0.55 0.85 0.05 0.85 0.55 0.8 0.05 0.65 0.95 0.3 0.9 0.9 0.25 0.9 0.2 0.25 0.95 0.05 0.75 1.0 0.35 0.35 0.15 0.45 0.05 0.9 0.75 0.25 1.0 0.55 0.6 
-0.01380239946521248 0.6604321412294578 0.43360371218487026 0.7 0.65 0.75 0.75 0.15 0.65 1.0 0.45 0.5 0.7 0.95 0.25 0.95 0.8 0.55 0.2 0.9 0.1 0.75 0.7 0.85 1.0 0.8 0.95 0.7 0.95 0.3 0.5 0.85 0.65 0.5 0.65 0.25 0.7 0.75 0.7 
-0.048213915512053694 0.5395062166269552 0.6431083444076395 0.75 0.0 0.5 0.1 0.2 0.65 1.0 0.7 0.4 0.65 0.95 0.15 0.95 0.9 0.95 0.1 0.7 0.2 0.55 1.0 0.3 0.9 0.8 0.9 0.75 0.9 0.3 0.55 0.85 0.2 1.0 0.65 0.25 0.95 0.25 0.7 
-0.00299110455376029 0.5574875296787618 0.6382726211923628 0.75 0.45 0.75 0.75 0.1 0.65 1.0 0.4 0.3 0.5 0.95 0.25 0.95 0.15 0.6 0.2 0.85 0.25 0.95 0.7 0.8 1.0 0.8 0.85 0.95 0.95 0.3 0.35 0.85 0.2 0.9 0.4 0.25 0.55 0.2 0.65 
-0.023841805837261587 0.6695720749843196 0.5854374675649826 0.75 0.65 0.65 0.75 0.1 0.6 1.0 0.45 0.85 0.9 0.95 0.4 0.95 0.25 0.6 0.2 0.9 0.05 0.75 0.7 0.85 1.0 0.8 0.85 0.95 0.95 0.3 0.05 0.85 0.75 0.25 0.65 0.2 0.7 0.2 0.7 
-0.05016554013599634 0.6744685860727169 0.5590148654942703 0.55 0.65 0.95 0.75 0.15 0.3 1.0 0.45 0.5 0.6 0.95 0.25 0.6 0.8 0.6 0.2 0.15 0.05 0.75 0.7 0.8 0.9 0.8 0.95 0.95 0.95 0.3 0.55 0.85 0.7 0.9 0.65 0.25 0.7 0.1 0.7 
-0.019702037233731016 0.6670042928262302 0.6226992171358243 0.1 0.35 0.95 0.75 0.2 0.65 1.0 0.4 0.4 0.65 0.95 0.4 0.95 0.9 0.95 0.75 0.0 0.15 0.85 0.25 0.9 0.95 0.8 0.9 0.95 0.95 0.3 0.7 0.85 0.2 1.0 0.65 0.25 1.0 0.25 0.7 
-0.006154553158211091 0.5566738300403157 0.3910302578605959 0.55 0.05 0.85 0.7 0.1 0.8 0.95 0.4 0.6 0.7 0.95 0.25 0.95 0.0 0.35 0.1 1.0 0.1 0.2 0.4 0.55 0.75 0.45 0.85 1.0 0.5 0.55 0.3 0.45 0.4 0.8 0.65 0.75 0.6 0.9 0.1 
-0.08607642109089943 0.3539801300758683 0.6284659135422992 0.6 0.9 0.55 0.2 0.8 0.0 0.8 0.75 0.3 0.65 0.95 0.4 0.6 0.15 0.6 0.85 0.8 0.1 0.95 0.2 0.2 0.45 0.65 0.95 0.95 0.5 0.55 0.5 0.35 0.2 0.75 0.7 0.3 0.7 0.55 0.45 
-0.03355370769941966 0.6630776301501313 0.6017346665531137 0.75 0.95 0.95 0.75 0.1 0.0 1.0 0.4 0.4 0.4 0.95 0.1 0.95 0.15 0.95 0.7 0.9 0.95 0.75 1.0 0.1 0.9 0.8 0.9 0.95 0.85 0.3 0.4 0.85 0.2 0.75 0.65 0.25 1.0 0.3 0.7 
-0.0013656559837629011 0.45544107932528494 0.6520594637223798 0.85 0.75 0.7 0.45 0.95 0.95 0.6 0.05 0.75 0.3 0.85 0.45 1.0 0.95 0.7 0.2 0.75 0.25 0.9 0.2 0.45 0.85 0.0 0.75 1.0 0.3 0.3 0.1 0.8 0.15 0.95 0.7 0.6 1.0 0.55 0.7 
-0.0297032747388987 0.6462973844085814 0.5891499965890775 0.75 0.45 0.95 0.75 0.1 0.65 1.0 0.35 0.4 0.45 0.95 0.25 0.95 0.1 0.6 0.7 0.9 0.85 0.75 1.0 0.1 0.3 0.85 0.7 0.95 0.95 0.3 0.35 0.85 0.2 0.9 0.65 0.25 0.85 0.2 0.7 
-0.030016821743421778 0.48223978727898364 0.6471701507833474 0.85 0.75 0.7 0.45 0.95 0.95 0.6 0.05 0.4 0.3 0.85 0.2 0.0 0.95 0.7 0.2 1.0 0.25 0.9 0.2 0.45 0.85 0.0 0.75 1.0 0.3 0.3 0.1 0.5 0.15 0.95 0.7 0.6 1.0 0.55 0.7 
-0.03724683220736594 0.6543569445706885 0.6409352338009855 0.75 0.9 0.95 0.95 0.1 0.4 1.0 0.4 0.45 0.45 0.95 0.25 0.95 0.1 0.95 0.35 0.9 0.1 0.7 1.0 0.15 0.35 0.8 0.9 0.95 0.95 0.3 0.4 0.85 0.2 0.9 0.7 0.25 1.0 0.3 0.7 
-0.015523950523334698 0.43533123791437756 0.6560077548422442 0.85 0.75 0.7 0.45 0.45 0.55 0.85 0.05 0.85 0.45 0.45 0.05 0.7 0.95 0.3 0.9 0.9 0.25 0.9 0.2 0.25 0.95 0.05 0.75 1.0 0.35 0.35 0.15 0.45 0.05 0.9 0.75 0.25 1.0 0.55 0.6 
-0.015466265014561593 0.6912427209125137 0.6000668512509495 0.75 0.95 0.95 0.75 0.1 0.65 1.0 0.4 0.55 0.45 0.95 0.25 0.95 0.5 0.95 0.7 0.9 0.15 0.8 1.0 0.1 0.65 0.8 0.9 0.95 0.95 0.3 0.65 0.85 0.2 0.85 0.65 0.25 1.0 0.3 0.7 
-0.02763961847063964 0.5130074949456866 0.622465433550495 0.75 0.15 0.95 0.75 0.1 0.65 0.4 0.4 0.35 0.45 0.95 0.0 0.95 0.15 0.2 0.2 0.95 0.05 0.75 0.7 0.8 0.5 0.25 0.85 0.95 0.95 0.3 0.35 0.85 0.2 0.9 0.65 0.25 0.85 0.2 0.7 
-0.0014624968116694825 0.7033530796723436 0.5695893583698628 0.55 0.65 0.95 0.75 0.15 0.3 1.0 0.45 0.5 0.6 0.95 0.25 0.6 0.65 0.6 0.2 0.6 0.05 0.75 0.7 0.85 0.9 0.8 0.95 0.95 0.95 0.3 0.55 0.85 0.75 0.9 0.65 0.25 0.7 0.1 0.7 
-0.013703895828712368 0.2763368362791052 0.5405816207328812 0.6 0.1 0.15 0.2 0.75 0.6 1.0 0.8 0.3 0.65 0.95 0.4 0.6 0.4 0.35 0.65 0.25 0.85 0.95 0.25 0.2 0.2 0.15 0.55 0.75 0.5 0.55 0.55 0.35 0.2 0.55 0.45 0.05 0.95 0.55 0.65 
-0.05009234649238944 0.6779066329296137 0.5820898550270059 0.75 0.45 0.3 0.75 0.1 0.65 1.0 0.4 0.5 0.6 0.95 0.25 0.95 0.15 0.6 0.2 0.9 0.05 0.75 0.7 0.8 0.9 0.8 0.85 0.65 0.95 0.3 0.35 0.85 0.75 0.9 0.65 0.25 0.7 0.2 0.7 
-0.01305235507170377 0.6929263108998102 0.5124632734244545 0.05 0.45 0.25 0.65 0.4 0.35 1.0 0.4 0.5 0.45 0.95 0.2 0.05 0.85 0.05 0.35 0.85 0.5 0.45 0.55 0.3 0.95 0.45 0.85 0.75 0.95 0.3 0.65 0.45 0.4 0.9 0.65 0.25 1.0 0.2 0.75 
-0.016586229744373633 0.7068162839805983 0.6188964707346678 0.55 0.9 0.95 0.75 0.15 0.3 0.95 0.45 0.5 0.9 0.95 0.25 0.95 0.25 0.5 0.2 0.1 0.1 0.7 0.7 0.85 1.0 0.8 0.95 0.9 0.95 0.3 0.5 0.85 0.7 0.85 0.45 0.25 0.8 0.85 0.6 
-0.058601037944772 0.30049242996658787 0.5764813641987502 0.6 0.1 0.55 0.2 0.8 0.0 1.0 0.75 0.45 0.65 0.95 0.4 0.6 0.15 0.8 0.85 0.5 0.1 0.95 0.2 0.2 0.1 0.5 0.95 0.95 0.5 0.55 0.5 0.35 0.2 0.75 0.7 0.3 0.75 0.55 0.75 
-0.014244025641707797 0.6745822848802706 0.6457050896270133 0.75 0.95 0.4 0.45 0.1 0.65 1.0 0.4 0.4 0.45 0.95 0.25 0.95 0.15 0.95 1.0 0.9 0.85 0.75 1.0 0.1 0.5 0.8 0.9 0.95 0.95 0.3 0.6 0.9 0.2 0.85 0.65 0.25 0.75 0.3 0.7 
-0.020274490456056667 0.5818863508327938 0.6587476990357102 0.75 0.0 0.95 0.1 0.2 0.65 1.0 0.4 0.4 0.65 0.95 0.15 0.95 0.9 0.95 0.1 0.7 0.2 0.55 1.0 0.8 0.9 0.8 0.9 1.0 0.9 0.3 0.5 0.85 0.2 1.0 0.65 0.25 0.95 0.3 0.7 
-0.03506402374624652 0.43977849269128283 0.6796046037503125 0.85 0.75 0.9 0.45 0.45 0.55 0.7 0.05 0.85 0.55 0.9 0.05 0.65 0.95 0.3 0.9 0.9 0.25 0.9 0.25 0.6 0.95 0.05 0.75 1.0 0.35 0.35 0.15 0.45 0.05 1.0 0.75 0.2 1.0 0.55 0.6 
-0.3207089947477874 0.28867338784614593 0.47340773181145507 0.45 0.1 0.65 0.2 0.6 0.3 0.95 0.7 0.25 0.95 0.95 0.4 0.4 0.5 0.4 0.25 0.6 0.75 0.8 0.2 0.35 0.3 0.9 0.8 0.9 0.5 0.2 0.65 0.35 0.25 0.9 0.1 0.0 1.0 0.75 0.75 
-0.007754698151014606 0.3127399934876165 0.628209542468691 0.45 0.1 0.55 0.2 0.8 0.0 0.75 0.75 0.3 0.65 0.95 0.4 0.6 0.15 0.8 0.85 0.4 0.1 0.95 0.2 0.2 0.1 0.5 0.75 0.95 0.5 0.6 0.5 0.35 0.2 0.75 0.7 0.3 0.75 0.55 0.75 
-0.014930830500589506 0.6791745708604021 0.46956082471222643 0.0 0.9 0.95 0.75 0.75 0.3 1.0 0.3 0.5 0.85 0.95 0.25 0.35 0.25 0.5 0.2 0.1 0.1 1.0 0.7 0.85 1.0 0.8 0.95 0.45 0.95 0.3 0.5 0.85 0.65 0.75 0.65 0.25 0.8 0.85 0.6 
-0.03239367637186282 0.3137558294131595 0.6569373947173905 0.6 0.15 0.55 0.85 0.05 0.0 0.9 0.75 0.3 0.65 0.95 0.4 0.65 0.7 0.2 0.85 0.8 0.1 0.9 0.2 0.15 0.05 0.75 0.3 0.95 0.5 0.55 0.5 0.35 0.2 0.95 0.7 0.3 0.75 0.55 0.75 
-0.0026781443589878337 0.3331245965292464 0.6419203396244513 0.6 0.1 0.55 0.2 0.8 0.0 1.0 0.75 0.3 0.65 0.95 0.4 0.6 0.15 0.35 0.85 0.8 0.1 0.95 0.2 0.2 0.45 0.5 0.95 0.95 0.5 0.55 0.5 0.35 0.2 0.75 0.7 0.3 0.7 0.55 0.45 
-0.05693566445937718 0.306318097403949 0.608642185404244 0.6 0.0 0.15 0.15 0.6 0.0 1.0 0.55 0.3 0.65 0.95 0.4 1.0 0.4 0.35 0.45 0.8 0.35 0.45 0.1 0.55 0.1 0.5 0.9 0.95 0.5 0.55 0.65 0.25 0.2 0.8 0.7 0.25 0.95 0.55 0.65 
-0.005362655375653459 0.6414402449017509 0.6266116889422414 0.75 0.95 0.95 0.75 0.2 0.65 1.0 0.4 0.4 0.45 0.95 0.1 0.95 0.15 0.95 0.7 0.9 0.85 0.45 1.0 0.1 0.55 0.8 0.75 0.95 0.95 0.4 0.7 0.85 0.2 0.9 0.65 0.25 1.0 0.3 0.8 
-0.0010318877968318976 0.27785542849836775 0.5727533487638888 0.6 0.0 0.15 1.0 0.2 0.0 1.0 0.75 0.3 0.65 0.95 0.4 1.0 0.4 0.35 0.55 0.8 0.35 0.4 0.1 0.55 0.1 0.5 0.15 0.95 0.5 0.55 0.65 0.25 0.2 0.8 0.7 0.25 0.95 0.55 0.65 
-0.01954415354581292 0.28352200959560525 0.5765454607024465 0.6 0.0 0.15 1.0 0.6 0.0 1.0 0.75 0.3 0.65 0.95 0.4 1.0 0.4 0.35 0.55 0.8 0.35 0.45 0.1 0.55 0.1 0.5 0.15 0.95 0.5 0.55 0.65 0.25 0.2 0.8 0.7 0.25 0.95 0.55 0.65 
-0.10501783840006217 0.2860345465999191 0.649507569247592 0.25 1.0 0.15 0.0 0.2 0.0 1.0 0.8 0.3 0.9 0.95 0.4 0.35 0.4 0.35 0.95 0.8 0.15 0.9 0.25 0.15 0.1 0.0 0.6 0.95 0.5 0.55 0.65 0.35 0.15 0.95 0.7 0.3 0.8 0.55 0.7 
-6.807072887398956 0.25468915323140995 0.6454757804827326 0.6 0.0 0.1 0.2 0.6 0.0 1.0 0.8 0.5 0.65 0.95 0.4 0.6 0.85 0.35 0.85 0.25 0.65 1.0 0.3 0.1 0.15 0.5 1.0 0.95 0.5 0.55 0.75 0.45 0.2 0.8 0.7 0.2 1.0 0.55 0.65 
-2.8610972720879466e-05 0.7194073284990234 0.5396911530169495 0.55 0.65 0.95 0.1 0.75 0.3 1.0 0.45 0.7 0.9 0.95 0.25 0.95 0.35 0.0 0.05 0.75 0.1 0.8 0.7 0.85 1.0 0.8 0.95 0.95 0.95 0.3 0.55 0.85 0.55 0.9 0.75 0.25 0.7 0.75 0.25 
-0.07340108572493857 0.6410501290898794 0.6420836231574778 0.1 0.35 0.95 0.75 0.25 0.65 0.8 0.45 0.4 0.65 0.95 0.15 0.95 0.9 0.95 0.35 0.55 0.15 0.8 0.25 0.45 0.9 0.8 0.9 0.95 0.95 0.3 0.7 0.85 0.25 0.25 0.65 0.25 1.0 0.25 0.7 
-3.1876137402685885 0.26131851169275366 0.6208267009595029 0.6 0.0 0.4 0.2 0.6 0.0 1.0 0.8 0.5 0.65 0.95 0.4 0.6 0.8 0.35 0.85 0.25 0.35 0.95 0.3 0.1 0.2 0.8 1.0 0.95 0.5 0.55 0.75 0.45 0.2 0.75 0.75 0.35 1.0 0.55 0.65 
-0.0077771630541930955 0.2696772060520731 0.6215679413036471 0.6 0.0 0.4 0.2 0.6 0.0 1.0 0.8 0.5 0.65 0.95 0.4 0.6 0.8 0.35 0.85 0.25 0.35 0.95 0.3 0.1 0.1 0.5 0.6 0.95 0.5 0.55 0.75 0.45 0.2 0.75 0.7 0.45 0.95 0.55 0.65 
-0.8655911470285662 0.25225264025590577 0.5849972561670771 0.6 0.0 0.4 0.2 0.6 0.0 1.0 0.8 0.5 0.65 0.95 0.4 0.6 0.8 0.35 0.85 0.25 0.35 0.95 0.3 0.1 0.2 0.8 0.45 0.95 0.5 0.55 0.75 0.45 0.2 0.75 0.75 0.35 1.0 0.55 0.65 
-0.28239876175339007 0.25888584897825895 0.5715824898472037 0.6 0.0 0.4 0.2 0.6 0.0 1.0 0.8 0.5 0.65 0.95 0.4 0.6 0.8 0.35 0.85 0.25 0.35 0.95 0.3 0.1 0.2 0.5 0.45 0.95 0.5 0.55 0.75 0.45 0.2 0.75 0.75 0.35 1.0 0.55 0.65 
-0.005560784211088498 0.5970597873068008 0.6684861110284178 0.75 0.9 0.95 0.9 0.1 0.65 1.0 0.4 0.45 0.45 0.65 0.25 0.95 0.1 0.95 0.35 0.9 0.1 0.7 1.0 0.15 0.7 0.8 0.9 0.95 0.95 0.3 0.4 0.85 0.2 0.85 0.7 0.25 1.0 0.3 0.7 
-0.21566101903367169 0.26912766650780295 0.5182722101976869 0.6 0.1 0.15 0.2 0.35 0.6 1.0 0.8 0.3 0.65 0.95 0.4 0.0 0.4 0.35 0.65 0.25 0.35 0.95 0.25 0.2 0.1 0.35 0.85 0.75 0.5 0.55 0.55 0.35 0.2 0.75 0.75 0.05 0.95 0.55 0.65 
-0.042653120824780795 0.3356657079607276 0.6664554596911377 1.0 0.15 0.55 0.85 0.95 0.0 0.7 0.75 0.3 0.65 0.95 0.4 0.65 0.7 0.8 0.85 0.8 0.1 0.95 0.2 0.15 0.05 0.7 0.3 0.95 0.5 0.55 0.5 0.35 0.2 0.95 0.7 0.3 0.7 0.55 0.75 
-0.0807424132391254 0.440111934327278 0.36018466342479316 0.3 0.1 0.9 0.85 0.45 0.45 0.95 0.7 0.3 0.7 0.95 0.45 0.6 0.15 1.0 0.15 0.8 0.65 0.9 0.4 0.25 0.85 0.85 0.4 0.65 0.6 0.75 0.5 0.35 0.6 1.0 0.7 0.65 1.0 0.75 0.65 
-0.0013476526958216813 0.32072470050868385 0.6606916393753536 0.6 0.7 0.55 0.85 0.05 0.0 0.85 0.75 0.3 0.65 0.95 0.4 0.65 0.45 0.2 0.85 0.8 0.1 0.9 0.2 0.15 0.05 0.75 0.25 0.95 0.5 0.55 0.5 0.35 0.2 0.95 0.7 0.3 0.75 0.55 0.75 
-0.031157301763731132 0.37676399363736807 0.6699612717971051 0.8 0.75 0.9 0.65 0.45 0.45 1.0 0.05 0.85 0.55 0.9 0.05 0.65 0.8 0.1 0.9 0.3 0.25 0.85 0.2 0.1 0.95 0.05 0.8 1.0 0.35 0.35 0.15 0.45 0.2 0.9 0.75 0.15 1.0 0.55 0.6 
-0.013764681953102072 0.40818598452258203 0.6885573080000496 0.85 0.75 0.9 0.45 0.45 0.65 0.85 0.05 0.85 0.55 0.9 0.05 0.65 0.8 0.1 0.9 0.55 0.25 0.9 0.2 0.1 0.95 0.05 0.75 1.0 0.35 0.35 0.1 0.45 0.15 0.9 0.75 0.15 1.0 0.55 0.6 
-2.7059441708185186 0.3003741292546057 0.6727236646616828 0.6 1.0 0.15 0.0 0.2 1.0 1.0 0.8 0.35 0.9 0.95 0.4 0.5 0.4 0.35 0.95 0.8 0.15 1.0 0.25 0.15 0.1 0.0 0.8 0.95 0.5 0.55 0.35 0.35 0.15 0.95 0.7 0.3 0.8 0.55 0.7 
-1.5176722801933156 0.4875182949194461 0.3457200954336547 0.3 0.1 0.65 0.0 0.6 0.45 0.95 0.7 0.3 0.75 0.95 0.45 0.65 0.65 0.3 0.65 0.6 0.65 1.0 0.4 0.3 1.0 0.85 0.4 0.75 0.45 0.8 0.95 0.45 0.55 1.0 0.65 0.6 1.0 0.75 0.7 
-0.019254014502144593 0.4404171751854084 0.3480282973705844 1.0 0.1 0.9 0.85 0.6 0.5 1.0 0.7 0.3 0.7 0.95 0.45 0.6 1.0 0.45 0.15 0.8 0.65 0.95 0.4 0.25 0.85 0.85 0.4 0.95 0.4 0.5 0.65 0.45 0.5 1.0 0.7 0.65 1.0 0.75 0.65 
-1.1325679913502247 0.2793444205008353 0.6641484769788 0.25 1.0 0.95 0.0 0.2 0.0 1.0 0.8 0.3 0.9 0.95 0.4 0.35 0.4 0.35 0.95 0.8 0.15 0.9 0.25 0.15 0.1 0.0 0.25 0.95 0.5 0.55 0.65 0.35 0.15 0.95 0.7 0.3 0.9 0.55 0.7 
-0.3911877242580686 0.2615349668978406 0.604521489193272 0.6 0.35 0.4 0.2 0.6 0.0 1.0 0.8 0.6 0.65 0.95 0.4 0.6 0.8 0.35 0.85 0.25 0.35 0.95 0.3 0.1 0.1 0.5 0.5 0.95 0.5 0.55 0.75 0.45 0.2 0.75 0.7 0.25 0.95 0.55 0.65 
-0.0014249932311454006 0.408525001676493 0.34682855130151746 0.3 0.7 0.9 0.85 0.6 0.6 0.95 0.7 0.3 0.7 0.95 0.45 0.6 0.15 0.2 0.15 0.8 0.65 1.0 0.4 0.25 0.85 0.7 0.25 0.25 0.45 0.4 0.65 0.45 0.35 1.0 0.7 0.65 1.0 0.75 0.65 
-0.2737869163994269 0.6256232657155321 0.3640455790805913 0.55 0.8 0.9 0.3 0.75 0.15 0.95 0.45 0.7 1.0 0.95 0.25 0.4 0.3 0.0 0.2 0.7 0.1 0.85 0.7 0.85 1.0 0.8 0.95 0.95 0.95 0.7 0.5 0.85 0.1 0.15 0.55 0.15 0.9 0.75 0.25 
-0.08840650678530816 0.34789619133323346 0.6918716739135244 0.85 0.75 0.9 0.4 0.45 0.65 0.85 0.05 0.85 0.55 0.25 0.05 0.65 0.6 0.1 0.9 0.55 0.25 0.9 0.2 0.1 0.95 0.05 0.75 1.0 0.35 0.45 0.1 0.45 0.0 0.9 0.75 0.6 1.0 0.55 0.6 
-0.030111083511912985 0.6923623925882056 0.5105224960232495 0.05 0.45 0.25 0.65 0.4 0.35 1.0 0.4 0.5 0.45 0.95 0.2 0.05 0.85 0.05 0.35 0.85 0.5 0.45 0.55 0.3 0.95 0.45 0.85 0.75 0.95 0.3 0.65 0.45 0.4 0.9 0.65 0.25 1.0 0.2 0.75 
-0.0033261159607064716 0.6239238086288832 0.6647442770518147 0.1 0.35 0.95 0.75 0.25 0.65 0.8 0.45 0.4 0.65 0.95 0.45 0.95 0.9 0.95 0.35 0.55 0.15 0.8 0.25 0.45 0.9 0.8 0.9 0.95 0.95 0.3 0.7 0.85 0.25 0.55 0.65 0.25 1.0 0.25 0.7 
-0.03529561849145575 0.30801047338217835 0.41937819372731144 0.55 0.1 0.65 0.25 0.35 0.05 0.95 0.7 0.25 0.95 0.95 0.4 0.4 0.5 0.65 0.25 0.6 0.9 0.85 0.25 0.25 0.6 0.9 0.8 0.9 0.5 0.35 0.55 0.35 0.25 0.8 0.15 0.0 0.65 0.75 0.8 
-0.014041573221230926 0.4233805100619546 0.6903016674822214 0.85 0.5 0.9 0.45 0.45 0.55 1.0 0.05 0.85 0.55 0.9 0.05 0.95 0.95 0.3 0.9 0.9 0.25 0.9 0.25 0.6 0.95 0.05 0.75 1.0 0.35 0.35 0.15 0.45 0.05 0.9 0.75 0.2 1.0 0.55 0.6 
-0.006089877710649598 0.619997345886832 0.6690967327002646 0.1 0.35 0.95 0.75 0.25 0.65 0.8 0.45 0.4 0.65 0.95 0.15 0.95 0.9 0.95 0.35 0.55 0.15 0.8 0.25 0.45 0.9 0.8 0.9 0.95 0.95 0.3 0.7 0.85 0.25 0.55 0.65 0.25 1.0 0.25 0.7 
-0.1634352345142562 0.5847975030606029 0.3748007157290898 0.55 0.8 0.9 0.3 0.75 0.15 0.95 0.45 0.7 1.0 0.95 0.25 0.4 0.3 0.0 0.2 0.7 0.1 0.85 0.7 0.85 1.0 0.8 0.95 0.95 0.95 0.7 0.5 0.85 0.1 0.15 0.45 0.15 0.9 0.75 0.25 
-0.03414419899863946 0.5040942249373811 0.6533580043203825 0.75 0.35 0.95 0.75 0.2 0.65 0.6 0.95 0.1 0.65 0.95 0.15 0.85 0.9 1.0 1.0 0.35 0.4 0.5 1.0 0.85 0.85 0.8 0.9 0.95 0.95 0.3 0.7 0.85 0.2 1.0 0.65 0.25 0.95 0.25 0.7 
-0.018816914513673837 0.6667254967821827 0.6583087836863496 0.75 0.9 0.5 0.95 0.1 0.0 0.95 0.4 0.4 0.45 0.95 0.25 0.95 0.1 0.95 0.35 0.9 0.1 0.7 1.0 0.15 0.7 0.75 0.9 0.95 0.95 0.3 0.4 0.85 0.25 0.85 0.7 0.25 0.85 0.3 0.7 
-0.0025544880389494332 0.6553703163972868 0.6667973305440205 0.75 0.95 0.95 0.75 0.1 0.65 1.0 0.4 0.4 0.45 0.95 0.25 0.95 0.5 0.95 0.7 0.9 0.15 0.8 1.0 0.1 0.65 0.8 0.9 0.95 0.95 0.3 0.65 0.85 0.2 0.85 0.65 0.25 1.0 0.3 0.7 
-11.66800954323185 0.24458970416698828 0.6379651793354418 0.6 0.0 0.4 0.2 0.6 0.0 1.0 0.8 0.5 0.65 0.95 0.4 0.6 0.8 0.35 0.85 0.25 0.35 0.95 0.3 0.1 0.1 0.5 0.6 0.95 0.5 0.55 0.75 0.45 0.2 0.8 0.7 0.2 1.0 0.55 0.65 
-0.14147155814072426 0.36880089045146225 0.37914334166615876 0.3 0.4 0.7 0.8 0.6 0.95 1.0 0.7 0.3 0.45 0.95 0.45 0.6 0.15 1.0 0.75 0.8 0.65 1.0 0.4 0.25 0.65 0.85 0.4 0.45 0.5 0.6 0.75 0.45 0.35 1.0 0.6 0.65 1.0 0.75 0.65 
-0.20833251161456454 0.5090806597557866 0.7067946286634816 0.75 0.0 0.95 0.75 0.2 0.65 1.0 0.4 0.4 0.55 0.95 0.15 0.95 0.9 0.95 0.7 0.7 0.15 0.6 0.5 0.25 0.9 0.8 0.9 0.95 0.9 0.3 0.7 0.85 0.2 1.0 0.65 0.25 0.95 0.25 0.7 
-6.75241403927693 0.5761965314777489 0.3735349901430014 0.9 0.55 0.15 0.7 0.1 0.25 0.95 0.4 0.6 0.7 0.95 0.25 0.8 0.15 0.45 0.6 0.15 0.1 1.0 0.15 0.5 0.7 0.5 1.0 0.75 0.5 0.6 0.95 0.45 0.4 0.5 0.65 0.25 0.6 0.9 0.1 
-0.1665717122728026 0.6390788289333835 0.7074051211968073 0.75 0.95 0.95 0.75 0.2 0.65 1.0 0.4 0.4 0.45 0.95 0.1 0.95 0.15 0.95 0.7 0.9 0.85 0.45 1.0 0.1 0.85 0.8 0.9 0.95 0.95 0.3 0.7 0.85 0.2 0.9 0.65 0.25 1.0 0.3 0.8 
-0.019767904279513825 0.29682779113616486 0.43591192640950915 0.55 0.85 0.65 0.25 0.35 0.2 0.95 0.7 0.25 0.95 0.95 0.4 0.4 0.45 0.65 0.25 0.6 0.75 0.85 0.3 0.25 0.3 0.9 0.8 0.9 0.5 0.35 0.55 0.35 0.25 0.8 0.1 0.0 0.6 0.75 0.75 
-0.08985260602176463 0.6952236409530501 0.6681559080033539 0.55 0.95 0.95 0.75 0.15 0.3 1.0 0.45 0.6 0.85 0.95 0.25 0.95 0.7 0.6 0.5 0.9 0.1 0.8 0.7 0.85 1.0 0.75 0.95 0.95 0.95 0.3 0.5 0.85 0.75 0.8 0.65 0.25 0.7 0.25 0.85 
-0.012577341856588686 0.7023610328988747 0.4735126368983581 0.55 0.65 0.95 0.1 0.15 1.0 1.0 0.45 0.6 0.9 0.95 0.25 0.95 0.8 0.0 0.9 0.9 0.6 0.8 0.7 0.85 1.0 0.75 0.95 0.7 0.95 0.65 0.5 0.85 0.75 0.9 0.65 0.25 0.7 0.75 0.95 
-10.577604997631955 0.5433276029237954 0.36710600005980815 0.4 0.6 0.85 0.7 0.1 0.85 0.95 0.4 0.6 0.95 0.95 0.25 0.8 0.1 0.95 0.6 1.0 0.1 1.0 0.15 0.5 0.8 0.9 0.85 0.6 0.5 0.65 0.7 0.45 0.4 0.8 0.65 0.6 0.6 0.75 0.1 
-0.1041616521863524 0.6636225984511797 0.6905582583693924 0.75 0.9 0.95 0.95 0.1 0.65 1.0 0.4 0.4 0.45 0.95 0.25 0.95 0.1 0.95 0.35 0.9 0.1 0.7 1.0 0.15 0.7 0.8 0.9 0.95 0.95 0.3 0.4 0.85 0.2 0.85 0.7 0.25 1.0 0.3 0.7 
-0.29327711969784287 0.6475550515906188 0.7310979275915997 0.1 0.35 0.95 0.75 0.25 0.65 1.0 0.4 0.4 0.65 0.95 0.15 0.95 0.9 0.95 1.0 0.55 0.3 0.8 0.25 0.45 0.9 0.8 0.9 0.9 0.95 0.3 0.7 0.85 0.2 1.0 0.65 0.25 1.0 0.25 0.75 
-0.14517563423307486 0.5622229579831904 0.6840024115810523 0.1 0.35 0.95 0.75 0.3 0.65 1.0 0.4 0.1 0.65 0.95 0.15 0.95 0.9 0.95 0.35 0.2 0.15 1.0 0.25 0.4 0.9 0.8 0.9 0.95 0.95 0.3 0.7 0.85 0.2 1.0 0.65 0.75 1.0 0.25 0.7 
-0.14155154549819127 0.5030871147684264 0.6731232273387644 0.75 0.9 0.95 0.75 0.2 0.65 0.6 0.95 0.1 0.65 0.95 0.15 0.85 0.9 0.75 1.0 0.35 0.4 0.45 1.0 0.85 0.7 0.8 0.9 0.95 0.95 0.3 0.7 0.85 0.2 1.0 0.65 0.25 0.95 0.25 0.7 
-0.033077247328917536 0.5686041358735401 0.7098983291457696 0.75 0.0 0.95 0.1 0.2 0.65 1.0 0.4 0.4 0.65 0.95 0.15 0.95 0.9 0.95 0.1 0.7 0.8 0.7 1.0 0.35 0.95 0.8 0.9 1.0 0.9 0.3 0.5 0.85 0.2 1.0 0.65 0.25 0.9 0.25 0.7 
-0.02402322010093856 0.7192053615789479 0.6034800857816505 0.55 0.95 0.95 0.75 0.15 0.0 1.0 0.45 0.5 0.9 0.95 0.25 0.95 0.8 0.6 0.5 0.9 0.05 0.65 0.7 0.85 1.0 0.75 0.95 0.95 0.95 0.3 0.5 0.85 0.75 0.85 0.65 0.25 0.7 0.75 0.85 
-0.0075630378938998976 0.38278912805414644 0.3556917688468194 0.3 0.1 0.9 0.85 0.95 0.6 0.95 0.7 0.3 0.7 0.95 0.45 0.6 0.15 1.0 0.75 0.8 0.65 1.0 0.4 0.25 0.85 0.95 0.25 0.35 0.75 0.8 0.65 0.45 0.35 1.0 0.7 0.65 1.0 0.75 0.65 
-0.10528411613396672 0.511557505067165 0.673967222548103 0.75 0.9 0.95 0.75 0.2 0.65 0.6 0.95 0.1 0.65 0.95 0.15 0.85 0.9 0.75 1.0 0.35 0.4 0.45 1.0 0.85 0.7 0.8 0.9 0.95 0.95 0.3 0.7 0.85 0.2 1.0 0.65 0.25 1.0 0.25 0.7 
-0.13740823294197205 0.5205123888312155 0.6467562946960712 0.75 0.9 0.95 0.95 0.1 0.65 0.5 0.4 0.45 0.45 0.6 0.25 0.95 0.1 0.95 0.35 0.9 0.1 0.7 1.0 0.15 0.7 0.8 0.9 0.95 0.95 0.3 0.4 0.85 0.2 0.9 0.7 0.25 1.0 0.3 0.7 
-0.05177507117425414 0.5891110796094222 0.6866230344637537 0.75 0.0 0.95 0.1 0.2 0.65 1.0 0.4 0.4 0.65 0.95 0.15 0.95 0.9 0.95 0.1 0.7 0.2 0.55 1.0 0.3 0.9 0.8 0.9 0.75 0.9 0.3 0.5 0.85 0.2 1.0 0.65 0.25 0.95 0.25 0.7 
-0.32054125352570945 0.33993076812619905 0.3882174851404845 1.0 0.0 1.0 0.95 0.65 0.75 0.95 0.7 0.3 0.8 0.95 0.4 0.85 0.2 0.7 0.3 0.95 0.1 0.5 0.4 0.2 0.05 0.0 0.45 0.85 0.5 0.5 1.0 0.45 0.2 0.85 0.55 0.25 1.0 0.75 0.75 
-0.002188426211962371 0.5307105209884998 0.675410702775501 0.75 0.9 0.95 0.95 0.1 0.65 1.0 0.4 0.4 0.45 0.65 0.25 0.95 0.1 0.95 0.35 0.9 0.1 0.7 1.0 0.15 0.7 0.8 0.9 0.95 0.95 0.3 0.4 0.85 0.2 0.85 0.7 0.25 1.0 0.3 0.7 
-0.0647761703089056 0.5334782080306548 0.6833751717762068 0.75 0.0 0.95 0.1 0.2 0.65 0.6 0.4 0.4 0.65 0.95 0.15 0.0 0.9 0.95 0.1 0.7 0.8 0.85 1.0 0.35 0.9 0.7 0.9 1.0 0.9 0.3 0.5 0.85 0.2 1.0 0.65 0.25 0.95 0.25 0.7 
-0.11596494151958779 0.5489333050844086 0.7170920050061401 0.75 0.0 0.95 0.7 0.2 0.65 1.0 0.4 0.4 0.65 0.95 0.15 0.95 0.9 0.95 0.6 0.7 0.8 0.75 1.0 0.45 0.95 0.8 0.9 1.0 0.9 0.3 0.5 0.85 0.2 1.0 0.65 0.25 0.95 0.25 0.7 
-11.15306232763138 0.3085293487603116 0.6991404093461056 0.25 1.0 0.95 0.0 0.2 0.0 1.0 0.55 0.3 0.9 0.95 0.4 0.35 0.4 0.35 0.95 0.8 0.15 0.9 0.25 0.15 0.1 0.0 0.6 0.95 0.5 0.55 0.65 0.35 0.15 0.95 0.7 0.3 0.9 0.55 0.7 
-0.02045948619714149 0.7226106287854462 0.5636509153308238 0.55 0.95 0.95 0.9 0.15 0.3 1.0 0.45 0.5 0.9 0.95 0.25 0.95 0.4 0.6 0.5 0.9 0.1 0.75 0.7 0.85 0.75 0.75 0.95 0.95 0.95 0.3 0.5 0.85 0.75 0.9 0.6 0.25 0.65 0.75 0.85 
-0.4906556225909879 0.6678919052382688 0.67850258357314 0.75 0.9 0.95 0.95 0.1 0.65 1.0 0.4 0.4 0.45 0.95 0.25 0.95 0.1 0.95 0.35 0.9 0.1 0.7 1.0 0.15 0.7 0.75 0.9 0.95 0.95 0.3 0.4 0.85 0.2 0.85 0.7 0.25 1.0 0.3 0.7 
-0.0942556269560457 0.6059785287791315 0.710238787007479 0.75 0.0 0.95 0.75 0.2 0.65 1.0 0.4 0.4 0.65 0.95 0.15 0.95 0.9 0.95 0.7 0.7 0.15 0.6 1.0 0.25 0.9 0.8 0.9 0.8 0.9 0.3 0.7 0.85 0.2 1.0 0.65 0.25 0.95 0.25 0.7 
-0.004291230694493785 0.6311049617968858 0.7121844296410977 0.75 0.95 0.95 0.75 0.2 0.55 1.0 0.4 0.4 0.45 0.95 0.1 0.95 0.15 0.95 0.7 0.9 0.85 0.3 1.0 0.1 0.85 0.8 0.9 0.95 0.95 0.3 0.7 0.85 0.2 0.9 0.65 0.25 1.0 0.3 0.8 
-8.533302333632149 0.3324673089199728 0.6980821899886145 0.2 0.2 0.15 0.2 0.7 1.0 0.85 1.0 0.7 0.6 0.05 0.4 0.45 0.8 0.5 0.15 0.75 0.35 0.95 0.3 0.2 0.15 0.2 0.6 1.0 0.5 0.55 0.65 0.35 0.2 0.95 0.7 0.45 1.0 0.55 0.7 
-4.443719023780324 0.40217074281278603 0.3322882851618377 0.95 0.1 0.65 0.0 0.45 0.45 0.95 0.7 0.3 0.75 0.95 0.45 0.65 0.65 0.3 0.65 0.6 0.65 1.0 0.4 0.3 1.0 0.85 0.4 0.75 0.45 0.15 0.95 0.45 0.6 1.0 0.6 0.6 1.0 0.75 0.7 
-0.08098342700940359 0.4144568081766524 0.6944231843384312 0.85 0.75 0.9 0.45 0.45 0.65 0.85 0.05 0.85 0.55 0.9 0.05 0.65 0.8 0.1 0.9 0.55 0.25 0.9 0.2 0.1 0.95 0.05 0.75 1.0 0.35 0.35 0.1 0.45 0.1 0.9 0.75 0.15 1.0 0.55 0.6 
-0.30059315104016743 0.44337738974414775 0.7085584151407828 0.85 0.75 0.7 0.45 0.45 0.55 0.8 0.05 0.85 0.5 0.9 0.05 0.65 0.5 0.3 0.9 0.9 0.25 0.9 0.2 0.25 0.95 0.05 0.75 1.0 0.35 0.35 0.15 0.45 0.05 0.9 0.75 0.25 1.0 0.55 0.6 
-0.013018880174595088 0.529700083402653 0.7090154031842897 0.75 0.0 0.95 0.1 0.2 0.65 1.0 0.4 0.4 0.65 0.95 0.15 0.95 0.9 0.95 0.1 0.7 0.8 0.75 1.0 0.35 0.95 0.8 0.9 1.0 0.9 0.3 0.5 0.85 0.2 1.0 0.65 0.25 0.95 0.25 0.7 
-0.03471021994823306 0.7104302703547665 0.48664102533118153 0.15 0.15 0.95 0.1 0.15 0.3 1.0 0.45 0.7 0.9 0.95 0.25 0.95 0.35 0.0 0.2 0.75 0.1 0.75 0.7 0.85 1.0 0.8 0.95 0.95 0.95 0.3 0.45 0.85 0.15 0.75 0.7 0.25 0.25 0.75 0.25 
-0.5346878605467849 0.37995075695931263 0.6906426301745058 0.8 0.75 0.9 0.65 0.45 0.45 1.0 0.05 0.85 0.55 0.9 0.05 0.65 0.8 0.1 0.9 0.3 0.25 0.85 0.2 0.1 0.95 0.05 0.8 1.0 0.35 0.35 0.15 0.45 0.15 0.9 0.75 0.15 1.0 0.55 0.6 
-12.352678754279909 0.3456501341149454 0.7024012620279986 0.2 0.3 0.15 0.2 0.6 1.0 0.8 1.0 0.7 0.95 0.95 0.4 0.45 0.8 0.3 0.15 0.75 0.35 0.85 0.3 0.5 0.1 0.25 0.55 1.0 0.5 0.55 0.65 0.35 0.1 0.95 0.7 0.7 0.95 0.55 0.65 
-0.35752039264805285 0.3936679419867649 0.3411795656035109 0.0 0.1 0.65 0.0 0.9 0.45 1.0 0.7 0.3 0.7 0.95 0.45 0.65 0.5 0.3 0.65 0.6 0.65 1.0 0.4 0.3 0.85 0.85 0.4 0.75 0.45 0.15 1.0 0.45 0.5 1.0 0.6 0.6 1.0 0.75 0.7 
-0.048404644891650875 0.7046310259657315 0.5057947398243328 0.55 0.65 0.95 0.1 0.15 0.3 1.0 0.45 0.5 0.9 0.95 0.25 0.95 0.8 0.0 0.9 0.9 0.95 0.8 0.7 0.85 1.0 0.75 0.95 0.5 0.95 0.3 0.5 0.85 0.75 0.9 0.65 0.25 0.7 0.75 0.95 
-0.1370213106097083 0.7010576559904322 0.6486903006792505 0.75 0.0 0.95 0.75 0.2 0.65 1.0 0.3 0.4 0.55 0.95 0.15 0.95 0.9 0.95 0.7 0.7 0.15 0.6 1.0 0.25 0.9 0.8 0.9 0.95 0.9 0.3 0.7 0.85 0.2 1.0 0.65 0.25 0.95 0.25 0.7 
-0.07672507430863211 0.6796168088815678 0.4526356184557727 0.0 0.65 0.3 0.1 0.75 0.3 1.0 0.45 0.5 0.9 0.95 0.25 1.0 0.35 0.0 0.2 0.75 0.1 1.0 0.7 0.85 1.0 0.8 0.95 0.5 0.95 0.3 0.5 0.85 0.15 0.55 0.75 0.25 0.7 0.75 0.25 
-0.03896124857757846 0.5770310336609531 0.7322665205109874 0.75 0.0 0.95 0.75 0.2 0.65 1.0 0.4 0.4 0.65 0.95 0.15 0.95 0.9 0.95 0.7 0.7 0.15 0.55 1.0 0.65 0.9 0.8 0.9 0.95 0.9 0.3 0.7 0.85 0.2 1.0 0.65 0.25 0.95 0.25 0.7 
-0.5721263943304762 0.43239948813715795 0.32977261898394983 0.3 0.8 0.65 0.0 0.6 0.45 0.95 0.7 0.3 0.75 0.95 0.45 0.65 0.65 0.3 0.65 0.45 0.65 1.0 0.4 0.3 1.0 0.85 0.4 0.75 0.45 0.2 0.95 0.45 0.55 0.9 0.65 0.6 1.0 0.75 0.7 
-2.3669465759537864 0.4389517259568427 0.32611634371310616 0.3 0.1 0.65 0.0 0.6 0.45 0.95 0.7 0.3 0.75 0.95 0.45 0.65 0.65 0.3 0.65 0.6 0.65 1.0 0.4 0.3 1.0 0.85 0.4 0.75 0.45 0.45 0.95 0.45 0.55 1.0 0.65 0.6 1.0 0.75 0.7 
-3.896738116238789 0.39465076986857983 0.7048057551778619 0.85 0.5 0.9 0.45 0.45 0.55 1.0 0.05 0.85 0.55 0.9 0.25 0.95 0.95 0.3 0.9 0.9 0.25 0.9 0.25 0.6 0.95 0.05 0.75 1.0 0.35 0.35 0.15 0.45 0.05 0.9 0.75 0.2 1.0 0.55 0.6 
-0.033130195163041665 0.6014129869708655 0.7262905438414443 0.75 0.0 0.95 0.75 0.2 0.65 1.0 0.4 0.4 0.55 0.95 0.15 0.95 0.9 0.95 0.7 0.7 0.15 0.6 1.0 0.25 0.9 0.8 0.9 0.95 0.9 0.3 0.7 0.85 0.2 1.0 0.65 0.25 0.95 0.25 0.7 
-0.20577098532560775 0.5671773551315229 0.7331345261775255 0.75 0.0 0.95 0.1 0.2 0.65 1.0 0.4 0.4 0.65 0.95 0.15 0.95 0.9 0.95 0.1 0.7 0.2 0.55 1.0 0.8 0.9 0.8 0.9 1.0 0.9 0.3 0.5 0.85 0.2 1.0 0.65 0.25 0.95 0.3 0.75 
-0.07530117714848512 0.7199658393923083 0.6286279048540706 0.55 0.95 0.95 0.3 0.0 0.3 0.9 0.45 0.5 0.85 0.95 0.25 0.95 0.55 0.1 0.65 0.9 0.1 0.8 0.7 0.85 1.0 0.75 0.95 0.95 0.95 0.3 0.5 0.85 0.75 0.8 0.65 0.25 0.7 0.25 0.85 
-0.35312838420831644 0.6694236148070865 0.7142320872124087 0.1 0.35 0.95 0.75 0.2 0.65 1.0 0.4 0.4 0.65 0.95 0.15 0.95 0.9 0.95 0.45 0.0 0.15 0.9 0.25 0.85 0.95 0.8 0.9 0.95 0.95 0.3 0.7 0.85 0.2 1.0 0.65 0.25 0.95 0.25 0.7 
-0.04555876750899958 0.7289591172426123 0.5318990522852216 0.55 0.95 0.95 0.75 0.15 0.3 1.0 0.45 0.5 0.9 0.95 0.25 0.95 0.4 0.6 0.5 0.9 0.1 0.75 0.7 0.85 0.75 0.75 0.95 0.95 0.95 0.3 0.5 0.85 0.75 0.9 0.65 0.25 0.65 0.75 0.85 
-0.15625460315950263 0.5948431141563449 0.752111029039048 0.1 0.35 0.95 0.75 0.25 0.65 1.0 0.4 0.4 0.65 0.95 0.15 0.95 0.15 0.95 0.35 0.55 0.15 0.25 0.25 0.4 0.9 0.8 0.9 0.95 0.95 0.3 0.7 0.85 0.2 1.0 0.65 0.25 1.0 0.25 0.7 
-0.0768109051225918 0.32044119356261624 0.40781269824237004 0.55 0.1 0.65 0.25 0.35 0.05 0.95 0.7 0.25 0.95 0.95 0.4 0.4 0.5 0.65 0.25 0.6 0.9 0.85 0.25 0.25 0.6 0.9 0.8 0.9 0.45 0.35 0.55 0.35 0.25 0.8 0.15 0.0 0.65 0.75 0.8 
-18.51255126525715 0.24980749559169685 0.6513978127940843 0.6 0.6 0.15 1.0 0.6 0.8 1.0 0.8 0.3 0.65 0.95 0.4 0.6 0.3 0.35 0.9 0.8 0.35 0.95 0.25 0.2 0.1 0.6 0.75 0.9 0.5 0.55 0.85 0.35 0.2 0.75 0.7 0.3 0.95 0.55 0.65 
-16.72678386035916 0.3739761244641444 0.7154116350777181 0.2 0.3 0.15 0.35 0.6 1.0 0.85 1.0 0.75 0.95 0.95 0.4 0.45 0.0 0.5 0.15 0.75 0.15 0.95 0.3 0.5 0.15 0.25 0.55 1.0 0.5 0.55 0.65 0.35 0.1 0.95 0.7 0.25 0.95 0.55 0.65 
-0.02521777652350135 0.6288153208089917 0.7364374827855554 0.1 0.35 0.95 0.75 0.2 0.65 1.0 0.4 0.35 0.65 0.95 0.15 0.95 0.9 0.2 0.75 0.0 0.15 0.85 0.25 0.85 0.95 0.8 0.9 0.95 0.95 0.3 0.7 0.85 0.2 1.0 0.65 0.25 1.0 0.25 0.7 
-0.34408779398984274 0.4621356313877257 0.703571216760933 0.85 0.75 0.9 0.45 0.45 0.75 0.7 0.05 0.85 0.55 0.9 0.05 0.65 0.95 0.3 0.9 0.9 0.25 0.9 0.25 0.35 0.95 0.05 0.75 1.0 0.35 0.35 0.15 0.45 0.05 1.0 0.75 0.2 1.0 0.55 0.6 
-7.946652767203195 0.26314840035006803 0.6903222348692112 0.6 1.0 0.15 0.0 0.2 0.0 1.0 0.8 0.3 0.9 0.95 0.4 0.1 0.4 0.35 0.95 0.8 0.15 1.0 0.25 0.15 0.1 0.0 0.15 0.95 0.5 0.55 0.65 0.35 0.15 0.95 0.7 0.3 0.95 0.55 0.65 
-0.030480330510728137 0.33433048925623554 0.3829410669981563 0.3 0.0 1.0 0.95 0.6 0.75 0.95 0.75 0.3 0.8 0.95 0.4 0.85 0.2 0.7 0.3 0.95 0.1 0.5 0.4 0.2 0.05 0.4 0.25 0.85 0.5 0.5 1.0 0.45 0.2 0.85 0.55 0.25 1.0 0.75 0.75 
-0.050601415938981036 0.7375753939957832 0.5545368811257064 0.55 0.95 0.95 0.75 0.15 0.3 1.0 0.45 0.5 0.85 0.95 0.25 0.95 0.7 0.6 0.5 0.9 0.1 0.8 0.7 0.85 1.0 0.75 0.95 0.95 0.95 0.3 0.5 0.85 0.75 0.8 0.65 0.25 0.7 0.75 0.85 
-0.02521196128972647 0.4820039885908243 0.687819301785347 0.85 0.75 0.7 0.45 0.45 0.55 0.85 0.05 0.85 0.55 0.9 0.05 0.65 0.95 0.3 0.9 0.9 0.25 0.9 0.2 0.25 0.95 0.05 0.75 1.0 0.35 0.35 0.15 0.45 0.05 0.9 0.75 0.25 1.0 0.55 0.6 
-0.04657643220072534 0.7086998069159252 0.5829484846172037 0.55 0.95 0.95 0.75 0.15 0.3 1.0 0.45 0.5 0.9 0.95 0.25 0.95 0.8 0.6 0.8 0.9 0.1 0.8 0.7 0.85 0.6 0.75 0.95 0.95 0.95 0.3 0.5 0.85 0.75 0.8 0.65 0.25 0.65 0.25 0.85 
-0.7377303171678498 0.7532624117934541 0.5152256581506102 0.0 0.25 0.95 0.75 0.75 0.3 1.0 0.45 0.5 0.85 0.95 0.25 0.95 0.25 0.75 0.2 0.1 0.1 1.0 0.7 0.85 1.0 0.8 0.95 0.95 0.95 0.3 0.5 0.85 0.65 0.75 0.65 0.25 0.8 0.85 0.6 
-0.42221312247383147 0.7352240674515682 0.6014041078521322 0.55 0.8 0.95 0.75 0.15 0.3 1.0 0.45 0.5 0.9 0.95 0.25 0.95 0.8 0.6 0.5 0.9 0.1 0.75 0.7 0.85 1.0 0.75 0.95 1.0 0.95 0.3 0.5 0.85 0.75 0.8 0.65 0.25 0.7 0.75 0.85 
-0.07230738627468686 0.7391289907494986 0.5225245124346349 0.55 0.95 0.95 0.75 0.15 0.3 1.0 0.45 0.5 0.85 0.95 0.25 0.95 0.7 0.6 0.5 0.9 0.1 0.8 0.7 0.85 1.0 0.75 0.95 0.95 0.95 0.3 0.5 0.85 0.75 0.8 0.65 0.25 0.65 0.8 0.85 
-0.06842174593448594 0.37309385431935316 0.36001954281748716 0.3 0.4 0.7 0.8 0.6 0.65 1.0 0.7 0.3 0.45 0.95 0.45 0.6 0.15 1.0 0.75 0.8 0.65 1.0 0.4 0.25 0.8 0.85 0.4 0.45 0.5 0.6 0.75 0.45 0.35 1.0 0.6 0.65 1.0 0.75 0.65 
-13.19492513333757 0.5554963381783743 0.36146523101589256 0.4 0.6 0.85 0.7 0.1 0.85 0.95 0.4 0.6 0.95 0.95 0.25 0.8 0.3 0.95 0.6 1.0 0.1 1.0 0.15 0.5 0.8 0.9 0.85 0.6 0.5 0.65 0.7 0.45 0.4 0.8 0.65 0.55 0.6 0.75 0.1 
-0.028341818734371443 0.6966681315533344 0.4347763982938202 0.55 0.95 0.95 0.75 0.15 0.3 1.0 0.45 0.5 0.9 0.95 0.25 0.95 0.8 0.6 0.5 0.9 0.1 0.75 0.7 0.85 1.0 0.75 0.95 0.3 0.95 0.3 0.5 0.85 0.75 0.8 0.65 0.25 0.7 0.75 0.85 
-0.005609559444873676 0.7072813061409057 0.47116141064700545 0.55 0.95 0.95 0.75 0.15 0.3 1.0 0.45 0.5 0.9 0.95 0.25 0.95 0.8 0.6 0.5 0.9 0.1 0.75 0.7 0.85 1.0 0.75 0.95 0.25 0.95 0.3 0.5 0.85 0.75 0.8 0.65 0.25 0.7 0.75 0.65 
-0.014797345054010556 0.7257466037393517 0.4882407242705065 0.55 0.95 0.95 0.75 0.15 0.3 1.0 0.4 0.5 0.85 0.95 0.25 0.95 0.7 0.6 0.5 0.9 0.1 0.8 0.7 0.85 1.0 0.75 0.95 0.95 0.95 0.3 0.5 0.85 0.75 0.8 0.65 0.25 0.7 0.75 0.8 
-0.10816888229690483 0.6983708703455418 0.42763036247007846 0.55 0.25 0.95 0.1 0.75 0.3 1.0 0.55 0.7 0.9 0.95 0.25 0.95 0.35 0.0 0.55 0.75 0.1 0.95 0.7 0.85 1.0 0.8 0.95 0.95 0.95 0.3 0.5 0.85 0.55 0.9 0.75 0.25 0.7 0.75 0.2 
-0.15002061632877722 0.6419841221439982 0.7526484820949848 0.1 0.35 0.95 0.75 0.25 0.65 1.0 0.4 0.4 0.65 0.95 0.15 0.95 0.9 0.95 0.35 0.55 0.15 0.8 0.25 0.45 0.9 0.8 0.9 0.9 0.95 0.3 0.7 0.85 0.2 1.0 0.65 0.25 1.0 0.25 0.7 
-0.5085032108544096 0.7425443470945587 0.5744245734791792 0.55 0.95 0.95 0.75 0.15 0.3 1.0 0.4 0.5 0.85 0.95 0.25 0.65 0.7 0.6 0.5 0.9 0.1 0.8 0.7 0.85 1.0 0.75 0.95 0.95 0.95 0.3 0.5 0.85 0.75 0.8 0.6 0.25 0.7 0.75 0.8 
-0.048467298991119345 0.6614244223517782 0.39239422305514227 0.55 0.8 0.9 0.3 0.75 0.3 0.95 0.45 0.7 1.0 0.95 0.25 0.95 0.35 0.0 0.2 0.7 0.1 0.8 0.7 0.85 1.0 0.8 0.95 0.45 0.95 0.3 0.5 0.85 0.1 0.15 0.55 0.15 0.9 0.75 0.25 
-0.014087983928355764 0.7381623157896819 0.496867462658718 0.55 0.65 0.95 0.1 0.75 0.3 1.0 0.45 0.7 0.9 0.95 0.25 0.95 0.35 0.0 0.2 0.75 0.1 0.8 0.7 0.85 1.0 0.8 0.95 0.95 0.95 0.3 0.6 0.85 0.55 0.9 0.75 0.25 0.7 0.75 0.25 
-0.021067956292511358 0.7409358375209765 0.4529921408569575 0.55 0.65 0.45 0.1 0.15 0.3 1.0 0.45 0.5 0.9 0.95 0.25 0.95 0.95 0.0 0.85 0.9 0.95 0.85 0.7 0.85 1.0 0.75 0.95 0.95 0.95 0.3 0.5 0.85 0.75 0.9 0.75 0.25 0.7 0.75 0.25 
-0.22875694483005152 0.6853099761058901 0.43032651549066525 0.55 0.95 0.95 0.75 0.15 0.3 1.0 0.45 0.5 0.9 0.95 0.25 0.95 0.8 0.6 0.5 0.9 0.1 0.75 0.7 0.85 1.0 0.75 0.95 0.25 0.95 0.3 0.5 0.85 0.75 0.8 0.65 0.25 0.7 0.75 0.85 
-0.36379429679694725 0.4514626278374442 0.7070226332661629 0.85 0.75 0.7 0.45 0.45 0.55 0.85 0.05 0.85 0.45 0.9 0.05 0.65 0.95 0.3 0.9 0.9 0.25 0.9 0.2 0.25 0.95 0.05 0.75 1.0 0.35 0.35 0.15 0.45 0.05 0.9 0.75 0.25 1.0 0.55 0.6 
-0.2781254181458252 0.5442583207077959 0.7248722123501117 0.75 0.0 0.95 0.1 0.2 0.65 1.0 0.4 0.4 0.65 0.95 0.15 0.95 0.9 0.95 0.1 0.7 0.2 0.55 1.0 0.3 0.9 0.8 0.9 1.0 0.9 0.3 0.5 0.85 0.2 1.0 0.65 0.25 0.95 0.25 0.7 
-1.525170180344278 0.7090541142990848 0.3928453196268497 0.5 0.15 0.95 0.1 0.15 0.3 1.0 0.45 0.7 0.9 0.95 0.25 0.95 0.35 0.0 0.2 0.75 0.1 0.8 0.7 0.85 1.0 0.8 0.95 0.95 0.95 0.3 0.5 0.85 0.15 0.75 0.75 0.25 0.7 0.75 0.25 
-0.027199079085827357 0.6515612504545555 0.38208017423042795 0.55 0.8 0.9 0.3 0.75 0.3 0.95 0.45 0.7 1.0 0.95 0.25 0.95 0.35 0.0 0.2 0.7 0.1 0.8 0.7 0.85 1.0 0.8 0.95 0.95 0.95 0.3 0.5 0.85 0.1 0.15 0.3 0.15 0.9 0.75 0.25 
-0.08359463369852264 0.7538847916440552 0.46790482744958856 0.55 0.65 0.45 0.1 0.15 0.3 1.0 0.45 0.5 0.85 0.95 0.25 0.95 0.95 0.0 0.85 0.9 0.95 0.85 0.7 0.85 1.0 0.75 0.95 0.95 0.95 0.3 0.5 0.85 0.75 0.9 0.75 0.25 0.7 0.75 0.25 
-0.3188385246122034 0.7335864571137312 0.4407405319481754 0.5 0.15 0.95 0.1 0.15 0.3 1.0 0.45 0.7 0.9 0.95 0.25 0.95 0.35 0.0 0.2 0.75 0.1 0.8 0.7 0.85 1.0 0.8 0.95 0.95 0.95 0.3 0.5 0.85 0.15 0.75 0.75 0.25 0.35 0.75 0.25 
-0.5691192141812268 0.5101000959942988 0.7178984420364233 0.75 0.0 0.95 0.1 0.2 0.65 1.0 0.4 0.4 0.65 0.95 0.15 0.95 0.9 0.95 0.35 0.7 0.8 0.6 1.0 0.25 0.9 0.8 0.9 1.0 0.9 0.3 0.5 0.85 0.2 1.0 0.65 0.25 0.95 0.25 0.7 
-21.591429991652763 0.38268699684020185 0.7300416705710094 0.2 0.3 0.15 0.2 0.6 1.0 0.8 1.0 0.7 0.95 0.95 0.4 0.45 0.8 0.5 0.15 0.75 0.15 0.95 0.3 0.5 0.1 0.2 0.55 1.0 0.5 0.55 0.65 0.35 0.1 0.95 0.7 0.45 0.95 0.55 0.65 
-12.289743404167062 0.2662142797266741 0.6999476857833048 0.6 1.0 0.15 0.0 0.2 0.0 1.0 0.8 0.3 0.9 0.95 0.4 0.1 0.4 0.35 0.95 0.8 0.15 1.0 0.25 0.15 0.1 0.0 0.15 0.95 0.5 0.55 0.65 0.35 0.15 0.95 0.7 0.25 0.95 0.55 0.65 
-4.2341367386042545 0.25099819459533346 0.5463015897071077 0.6 0.6 0.15 1.0 0.6 0.8 1.0 0.8 0.3 0.65 0.95 0.4 0.6 0.3 0.05 0.9 0.8 0.15 0.95 0.25 0.2 0.1 0.55 0.75 0.9 0.5 0.55 0.85 0.35 0.2 0.7 0.5 0.3 1.0 0.55 0.65 
-0.06834610879016757 0.6910659002026784 0.3893662073940973 0.55 0.8 0.9 0.3 0.75 0.15 0.95 0.45 0.7 1.0 0.95 0.25 0.4 0.35 0.0 0.2 0.7 0.1 0.85 0.7 0.85 1.0 0.8 0.95 0.95 0.95 0.3 0.5 0.85 0.1 0.15 0.55 0.15 0.9 0.75 0.25 
-5.0394014497189215 0.7557614772729135 0.4824684104256354 0.55 0.65 0.95 0.1 0.0 0.3 1.0 0.45 0.7 0.9 0.95 0.25 0.95 0.35 0.0 0.2 0.75 0.1 0.8 0.7 0.85 1.0 0.8 0.95 0.95 0.95 0.3 0.6 0.85 0.55 0.9 0.7 0.25 0.7 0.75 0.25 
-0.027312738974324624 0.7402034669797171 0.43137518396883595 0.95 0.65 0.3 0.1 0.75 0.3 1.0 0.45 0.5 0.9 0.95 0.25 0.2 0.35 0.0 0.2 0.75 0.1 1.0 0.7 0.85 1.0 0.8 0.9 0.95 0.95 0.3 0.7 0.85 0.15 0.55 0.75 0.25 0.7 0.75 0.25 
-0.2540715957534307 0.6054434724480906 0.7539965500487271 0.1 0.35 0.95 0.75 0.25 0.6 1.0 0.4 0.4 0.65 0.95 0.15 0.95 0.15 0.95 0.35 0.55 0.15 0.25 0.25 0.4 0.9 0.8 0.9 0.95 0.95 0.3 0.7 0.85 0.2 0.95 0.65 0.25 1.0 0.25 0.7 
-0.01972433677975855 0.7529381825952853 0.5344446660164933 0.55 0.95 0.95 0.75 0.15 0.3 1.0 0.45 0.5 0.85 0.95 0.25 0.95 0.7 0.6 0.5 0.9 0.1 0.8 0.7 0.85 1.0 0.75 0.95 0.95 0.95 0.3 0.5 0.85 0.7 0.8 0.65 0.25 0.65 0.8 0.85 
-0.16963974864198555 0.6351239112814671 0.7505536614771202 0.1 0.35 0.95 0.75 0.25 0.65 1.0 0.4 0.4 0.65 0.95 0.15 0.95 0.9 0.95 0.35 0.55 0.15 0.95 0.25 0.45 0.9 0.8 0.9 0.9 0.95 0.3 0.7 0.85 0.2 1.0 0.65 0.25 1.0 0.25 0.7 
-0.45358749680127436 0.6914097947277701 0.3933401988646249 0.55 0.8 0.9 0.3 0.75 0.3 0.95 0.45 0.7 1.0 0.95 0.25 0.95 0.35 0.0 0.2 0.7 0.1 0.8 0.7 0.85 1.0 0.8 0.95 0.95 0.95 0.3 0.5 0.85 0.1 0.15 0.55 0.15 0.9 0.75 0.25 
-0.5776829619711614 0.6661501157620467 0.7324462965112509 0.1 0.35 0.95 0.75 0.2 0.65 1.0 0.4 0.4 0.65 0.95 0.15 0.95 0.9 0.95 0.75 0.0 0.15 0.85 0.25 0.9 0.95 0.8 0.9 0.95 0.95 0.3 0.7 0.85 0.2 1.0 0.65 0.25 1.0 0.25 0.7 
-6.287857363463424 0.4626125967767662 0.33847092187259437 0.3 0.1 0.65 0.0 0.6 0.45 0.95 0.7 0.3 0.75 0.95 0.45 0.65 0.65 0.3 0.65 0.6 0.65 1.0 0.4 0.3 1.0 0.85 0.4 0.75 0.45 0.8 0.95 0.45 0.55 0.6 0.65 0.6 1.0 0.75 0.7 
-0.10105106949031137 0.7244770042087992 0.6510560235659276 0.55 0.95 0.95 0.75 0.15 0.3 1.0 0.4 0.6 0.85 0.95 0.25 0.95 0.7 0.6 0.5 0.0 0.1 1.0 0.7 0.85 1.0 0.75 0.95 0.95 0.95 0.3 0.5 0.85 0.7 0.9 0.65 0.25 0.7 0.25 0.85 
-1.21132473877704 0.7624236952038228 0.5573879167953655 0.55 0.65 0.25 0.1 0.0 0.3 1.0 0.45 0.7 0.9 0.95 0.25 0.95 0.35 0.0 0.2 0.75 0.1 0.8 0.7 0.85 1.0 0.8 0.95 0.95 0.95 0.3 0.6 0.85 0.55 0.9 0.7 0.25 0.9 0.75 0.25 
-0.07615072323510237 0.7262714224375472 0.6321122279823814 0.55 0.95 0.95 0.75 0.0 0.3 0.9 0.45 0.55 0.85 0.95 0.25 0.95 0.55 0.1 0.65 0.9 0.1 0.8 0.7 0.85 1.0 0.75 0.95 0.95 0.95 0.3 0.5 0.85 0.75 0.8 0.65 0.25 0.7 0.25 0.85 
-2.313898884304171 0.7490417815038664 0.4212041638711795 0.95 0.65 0.3 0.1 0.75 0.3 1.0 0.45 0.5 0.95 0.95 0.25 0.95 0.35 0.0 0.2 0.75 0.1 1.0 0.7 0.85 1.0 0.8 0.95 0.95 0.95 0.3 0.7 0.85 0.15 0.55 0.75 0.25 0.7 0.75 0.25 
-8.193713983210364 0.7557453939613428 0.585536727775082 0.95 1.0 0.35 0.1 0.75 0.3 1.0 0.45 0.5 0.85 0.95 0.25 0.95 0.35 0.25 0.2 0.7 0.1 0.85 0.7 0.85 1.0 0.8 0.95 0.95 0.95 0.3 0.45 0.85 0.15 0.9 0.75 0.25 0.6 0.8 0.25 
-1.645864827868978 0.4285705762845732 0.7164772472944086 0.85 0.75 0.9 0.45 0.85 0.55 0.85 0.05 0.85 0.55 0.9 0.05 0.65 0.95 0.3 0.9 0.9 0.25 0.9 0.25 0.4 0.95 0.05 0.75 1.0 0.35 0.35 0.15 0.45 0.05 0.9 0.75 0.15 1.0 0.55 0.6 
-0.07098521941292747 0.746206026662573 0.611273762496439 0.55 0.95 0.95 0.75 0.15 0.3 1.0 0.45 0.5 0.95 0.95 0.25 0.95 0.4 0.6 0.5 0.9 0.1 0.75 0.7 0.85 1.0 0.75 0.95 0.95 0.95 0.3 0.5 0.85 0.75 0.9 0.65 0.25 0.65 0.75 0.85 
-22.719441098820926 0.3438626554942294 0.7256462398682723 0.2 0.3 0.15 0.2 0.6 1.0 0.8 1.0 0.7 0.85 0.95 0.4 0.45 0.8 0.5 0.15 0.75 0.15 0.95 0.3 0.5 0.1 0.2 0.6 1.0 0.5 0.55 0.65 0.35 0.2 0.95 0.7 0.45 1.0 0.55 0.65 
-17.571656183779655 0.2818387945972173 0.7112957106852763 0.6 1.0 0.15 0.0 0.2 0.1 1.0 0.8 0.3 0.9 0.95 0.4 0.1 0.4 0.35 0.95 0.8 0.15 1.0 0.25 0.15 0.0 0.0 0.15 0.95 0.5 0.55 0.65 0.35 0.15 0.95 0.7 0.25 0.95 0.55 0.65 
-0.2744662032188754 0.5968990167634335 0.7630733592897511 0.1 0.35 0.95 0.75 0.25 0.6 1.0 0.4 0.4 0.65 0.95 0.15 0.95 0.15 0.95 0.35 0.55 0.15 0.25 0.25 0.4 0.9 0.8 0.9 1.0 0.95 0.3 0.7 0.85 0.2 1.0 0.65 0.25 1.0 0.25 0.7 
-5.893729979164381 0.3683356403487775 0.34036414272253074 0.3 0.3 0.65 0.25 0.6 0.45 0.95 0.7 0.3 0.75 0.95 0.45 0.65 0.65 0.25 0.3 0.45 0.75 1.0 0.4 0.3 0.85 0.85 0.4 0.75 0.45 0.3 1.0 0.45 0.55 0.95 1.0 0.95 1.0 0.7 0.7 
-0.7034325480197025 0.6946294315509183 0.6987810607015332 0.55 0.95 0.95 0.75 0.15 0.3 1.0 0.45 0.5 0.85 0.95 0.25 0.15 0.05 0.65 0.5 0.0 0.45 0.95 0.7 0.85 1.0 0.75 0.95 0.95 0.95 0.3 0.5 0.85 0.75 0.95 0.65 0.3 0.65 0.25 0.85 
-0.7545111429035585 0.7642231619083746 0.448690748593322 0.95 0.65 0.3 0.1 0.75 0.3 1.0 0.45 0.5 0.9 0.95 0.25 0.1 0.35 0.0 0.2 0.75 0.1 1.0 0.7 0.85 1.0 0.8 0.95 0.95 0.95 0.3 0.7 0.85 0.15 0.8 0.75 0.25 0.7 0.75 0.25 
-11.395390128170142 0.5245539211288318 0.7424072679014201 0.1 0.35 0.95 0.75 0.25 0.65 1.0 0.4 0.1 0.65 0.95 0.15 0.4 0.15 0.95 0.35 0.2 0.15 0.95 0.25 0.4 0.85 0.8 0.9 0.95 0.95 0.3 0.7 0.85 0.2 1.0 0.65 0.25 1.0 0.25 0.7 
-14.662200990619564 0.30868218334495645 0.38386474871101933 0.8 0.0 0.2 0.0 0.6 1.0 0.95 0.7 0.3 0.9 0.95 0.45 0.4 1.0 0.2 0.45 0.45 0.45 1.0 0.4 0.3 0.85 0.85 0.35 0.95 0.45 0.1 0.95 0.35 0.65 0.85 0.1 0.8 1.0 0.75 0.7 
-25.726860084572795 0.29516424590933654 0.39688544477391047 0.3 0.75 0.65 0.0 0.6 0.45 0.95 0.7 0.3 0.55 0.95 0.45 0.75 1.0 0.2 0.15 0.7 0.6 1.0 0.4 0.3 0.85 0.85 0.4 0.7 0.45 0.15 0.95 0.45 0.5 0.75 0.1 0.85 1.0 0.75 0.7 
-10.504724500613092 0.3342164986465921 0.3661907598061491 0.3 0.75 0.65 0.0 0.6 0.45 0.95 0.7 0.3 0.55 0.95 0.45 0.75 1.0 0.2 0.15 0.9 0.6 1.0 0.4 0.3 0.8 0.85 0.4 0.7 0.45 0.15 0.95 0.45 0.5 0.75 0.65 0.9 1.0 0.75 0.7 
-16.83144906935953 0.32024599235122775 0.36554940785155365 0.8 0.0 0.65 0.7 0.6 0.75 0.95 0.7 0.3 0.9 0.95 0.45 0.4 1.0 0.2 0.45 0.45 0.45 1.0 0.4 0.3 0.85 0.85 0.4 0.7 0.45 0.1 1.0 0.35 0.65 0.95 0.1 0.8 1.0 0.75 0.7 
-6.956243542027813 0.23900690439549216 0.5997850613400313 0.6 0.0 0.4 0.2 0.6 0.0 1.0 0.8 0.5 0.65 0.95 0.4 0.6 0.8 0.35 0.85 0.25 0.35 0.95 0.3 0.1 0.1 0.5 0.45 0.95 0.5 0.55 0.75 0.45 0.2 0.75 0.7 0.2 1.0 0.55 0.65 
-0.7443838428954506 0.7172951921828623 0.6786229632423832 0.55 0.95 0.95 0.75 0.15 0.3 1.0 0.4 0.5 0.85 0.95 0.25 0.9 0.7 0.6 0.5 0.0 0.1 1.0 0.7 0.85 1.0 0.75 0.95 0.95 0.95 0.3 0.5 0.85 0.7 0.95 0.65 0.25 0.7 0.25 0.85 
-41.15157493376241 0.2731919232331439 0.42877808190961597 0.3 0.95 0.55 0.0 0.6 0.15 0.95 0.7 0.3 0.8 0.95 0.45 0.65 0.65 0.2 0.15 0.45 0.6 1.0 0.4 0.3 0.8 0.85 0.4 0.8 0.45 0.15 0.95 0.45 0.55 1.0 0.1 0.65 1.0 0.75 0.7 
-24.420165780821932 0.34000241457352365 0.3316654451929594 0.8 0.0 0.65 0.0 0.4 0.65 0.95 0.7 0.3 0.9 0.95 0.45 0.4 0.45 0.2 0.45 0.55 0.6 1.0 0.4 0.3 0.85 0.85 0.4 0.7 0.45 0.5 0.95 0.45 0.5 0.9 0.1 0.05 1.0 0.75 0.7 
-23.51306336505126 0.34793409675472564 0.3235448169709655 0.8 0.0 0.65 0.0 0.6 0.65 0.95 0.7 0.3 0.9 0.95 0.45 0.4 1.0 0.2 0.45 0.55 0.6 1.0 0.4 0.3 0.85 0.85 0.4 0.7 0.45 0.5 0.95 0.45 0.65 0.9 0.1 0.05 1.0 0.75 0.7 
-20.748918819744492 0.39854568220875036 0.31886488784339806 0.8 0.0 0.65 0.0 0.4 0.65 0.95 0.7 0.3 0.9 0.95 0.45 0.4 0.45 0.2 0.45 0.55 0.6 1.0 0.4 0.3 0.85 0.85 0.4 0.1 0.45 0.5 0.95 0.45 0.5 0.9 0.1 0.05 1.0 0.75 0.7 
-28.21891486026793 0.28825776694421756 0.37447736033817935 0.0 0.35 0.65 0.0 0.6 0.1 0.95 0.7 0.3 0.9 0.95 0.45 0.65 1.0 0.2 0.15 0.45 0.6 1.0 0.4 0.3 0.7 0.85 0.4 0.7 0.45 0.15 0.95 0.45 0.5 0.85 0.1 0.75 1.0 0.75 0.7 
-35.21472298901194 0.274864020065848 0.41103757628171045 0.15 0.35 0.65 0.0 0.6 0.1 0.9 0.7 0.3 0.9 0.95 0.45 0.65 0.55 0.2 0.15 0.15 0.6 1.0 0.4 0.3 0.7 0.85 0.4 0.7 0.45 0.15 0.95 0.45 0.5 0.95 0.1 0.75 1.0 0.75 0.7 
-22.46324933738948 0.36384537820700963 0.32273356789817964 0.3 0.35 0.65 0.25 0.6 0.65 0.95 0.7 0.3 0.9 0.95 0.45 0.65 1.0 0.2 0.15 0.45 0.6 1.0 0.4 0.3 0.85 0.85 0.4 0.35 0.45 0.15 0.95 0.45 0.55 1.0 0.1 0.05 1.0 0.75 0.7 
-2.3736678865022616 0.7055625569957651 0.692075310063287 0.55 0.95 0.95 0.75 0.15 0.3 1.0 0.45 0.5 0.8 0.95 0.25 0.95 0.7 0.65 0.5 0.0 0.1 0.85 0.7 0.85 1.0 0.75 0.95 0.95 0.95 0.3 0.5 0.85 0.7 0.95 0.65 0.25 0.65 0.25 0.85 
-18.898694389947494 0.5360616250111064 0.7513282098670728 0.1 0.35 0.95 0.75 0.25 0.65 1.0 0.4 0.1 0.65 0.95 0.15 0.95 0.9 0.95 0.35 0.2 0.15 0.85 0.25 0.4 0.9 0.8 0.9 0.95 0.95 0.3 0.7 0.85 0.2 1.0 0.65 0.25 1.0 0.25 0.7 
-43.45267474126075 0.27043476746165407 0.45132408195318735 0.3 0.95 0.65 0.0 0.6 0.15 0.95 0.7 0.3 0.9 0.95 0.45 0.65 0.65 0.2 0.15 0.45 0.6 1.0 0.4 0.3 0.8 0.85 0.4 0.8 0.45 0.15 0.95 0.45 0.55 1.0 0.1 0.65 1.0 0.75 0.7 
-37.09374135743096 0.2698978073029016 0.38800187649057327 0.8 0.0 0.65 0.0 0.25 0.75 0.95 0.7 0.3 0.9 0.95 0.45 0.4 1.0 0.2 0.45 0.45 0.85 1.0 0.4 0.3 0.85 0.85 0.4 0.95 0.45 0.1 0.95 0.45 0.65 0.95 0.1 0.8 1.0 0.75 0.7 
-0.24152949972132148 0.7671955981092617 0.5408843852334302 0.0 0.25 0.95 0.75 0.75 0.3 1.0 0.45 0.5 0.85 0.95 0.25 0.95 0.25 0.5 0.2 0.1 0.1 1.0 0.7 0.85 1.0 0.8 0.95 0.95 0.95 0.3 0.6 0.85 0.65 0.75 0.65 0.25 0.8 0.85 0.6 
-9.912636674143537 0.2811646037470793 0.7076972345906415 0.6 1.0 0.15 0.0 0.2 0.1 1.0 0.8 0.3 0.9 0.95 0.4 0.1 0.4 0.35 0.95 0.8 0.15 1.0 0.25 0.15 0.0 0.0 0.15 0.95 0.5 0.55 0.65 0.35 0.15 0.95 0.7 0.25 0.95 0.55 0.65 
-4.176101659549752 0.7257219644837769 0.675091240214791 0.55 0.15 0.95 0.75 0.15 0.3 1.0 0.45 0.5 0.8 0.95 0.25 0.95 0.7 0.65 0.5 0.0 0.1 1.0 0.7 0.85 1.0 0.75 0.95 0.95 0.95 0.3 0.5 0.85 0.7 0.85 0.65 0.25 0.65 0.25 0.85 
-12.530408795723348 0.7745412216266433 0.5110857535541032 0.95 0.65 0.3 0.1 0.75 0.3 1.0 0.45 0.5 0.9 0.95 0.25 0.95 0.35 0.0 0.2 0.75 0.1 1.0 0.7 0.85 1.0 0.8 0.95 0.95 0.95 0.3 0.7 0.85 0.15 1.0 0.75 0.25 0.7 0.75 0.25 
-1.8254025380050678 0.7390389933880885 0.6574347019762331 0.55 0.95 0.95 0.8 0.15 0.3 1.0 0.4 0.5 0.85 0.95 0.25 0.95 0.7 0.6 0.5 0.0 0.1 1.0 0.7 0.85 1.0 0.75 0.95 0.95 0.95 0.3 0.5 0.85 0.7 0.9 0.65 0.25 0.7 0.25 0.8 
-6.759427555176275 0.7474419968281687 0.6408473546819095 0.55 0.95 0.95 0.2 0.15 0.3 1.0 0.45 0.5 0.85 0.95 0.25 0.95 0.7 0.6 0.5 0.0 0.1 1.0 0.7 0.85 1.0 0.75 0.95 0.8 0.95 0.3 0.5 0.85 0.7 0.9 0.65 0.25 0.7 0.25 0.85 
-16.671804613426357 0.501051317502971 0.7403339867391396 0.1 0.35 0.95 0.75 0.25 0.65 1.0 0.4 0.1 0.65 0.95 0.15 0.4 0.15 0.95 0.35 0.2 0.15 1.0 0.25 0.4 0.85 0.8 0.9 1.0 0.95 0.3 0.7 0.85 0.2 1.0 0.65 0.25 1.0 0.25 0.7 
-18.758563554443327 0.6889431263411447 0.7356563557408002 0.55 0.95 0.95 0.75 0.15 0.3 1.0 0.45 0.5 0.85 0.95 0.25 0.15 0.7 0.65 0.5 0.0 0.45 1.0 0.7 0.85 1.0 0.75 0.95 0.95 0.95 0.3 0.5 0.85 0.75 0.95 0.65 0.25 0.65 0.25 0.85 
-0.28205066890156966 0.7706373759840348 0.4519052162603926 0.95 0.65 0.3 0.1 0.75 0.3 1.0 0.45 0.5 0.95 0.95 0.25 0.95 0.35 0.0 0.2 0.75 0.1 1.0 0.7 0.85 1.0 0.8 0.95 0.95 0.95 0.3 0.7 0.85 0.15 1.0 0.75 0.25 0.7 0.75 0.25 
-33.213189921875944 0.2833311492007061 0.37208638655526116 0.3 0.95 0.55 0.0 0.6 0.15 0.95 0.7 0.3 0.8 0.95 0.45 0.65 0.65 0.2 0.15 0.45 0.6 1.0 0.4 0.3 0.8 0.85 0.4 0.8 0.45 0.1 0.95 0.45 0.55 0.85 0.1 0.65 1.0 0.75 0.7 
-11.616560809949245 0.7036740797800705 0.7172804771158395 0.55 0.95 0.95 0.75 0.15 0.3 1.0 0.45 0.5 0.8 0.95 0.25 0.95 0.7 0.65 0.5 0.0 0.1 1.0 0.7 0.85 1.0 0.75 0.95 0.95 0.95 0.3 0.5 0.85 0.7 0.95 0.65 0.25 0.65 0.25 0.85 
