-0.0017154235455382105 0.5154971102138783 0.5190349292513767 0.6 0.5 0.25 1.0 0.4 0.8 0.85 0.05 0.3 0.95 0.05 1.0 0.5 0.7 0.65 0.75 0.45 0.3 0.9 0.95 0.75 0.55 0.65 0.1 1.0 0.1 0.3 0.85 0.7 0.8 0.7 0.65 0.6 0.7 0.45 0.95 
-0.00034733585437885325 0.47023135820268536 0.48887637504750225 0.45 0.05 1.0 0.25 0.1 0.15 0.9 0.95 0.65 0.75 0.2 0.2 0.1 0.1 0.2 0.45 0.75 1.0 0.9 0.7 0.1 0.7 0.7 0.3 0.6 0.4 0.0 0.0 0.55 0.5 0.4 0.95 0.15 0.95 0.6 0.65 
-0.0015911347238970269 0.515677566346808 0.4999057766391074 0.35 0.85 0.7 0.55 0.75 0.1 0.15 0.5 1.0 0.75 0.5 0.2 0.0 1.0 0.25 0.0 0.95 0.7 0.95 0.05 0.05 0.0 0.25 0.55 0.25 0.55 0.75 0.45 0.85 0.45 0.9 0.35 0.35 0.45 0.45 0.2 
-0.007108670376325158 0.4791069615812211 0.4957189748016474 0.45 0.15 0.0 0.25 0.1 0.2 0.9 0.95 0.7 0.65 1.0 0.2 0.4 0.1 0.2 0.55 0.75 0.95 0.1 1.0 0.9 0.25 0.5 0.3 0.1 0.4 0.95 0.0 0.4 0.05 0.95 0.95 0.8 0.55 0.6 1.0 
-0.06920712862688896 0.5165464620099879 0.5286049665082214 0.6 0.5 0.25 1.0 0.4 0.8 0.85 0.05 0.3 0.95 0.05 1.0 0.5 0.7 0.65 0.75 0.45 0.3 0.9 0.95 0.75 0.55 0.8 0.1 1.0 0.1 0.3 0.85 0.7 0.8 0.7 0.65 0.6 0.7 0.45 0.95 
-0.001749045701221733 0.4732849911109983 0.48271191861538343 0.8 0.1 0.75 0.6 0.8 0.2 1.0 0.75 0.6 0.35 0.0 0.8 0.1 0.55 1.0 0.8 1.0 0.9 0.4 0.1 0.15 0.3 0.1 0.05 0.6 0.4 0.0 0.05 0.55 0.95 0.0 0.85 0.65 0.25 0.15 0.05 
-0.08164849687109454 0.4796660299770782 0.5328004040949789 0.6 0.2 0.6 0.0 1.0 0.7 0.05 0.85 0.85 0.65 0.3 0.45 0.35 0.35 0.7 0.75 0.1 0.6 0.3 0.25 0.75 0.5 0.85 0.5 0.7 0.4 0.3 0.9 0.25 0.35 0.95 0.15 0.6 0.95 0.85 0.3 
-0.003997254331903391 0.5353807414031537 0.49465729987340196 0.15 0.95 0.8 0.25 0.9 0.5 1.0 0.4 0.7 1.0 0.85 0.55 0.2 0.75 0.15 0.65 0.3 0.4 0.25 0.55 0.4 0.45 0.95 0.15 0.1 0.5 0.5 0.35 0.9 0.15 0.65 0.65 0.2 0.95 0.8 0.4 
-0.000726477595985194 0.5740818018924624 0.480840862060597 0.15 0.3 0.05 0.65 0.3 0.35 1.0 0.45 0.7 0.75 0.1 0.4 0.35 0.6 0.65 0.65 0.9 0.5 0.75 0.2 0.45 1.0 0.25 0.15 0.1 0.65 0.75 0.6 0.1 0.2 0.9 0.25 0.2 0.7 0.8 0.0 
-0.005452572772176835 0.5444598340870861 0.5050869123466152 0.15 0.1 0.35 0.75 0.25 0.5 0.35 0.25 0.5 0.6 0.65 0.25 0.45 0.25 0.45 0.9 1.0 0.6 0.2 0.2 0.75 0.85 0.05 0.95 0.45 0.05 0.3 0.35 0.0 0.6 1.0 0.1 0.9 0.4 0.95 0.35 
-0.00029152088336558194 0.46400019647126317 0.4705362284807666 0.45 0.15 0.0 0.25 0.1 0.75 0.9 0.95 0.35 0.65 0.9 0.2 0.1 0.1 0.2 0.55 0.75 0.5 1.0 0.3 0.2 0.7 0.5 0.3 0.95 0.4 0.0 0.0 0.4 0.05 0.95 0.95 0.8 0.95 0.6 0.65 
-0.008125599688194835 0.47984508003955634 0.44304693312236965 0.6 0.75 0.7 0.8 0.85 0.4 0.95 0.95 0.55 0.75 0.9 0.25 0.35 0.0 0.7 0.95 0.0 0.0 0.35 0.35 0.0 0.15 0.1 0.5 1.0 0.95 0.75 0.15 0.2 0.6 0.05 0.95 0.15 0.95 0.45 0.6 
-0.0007794027556702348 0.5537025637360933 0.46120155554840897 0.45 0.15 0.1 0.4 0.55 0.1 1.0 0.25 0.5 0.6 0.8 0.4 0.9 0.75 0.45 0.3 0.9 0.6 0.7 0.55 0.95 1.0 0.05 0.25 0.4 0.1 0.3 0.5 0.15 0.45 0.65 0.1 0.85 0.9 0.95 0.3 
-0.0012330078872239603 0.5286053230484321 0.4948904673997263 0.15 0.95 0.8 0.25 0.9 0.5 1.0 0.4 0.7 1.0 0.85 0.55 0.2 0.75 0.15 0.65 0.3 0.1 0.25 0.55 0.4 0.45 0.3 0.15 0.5 0.5 0.5 0.35 0.9 0.15 0.65 0.65 0.2 0.95 0.8 0.4 
-0.00610397537826435 0.5191228850988339 0.47958063172638316 0.3 0.85 0.35 1.0 0.9 0.8 0.5 0.1 0.4 0.75 0.65 0.3 0.5 0.25 0.5 0.35 0.35 0.15 0.4 0.2 0.75 0.95 0.25 0.25 1.0 0.05 0.4 0.45 0.45 0.05 0.9 0.05 0.9 0.4 0.15 0.85 
-0.01563609044017784 0.46648022065137934 0.4574607736266554 0.8 0.45 0.35 0.25 0.5 0.2 0.95 0.9 0.6 0.75 0.9 0.2 1.0 0.15 0.2 0.75 1.0 0.5 0.25 0.3 0.35 0.1 0.75 0.2 1.0 0.05 1.0 0.15 0.6 0.1 0.85 0.9 0.15 0.4 0.45 0.35 
-0.04507485260849859 0.5115892961767523 0.460969079071806 0.7 0.9 0.8 0.65 0.9 0.0 1.0 0.45 0.7 1.0 0.1 0.55 0.35 0.35 0.55 0.65 0.25 0.5 0.8 0.7 0.25 0.55 0.25 0.2 0.25 0.3 0.8 0.45 0.05 0.15 0.9 0.65 0.9 0.5 0.8 0.15 
-0.0027124433085317337 0.531305226046216 0.5168887164890253 0.7 0.05 0.35 1.0 0.25 0.8 0.95 0.1 0.0 0.65 0.55 0.3 0.6 0.25 0.25 0.35 1.0 0.15 0.85 0.2 0.5 0.6 0.25 0.1 1.0 0.05 0.1 0.3 0.45 0.8 0.9 0.1 0.9 0.4 0.15 0.85 
-0.012351535721761332 0.5031747531827011 0.4415631901930254 0.0 0.3 0.05 0.45 0.15 0.6 1.0 0.4 0.7 0.35 0.1 0.55 0.6 0.25 0.2 0.75 0.3 0.0 1.0 0.65 0.45 0.85 0.25 0.15 0.85 0.05 0.5 0.8 0.0 0.2 1.0 0.05 0.95 0.7 0.55 0.0 
-3.071212617370677e-05 0.45950286879900587 0.5192868722769328 0.45 0.3 1.0 0.65 0.1 0.75 0.9 0.35 0.35 0.95 0.9 0.2 0.1 0.1 0.2 0.0 0.45 0.8 0.9 0.3 0.55 0.7 0.7 0.3 0.9 0.4 0.0 0.0 0.75 0.05 0.7 0.8 0.45 0.7 0.6 0.65 
-0.007066634137059529 0.5255820333326092 0.44535104193895747 0.15 0.95 0.8 0.6 0.9 0.35 1.0 0.4 0.8 1.0 0.1 0.55 0.35 0.95 0.2 0.75 0.6 0.0 0.75 0.65 0.5 0.45 0.25 0.15 0.05 0.4 0.5 0.45 0.0 0.2 0.65 0.65 0.95 0.3 0.55 0.1 
-0.0001546838997319925 0.43611096499052987 0.5234679387870087 0.45 0.15 1.0 0.25 0.2 0.2 0.95 0.95 0.35 0.3 0.9 0.2 0.4 0.3 1.0 0.35 0.45 0.5 0.8 0.3 0.6 0.7 0.65 0.3 0.8 0.25 0.0 0.15 0.25 0.05 0.7 0.85 0.8 0.85 0.6 0.65 
-0.0010912476389660513 0.5498788343938251 0.5592827803606699 0.7 0.05 0.35 1.0 0.25 0.8 0.95 0.1 0.0 0.65 0.55 0.3 0.75 0.25 0.25 0.35 1.0 0.15 0.85 0.2 0.75 0.6 0.25 0.1 1.0 0.05 0.1 0.2 0.15 0.6 0.9 0.1 0.9 0.4 0.15 0.85 
-0.00837214791570511 0.44921025746542764 0.4970479237279684 0.45 0.9 0.7 0.6 0.6 0.7 0.95 0.95 0.35 0.95 0.9 0.8 0.1 0.2 0.2 0.35 0.65 0.55 1.0 0.35 0.65 0.7 0.7 0.3 1.0 0.15 0.2 0.15 0.7 0.4 1.0 0.85 0.85 0.95 0.2 0.3 
-0.017637947535841622 0.581023298891043 0.5282783632556339 0.05 0.15 0.05 0.8 0.5 0.2 0.95 0.45 0.6 0.75 0.9 0.2 0.65 0.15 0.2 0.75 1.0 0.45 0.85 0.3 0.2 0.15 0.05 0.35 1.0 0.2 0.95 0.15 0.5 0.1 0.85 0.5 0.35 0.95 0.45 0.65 
-0.022906838616151854 0.5107623687813403 0.5617445992484177 0.6 0.35 0.45 1.0 0.55 0.1 1.0 0.95 0.85 0.85 0.65 0.75 0.5 0.7 0.65 0.9 0.35 0.9 0.95 0.95 0.75 0.65 0.8 0.6 0.9 0.1 0.3 0.95 0.7 0.8 1.0 0.65 0.65 0.7 0.95 0.95 
-0.001302560064923289 0.437520248147578 0.4814577767178917 0.8 1.0 0.75 0.7 0.8 0.5 1.0 0.75 0.6 0.3 0.0 0.8 0.1 0.55 1.0 0.8 0.75 0.3 0.95 0.1 0.15 0.35 0.1 0.05 0.6 0.75 0.3 0.9 0.55 0.95 0.0 0.05 0.65 0.25 0.15 0.05 
-0.02106033340181218 0.5235361289084324 0.5476209218300889 0.05 0.85 0.35 0.25 0.4 0.75 0.9 0.4 0.35 0.6 0.65 0.4 0.95 0.75 0.45 0.7 0.4 0.6 0.6 0.15 0.75 0.85 0.25 0.25 1.0 0.95 0.25 0.25 0.45 0.6 1.0 0.1 0.85 0.4 0.95 0.75 
-0.0015178520333580198 0.5517286224475816 0.5192160446946785 0.3 0.05 0.35 0.75 0.25 0.8 0.2 0.95 0.5 0.6 0.65 0.3 0.45 0.25 0.45 0.55 1.0 0.0 0.85 0.2 0.55 0.4 0.25 0.25 0.95 0.05 0.4 0.2 0.45 0.5 0.4 0.1 0.9 0.1 0.15 0.3 
-0.0014086165563622038 0.48246207818971637 0.5490055920423463 0.6 0.2 0.6 0.0 1.0 0.7 0.15 0.85 0.85 0.65 0.3 0.45 0.35 0.35 0.7 0.75 0.1 0.6 0.3 0.25 0.55 0.5 0.85 0.5 0.7 0.4 0.3 0.9 0.25 0.35 0.95 0.15 0.5 0.95 0.85 0.3 
-0.002903618147977517 0.5601944461712579 0.561345160562703 0.0 0.2 0.35 0.75 0.25 0.8 0.95 0.75 0.15 0.5 0.25 0.3 0.45 0.25 0.45 0.5 1.0 1.0 0.95 0.2 0.75 0.7 0.25 0.25 1.0 0.05 0.4 0.25 0.25 0.5 0.7 0.1 0.9 0.4 0.15 0.9 
-0.000366401215206852 0.4016563190140234 0.5254277580463154 0.45 0.15 0.0 0.65 0.1 0.75 0.9 1.0 0.35 0.75 0.9 0.2 0.7 0.1 0.2 0.0 0.95 0.25 0.9 0.3 0.65 0.7 0.7 0.3 0.4 0.4 0.9 0.0 0.4 0.05 0.55 0.8 0.45 0.95 0.6 0.65 
-0.010901712576521646 0.5786321580717582 0.5045614789050187 0.3 0.3 0.35 0.2 0.25 0.5 1.0 0.25 0.5 0.4 0.65 0.35 0.3 0.75 0.45 0.8 0.0 0.6 1.0 0.7 0.75 0.95 0.25 0.25 1.0 1.0 0.8 0.35 0.4 0.6 1.0 0.1 0.85 0.7 0.0 1.0 
-0.010605063986062748 0.41909340008167417 0.5303573214319881 0.45 0.15 1.0 0.25 0.2 0.2 0.95 0.95 0.35 0.3 0.9 0.2 0.4 0.3 1.0 0.35 0.45 0.5 0.8 0.3 0.6 0.7 0.65 0.3 0.8 0.5 0.0 0.15 0.7 0.05 0.7 0.85 0.8 0.95 0.6 0.65 
-4.436338000413295e-06 0.4439705987775008 0.4547728460793543 0.85 0.3 0.6 0.25 0.5 0.45 0.95 0.9 0.3 0.95 0.9 0.3 0.45 0.9 0.55 0.0 1.0 0.35 0.85 0.5 0.35 0.95 0.8 0.2 0.8 0.75 1.0 0.15 0.35 0.05 0.7 0.9 0.75 0.8 0.45 0.65 
-0.004404190010519433 0.4503991585013053 0.5378919052358612 0.1 0.65 1.0 0.65 0.8 0.75 0.9 1.0 0.35 0.95 0.9 0.2 0.15 0.1 0.2 0.65 0.45 1.0 0.85 0.3 0.25 0.25 0.7 0.35 0.55 0.4 0.0 0.0 0.0 0.05 1.0 0.8 0.45 0.95 0.6 0.7 
-0.012613461430336799 0.5315033926889465 0.5795447508028653 0.6 0.5 0.25 1.0 0.45 0.8 0.75 0.05 0.2 0.85 0.0 1.0 0.5 0.7 0.65 0.95 0.65 0.3 0.9 0.95 0.75 0.55 0.8 0.6 1.0 0.1 0.3 0.85 0.7 0.8 0.1 0.75 0.6 0.7 0.45 0.95 
-0.008265872076032325 0.5401418298251903 0.4403594209523322 0.15 0.95 0.8 0.6 0.9 0.35 1.0 0.4 0.8 1.0 0.1 0.55 0.35 0.95 0.2 0.75 0.6 0.0 0.75 0.65 0.5 0.45 0.25 0.15 0.05 0.7 0.5 0.45 0.0 0.2 0.65 0.65 0.95 0.3 0.05 0.1 
-0.0005235282634731654 0.4216787531486577 0.4896839304027556 1.0 0.3 0.35 0.25 0.5 0.4 0.95 0.9 0.3 0.75 0.9 0.2 0.45 0.15 1.0 0.75 1.0 0.45 0.85 0.3 0.35 0.75 0.8 0.4 1.0 0.05 0.45 0.15 0.7 0.1 0.85 0.9 0.5 1.0 0.3 0.65 
-0.004540348585256297 0.39211694498491634 0.49221430447201786 0.45 0.15 0.0 0.25 0.1 0.2 0.9 0.95 0.7 0.95 1.0 0.35 0.4 0.1 0.05 0.55 0.5 0.3 0.85 1.0 0.9 0.25 0.5 0.1 0.1 0.4 0.5 0.0 0.4 0.05 0.95 0.95 0.8 0.95 0.6 0.65 
-0.0021688315999447297 0.4929034864251617 0.42238573519270417 0.6 0.15 0.05 0.0 0.35 0.2 0.95 0.95 0.55 0.75 0.9 0.2 0.75 0.0 0.45 0.95 0.0 0.5 0.55 0.35 0.0 0.8 0.8 0.5 1.0 0.3 0.95 0.15 0.95 0.6 0.6 0.0 0.15 0.9 0.45 0.65 
-0.021374696773256333 0.46856859471796297 0.4376179659387584 1.0 0.85 0.35 0.25 0.5 0.2 0.95 0.9 0.6 0.75 0.9 0.2 1.0 0.15 0.2 0.75 0.6 0.5 0.05 0.95 0.35 0.1 0.8 0.2 0.75 0.05 1.0 0.15 0.5 0.1 0.85 0.9 0.15 0.95 0.45 0.65 
-0.003707007404126773 0.5935665644351913 0.5343879396432216 0.05 0.85 0.35 0.7 0.4 0.75 0.9 0.4 0.35 0.6 0.65 0.25 0.95 0.75 0.45 0.7 0.4 0.6 0.95 0.15 0.75 0.8 0.25 0.25 1.0 0.95 0.6 0.25 0.45 0.6 1.0 0.1 0.85 0.4 0.95 0.75 
-0.008562680084051774 0.5721381042268708 0.4589440544228186 0.15 0.15 0.8 0.6 0.9 0.35 1.0 0.4 0.8 1.0 0.1 0.55 0.35 0.95 0.2 0.75 0.6 0.0 0.75 0.25 0.5 0.45 0.25 0.15 0.05 0.4 0.5 0.45 0.0 0.2 0.65 0.65 0.95 0.3 0.05 0.1 
-0.0015241760728099342 0.5358841454302752 0.4405966848621618 0.15 0.95 0.8 0.6 0.9 0.35 1.0 0.4 0.8 1.0 0.1 0.55 0.35 0.95 0.85 0.75 0.6 0.0 0.75 0.65 0.5 0.45 0.25 0.15 0.0 0.7 0.5 0.45 0.0 0.2 0.65 0.65 0.95 0.3 0.05 0.1 
-0.0007510651182030998 0.5743433474393116 0.4510211532101864 0.0 0.95 0.8 0.5 0.95 0.15 1.0 0.4 0.8 0.6 0.1 0.55 0.7 0.55 0.55 0.35 0.6 0.0 0.75 0.5 0.5 0.85 0.25 0.15 0.0 0.4 0.5 0.75 0.0 0.8 0.0 0.25 0.3 0.55 0.95 0.1 
-0.008609402445382823 0.41078962114039724 0.4713975160072969 0.45 0.95 0.55 0.25 0.1 0.7 0.85 0.95 0.35 0.65 0.9 0.2 0.1 0.7 0.2 0.55 0.45 0.5 0.75 0.3 0.2 0.7 0.7 0.3 0.95 0.4 0.0 0.65 0.4 0.05 0.35 0.95 0.8 1.0 0.6 0.65 
-0.0001827295017610646 0.6067703541113596 0.49583700703385525 0.3 0.15 0.35 0.2 0.45 0.6 0.85 0.25 0.6 0.6 0.65 0.3 0.05 0.75 0.0 0.8 0.6 0.2 0.95 0.7 0.75 0.85 0.6 0.25 0.8 0.05 0.05 0.45 0.45 0.6 1.0 0.05 0.9 0.3 0.95 0.35 
-0.007328244038329527 0.580624613971537 0.4930482068701391 0.15 0.95 0.25 0.65 0.3 0.35 1.0 0.45 0.7 0.75 0.1 0.4 0.35 0.6 0.65 0.65 0.1 0.5 0.75 0.2 0.45 1.0 0.25 0.15 0.9 0.5 0.75 0.6 0.1 0.25 0.9 0.25 0.2 0.7 0.8 0.0 
-0.0017842337251103837 0.477926579372178 0.5771306538647312 0.4 0.75 0.05 0.9 0.15 0.55 0.5 0.5 0.0 0.1 0.25 1.0 0.8 0.3 0.65 0.95 0.05 0.35 0.85 0.35 0.85 0.45 0.8 0.45 0.95 0.35 0.4 0.6 0.7 0.2 0.95 0.65 0.6 0.55 0.35 0.05 
-0.008274167000241946 0.4314943498660201 0.4275684557217335 1.0 0.3 0.55 0.25 0.5 0.5 0.95 0.95 0.3 0.75 0.9 0.2 0.65 0.8 1.0 0.5 0.4 0.45 1.0 0.3 0.35 0.85 0.8 0.2 0.95 0.5 0.95 0.05 0.1 0.95 0.7 0.5 0.75 0.95 0.45 0.65 
-0.025295288640784494 0.4568790401054375 0.4179352405631165 1.0 0.85 0.35 0.25 0.5 0.2 0.95 0.9 0.6 0.75 0.9 0.2 1.0 0.15 0.2 0.75 1.0 0.5 0.35 0.05 0.35 0.1 0.8 0.2 1.0 0.05 1.0 0.15 0.5 0.1 0.85 0.9 0.15 0.95 0.45 0.65 
-0.0007251237850882698 0.45636152980189965 0.5665228771112668 0.45 0.15 1.0 0.65 0.75 0.7 0.9 0.0 0.35 0.75 0.9 0.2 0.55 0.1 0.2 0.0 0.25 0.0 0.9 0.25 0.15 0.7 0.75 0.3 0.9 1.0 0.0 0.1 0.2 0.05 1.0 0.8 0.45 0.95 0.6 0.3 
-0.005688264405618778 0.4050984293650616 0.46786929184283066 0.7 0.3 0.25 0.25 1.0 0.5 0.95 0.9 0.3 0.9 0.9 0.2 0.9 0.15 0.55 0.75 1.0 0.45 0.85 0.3 0.35 0.85 0.8 0.2 0.75 0.65 0.15 0.15 0.35 0.55 0.15 0.9 0.75 0.95 0.45 0.65 
-0.003963554016611567 0.5922028505439811 0.4720703804351855 0.15 0.95 0.8 0.05 0.9 0.35 1.0 0.4 0.7 1.0 0.1 0.4 0.35 0.95 0.7 0.65 0.3 0.65 0.65 0.55 0.45 0.65 0.25 0.15 0.5 0.9 0.5 0.45 0.55 0.15 0.15 0.1 0.95 0.7 0.8 0.05 
-0.002609021767546173 0.5734834533469988 0.5698243707438088 0.3 0.05 0.35 0.75 0.25 0.8 0.2 0.95 0.15 0.5 0.65 0.3 0.5 0.25 0.45 0.5 1.0 1.0 0.95 0.2 0.75 0.3 0.25 0.25 0.95 0.05 0.4 0.25 0.45 0.5 0.9 0.1 0.9 0.85 0.15 0.9 
-0.0026979628177315794 0.5585611774410737 0.5632902614873138 0.3 0.85 0.35 0.2 0.25 0.65 0.0 0.25 0.5 0.4 0.65 0.35 0.45 0.75 0.45 0.8 1.0 0.6 0.95 0.2 0.65 0.8 0.25 0.25 0.7 0.05 0.2 0.1 0.45 0.6 1.0 0.1 0.85 0.4 0.95 0.45 
-0.006941772113786693 0.5974453000517973 0.566777122875291 0.3 0.15 0.35 0.65 0.0 0.5 1.0 0.25 0.85 0.6 0.85 0.25 0.4 0.75 0.45 0.3 1.0 0.6 0.6 0.55 0.75 0.9 0.25 0.35 0.7 0.6 0.4 0.5 0.15 0.6 1.0 0.1 0.65 1.0 0.95 0.3 
-0.03341021145965764 0.4408043106180576 0.4387988208096191 1.0 0.85 0.35 0.25 0.5 0.2 0.95 0.9 0.6 0.75 0.9 0.2 1.0 0.15 0.2 0.75 1.0 0.5 0.35 0.05 0.35 0.1 0.8 0.2 1.0 0.05 1.0 0.05 0.7 0.1 0.85 0.2 0.15 0.95 0.45 0.65 
-0.018308576638097814 0.36360166035952346 0.5861089459109885 0.45 0.15 0.4 0.65 0.75 0.7 0.9 0.0 0.35 0.75 0.9 0.2 0.55 0.1 0.55 0.0 0.45 0.9 0.9 0.25 0.15 0.85 0.75 0.3 0.7 0.4 0.0 0.0 0.4 0.05 1.0 0.8 0.45 0.95 0.6 0.65 
-0.020643745836047143 0.5779723361769915 0.43576211963495404 0.0 0.95 0.8 0.35 0.95 0.55 1.0 0.4 0.7 0.6 0.1 0.55 0.35 0.95 0.55 0.75 0.6 0.0 0.95 0.5 0.5 0.85 0.25 0.15 0.0 0.4 0.5 0.5 0.0 0.8 0.0 0.25 0.3 0.55 0.55 0.1 
-0.004174467027982235 0.4132851653565 0.5865609208385176 0.6 0.2 0.6 0.35 1.0 0.7 0.9 0.35 0.45 0.85 0.35 0.45 0.35 0.55 0.25 1.0 0.1 0.6 0.15 0.25 0.55 0.65 1.0 0.5 0.7 0.6 0.3 0.9 0.85 0.35 0.95 0.15 0.5 0.95 0.85 0.45 
-0.0048064322406838065 0.5748985251386204 0.4288073054575851 0.0 0.95 0.8 0.35 0.95 0.15 1.0 0.4 0.7 0.6 0.1 0.55 0.7 0.95 0.55 0.75 0.6 0.0 0.75 0.5 0.5 0.85 0.25 0.15 0.0 0.4 0.5 0.5 0.0 0.8 0.0 0.25 0.3 0.55 0.55 0.1 
-0.011290526164676773 0.518191661767049 0.5873074959065784 0.6 0.5 0.25 1.0 0.4 0.8 0.85 0.05 0.3 0.95 0.85 1.0 0.5 0.7 0.65 0.75 0.45 0.3 0.9 0.95 0.75 0.55 0.8 0.6 1.0 0.1 0.3 0.85 0.7 0.8 0.7 0.65 0.6 0.7 0.4 0.95 
-0.007336343460072625 0.4031112788407902 0.5796387118842888 0.6 0.2 0.6 0.35 1.0 0.7 0.9 0.35 0.45 0.3 0.35 0.45 0.35 0.55 0.25 1.0 0.1 0.6 0.95 0.25 0.55 0.65 1.0 0.5 0.7 0.6 0.3 0.35 0.85 0.35 0.95 0.15 0.5 0.95 0.85 0.45 
-0.013680232377933125 0.3993229838314882 0.5839367802043652 0.6 0.2 0.6 0.35 0.45 0.7 0.9 0.35 0.45 0.3 0.35 0.45 0.35 0.55 0.25 1.0 0.1 0.6 0.95 0.25 0.55 0.65 1.0 0.5 0.7 0.6 0.3 0.35 0.85 0.35 0.95 0.15 0.45 0.95 0.85 0.45 
-0.004133488568265603 0.3738269553143773 0.535887737919432 0.45 0.15 1.0 0.25 0.6 0.75 0.95 0.95 0.35 0.8 0.9 0.2 0.1 0.1 0.2 0.35 0.35 0.8 0.9 0.35 0.5 0.7 0.7 0.3 0.8 0.4 0.55 0.0 0.7 0.15 0.85 0.2 0.5 0.95 0.6 0.65 
-0.00024000608323600185 0.42402236052442843 0.560308457171504 1.0 0.3 0.35 0.25 0.5 0.15 0.95 0.9 0.3 0.75 0.15 0.2 0.45 0.15 1.0 0.75 1.0 0.15 0.85 0.25 0.35 0.85 0.8 0.2 1.0 0.05 0.45 0.15 0.05 0.55 0.85 0.9 0.75 0.95 0.45 0.65 
-0.0009755311980904977 0.6072358031580456 0.528484377493875 0.0 0.75 0.35 0.2 0.5 0.1 1.0 0.25 0.45 0.85 0.8 0.25 0.7 0.75 0.45 0.85 1.0 0.6 0.85 0.2 0.8 0.9 0.0 0.25 0.7 0.1 0.3 0.4 0.5 0.6 1.0 0.1 0.85 0.6 0.0 0.3 
-0.00895648818206325 0.3811591024111381 0.5594968218753692 0.0 0.7 1.0 0.65 0.1 0.75 0.9 1.0 0.35 0.75 0.9 0.2 0.15 0.1 0.2 0.65 0.45 1.0 0.85 0.3 0.65 0.7 0.7 0.35 0.55 0.4 0.0 0.0 0.0 0.05 1.0 0.65 0.85 0.95 0.8 0.75 
-0.006722243777126422 0.37981807538976614 0.5233124102289056 0.45 0.15 1.0 0.7 0.05 0.65 0.95 0.95 0.35 0.75 0.9 0.25 0.6 0.85 0.0 0.35 0.45 0.5 0.8 0.3 0.6 0.7 0.65 0.3 0.65 0.1 0.05 0.15 0.7 0.05 0.55 0.85 0.65 0.05 0.6 0.65 
-0.0011511268948058368 0.4744321019272747 0.41479601911490205 0.8 0.85 0.35 0.65 0.5 0.2 0.95 0.9 0.6 0.75 0.9 0.2 0.95 0.15 0.2 0.75 1.0 0.15 0.25 0.3 0.1 0.1 0.65 0.2 1.0 0.05 1.0 0.15 0.2 0.1 0.85 0.9 0.15 0.95 0.45 0.6 
-0.004949166397281082 0.6133750707272777 0.5517910802570619 0.3 0.1 0.35 0.75 0.25 0.5 0.35 0.55 0.5 0.6 0.8 0.25 0.45 0.25 0.45 0.9 1.0 0.6 0.9 0.2 0.75 0.85 0.25 0.25 0.45 0.05 0.3 0.6 0.55 0.6 1.0 0.1 0.9 0.4 0.95 0.35 
-0.00830224148142689 0.3808454448674543 0.5342447545018774 0.45 0.15 0.7 0.65 0.55 0.1 0.95 0.95 0.65 0.95 0.9 0.2 0.1 0.2 0.2 0.35 0.2 0.55 0.85 0.35 0.45 0.7 0.65 0.5 0.75 0.4 0.0 0.0 0.7 0.5 0.95 0.85 0.35 0.95 0.6 0.65 
-0.0037508146845699687 0.4892243725720143 0.5716680575554118 0.6 0.5 0.6 0.85 1.0 0.7 0.8 0.15 0.2 0.65 0.35 0.5 0.35 0.55 0.9 0.7 0.4 0.6 0.8 0.3 0.85 0.5 0.85 0.5 1.0 0.4 0.3 0.6 0.85 0.35 0.05 0.15 0.4 0.7 0.85 0.3 
-0.036891707637231944 0.3911374633721427 0.5000299990318019 0.45 0.15 1.0 0.65 0.55 0.75 0.95 0.95 0.65 0.95 0.9 0.2 0.1 0.2 0.2 0.35 0.2 0.55 0.55 0.35 0.6 0.7 0.7 0.5 0.65 0.4 0.0 0.0 0.7 0.5 0.95 0.85 0.35 0.95 0.6 0.65 
-0.0007837972228708283 0.5436213227475077 0.4206673474684115 0.7 0.9 0.8 0.65 0.9 0.35 1.0 0.45 0.7 1.0 0.1 0.55 0.35 0.35 0.15 0.65 0.25 0.5 0.75 0.55 0.25 0.55 0.25 0.15 0.15 0.3 0.6 0.45 0.05 0.15 0.9 0.65 0.9 0.5 0.8 0.15 
-0.0071942462639037 0.36184423181077896 0.48873965225146637 0.2 0.15 1.0 0.65 0.55 0.75 0.95 0.95 0.35 0.95 0.9 0.2 0.1 0.2 0.2 0.35 0.2 0.55 0.8 0.35 0.6 0.7 0.65 0.5 0.65 0.4 0.2 0.0 0.7 0.5 0.95 0.85 0.35 0.95 0.45 0.65 
-0.018780710410807793 0.40843552475306316 0.5507919010601146 0.45 0.15 1.0 0.25 0.2 0.2 0.95 0.0 0.35 0.75 0.9 0.25 0.1 0.3 1.0 0.35 0.95 0.5 0.8 0.3 0.5 0.7 0.7 0.3 0.8 0.1 0.0 0.05 0.7 0.05 0.5 0.85 0.6 0.95 0.6 0.65 
-0.004151981914063079 0.3702126145282105 0.4864967125367014 0.45 0.15 1.0 0.25 0.1 0.75 0.9 0.95 0.35 0.75 0.9 0.2 0.1 0.1 0.9 0.55 0.2 0.5 1.0 0.3 0.2 0.7 0.7 0.3 0.0 0.4 0.0 0.0 0.9 0.05 0.6 0.95 0.4 0.75 0.6 0.65 
-0.03890641078117456 0.4589227923044533 0.3668682456884438 0.6 1.0 0.05 0.35 0.35 0.2 0.95 0.95 0.55 0.75 0.9 0.25 1.0 0.0 0.45 0.95 0.0 0.6 0.55 0.75 0.0 0.8 0.8 0.5 1.0 0.95 0.75 0.15 0.25 0.6 0.25 1.0 0.15 0.95 0.45 0.65 
-0.013924712527778152 0.4911123218360174 0.5903301322849044 0.6 0.2 0.6 0.35 1.0 0.7 0.05 0.85 0.95 0.65 0.35 0.45 0.35 0.35 0.7 0.75 0.1 0.6 0.8 0.25 0.55 0.5 0.85 0.5 0.7 0.4 0.45 0.9 0.25 0.35 0.95 0.15 0.5 0.95 0.85 0.3 
-0.0021964367070533273 0.4343877115747846 0.40609195694773537 0.8 0.85 0.35 0.25 0.5 0.2 0.95 0.9 0.6 0.75 0.9 0.2 1.0 0.15 0.2 0.75 1.0 0.5 0.25 0.3 0.35 0.1 0.75 0.2 1.0 0.05 1.0 0.15 0.35 0.1 0.85 0.9 0.15 0.95 0.45 0.65 
-0.002479173589510342 0.40932814533775463 0.6104731777207367 0.6 0.2 0.6 0.0 1.0 0.7 0.8 0.75 0.2 0.65 0.35 0.75 0.35 0.6 0.9 0.75 0.1 0.6 0.8 0.3 0.85 1.0 0.85 0.5 1.0 0.4 0.15 0.9 0.85 0.35 0.2 0.15 0.85 0.95 0.85 0.6 
-0.012654884900559537 0.4142915400548046 0.4548539209457035 0.45 0.15 0.0 0.25 0.1 0.5 0.9 0.95 0.7 0.65 1.0 0.2 0.4 0.1 0.55 0.55 0.75 0.95 0.4 0.7 0.9 0.25 0.5 0.3 0.1 0.6 0.95 0.0 0.4 0.05 0.95 0.95 0.8 0.95 0.6 0.65 
-0.0011809044499404306 0.35463912688008137 0.5026470269457679 0.6 0.15 1.0 0.25 0.1 0.75 0.9 0.95 0.35 0.75 0.9 0.2 0.1 0.1 0.2 0.55 0.6 0.5 1.0 0.3 0.2 0.7 0.7 0.3 0.95 0.4 0.0 0.0 0.4 0.05 0.35 0.95 0.4 0.95 0.6 0.65 
-0.02081309373423088 0.4030572128294558 0.42899634175838025 0.85 0.65 0.05 0.25 0.5 0.2 0.95 0.95 0.6 0.35 0.9 0.2 0.95 0.0 0.2 0.75 1.0 0.5 0.2 0.3 0.7 0.7 0.8 0.15 0.7 0.05 1.0 0.9 0.45 0.05 0.6 0.95 0.5 0.95 0.45 0.5 
-0.43742531002220575 0.4891764708157891 0.39826549946298606 0.6 0.15 0.05 0.0 0.35 0.2 0.95 0.95 0.55 0.75 0.9 0.2 1.0 0.0 0.45 0.95 0.0 0.5 0.55 0.35 0.0 0.8 0.8 0.5 1.0 0.3 0.95 0.15 0.2 0.6 0.6 0.0 0.15 0.9 0.45 0.65 
-0.001917808615559015 0.5079143812425571 0.4061678453532493 0.7 0.15 0.95 0.4 0.5 0.55 1.0 0.25 0.5 0.6 0.8 0.25 0.95 0.75 0.3 0.7 0.85 0.6 0.35 0.85 0.25 1.0 0.25 0.25 0.2 0.5 0.3 0.9 0.15 0.4 0.9 0.1 0.1 0.8 0.95 0.45 
-0.010228119212060263 0.6084661609014499 0.4236151552840728 0.45 0.15 0.25 0.4 0.55 0.1 1.0 0.25 0.5 0.6 0.8 0.4 0.4 0.75 0.45 0.3 0.0 0.6 0.55 0.55 0.6 1.0 0.25 0.25 0.4 0.1 0.3 0.5 0.8 0.45 0.9 0.1 0.85 0.9 0.95 0.3 
-0.0003085585677795761 0.4554135028222156 0.3967551854325848 0.8 0.85 0.35 0.25 0.5 0.2 0.95 0.9 0.6 0.75 0.9 0.2 1.0 0.15 0.2 0.75 1.0 0.5 0.25 0.3 0.35 0.1 0.75 0.2 1.0 0.05 1.0 0.15 0.2 0.1 0.85 0.9 0.15 0.95 0.45 0.6 
-0.013758669547133305 0.33663233545056437 0.4785432288991173 0.45 0.15 1.0 0.25 0.45 0.2 0.95 0.95 0.35 0.75 0.9 0.25 0.1 0.9 1.0 0.8 0.45 0.0 0.8 0.3 0.5 0.7 0.7 0.3 0.8 0.1 0.0 0.15 0.7 0.05 0.45 0.85 0.65 1.0 0.6 0.65 
-0.005422707072864351 0.5256789290491202 0.3800518148479862 0.55 0.65 0.05 0.65 0.45 0.1 1.0 0.25 0.5 0.7 0.7 0.25 0.4 0.75 0.45 0.3 1.0 0.7 0.55 0.55 0.6 1.0 0.25 0.25 0.55 0.6 0.2 0.5 0.15 0.45 1.0 0.1 0.85 0.9 0.95 0.45 
-0.18297834620587053 0.5045495281133546 0.3787094819496641 0.55 0.65 0.05 0.65 0.45 0.35 1.0 0.25 0.5 0.7 0.8 0.3 0.35 0.75 0.05 0.3 0.5 0.1 0.55 0.55 1.0 1.0 0.25 0.25 0.8 0.6 0.6 0.5 0.15 0.45 1.0 0.1 0.85 0.9 0.95 0.45 
-0.006196815345452181 0.6232593294673189 0.5115447438435816 0.4 0.15 0.35 0.2 0.5 0.4 1.0 0.25 0.5 0.6 0.8 0.45 0.7 0.8 0.45 0.85 1.0 0.6 0.65 0.75 0.8 0.9 0.25 0.25 0.7 0.1 0.4 0.65 0.5 0.6 1.0 0.35 0.85 0.0 0.95 0.3 
-5.263014220319208e-06 0.6090835198706273 0.45480677368401473 0.15 0.95 0.8 0.25 0.9 0.5 1.0 0.4 0.7 1.0 0.1 0.55 0.2 0.8 0.15 0.65 0.3 0.75 0.25 0.55 0.4 0.45 0.25 0.15 0.45 0.5 0.5 0.2 0.65 0.35 0.65 0.65 0.2 0.7 0.8 0.0 
-0.0019853295937240674 0.4419190390650992 0.6055066255440745 0.6 0.2 0.6 0.0 1.0 0.7 0.65 0.75 0.2 0.65 0.35 0.75 0.35 0.6 0.9 0.75 0.1 0.9 0.8 0.3 0.85 0.55 0.85 0.5 1.0 0.4 0.15 0.9 0.85 0.35 0.2 0.15 0.85 0.95 0.85 0.6 
-0.0020784612216340845 0.5909904925245877 0.4202094774498473 0.3 0.15 0.95 0.4 0.5 0.55 1.0 0.25 0.5 0.05 0.8 0.25 0.95 0.75 0.3 0.7 0.85 0.6 0.35 0.2 0.25 1.0 0.25 0.25 0.2 0.5 0.3 0.75 0.15 0.4 0.9 0.1 0.85 0.95 0.95 0.45 
-0.008317444333536301 0.5345429461929235 0.40708490565423827 0.1 0.95 0.8 0.6 0.4 0.6 1.0 0.4 0.75 1.0 0.1 0.55 0.35 0.25 0.2 0.75 0.3 0.0 0.75 0.65 0.5 0.85 0.25 0.15 0.85 0.05 0.5 0.8 0.0 0.15 0.55 0.55 0.95 0.7 0.55 0.0 
-0.006792301673088087 0.3234561091040965 0.507817275470963 0.45 0.9 0.5 0.6 0.55 0.7 0.85 0.95 0.35 0.95 0.9 0.2 0.1 0.2 0.4 0.95 0.65 0.45 1.0 0.35 0.65 0.5 0.55 0.3 0.0 0.15 0.2 0.75 0.7 0.35 0.95 0.8 0.25 0.95 0.2 0.3 
-0.004297526874003279 0.6309296420123018 0.5308885271356347 0.3 0.15 0.35 0.2 0.65 0.5 1.0 0.25 0.5 0.35 0.8 0.25 0.05 0.75 0.7 0.05 1.0 0.6 0.95 0.2 0.75 0.9 0.25 0.25 0.7 0.05 0.3 0.45 0.6 0.6 0.45 0.1 0.85 0.05 0.95 0.3 
-0.005674988023479229 0.6246349818917121 0.4824792789831144 0.7 0.9 0.25 0.6 0.9 0.8 1.0 0.45 0.7 1.0 0.1 0.55 0.35 0.35 0.2 0.65 0.25 0.5 0.75 0.55 0.4 0.55 0.25 0.15 0.15 0.5 0.25 0.45 0.3 0.15 1.0 0.65 0.2 0.65 0.25 0.05 
-0.008321407459948083 0.5463850125247504 0.3975288242052325 0.1 0.95 0.8 0.6 0.4 0.6 1.0 0.45 0.75 1.0 0.1 0.55 0.35 0.25 0.2 0.75 0.3 0.25 0.75 0.65 0.5 0.85 0.25 0.15 0.85 0.05 0.5 0.8 0.0 0.15 0.55 0.55 0.95 0.7 0.55 0.0 
-0.023403114629157885 0.3219592793075424 0.5599578891681641 0.45 0.15 1.0 0.65 0.55 0.75 0.95 0.95 0.35 0.95 0.9 0.2 0.1 0.2 0.2 0.35 0.2 0.55 0.8 0.35 0.6 0.7 0.65 0.5 0.65 0.4 0.0 0.0 0.7 0.5 0.95 0.85 0.35 0.95 0.6 0.65 
-0.010107373821354727 0.6343613629240097 0.5566894768330286 0.35 0.75 0.25 0.75 0.25 0.5 1.0 0.25 0.35 0.25 0.65 0.3 0.25 0.75 0.5 0.8 0.45 0.6 1.0 0.2 0.8 0.05 0.25 0.2 1.0 1.0 0.3 0.4 0.4 0.6 1.0 0.1 0.85 0.7 0.05 0.7 
-0.004022058417932936 0.5760065612861183 0.4021861691693678 0.7 0.9 0.8 0.65 0.9 0.95 1.0 0.45 0.7 1.0 0.1 0.55 0.35 0.35 0.15 0.65 0.25 0.5 0.75 0.55 0.4 0.55 0.25 0.15 0.15 0.3 0.6 0.45 0.05 0.15 0.9 0.65 0.4 0.5 0.8 0.15 
-0.005871461455718346 0.4405022090164335 0.5773708479451247 0.6 0.2 0.6 0.35 1.0 0.7 0.8 0.75 0.95 0.65 0.35 0.45 0.35 0.55 0.8 0.75 0.1 0.25 0.85 0.3 0.95 0.75 0.85 0.5 0.75 0.4 0.3 0.9 0.25 0.35 0.95 0.15 0.5 0.95 0.85 0.3 
-0.03488061690280323 0.33026727673844036 0.5451815069424499 0.45 0.15 1.0 0.25 0.2 0.4 0.95 0.95 0.35 0.75 0.9 0.25 0.1 0.3 1.0 0.35 0.45 0.5 0.8 0.3 0.5 0.7 0.7 0.3 0.8 0.1 0.0 0.05 0.15 0.2 0.9 0.85 0.8 0.95 0.6 0.65 
-0.011588221285410559 0.6394627541436575 0.43976351671150404 0.0 0.15 0.35 0.0 0.5 0.0 1.0 0.25 0.5 0.5 0.8 0.1 0.7 0.75 0.45 0.85 0.85 0.8 0.95 0.2 0.8 0.9 0.25 0.25 0.7 0.1 0.3 0.3 0.5 0.6 1.0 0.1 0.85 0.5 0.95 0.3 
-0.0023156359153190106 0.6040377379016731 0.41502458295784495 0.15 0.15 0.8 0.05 0.9 0.35 1.0 0.4 0.7 1.0 0.1 0.55 0.35 0.95 0.7 0.65 0.3 0.65 0.65 0.55 0.4 0.65 0.25 0.15 0.0 0.15 0.5 0.45 0.55 0.15 0.9 0.1 0.95 0.7 0.8 0.05 
-0.02285745184036886 0.43501990269685675 0.3754270037392446 0.6 1.0 0.7 0.8 0.35 0.4 0.95 0.95 0.55 0.75 0.9 0.25 1.0 0.0 0.45 0.95 0.0 0.0 0.55 0.35 0.0 0.95 0.8 0.5 1.0 0.95 0.75 0.15 0.2 0.6 0.05 0.95 0.15 0.95 0.45 0.6 
-0.0031929713288589433 0.5477855760757965 0.5700242767549817 0.6 0.5 0.25 1.0 0.4 0.8 0.85 0.05 0.3 0.95 0.3 0.25 0.5 0.7 0.65 0.75 0.45 0.3 0.9 0.95 0.75 0.55 0.8 0.6 1.0 0.1 0.3 0.85 0.7 0.8 0.7 0.65 0.6 0.7 0.4 0.95 
-0.010601729445960311 0.54670028435767 0.602673304777259 0.3 0.05 0.35 0.75 0.25 0.8 0.2 0.95 0.5 0.6 0.65 0.3 0.45 0.25 0.45 0.55 1.0 0.0 0.95 0.2 0.75 0.7 0.25 0.25 0.95 0.05 0.35 0.2 0.45 0.5 0.4 0.1 0.9 0.4 0.15 0.9 
-0.011711604839558677 0.6305969314896904 0.5919105740299846 0.3 0.05 0.35 0.75 0.15 0.75 0.35 0.1 0.5 0.6 0.65 0.25 0.45 0.25 0.45 0.55 1.0 0.3 0.9 0.2 0.75 0.7 0.25 0.25 0.45 0.05 0.4 0.2 0.45 0.6 0.85 0.1 0.9 0.4 0.95 0.65 
-0.0033978749547750884 0.6408228916641805 0.5211941696605374 0.3 0.55 0.4 0.2 0.25 0.15 1.0 0.25 0.6 0.3 0.65 0.35 0.85 0.75 0.45 0.3 1.0 0.6 0.95 0.2 0.75 0.8 0.25 0.25 0.6 0.4 0.3 0.25 0.45 0.6 1.0 0.1 0.85 0.4 0.95 0.7 
-0.003063539121870383 0.5845883025534162 0.6115591256895638 0.3 0.85 0.45 0.2 0.4 0.75 0.15 0.4 0.4 0.6 0.65 0.25 0.95 0.1 0.75 0.65 0.65 0.6 0.85 0.15 0.75 0.75 0.25 0.25 0.55 1.0 0.25 0.25 0.45 0.6 0.95 0.1 0.85 0.4 1.0 0.85 
-0.00021214686034516688 0.37129937893422627 0.4622441106962926 0.45 0.15 1.0 0.4 0.55 0.75 0.95 0.95 0.6 0.75 0.0 0.2 0.1 0.1 0.2 0.75 0.45 0.5 0.65 0.3 0.5 0.7 0.7 0.3 0.45 0.4 0.0 0.0 0.7 0.05 0.7 0.95 0.35 0.95 0.6 0.55 
-0.007443690746713204 0.6145712923464817 0.5754927067298168 0.3 0.1 0.5 0.35 0.25 0.5 0.35 0.3 0.5 0.6 0.65 0.25 0.45 0.85 0.05 0.3 1.0 0.6 0.9 0.2 0.75 0.85 0.25 0.25 0.45 0.05 0.3 0.4 0.45 0.6 1.0 0.1 0.9 0.4 0.95 0.9 
-0.008243497104988371 0.384171515395485 0.43980367736309134 0.45 0.0 0.05 0.9 0.5 0.2 0.95 0.95 0.6 0.75 0.9 0.2 0.95 0.0 0.2 0.75 1.0 0.5 0.3 0.3 0.5 0.3 0.8 0.15 1.0 0.1 1.0 0.8 0.45 0.05 0.6 1.0 0.5 0.45 0.45 0.5 
-0.011042260866689647 0.41959791235696986 0.39687016044493173 1.0 0.15 0.6 0.25 0.65 0.45 0.95 0.9 0.3 0.85 0.9 0.2 0.45 0.05 0.95 0.65 0.35 0.35 0.8 0.45 0.5 0.95 0.8 0.2 0.9 0.15 1.0 0.15 0.95 0.0 0.95 0.05 0.1 0.7 0.45 0.65 
-0.007103506540730666 0.5755995133718813 0.3762270196148158 0.3 0.15 0.95 0.4 0.5 0.55 1.0 0.25 0.5 0.6 0.8 0.25 0.95 0.75 0.3 1.0 0.85 0.6 0.35 0.2 0.25 1.0 0.25 0.25 0.55 0.5 0.3 0.45 0.15 0.4 0.9 0.1 0.85 0.95 0.95 0.45 
-0.034000468657369144 0.6403630845566997 0.4036479034546095 0.3 0.15 0.35 0.95 0.25 0.5 1.0 0.25 0.5 0.6 0.85 0.25 0.4 0.75 0.45 0.3 1.0 0.6 0.6 0.55 0.75 0.9 0.25 0.35 0.7 0.6 0.4 0.5 0.15 0.6 1.0 0.1 0.85 1.0 0.95 0.3 
-0.014602258589759335 0.3393276228762723 0.5842309857175257 0.45 0.15 1.0 0.25 0.05 0.2 0.95 0.95 0.35 0.75 0.9 0.2 0.4 0.3 1.0 0.35 0.45 0.5 0.8 0.3 0.6 0.7 0.65 0.3 0.8 0.1 0.05 0.15 0.1 0.05 0.7 0.85 0.8 0.95 0.6 0.65 
-0.03544822952785318 0.42240291331607704 0.3943942386459257 1.0 0.85 0.35 0.15 0.5 0.2 0.95 0.9 0.6 0.75 0.9 0.2 1.0 0.15 0.2 0.75 0.1 0.5 0.5 0.3 0.35 1.0 0.8 0.2 1.0 0.4 0.85 0.15 0.45 0.2 0.85 0.25 0.15 0.95 0.45 0.65 
-0.0019902029573087604 0.32747272870459854 0.4854778407905105 0.45 0.3 1.0 0.65 0.1 0.75 0.9 0.75 0.15 0.95 0.9 0.2 1.0 0.1 0.2 1.0 0.45 0.8 0.9 0.3 0.55 0.7 0.7 0.3 0.9 0.4 0.0 0.0 0.75 0.05 0.7 0.8 0.45 0.7 0.6 0.65 
-0.08758324122865285 0.6455535730729935 0.4158703027545523 0.0 0.15 0.35 0.0 0.5 0.0 1.0 0.25 0.5 0.5 0.8 0.1 0.7 0.75 0.45 0.85 0.85 0.8 0.95 0.3 0.8 0.9 0.25 0.25 0.7 0.15 0.3 0.9 0.5 0.6 0.7 0.1 0.85 0.8 0.95 0.5 
-0.038360682616076495 0.3149137562538544 0.57905627180574 0.45 0.15 0.7 0.65 0.55 0.75 0.95 0.95 0.35 0.95 0.9 0.2 0.1 0.2 0.2 0.35 0.2 0.55 0.85 0.35 0.45 0.7 0.65 0.5 0.75 0.4 0.0 0.0 0.7 0.5 0.95 0.85 0.35 0.95 0.6 0.65 
-0.00833297827935289 0.6443224733580902 0.4616626746391041 0.3 0.0 0.35 0.2 0.25 0.65 1.0 0.25 0.7 0.4 0.65 0.35 0.45 0.95 0.45 0.8 1.0 0.6 0.95 0.2 0.75 0.9 0.25 0.25 0.75 0.0 0.3 0.1 0.45 0.6 1.0 0.1 0.85 0.4 0.85 0.1 
-0.02521308289326667 0.6674659743205783 0.5456359179802751 0.3 0.85 0.35 0.2 0.9 0.5 1.0 0.25 0.5 0.6 0.65 0.25 0.95 0.75 0.45 0.15 1.0 0.45 0.95 0.2 0.75 0.7 0.25 0.25 0.7 0.05 0.3 0.45 0.65 0.85 1.0 0.1 0.85 0.4 0.95 0.4 
-0.0915141163612801 0.4953828698319968 0.59509110891359 0.6 0.5 0.6 0.35 1.0 0.7 0.8 0.15 0.2 0.65 0.35 0.5 0.35 0.55 0.9 0.75 0.1 0.6 0.8 0.3 0.85 0.75 0.85 0.5 1.0 0.4 0.3 0.6 0.85 0.35 0.95 0.15 0.4 0.7 0.85 0.3 
-0.8245854844747705 0.4715032360239202 0.36624178710451116 0.6 1.0 0.05 0.35 0.35 0.2 0.95 0.95 0.55 0.75 0.9 0.25 1.0 0.0 0.45 0.95 0.0 0.6 0.55 0.35 0.0 0.8 0.8 0.5 1.0 0.95 0.75 0.15 0.25 0.6 0.9 1.0 0.15 0.95 0.45 0.65 
-0.012121695565519345 0.64986759044616 0.5825526730585657 0.0 0.15 0.35 0.2 0.85 0.1 1.0 0.25 0.45 0.85 0.8 0.25 0.7 0.75 0.15 0.85 1.0 0.6 0.95 0.2 0.8 0.9 0.25 0.25 0.7 0.1 0.3 0.4 0.5 0.6 1.0 0.1 0.4 0.6 0.0 0.3 
-0.0026644442602145276 0.6394205548586918 0.48650766610810464 0.85 0.15 0.25 0.2 0.85 0.5 0.95 0.25 0.5 0.6 0.8 0.25 0.05 0.75 0.45 0.3 1.0 0.6 0.95 0.2 0.7 0.65 0.25 0.3 0.7 0.05 0.3 0.9 0.5 0.6 0.85 0.1 0.85 0.4 0.95 0.3 
-0.03880966780214144 0.3040771872871315 0.5445583206556642 0.45 0.15 1.0 0.7 0.05 0.2 0.95 0.95 0.35 0.75 0.9 0.25 0.6 0.85 1.0 0.35 0.45 0.5 0.8 0.3 0.6 0.7 0.65 0.3 0.8 0.1 0.05 0.15 0.7 0.05 0.7 0.85 0.65 0.95 0.6 0.65 
-0.009377064219138692 0.5157443245573158 0.6178410483036118 0.6 0.5 0.35 1.0 0.05 0.8 0.9 0.05 0.85 0.95 0.85 0.75 0.5 0.7 0.65 0.1 0.45 0.3 0.9 0.95 0.75 0.55 0.8 0.6 1.0 0.1 0.3 1.0 0.7 0.8 0.35 0.65 0.55 0.7 0.4 0.95 
-0.00044302708564384783 0.3144236074679879 0.5099938072864257 0.45 0.15 1.0 0.7 0.05 0.65 0.95 0.95 0.35 0.75 0.9 0.25 0.6 0.85 0.0 0.35 0.45 0.5 0.8 0.3 0.6 0.7 0.65 0.3 0.65 0.1 0.05 0.15 0.7 0.05 0.55 0.85 0.65 0.95 0.6 0.65 
-0.004343591277939222 0.5707799582149939 0.5963567756776817 0.25 0.05 0.9 1.0 0.25 0.2 0.5 0.5 0.0 0.65 0.55 0.3 0.45 0.25 0.25 0.35 1.0 0.3 0.95 0.2 0.15 0.7 0.25 0.25 1.0 0.05 0.4 0.2 0.45 0.65 0.4 0.1 0.9 0.4 0.15 0.9 
-0.005352951401480019 0.6653552407581663 0.4470769865342756 0.3 0.15 0.35 0.2 0.25 0.5 0.95 0.25 0.5 0.6 0.8 0.25 0.05 0.75 0.45 0.3 1.0 0.6 0.5 0.6 0.75 0.9 0.25 0.25 0.7 0.05 0.35 0.55 0.5 0.6 1.0 0.1 0.85 0.4 0.95 0.3 
-0.002994385015964668 0.6393037975690045 0.42828968007767787 0.3 0.15 0.35 0.95 0.25 0.5 1.0 0.25 0.5 0.3 0.85 0.25 0.4 0.75 0.45 0.3 1.0 0.6 0.6 0.55 0.75 0.9 0.25 0.35 0.7 0.6 0.4 0.5 0.15 0.6 1.0 0.1 0.85 1.0 0.95 0.3 
-0.00031241466508059575 0.6662131980289505 0.5014503250005924 0.15 0.95 0.85 0.85 0.9 0.85 1.0 0.45 0.55 0.95 0.1 0.55 0.2 0.65 0.15 0.65 0.3 1.0 0.75 0.25 0.4 0.75 0.25 0.15 0.7 0.5 1.0 0.55 0.1 0.55 0.65 0.65 0.2 0.7 0.8 0.25 
-0.0015768584443794625 0.6607181029136733 0.5670253373252051 0.45 0.4 0.7 0.2 0.25 0.5 1.0 0.25 0.5 0.4 0.65 0.35 0.3 0.1 0.45 0.7 1.0 0.6 1.0 0.2 0.8 0.9 0.25 0.25 1.0 1.0 0.3 0.3 0.45 0.05 1.0 0.35 0.85 0.4 1.0 0.5 
-0.004349789464204467 0.6355735935134561 0.6069914818855366 0.3 0.85 0.35 0.2 0.25 0.5 1.0 0.95 0.5 0.4 0.65 0.35 0.05 0.35 0.45 0.8 1.0 0.6 1.0 0.2 0.75 0.8 0.25 0.25 0.75 1.0 0.3 0.25 0.45 0.6 1.0 0.1 0.85 0.4 0.95 0.7 
-0.011964382411601337 0.6635245392035147 0.5872850150733366 0.3 0.4 0.35 0.2 0.25 0.3 1.0 0.25 0.5 0.4 0.65 0.35 0.3 0.1 0.45 0.8 1.0 0.6 1.0 0.2 0.75 0.9 0.25 0.25 0.9 1.0 0.3 0.5 0.45 0.6 0.05 0.55 0.75 0.4 1.0 0.75 
-0.012006000607255485 0.6102969180994892 0.6295070481460391 0.0 0.05 0.35 0.75 0.25 0.8 0.95 1.0 0.15 0.5 0.65 0.3 0.9 0.25 0.45 0.8 1.0 1.0 0.95 0.2 0.75 0.45 0.25 0.25 1.0 0.05 0.4 0.25 0.45 0.5 0.85 0.1 0.9 0.35 0.15 0.9 
-0.00027870838823182886 0.669984673541922 0.5744012560996039 0.45 0.4 0.7 0.2 0.25 0.5 1.0 0.25 0.5 0.4 0.65 0.35 0.3 0.1 0.45 0.7 1.0 0.6 1.0 0.2 0.8 0.9 0.25 0.25 1.0 1.0 0.3 0.3 0.45 0.6 1.0 0.35 0.85 0.4 1.0 0.5 
-0.021867673933895056 0.33486952747238674 0.4576958844828028 1.0 0.15 0.05 0.8 0.5 0.2 0.95 0.9 0.6 0.75 0.9 0.2 0.65 0.15 0.2 0.75 1.0 0.45 0.85 0.3 0.2 0.15 0.05 0.35 1.0 0.05 0.95 0.15 0.5 0.1 0.85 0.5 0.55 0.95 0.45 0.65 
-0.005986060204168362 0.44466582653164316 0.6363449681623995 0.55 0.15 0.3 0.65 0.1 0.75 0.3 1.0 0.55 0.75 0.0 0.25 0.15 0.85 0.5 0.65 0.8 0.05 0.9 0.3 0.65 0.7 0.7 0.4 1.0 0.4 0.4 0.0 0.45 0.05 0.25 0.6 0.55 0.9 0.6 0.8 
-0.003084958287083275 0.5539819380193581 0.6106324309784572 0.3 0.05 0.35 0.5 0.25 0.8 0.2 0.15 0.5 0.6 0.65 0.3 0.45 0.25 0.45 0.55 0.35 0.0 0.95 0.2 0.75 0.7 0.25 0.25 0.95 0.05 0.35 0.2 0.45 0.5 0.4 0.1 0.9 0.4 0.15 0.9 
-0.006865300441956493 0.3691638780516333 0.448605974221051 1.0 0.3 0.35 0.25 0.35 0.2 0.95 0.9 0.6 0.75 0.9 0.2 0.55 0.15 0.2 0.75 0.1 0.45 0.75 0.3 0.2 0.7 1.0 0.15 1.0 0.05 1.0 0.3 0.5 0.4 0.85 0.9 0.55 0.95 0.45 0.65 
-0.016776196661120776 0.38494306365342396 0.6335948679719876 0.0 0.7 0.75 1.0 0.7 0.75 0.9 1.0 0.35 0.75 0.9 0.2 0.65 0.75 0.1 0.65 0.65 1.0 1.0 0.3 0.65 0.65 0.7 0.35 0.95 0.4 0.3 0.05 0.0 0.05 0.8 0.8 0.35 0.95 0.6 0.75 
-0.010337936462991488 0.43036732329010846 0.6121215456569774 0.6 0.2 0.6 0.0 1.0 0.7 0.8 0.75 0.2 0.65 0.35 0.75 0.35 0.6 0.9 0.75 0.1 0.9 0.8 0.3 0.85 0.55 0.85 0.5 1.0 0.4 0.15 0.9 0.85 0.35 0.2 0.15 0.85 0.95 0.85 0.6 
-0.01158237458479369 0.6961569361711374 0.5038533169014886 0.3 0.15 0.35 0.7 0.25 0.45 1.0 0.25 0.5 0.6 0.8 0.25 0.9 0.75 0.45 0.3 0.25 0.6 0.8 0.2 0.75 0.7 0.25 0.3 0.7 0.05 0.3 0.45 0.5 0.6 1.0 0.1 0.85 0.6 0.95 0.3 
-0.007269681564560642 0.5029676817500207 0.35923699982695234 0.3 0.15 0.35 0.4 0.25 0.55 1.0 0.25 0.7 0.5 0.8 0.25 0.45 0.75 0.3 0.7 0.85 0.6 0.4 0.1 0.9 1.0 0.25 0.25 0.2 0.75 0.35 0.4 0.15 0.4 0.65 0.1 0.85 0.95 0.95 0.45 
-0.00560381895358572 0.6716545167728349 0.526444254704466 0.3 0.85 0.7 0.2 0.25 0.5 1.0 0.25 0.6 0.4 0.85 0.35 0.05 0.75 0.45 0.8 1.0 0.6 0.95 0.2 0.75 0.8 0.25 0.4 0.35 1.0 0.1 0.5 0.45 0.75 1.0 0.1 0.85 0.4 0.95 0.7 
-0.042850046462289945 0.3113669141313653 0.5518838816089658 0.45 0.65 1.0 0.65 0.55 0.75 0.95 0.95 0.35 0.95 0.9 0.2 0.1 0.2 0.2 0.35 0.2 0.55 0.8 0.35 0.6 0.7 0.7 0.5 0.65 0.4 0.0 0.0 0.7 0.5 0.95 0.85 0.35 0.95 0.6 0.65 
-0.023208640381681227 0.6458845431211784 0.6166153602492105 0.3 0.15 0.45 0.7 0.8 0.5 0.85 0.25 0.25 0.55 0.7 0.3 0.05 0.75 0.45 0.6 1.0 0.2 0.95 0.7 0.8 0.85 0.25 0.25 0.9 0.05 0.3 0.45 0.45 0.6 1.0 0.1 0.9 0.3 0.95 0.35 
-0.16331686335316292 0.7054670093163014 0.516536556145193 0.0 0.15 0.35 0.2 0.5 0.4 1.0 0.25 0.5 0.6 0.8 0.45 0.7 0.8 0.45 0.85 1.0 0.6 0.65 0.75 0.8 0.9 0.25 0.25 0.7 0.1 0.3 0.65 0.5 0.6 1.0 0.1 0.85 0.6 0.95 0.3 
-0.03152174764174058 0.6360941643956239 0.636231140252857 0.6 0.75 0.35 0.2 0.25 0.8 1.0 0.15 0.15 0.4 0.65 0.35 0.7 0.65 0.0 0.35 0.0 0.6 1.0 0.15 0.75 0.9 0.25 0.2 1.0 1.0 0.3 0.4 0.45 0.6 1.0 0.1 0.9 0.4 0.0 0.5 
-0.002738521925138492 0.557800318427974 0.6333992874980854 0.25 0.05 0.9 1.0 0.25 0.2 0.5 0.1 0.0 0.65 0.55 0.3 0.45 0.25 0.25 0.35 1.0 0.3 0.95 0.2 0.75 0.7 0.25 0.25 1.0 0.05 0.4 0.2 0.45 0.65 0.4 0.1 0.9 0.4 0.15 0.9 
-0.005270502665235638 0.3991025999602623 0.41869567155779897 1.0 0.85 0.35 0.25 0.05 0.2 0.95 0.9 0.6 0.75 0.9 0.2 1.0 0.15 0.2 0.75 1.0 0.5 0.55 0.4 0.35 0.1 0.2 0.2 1.0 0.05 1.0 0.15 0.4 0.1 0.85 0.9 0.15 0.95 0.45 0.65 
-0.005490514436181577 0.6615922325148783 0.6302357301087955 0.3 0.15 0.85 0.2 0.8 0.5 0.85 0.25 0.25 0.55 0.7 0.3 0.05 0.75 0.45 0.6 1.0 0.2 0.95 0.7 0.8 0.85 0.25 0.25 1.0 0.05 0.3 0.45 0.45 0.6 1.0 0.1 0.9 0.4 0.95 0.35 
-0.004653122925719331 0.6151779864753719 0.6315331501035697 0.6 0.75 0.35 0.2 0.25 0.8 1.0 0.15 0.15 0.4 0.65 0.35 0.7 0.65 0.0 0.35 0.0 0.6 1.0 0.15 0.75 0.9 0.25 0.2 1.0 1.0 0.3 0.4 0.45 0.6 1.0 0.1 0.85 0.4 0.0 0.5 
-0.03157706765813433 0.5921143985471319 0.6343884964446019 0.3 0.25 0.35 0.95 0.25 0.8 0.95 0.75 0.15 0.5 0.65 0.3 0.45 0.25 0.45 0.5 1.0 1.0 0.95 0.2 0.75 0.7 0.25 0.25 0.95 0.05 0.4 0.25 0.45 0.5 0.7 0.1 0.9 0.75 0.15 0.9 
-0.054650120639101414 0.6631236287356255 0.6058970881639603 0.3 0.85 0.35 0.6 0.9 0.5 0.8 0.25 0.5 0.1 0.65 0.25 0.95 0.75 0.45 0.15 1.0 0.45 0.95 0.2 0.75 0.7 0.25 0.25 0.7 0.05 0.3 0.45 0.65 0.85 1.0 0.1 0.85 0.4 0.95 0.4 
-0.027629633808687267 0.37339310439850604 0.6098759895182982 0.0 0.85 1.0 1.0 0.1 0.75 0.9 1.0 0.7 0.75 0.9 0.2 0.15 0.1 0.85 0.15 0.05 1.0 0.4 0.3 0.45 0.7 0.7 0.35 0.9 0.4 0.4 0.0 0.45 0.7 1.0 0.7 0.45 0.95 0.55 0.75 
-0.0018238051965789575 0.3811100645710169 0.42261277751812376 1.0 0.3 0.35 0.25 0.65 0.2 0.95 0.9 0.6 0.75 0.9 0.2 0.55 0.15 0.2 0.75 0.1 0.45 0.3 0.3 0.2 0.7 1.0 0.15 1.0 0.05 1.0 0.3 0.5 0.4 0.85 0.9 0.55 0.95 0.45 0.65 
-0.035928261494762415 0.3549933288937803 0.6017855308545783 0.0 0.15 1.0 0.65 0.1 0.75 0.9 1.0 0.35 0.75 0.9 0.2 0.7 0.1 0.2 0.65 0.45 0.0 0.95 0.3 0.65 0.7 0.7 0.35 0.85 0.4 0.0 0.0 0.0 0.05 0.35 0.8 0.45 0.95 0.6 0.65 
-0.048165539783079275 0.6673050719042375 0.5109068478704412 0.25 0.15 0.35 0.7 0.25 0.75 1.0 0.25 0.5 0.6 0.8 0.25 0.9 0.75 0.45 0.3 0.25 0.6 0.8 0.2 0.75 0.7 0.25 0.3 0.7 0.05 0.3 0.45 0.5 0.6 1.0 0.1 0.85 0.35 0.95 0.3 
-0.00396723230965507 0.702492145208605 0.5526052465599192 0.0 0.15 0.35 0.2 0.5 0.4 0.7 0.25 0.5 0.6 0.85 0.45 0.25 0.8 0.45 0.85 1.0 0.6 0.95 0.75 0.8 0.9 0.25 0.25 0.7 0.1 0.3 0.65 0.5 0.6 1.0 0.1 0.85 0.6 0.95 0.3 
-0.012576839746812639 0.697368697367913 0.49173672821828385 0.25 0.8 0.35 0.7 0.25 0.5 1.0 0.25 0.5 0.4 0.65 0.35 0.3 0.1 0.45 0.8 0.55 0.6 1.0 0.2 0.75 0.9 0.25 0.25 0.75 0.85 0.3 0.85 0.45 0.6 1.0 0.1 0.85 0.4 0.95 0.7 
-0.028583955987108185 0.6788073505713795 0.4608960377484348 0.3 0.75 0.35 0.75 0.25 0.5 1.0 0.25 0.75 0.4 0.65 0.35 0.3 0.75 0.45 0.8 0.0 0.6 1.0 0.2 0.75 0.95 0.25 0.25 1.0 1.0 0.3 0.35 0.9 0.6 1.0 0.1 0.85 0.7 0.0 0.2 
-0.05087971548900585 0.34216345513969 0.5986047437983222 0.45 0.15 0.0 0.65 0.1 0.75 0.9 1.0 0.35 0.75 0.9 0.2 0.7 0.1 0.2 0.0 0.1 0.5 0.9 0.3 0.65 0.7 0.7 0.3 0.85 0.4 0.0 0.0 0.4 0.05 0.55 0.8 0.45 0.95 0.6 0.65 
-0.026512721811386718 0.6955755708634778 0.547003059858499 0.3 0.75 0.35 0.2 0.25 0.5 1.0 0.25 0.5 0.4 0.65 0.35 0.3 0.75 0.45 0.0 0.0 0.6 1.0 0.2 0.75 0.9 0.25 0.25 0.5 1.0 0.3 0.25 0.45 0.6 1.0 0.1 0.85 0.4 0.0 0.7 
-0.0609618615463886 0.4764041419916088 0.6113795499877489 0.6 1.0 0.6 0.5 0.65 0.7 0.45 0.75 0.2 0.65 0.35 0.75 0.1 0.65 0.9 0.75 0.1 0.75 0.8 0.3 0.85 0.6 0.85 0.5 1.0 0.4 0.35 0.95 0.85 0.35 0.95 0.15 0.75 0.95 0.95 0.5 
-0.006952230051407337 0.6744846428409917 0.5577824558273372 0.3 0.85 0.35 0.2 0.9 0.5 1.0 0.25 0.5 0.6 0.65 0.25 0.95 0.75 0.45 0.15 1.0 0.45 0.95 0.2 0.75 0.8 0.25 0.25 0.7 0.05 0.3 0.5 0.65 0.85 1.0 0.1 0.85 0.4 0.95 0.4 
-0.0683331985749516 0.6969636543430551 0.5694562183818034 0.3 0.75 0.35 0.2 0.25 0.4 1.0 0.25 0.5 0.4 0.65 0.35 0.3 0.75 0.45 0.8 0.0 0.6 1.0 0.2 0.75 0.95 0.25 0.25 1.0 1.0 0.3 0.35 0.4 0.6 1.0 0.1 0.85 0.2 0.0 0.7 
-0.0033086747162113404 0.6994262873687649 0.4573331357913565 0.0 0.15 0.35 0.0 0.5 0.0 1.0 0.25 0.5 0.5 0.8 0.3 0.7 0.75 0.45 0.85 0.8 0.85 0.95 0.2 0.8 0.9 0.25 0.25 0.7 0.1 0.3 0.3 0.5 0.6 1.0 0.1 0.85 0.5 0.95 0.3 
-0.007897652301655848 0.5463910264227196 0.6147144414386705 0.3 0.05 0.35 0.75 0.25 0.8 0.2 0.95 0.5 0.6 0.65 0.3 0.45 0.25 0.45 0.55 1.0 0.0 0.95 0.2 0.75 0.7 0.25 0.25 0.95 0.05 0.4 0.2 0.45 0.5 0.4 0.1 0.9 0.4 0.15 0.9 
-0.050156360121074876 0.6712839598680673 0.41973575269690716 0.3 0.15 0.35 0.2 0.65 0.5 1.0 0.25 0.5 0.35 0.8 0.25 0.5 0.75 0.45 0.3 1.0 0.6 0.95 0.2 0.75 0.9 0.25 0.25 0.7 0.05 0.3 0.45 0.5 0.75 0.85 0.1 0.85 0.75 0.95 0.3 
-0.009229041057890217 0.6950838175085731 0.5948323909081843 0.3 0.85 0.35 0.2 0.25 0.5 1.0 0.25 0.5 0.6 0.65 0.3 1.0 0.75 0.45 0.15 1.0 0.6 0.95 0.2 0.75 0.8 0.25 0.25 0.7 0.05 0.3 0.45 0.7 0.85 1.0 0.1 0.85 0.4 0.95 0.4 
-0.02378654531689077 0.718557277017676 0.5842054001110231 0.3 0.4 0.35 0.2 0.25 0.5 1.0 0.25 0.5 0.4 0.65 0.35 0.95 0.2 0.45 0.8 1.0 0.6 1.0 0.2 0.75 0.9 0.25 0.25 0.9 1.0 0.35 0.5 0.45 0.6 1.0 0.1 0.85 0.6 1.0 0.5 
-0.005570644123267888 0.41050884651357217 0.6311087773413678 0.0 0.85 1.0 1.0 0.75 0.75 0.9 1.0 0.35 0.75 0.9 0.2 0.15 0.1 0.85 0.65 0.75 1.0 0.85 0.3 0.6 0.85 0.7 0.35 0.4 0.4 0.4 0.15 0.45 0.05 0.85 0.7 0.65 0.95 0.55 0.75 
-0.006148202049683928 0.31888184407201325 0.4968190647122108 0.45 0.15 1.0 0.25 0.45 0.2 0.95 0.95 0.35 0.75 0.9 0.25 0.1 0.9 1.0 0.35 0.45 0.0 0.8 0.3 0.5 0.7 0.7 0.3 0.8 0.1 0.0 0.15 0.7 0.05 0.7 0.85 0.65 1.0 0.6 0.65 
-0.03521475053066102 0.38625093739174104 0.4017981557925081 0.7 0.3 0.7 0.6 0.8 0.2 0.95 0.9 0.45 0.85 0.9 0.25 0.55 0.15 1.0 0.75 0.15 0.65 0.5 0.3 0.4 0.8 0.8 0.2 0.75 0.4 1.0 0.0 0.35 0.95 0.55 0.9 0.4 0.95 0.45 0.65 
-0.044157829036372324 0.361978402466374 0.4274183410914739 1.0 0.85 0.75 0.25 0.5 0.2 0.95 0.9 0.6 0.75 0.9 0.2 1.0 0.8 0.2 0.5 1.0 0.45 0.55 0.3 0.35 0.05 0.9 0.2 1.0 0.75 1.0 0.15 0.5 0.1 0.85 0.9 0.65 0.95 0.45 0.65 
-0.02739446751890618 0.536282801025787 0.6455873783950626 0.3 0.05 0.35 1.0 0.25 0.8 0.5 0.1 0.0 0.65 0.65 0.3 0.45 0.25 0.25 0.35 1.0 0.15 0.75 0.2 0.75 0.7 0.25 0.25 1.0 0.05 0.4 0.2 0.45 0.6 0.9 0.1 0.9 0.4 0.15 0.85 
-0.008730527174997758 0.3727986171162515 0.39766918158291875 1.0 0.3 0.35 0.25 0.5 0.0 0.95 0.9 0.3 0.75 0.9 0.2 0.45 0.15 1.0 0.75 1.0 0.45 0.85 0.3 0.35 0.85 0.8 0.2 1.0 0.05 0.45 0.15 0.35 0.1 0.85 0.9 0.75 0.7 0.45 0.65 
-0.004191722816715003 0.6735770419793662 0.5874141979745828 0.85 0.75 0.3 0.2 0.25 0.85 1.0 0.3 0.5 0.55 0.65 0.35 0.5 0.75 0.45 0.25 0.0 0.6 1.0 0.2 0.75 0.95 0.25 0.25 0.5 1.0 0.25 0.35 0.4 0.6 0.5 0.1 0.85 0.8 0.0 0.7 
-0.013200029289335067 0.4259593253625862 0.3538872029887321 1.0 0.85 0.6 0.25 0.65 0.45 0.95 0.9 0.3 0.95 0.9 0.2 0.45 0.75 0.35 0.65 0.35 0.35 0.85 0.45 0.5 0.95 0.8 0.4 0.9 0.65 1.0 0.15 1.0 0.0 0.95 0.9 0.1 0.95 0.45 0.65 
-0.0034393443469655956 0.7107068310013346 0.6119722141803101 0.3 0.4 0.35 0.2 0.25 0.5 1.0 0.25 0.5 0.4 0.65 0.35 0.3 0.1 0.45 0.8 1.0 0.6 1.0 0.2 0.75 0.9 0.25 0.25 0.9 1.0 0.3 0.5 0.45 0.6 1.0 0.1 0.85 0.4 1.0 0.5 
-0.01724792142594319 0.5442862628576993 0.6496141218246281 0.3 0.85 0.35 0.2 0.4 0.55 0.9 0.4 0.35 0.7 0.65 0.25 0.95 0.75 0.45 0.1 0.4 0.6 0.85 0.15 0.75 0.75 0.25 0.3 1.0 1.0 0.25 0.55 0.45 0.6 1.0 0.1 0.85 0.4 1.0 0.65 
-0.010450004702815294 0.6953658596547473 0.626861871368326 0.8 0.75 0.25 0.2 0.5 0.5 1.0 0.25 0.5 0.4 0.7 0.35 0.3 0.75 0.75 0.8 0.9 0.6 1.0 0.2 0.8 0.9 0.25 0.2 1.0 1.0 0.3 0.55 0.4 0.6 0.35 0.1 0.85 0.7 0.0 0.7 
-0.09682794444155708 0.73150303544575 0.5260113950358111 0.3 0.75 0.55 0.2 0.25 0.5 1.0 0.25 0.5 0.4 0.65 0.35 0.3 0.75 0.45 0.8 0.0 0.6 1.0 0.2 0.75 0.95 0.25 0.25 1.0 0.2 0.3 0.35 0.4 0.65 1.0 0.1 0.85 0.7 0.0 0.7 
-0.08083611961544875 0.5465365293973883 0.661337376350167 0.25 0.05 0.9 1.0 0.25 0.6 0.5 0.1 0.0 0.65 0.55 0.3 0.45 0.25 0.25 0.35 1.0 0.3 0.95 0.2 0.75 0.7 0.25 0.25 1.0 0.05 0.4 0.2 0.45 0.65 0.95 0.1 0.9 0.4 0.15 0.8 
-0.012504360715803627 0.3813793515619326 0.34912302162758035 1.0 0.85 0.6 0.25 0.65 0.45 0.95 0.9 0.3 0.95 0.9 0.2 0.45 0.9 0.55 0.65 1.0 0.35 0.85 0.45 0.35 0.9 0.8 0.2 0.9 0.75 1.0 0.15 0.35 0.0 1.0 0.9 0.85 0.8 0.45 0.65 
-0.35266613794569274 0.2862137790522966 0.6127571461616153 0.45 0.9 0.5 0.6 0.55 0.7 0.85 0.95 0.35 0.95 0.9 0.2 0.1 0.2 0.4 0.95 0.65 0.45 1.0 0.35 0.65 0.5 0.7 0.3 0.85 0.15 0.2 0.75 0.7 0.35 0.95 0.8 0.25 0.95 0.2 0.3 
-0.003413411169304455 0.4051245800118014 0.36754631722922115 1.0 0.85 0.35 0.25 0.5 0.2 0.95 0.9 0.6 0.75 0.9 0.2 1.0 0.15 0.05 0.75 0.1 0.5 0.5 0.3 0.35 1.0 0.8 0.2 1.0 0.4 0.9 0.15 0.45 0.1 0.85 0.25 0.15 0.95 0.45 0.65 
-0.018517727623734943 0.520938371566948 0.6285777937905355 0.3 0.05 0.75 1.0 0.25 0.1 0.5 0.1 0.0 0.65 0.65 0.3 0.45 0.25 0.05 0.35 0.15 0.15 0.95 0.2 0.75 0.65 0.25 0.25 1.0 0.05 0.4 0.25 0.45 0.6 0.9 0.1 0.9 0.5 0.15 0.85 
-0.01623716070310142 0.7330948027996625 0.6317367587343818 0.6 0.75 0.35 0.7 0.25 0.1 1.0 0.25 0.55 0.4 0.65 0.35 0.7 0.75 0.0 0.35 0.0 0.6 1.0 0.2 0.75 0.95 0.25 0.25 1.0 1.0 0.3 0.4 0.45 0.6 1.0 0.1 0.85 0.4 0.0 0.6 
-0.06566117478749388 0.6731508055270152 0.4146019373955375 0.0 0.15 0.35 0.0 0.5 0.0 1.0 0.25 0.5 0.55 0.8 0.1 0.7 0.75 0.45 0.85 0.85 0.8 0.8 0.2 0.8 0.9 0.25 0.25 0.7 0.1 0.3 0.3 0.5 0.6 1.0 0.1 0.85 0.5 0.95 0.4 
-0.12574195469397131 0.4135512360456588 0.3539837979645346 0.95 0.3 0.6 0.25 0.65 0.45 0.95 0.9 0.3 0.9 0.9 0.2 0.45 0.9 0.55 0.95 1.0 1.0 0.85 0.55 0.35 0.85 0.8 0.2 0.5 0.75 1.0 0.15 0.35 0.0 0.95 0.9 0.75 0.8 0.45 0.65 
-0.08020452925321166 0.3006828253329643 0.588097813310051 0.45 0.9 0.5 0.6 0.6 0.7 0.85 0.95 0.35 0.95 0.9 0.2 0.1 0.2 0.2 0.1 0.65 0.45 1.0 0.35 0.75 0.4 0.7 0.3 0.55 0.15 0.2 0.75 0.7 0.35 0.75 0.8 0.55 0.95 0.2 0.3 
-0.023937885920010688 0.6771561769844023 0.653138641297461 0.3 0.75 0.35 0.2 0.25 0.8 1.0 0.25 0.7 0.3 0.65 0.3 0.55 0.75 0.0 0.35 0.25 0.1 1.0 0.2 0.75 0.9 0.25 0.25 1.0 1.0 0.3 0.4 0.45 0.6 1.0 0.05 0.85 0.25 0.0 0.7 
-0.013587282033409386 0.5205777738066756 0.3573701961144421 0.3 0.15 0.95 0.4 0.5 0.55 1.0 0.25 0.5 0.6 0.8 0.25 0.95 0.75 0.3 0.7 0.85 0.6 0.35 0.2 0.6 1.0 0.25 0.25 0.2 0.5 0.3 0.75 0.15 0.4 0.65 0.1 0.85 0.8 0.95 0.45 
-0.10206238286637018 0.6945593898179256 0.4436272258640726 0.0 0.15 0.35 0.2 0.5 0.3 1.0 0.25 0.45 0.6 0.8 0.25 0.75 0.75 0.85 0.85 1.0 0.6 0.95 0.2 0.8 0.9 0.25 0.25 0.7 0.1 0.3 0.95 0.5 0.6 1.0 0.1 0.85 0.6 0.0 0.3 
-0.00028160297170420694 0.7147313283031569 0.5746516457781509 0.3 0.75 0.35 0.2 0.25 0.5 1.0 0.25 0.5 0.4 0.65 0.35 0.3 0.75 0.45 0.8 1.0 0.6 0.95 0.2 0.75 0.9 0.25 0.25 0.7 1.0 0.3 0.25 0.45 0.6 1.0 0.1 0.85 0.4 0.95 0.7 
-0.11516988111293251 0.3793951297635157 0.3766668100392753 1.0 0.3 0.8 0.25 0.8 0.1 0.95 0.9 0.6 0.75 0.9 0.25 0.9 0.15 1.0 1.0 0.15 0.65 0.5 0.3 0.4 0.8 0.8 0.2 0.75 0.4 1.0 0.75 0.35 0.95 1.0 0.9 0.4 0.95 0.45 0.65 
-0.1155934342067215 0.45348351461785585 0.35741248786324886 0.6 1.0 0.05 0.35 0.35 0.2 0.95 0.95 0.55 0.75 0.9 0.25 1.0 0.0 0.45 0.95 0.0 0.7 0.55 0.35 0.0 0.8 0.8 0.5 1.0 0.95 0.75 0.15 0.25 0.6 0.8 0.95 0.15 0.95 0.45 0.65 
-0.0892258023433646 0.3724382208270154 0.3604514025140083 1.0 0.95 0.6 0.25 0.65 0.5 0.95 0.9 0.3 0.75 0.9 0.2 0.45 0.9 0.55 0.65 1.0 0.9 1.0 0.45 0.35 0.85 0.8 0.2 0.95 0.75 1.0 0.15 0.35 0.0 0.7 0.9 0.75 0.65 0.45 0.65 
-0.04283934265716356 0.7183538628831896 0.628941721893701 0.3 0.4 0.35 0.2 0.25 0.5 1.0 0.25 0.5 0.4 0.65 0.35 0.3 0.1 0.45 0.8 1.0 0.6 1.0 0.2 0.75 0.9 0.25 0.25 0.9 1.0 0.3 0.5 0.45 0.6 1.0 0.1 0.85 0.4 1.0 0.7 
-0.035638155963598185 0.3065142122511212 0.5808886267984377 0.45 0.15 0.7 0.65 0.55 0.25 0.95 0.95 0.35 0.95 0.9 0.2 0.1 0.2 0.2 0.35 0.2 0.55 0.85 0.35 0.45 0.7 0.7 0.5 0.75 0.4 0.0 0.0 0.7 0.5 0.95 0.85 0.35 0.9 0.6 0.65 
-0.08801914092763542 0.3358890427530895 0.6300987139222185 0.95 0.7 0.75 1.0 0.7 0.75 0.7 1.0 0.35 0.75 0.9 0.2 0.65 0.1 0.1 0.65 0.65 0.2 1.0 0.3 0.65 0.65 0.7 0.35 0.95 0.4 0.4 0.05 0.9 0.05 0.8 0.8 0.35 0.95 0.6 0.75 
-0.009554133771845925 0.7363791547665393 0.5623403799712806 0.3 0.85 0.3 0.2 0.25 0.15 1.0 0.25 0.6 0.4 0.65 0.35 0.05 0.75 0.45 0.3 1.0 0.6 0.95 0.2 0.75 0.8 0.25 0.25 0.6 1.0 0.3 0.25 0.45 0.6 1.0 0.1 0.85 0.4 0.95 0.7 
-0.0014387370343029796 0.7128724671505182 0.5186189200046625 0.3 0.85 0.7 0.2 0.25 0.5 1.0 0.25 0.6 0.4 0.85 0.35 0.05 0.75 0.45 0.8 1.0 0.6 0.95 0.2 0.75 0.8 0.25 0.25 0.35 1.0 0.3 0.5 0.45 0.75 1.0 0.1 0.85 0.4 0.95 0.7 
-0.03751512167645166 0.6341140694431782 0.6558425029294341 0.3 0.75 0.35 0.35 0.25 0.8 1.0 0.25 0.6 0.3 0.65 0.3 0.55 0.75 0.0 0.35 0.25 0.1 1.0 0.2 0.75 0.9 0.25 0.25 1.0 1.0 0.3 0.4 0.45 0.6 1.0 0.05 0.85 0.4 0.0 1.0 
-0.01736011672551755 0.6730622438383566 0.38255829613807374 0.0 0.15 0.35 0.2 0.5 0.4 1.0 0.25 0.45 0.6 0.8 0.25 0.7 0.8 0.45 0.85 1.0 0.6 0.95 0.75 0.8 0.9 0.25 0.25 0.15 0.1 0.3 0.65 0.5 0.6 1.0 0.1 0.85 0.6 0.95 0.3 
-0.00650112540391498 0.34606912533868706 0.38164133722189086 1.0 0.3 0.35 0.25 0.5 0.5 0.95 0.9 0.3 0.75 0.9 0.2 0.45 0.15 1.0 0.75 1.0 0.45 0.85 0.3 0.35 0.85 0.8 0.2 0.1 0.05 0.85 0.15 0.35 0.8 0.85 0.9 0.75 0.95 0.45 0.65 
-0.01127540960571602 0.6960862327417149 0.4269135602336369 0.3 0.15 0.35 0.2 0.25 0.5 1.0 0.25 0.5 0.6 0.8 0.25 0.05 0.75 0.45 0.3 1.0 0.6 0.95 0.55 0.75 0.9 0.25 0.25 0.7 0.05 0.3 0.55 0.5 0.6 1.0 0.1 0.85 0.4 0.95 0.3 
-0.0827689954012857 0.7241097942455503 0.6173322343502219 0.6 0.75 0.35 0.55 0.25 0.1 0.95 0.25 0.85 0.4 0.65 0.35 0.7 0.75 0.0 0.35 0.0 0.6 1.0 0.2 0.75 0.85 0.25 0.25 1.0 1.0 0.3 0.9 0.45 0.6 1.0 0.1 0.85 0.6 0.0 0.7 
-0.2176726239919572 0.3257707307390414 0.6076176638841749 0.55 0.65 0.05 0.95 0.05 0.75 0.9 1.0 0.35 0.75 0.9 0.2 0.15 0.15 0.65 0.05 0.75 1.0 1.0 0.3 0.65 0.65 0.7 0.35 1.0 0.4 0.4 0.0 0.0 0.05 1.0 0.85 0.7 0.95 0.6 0.75 
-0.002259388192289102 0.3724349456972049 0.6250761959370451 0.0 0.75 1.0 0.65 0.1 0.75 0.9 1.0 0.35 0.75 0.9 0.2 0.15 0.1 0.2 0.65 0.45 1.0 0.75 0.3 0.45 0.7 0.7 0.6 0.9 0.4 0.4 0.0 0.7 0.05 1.0 0.75 0.45 0.95 0.6 0.65 
-0.002269173435840612 0.504740132001861 0.615481744889552 0.7 0.5 0.45 1.0 0.55 0.7 0.75 0.95 0.85 0.95 0.85 0.75 0.95 0.7 0.65 0.1 0.45 0.9 0.95 0.95 0.75 0.55 0.8 0.6 1.0 0.1 0.3 0.95 0.7 0.8 0.9 0.3 0.75 0.85 0.95 0.95 
-0.0021075747891131282 0.6056440055675598 0.387290766560576 0.65 0.15 0.35 0.2 0.5 0.95 1.0 0.25 0.5 0.6 0.8 0.25 0.45 0.8 0.45 0.85 1.0 0.4 0.5 0.75 0.8 0.9 0.25 0.25 0.7 0.1 0.5 0.65 0.5 0.65 0.9 0.1 0.85 0.6 0.95 0.3 
-0.02132344992055236 0.5848574423356299 0.6635680169116721 0.05 0.85 0.35 0.7 0.4 0.75 0.9 0.4 0.35 0.6 0.65 0.25 0.95 0.75 0.45 0.7 0.4 0.6 0.3 0.15 0.75 0.8 0.25 0.25 1.0 0.95 0.25 0.3 0.45 0.4 1.0 0.1 0.85 0.4 0.95 0.75 
-0.017387038640051457 0.6387325533612975 0.3781561401399955 0.15 0.15 0.35 0.2 0.5 0.4 1.0 0.25 0.5 0.6 0.8 0.25 0.45 0.8 0.45 0.85 1.0 0.4 1.0 0.75 0.8 0.9 0.25 0.25 0.7 0.1 0.5 0.65 0.5 0.65 0.9 0.1 0.85 0.6 0.95 0.3 
-0.0018261208426375937 0.5961970858971619 0.343972786855526 0.3 0.15 0.95 0.4 0.5 0.55 1.0 0.25 0.6 0.7 0.8 0.25 0.95 0.75 0.3 1.0 0.85 0.6 0.75 0.2 0.25 1.0 0.25 0.25 0.55 0.5 0.3 0.35 0.15 0.4 0.9 0.1 0.85 0.95 0.95 0.45 
-0.010809478313279797 0.5398606775268635 0.34449025200097383 0.55 0.65 0.05 0.65 0.45 0.35 1.0 0.25 0.5 0.7 0.8 0.3 0.4 0.75 0.45 0.3 0.5 0.1 0.55 0.55 0.6 1.0 0.25 0.25 0.8 0.6 0.6 0.5 0.15 0.45 1.0 0.1 0.85 0.9 0.95 0.45 
-0.01524864283695443 0.6289991348585735 0.3575572284877533 0.3 0.65 0.35 0.65 0.45 0.1 1.0 0.25 0.5 0.7 0.8 0.35 0.4 0.75 0.35 0.3 1.0 0.6 0.55 0.55 0.6 1.0 0.25 0.25 0.55 0.25 0.3 0.7 0.15 0.45 1.0 0.1 0.85 0.9 0.95 0.3 
-0.015211482904179717 0.6372638582411843 0.3617891733171037 0.9 0.65 0.35 0.65 0.75 0.1 1.0 0.25 0.5 0.7 0.8 0.05 0.35 0.75 0.45 0.3 1.0 0.6 0.85 0.55 0.6 1.0 0.25 0.25 0.55 0.25 0.0 0.55 0.15 0.45 1.0 0.1 0.85 0.75 0.95 0.3 
-0.018586968689275334 0.7337190171835247 0.5819644363525518 0.3 0.85 0.3 0.2 0.25 0.5 1.0 0.25 0.6 0.4 0.65 0.35 0.05 0.3 0.45 0.5 1.0 0.6 0.95 0.2 0.75 0.8 0.25 0.25 0.6 0.05 0.3 0.25 0.45 0.6 1.0 0.1 0.85 0.4 0.95 0.7 
-0.00931431187554971 0.5825445978148889 0.3717870795833076 0.3 0.15 0.95 0.4 0.5 0.55 1.0 0.25 0.5 0.6 0.8 0.25 0.95 0.75 0.3 1.0 0.85 0.6 0.35 0.2 0.25 0.9 0.25 0.25 0.55 0.5 0.3 0.45 0.15 0.4 0.9 0.1 0.85 0.95 0.95 0.45 
-0.005599633129860527 0.6167494959462703 0.39787511440215534 0.3 0.15 0.35 0.2 0.65 0.5 1.0 0.25 0.5 0.35 0.8 0.25 0.05 0.75 0.85 0.3 1.0 0.6 0.95 0.2 0.75 0.9 0.25 0.25 0.1 0.05 0.3 0.45 0.5 0.6 0.7 0.1 0.85 0.75 0.95 0.3 
-0.04683168807229075 0.3417214573746179 0.6353651130567741 0.95 0.7 0.75 1.0 0.7 0.75 0.9 1.0 0.35 0.75 0.9 0.2 0.65 0.1 0.1 0.65 0.65 1.0 1.0 0.3 0.65 0.65 0.7 0.35 0.95 0.4 0.4 0.05 0.9 0.05 0.8 0.8 0.35 0.95 0.6 0.75 
-0.07276755240367529 0.7076992360874965 0.43946166189517555 0.0 0.15 0.35 0.2 0.5 0.3 1.0 0.25 0.45 0.6 0.8 0.25 0.75 0.75 0.85 0.85 1.0 0.6 0.95 0.2 0.8 0.9 0.25 0.25 0.7 0.1 0.3 0.5 0.5 0.6 1.0 0.1 0.85 0.6 0.0 0.3 
-0.0503295787603498 0.7227415993930262 0.43664138613093606 0.0 0.15 0.35 0.2 0.5 0.1 1.0 0.25 0.45 0.85 0.8 0.25 0.7 0.75 0.45 0.85 1.0 0.6 0.95 0.2 0.8 0.9 0.25 0.25 0.7 0.1 0.3 0.4 0.5 0.6 1.0 0.1 0.85 0.6 0.0 0.3 
-0.044420289171849404 0.5727556351740101 0.34309326475161506 0.3 0.15 0.95 0.4 0.5 0.55 1.0 0.25 0.5 0.6 0.8 0.1 0.95 0.4 0.3 0.7 0.85 0.6 0.35 0.2 0.25 1.0 0.25 0.25 0.2 0.5 0.3 0.9 0.15 0.4 0.9 0.1 0.85 0.8 0.95 0.45 
-0.0006556042162601844 0.5735818251019019 0.362552654950113 0.15 0.15 0.35 0.2 0.5 0.4 1.0 0.25 0.5 0.6 0.8 0.25 0.7 0.8 0.45 0.85 1.0 0.05 0.95 0.6 0.8 0.9 0.25 0.25 0.7 0.1 0.95 0.65 0.5 0.65 0.9 0.1 0.85 0.6 0.95 0.3 
-0.00956003742202501 0.31916011773145936 0.4193052047446857 0.7 0.3 0.25 0.25 0.5 0.2 0.95 0.9 0.3 0.9 0.9 0.2 0.9 0.15 1.0 0.75 1.0 0.45 0.85 0.3 0.35 0.85 0.8 0.2 0.2 0.65 1.0 0.15 0.35 1.0 1.0 0.85 0.45 0.95 0.45 0.65 
-0.04498423017444273 0.6002139382202983 0.6706836853448892 0.05 0.85 0.35 0.7 0.4 0.75 0.9 0.4 0.35 0.6 0.65 0.25 0.95 0.75 0.45 0.7 0.4 0.6 0.95 0.15 0.75 0.8 0.25 0.25 1.0 0.95 0.25 0.25 0.45 0.6 0.5 0.1 0.85 0.4 0.95 0.75 
-0.054568448626020984 0.30334730906248375 0.44891189068295817 1.0 0.3 0.9 0.25 0.0 0.5 0.8 0.9 0.3 0.9 0.9 0.2 0.45 0.7 0.55 0.85 1.0 0.45 0.85 0.3 0.35 0.8 0.75 0.5 1.0 0.05 0.4 0.15 0.45 0.3 0.85 0.9 0.5 1.0 0.45 0.65 
-0.14337703146724956 0.2973422395220783 0.46920449010953375 0.05 0.3 0.35 0.25 0.1 0.5 0.95 0.9 0.3 0.9 0.9 0.2 0.45 0.15 1.0 0.85 0.15 0.45 0.85 0.3 0.35 0.8 0.75 0.5 0.8 0.05 0.4 0.15 0.45 0.3 0.85 0.9 0.5 0.45 0.45 0.65 
-1.2737755988531028 0.5546772252954785 0.6675892857145256 0.3 0.05 0.45 1.0 0.65 0.8 0.5 0.1 0.0 0.65 0.55 0.3 0.45 0.25 0.25 0.35 1.0 0.3 0.95 0.25 0.75 0.7 0.25 0.25 1.0 0.05 0.4 0.2 0.5 0.7 0.9 0.1 0.9 0.4 0.15 0.85 
-0.16022607506591366 0.7257165818964691 0.4831458172647954 0.15 0.15 0.35 0.2 0.5 0.4 1.0 0.25 0.5 0.6 0.8 0.25 0.7 0.3 0.45 0.85 1.0 0.05 0.95 0.75 0.8 0.9 0.25 0.25 0.7 0.1 0.3 0.5 0.5 0.65 0.9 0.1 0.85 0.6 0.95 0.3 
-0.028312083625705725 0.37351970174168975 0.626985105443325 0.0 0.15 1.0 0.65 0.1 0.75 0.9 1.0 0.35 0.75 0.9 0.2 0.15 0.1 0.2 0.65 0.45 1.0 0.85 0.3 0.45 0.7 0.7 0.6 0.9 0.4 0.4 0.0 0.7 0.05 1.0 0.75 0.45 0.95 0.6 0.65 
-0.8591134816762591 0.6617431435233343 0.6708032002797631 0.3 0.75 0.1 0.2 0.25 0.8 1.0 0.25 0.85 0.3 0.65 0.3 0.55 0.75 0.0 0.35 0.25 0.1 1.0 0.2 0.75 0.9 0.25 0.25 1.0 1.0 0.3 0.4 0.45 0.6 1.0 0.05 0.85 0.25 0.0 0.7 
-0.3498077818627465 0.48089694953865336 0.6313667731837957 0.3 0.95 0.15 0.05 0.55 0.75 0.9 0.05 0.4 0.5 0.9 0.3 0.95 0.1 0.85 0.65 0.75 1.0 0.85 0.3 0.8 1.0 0.7 0.35 0.95 0.4 0.4 0.45 0.45 0.05 1.0 0.7 0.45 0.95 0.55 0.75 
-0.12003433778929848 0.29849519026303195 0.5032615623160936 0.45 0.9 0.5 0.6 0.55 0.75 0.95 0.95 0.35 0.95 0.9 0.2 0.1 0.2 0.4 0.95 0.65 0.45 1.0 0.35 0.65 0.5 0.7 0.3 0.85 0.15 0.2 0.75 0.35 0.35 0.95 0.8 0.25 0.95 0.2 0.3 
-0.06499002369031352 0.34270172660083786 0.3899404126859173 0.7 0.3 0.25 0.25 0.5 0.2 0.95 0.9 0.3 0.9 0.9 0.2 0.9 0.15 1.0 0.75 1.0 0.45 0.85 0.3 0.35 0.85 0.8 0.2 0.2 0.65 1.0 0.15 0.35 1.0 1.0 0.85 0.75 0.95 0.45 0.65 
-0.4104312244326758 0.27311922755783946 0.47077295340089115 0.55 0.3 0.35 0.25 0.65 0.5 0.95 0.9 0.3 0.9 0.9 0.2 0.25 0.7 0.8 0.85 0.2 0.45 0.8 0.3 0.35 0.9 0.8 0.5 1.0 0.05 0.35 0.15 0.4 0.2 1.0 0.9 0.6 0.7 0.45 0.65 
-0.09833331147200029 0.27476356731126284 0.5045996816175958 1.0 0.3 0.35 0.25 0.65 0.5 0.95 0.9 0.3 0.9 0.9 0.2 0.9 0.7 1.0 0.85 1.0 0.45 0.85 0.3 0.4 0.75 0.75 0.5 1.0 0.05 0.45 0.15 0.35 0.3 0.85 0.75 0.5 1.0 0.45 0.65 
-0.032617728306220325 0.29356522169354826 0.5285148600529622 0.45 0.9 0.2 0.95 0.6 0.7 0.95 0.95 0.35 1.0 0.9 0.2 0.1 0.2 0.8 0.55 0.65 0.45 0.9 0.35 0.55 0.25 0.7 0.3 0.9 0.15 0.2 0.6 0.8 0.4 0.95 0.85 0.8 0.95 0.2 0.3 
-0.04496733018617859 0.6957411150723198 0.41479142931460117 0.0 0.15 0.35 0.0 0.5 0.0 1.0 0.25 0.5 0.55 0.8 0.1 0.7 0.75 0.45 0.85 0.85 0.8 0.8 0.2 0.8 0.9 0.25 0.25 0.7 0.1 0.3 0.3 0.5 0.6 1.0 0.1 0.85 0.5 0.95 0.3 
-0.26369920203231223 0.4062361990883447 0.3444342583902573 0.95 0.3 0.6 0.25 0.65 0.45 0.95 0.9 0.3 0.7 0.9 0.2 0.75 0.9 0.55 0.95 1.0 1.0 0.85 0.55 0.35 0.75 0.8 0.2 0.7 0.75 1.0 0.15 0.35 0.0 0.95 0.9 0.75 0.85 0.45 0.65 
-0.09960667927434917 0.5360919637134841 0.6578350421328355 0.25 0.05 0.9 1.0 0.25 0.2 0.5 0.1 0.0 0.65 0.55 0.3 0.45 0.25 0.25 0.35 1.0 0.3 0.95 0.2 0.75 0.7 0.25 0.25 1.0 0.05 0.4 0.2 0.45 0.65 0.75 0.1 0.9 0.4 0.15 0.9 
-0.03183108948995021 0.7370102599044778 0.49347618434668783 0.0 0.15 0.35 0.2 0.5 0.4 1.0 0.25 0.7 0.6 0.8 0.25 0.7 0.8 0.45 0.85 1.0 0.05 0.95 0.75 0.8 0.9 0.25 0.25 0.7 0.1 0.3 0.65 0.5 0.6 0.9 0.1 0.85 0.6 0.95 0.3 
-0.008602498708724858 0.6561664430879218 0.3865072728196263 0.0 0.15 0.35 0.2 0.5 0.4 1.0 0.25 0.5 0.6 0.8 0.25 0.7 0.8 0.45 0.85 1.0 0.6 0.95 0.4 0.8 0.9 0.25 0.25 0.7 0.1 0.3 0.65 0.5 0.6 1.0 0.1 0.85 0.6 0.95 0.3 
-3.4343773948759604 0.31328508100422514 0.6479783567683606 0.45 0.9 0.5 0.6 0.8 0.7 0.95 0.95 0.35 0.95 0.9 0.2 0.1 0.2 0.2 0.1 0.65 0.2 1.0 0.35 0.75 0.4 0.7 0.3 1.0 0.15 0.2 0.75 0.7 0.35 0.6 0.7 0.65 0.95 0.2 0.3 
-0.15669296935844718 0.727037381805348 0.48218490021329813 0.15 0.15 0.35 0.2 0.5 0.4 1.0 0.25 0.5 0.6 0.8 0.4 0.7 0.3 0.45 0.85 1.0 0.05 0.95 0.75 0.8 0.9 0.25 0.25 0.7 0.1 0.3 0.5 0.5 0.65 0.9 0.1 0.85 0.6 0.95 0.3 
-2.997187485652584 0.6476042262093477 0.3569390815355915 0.9 0.65 0.35 0.65 0.75 0.1 1.0 0.25 0.5 0.7 0.8 0.05 0.4 0.75 0.45 0.3 1.0 0.6 0.85 0.55 0.6 1.0 0.25 0.25 0.55 0.25 0.3 0.55 0.15 0.45 1.0 0.1 0.85 0.75 0.95 0.3 
-0.024671098025547376 0.7528814052246469 0.5812124953928535 0.7 0.75 0.35 0.2 0.15 0.5 1.0 0.25 0.6 0.4 0.65 0.35 0.5 0.75 0.45 0.8 0.0 0.6 0.9 0.2 0.75 0.9 0.25 0.25 0.6 1.0 0.25 0.35 0.4 0.6 1.0 0.1 0.85 0.8 0.0 0.7 
-0.0078043323440464725 0.6853683213566509 0.3886090805978236 0.0 0.15 0.35 0.2 0.5 0.5 1.0 0.25 0.45 0.6 0.8 0.1 0.7 0.75 0.7 0.85 0.85 0.6 0.95 0.2 0.8 0.9 0.25 0.25 0.7 0.1 0.3 0.7 0.5 0.6 1.0 0.1 0.85 0.5 0.95 0.3 
-0.01316826354486782 0.39322901101962576 0.6521387253013191 0.0 0.7 0.75 1.0 0.7 1.0 0.9 1.0 0.35 0.45 0.9 0.2 0.65 0.1 0.1 0.65 0.65 1.0 1.0 0.3 0.65 0.65 0.7 0.35 0.95 0.4 0.4 0.05 0.9 0.05 0.8 0.8 0.35 0.95 0.6 0.75 
-0.1790051785320833 0.724228096798166 0.462913636337383 0.15 0.15 0.35 0.2 0.5 0.4 1.0 0.25 0.5 0.6 0.8 0.25 0.7 0.8 0.45 0.85 1.0 0.05 0.95 0.75 0.8 0.9 0.25 0.25 0.7 0.1 0.3 0.65 0.5 0.65 0.9 0.1 0.85 0.6 0.95 0.3 
-3.2330521623383413 0.5046136393025112 0.6533979179943108 0.05 0.85 0.85 0.7 0.4 0.6 0.9 0.4 0.15 0.6 0.65 0.25 0.95 0.75 0.45 0.7 0.4 0.6 0.7 0.15 0.75 0.85 0.25 0.25 1.0 0.9 0.25 0.25 0.45 0.6 1.0 0.1 0.85 0.4 0.95 0.75 
-0.0185965922438593 0.7403475232237051 0.6100386041292385 0.5 0.75 0.35 0.2 0.25 0.5 1.0 0.25 0.5 0.4 0.65 0.35 0.3 0.75 0.5 0.8 0.8 0.6 1.0 0.2 0.8 0.7 0.25 0.25 0.7 1.0 0.3 0.25 0.4 0.6 1.0 0.1 0.85 0.7 0.0 0.7 
-0.09302643345266205 0.27558981575060104 0.5608034965337092 0.45 0.9 0.5 0.6 0.6 0.7 0.95 0.95 0.35 0.95 0.9 0.2 0.1 0.2 0.2 0.1 0.65 0.45 1.0 0.35 0.65 0.75 0.7 0.3 0.85 0.15 0.2 0.75 0.7 0.35 0.95 0.85 0.8 0.95 0.2 0.3 
-0.03695372103869536 0.2722410444290536 0.5302601235639216 0.45 0.9 0.7 0.6 0.6 0.7 0.95 0.95 0.35 0.95 0.9 0.2 0.1 0.2 0.2 0.35 0.65 0.45 1.0 0.35 0.5 0.75 0.7 0.3 0.85 0.15 0.2 0.6 0.7 0.25 0.95 0.85 0.8 0.85 0.2 0.3 
-2.53535466731621 0.5144834175754656 0.34431232413594814 0.3 0.15 0.35 0.4 0.25 0.55 1.0 0.25 0.7 0.5 0.8 0.25 0.05 0.75 0.3 0.7 0.85 0.6 0.35 0.1 0.9 1.0 0.25 0.25 0.2 0.5 0.35 0.4 0.15 0.4 0.65 0.1 0.85 0.95 0.95 0.45 
-3.0327808824562843 0.5086403249018012 0.34305371684917507 0.3 0.15 0.35 0.4 0.25 0.55 1.0 0.25 0.7 0.5 0.8 0.25 0.05 0.75 0.3 0.7 0.85 0.6 0.4 0.1 0.9 1.0 0.25 0.25 0.2 0.5 0.35 0.4 0.15 0.4 0.65 0.1 0.85 0.95 0.95 0.45 
-0.4651682891915939 0.2840045561594893 0.593849687775482 0.45 0.9 0.5 0.6 0.35 0.7 0.85 0.95 0.35 0.95 0.9 0.2 0.1 0.2 0.4 0.95 0.65 0.45 1.0 0.35 0.65 0.5 0.7 0.3 0.85 0.15 0.2 0.75 0.7 0.35 0.55 0.8 0.25 0.95 0.2 0.3 
-0.16006227261130448 0.6791640784733174 0.6562781330132001 0.3 0.75 0.1 0.2 0.25 0.8 1.0 0.25 0.85 0.3 0.65 0.35 0.55 0.75 0.0 0.35 0.25 0.1 1.0 0.2 0.75 0.9 0.25 0.25 1.0 1.0 0.3 0.4 0.45 0.6 1.0 0.05 0.85 0.25 0.0 0.7 
-1.64878801312741 0.4686746309222445 0.3349999171513569 0.4 0.85 0.6 0.25 0.85 0.45 1.0 0.9 0.35 0.95 0.9 0.2 0.45 0.75 1.0 0.65 0.6 0.05 0.45 0.45 0.15 0.95 0.8 0.25 0.9 0.3 1.0 0.15 0.55 0.0 0.95 0.9 0.1 0.9 0.45 0.65 
-0.08437166646627142 0.6118640372843831 0.6827959918357048 0.05 0.45 0.35 0.7 0.4 0.75 0.9 0.4 0.35 0.6 0.65 0.25 0.95 0.75 0.45 0.7 0.4 0.6 0.7 0.2 0.75 0.85 0.25 0.25 1.0 0.95 0.25 0.25 0.45 0.6 1.0 0.1 0.85 0.4 0.05 0.75 
-0.14102767451387446 0.2991532862080494 0.4322639422463293 0.2 0.3 0.35 0.45 0.65 0.5 0.95 0.9 0.3 0.9 0.9 0.2 0.65 0.35 0.95 0.85 1.0 0.45 0.85 0.3 0.35 0.75 0.75 0.5 1.0 0.05 0.45 0.15 0.45 0.3 0.55 0.9 0.5 1.0 0.45 0.65 
-0.08548818842195371 0.3158333605358896 0.39852075257743297 1.0 0.3 0.35 0.25 0.5 0.5 0.95 0.9 0.3 0.75 0.9 0.2 0.65 0.15 1.0 0.5 1.0 0.45 1.0 0.3 0.35 0.85 0.8 0.2 1.0 0.5 1.0 0.15 0.35 0.95 0.85 0.9 0.75 0.95 0.45 0.65 
-0.13191665028537045 0.34424381692855976 0.6467978751090446 0.0 0.7 0.75 1.0 0.7 0.75 0.85 1.0 0.35 0.75 0.9 0.2 0.65 0.1 0.1 0.65 0.65 1.0 1.0 0.3 0.65 0.65 0.7 0.35 0.95 0.4 0.4 0.05 0.55 0.05 0.8 0.8 0.35 0.95 0.6 0.75 
-0.2593815368935706 0.5351576527299449 0.3386727954465818 0.55 0.65 0.05 0.65 0.45 0.35 1.0 0.25 0.5 0.7 0.8 0.25 0.4 0.75 0.45 0.3 0.5 0.1 0.55 0.55 0.6 1.0 0.25 0.25 0.8 0.6 0.6 0.5 0.15 0.45 1.0 0.1 0.85 0.9 0.95 0.45 
-0.15530029776374923 0.5780444359476167 0.34525592768488444 0.35 0.85 0.8 0.4 0.5 0.55 1.0 0.25 0.5 0.6 0.8 0.25 0.95 0.75 0.35 0.7 0.85 0.6 0.35 0.2 0.25 1.0 0.25 0.25 0.2 0.5 0.15 0.35 0.15 0.4 0.8 0.1 0.85 0.95 0.95 0.45 
-0.20485585309633259 0.40425973951601935 0.329347951043223 1.0 0.3 0.6 0.25 0.65 0.45 0.95 0.9 0.3 0.95 0.9 0.2 0.05 0.9 0.4 0.0 1.0 0.35 0.85 0.5 0.35 0.95 0.8 0.2 0.7 0.75 1.0 0.1 0.35 0.0 0.95 0.9 0.75 0.8 0.45 0.65 
-0.08069710545573622 0.6955226748394476 0.6542664480440414 0.3 0.75 0.1 0.2 0.25 0.8 1.0 0.25 0.8 0.3 0.65 0.35 0.55 0.75 0.0 0.35 0.25 0.1 1.0 0.2 0.75 0.9 0.25 0.25 1.0 1.0 0.3 0.4 0.45 0.6 1.0 0.05 0.85 0.25 0.0 0.7 
-0.12875307064234073 0.35939159071287363 0.645947298533017 0.0 0.7 0.75 1.0 0.7 0.75 0.9 1.0 0.35 0.75 0.9 0.2 0.65 0.1 0.1 0.65 0.65 1.0 1.0 0.3 0.65 0.65 0.7 0.35 0.95 0.4 0.4 0.05 0.0 0.25 0.8 0.8 0.35 0.95 0.6 0.75 
-0.05099551340050422 0.33237106034790365 0.37453926383100733 0.7 0.3 0.25 0.25 0.5 0.5 0.95 0.9 0.3 0.9 0.9 0.2 0.9 0.15 0.55 0.75 1.0 0.45 0.85 0.3 0.35 0.85 0.8 0.2 0.75 0.65 1.0 0.15 0.35 1.0 1.0 0.9 0.75 0.95 0.45 0.65 
-0.2990664199156791 0.39044745711999124 0.6545777834397779 0.0 0.85 1.0 1.0 0.1 0.75 0.9 1.0 0.35 0.75 0.9 0.2 0.15 0.1 0.85 0.1 0.75 1.0 0.85 0.3 0.65 0.7 0.7 0.35 0.95 0.4 0.4 0.0 0.5 0.3 0.95 0.7 0.45 0.95 0.55 0.75 
-0.11875881101624329 0.2948089840832431 0.441076842314313 1.0 0.3 0.35 0.25 0.65 0.5 0.95 0.9 0.3 0.9 0.9 0.2 0.45 0.7 1.0 0.85 1.0 0.45 0.85 0.3 0.35 0.8 0.75 0.5 1.0 0.05 0.4 0.15 0.45 0.3 0.85 0.9 0.5 1.0 0.45 0.65 
-0.19355527490614208 0.5849236893668155 0.6841850518584972 0.3 0.85 0.35 0.2 0.4 0.55 0.9 0.4 0.4 0.7 0.65 0.25 0.95 0.75 0.45 0.1 0.4 0.6 0.85 0.15 0.75 0.75 0.25 0.25 1.0 1.0 0.25 0.25 0.45 0.6 1.0 0.1 0.85 0.4 1.0 0.85 
-0.03084182669285992 0.7632724698306377 0.6248316891945677 0.3 0.75 0.35 0.2 0.25 0.5 1.0 0.25 0.5 0.4 0.65 0.35 0.5 0.75 0.45 0.8 0.0 0.6 1.0 0.2 0.75 0.95 0.25 0.25 0.85 1.0 0.25 0.35 0.4 0.6 1.0 0.1 0.85 0.8 0.0 0.7 
-0.11103112134892325 0.2891267588281696 0.45281673833722186 1.0 0.3 0.35 0.25 0.65 0.5 0.95 0.9 0.3 0.9 0.9 0.2 0.45 0.7 0.75 0.85 1.0 0.5 0.85 0.3 0.35 0.75 0.8 0.5 1.0 0.05 0.45 0.15 0.7 0.3 0.7 0.9 0.5 1.0 0.45 0.65 
-0.1611878353643525 0.4649156960901419 0.6423948409635007 0.55 0.55 0.3 0.65 0.1 0.75 0.7 1.0 0.55 0.75 0.0 0.25 0.15 0.85 0.5 0.65 0.8 0.05 0.9 0.3 0.65 0.7 0.7 0.4 1.0 0.4 0.4 0.0 0.45 0.05 0.25 0.6 0.0 0.9 0.6 0.8 
-0.1558393304398847 0.6110201548605914 0.6936803018558604 0.05 0.85 0.35 0.7 0.4 0.75 0.95 0.4 0.35 0.6 0.65 0.25 0.95 0.85 0.45 1.0 0.4 0.6 0.6 0.15 0.75 0.8 0.25 0.25 1.0 0.95 0.25 0.25 0.45 0.4 0.95 0.1 0.85 0.4 0.95 0.75 
-0.5583093011706077 0.6332530215892156 0.6816951893561835 0.05 0.85 0.35 0.7 0.4 0.75 0.9 0.4 0.35 0.6 0.65 0.25 0.95 0.75 0.45 0.7 0.4 0.6 0.4 0.15 0.75 0.8 0.25 0.25 1.0 0.95 0.25 0.25 0.45 0.6 1.0 0.1 0.85 0.4 0.95 0.75 
-1.580589128936167 0.6044040908659564 0.698352134330525 0.05 0.3 0.35 0.7 0.4 0.75 0.9 0.4 0.35 0.6 0.65 0.25 0.95 0.75 0.45 0.7 0.4 0.6 0.55 0.15 0.75 0.8 0.25 0.25 1.0 0.95 0.25 0.3 0.45 0.4 1.0 0.1 0.85 0.4 0.95 0.75 
-0.005918009122022587 0.7236554855310853 0.6500027930711731 0.6 0.75 0.35 0.2 0.25 0.1 1.0 0.25 0.55 0.4 0.65 0.35 0.7 0.75 0.0 0.35 0.0 0.6 1.0 0.2 0.75 0.95 0.25 0.25 1.0 1.0 0.3 0.4 0.45 0.6 1.0 0.1 0.85 0.4 0.0 0.7 
-0.4970334946205112 0.4313940222847378 0.33843912112236924 1.0 0.85 0.6 0.25 0.65 0.45 0.95 0.9 0.35 0.95 0.9 0.2 0.45 0.9 0.55 0.65 0.35 0.35 0.85 0.45 0.35 0.9 0.8 0.2 0.9 0.75 1.0 0.15 0.35 0.0 0.95 0.9 0.85 0.8 0.45 0.65 
-5.453039130139688 0.6244165075416879 0.3379424252085639 0.3 0.65 0.35 0.65 0.45 0.1 1.0 0.25 0.5 0.7 0.8 0.05 0.4 0.75 0.45 0.3 1.0 0.6 0.55 0.55 0.6 1.0 0.25 0.25 0.55 0.25 0.3 0.7 0.15 0.45 1.0 0.1 0.85 0.9 0.95 0.3 
-0.030876540184857405 0.7171615495216017 0.4283830123570594 0.0 0.15 0.35 1.0 0.5 0.1 1.0 0.25 0.45 0.75 0.8 0.25 0.7 0.75 0.45 0.85 1.0 0.6 0.95 0.2 0.8 0.9 0.25 0.25 0.8 0.1 0.3 0.4 0.5 0.6 1.0 0.1 0.85 0.65 0.0 0.3 
-0.012172142595857029 0.4582315790419698 0.6542051790944973 0.0 0.85 1.0 1.0 0.1 0.75 0.9 1.0 0.35 0.75 0.9 0.2 0.3 0.1 0.85 0.15 0.75 1.0 0.75 0.3 0.45 0.7 0.7 0.35 0.35 0.4 0.4 0.0 0.45 0.8 1.0 0.7 0.45 0.95 0.55 0.75 
-1.9739216663236139 0.6693198673689358 0.6828413698809987 0.35 0.75 0.25 0.75 0.25 0.5 1.0 0.25 0.25 0.4 0.65 0.35 0.25 0.75 0.45 0.8 0.45 0.6 1.0 0.2 0.8 0.9 0.25 0.2 1.0 1.0 0.3 0.4 0.4 0.6 0.95 0.1 0.85 0.65 0.0 0.7 
-0.021451098786350736 0.42910324409028505 0.6737008191852707 0.0 0.85 1.0 1.0 0.1 0.75 0.9 1.0 0.35 0.75 0.9 0.2 1.0 0.1 0.85 0.75 0.75 1.0 0.85 0.3 0.45 0.7 0.7 0.35 0.9 0.4 0.4 0.0 0.45 0.3 1.0 0.7 0.45 0.95 0.55 0.75 
-0.03637530101593302 0.6852014986057721 0.6740304424289028 0.3 0.75 0.35 0.2 0.25 0.8 1.0 0.25 0.55 0.3 0.65 0.3 0.55 0.75 0.0 0.35 0.25 0.1 1.0 0.2 0.75 0.9 0.25 0.25 1.0 1.0 0.3 0.4 0.45 0.6 1.0 0.05 0.85 0.25 0.0 0.7 
-4.00499203496951 0.6797805882825335 0.36285855095566294 0.0 0.15 0.35 0.2 0.5 0.4 1.0 0.25 0.45 0.6 0.8 0.25 0.7 0.8 0.45 0.85 1.0 0.6 0.95 0.75 0.8 0.9 0.25 0.25 0.15 0.1 0.3 1.0 0.5 0.6 1.0 0.1 0.85 0.6 0.95 0.3 
-0.0049328919375741425 0.35859920421995983 0.33300680740328903 1.0 0.3 0.15 0.25 0.65 0.45 1.0 0.9 0.3 0.95 0.9 0.2 0.45 0.9 0.45 0.65 1.0 0.35 0.85 0.55 0.45 0.9 0.8 0.2 0.4 0.3 0.8 0.15 0.5 0.15 0.95 0.9 0.75 0.8 0.45 0.65 
-0.9394660013239934 0.6577627169732656 0.3575071145532025 0.9 0.65 0.35 0.65 0.1 0.1 1.0 0.25 0.5 0.85 0.8 0.05 0.8 0.15 0.45 0.3 1.0 0.6 0.85 0.55 0.6 1.0 0.25 0.25 0.55 0.25 0.25 0.35 0.15 0.45 1.0 0.1 0.85 0.75 0.95 0.3 
-0.1180301548566746 0.40051235000824753 0.33816881008011523 0.95 0.3 0.6 0.25 0.65 0.45 0.95 0.9 0.3 0.9 0.9 0.2 0.75 0.9 0.55 0.95 1.0 1.0 0.85 0.55 0.35 0.75 0.8 0.2 0.7 0.75 1.0 0.15 0.35 0.0 0.95 0.9 0.75 0.85 0.45 0.65 
-0.008453689594134185 0.7393294930723451 0.6482945464216809 0.3 0.75 0.25 0.45 0.25 0.9 1.0 0.25 0.65 0.4 0.65 0.35 0.3 0.75 0.45 0.8 0.8 0.6 1.0 0.2 0.75 0.9 0.25 0.2 1.0 1.0 0.3 0.25 0.4 0.6 0.85 0.1 0.85 0.7 0.0 0.7 
-0.15865370003592877 0.7563836890515996 0.651915320637657 0.3 0.75 0.35 0.2 0.25 0.5 1.0 0.25 0.5 0.4 0.65 0.35 0.3 0.75 0.45 0.8 0.0 0.6 1.0 0.2 0.75 0.95 0.25 0.25 1.0 1.0 0.3 0.35 0.4 0.6 1.0 0.1 0.85 0.7 0.0 0.7 
-0.21535349893318903 0.7319706581567202 0.6592392328606103 0.3 0.75 0.0 0.45 0.25 0.5 1.0 0.25 0.5 0.4 0.65 0.35 0.3 0.75 0.45 0.8 0.8 0.6 1.0 0.2 0.8 0.9 0.25 0.2 1.0 1.0 0.3 0.25 0.4 0.6 0.85 0.1 0.85 0.7 0.0 0.7 
-11.584204646764702 0.5647446513134851 0.6935925142282883 0.05 0.85 0.35 0.7 0.4 0.75 0.9 0.4 0.35 0.45 0.65 0.25 0.7 0.75 0.45 0.7 0.4 0.6 0.95 0.15 0.75 0.8 0.25 0.25 1.0 0.95 0.25 0.25 0.45 0.4 1.0 0.1 0.85 0.4 0.95 0.75 
-0.3351789546902627 0.7401675526682713 0.5156838868052787 0.3 0.75 0.3 0.95 0.25 0.4 0.95 0.25 0.5 0.6 0.65 0.35 0.3 0.85 0.8 0.8 0.0 0.6 1.0 0.2 0.75 0.95 0.25 0.25 0.4 1.0 0.15 0.35 0.4 0.6 1.0 0.1 0.85 0.7 0.0 0.7 
-9.868712570118541 0.5108531710157515 0.6732103534669774 0.05 0.85 0.35 0.7 0.4 0.6 0.9 0.4 0.15 0.6 0.65 0.25 0.95 0.75 0.45 0.7 0.4 0.6 0.9 0.15 0.75 0.85 0.25 0.25 1.0 0.9 0.25 0.25 0.45 0.6 1.0 0.1 0.85 0.4 0.95 0.75 
-15.108858529747474 0.5328688013613527 0.6875528398957015 0.3 0.85 0.35 0.2 0.4 0.55 0.9 0.4 0.4 0.7 0.65 0.25 0.95 0.75 0.45 0.1 0.4 0.6 0.85 0.15 0.75 0.75 0.25 0.25 1.0 1.0 0.25 0.25 0.45 0.6 1.0 0.1 0.85 0.4 1.0 0.75 
-0.1943725688730715 0.7692402704734524 0.6100652238035087 0.3 0.75 0.35 0.75 0.25 0.5 1.0 0.25 0.75 0.4 0.65 0.35 0.3 0.75 0.45 0.8 0.0 0.6 1.0 0.2 0.75 0.95 0.25 0.25 1.0 1.0 0.3 0.35 0.4 0.6 1.0 0.1 0.85 0.7 0.0 0.7 
-0.23950079206938918 0.749064865437812 0.6691739212348707 0.25 0.75 0.25 0.2 0.5 0.5 1.0 0.25 0.55 0.4 0.65 0.35 0.05 0.75 0.45 0.8 0.8 1.0 1.0 0.2 0.8 0.9 0.25 0.2 1.0 1.0 0.3 0.55 0.4 0.6 1.0 0.1 0.85 0.7 0.0 0.7 
-0.29939618841332727 0.26742841435374953 0.46437136070959334 0.55 0.3 0.35 0.25 0.65 0.5 0.95 0.9 0.3 0.9 0.9 0.2 0.25 0.7 0.85 0.85 0.2 0.45 0.8 0.3 0.35 0.9 0.8 0.5 1.0 0.05 0.35 0.15 0.4 0.2 1.0 0.9 0.6 0.65 0.45 0.65 
-0.15113731163658486 0.2843217387313367 0.6041708642412819 0.45 0.9 0.5 0.6 0.6 0.7 0.85 0.95 0.35 0.95 0.9 0.2 0.1 0.2 0.2 0.1 0.5 0.45 0.95 0.35 0.75 0.4 0.7 0.3 1.0 0.15 0.2 0.75 0.7 0.35 0.75 0.8 0.55 0.95 0.2 0.3 
-0.19884942749790163 0.7589765835675669 0.5929854925569062 0.3 0.9 0.35 0.2 0.25 0.5 1.0 0.25 0.5 0.4 0.65 0.35 0.5 0.8 0.45 0.8 0.0 0.6 1.0 0.2 0.75 0.95 0.25 0.25 0.55 1.0 0.25 0.35 0.4 0.6 1.0 0.1 0.85 0.8 0.0 0.7 
-0.09842852536339323 0.7420336464901953 0.5397300252580637 0.3 0.75 0.35 0.2 0.25 0.5 1.0 0.25 0.6 0.4 0.65 0.35 0.5 0.75 0.45 0.8 0.0 0.6 0.9 0.2 0.75 0.95 0.25 0.25 0.6 1.0 0.25 0.35 0.4 0.7 1.0 0.1 0.85 0.8 0.0 0.7 
-0.7937123289009208 0.7230703339820064 0.6836202097312335 0.8 0.75 0.25 0.2 0.5 0.5 1.0 0.25 0.5 0.4 0.7 0.35 0.3 0.75 0.75 0.8 0.9 0.6 1.0 0.2 0.8 0.9 0.25 0.2 1.0 1.0 0.3 0.5 0.4 0.6 0.85 0.1 0.85 0.75 0.0 0.7 
-0.05824549078616699 0.7562029521080244 0.5537721406654398 0.3 0.9 0.1 0.2 0.25 0.5 1.0 0.25 0.5 0.4 0.65 0.35 0.5 0.75 0.45 0.8 0.0 0.6 1.0 0.2 0.75 0.95 0.25 0.25 0.45 0.05 0.25 0.35 0.4 0.6 1.0 0.1 0.85 0.8 0.0 0.7 
-1.7208522611540649 0.7104128904983721 0.691151723508067 0.35 0.75 0.25 0.75 0.25 0.5 1.0 0.25 0.35 0.4 0.65 0.3 0.25 0.75 0.45 0.8 0.45 0.6 1.0 0.2 0.8 0.9 0.25 0.2 1.0 1.0 0.3 0.4 0.4 0.6 0.95 0.1 0.85 0.65 0.0 0.7 
-3.62201955642499 0.7704011693389363 0.5687502067246287 0.3 0.75 0.3 0.2 0.25 0.5 1.0 0.25 0.5 0.55 0.65 0.35 0.5 0.75 0.45 0.8 0.0 0.6 1.0 0.2 0.75 0.95 0.25 0.25 0.5 1.0 0.25 0.35 0.4 0.6 1.0 0.1 0.85 0.8 0.0 0.7 
-0.31281205174140864 0.2614322323822047 0.5688358702382486 0.15 0.9 0.5 0.6 0.6 0.7 0.9 0.95 0.35 1.0 0.9 0.2 0.7 0.2 0.2 0.1 0.65 0.45 1.0 0.35 0.65 0.75 0.7 0.3 0.85 0.15 0.2 0.75 0.7 0.3 0.85 0.8 0.6 0.95 0.2 0.3 
-3.0132664521336934 0.2594548803551402 0.5047199661941362 0.55 0.5 0.4 0.25 0.65 0.5 0.95 0.9 0.3 0.9 0.9 0.2 0.6 0.7 0.8 0.85 0.55 0.45 0.8 0.3 0.4 0.9 0.8 0.5 1.0 0.05 0.35 0.15 0.9 0.25 0.95 0.9 0.6 0.55 0.45 0.65 
-0.20599070489743118 0.410930402823226 0.6751458727568672 0.0 0.85 1.0 1.0 0.75 0.75 0.9 1.0 0.35 0.75 0.9 0.2 0.15 0.1 0.85 0.65 0.75 1.0 0.85 0.3 0.6 0.85 0.7 0.35 0.95 0.4 0.4 0.15 0.45 0.05 0.85 0.7 0.65 0.95 0.55 0.75 
-0.0497849416367384 0.46517544870743366 0.6804954275282147 0.0 0.9 0.35 1.0 0.1 0.85 0.9 1.0 0.35 0.75 0.9 0.2 0.15 0.1 0.85 0.15 0.75 1.0 0.85 0.3 0.5 0.7 0.7 0.35 0.75 0.5 0.4 0.0 0.45 0.3 1.0 0.7 0.45 1.0 0.55 0.75 
-5.386406363020819 0.26498604477999455 0.4944816352047581 0.55 0.5 0.4 0.25 0.65 0.5 0.95 0.9 0.3 0.9 0.9 0.2 0.6 0.7 0.8 0.85 0.55 0.45 0.8 0.3 0.35 0.9 0.8 0.5 1.0 0.05 0.35 0.15 0.9 0.25 1.0 0.9 0.6 0.55 0.45 0.65 
-0.31004506807783805 0.33538247203665045 0.3619860966833216 1.0 0.85 0.6 0.25 0.65 0.45 0.95 0.9 0.3 0.95 0.9 0.2 0.4 0.75 0.55 0.65 0.35 0.35 0.85 0.45 0.5 0.95 0.8 0.2 0.9 0.65 1.0 0.15 1.0 0.1 0.95 0.9 0.7 0.95 0.45 0.65 
-13.142073835611564 0.586499472949196 0.7122374852360412 0.05 0.85 0.35 0.7 0.4 0.75 0.9 0.4 0.35 0.6 0.65 0.25 0.95 0.75 0.45 0.7 0.4 0.6 0.95 0.15 0.75 0.8 0.25 0.25 1.0 0.95 0.25 0.25 0.45 0.6 1.0 0.1 0.85 0.4 0.95 0.75 
-3.3103141079305844 0.45377831315487627 0.3323361100002249 0.4 0.85 0.6 0.3 0.85 0.45 1.0 0.9 0.35 0.95 0.9 0.2 0.45 0.75 1.0 0.65 0.6 0.05 0.4 0.45 0.35 0.95 0.8 0.25 0.9 0.65 1.0 0.15 0.7 0.0 0.95 0.9 0.1 0.95 0.45 0.65 
-9.123090772252425 0.27466569674994956 0.41472198854396713 0.7 0.3 0.15 0.25 0.65 0.25 1.0 0.9 0.3 1.0 0.9 0.2 1.0 0.9 0.45 0.65 1.0 0.35 1.0 0.35 0.45 0.9 0.8 0.2 0.8 0.15 0.8 0.15 0.8 0.1 0.95 0.9 0.75 0.8 0.45 0.65 
-0.7164497604441363 0.3739978080788141 0.6639095084441191 0.0 0.8 1.0 1.0 0.1 0.75 0.9 1.0 0.7 0.75 0.9 0.2 0.15 0.1 0.85 0.25 0.05 1.0 0.85 0.3 0.45 0.7 0.7 0.35 0.9 0.4 0.35 0.0 0.45 0.7 0.95 0.7 0.45 0.95 0.55 0.75 
-1.9851582589206636 0.46639603934434937 0.33358195631477994 0.4 0.85 0.6 0.25 0.85 0.5 1.0 0.9 0.35 0.95 0.9 0.2 0.45 0.75 1.0 0.65 0.6 0.05 0.45 0.45 0.05 0.95 0.8 0.25 0.9 0.65 1.0 0.15 0.55 0.0 0.95 0.9 0.1 0.9 0.45 0.65 
-0.012336657711638447 0.46485159376675855 0.6752839669841438 0.0 0.85 1.0 1.0 0.1 0.75 0.9 1.0 0.35 0.75 0.9 0.2 1.0 0.1 0.85 0.75 0.75 1.0 0.85 0.3 0.45 0.7 0.7 0.35 0.9 0.4 0.4 0.0 0.45 0.3 1.0 0.7 0.25 0.95 0.55 0.75 
-0.11721843132704728 0.4678926147793249 0.6877319347288564 0.0 0.9 0.25 1.0 0.1 0.05 0.75 1.0 0.35 0.75 0.9 0.2 0.15 0.1 0.85 0.15 0.75 1.0 0.85 0.3 0.45 0.7 0.7 0.35 0.75 0.5 0.4 0.0 0.45 0.3 1.0 0.7 0.45 1.0 0.55 0.75 
-0.22376487785357604 0.48266098749359726 0.6785814299927241 0.0 0.85 1.0 1.0 0.1 0.85 0.9 1.0 0.35 0.75 0.9 0.2 0.15 0.1 0.85 0.15 0.75 0.35 0.7 0.3 0.45 0.7 0.7 0.35 0.75 0.5 0.4 0.0 0.45 0.3 1.0 0.7 0.3 0.95 0.55 0.75 
-1.8768823430450852 0.29575815413443574 0.4003045498213865 0.7 0.3 0.15 0.25 0.65 0.25 1.0 0.9 0.3 1.0 0.9 0.2 1.0 0.9 0.45 0.65 1.0 0.35 1.0 0.35 0.45 0.9 0.8 0.2 0.8 0.2 0.8 0.15 0.8 0.1 0.95 0.9 0.75 0.8 0.45 0.65 
-9.185410756023048 0.4016980303951844 0.30873361603216154 1.0 0.15 0.6 0.25 0.65 0.45 1.0 0.9 0.3 0.85 0.9 0.2 0.45 0.05 0.95 0.65 0.35 0.35 0.8 0.45 0.5 0.95 0.8 0.2 0.8 0.15 1.0 0.15 0.95 0.0 0.95 0.9 0.1 0.9 0.45 0.65 
-1.0058916251736671 0.2595993150464041 0.5294883177803303 0.45 0.9 0.7 0.6 0.6 0.7 0.95 0.95 0.35 0.95 0.9 0.2 0.1 0.2 0.2 0.35 0.65 0.45 1.0 0.35 0.5 0.75 0.7 0.3 0.85 0.15 0.2 0.7 0.7 0.25 0.95 0.85 0.8 0.85 0.2 0.3 
-11.836523081777198 0.32887463231016034 0.6671880074269362 0.45 0.9 1.0 0.6 0.8 0.7 1.0 0.95 0.35 0.95 0.9 0.2 0.1 0.2 0.2 0.1 0.65 0.35 1.0 0.35 0.75 0.4 0.7 0.3 0.85 0.15 0.2 0.75 0.7 0.35 0.75 0.7 0.55 0.95 0.2 0.3 
-24.096097814940247 0.24401053232843317 0.5214234545345715 0.55 0.3 0.35 0.7 0.65 0.5 0.95 0.9 0.3 0.9 0.9 0.2 0.85 0.7 0.8 0.85 1.0 0.45 0.85 0.3 0.35 0.75 0.8 0.5 1.0 0.05 0.35 0.15 0.85 0.2 1.0 0.9 0.6 0.75 0.45 0.65 
-8.84962358894689 0.42344214013330583 0.3216122595731238 1.0 0.15 0.6 0.3 0.65 0.45 0.95 0.9 0.3 0.85 0.9 0.2 0.45 0.05 0.95 0.65 0.35 0.35 0.55 0.45 0.5 0.95 0.8 0.2 0.9 0.15 1.0 0.15 0.95 0.0 0.95 0.9 0.1 0.95 0.45 0.65 
-0.46178285836119287 0.31091982525016293 0.37292696622526167 1.0 0.3 0.15 0.25 0.65 0.45 1.0 0.9 0.3 0.95 0.9 0.2 0.45 0.9 0.45 0.65 1.0 0.75 0.85 0.35 0.45 0.9 0.8 0.2 0.8 0.15 0.95 0.15 0.35 0.1 0.95 0.9 0.75 0.8 0.45 0.65 
-3.1067005771458223 0.49489867304749047 0.6941031520775013 0.0 0.85 1.0 1.0 0.1 0.85 0.95 1.0 0.35 0.75 0.9 0.2 0.15 0.1 0.1 0.15 0.75 1.0 0.85 0.3 0.45 0.7 0.7 0.35 0.75 0.5 0.4 0.0 0.1 0.3 1.0 0.7 0.3 0.95 0.55 0.75 
-10.478526415869673 0.3115724067933159 0.66216975045627 0.45 0.9 0.5 0.6 0.8 0.7 0.95 0.95 0.35 0.95 0.9 0.2 0.1 0.75 0.2 0.1 0.65 0.2 1.0 0.35 0.75 0.55 0.7 0.3 1.0 0.15 0.2 0.75 0.7 0.35 0.6 0.7 0.65 0.95 0.2 0.3 
-0.006385763049031286 0.4063598779427209 0.6823268699289607 0.0 0.85 1.0 1.0 0.1 0.75 1.0 1.0 0.35 0.75 0.9 0.2 0.15 0.1 0.85 0.1 0.9 1.0 0.85 0.3 0.65 0.7 0.7 0.6 0.95 0.4 0.4 0.0 0.45 0.85 1.0 0.7 0.45 0.95 0.55 0.75 
-2.524779587846127 0.7767739077484953 0.584835047192376 0.3 0.9 0.35 0.2 0.25 0.5 1.0 0.25 0.5 0.7 0.65 0.35 0.5 0.8 0.45 0.8 0.0 0.6 1.0 0.2 0.75 0.95 0.25 0.25 0.55 1.0 0.25 0.35 0.4 0.6 1.0 0.1 0.85 0.8 0.0 0.7 
-0.8536641235720789 0.37821531067937686 0.3232443350472739 0.25 0.3 0.6 0.25 0.65 0.45 0.95 0.9 0.3 0.95 0.9 0.2 0.05 0.9 0.4 0.0 0.35 0.35 0.85 0.5 0.35 0.95 0.8 0.2 0.8 0.75 1.0 0.1 0.35 0.0 0.95 0.9 0.75 0.7 0.45 0.65 
-19.295634967623172 0.5436552041989997 0.7064740452162983 0.05 0.85 0.35 0.7 0.4 0.75 0.9 0.4 0.35 0.6 0.65 0.25 0.95 0.75 0.45 0.7 0.4 0.6 0.95 0.15 0.75 0.8 0.25 0.25 1.0 0.95 0.25 0.25 0.45 0.4 1.0 0.1 0.85 0.4 0.95 0.75 
-9.170279710482816 0.3111437343861001 0.654318389150204 0.45 0.9 0.5 0.6 0.8 0.7 0.95 0.95 0.35 0.95 0.9 0.2 0.1 0.2 0.2 0.1 0.65 0.15 1.0 0.35 0.75 0.4 0.7 0.3 1.0 0.15 0.2 0.75 0.7 0.35 0.6 0.7 0.5 0.95 0.2 0.3 
-12.155240920565921 0.3532863334528086 0.6726622196576857 0.0 0.85 1.0 1.0 0.1 0.75 0.9 1.0 0.7 0.75 0.9 0.2 0.15 0.1 0.85 0.15 0.05 1.0 0.85 0.3 0.45 0.7 0.7 0.35 0.9 0.4 0.5 0.0 0.45 0.7 0.9 0.7 0.45 0.95 0.55 0.75 
-13.472905000149487 0.27644028477925653 0.6612048850258624 0.45 0.9 1.0 0.6 0.6 0.7 0.95 0.95 0.35 0.95 0.9 0.2 0.1 0.2 0.2 0.2 0.65 0.45 1.0 0.35 0.65 0.75 0.7 0.3 0.85 0.15 0.2 0.9 0.7 0.35 0.75 0.8 0.45 0.95 0.2 0.3 
-13.271949382416741 0.2986261766866317 0.679216609201773 0.45 0.9 0.5 0.6 0.6 0.7 0.85 0.95 0.35 0.95 0.9 0.2 0.1 0.4 0.75 0.1 0.65 0.45 1.0 0.35 0.55 0.4 0.7 0.3 1.0 0.15 0.2 0.7 0.7 0.3 0.75 0.75 0.55 0.95 0.2 0.3 
-3.5896569956115982 0.26869141255071827 0.6370751393560615 0.45 0.9 0.5 0.6 0.6 0.7 0.95 0.95 0.35 0.95 0.9 0.2 0.1 0.2 0.2 0.15 0.65 0.45 0.85 0.35 0.45 0.75 0.7 0.3 0.85 0.15 0.2 0.75 0.7 0.35 0.75 0.8 0.7 0.95 0.2 0.3 
-0.32112079923198716 0.26306090893834966 0.5994610844605311 0.45 0.9 0.5 0.6 0.6 0.7 0.95 0.95 0.35 0.95 0.9 0.2 0.1 0.2 0.2 0.1 0.65 0.45 1.0 0.35 0.7 0.75 0.7 0.3 0.85 0.15 0.2 0.75 0.7 0.35 0.75 0.8 0.55 0.95 0.2 0.3 
-0.12350325840872695 0.26193186578823735 0.5752956364869402 0.45 0.9 0.5 0.6 0.6 0.7 0.9 0.95 0.35 1.0 0.9 0.2 0.7 0.2 0.2 0.1 0.65 0.45 1.0 0.35 0.65 0.75 0.7 0.3 0.85 0.15 0.2 0.75 0.7 0.35 0.85 0.8 0.6 0.95 0.2 0.3 
-3.983478156196572 0.2682238908059693 0.6212993120800988 0.45 0.9 0.5 0.6 0.6 0.7 0.95 0.95 0.35 0.95 0.9 0.2 0.1 0.2 0.2 0.1 0.65 0.45 1.0 0.35 0.65 0.75 0.7 0.3 0.85 0.15 0.2 0.75 0.7 0.35 0.75 0.8 0.55 0.95 0.2 0.3 
-11.679174975120644 0.2683250589165639 0.6528173436641571 0.45 0.9 0.5 0.6 0.6 0.7 0.95 0.95 0.35 0.95 0.9 0.2 0.1 0.2 0.2 0.1 0.65 0.45 1.0 0.35 0.65 0.75 0.7 0.3 0.85 0.15 0.2 0.75 0.7 0.35 0.75 0.8 0.45 0.95 0.2 0.3 
-16.374722908817173 0.3041348676733069 0.6907037131687297 0.45 0.9 0.5 0.6 0.6 0.7 0.85 0.95 0.35 0.95 0.9 0.2 0.1 0.4 0.75 0.1 0.65 0.45 1.0 0.35 0.55 0.4 0.7 0.35 1.0 0.15 0.2 0.7 0.7 0.3 0.75 0.75 0.55 0.95 0.2 0.3 
-12.543194842697542 0.5572875461099079 0.72288424783668 0.95 0.85 0.35 0.7 0.9 0.75 0.9 0.4 0.35 0.6 0.65 0.25 0.95 0.75 0.45 0.7 0.4 0.6 0.8 0.15 0.75 0.8 0.25 0.25 1.0 0.95 0.25 0.3 0.45 0.4 1.0 0.1 0.85 0.4 0.95 0.75 
-17.725355879730902 0.4584356010364475 0.6973844642487448 0.0 0.85 1.0 1.0 0.1 0.85 0.95 1.0 0.35 0.75 0.9 0.2 0.15 0.1 0.1 0.15 0.75 1.0 0.85 0.3 0.45 0.7 0.7 0.35 0.75 0.5 0.4 0.0 0.1 0.3 1.0 0.7 0.3 0.7 0.55 0.75 
-14.755506672269293 0.411527599814452 0.6937630852000048 0.0 0.85 1.0 1.0 0.1 0.75 0.9 1.0 0.7 0.75 0.9 0.2 0.15 0.1 0.85 0.15 0.05 1.0 0.85 0.3 0.45 0.7 0.7 0.35 0.9 0.4 0.65 0.0 0.45 0.7 0.9 0.7 0.45 0.95 0.55 0.75 
-0.11426745166942248 0.7730442040845238 0.6269825870410328 0.3 0.75 0.35 0.2 0.25 0.5 1.0 0.25 0.6 0.4 0.65 0.35 0.5 0.75 0.45 0.8 0.0 0.6 1.0 0.2 0.75 0.95 0.25 0.25 0.85 1.0 0.25 0.35 0.4 0.6 1.0 0.1 0.85 0.8 0.0 0.7 
-13.27438763430281 0.3195719325401385 0.34942289398541126 1.0 0.3 0.15 0.7 0.65 0.45 1.0 0.9 0.3 0.95 0.9 0.2 0.45 0.9 0.45 0.65 0.7 0.35 0.85 0.55 0.45 0.95 0.8 0.2 0.8 0.15 0.8 0.15 0.35 0.1 0.95 0.9 0.55 0.8 0.45 0.65 
-14.275595251281802 0.44987015481379944 0.7041097368443228 0.0 0.85 1.0 1.0 0.1 0.75 0.8 1.0 0.35 0.75 0.9 0.2 0.15 0.1 0.85 0.15 0.75 0.35 0.7 0.3 0.45 0.85 0.7 0.35 0.75 0.5 0.7 0.0 0.05 0.3 0.75 0.7 0.3 0.95 0.55 0.75 
-4.471600045314771 0.43306312818573933 0.6923396621354565 0.0 0.9 0.25 1.0 0.1 0.05 0.75 1.0 0.35 0.75 0.9 0.2 0.15 0.1 0.85 0.15 0.75 1.0 0.85 0.3 0.45 0.7 0.7 0.35 0.75 0.4 0.4 0.0 0.45 0.9 1.0 0.7 0.45 1.0 0.55 0.75 
-23.05665503782432 0.33026677051802367 0.6994844376054249 0.45 0.9 0.5 0.6 0.6 0.7 0.85 0.95 0.35 0.95 0.9 0.2 0.1 0.4 0.75 0.1 0.65 0.45 1.0 0.35 0.55 0.25 0.7 0.35 1.0 0.15 0.2 0.7 0.7 0.3 0.75 0.75 0.55 0.95 0.2 0.3 
-13.16885420135756 0.33363779939846855 0.33621025960608214 1.0 0.3 0.15 0.25 0.65 0.45 1.0 0.9 0.3 0.95 0.9 0.2 0.55 0.9 0.45 0.65 1.0 0.35 0.85 0.55 0.45 0.9 0.8 0.2 0.4 0.15 0.8 0.15 0.9 0.1 0.9 0.9 0.75 0.8 0.45 0.65 
-31.44523766332532 0.33825268687399673 0.7028755172744886 0.45 0.9 0.1 0.6 0.6 0.7 1.0 0.95 0.35 0.95 0.9 0.2 1.0 0.2 1.0 0.35 0.65 0.45 1.0 0.35 0.65 0.7 0.7 0.3 0.85 0.15 0.2 0.7 0.7 0.25 0.95 0.7 0.65 0.95 0.2 0.3 
-5.191819778862057 0.24456758759349861 0.6023422705280299 0.45 0.9 0.5 0.6 0.6 0.7 0.9 0.95 0.35 1.0 0.9 0.2 0.0 0.2 0.2 0.1 0.4 0.45 1.0 0.35 0.65 0.75 0.7 0.3 0.85 0.15 0.2 0.75 0.7 0.35 0.9 0.8 0.6 0.95 0.2 0.3 
-17.755021267576236 0.3787981732176021 0.3049370423781316 1.0 0.15 0.6 0.25 0.65 0.45 1.0 0.9 0.3 0.85 0.9 0.2 0.45 0.05 0.95 0.65 0.35 0.35 0.8 0.45 0.5 0.95 0.8 0.2 0.8 0.15 1.0 0.15 0.95 0.0 0.95 0.9 0.1 0.95 0.45 0.65 
-11.543663253276033 0.2633263352661326 0.4259038162892789 1.0 0.3 0.15 0.25 0.65 0.25 1.0 0.9 0.3 0.95 0.9 0.2 1.0 0.6 0.45 0.05 1.0 0.35 1.0 0.35 0.45 0.9 0.8 0.2 0.8 0.15 0.8 0.15 0.8 0.1 0.95 0.9 0.4 0.8 0.45 0.65 
-36.452044701033856 0.3708805396289145 0.6987831984073906 0.45 0.35 0.5 0.6 0.6 0.7 0.9 0.95 0.35 1.0 0.9 0.2 0.7 0.2 0.95 0.1 0.65 0.45 1.0 0.35 0.65 0.75 0.7 0.3 0.85 0.15 0.2 0.75 0.7 0.35 0.85 0.7 0.6 0.75 0.2 0.3 
-17.095388216411646 0.39755625713299575 0.7081506497299406 0.0 0.85 1.0 1.0 0.1 0.75 0.9 1.0 0.7 0.75 0.9 0.2 0.15 0.1 0.85 0.15 0.05 1.0 0.85 0.3 0.45 0.8 0.7 0.35 0.9 0.4 0.65 0.0 0.45 0.7 0.9 0.7 0.45 0.95 0.55 0.75 
