-0.0021897473233923846 0.5083966890270419 0.47303652464745716 0.55 0.25 0.6 0.65 0.85 0.25 0.95 0.45 0.35 0.95 0.3 0.4 0.95 0.7 0.6 0.9 0.45 1.0 0.8 0.4 0.6 0.0 0.05 0.15 0.85 0.1 0.75 0.8 0.55 0.45 0.95 0.4 0.85 0.55 0.6 0.75 
-0.022971491673758865 0.5104664389815193 0.5078547277297387 0.6 0.8 0.2 0.0 0.7 0.55 0.25 0.4 0.75 0.75 0.0 0.15 0.8 0.85 0.4 0.5 0.2 0.8 0.85 0.6 0.4 0.05 0.05 0.15 1.0 0.05 0.65 0.2 0.25 0.0 0.7 0.7 0.85 0.8 0.85 0.5 
-0.0025559221032179745 0.48734104414933277 0.5010359999785352 1.0 0.45 0.35 0.0 0.7 0.8 1.0 0.35 0.55 0.5 0.3 0.45 0.75 0.8 0.35 0.8 0.25 0.35 1.0 0.3 0.8 0.8 0.3 0.35 1.0 0.0 0.55 0.7 0.8 0.4 0.65 0.05 0.7 0.6 0.45 0.0 
-0.0055386140321591415 0.5346069454975234 0.4735898190494724 0.0 0.4 0.3 0.35 0.45 0.2 0.85 0.8 0.65 0.9 0.5 0.6 0.5 0.85 0.3 0.5 0.3 0.75 0.7 0.9 0.7 0.1 0.05 0.1 0.9 0.45 0.75 0.15 0.5 0.85 1.0 0.4 0.65 0.75 0.15 0.6 
-0.0016928279727549446 0.4653267563564702 0.5111648156308998 0.95 0.85 0.5 0.6 0.85 0.9 0.85 0.45 0.2 0.95 0.9 0.4 0.45 0.75 0.1 0.7 0.5 0.65 0.65 0.45 1.0 0.3 0.65 0.2 0.25 0.25 0.1 0.1 0.55 0.3 0.95 0.55 0.85 0.1 0.4 0.05 
-0.002393475045781387 0.44077108376011526 0.5206681853015332 0.6 0.6 0.05 0.45 0.5 0.1 0.5 0.75 0.55 0.85 0.7 0.15 0.05 0.8 0.75 0.5 0.9 0.2 1.0 0.45 0.2 0.9 0.7 0.15 0.4 0.2 0.8 0.15 0.1 0.9 0.7 0.65 0.75 0.6 0.85 1.0 
-0.0009520460517033802 0.5169421429123897 0.5003742613887281 0.65 0.8 0.15 0.4 0.9 0.2 1.0 0.3 0.4 0.2 0.0 0.55 0.0 0.7 0.3 0.85 0.45 0.25 1.0 0.7 0.6 0.4 0.85 0.2 0.8 0.7 0.15 0.3 0.5 0.2 0.25 0.35 0.8 0.55 0.0 0.75 
-0.009285730421165633 0.5176176992177477 0.5054365060869428 1.0 0.15 0.1 0.95 0.35 0.5 0.7 0.35 0.7 0.45 0.9 0.9 0.8 0.2 0.3 0.1 0.8 0.75 0.5 0.1 0.35 0.85 0.3 0.35 0.8 0.8 0.35 0.1 0.5 0.4 0.05 0.85 0.65 0.15 0.3 0.0 
-0.001926501024705743 0.4560976795005509 0.5200946643166586 0.25 0.45 0.95 0.35 0.7 0.3 0.6 0.0 0.1 0.6 0.7 0.7 0.8 0.55 0.75 1.0 0.5 0.5 0.2 0.25 0.3 0.15 0.8 0.9 0.9 0.4 0.45 0.7 0.95 0.1 0.15 0.2 0.65 0.45 0.3 0.2 
-0.017720601508490457 0.4875451435737343 0.5168540723213793 0.25 0.45 0.5 0.35 0.9 0.9 0.2 0.0 0.1 1.0 0.35 0.3 0.2 0.0 0.75 0.3 0.5 0.2 0.6 0.35 0.4 0.95 1.0 0.9 1.0 0.4 0.35 0.7 0.05 0.1 0.65 0.1 0.4 0.45 0.7 0.2 
-0.003500470076038167 0.5490840359514527 0.48227291965523816 0.95 0.85 0.5 0.6 0.85 0.15 0.85 0.45 0.2 0.95 0.3 0.4 0.45 0.75 0.1 0.7 0.5 0.65 0.65 0.45 1.0 0.3 0.65 0.2 0.25 0.25 0.1 0.1 0.55 0.3 0.95 0.55 0.85 0.1 0.45 0.05 
-0.00844813053153595 0.4852791319309181 0.48173113265378376 0.75 0.35 0.05 0.0 0.5 0.1 0.2 0.75 0.35 0.95 1.0 0.5 0.85 0.8 0.65 0.8 0.0 0.7 0.9 0.45 0.45 0.95 1.0 0.55 0.45 0.85 0.8 0.65 0.0 0.0 0.95 0.55 0.5 0.45 0.7 0.65 
-3.934775887528702e-05 0.42675462190859326 0.4872974903587793 0.3 0.2 0.45 0.45 0.85 0.55 0.55 0.25 0.7 0.2 0.2 0.35 0.1 0.25 0.7 0.5 0.2 0.25 0.5 0.35 0.3 1.0 0.9 0.35 0.4 0.65 0.5 0.0 0.0 0.85 0.15 0.1 1.0 0.05 0.6 0.25 
-0.000667344676209683 0.5290300023598699 0.5178132047460907 0.65 0.8 0.4 0.65 0.85 0.05 0.95 0.45 0.95 0.95 0.3 0.4 0.55 0.35 0.6 0.7 0.5 0.65 0.25 0.25 1.0 0.1 0.2 0.45 0.8 1.0 0.75 0.2 0.15 0.45 1.0 0.85 0.85 0.5 0.4 0.75 
-0.0013230164135769387 0.4644816576596268 0.4553208066167972 0.9 0.55 0.85 0.4 0.2 0.9 1.0 0.75 0.35 1.0 1.0 0.5 0.6 0.95 0.15 0.7 0.9 0.65 0.95 0.35 0.0 1.0 0.5 0.6 0.25 0.7 0.8 0.2 0.55 0.3 0.9 0.65 0.5 0.85 0.7 0.65 
-0.004735338830539774 0.43479291244711793 0.5043935070714185 0.7 0.65 0.05 0.65 0.7 0.9 0.8 0.1 0.3 1.0 0.35 0.25 0.55 0.9 0.75 0.55 0.5 0.2 0.9 0.45 0.35 0.5 0.8 0.0 1.0 0.25 0.35 0.95 0.05 0.15 0.25 0.1 1.0 0.75 0.7 0.55 
-0.0002868717566050069 0.4494283657820703 0.47550083322380127 0.55 0.35 0.05 0.45 0.65 0.1 1.0 1.0 0.55 0.95 0.0 0.25 0.55 0.8 0.75 0.1 0.75 0.1 0.65 0.4 0.55 0.55 0.15 0.55 0.05 0.0 0.65 0.1 0.7 0.1 0.2 0.6 0.65 0.7 0.8 0.65 
-0.004632290838695864 0.5546068369955447 0.4741667034479932 0.0 0.35 0.95 0.35 0.15 0.2 0.8 0.8 0.7 0.9 0.5 0.6 0.85 0.1 0.5 0.5 0.3 0.0 0.3 0.5 0.05 0.1 0.45 0.45 0.9 0.45 0.75 0.35 0.5 0.25 0.75 0.9 0.65 0.45 0.5 0.6 
-0.04191179164801709 0.5287403515629149 0.5440271788340528 1.0 0.15 0.1 0.3 0.35 0.5 0.95 0.95 0.7 0.8 0.9 0.45 0.8 0.85 0.5 0.1 0.05 0.35 0.8 0.35 0.8 0.85 0.3 0.25 0.5 0.8 0.6 0.85 0.0 0.4 0.6 0.25 0.6 0.55 0.1 0.0 
-0.0008905546706885216 0.5776219220405897 0.44783907582342325 1.0 0.45 0.35 0.0 0.7 0.5 1.0 0.35 0.55 0.95 0.9 0.45 0.3 0.7 0.35 0.8 0.1 0.35 0.85 0.3 0.3 0.8 0.3 0.35 1.0 0.0 0.85 0.75 0.85 0.3 1.0 0.05 0.5 0.6 0.45 0.0 
-0.005099376650073834 0.5659042680376533 0.5003866780730466 0.65 0.35 0.05 0.4 0.9 0.4 0.85 0.3 0.4 0.2 0.0 0.55 0.0 0.7 0.7 0.85 1.0 0.7 1.0 0.7 0.6 0.4 0.85 0.2 0.8 0.35 0.05 0.3 0.9 0.2 0.25 0.25 0.8 0.55 0.6 0.75 
-0.00019065742384121365 0.5295898673474748 0.4476980519877206 1.0 0.15 0.05 0.7 0.9 0.9 0.95 0.35 0.65 0.9 0.9 0.45 0.95 0.0 0.3 0.7 0.2 1.0 0.85 0.7 0.95 0.85 0.3 0.35 0.7 0.1 0.5 0.8 0.6 0.4 0.8 0.05 0.35 0.85 0.6 0.0 
-0.000708476269847278 0.5427481415503216 0.546285070358062 0.75 0.9 0.4 0.2 0.2 0.9 0.65 0.8 0.9 0.0 0.55 0.05 0.1 0.55 0.85 0.35 0.2 0.65 0.9 0.5 0.15 0.3 0.25 0.9 0.75 0.4 0.85 0.2 0.4 0.85 0.45 1.0 0.85 0.75 0.3 1.0 
-0.00015503692544730207 0.5789227278710602 0.45091539822340587 1.0 0.15 0.1 0.95 0.35 0.5 0.95 0.35 0.7 0.45 0.9 0.45 0.8 0.2 0.3 0.1 0.8 0.75 0.5 0.1 0.35 0.85 0.3 0.35 0.8 0.8 0.35 0.1 0.5 0.4 0.05 0.85 0.65 0.15 0.3 0.0 
-0.004406609737316549 0.493187204993597 0.441254471619292 0.75 0.55 0.05 0.0 0.5 0.1 1.0 0.75 0.35 0.95 1.0 0.5 0.85 0.8 0.2 0.8 0.0 0.7 0.9 0.45 0.45 1.0 1.0 0.55 0.45 0.85 0.8 0.65 0.0 0.0 0.95 0.55 0.5 0.45 0.7 0.65 
-0.01136281978282503 0.45909146292753555 0.43217478617593114 0.8 0.55 0.1 0.8 0.85 0.85 1.0 0.75 0.35 0.95 1.0 0.5 0.35 0.8 0.25 0.8 0.6 0.7 0.7 0.85 0.4 0.65 1.0 0.55 0.45 0.05 0.1 0.35 0.95 0.0 0.5 0.6 0.9 0.85 0.7 0.65 
-0.007527032376865115 0.5508085323554702 0.5190672135017905 0.25 0.3 0.8 0.65 0.65 0.15 0.95 0.15 0.2 0.95 0.95 0.4 0.5 0.35 0.6 0.7 0.5 0.85 0.15 0.25 0.1 0.1 0.35 1.0 0.8 1.0 0.75 0.45 0.05 0.45 1.0 0.4 0.95 0.95 0.4 0.75 
-0.03638693209342844 0.5156431620947409 0.525456437256671 0.6 0.8 0.2 0.0 0.7 0.55 0.7 0.4 0.15 0.75 0.0 0.15 0.8 0.45 0.4 0.85 0.2 0.8 0.85 0.55 0.4 0.05 0.05 0.15 1.0 0.05 0.65 0.2 0.25 0.0 0.7 0.7 0.85 0.8 0.85 0.5 
-0.003212883864595338 0.5124639438534422 0.5683270214028936 0.65 0.75 0.6 0.65 0.85 0.25 1.0 0.45 0.65 0.95 0.3 0.4 0.4 0.65 0.25 0.7 0.6 0.35 0.9 0.55 0.6 0.2 0.85 0.55 0.85 1.0 0.75 0.75 0.95 0.45 0.95 0.4 0.85 0.95 0.4 0.75 
-0.005837625910433948 0.5902082263276565 0.5109600450754543 0.25 0.45 0.95 0.2 0.7 0.3 0.7 0.0 0.45 1.0 0.7 0.3 0.6 0.55 0.75 0.95 0.5 0.5 0.6 0.45 0.3 0.35 0.75 0.9 0.9 0.0 0.25 0.0 0.5 0.1 0.7 0.95 0.65 0.45 0.7 0.2 
-0.008712423530339429 0.39610988797947144 0.47420010575409294 0.55 0.35 0.05 0.45 0.65 0.1 1.0 1.0 0.55 0.95 0.0 0.25 0.55 0.8 0.75 0.1 0.6 0.05 0.85 0.4 0.55 0.55 0.15 0.55 0.75 0.75 0.0 0.1 0.7 0.1 0.2 0.6 0.65 0.05 0.7 0.65 
-0.02712726747279104 0.4896144916371528 0.5630142054596576 0.7 0.65 0.05 0.65 0.7 0.0 0.9 0.1 1.0 1.0 0.35 0.25 0.55 0.9 0.75 1.0 0.5 0.2 0.9 0.45 0.3 0.5 0.8 0.5 1.0 0.25 0.35 0.95 0.05 0.15 0.65 0.1 0.4 0.75 0.7 0.55 
-0.014910143430117056 0.45203175913208204 0.42739236438674455 0.5 0.3 0.35 0.15 0.55 0.6 1.0 1.0 0.75 0.85 0.15 0.45 0.35 0.95 0.35 0.6 0.95 1.0 0.25 0.95 0.05 0.65 0.8 0.55 0.65 0.65 0.65 0.2 0.3 0.3 0.05 0.6 0.5 0.7 0.25 0.35 
-0.004099025427330382 0.3951290409477297 0.5044607179342695 0.9 0.35 0.05 0.8 0.65 0.1 1.0 0.75 0.55 0.95 1.0 0.5 0.55 0.1 0.2 0.8 0.95 0.95 0.9 0.4 0.55 0.7 0.15 0.55 0.05 0.85 0.8 0.1 0.7 0.1 1.0 1.0 0.75 0.65 0.2 0.65 
-0.0020563215814205066 0.44423242252913286 0.5388056548759358 0.85 0.55 0.05 0.65 1.0 0.0 1.0 0.1 0.35 0.15 1.0 0.5 0.75 0.1 1.0 0.8 0.6 0.15 0.9 0.35 0.25 0.65 1.0 0.6 0.8 0.5 0.4 0.2 0.05 0.4 0.7 0.0 0.8 0.25 0.6 0.6 
-0.012612788334547759 0.4792588061905215 0.4526740148564754 0.9 0.55 0.05 0.75 0.45 0.1 0.75 0.75 0.35 0.95 1.0 0.5 0.85 0.8 0.25 0.2 0.6 0.7 0.9 0.85 0.35 1.0 1.0 0.55 0.45 0.9 0.6 0.2 0.95 0.65 0.5 0.55 0.45 0.4 0.7 0.65 
-0.001833675640475197 0.5480214565218552 0.4587888028721399 0.95 0.85 0.5 0.0 0.85 0.15 0.85 0.45 0.2 0.95 0.3 0.4 0.15 0.75 0.1 0.7 0.5 0.65 0.95 0.45 1.0 0.9 0.65 0.2 0.35 1.0 0.4 0.1 0.55 0.45 0.4 0.0 0.8 0.1 0.45 0.65 
-0.001073363942858113 0.5734089208422167 0.5061891112036809 0.65 0.35 0.15 0.4 0.9 0.4 0.75 0.3 0.4 0.2 0.0 0.55 0.0 0.7 0.95 0.85 0.45 0.25 1.0 0.7 0.6 0.4 0.85 0.2 0.8 0.7 0.05 0.3 0.9 0.2 0.25 0.25 0.8 0.55 0.6 0.75 
-0.00845823680267169 0.4283978189274952 0.5344196511675021 0.85 0.55 0.05 0.65 1.0 0.0 1.0 0.1 0.35 0.15 1.0 0.5 0.75 0.1 1.0 0.8 0.6 0.15 0.9 0.35 0.25 0.65 1.0 0.6 0.8 0.5 0.4 0.2 0.05 0.4 0.7 0.0 0.8 0.85 0.6 0.6 
-0.0025709622458376684 0.464449954302867 0.5465556863524369 0.1 0.45 0.95 0.35 0.4 0.0 0.6 0.0 0.85 0.95 0.25 1.0 0.55 0.0 0.65 1.0 0.5 0.2 0.0 0.45 0.8 0.4 0.8 0.25 1.0 0.4 0.45 0.75 0.05 0.1 0.9 0.1 0.65 0.9 0.7 0.3 
-0.02469217071031877 0.5928970593049713 0.5755428357381602 0.95 0.85 0.35 0.65 0.85 0.15 0.85 0.45 0.45 0.95 0.3 0.4 0.55 0.7 0.6 0.7 0.5 0.65 0.1 0.8 1.0 0.1 0.0 0.2 0.8 1.0 0.15 0.05 0.15 0.45 0.95 0.4 0.85 0.95 0.45 0.75 
-0.03362749626208653 0.557478905760062 0.5611376364750433 0.65 0.85 0.4 0.65 0.85 0.05 0.95 0.45 0.1 0.95 0.3 0.1 0.8 0.35 0.6 0.7 0.5 0.65 0.95 0.25 1.0 0.1 0.2 0.45 0.8 1.0 0.3 0.2 0.55 0.45 1.0 0.4 0.85 0.8 0.4 0.75 
-0.011768463530035583 0.5415910736873558 0.4438460097056181 1.0 0.45 0.0 1.0 0.15 0.35 1.0 0.35 0.8 0.9 0.9 0.45 0.65 0.4 0.05 0.3 0.25 0.35 0.8 0.55 0.95 0.75 0.3 0.35 1.0 0.0 0.45 0.8 0.85 0.65 0.85 0.05 0.25 0.7 0.5 0.0 
-0.003053687081891637 0.43485465709593624 0.4645154585258634 0.5 0.3 1.0 0.1 0.65 0.8 0.9 1.0 0.75 0.95 0.05 0.45 0.95 0.95 0.15 1.0 0.95 0.65 0.25 0.85 0.55 0.55 0.95 0.15 0.7 0.65 0.6 0.85 0.2 0.2 0.0 0.8 0.25 0.7 0.25 0.2 
-0.001767371664636376 0.5867436123945179 0.4498590222170341 0.25 0.45 0.8 0.65 0.95 0.45 1.0 0.35 0.8 0.45 0.9 0.45 0.75 0.8 0.35 0.1 0.25 0.85 0.5 0.35 0.8 0.85 0.3 0.35 0.35 0.0 0.4 0.8 0.85 0.65 0.85 0.05 0.7 0.05 0.45 0.0 
-0.02818230106522791 0.421331186334319 0.4482355252093178 0.45 0.55 0.05 0.65 1.0 0.0 1.0 0.75 0.35 0.95 1.0 0.5 0.85 0.8 0.75 0.6 0.6 0.05 0.9 0.35 0.25 0.65 1.0 0.55 0.7 0.5 0.7 0.4 0.0 0.55 0.5 0.1 0.9 0.85 0.3 0.65 
-0.0006528147812946713 0.5836420550927357 0.5015326482748766 0.65 0.8 0.15 0.4 0.9 0.2 1.0 0.3 0.4 0.2 0.0 0.55 0.0 0.7 0.95 0.85 0.45 0.25 1.0 0.7 0.6 0.4 0.85 0.2 0.8 0.7 0.05 0.3 0.9 0.2 0.25 0.35 0.8 0.55 0.6 0.75 
-0.034455523109072586 0.49103918746777864 0.4192605340020442 0.75 0.55 0.05 0.0 0.5 0.1 1.0 0.75 0.35 0.95 1.0 0.5 0.85 0.8 0.2 0.8 0.0 0.7 0.9 0.45 0.45 1.0 1.0 0.55 0.45 0.85 0.8 0.65 0.0 0.0 0.95 0.55 0.5 0.65 0.7 0.65 
-0.0010885121803348486 0.42952875268017776 0.5870217930874391 0.55 0.95 0.7 0.15 0.75 0.65 0.05 0.35 0.8 0.95 1.0 0.5 0.05 0.8 0.2 0.8 0.95 0.85 0.8 0.4 0.5 1.0 0.15 0.6 0.85 0.75 0.0 0.3 0.85 0.35 1.0 1.0 0.75 0.55 0.7 0.55 
-0.0021781410616843336 0.41102465012902795 0.5023390403553585 0.55 0.35 0.05 0.8 0.65 0.7 0.75 0.75 0.55 0.95 0.8 0.3 0.3 0.8 0.2 0.1 0.6 0.7 0.9 0.4 0.55 1.0 0.15 0.55 0.05 0.85 0.7 0.1 0.7 0.7 0.2 0.15 0.65 0.65 0.3 0.65 
-0.00772372741317943 0.6099436450733384 0.4922886512605228 1.0 0.15 0.1 0.3 0.35 0.5 0.95 0.35 0.7 0.8 0.9 0.45 0.4 0.85 0.5 0.1 0.05 0.35 0.8 0.35 0.8 0.85 0.3 0.25 0.5 0.8 0.6 0.7 1.0 0.4 0.6 0.25 0.6 0.55 0.1 0.0 
-0.0104656147620091 0.5860493518059482 0.5816619107951146 0.65 0.85 0.4 0.65 0.85 0.05 0.95 0.45 0.1 0.95 0.3 0.4 0.55 0.35 0.6 0.7 0.5 0.65 0.95 0.25 1.0 0.1 0.2 0.45 0.8 1.0 0.3 0.2 0.15 0.45 1.0 0.4 0.85 0.8 0.4 0.75 
-0.04853413855361579 0.5470549541511116 0.6044021226089112 0.55 0.0 0.95 0.65 0.85 0.15 0.55 0.45 0.2 0.95 0.3 0.4 0.3 0.7 0.3 0.7 0.5 0.45 0.7 0.45 1.0 0.1 0.05 0.55 0.95 1.0 0.75 0.05 0.65 0.45 0.95 0.4 0.85 0.95 0.45 0.75 
-0.0014072432739875684 0.6015190557268424 0.46723119534943264 1.0 0.45 0.0 0.65 0.75 0.35 0.95 0.35 0.8 0.9 0.9 0.45 0.75 0.35 0.05 0.1 0.25 0.35 0.85 0.4 0.8 0.85 0.3 0.35 0.6 0.8 0.55 0.75 0.85 0.85 0.85 0.05 0.7 0.5 0.35 0.0 
-0.013133531512736869 0.5941123989051322 0.5426942573878186 0.4 0.75 0.6 0.7 0.85 0.25 1.0 0.45 0.3 0.95 0.3 0.65 0.4 0.65 0.25 0.7 0.6 0.35 0.8 0.55 0.6 0.05 1.0 0.65 0.85 1.0 0.75 0.75 0.95 0.45 0.95 0.4 0.85 0.7 0.4 0.75 
-0.0008021293145477305 0.5316926321667241 0.5841907527720418 0.15 0.85 0.4 0.7 0.1 0.9 0.65 0.9 0.9 0.1 0.55 0.05 0.1 0.3 0.4 0.5 0.25 0.3 0.85 0.5 0.15 0.85 0.25 0.9 0.75 0.4 0.85 0.6 0.4 0.85 0.9 0.05 0.85 0.45 0.3 1.0 
-0.001498697683096399 0.5916757833936718 0.5999567541385702 0.65 0.8 0.4 0.65 0.85 0.05 0.95 0.45 0.1 0.95 0.3 0.4 0.55 0.35 0.6 0.7 0.5 0.65 0.95 0.25 1.0 0.1 0.2 0.45 0.8 1.0 0.3 0.2 0.15 0.45 1.0 0.4 0.85 0.95 0.4 0.75 
-0.011456265097758905 0.5525286536925818 0.5640067732515838 0.75 0.9 0.4 0.2 0.2 0.9 0.65 0.9 0.9 0.1 0.55 0.05 0.1 0.3 0.95 0.35 0.2 0.65 0.9 0.5 0.15 0.25 0.25 0.9 0.75 0.4 0.85 0.2 0.4 0.85 0.45 1.0 0.85 0.75 0.3 1.0 
-0.004215660385747511 0.41058283399747186 0.5504156732424313 0.7 0.45 0.25 0.35 0.4 0.7 0.9 0.1 0.3 0.8 0.35 0.3 0.2 0.0 0.75 0.95 0.5 0.2 0.25 0.55 0.3 0.2 0.8 0.9 1.0 0.25 0.35 0.7 0.05 0.15 0.9 0.15 0.4 0.7 0.7 0.75 
-0.008790897718363357 0.4545396143867404 0.5756455299097641 0.25 0.45 0.5 0.35 0.9 0.9 0.2 0.0 0.1 1.0 0.35 0.3 0.2 0.0 0.75 0.3 0.5 0.2 0.6 0.35 0.4 0.3 1.0 0.9 1.0 0.4 0.35 0.7 0.05 0.1 0.65 0.1 0.4 0.45 0.7 0.2 
-0.02998372139216222 0.6087947179765049 0.5857753156305054 0.65 0.55 0.6 0.65 0.85 0.25 1.0 0.45 0.2 0.95 0.3 0.4 0.4 0.65 0.6 0.7 1.0 0.35 0.8 0.55 0.6 0.1 0.85 0.65 0.85 1.0 0.75 0.8 0.15 0.45 0.95 0.4 0.85 0.95 0.4 0.85 
-0.000684910075532775 0.6172851737721928 0.5550900223302618 0.0 0.35 0.3 0.35 0.15 0.2 0.8 0.8 0.65 0.9 0.5 0.6 0.85 0.7 0.85 0.5 0.3 0.95 1.0 0.85 0.05 0.1 0.95 0.3 0.9 0.45 0.75 0.35 0.5 0.25 0.75 0.85 0.65 0.45 0.15 0.6 
-0.01370056399291422 0.42947488931947325 0.4375934716307066 0.9 0.0 0.05 0.8 0.15 0.2 1.0 0.75 0.35 0.95 1.0 0.5 0.85 0.8 0.25 0.8 0.6 0.7 0.9 0.95 0.35 0.95 1.0 0.4 0.75 0.85 0.75 0.2 0.5 0.1 0.65 0.1 0.5 0.85 0.7 0.65 
-0.026109489030651238 0.5123038598991972 0.5987287164309858 0.35 0.85 0.95 0.85 0.85 0.15 0.4 0.45 0.1 0.95 0.3 0.4 0.45 0.7 0.85 0.7 0.5 0.9 1.0 0.45 0.95 0.35 0.35 0.2 1.0 1.0 0.75 0.15 0.35 0.25 0.8 0.4 0.85 0.95 0.45 0.8 
-0.021971658070173726 0.5804997092071319 0.5903272171765813 0.35 0.85 0.15 0.65 0.85 0.25 0.85 0.45 0.45 0.75 0.3 0.4 0.55 0.7 0.6 0.7 0.5 0.65 0.1 0.8 0.4 0.1 0.0 0.25 0.8 1.0 0.15 0.05 0.15 0.45 0.95 0.4 0.85 0.95 0.45 0.75 
-0.0001348584053883934 0.5335614419099529 0.426806273272383 0.6 0.9 0.7 0.5 0.75 0.8 0.95 0.35 0.7 0.95 0.9 0.45 0.3 0.8 0.95 0.1 0.6 0.65 0.95 0.8 0.8 0.4 0.3 0.35 0.5 0.8 0.1 0.7 0.85 0.65 0.85 0.85 0.85 0.5 0.35 0.05 
-0.002502498234389149 0.5965982499102092 0.40315730191888227 0.9 0.45 0.8 0.65 0.95 0.45 1.0 0.35 0.8 0.9 0.9 0.45 0.75 0.8 0.35 0.1 0.65 0.85 0.5 0.35 0.8 0.85 0.3 0.35 0.35 0.0 0.4 0.8 0.85 0.65 0.85 0.05 0.4 0.05 0.45 0.0 
-0.008911893076961813 0.4961094867017691 0.5698286753279695 0.05 0.7 0.8 0.0 0.7 0.0 0.9 0.95 0.05 1.0 0.35 0.45 0.6 0.0 0.7 0.95 0.75 0.55 0.9 0.45 0.45 0.6 0.4 0.95 0.85 0.25 0.3 0.7 0.05 0.15 0.95 0.1 0.6 0.7 0.4 0.3 
-0.01728828681170447 0.36756961178239944 0.5154762501499796 0.55 0.35 0.05 1.0 0.5 0.1 1.0 0.75 0.55 0.45 1.0 0.5 0.3 0.7 0.2 0.8 0.95 0.95 0.9 0.45 0.65 1.0 0.15 0.55 0.05 0.65 0.05 0.65 1.0 0.1 1.0 1.0 0.8 0.35 0.7 0.65 
-0.0009636495150252319 0.4531678944125713 0.4217262463297254 0.5 0.3 0.35 0.15 0.55 0.6 1.0 1.0 0.75 0.85 0.15 0.45 0.35 0.95 0.35 0.6 0.95 1.0 0.25 0.95 0.05 0.65 0.8 0.55 0.95 0.65 0.65 0.2 0.3 0.3 0.05 0.6 0.5 0.7 0.25 0.35 
-0.0012553387869526865 0.6108022839637693 0.5280833804726578 0.0 0.35 0.95 0.35 0.15 0.2 0.8 0.8 0.7 0.9 0.5 0.6 0.85 0.7 0.5 0.5 0.3 0.95 0.3 0.85 0.05 0.1 0.45 0.3 0.9 0.45 0.75 0.35 0.5 0.25 0.75 0.9 0.65 0.45 0.15 0.6 
-0.0011711499757904248 0.5640936813823305 0.4197120618937511 1.0 0.6 0.05 0.7 0.35 0.5 0.95 0.35 0.45 0.8 0.9 0.25 0.1 0.2 0.5 0.1 0.05 0.35 0.85 0.35 0.35 0.6 0.3 0.35 0.55 0.45 0.6 0.75 0.7 0.4 0.25 0.5 0.7 0.15 0.3 0.0 
-0.022395024598681767 0.6039312341541418 0.6060311356637499 0.65 0.25 0.6 0.65 0.85 0.25 0.95 0.45 0.35 0.95 0.3 0.4 0.95 0.7 0.6 0.7 0.45 0.65 0.8 0.4 0.6 0.75 0.05 0.15 0.85 1.0 0.75 0.8 0.15 0.45 0.95 0.4 0.85 0.95 0.4 0.75 
-0.0014660238246002807 0.4181954719805193 0.44939542853604675 0.2 0.85 0.05 0.8 0.85 0.1 1.0 0.75 0.35 0.95 1.0 0.35 0.85 0.8 0.25 1.0 0.6 0.7 0.9 0.95 0.35 1.0 1.0 0.55 0.45 0.85 0.75 0.2 0.0 0.0 0.5 0.0 0.8 0.85 0.7 0.65 
-0.0021335125242739547 0.3680152099711145 0.5072744621683085 0.4 0.65 1.0 0.15 0.9 0.6 1.0 0.75 0.35 0.95 1.0 0.5 0.55 0.8 0.8 0.25 1.0 0.65 0.9 0.3 0.55 1.0 0.15 0.55 0.3 0.8 0.75 0.15 0.6 0.35 1.0 1.0 0.8 1.0 0.7 0.65 
-0.00022643680281954869 0.38439137982085403 0.5145529889554764 0.55 0.65 0.05 0.8 0.65 0.1 1.0 0.75 0.35 1.0 0.95 0.5 0.15 0.8 0.4 0.05 0.2 0.25 0.75 0.45 0.35 0.9 0.15 1.0 0.9 0.5 0.8 0.55 1.0 0.15 1.0 1.0 0.55 0.55 0.7 0.65 
-0.007686848983557556 0.5531747318609688 0.4132092971171191 0.5 0.15 0.1 0.15 0.35 0.5 0.95 0.35 0.85 0.8 0.9 0.4 0.1 0.2 0.5 0.1 0.05 0.75 0.55 0.65 0.8 0.85 0.3 0.35 0.8 0.0 0.65 0.85 0.7 0.4 0.25 0.15 0.7 0.3 0.8 0.3 
-0.02005650448302061 0.38734139718465765 0.48852153309376944 0.55 0.15 0.05 0.8 0.65 0.7 1.0 0.75 0.55 0.95 0.8 0.25 0.3 0.0 0.2 0.45 0.6 0.7 1.0 0.4 0.55 1.0 0.15 0.55 0.05 0.85 0.65 0.05 0.7 0.05 0.2 0.15 0.65 0.65 0.3 0.65 
-0.0066577614400325415 0.4366466100526939 0.6023874400958062 0.1 0.45 0.95 0.35 0.4 0.0 0.6 0.75 0.85 1.0 0.25 0.3 0.2 0.0 0.65 0.95 0.5 0.2 0.6 0.45 0.15 0.4 0.8 0.55 1.0 0.4 0.45 0.75 0.05 0.1 0.9 0.1 0.65 0.9 0.7 0.35 
-6.350147759489595e-05 0.5897871098957634 0.41138959592145186 1.0 0.45 0.35 0.7 0.15 0.35 1.0 0.35 0.8 0.9 0.9 0.45 0.65 0.8 0.05 0.25 0.25 0.35 0.55 0.3 0.9 0.85 0.3 0.35 1.0 0.0 0.1 0.8 0.7 0.5 0.0 0.05 0.7 0.7 0.45 0.0 
-0.005406074167731736 0.6136901162250583 0.42795588950599156 1.0 0.45 0.35 0.65 0.75 0.5 0.95 0.35 0.8 0.9 0.9 0.45 0.75 0.8 0.05 0.1 0.25 0.35 0.4 0.4 0.8 0.85 0.3 0.35 0.7 0.1 0.55 0.8 0.1 0.65 0.85 0.05 0.7 0.65 0.35 0.0 
-0.03553193140309079 0.511458862845245 0.4143621647350737 0.95 0.45 0.3 0.65 0.75 1.0 1.0 0.35 0.75 0.9 0.9 0.45 0.3 0.8 0.95 0.1 0.25 0.65 0.95 0.85 0.75 0.85 0.3 0.35 0.7 0.35 0.3 0.8 0.1 0.65 0.85 0.05 0.85 0.65 0.35 0.05 
-0.006097722810724972 0.38170299686945125 0.5369280779827411 0.55 0.35 0.05 0.8 0.65 0.1 1.0 0.75 0.55 0.95 0.0 0.5 0.55 0.8 0.2 0.1 0.95 0.55 0.8 0.4 0.8 1.0 0.15 0.55 0.05 0.05 0.7 0.1 0.7 0.45 0.55 1.0 0.65 0.65 0.7 0.65 
-0.004735058739423001 0.3444121686599194 0.4911100518102213 0.55 0.65 0.05 0.8 0.65 0.1 1.0 0.75 0.35 1.0 1.0 0.5 0.15 0.8 0.35 0.8 0.2 0.25 0.85 0.45 0.25 0.85 0.15 0.55 0.9 0.7 0.55 0.65 1.0 0.25 1.0 1.0 0.65 0.65 0.5 0.65 
-0.007623874072784069 0.36034285465391647 0.462631999636337 0.9 0.55 0.05 0.8 0.85 0.7 1.0 0.75 0.35 0.95 1.0 0.5 0.85 0.8 0.25 0.8 0.6 0.7 0.5 0.35 0.35 1.0 1.0 0.5 0.7 0.55 0.8 0.2 0.0 0.0 0.2 0.1 0.45 0.85 0.65 0.65 
-0.010031783970720121 0.4808483071021676 0.5730496639833946 0.25 0.45 0.25 0.35 0.9 0.95 1.0 0.0 0.85 1.0 0.35 0.3 0.2 0.0 0.75 0.3 0.5 0.2 0.6 0.35 0.4 0.3 1.0 0.9 1.0 0.4 0.35 0.7 0.05 0.1 0.65 0.1 0.4 0.45 0.7 0.2 
-0.003499999323320324 0.36682478764713533 0.4502796668813523 0.9 0.55 0.4 0.65 0.85 0.0 1.0 0.75 0.35 0.95 1.0 0.5 0.5 0.8 0.75 0.8 0.4 0.8 0.9 0.35 0.3 0.7 0.75 0.55 1.0 0.5 0.8 0.2 0.0 0.25 0.6 0.15 0.7 0.95 0.7 0.65 
-0.010093694848871364 0.47353034092556534 0.40835270391487 0.9 0.55 0.4 0.75 0.5 0.7 0.9 0.75 0.35 0.95 1.0 0.5 1.0 0.8 0.25 0.8 0.6 0.7 0.9 0.8 0.35 1.0 1.0 0.55 0.45 0.9 0.65 0.2 0.95 0.0 0.5 0.55 0.45 0.4 0.7 0.65 
-0.0031168982879021478 0.6297650223448069 0.5579019019871044 1.0 0.45 0.55 0.65 0.7 0.5 0.65 0.35 0.95 0.85 0.9 0.45 0.75 0.8 0.35 0.5 0.25 0.35 0.55 0.3 0.85 1.0 0.3 0.35 1.0 0.0 0.85 0.8 0.85 0.45 1.0 0.05 0.7 0.7 0.45 0.0 
-0.0016204448372504668 0.33627333401646664 0.5219597889806341 0.55 0.35 0.05 0.8 0.5 0.1 1.0 0.75 0.55 0.95 1.0 0.5 0.3 0.8 0.2 0.8 0.95 0.95 0.55 0.45 0.65 1.0 0.15 0.55 0.5 0.85 0.9 0.65 1.0 0.35 1.0 1.0 0.8 0.65 0.7 0.65 
-0.001350058582536773 0.6220596078113341 0.4872215245385289 1.0 0.55 0.1 0.3 0.35 0.5 0.95 0.35 0.7 0.5 0.9 0.45 0.8 0.85 0.1 0.1 0.25 0.35 0.95 0.35 0.8 0.85 0.3 0.25 0.5 0.8 0.6 0.7 1.0 0.25 0.25 0.25 0.8 0.55 0.15 0.0 
-0.0010939755913647073 0.4196531991162089 0.41702152202024495 0.9 0.25 0.15 0.15 0.8 0.95 1.0 0.75 0.35 0.35 1.0 0.5 0.2 0.8 0.25 0.8 0.6 0.7 0.9 0.95 0.45 0.9 1.0 0.55 0.65 0.85 0.7 0.2 0.0 0.2 0.65 0.1 0.5 0.85 0.7 0.65 
-0.0034158228834963215 0.3837351980000911 0.4683620215860099 0.15 0.55 0.05 0.65 1.0 0.0 1.0 0.75 0.35 0.7 1.0 0.5 0.75 0.8 1.0 0.8 0.6 0.15 0.9 0.35 0.25 0.65 1.0 0.55 0.8 0.5 0.05 0.2 0.05 0.4 0.7 0.0 0.85 0.35 0.6 1.0 
-0.004814962055101069 0.44829705862557684 0.5876097330803189 0.1 0.55 0.05 0.65 1.0 0.0 0.1 0.75 0.35 0.95 0.25 0.5 0.75 0.8 1.0 0.8 0.6 0.15 0.9 0.35 0.25 0.65 1.0 0.55 0.8 0.5 0.4 0.2 0.05 0.4 0.9 0.0 0.8 0.85 0.6 0.6 
-0.02543991155474025 0.6246203866111868 0.4976540135967404 1.0 0.55 0.1 0.3 0.35 0.5 0.95 0.35 0.7 0.8 0.9 0.45 0.8 0.85 0.1 0.1 0.25 0.35 0.95 0.35 0.8 0.85 0.3 0.25 0.5 0.8 0.6 0.7 1.0 0.25 0.25 0.25 0.8 0.55 0.15 0.0 
-0.00677252978729594 0.6184605767141867 0.6016331522455319 0.7 0.55 0.6 0.55 0.85 0.25 1.0 0.45 0.3 0.8 0.3 0.4 0.4 0.65 0.25 0.7 0.6 0.35 0.65 0.55 0.6 0.1 0.7 0.65 0.85 1.0 0.75 1.0 0.95 0.45 0.95 0.4 0.85 0.95 0.4 0.75 
-0.000848492517512851 0.34029002856233304 0.4515232888246464 0.85 0.55 0.05 0.65 1.0 0.0 1.0 0.75 0.35 0.7 0.95 0.5 0.75 0.8 1.0 0.8 0.6 0.15 0.9 0.35 0.25 0.65 1.0 0.55 0.8 0.35 0.4 0.2 0.05 0.4 0.7 0.0 0.8 0.85 0.6 0.6 
-0.0364335406754346 0.3711221834289487 0.4196781459388165 0.9 0.0 0.05 0.8 0.85 0.95 1.0 0.75 0.35 0.95 1.0 0.5 0.4 0.2 0.25 0.8 0.8 0.7 0.9 0.35 0.35 0.95 1.0 0.15 0.85 0.85 0.75 0.2 0.0 0.35 0.45 0.2 0.5 0.85 0.7 0.65 
-0.04359476283085167 0.6306751957398238 0.5395656495338221 0.0 0.35 0.3 0.35 0.8 0.2 0.8 0.8 0.65 0.9 0.5 0.6 0.85 0.4 0.5 0.5 0.3 0.95 0.7 0.25 0.65 0.1 1.0 0.1 0.9 0.45 0.75 0.35 0.5 0.25 1.0 0.2 0.65 0.85 0.15 0.55 
-0.09895103724669413 0.5658783063490166 0.615228770893274 0.55 0.25 0.6 0.65 0.85 0.25 0.95 0.45 0.35 0.95 0.3 0.4 0.95 0.7 0.6 0.9 0.45 1.0 0.8 0.4 0.6 0.0 0.05 0.15 0.85 0.45 0.75 0.8 0.15 0.45 0.95 0.4 0.85 0.95 0.4 0.75 
-0.0012786397004331703 0.36262381813874656 0.529079455293656 0.55 0.35 0.05 0.8 0.5 0.1 1.0 0.75 0.55 0.45 1.0 0.5 0.3 0.8 0.2 0.8 0.95 0.95 0.9 0.45 0.65 1.0 0.15 0.55 0.05 0.65 0.05 0.65 1.0 0.1 1.0 1.0 0.8 0.55 0.7 0.65 
-0.020353245311714497 0.5439554591515626 0.6093995593451432 0.55 0.0 0.95 0.65 0.85 0.15 0.55 0.45 0.2 0.95 0.3 0.4 0.3 0.7 0.3 0.7 0.5 0.45 0.7 0.45 1.0 0.1 0.05 0.55 0.95 1.0 0.75 0.05 0.35 0.45 0.95 0.4 0.85 0.95 0.45 0.75 
-0.002108651181773243 0.6230440669848619 0.45874471316381443 1.0 0.05 0.3 0.65 0.75 0.5 0.95 0.35 0.7 0.85 0.9 0.45 0.2 0.6 0.95 0.1 0.25 0.3 0.1 0.8 0.8 0.9 0.3 0.35 0.8 0.8 0.6 0.8 0.85 0.65 0.85 0.7 0.7 0.65 0.35 0.75 
-0.008252955694680016 0.3844916151914458 0.45560514624573467 0.9 0.45 0.1 0.65 1.0 0.0 1.0 0.75 0.35 0.95 1.0 0.5 0.3 0.8 1.0 0.8 0.6 0.05 0.9 0.25 0.25 0.2 1.0 0.55 0.55 0.25 0.4 0.2 0.05 0.45 0.5 0.0 0.85 0.85 0.5 0.6 
-0.004451107371498614 0.4292276914750292 0.6031059571851052 0.7 0.65 0.05 0.2 0.7 0.9 0.8 0.1 0.3 1.0 0.35 0.25 0.55 0.9 0.75 0.55 0.5 0.2 0.9 0.45 0.35 0.4 0.15 0.9 1.0 0.25 0.35 0.95 0.05 0.15 0.25 0.1 1.0 0.75 0.7 0.55 
-0.017714328753259012 0.4023769000851485 0.5588951443883401 0.55 0.35 0.7 0.1 0.75 0.9 0.75 0.8 0.55 0.95 1.0 0.5 0.55 0.25 0.2 0.05 0.95 0.65 0.9 0.4 0.55 1.0 0.15 0.55 0.8 0.85 0.0 0.05 0.85 0.35 0.35 1.0 0.35 0.65 0.7 0.55 
-0.00678801042775473 0.5570621964994086 0.38105691618081694 0.6 0.9 0.7 0.65 0.75 0.8 0.95 0.35 0.7 0.95 0.9 0.45 0.3 0.8 0.95 0.1 0.6 0.65 0.95 0.8 0.8 0.85 0.3 0.35 0.5 0.8 0.1 0.7 0.85 0.65 0.85 0.85 0.85 0.5 0.35 0.05 
-0.010468978035106845 0.530784748917937 0.6386391362692523 0.35 0.85 0.95 0.65 0.85 0.15 0.85 0.45 0.55 0.95 0.3 0.4 0.3 0.7 0.85 0.7 0.5 0.65 0.9 0.45 0.95 0.1 0.35 0.2 1.0 1.0 0.75 0.05 0.15 0.95 0.8 0.4 0.85 0.95 0.45 0.8 
-0.014241982971469582 0.5800749721500226 0.38121739762533513 1.0 0.45 0.35 0.05 0.0 0.5 1.0 0.35 0.8 0.9 0.9 0.45 1.0 0.4 0.95 0.1 0.6 0.35 0.85 0.3 0.8 0.65 0.3 0.45 0.9 0.9 0.15 0.8 0.85 0.0 1.0 0.05 0.7 0.8 0.45 0.1 
-0.02297793853591397 0.6349338640133798 0.5110395141647601 1.0 0.05 0.6 0.35 0.45 0.15 1.0 0.35 0.8 1.0 0.9 0.45 0.75 0.8 0.25 0.35 0.75 1.0 0.85 1.0 0.0 0.95 0.3 0.35 1.0 0.75 0.4 0.8 0.8 0.65 0.75 0.05 0.75 0.65 0.45 0.5 
-0.001351487006497585 0.5713398611395002 0.6259711672264849 0.65 0.55 0.6 0.35 0.85 0.25 1.0 0.45 0.35 0.95 0.3 0.4 0.4 0.0 0.25 0.7 0.6 0.35 1.0 0.55 0.6 0.1 0.65 0.65 0.85 1.0 1.0 0.9 0.95 0.4 0.95 0.4 0.85 0.95 0.4 0.75 
-0.019894071858452572 0.6697751299024136 0.5775162184010493 0.4 0.05 0.35 0.15 0.75 0.95 1.0 0.35 0.35 0.95 0.9 0.45 0.75 0.35 0.05 0.1 0.75 0.1 0.8 0.3 0.8 0.85 0.3 0.35 0.95 0.8 0.6 0.8 0.85 0.65 0.95 0.8 0.8 0.7 0.4 0.2 
-0.002197177977503339 0.4280279099442156 0.4168832638996237 0.8 0.55 0.3 0.8 0.85 0.85 1.0 0.75 0.35 0.95 1.0 0.5 0.35 0.8 1.0 0.8 0.6 0.7 0.6 0.85 0.4 0.65 1.0 0.55 0.45 0.05 0.1 0.35 0.95 0.0 0.5 0.1 0.7 0.85 0.7 0.65 
-0.033650677812957865 0.6729166798063202 0.49188262331123944 0.1 0.0 0.35 0.2 0.45 0.15 1.0 0.35 0.6 1.0 0.9 0.45 0.75 0.8 0.4 0.35 0.75 0.35 0.85 0.15 0.6 0.9 0.3 0.35 0.9 0.8 0.4 0.8 0.8 0.65 0.85 0.05 0.75 0.7 0.45 0.9 
-0.02646508515202466 0.559809258467533 0.6473241937316728 0.65 0.55 0.6 0.35 0.85 0.25 1.0 0.45 0.35 0.95 0.3 0.4 0.4 0.0 0.25 0.7 0.6 0.35 1.0 0.55 0.6 0.1 0.65 0.65 0.3 0.6 1.0 0.9 0.95 0.4 0.95 0.4 0.85 0.95 0.4 0.75 
-0.01786092522365651 0.484259359911613 0.5999309832493567 0.4 0.45 0.95 0.35 0.7 0.0 0.6 0.0 0.85 1.0 0.25 0.3 0.2 0.0 0.65 0.95 0.5 0.2 0.0 0.9 0.3 0.35 0.8 0.75 1.0 0.4 0.45 0.75 0.05 0.1 0.9 0.1 0.6 0.95 0.7 0.2 
-0.015868202817302477 0.3371141590208234 0.5264989875354018 0.55 0.65 0.05 0.8 0.5 0.1 1.0 0.75 0.55 0.95 1.0 0.5 0.3 1.0 0.2 0.8 0.95 0.95 0.55 0.45 0.65 1.0 0.15 0.55 0.5 0.85 0.9 0.65 1.0 0.1 1.0 1.0 0.8 0.65 0.7 0.65 
-0.0058884137079926995 0.6554118379124425 0.47101259400519485 1.0 0.45 0.35 0.65 0.7 0.5 0.65 0.35 0.8 0.85 0.9 0.45 0.75 0.8 0.35 0.5 0.25 0.35 0.55 0.15 0.85 1.0 0.3 0.35 1.0 0.0 0.85 0.8 0.85 0.45 1.0 0.05 0.7 0.7 0.45 0.0 
-0.0059483799609412686 0.5707509318846469 0.6731741355176512 0.65 0.5 0.6 0.65 0.85 0.25 0.7 0.45 0.4 0.95 0.3 0.4 0.4 0.65 0.25 0.7 0.2 0.35 0.8 0.55 0.6 0.2 0.05 0.65 0.8 1.0 0.75 0.75 0.95 0.4 0.95 0.4 0.85 0.95 0.4 0.75 
-0.011719676195190218 0.5033598842145517 0.6057786332567413 0.35 0.85 0.95 0.65 0.85 0.15 0.4 0.45 0.1 0.95 0.3 0.4 0.45 0.7 0.85 0.7 0.5 0.9 1.0 0.45 0.95 0.35 0.35 0.2 1.0 1.0 0.75 0.15 0.15 0.25 0.8 0.4 0.85 0.95 0.45 0.8 
-0.008352408374990848 0.6666493245993668 0.5152026830529314 1.0 0.45 0.35 0.65 0.75 0.5 0.95 0.35 0.8 0.9 0.9 0.45 0.75 0.8 0.05 0.1 0.0 0.2 0.95 0.4 0.8 0.85 0.25 0.35 0.7 0.8 0.55 0.55 0.85 0.65 0.4 0.05 0.55 0.65 0.35 0.6 
-0.0065056315464395555 0.6691641262540806 0.5539286922732469 1.0 0.45 0.35 0.65 0.75 0.5 0.95 0.35 0.45 0.9 0.9 0.45 0.75 0.8 0.05 0.1 0.25 0.35 0.95 0.4 0.8 0.85 0.25 0.35 0.8 0.8 0.4 0.65 0.85 0.65 0.85 0.05 0.7 0.65 0.3 0.6 
-0.0035943795478269344 0.5822043616497027 0.653469396489304 0.7 0.55 0.6 0.55 0.85 0.25 1.0 0.45 0.3 0.95 0.3 0.4 0.7 0.65 0.25 0.85 0.6 0.35 0.85 0.55 0.6 0.1 0.85 0.65 0.85 1.0 0.75 0.25 0.95 0.4 0.6 0.4 0.85 0.85 0.4 0.75 
-0.002713392987424607 0.6568009558930694 0.6067356567301774 0.2 0.05 0.35 0.65 0.05 0.15 0.95 0.35 0.35 0.9 0.9 0.45 0.75 0.8 0.05 0.35 0.55 0.4 0.85 0.3 0.8 0.85 0.3 0.35 0.7 0.8 0.7 0.8 0.85 0.65 0.6 0.75 0.8 0.8 0.4 0.2 
-0.02728801680589861 0.5171612629941853 0.6013433449915645 0.35 0.85 0.95 0.65 0.85 0.15 0.4 0.45 0.1 0.95 0.3 0.4 0.55 0.7 0.85 0.7 0.5 0.65 0.05 0.35 0.95 0.1 0.35 0.2 0.95 0.9 0.75 0.05 0.15 0.25 0.8 0.4 0.85 0.95 0.45 0.8 
-0.001765314468997305 0.6283401993370032 0.449015904134156 1.0 0.9 0.3 0.65 0.15 0.5 0.95 0.35 0.7 0.95 0.9 0.45 0.2 0.6 0.95 0.1 0.25 0.3 0.1 0.8 0.8 0.9 0.3 0.35 0.8 0.8 0.6 0.6 0.85 0.65 0.25 0.7 0.7 0.65 0.35 0.35 
-0.003984868292332383 0.6521952556881908 0.5337646139534367 1.0 0.45 0.35 0.6 0.15 0.9 1.0 0.35 0.6 0.95 0.9 0.45 0.15 0.8 0.05 0.4 0.25 0.35 0.65 0.3 0.3 0.85 0.3 0.35 1.0 0.55 0.4 0.9 0.85 0.65 0.75 0.5 0.7 0.7 0.45 0.75 
-0.010289620102358137 0.3817084464049154 0.5664387449243504 0.05 0.85 0.4 1.0 0.7 0.0 0.9 0.95 0.15 1.0 0.35 0.45 0.6 0.8 0.7 0.95 0.25 0.2 0.9 0.45 0.45 0.6 0.4 0.95 0.85 0.25 0.35 0.7 0.05 0.15 1.0 0.75 0.5 0.7 0.75 0.8 
-0.0027515192105831247 0.32778476347754304 0.4840013213907688 0.3 0.5 0.05 0.65 1.0 0.0 1.0 0.75 0.35 0.95 1.0 0.5 0.85 0.85 0.6 0.3 0.85 0.05 0.9 0.35 0.05 0.65 1.0 0.55 0.7 0.5 0.7 0.65 0.0 0.5 0.7 0.1 0.9 0.9 0.7 0.65 
-0.0009198966312666951 0.6435892687604047 0.4835430280111973 0.0 0.35 0.7 0.35 0.8 0.2 0.8 0.8 0.65 0.9 0.5 0.6 0.85 0.4 0.5 0.5 0.3 0.95 0.45 0.9 0.85 0.1 1.0 0.1 0.75 0.45 0.75 0.7 0.4 0.25 1.0 0.2 0.65 0.9 0.15 0.55 
-0.0019392216240255418 0.38430556512907166 0.5860233809537504 0.55 0.35 0.7 0.15 0.75 0.9 0.75 0.8 0.55 0.95 1.0 0.5 0.05 0.8 0.2 0.8 0.95 0.85 0.8 0.4 0.6 1.0 0.15 0.6 0.85 0.85 0.0 0.1 0.85 0.35 1.0 1.0 0.75 0.55 0.7 0.55 
-0.01962298360204937 0.3278097874697098 0.5790665174745654 0.55 0.65 0.15 0.8 0.05 0.1 1.0 0.75 0.35 1.0 1.0 0.5 0.3 0.8 0.2 0.8 0.95 0.65 0.65 1.0 0.25 1.0 0.15 0.55 1.0 0.7 0.3 0.65 1.0 0.1 1.0 1.0 0.75 0.65 0.7 0.65 
-0.005284754597656288 0.3309272190908473 0.5492951383005495 0.55 0.35 0.05 0.95 0.5 0.1 1.0 0.75 0.55 0.95 1.0 0.5 0.2 0.8 0.2 0.8 0.95 0.95 0.9 0.45 0.8 0.95 0.15 0.55 0.05 0.25 0.9 0.65 1.0 0.1 1.0 1.0 0.8 0.7 0.7 0.65 
-0.012609499663937854 0.3992232757591456 0.6163375248424001 0.6 0.7 0.4 1.0 0.7 0.95 0.9 0.95 0.15 1.0 0.35 0.45 0.25 0.2 0.7 0.95 0.25 0.2 0.9 0.45 0.45 0.55 0.4 0.95 0.85 0.2 0.35 0.7 0.05 0.15 0.35 0.1 0.5 0.75 0.75 0.7 
-0.0018214077687388841 0.6829042671132418 0.5266033263607428 1.0 0.45 0.35 0.65 0.7 0.5 0.65 0.35 0.8 0.85 0.9 0.45 0.75 0.8 0.35 0.5 0.25 0.35 0.5 0.3 0.85 1.0 0.3 0.35 1.0 0.0 0.85 0.8 0.85 0.45 1.0 0.05 0.7 0.7 0.45 0.0 
-0.004193676272024075 0.6201431589733886 0.41018852598813116 0.9 0.45 0.8 0.65 0.95 0.45 1.0 0.35 0.8 0.95 0.9 0.45 0.75 0.8 0.35 0.1 0.25 0.85 0.5 0.35 0.8 0.85 0.3 0.35 0.35 0.0 0.4 0.8 0.85 0.65 0.85 0.05 0.7 0.05 0.45 0.0 
-0.028509110723260477 0.6822489768684825 0.5091228665684806 1.0 0.45 0.35 0.35 0.15 0.35 1.0 0.35 0.8 0.85 0.9 0.45 0.65 0.05 0.05 0.8 0.25 0.35 0.7 0.3 0.95 0.85 0.3 0.35 0.9 0.95 0.75 0.8 0.85 0.65 0.85 0.05 0.7 0.7 0.45 0.85 
-0.018014193860859198 0.4737602697036084 0.6076711892554729 0.1 0.45 0.95 0.35 0.4 0.0 0.6 0.0 0.85 0.95 0.25 0.3 0.2 0.0 0.65 1.0 0.5 0.2 0.6 0.45 0.15 0.4 0.8 0.55 1.0 0.4 0.45 0.75 0.05 0.1 0.9 0.1 0.65 0.9 0.7 0.3 
-0.045223488506832096 0.5060644410888416 0.6299948124929233 0.55 0.0 0.95 0.65 0.85 0.15 0.55 0.45 0.2 0.95 0.3 0.4 0.3 0.7 0.3 0.7 0.5 0.45 0.7 0.45 1.0 0.1 0.05 0.55 0.95 1.0 0.75 0.05 0.35 0.45 0.95 0.4 0.85 0.95 0.45 0.85 
-0.014383572521539063 0.5364185692779797 0.40220380223022445 0.05 0.15 0.05 0.7 0.35 0.5 0.95 0.35 0.75 0.8 0.9 0.45 0.55 1.0 0.5 0.1 0.7 0.2 0.85 1.0 0.95 0.65 0.3 0.35 0.7 0.0 0.6 0.75 0.7 0.4 0.35 0.05 0.85 0.55 0.85 0.0 
-0.0006670813839973234 0.6268428644198649 0.6281915790042487 0.0 0.35 0.3 0.35 0.55 0.15 0.85 0.8 0.5 0.85 0.5 0.6 0.0 0.5 0.5 0.5 0.1 0.5 0.7 0.9 0.65 0.5 1.0 0.85 0.9 0.45 0.75 0.1 0.65 0.25 0.9 0.2 0.65 0.85 0.15 0.55 
-0.0011088892840680873 0.6221403505495039 0.42954719089697285 0.8 0.45 0.35 0.35 0.15 0.35 1.0 0.35 0.8 0.8 0.9 0.45 0.65 0.8 0.6 0.8 0.25 0.35 0.55 0.3 0.4 0.85 0.3 0.35 0.8 0.0 0.7 0.8 0.7 0.25 0.85 0.05 0.05 0.7 0.45 0.0 
-0.02906196459439651 0.40967412296853173 0.6283872607156302 0.7 0.45 0.25 0.35 0.4 0.0 0.9 0.1 0.3 1.0 0.35 0.3 0.2 0.0 0.75 0.95 0.5 0.2 0.7 0.45 0.25 0.5 0.8 0.9 1.0 0.25 0.35 0.7 0.05 0.15 0.8 0.05 0.4 0.7 0.7 0.75 
-0.005160798280848261 0.35578752161146343 0.5598339773275949 0.75 0.55 0.05 0.8 0.5 0.1 1.0 0.75 0.55 0.95 1.0 0.5 0.3 0.8 0.2 0.8 0.95 0.95 0.5 0.45 0.05 1.0 0.15 0.55 0.6 0.65 0.25 0.3 0.35 0.1 1.0 1.0 0.55 0.65 0.75 0.65 
-0.03002935058792727 0.6729718735533428 0.4509220791971263 1.0 0.45 0.35 0.65 0.7 0.5 0.65 0.35 0.8 0.85 0.9 0.45 0.05 0.8 0.35 0.5 0.25 0.35 0.55 0.3 0.4 1.0 0.3 0.35 1.0 0.0 0.85 0.8 0.85 0.6 0.95 0.05 0.7 0.7 0.45 0.0 
-0.027959278058956618 0.6787284782688228 0.4660569308674257 1.0 0.85 0.7 0.65 0.7 0.5 0.9 0.35 0.8 0.9 0.9 0.45 0.75 0.8 0.35 0.9 0.25 0.35 0.4 0.3 0.85 0.8 0.3 0.35 1.0 0.0 0.85 0.8 0.85 0.45 1.0 0.05 0.7 0.7 0.8 0.35 
-0.0014846362706391703 0.4070534970805341 0.6229739296656586 0.7 0.45 0.25 0.35 0.4 0.0 0.9 0.1 0.3 1.0 0.35 0.3 0.2 0.0 0.75 0.95 0.5 0.2 0.7 0.45 0.25 0.5 0.8 0.9 1.0 0.25 0.35 0.7 0.05 0.15 0.9 0.05 0.4 0.7 0.7 0.75 
-0.0020007388900053144 0.6305199483308146 0.3854458806187781 1.0 0.45 0.35 0.7 0.15 0.35 1.0 0.35 0.8 0.9 0.9 0.45 0.65 0.8 0.05 0.25 0.25 0.35 0.55 0.3 0.9 0.85 0.3 0.35 1.0 0.0 0.1 0.8 0.7 0.25 0.35 0.05 0.7 0.7 0.45 0.0 
-0.02039570490951625 0.4400850648389177 0.6204768650806076 0.7 0.45 0.25 0.35 0.4 0.0 0.9 0.1 0.3 1.0 0.35 0.3 0.2 0.0 0.75 0.0 0.5 0.2 0.7 0.45 0.25 0.95 0.8 0.9 1.0 0.25 0.35 0.7 0.05 0.15 0.3 0.05 0.4 0.7 0.7 0.75 
-0.015554203689521528 0.5543784468326008 0.3956291560602782 0.6 0.9 0.7 0.5 0.75 0.8 0.95 0.35 0.7 0.95 0.9 0.45 0.3 0.8 0.95 0.1 0.6 0.65 0.95 0.8 0.8 0.95 0.3 0.35 0.5 0.8 0.1 0.7 0.85 0.65 0.85 0.85 0.85 0.5 0.35 0.05 
-0.017827601519371856 0.52210635711491 0.640979716375651 0.35 0.85 0.95 0.65 0.85 0.15 0.85 0.45 0.55 0.95 0.3 0.4 0.7 0.7 0.85 0.7 0.5 0.65 0.5 0.45 0.95 0.1 0.35 0.2 1.0 1.0 0.75 0.05 0.15 0.95 0.8 0.4 0.85 0.95 0.45 0.8 
-0.01801989587776886 0.682317935297393 0.5331211574449461 0.65 0.45 0.35 0.65 0.7 0.5 0.6 0.35 0.8 0.85 0.9 0.45 0.75 0.8 0.35 0.5 0.25 0.35 0.55 0.3 0.85 1.0 0.3 0.35 1.0 0.0 0.85 0.8 0.85 0.45 1.0 0.05 0.7 0.7 0.45 0.0 
-0.019542350920535852 0.519199119325828 0.6629813818282653 0.65 0.25 0.6 0.65 0.85 0.25 0.95 0.45 0.2 0.95 0.3 0.4 0.95 0.7 0.6 0.7 0.45 0.65 0.8 0.4 0.6 0.1 0.4 0.15 0.85 1.0 0.75 0.8 0.15 0.45 0.95 0.4 0.85 0.95 0.4 0.75 
-0.0035641396216293426 0.6872367010034917 0.5267044845891896 1.0 0.45 0.35 0.65 0.7 0.5 0.65 0.35 0.8 0.85 0.9 0.45 0.75 0.8 0.35 0.5 0.25 0.35 0.55 0.3 0.85 1.0 0.3 0.35 1.0 0.0 0.85 0.8 0.85 0.45 1.0 0.05 0.7 0.7 0.45 0.0 
-0.010920929967216846 0.4506200794263018 0.6401310750503918 0.7 0.65 0.05 0.65 0.7 0.9 0.8 0.1 0.3 1.0 0.35 0.3 0.55 0.9 0.75 0.1 0.5 0.2 0.9 0.45 0.35 0.5 0.8 0.9 1.0 0.25 0.35 0.95 0.05 0.15 0.25 0.1 1.0 0.75 0.7 0.55 
-0.006678406182962729 0.6555050746254432 0.4139309116030174 1.0 0.45 0.35 0.7 0.15 0.35 1.0 0.35 0.8 0.9 0.9 0.45 0.65 0.8 0.05 0.8 0.25 0.35 0.55 0.3 0.8 0.85 0.3 0.35 1.0 0.0 0.1 0.8 0.7 0.25 0.35 0.05 0.7 0.7 0.45 0.0 
-0.016838135318988937 0.6958932747072916 0.5599816909108625 1.0 0.45 0.35 0.65 0.75 0.5 0.95 0.35 0.8 0.9 0.9 0.45 0.75 0.8 0.05 0.1 0.25 0.35 0.95 0.4 0.8 0.85 0.25 0.35 0.8 0.8 0.4 0.85 0.85 0.65 0.85 0.05 0.7 0.65 0.35 0.6 
-0.20273367325800554 0.5002344320190755 0.6376975823790164 0.35 0.85 0.95 0.65 0.85 0.15 0.3 0.45 0.55 0.95 0.3 0.4 0.7 0.7 0.85 0.7 0.5 0.65 0.5 0.45 0.95 0.1 0.35 0.2 1.0 1.0 0.75 0.05 0.15 0.95 0.8 0.4 0.85 0.95 0.45 0.8 
-0.0016758332721727117 0.5085322189211793 0.6625487299759476 0.65 0.25 0.6 0.65 0.85 0.25 0.95 0.45 0.2 0.95 0.3 0.4 0.95 0.7 0.8 0.7 0.45 0.65 0.8 0.4 0.6 0.1 0.05 0.15 0.85 1.0 0.75 0.8 0.15 0.45 0.85 0.4 0.85 0.95 0.4 0.75 
-0.009264720473948258 0.6956613188647457 0.4792586201701146 0.7 0.05 0.3 0.5 0.75 0.15 1.0 0.35 0.65 0.9 0.9 0.45 0.55 0.8 0.05 0.1 0.75 0.4 0.9 0.3 0.65 0.85 0.25 0.35 0.2 0.8 0.7 0.75 0.85 0.65 0.85 0.1 0.9 0.7 0.4 0.2 
-0.010905162467890523 0.6097595708423776 0.3859856686712815 1.0 0.8 0.25 0.65 0.75 0.35 0.95 0.35 0.8 0.9 0.9 0.45 0.75 0.25 0.05 0.9 0.25 0.35 0.85 0.9 0.8 0.85 0.15 0.35 0.15 0.8 0.2 0.5 0.85 0.65 0.85 0.05 0.7 0.7 0.35 0.0 
-0.013586287203573319 0.5102584788687 0.6715645319164786 0.65 0.25 0.6 0.65 0.85 0.25 0.95 0.45 0.2 0.95 0.3 0.4 0.95 0.7 0.6 0.7 0.45 0.65 0.8 0.4 0.6 0.1 0.05 0.15 0.85 1.0 0.75 0.8 0.15 0.45 0.95 0.4 0.85 0.95 0.4 0.75 
-0.020868285980367406 0.504817502443808 0.3898036634963618 1.0 0.45 0.35 0.45 0.0 0.5 1.0 0.35 0.65 0.65 0.9 0.45 0.3 0.8 0.95 0.1 0.95 0.65 0.9 0.95 0.75 0.85 0.3 0.35 0.7 0.8 0.05 0.8 0.1 0.65 0.85 0.05 0.7 0.7 0.35 0.05 
-0.039020599689471594 0.2991072377756583 0.5250540708735774 0.3 0.9 1.0 0.65 0.95 0.0 1.0 0.7 0.35 0.3 1.0 0.5 0.85 0.1 1.0 0.8 0.1 0.15 0.9 0.4 0.75 0.65 1.0 0.55 0.7 0.5 0.4 0.2 1.0 0.15 0.95 0.0 0.8 0.95 0.6 0.6 
-0.0010374147329538213 0.6889492909294725 0.45132098903530576 1.0 0.45 0.35 0.0 0.7 0.8 1.0 0.35 0.55 0.9 0.9 0.45 0.75 0.8 0.35 0.8 0.25 0.35 1.0 0.3 0.8 0.8 0.3 0.35 1.0 0.0 0.55 0.7 0.8 0.4 0.65 0.05 0.7 0.6 0.45 0.0 
-0.004232059512195335 0.6911105977034628 0.5611702866921997 1.0 0.45 0.35 0.65 0.75 0.5 0.95 0.35 0.8 0.9 0.9 0.45 0.75 0.8 0.05 0.95 0.05 0.35 0.95 0.4 0.8 0.85 0.25 0.35 0.8 0.8 0.4 0.45 0.85 0.65 0.85 0.05 0.7 0.65 0.35 0.6 
-0.013679382427838796 0.6704537674377673 0.4202080813920825 0.35 0.9 0.8 0.65 0.95 0.45 1.0 0.35 0.8 0.95 0.9 0.45 0.75 0.8 0.3 0.1 0.25 0.85 0.5 0.35 0.8 0.85 0.3 0.35 0.35 0.0 0.4 0.85 0.85 0.65 0.85 0.05 0.7 0.5 0.45 0.0 
-0.02941180415516762 0.4577614084463054 0.633836546285124 0.7 0.65 0.05 0.2 0.7 0.9 0.8 0.1 0.3 1.0 0.35 0.25 0.55 0.9 0.75 0.55 0.5 0.2 0.9 0.45 0.35 0.4 0.8 0.9 1.0 0.25 0.35 0.95 0.05 0.15 0.25 0.1 1.0 0.75 0.7 0.55 
-0.005541154943697963 0.4734552949214699 0.6533860124982029 0.7 0.65 0.05 0.65 0.7 0.9 0.8 0.1 0.3 1.0 0.35 0.25 0.65 0.35 0.75 0.15 0.5 0.85 0.9 0.45 0.35 0.5 0.8 0.9 1.0 0.25 0.35 0.95 0.05 0.15 0.25 0.1 0.2 0.75 0.7 0.55 
-0.009182198795815378 0.6114784138704431 0.3723104207203375 1.0 0.15 0.05 0.7 0.9 0.9 0.95 0.35 0.65 0.9 0.9 0.45 0.95 0.0 0.3 0.7 0.2 1.0 0.85 0.8 0.95 0.85 0.3 0.35 0.7 0.1 0.5 0.8 0.6 0.4 0.8 0.05 0.7 0.85 0.6 0.0 
-0.0156374949427363 0.6542613896992965 0.379121757383915 1.0 0.45 0.35 0.35 0.15 0.35 1.0 0.35 0.8 0.9 0.9 0.45 0.65 0.8 0.05 0.8 0.25 0.35 0.55 0.3 0.95 0.85 0.3 0.35 1.0 0.0 0.05 0.8 0.85 0.65 0.85 0.05 0.7 0.7 0.45 0.0 
-0.009778223922944897 0.665965521266426 0.40789827823988545 0.8 0.45 0.35 0.35 0.15 0.35 1.0 0.35 0.8 0.8 0.9 0.45 0.65 0.8 0.6 0.8 0.25 0.35 0.55 0.3 0.4 0.85 0.3 0.35 0.95 0.0 0.7 0.8 0.95 0.25 0.85 0.05 0.7 0.7 0.45 0.0 
-0.014655744187702244 0.6364652845258609 0.36404377980991853 1.0 0.45 0.35 0.6 0.9 0.35 1.0 0.35 0.8 0.9 0.9 0.45 0.65 0.6 0.05 0.8 0.25 0.35 0.9 0.65 0.8 0.85 0.3 0.35 1.0 0.0 0.1 0.8 0.85 0.65 0.9 0.05 0.7 0.7 0.0 0.0 
-0.0007434476389109624 0.7128824094697562 0.48936793409469115 1.0 0.45 0.35 0.65 0.5 0.5 1.0 0.35 0.55 0.9 0.9 0.45 0.75 0.8 0.1 0.65 0.25 0.35 0.85 0.3 0.8 0.85 0.3 0.35 0.85 0.0 0.85 0.7 0.85 0.0 1.0 0.1 0.7 0.7 0.45 0.0 
-0.07284199818054549 0.32587934948491704 0.48029617957756837 0.3 0.5 0.05 0.65 0.9 0.0 1.0 0.75 0.35 0.95 1.0 0.5 0.85 0.8 0.25 0.3 0.85 0.05 0.9 0.35 0.05 0.65 1.0 0.55 0.7 0.5 0.7 0.65 0.0 0.5 0.7 0.1 0.85 0.85 0.7 0.65 
-0.052915290757581473 0.6114672684496083 0.6385421488876538 0.0 0.35 0.3 0.35 0.55 0.15 0.85 0.8 0.7 0.9 0.5 0.6 0.85 0.5 0.5 0.5 0.3 0.2 0.7 0.9 0.65 0.5 1.0 0.55 0.9 0.45 0.75 0.4 0.65 0.75 1.0 0.2 0.65 0.85 0.15 0.5 
-0.010690833749433932 0.40154750147653345 0.4060029514069383 0.9 0.55 0.55 0.25 0.05 0.85 1.0 0.75 0.35 0.95 1.0 0.5 0.55 0.8 0.35 0.8 0.6 0.7 0.5 0.15 0.15 0.35 1.0 0.55 0.45 0.2 0.55 0.3 0.1 0.0 1.0 0.1 0.8 0.85 0.7 0.65 
-0.04546703744354418 0.7087830088254449 0.557181369961117 1.0 0.05 0.6 0.55 0.45 0.15 1.0 0.35 0.8 1.0 0.9 0.45 0.75 0.8 0.25 0.35 0.75 1.0 0.85 0.15 0.35 0.95 0.3 0.35 0.9 0.75 0.4 0.8 0.8 0.65 0.75 0.05 0.75 0.65 0.45 0.5 
-0.039629192348053864 0.6718841679925007 0.40926295762611337 0.8 0.45 0.35 0.35 0.15 0.35 1.0 0.35 0.8 0.8 0.9 0.45 0.65 0.8 0.6 0.8 0.25 0.35 0.55 0.3 0.4 0.85 0.3 0.35 0.8 0.0 0.7 0.8 0.7 0.25 0.85 0.05 0.7 0.7 0.45 0.0 
-0.00415407601386835 0.70272212056169 0.45037381698149437 1.0 0.45 0.35 0.15 0.05 0.5 1.0 0.35 0.55 0.9 0.9 0.45 0.75 0.8 0.35 0.8 0.25 0.35 1.0 0.25 0.8 0.8 0.3 0.35 1.0 0.0 0.55 0.7 0.8 0.25 0.9 0.05 0.7 0.6 0.45 0.0 
-0.010947196541757924 0.7113916064542323 0.4574732877661952 1.0 0.45 0.35 0.0 0.7 0.5 1.0 0.35 0.55 0.9 0.9 0.45 0.75 0.8 0.35 0.8 0.25 0.35 1.0 0.3 0.8 0.8 0.3 0.35 1.0 0.0 0.55 0.7 0.8 0.4 0.9 0.05 0.7 0.6 0.45 0.0 
-0.0951884899536473 0.722626741019899 0.5215483097713742 0.7 0.05 0.3 0.5 0.75 0.15 1.0 0.35 0.65 0.9 0.9 0.45 0.55 0.8 0.05 0.1 0.75 0.4 0.9 0.3 0.75 0.85 0.25 0.35 0.2 0.8 0.7 0.75 0.85 0.65 0.85 0.1 0.9 0.7 0.4 0.2 
-0.00291901039424169 0.39685504964315205 0.6325342191127571 0.6 0.25 0.4 1.0 0.7 0.95 0.9 0.95 0.15 1.0 0.35 0.45 0.25 0.2 0.7 0.95 0.25 0.2 0.9 0.45 0.45 0.55 0.4 0.95 0.85 0.2 0.35 0.7 0.05 0.15 0.35 0.1 0.5 0.75 0.75 0.55 
-0.08463748597445073 0.7196659674487099 0.45775517442834235 1.0 0.45 0.85 0.0 0.7 0.5 1.0 0.35 0.55 0.9 0.9 0.45 0.15 0.8 0.35 0.8 0.25 0.35 1.0 0.3 0.8 0.8 0.3 0.35 0.85 0.0 0.55 0.7 0.8 0.45 1.0 0.05 0.7 0.6 0.45 0.0 
-0.00015024233071465182 0.7086801241111331 0.507013153148648 0.9 0.45 0.35 0.95 0.7 0.4 0.95 0.35 0.8 0.75 0.9 0.45 0.75 0.8 0.05 0.1 0.2 0.35 0.85 0.3 0.85 0.8 0.3 0.35 0.95 0.0 0.85 1.0 0.85 0.35 1.0 0.05 0.7 0.6 0.2 0.0 
-0.06193414646385515 0.7171176389664907 0.45479011872515146 1.0 0.45 0.85 0.0 0.7 0.5 1.0 0.35 0.55 0.9 0.9 0.45 0.15 0.8 0.35 0.8 0.25 0.35 1.0 0.3 0.8 0.8 0.3 0.35 0.85 0.0 0.55 0.7 0.7 0.45 1.0 0.05 0.7 0.6 0.45 0.0 
-0.04199066089628491 0.548013372861169 0.6731088076231482 0.7 0.55 0.6 0.55 0.85 0.25 1.0 0.45 0.3 0.95 0.3 0.4 0.4 0.65 0.25 0.85 0.6 0.35 0.4 0.55 0.6 0.1 0.85 0.65 0.85 1.0 0.75 0.25 0.95 0.4 0.95 0.4 0.85 0.85 0.4 0.75 
-0.10206238972983464 0.5014591812918044 0.671463298069218 0.65 0.25 0.6 0.65 0.85 0.25 0.95 0.45 0.3 0.95 0.3 0.4 0.95 0.55 0.6 0.7 0.45 0.65 0.8 0.4 0.6 0.1 0.05 0.15 0.85 1.0 0.75 0.8 0.15 0.45 0.95 0.4 0.85 0.95 0.4 0.75 
-0.011627173087197308 0.4204015430546847 0.6544147355774934 0.7 0.65 0.05 0.65 0.7 0.0 0.9 0.1 0.3 1.0 0.35 0.25 0.55 0.9 0.75 1.0 0.5 0.2 0.9 0.45 0.3 0.5 0.8 0.9 1.0 0.25 0.35 0.95 0.05 0.15 1.0 0.9 0.4 0.75 0.7 0.55 
-0.0786270551317685 0.6334499978382613 0.6293266444440776 0.0 0.35 0.3 0.35 0.55 0.15 0.85 0.8 0.5 0.85 0.5 0.6 0.0 0.5 0.5 0.5 0.3 0.5 0.7 0.9 0.65 0.3 1.0 0.85 0.9 0.45 0.75 0.1 0.65 0.25 1.0 0.2 0.65 0.9 0.15 0.55 
-0.1968896415621123 0.7272686249252417 0.482237426223731 1.0 0.45 0.35 0.0 0.7 0.5 1.0 0.35 0.55 0.9 0.9 0.45 0.75 0.8 0.35 0.8 0.25 0.35 0.85 0.3 0.8 0.9 0.3 0.35 1.0 0.0 0.85 0.7 0.85 0.3 1.0 0.05 0.7 0.6 0.45 0.0 
-0.011508381957535877 0.6758027670665008 0.591897334198421 0.4 0.05 0.35 0.15 0.75 0.15 1.0 0.35 0.35 0.95 0.9 0.45 0.75 0.8 0.05 0.1 0.75 0.1 0.8 0.3 0.8 0.85 0.3 0.35 0.95 0.8 0.6 0.8 0.85 0.65 0.85 0.8 0.75 0.7 0.4 0.2 
-0.007157942886943449 0.6196660694476901 0.3628220696746213 1.0 0.45 0.0 1.0 0.15 0.35 1.0 0.35 0.8 0.9 0.9 0.45 0.65 0.35 0.05 0.8 0.25 0.35 0.55 0.7 0.95 0.75 0.3 0.35 1.0 0.0 0.45 0.8 0.85 0.65 0.85 0.05 0.75 0.7 0.5 0.0 
-0.018730389130575172 0.6586417587100821 0.6161200045984827 0.2 0.05 0.05 0.65 0.05 0.15 0.95 0.35 0.35 0.9 0.9 0.45 0.75 0.8 0.05 0.1 0.55 0.35 0.85 0.3 0.8 0.85 0.3 0.35 0.8 0.8 0.7 0.8 0.85 0.65 0.85 0.75 0.8 0.8 0.4 0.2 
-0.0338269113988573 0.4437010243240897 0.6605204924445299 0.7 0.65 0.05 0.65 0.7 0.0 0.9 0.1 0.3 1.0 0.35 0.25 0.55 0.9 0.75 1.0 0.75 0.2 0.9 0.45 0.3 0.5 0.8 0.9 1.0 0.25 0.35 0.95 0.05 0.15 0.25 0.9 0.4 0.75 0.7 0.55 
-0.006466729588788146 0.6899959177448307 0.6043580035128907 1.0 0.05 0.35 0.95 0.45 0.15 1.0 0.35 0.4 1.0 0.9 0.45 0.75 0.8 0.4 0.35 0.75 1.0 0.85 0.15 0.6 0.9 0.3 0.35 1.0 0.8 0.4 0.65 0.8 0.65 0.85 0.05 0.75 0.85 0.45 0.5 
-0.004382086372736975 0.590468480123772 0.3704130170693466 1.0 0.45 0.65 0.6 0.3 0.35 1.0 0.35 0.8 0.9 0.9 0.45 0.65 0.6 0.05 0.8 0.25 0.1 0.9 0.65 0.8 0.85 0.3 0.35 1.0 0.0 0.15 0.65 0.85 0.65 0.9 0.95 0.7 0.7 0.0 0.2 
-0.05562962507595338 0.44343340008293175 0.6729882887826129 0.5 0.7 0.05 0.65 0.8 0.1 0.9 0.95 0.15 1.0 0.35 0.45 0.6 0.95 0.7 0.95 0.75 0.15 0.85 0.55 0.45 0.7 0.4 0.75 0.8 0.25 0.15 0.7 0.0 0.15 1.0 1.0 0.5 1.0 0.5 0.35 
-0.024429321895958183 0.7109479464746906 0.5482214776997969 1.0 0.45 0.35 0.0 0.7 0.5 1.0 0.35 0.4 0.9 0.9 0.45 0.5 0.8 0.35 0.1 0.8 0.35 0.85 0.3 0.8 0.8 0.3 0.35 0.95 0.0 0.85 0.95 0.85 0.35 1.0 0.05 0.7 0.65 0.1 0.2 
-0.02656671875070409 0.3219412165287123 0.538992102472725 0.55 0.65 0.15 0.8 0.05 0.1 1.0 0.75 0.35 1.0 1.0 0.5 0.3 0.8 0.2 0.8 0.95 0.65 0.65 0.3 0.25 1.0 0.15 0.55 0.4 0.7 0.3 0.65 1.0 0.1 1.0 1.0 0.75 0.65 0.7 0.65 
-0.022311061449089727 0.5573323494739983 0.36356457308827084 0.6 0.9 0.7 0.65 0.75 0.8 1.0 0.35 0.7 0.95 0.9 0.45 0.3 0.8 0.95 0.1 0.6 0.65 0.95 0.8 0.8 0.85 0.3 0.35 0.5 0.6 0.1 0.7 0.85 0.65 0.85 0.85 0.85 0.65 0.35 0.05 
-0.01411547525784617 0.35328337802219656 0.41151113526501604 0.9 0.0 0.75 0.8 0.4 0.95 1.0 0.75 0.35 0.85 1.0 0.5 0.85 0.75 0.25 0.8 0.8 0.7 0.9 0.35 0.35 0.95 1.0 0.3 0.65 0.85 0.75 0.2 0.0 0.1 0.65 0.1 0.45 0.85 0.7 0.65 
-0.005527504729209037 0.3648915828275703 0.5918998214331342 0.55 0.65 0.15 0.8 0.05 0.1 1.0 0.55 0.35 1.0 1.0 0.5 0.3 0.8 0.2 0.8 0.95 0.65 0.65 1.0 0.25 1.0 0.15 0.55 1.0 0.7 0.3 0.65 1.0 0.1 1.0 1.0 0.75 0.45 0.7 0.65 
-0.013079515526817645 0.6629368268867335 0.6135870662531937 0.2 0.05 0.35 0.65 0.05 0.15 0.95 0.35 0.35 0.9 0.9 0.45 0.75 0.8 0.05 0.1 0.55 0.35 0.85 0.3 0.8 0.85 0.3 0.35 0.7 0.8 0.7 0.8 0.85 0.65 0.85 0.75 0.8 0.7 0.4 0.2 
-0.030386935541300557 0.4941778670554827 0.3972567766296481 0.85 0.05 0.1 0.4 0.5 0.45 1.0 0.75 0.35 1.0 1.0 0.5 0.6 0.8 0.15 0.5 0.9 0.65 0.5 0.35 0.15 1.0 1.0 0.6 0.4 0.1 0.8 0.6 0.5 0.45 0.9 0.65 0.5 0.9 0.7 0.65 
-18.951703728888276 0.7562090018423697 0.4873502092896353 1.0 0.3 0.45 0.95 0.75 0.5 1.0 0.35 0.8 1.0 0.9 0.45 0.25 0.4 0.95 0.1 0.8 0.35 0.9 0.3 0.8 0.65 0.3 0.35 0.6 0.5 0.15 0.8 0.85 0.65 0.95 0.05 0.7 0.7 0.45 0.1 
-150.75940917649663 0.47905681398812755 0.6801782368460478 0.65 0.95 0.1 0.65 0.65 0.25 1.0 0.45 0.6 0.95 0.3 0.4 0.15 0.65 0.15 0.25 0.6 0.25 0.8 0.55 0.6 0.4 0.85 0.45 0.85 0.55 0.75 0.4 0.95 0.45 0.95 0.4 0.85 0.95 0.4 0.75 
-2.814850941493205 0.7392208662251626 0.5162630587750364 1.0 0.45 0.35 0.0 0.7 0.5 1.0 0.35 0.55 0.95 0.9 0.45 0.3 0.7 0.35 0.8 0.25 0.35 0.85 0.3 0.8 0.8 0.3 0.35 1.0 0.0 0.85 0.7 0.85 0.3 1.0 0.05 0.7 0.6 0.45 0.0 
-14.702062490953976 0.7411972346908585 0.5372523625598167 1.0 0.45 0.35 0.05 0.7 0.85 1.0 0.35 0.55 0.9 0.9 0.45 0.75 0.8 0.35 0.8 0.25 0.35 0.85 0.3 0.7 0.9 0.35 0.35 1.0 0.0 0.85 0.7 0.85 0.3 1.0 0.05 0.7 0.6 0.45 0.0 
-12.875887796815533 0.7497074726015689 0.506802530894776 0.5 0.3 0.15 0.0 0.4 0.5 1.0 0.35 0.8 1.0 0.9 0.45 0.3 0.4 0.6 0.1 0.75 0.35 0.9 0.3 0.8 0.65 0.3 0.35 0.55 0.6 0.15 0.95 0.85 0.65 0.8 0.0 0.7 0.7 0.45 0.1 
-13.375717357091444 0.744832788509943 0.46597747109009896 0.4 0.45 0.35 0.7 0.7 0.5 1.0 0.35 0.6 0.9 0.9 0.45 0.75 0.8 0.1 0.8 0.25 0.35 0.85 0.3 0.8 0.85 0.3 0.35 0.85 0.0 0.85 0.75 0.85 0.65 1.0 0.05 0.7 0.7 0.45 0.0 
-0.0050408506790621255 0.31368319643708453 0.49030936050103807 0.2 0.85 0.05 0.65 1.0 0.0 1.0 0.75 0.35 0.8 1.0 0.5 0.75 0.8 1.0 0.8 0.6 0.15 0.45 0.35 0.6 0.65 1.0 0.55 0.8 0.5 0.4 0.2 0.05 0.4 0.7 0.0 0.8 0.85 0.6 0.6 
-0.08516884618263396 0.6682384350351303 0.6416641564710683 1.0 0.4 0.35 0.0 0.05 0.1 1.0 0.35 0.35 0.9 0.9 0.45 0.5 0.05 0.35 0.6 0.35 0.35 0.95 0.3 0.8 1.0 0.3 0.4 1.0 0.6 0.45 0.8 0.85 0.65 0.85 0.75 0.75 0.7 0.4 0.2 
-0.023529345825928187 0.6609242874640687 0.5977047971232918 0.2 0.05 0.35 0.65 0.05 0.15 0.95 0.35 0.35 0.9 0.9 0.45 0.75 0.8 0.05 0.1 0.55 0.35 0.65 0.3 0.8 0.85 0.3 0.35 0.7 0.8 0.7 0.8 0.85 0.65 0.85 0.3 1.0 0.7 0.4 0.2 
-0.012532509091216885 0.6080664905556936 0.6556514948128893 0.7 0.55 0.6 0.55 0.85 0.25 1.0 0.45 0.3 0.95 0.3 0.4 0.4 0.65 0.25 0.7 0.6 0.35 0.65 0.55 0.6 0.2 0.85 0.65 0.85 1.0 0.75 1.0 0.95 0.45 0.95 0.4 0.85 0.95 0.4 0.75 
-0.004608738786725079 0.4373266831207458 0.38935613590090573 0.6 0.55 0.05 0.8 0.5 0.1 1.0 0.75 0.35 0.95 1.0 0.5 0.85 0.8 0.2 0.8 0.6 0.7 0.9 0.45 0.45 1.0 1.0 0.55 0.45 0.85 0.8 0.65 0.0 0.0 0.5 0.1 0.5 0.85 0.7 0.65 
-0.07197387875267824 0.7269951507800299 0.5005714560146483 1.0 0.45 1.0 0.0 0.7 0.5 1.0 0.35 0.8 0.9 0.9 0.45 0.75 0.8 0.55 0.1 0.8 0.35 0.8 0.3 0.8 0.8 0.3 0.35 0.95 0.0 0.85 1.0 0.85 0.35 1.0 0.05 0.7 0.7 0.2 0.0 
-0.035463403678976664 0.4460913710058148 0.39581071711707766 0.6 0.05 0.05 0.4 0.5 0.1 1.0 0.75 0.35 0.95 1.0 0.5 0.3 0.8 0.2 0.8 0.95 0.95 0.9 0.45 0.65 1.0 1.0 0.55 0.05 0.85 0.25 0.75 1.0 0.4 1.0 1.0 0.15 0.65 0.7 0.65 
-0.019491692209591426 0.6942316030216317 0.40425203792335046 1.0 0.45 0.35 0.6 0.25 0.5 1.0 0.35 0.75 0.9 0.9 0.45 0.9 0.25 0.65 0.55 0.25 0.35 0.9 0.3 0.8 0.85 0.3 0.35 0.85 0.0 0.2 0.85 0.85 0.6 0.9 0.05 0.7 0.7 0.0 0.0 
-0.03374190725273748 0.5030959081658458 0.386565543382479 0.95 0.45 0.3 0.65 0.75 0.5 1.0 0.35 0.75 0.9 0.9 0.45 0.3 0.8 0.95 0.1 0.25 0.65 0.95 0.85 0.75 0.85 0.3 0.35 0.7 0.9 0.3 0.8 0.1 0.65 0.85 0.05 0.7 0.65 0.35 0.05 
-0.0384078323816666 0.6766634148395878 0.38275542718267597 1.0 0.45 0.35 0.6 0.9 0.35 1.0 0.35 0.6 0.9 0.9 0.45 0.65 0.6 0.05 0.8 0.25 0.35 0.9 0.3 0.8 0.85 0.3 0.35 1.0 0.0 0.4 0.8 0.85 0.65 0.9 0.05 0.7 0.7 0.0 0.0 
-0.046130515711572 0.5371314995505632 0.6997968028802649 0.65 0.55 0.6 0.35 0.85 0.25 1.0 0.45 0.35 0.95 0.3 0.4 0.4 0.0 0.25 0.7 0.6 0.35 0.95 0.55 0.6 0.1 0.65 0.65 0.85 1.0 0.75 0.9 0.95 0.4 0.95 0.4 0.85 0.95 0.4 0.75 
-0.009900131595107492 0.5669634324003769 0.6857403362660835 0.65 0.5 0.6 0.65 0.85 0.25 0.7 0.45 0.3 0.95 0.3 0.4 0.4 0.65 0.25 0.7 0.2 0.35 0.8 0.55 0.6 0.2 0.05 0.65 0.8 1.0 0.75 0.75 0.95 0.4 0.95 0.4 0.85 0.95 0.4 0.75 
-0.16984370369804955 0.6373759752633481 0.3518602386811158 0.05 0.2 0.35 0.6 0.9 0.3 1.0 0.35 0.8 0.9 0.9 0.45 0.65 0.6 0.05 0.8 0.25 0.35 0.9 0.9 0.95 1.0 0.3 0.35 1.0 0.0 0.3 0.8 0.85 0.65 0.9 0.05 0.7 0.95 0.0 0.0 
-0.0002864318333421332 0.44898410578841613 0.3795909551484318 0.9 0.55 0.05 0.75 0.45 0.1 0.95 0.75 0.35 0.95 1.0 0.5 0.85 0.8 0.25 0.2 0.6 0.7 0.9 0.85 0.35 1.0 1.0 0.55 0.45 0.9 0.6 0.2 0.95 0.0 0.5 0.55 0.45 0.4 0.7 0.65 
-0.0043468597990040094 0.41663835666297766 0.40430004624186117 0.9 0.25 0.05 0.15 0.4 0.95 1.0 0.75 0.35 0.35 1.0 0.5 0.85 0.8 0.25 0.8 0.6 0.7 0.9 0.95 0.45 0.9 1.0 0.55 0.65 0.85 0.75 0.2 0.0 0.2 0.65 0.1 0.5 0.85 0.7 0.65 
-0.02937803681214204 0.6952055417294577 0.4261834419938636 1.0 0.45 0.35 0.7 0.15 0.35 1.0 0.35 0.8 0.9 0.9 0.45 0.65 0.8 0.05 0.8 0.25 0.35 0.55 0.3 0.8 0.85 0.3 0.35 1.0 0.0 0.1 0.8 0.7 0.25 0.85 0.05 0.7 0.75 0.45 0.0 
-0.34852651412326563 0.6557568311788075 0.3596600335762601 1.0 0.3 0.8 0.6 0.9 0.35 1.0 0.35 0.8 0.95 0.9 0.45 0.65 0.6 0.05 0.8 0.25 0.35 0.9 0.3 0.9 1.0 0.3 0.35 1.0 0.0 0.4 0.8 0.85 0.65 0.9 0.05 0.7 0.8 0.0 0.0 
-1.2394073757387896 0.7275843447114568 0.5537588514979868 1.0 0.05 0.35 0.5 0.75 0.15 1.0 0.35 0.65 0.85 0.9 0.45 0.55 0.8 0.05 0.1 0.75 0.4 0.9 0.3 0.75 0.85 0.25 0.35 0.95 0.8 0.7 0.85 0.85 0.65 0.85 0.05 0.9 0.7 0.4 0.2 
-0.006143605488138082 0.7003576779078894 0.6312965714937776 1.0 0.05 0.1 0.95 0.45 0.15 0.85 0.35 0.7 1.0 0.9 0.45 0.55 0.8 0.4 0.5 0.75 0.75 0.9 0.15 0.6 0.9 0.3 0.35 0.9 0.65 0.3 0.9 0.8 0.65 0.85 0.05 0.75 0.7 0.45 0.5 
-0.030239544972175653 0.7208333724446527 0.5775201160682776 1.0 0.05 0.1 0.95 0.45 0.85 1.0 0.35 0.7 1.0 0.9 0.45 0.55 0.8 0.4 0.5 0.75 0.75 0.9 0.15 0.6 0.9 0.3 0.35 0.4 0.65 0.3 0.9 0.8 0.65 0.85 0.05 0.75 0.7 0.45 0.5 
-0.0078045736408053085 0.45796370004882747 0.3774824760927033 0.9 0.55 0.05 0.75 0.45 0.1 1.0 0.75 0.35 0.95 1.0 0.5 0.85 0.8 0.25 0.65 0.6 0.7 0.9 0.85 0.35 1.0 1.0 0.55 0.45 0.9 0.6 0.2 0.95 0.0 0.5 0.55 0.45 0.4 0.7 0.65 
-0.001823119025270644 0.5997750654381839 0.35232047395426835 1.0 0.45 0.35 0.6 0.9 0.35 1.0 0.35 0.8 0.9 0.9 0.45 0.65 0.6 0.05 0.8 0.25 0.35 0.9 0.65 0.8 0.85 0.3 0.35 1.0 0.0 0.4 0.8 0.85 0.65 0.9 0.95 0.7 0.7 0.0 0.0 
-0.5153482856846966 0.6916967673481197 0.6350423167902045 1.0 0.05 0.1 0.95 0.05 0.15 0.85 0.35 0.55 1.0 0.9 0.45 0.55 0.8 0.4 0.5 0.75 0.75 0.9 0.15 0.6 0.9 0.3 0.35 0.9 0.65 0.3 0.9 0.8 0.65 0.85 0.05 0.75 0.7 0.45 0.5 
-0.01834232480407517 0.7154819008447371 0.6202150567314355 1.0 0.05 0.35 0.1 0.45 0.15 1.0 0.35 0.55 1.0 0.9 0.45 0.75 0.8 0.4 0.35 0.75 0.35 0.95 0.15 0.6 0.9 0.3 0.35 0.9 0.8 0.4 0.8 0.8 0.65 0.85 0.05 0.75 0.85 0.45 0.5 
-0.028735127008641104 0.34117550476435676 0.5926928546397789 0.55 0.65 0.15 0.8 0.05 0.1 1.0 0.55 0.35 1.0 1.0 0.5 0.3 0.8 0.2 0.8 0.95 0.65 0.65 1.0 0.25 1.0 0.15 0.55 1.0 0.7 0.3 0.45 0.0 0.1 1.0 1.0 0.75 0.45 0.7 0.65 
-0.18444259401293311 0.5102997567175297 0.6973925338480352 0.7 0.55 0.6 0.55 0.85 0.25 1.0 0.45 0.3 0.95 0.3 0.4 0.4 0.8 0.25 0.7 0.6 1.0 0.95 0.55 0.6 0.1 0.85 0.45 0.85 1.0 0.75 0.25 0.95 0.4 0.95 0.4 0.85 0.85 0.4 0.75 
-23.026337273216345 0.739465418334229 0.44009780945608656 1.0 0.55 0.35 0.3 0.7 0.0 1.0 0.35 0.55 0.95 0.9 0.2 0.75 0.8 0.2 0.1 0.45 0.35 0.85 0.3 0.7 0.8 0.3 0.35 0.9 0.0 0.85 0.7 0.85 0.65 1.0 0.05 0.7 0.7 0.35 0.0 
-0.07455394195816317 0.6243702679345224 0.6598051762691457 0.0 0.35 0.3 0.35 0.75 0.8 0.8 0.8 0.7 0.9 0.5 0.6 0.85 0.5 0.5 0.5 0.35 0.5 0.75 0.9 0.65 0.5 0.3 0.85 0.9 0.45 0.75 0.45 0.65 0.95 0.9 0.2 0.65 0.85 0.15 0.55 
-1.500601023527197 0.5539748372715508 0.36197712958584594 0.6 0.9 0.7 0.65 0.75 0.8 0.95 0.35 0.7 0.95 0.9 0.45 0.3 0.8 0.95 0.1 0.6 0.65 0.95 0.8 0.8 0.85 0.3 0.35 0.5 0.8 0.1 0.7 0.85 0.65 0.85 0.85 0.85 0.65 0.35 0.05 
-0.0003414902480537933 0.40431448183252966 0.38763707021909577 0.9 0.55 0.55 0.25 0.05 0.85 1.0 0.75 0.35 0.95 1.0 0.5 0.55 0.8 0.35 0.8 0.6 0.7 0.5 0.15 0.15 0.65 1.0 0.55 0.45 0.2 0.55 0.3 0.1 0.0 1.0 0.1 0.8 0.85 0.7 0.65 
-0.09513159308765777 0.34033644050339273 0.6072169998758812 0.55 0.65 0.05 0.8 0.65 0.1 1.0 0.75 0.35 1.0 1.0 0.5 0.15 0.8 0.4 0.8 0.2 0.25 0.85 0.45 0.95 0.85 0.15 0.55 0.9 0.7 0.55 0.65 1.0 0.15 1.0 1.0 0.55 0.65 0.7 0.65 
-0.07521107712216389 0.3725667441711821 0.6250892368687428 0.7 0.65 0.05 0.0 0.7 0.75 0.9 0.95 0.15 1.0 0.35 0.45 0.9 0.95 0.15 0.95 0.5 0.2 0.65 0.45 0.45 0.6 0.95 0.95 0.95 0.25 0.35 0.7 0.05 0.15 0.85 0.1 0.5 0.7 0.7 0.3 
-0.1004977901639776 0.6139226805411917 0.6884885937575758 0.65 0.0 0.5 0.55 0.85 0.25 1.0 0.45 0.3 0.95 0.3 0.4 0.4 0.5 0.25 0.75 0.6 0.35 0.8 0.55 0.6 0.2 0.85 0.5 0.85 1.0 0.65 0.75 0.95 0.35 0.95 0.4 0.85 0.95 0.4 0.75 
-18.997119375139146 0.62716131522687 0.34044985501089997 0.6 0.9 0.7 0.3 0.75 0.8 0.95 0.35 0.65 0.95 0.9 0.45 0.3 0.8 0.95 0.1 0.6 0.65 0.95 0.8 0.8 0.85 0.3 0.35 0.7 0.8 0.05 0.7 0.85 0.65 0.85 0.8 0.45 0.65 0.35 0.05 
-0.07076636837315127 0.37265629581268533 0.6366693706494009 0.6 0.25 0.4 1.0 0.7 0.95 0.9 0.95 0.15 1.0 0.35 0.45 1.0 0.2 0.7 0.95 0.25 0.2 0.9 0.45 0.45 0.55 0.4 0.95 0.95 0.2 0.35 0.7 0.05 0.15 0.35 0.1 0.5 0.9 0.75 0.55 
-0.16743873988466926 0.3843306747980947 0.36722385015504266 0.9 0.0 0.4 0.8 0.85 0.8 1.0 0.75 0.35 0.9 1.0 0.5 0.85 0.2 0.25 0.8 0.6 0.7 0.8 0.95 0.35 0.95 1.0 0.55 0.7 0.85 0.75 0.2 0.95 0.1 0.7 0.1 0.5 0.85 0.7 0.65 
-0.0004076990420800673 0.4350990062033939 0.3544893297786781 0.9 0.0 0.05 0.9 0.85 0.95 1.0 0.75 0.35 0.95 1.0 0.5 0.85 0.35 0.25 0.8 0.6 0.8 0.8 0.95 0.35 0.75 1.0 0.55 0.65 0.85 0.75 0.2 0.75 0.1 0.75 0.1 0.1 0.85 0.7 0.65 
-0.0020271001168686693 0.5077404588259815 0.37266779265249705 0.95 0.45 0.3 0.65 0.75 0.5 1.0 0.35 0.75 0.8 0.9 0.45 0.3 0.8 0.95 0.25 0.25 0.65 0.95 0.85 0.75 0.85 0.3 0.35 0.75 0.9 0.4 0.8 0.1 0.65 0.9 0.05 0.7 0.65 0.35 0.05 
-0.02297479022352282 0.38183199873971446 0.39622386786557995 0.9 0.55 0.0 0.65 1.0 0.0 1.0 0.75 0.35 0.95 1.0 0.5 0.05 0.8 0.25 0.3 0.3 0.7 0.9 0.35 0.05 0.65 1.0 0.55 0.7 0.5 0.8 0.2 0.0 0.0 0.5 0.0 0.6 0.85 0.7 0.65 
-0.04997502080995676 0.35057797676894675 0.3908766097753226 0.9 0.0 0.05 0.8 0.85 0.95 1.0 0.75 0.35 0.95 1.0 0.5 0.4 0.2 0.25 0.45 0.8 0.7 0.9 0.35 0.35 0.95 1.0 0.05 0.7 0.85 0.75 0.2 0.0 0.35 0.45 0.1 0.8 0.85 0.7 0.65 
-0.016344990774084696 0.3796798725153311 0.3716839734248741 0.9 0.0 0.05 0.9 0.85 0.95 1.0 0.75 0.35 0.95 1.0 0.5 0.85 0.2 0.25 0.8 0.6 0.8 0.8 0.95 0.35 0.95 1.0 0.55 0.5 0.85 0.75 0.2 0.0 0.1 0.75 0.1 0.5 0.85 0.7 0.65 
-0.07758848346842344 0.726784665618736 0.6227780519470111 1.0 0.05 0.1 0.95 0.45 0.15 1.0 0.35 0.7 1.0 0.9 0.45 0.55 0.8 0.4 0.5 0.75 0.4 0.9 0.15 0.6 0.95 0.3 0.35 0.9 0.65 0.3 0.75 0.8 0.65 0.85 0.05 0.75 0.7 0.45 0.5 
-0.008095453852594628 0.3446897994704966 0.40513508699419964 0.9 0.0 0.05 0.8 0.85 0.95 1.0 0.75 0.35 0.95 1.0 0.5 0.85 0.2 0.25 0.8 0.8 0.7 0.9 0.35 0.35 0.95 1.0 0.3 0.65 0.85 0.75 0.2 0.0 0.1 0.65 0.1 0.8 0.85 0.7 0.65 
-0.030813525995006513 0.33301640700806745 0.6127983815193347 0.15 0.9 0.15 0.4 0.3 0.1 1.0 0.75 0.5 1.0 1.0 0.45 0.85 1.0 0.45 0.3 0.95 0.05 0.85 0.45 0.4 0.95 0.25 0.6 0.95 0.7 0.65 0.7 1.0 0.1 1.0 1.0 0.8 0.75 0.7 0.65 
-0.078671597819444 0.34476440168444067 0.6417367093077189 0.85 0.65 0.05 0.65 0.95 0.45 1.0 0.75 0.35 0.25 1.0 0.15 0.5 0.8 1.0 0.8 0.6 0.15 0.9 0.35 0.7 1.0 0.0 0.55 1.0 0.5 0.4 0.3 1.0 0.3 0.9 0.9 0.45 0.95 0.6 0.6 
-0.013197963500844678 0.3709529900532682 0.40938689959760605 0.9 0.55 0.55 0.25 0.05 0.85 1.0 0.75 0.35 0.95 1.0 0.5 0.55 0.8 0.35 0.8 0.6 0.2 0.5 0.15 0.15 0.5 1.0 0.55 0.45 0.2 0.95 0.3 0.1 0.0 1.0 0.1 0.8 0.85 0.7 0.65 
-0.27601630682077755 0.33424899571078115 0.6271903376200734 0.15 0.9 1.0 0.65 0.95 0.45 1.0 0.75 0.35 0.7 1.0 0.5 0.05 0.1 1.0 0.8 0.6 0.15 0.9 0.35 0.7 0.65 0.0 0.55 1.0 0.5 0.4 0.3 1.0 0.2 0.7 0.8 0.2 1.0 0.6 0.6 
-0.3592207490443964 0.7325919160343987 0.591630089310198 0.05 0.05 0.6 0.1 0.45 0.15 1.0 0.35 0.75 1.0 0.9 0.45 0.75 0.8 0.25 0.05 0.75 0.35 0.85 0.15 0.6 0.9 0.3 0.35 0.9 0.65 0.15 0.8 0.8 0.65 0.7 0.05 0.75 0.65 0.45 0.5 
-0.02784158456207265 0.3275195160158022 0.5739698799687758 0.55 0.65 0.15 0.8 0.05 0.1 1.0 0.75 0.35 1.0 1.0 0.5 0.3 0.8 0.5 0.8 0.95 0.65 0.65 1.0 0.25 1.0 0.15 0.55 1.0 0.7 0.3 0.65 1.0 0.1 1.0 1.0 0.75 0.5 0.7 0.65 
-0.012700573045242983 0.4177357477510594 0.3593738687965874 0.9 0.0 0.4 0.8 0.85 0.8 1.0 0.75 0.35 0.9 1.0 0.5 0.85 0.75 0.25 0.8 0.6 0.7 0.8 0.95 0.35 0.95 1.0 0.55 0.75 0.85 0.75 0.2 0.0 0.25 0.65 0.1 0.35 0.85 0.7 0.65 
-0.16438838950158927 0.5366984696846139 0.3660712114286673 1.0 0.65 0.35 0.2 0.7 0.5 0.95 0.35 0.75 0.8 0.9 0.45 0.3 0.8 0.95 0.1 0.25 0.65 0.95 0.85 0.75 1.0 0.3 0.35 0.7 0.8 0.35 0.75 0.1 0.65 0.95 0.05 0.7 0.8 0.35 0.05 
-0.45504273416597857 0.6614559027557906 0.6557247364504277 0.3 0.4 0.2 0.3 0.05 0.55 1.0 0.35 0.35 0.95 0.9 0.45 0.6 0.05 0.35 0.6 0.2 0.0 1.0 0.3 0.8 0.9 0.3 0.4 1.0 0.6 0.45 0.8 0.85 0.65 0.7 0.8 0.85 0.7 0.4 0.2 
-2.910690738946289 0.737951765468261 0.6053804516804189 1.0 0.05 0.6 0.1 0.45 0.15 1.0 0.35 0.75 1.0 0.9 0.45 0.75 0.8 0.25 0.35 0.75 0.35 0.85 0.15 0.6 0.9 0.3 0.35 0.85 0.65 0.4 0.8 0.8 0.65 0.7 0.05 0.75 0.65 0.45 0.5 
-0.0063886196204732985 0.3238809663497324 0.4357134235910502 0.25 0.5 0.05 0.65 1.0 0.0 1.0 0.75 0.35 0.95 1.0 0.5 0.85 0.95 0.25 0.8 0.6 0.7 0.9 0.35 0.3 0.65 1.0 0.55 0.75 0.5 0.8 0.2 0.0 0.0 0.5 0.0 0.65 0.85 0.7 0.65 
-0.002320722462179139 0.4383682728421474 0.35412823150070594 0.95 0.0 0.05 0.9 0.85 0.95 1.0 0.75 0.35 0.95 1.0 0.5 0.85 0.35 0.25 0.8 0.6 0.8 0.8 0.95 0.3 0.75 1.0 0.55 0.6 0.85 0.75 0.2 0.75 0.1 0.75 0.1 0.1 0.85 0.7 0.65 
-0.028698982816705368 0.30978666493938656 0.4760464710306063 0.3 0.55 0.05 0.65 1.0 0.0 1.0 0.75 0.35 0.95 1.0 0.5 0.85 0.8 0.25 0.05 0.6 0.05 0.9 0.35 0.05 0.65 1.0 0.55 0.7 0.5 0.7 0.4 0.0 0.5 0.5 0.1 0.8 0.85 0.7 0.65 
-0.015610990506548555 0.30977204824272964 0.44085078924278726 0.2 0.55 0.05 0.15 1.0 0.0 1.0 0.75 0.35 0.95 1.0 0.45 0.85 0.3 1.0 0.8 0.6 0.25 0.9 0.35 0.25 0.7 1.0 0.55 0.55 0.5 0.4 0.2 0.05 0.45 0.5 0.0 0.4 0.85 0.6 0.6 
-10.547558580139883 0.7380591720385231 0.5736620018353307 1.0 0.05 0.3 0.5 0.75 0.15 0.95 0.35 0.65 0.9 0.9 0.45 0.4 0.8 0.05 0.1 0.95 0.4 0.9 0.3 0.75 0.85 0.25 0.35 0.95 0.8 0.7 0.75 0.85 0.65 0.85 0.1 0.9 0.7 0.4 0.2 
-0.1306474231704698 0.556394455983307 0.6988726293690642 0.4 0.75 0.6 0.65 0.85 0.25 1.0 0.45 0.3 0.95 0.3 0.4 0.4 0.65 0.25 0.7 0.6 0.35 0.8 0.55 0.6 0.05 1.0 0.65 0.85 1.0 0.75 0.75 0.95 0.45 0.95 0.4 0.85 0.95 0.4 0.75 
-0.27899345459517083 0.6611184662821108 0.6715818078425125 1.0 0.4 0.55 1.0 0.05 0.45 1.0 0.35 0.35 0.95 0.9 0.45 0.6 0.05 0.35 0.6 0.35 0.35 1.0 0.3 0.8 0.75 0.3 0.4 1.0 0.6 0.45 0.8 0.85 0.65 0.9 0.8 0.85 0.7 0.4 0.2 
-8.357762563146563 0.7204505915351401 0.43099196107493354 1.0 0.45 0.35 0.65 0.6 0.5 1.0 0.35 0.65 0.9 0.9 0.45 0.75 0.8 0.1 0.1 0.25 0.35 0.85 0.3 0.8 0.85 0.3 0.35 0.65 0.0 0.7 0.7 0.85 0.65 1.0 0.05 0.7 0.7 0.7 0.0 
-0.07368190013295392 0.2964364717664212 0.5148670585154468 0.85 0.9 0.05 0.65 0.95 0.0 1.0 0.75 0.35 0.7 1.0 0.5 0.5 0.8 0.7 0.8 0.6 0.15 0.85 0.35 0.25 0.85 0.0 0.55 1.0 0.5 0.4 0.2 1.0 0.0 0.9 0.0 0.0 0.95 0.6 0.6 
-0.004432997660228802 0.28733620148887307 0.5546056279278667 0.85 0.9 1.0 0.65 0.95 0.0 1.0 0.7 0.35 0.3 1.0 0.5 0.5 0.6 1.0 0.8 0.1 0.15 0.9 0.4 0.75 0.65 1.0 0.55 0.9 0.5 0.4 0.2 1.0 0.15 0.9 0.0 0.8 0.95 0.6 0.6 
-0.006373442574706812 0.589839680418604 0.6855580245161114 0.7 0.0 0.6 0.55 0.85 0.7 1.0 0.45 0.4 0.95 0.3 0.4 0.4 0.65 0.25 0.7 0.6 0.35 0.95 0.55 0.6 0.1 0.85 0.9 0.6 1.0 0.75 0.75 0.95 0.4 0.95 0.4 0.85 0.95 0.4 0.75 
-0.0027372985721175838 0.3159378148898524 0.5966473658015146 0.55 0.65 0.05 0.8 0.65 0.15 1.0 0.75 0.35 1.0 1.0 0.5 0.15 0.8 0.4 0.05 0.2 0.25 0.55 0.45 0.35 0.65 0.15 0.55 0.9 0.7 0.55 0.55 1.0 0.1 1.0 1.0 0.6 0.65 0.7 0.65 
-0.3838527067291392 0.7240921682831982 0.6350924759247848 1.0 0.05 0.1 0.35 0.45 0.15 1.0 0.35 0.7 1.0 0.9 0.45 0.75 0.8 0.4 0.5 0.75 0.45 0.9 0.15 0.6 0.9 0.3 0.35 0.9 0.65 0.4 0.8 0.8 0.65 0.85 0.05 0.75 0.7 0.45 0.5 
-0.042432886357687036 0.5226968130325592 0.7095078242260278 0.65 0.55 0.6 0.35 0.85 0.25 1.0 0.45 0.35 0.95 0.3 0.4 0.4 0.0 0.25 0.7 0.6 0.35 1.0 0.55 0.6 0.1 0.65 0.65 0.85 1.0 0.75 0.9 0.95 0.4 0.95 0.4 0.85 0.95 0.4 0.75 
-9.609511450537399 0.36811710097602907 0.3632763557977343 0.9 0.55 0.05 0.8 0.25 0.85 1.0 0.75 0.35 0.95 1.0 0.5 0.85 0.8 0.25 0.8 0.6 0.7 0.95 0.35 0.35 1.0 1.0 0.55 0.6 0.55 0.8 0.2 0.0 0.0 0.5 0.65 0.5 0.85 0.7 0.65 
-0.1559064155356569 0.3000360477274642 0.4525388422842412 0.9 0.55 0.05 0.15 1.0 0.0 1.0 0.75 0.35 0.95 1.0 0.5 0.85 0.8 1.0 0.8 0.6 0.05 0.9 0.35 0.25 0.65 1.0 0.55 0.55 0.5 0.4 0.2 0.05 0.45 0.5 0.0 0.4 0.85 0.6 0.6 
-0.25338238243850647 0.5813487431084522 0.34647745391791124 1.0 0.45 0.35 0.6 0.9 0.35 1.0 0.35 0.8 0.9 0.9 0.45 0.65 0.6 0.05 0.8 0.25 0.35 0.9 0.65 0.8 0.85 0.3 0.35 1.0 0.0 0.6 0.8 0.85 0.65 0.9 0.95 0.7 0.7 0.0 0.0 
-0.08160659784919196 0.699199784202814 0.638686974978233 1.0 0.05 0.1 0.35 0.45 0.15 0.85 0.35 0.7 1.0 0.9 0.45 0.75 0.8 0.4 0.5 0.75 0.45 0.9 0.15 0.6 0.9 0.3 0.35 0.9 0.65 0.4 0.8 0.8 0.65 0.85 0.05 0.75 0.7 0.45 0.5 
-0.05549884080015505 0.466094962112941 0.3634617137046737 0.3 0.55 0.1 0.4 0.5 0.45 1.0 0.75 0.35 1.0 1.0 0.5 0.6 0.8 0.15 0.5 0.9 0.65 0.9 0.35 0.15 0.85 1.0 0.6 0.65 0.1 0.8 0.2 0.5 0.45 0.9 0.65 0.5 0.9 0.7 0.65 
-0.25648474453134323 0.2905445607402718 0.4438247887732477 0.15 0.9 1.0 0.65 0.95 0.45 1.0 0.75 0.35 0.7 1.0 0.5 0.5 0.1 1.0 0.8 0.6 0.15 0.9 0.35 0.7 0.65 0.0 0.55 1.0 0.5 0.4 0.3 1.0 0.2 0.9 0.0 0.2 0.95 0.6 0.6 
-0.07504032056822138 0.3866752121206799 0.6608005244931935 0.05 0.7 0.05 0.0 0.7 0.0 0.9 0.95 0.15 1.0 0.35 0.45 0.6 0.15 0.7 0.95 0.75 0.2 0.9 0.45 0.45 0.6 0.4 0.95 0.85 0.25 0.1 0.7 0.05 0.15 1.0 0.1 0.5 0.7 0.4 0.3 
-2.3529834546429873 0.6656165950711042 0.36401515459003575 1.0 0.3 0.8 0.6 0.9 0.35 1.0 0.35 0.8 0.95 0.9 0.45 0.65 0.6 0.05 0.8 0.25 0.35 0.9 0.3 0.9 1.0 0.3 0.35 1.0 0.0 0.1 0.8 0.85 0.65 0.9 0.05 0.7 0.8 0.0 0.0 
-0.11729133278138437 0.2898770262233886 0.47673577546995755 0.9 0.55 0.05 0.65 0.2 0.0 1.0 0.75 0.35 0.9 1.0 0.5 0.75 0.8 1.0 0.8 0.6 0.15 0.9 0.35 0.25 0.65 1.0 0.55 0.8 0.5 0.4 0.2 0.05 0.4 0.5 0.0 0.8 0.85 0.6 0.6 
-0.7390559759560217 0.35320236103040425 0.6527806695881097 0.85 0.65 0.05 0.65 0.95 0.85 1.0 0.75 0.35 0.25 1.0 0.15 0.5 0.8 1.0 0.8 0.6 0.15 0.9 0.35 0.7 0.65 0.0 0.55 1.0 0.5 0.4 0.3 1.0 0.3 0.9 0.9 0.45 0.95 0.6 0.6 
-0.0134377742899008 0.3203492817760214 0.4119806956316153 0.9 0.55 0.05 0.65 1.0 0.0 1.0 0.75 0.35 0.95 1.0 0.5 0.85 0.8 1.0 0.8 0.6 0.05 0.95 0.35 0.25 0.65 1.0 0.55 0.8 0.5 0.4 0.25 0.05 0.45 0.5 0.0 0.2 0.85 0.6 0.6 
-0.07616153506231374 0.30661377474300766 0.4225712270662405 0.9 0.55 0.05 0.65 1.0 0.0 1.0 0.75 0.35 0.95 1.0 0.5 0.85 0.8 1.0 0.8 0.6 0.05 0.95 0.35 0.25 0.65 1.0 0.55 1.0 0.5 0.4 0.25 0.05 0.45 0.5 0.0 0.2 0.85 0.6 0.6 
-0.03317669909553934 0.28784008966421115 0.5477177223627224 0.3 0.9 1.0 0.65 0.95 0.0 1.0 0.7 0.35 0.3 1.0 0.5 0.85 0.9 1.0 0.8 0.1 0.15 0.9 0.4 0.75 0.65 1.0 0.55 0.9 0.5 0.4 0.2 1.0 0.15 0.95 0.0 0.8 0.95 0.6 0.6 
-0.13989805050971685 0.5911805807198793 0.7188002515277114 0.65 0.0 0.1 0.55 0.85 0.25 1.0 0.45 0.3 0.95 0.3 0.4 0.4 0.5 0.25 0.75 0.6 0.35 0.8 0.55 0.6 0.2 0.85 0.5 0.85 1.0 0.75 0.75 0.95 0.35 0.95 0.4 0.85 0.95 0.4 0.75 
-0.09862589802068374 0.28164199167825943 0.511014668521094 0.85 0.55 0.05 0.65 1.0 0.0 1.0 0.75 0.35 0.7 1.0 0.5 0.75 0.8 1.0 0.8 0.6 0.15 0.9 0.35 0.25 0.65 1.0 0.55 0.8 0.5 0.4 0.2 0.05 0.4 0.7 0.0 0.8 0.85 0.6 0.6 
-1.3184954657732317 0.3155309066093237 0.3892258876893661 0.85 0.9 1.0 0.65 0.95 0.45 1.0 0.75 0.35 0.7 1.0 0.5 0.5 0.8 1.0 0.8 0.6 0.15 0.9 0.35 0.45 1.0 0.0 0.55 1.0 0.5 0.4 0.3 1.0 0.0 0.9 0.0 0.2 0.95 0.6 0.6 
-0.3492647793085572 0.4054676643370812 0.6793964026829992 0.1 0.7 0.05 0.65 0.8 0.1 0.9 0.95 0.15 1.0 0.35 0.45 0.6 0.95 0.7 0.95 0.75 0.15 0.9 0.45 0.45 0.6 0.4 0.95 0.8 0.25 0.15 0.7 0.0 0.15 1.0 1.0 0.5 0.55 0.5 0.35 
-0.005637692884681414 0.2914633658000573 0.5798457445305317 0.55 0.65 0.05 0.1 0.45 0.1 1.0 0.75 0.35 1.0 0.05 0.55 0.4 0.8 0.2 0.8 0.2 0.25 0.85 0.45 0.25 0.85 0.15 0.55 0.9 0.7 0.55 0.65 1.0 0.3 1.0 1.0 0.65 0.65 0.7 0.65 
-0.0033009819606668865 0.6037406173910163 0.6930347223070388 0.65 0.75 0.6 0.65 0.85 0.25 1.0 0.45 0.3 0.95 0.3 0.4 0.4 0.65 0.25 0.7 0.6 0.35 0.7 0.55 0.6 0.2 0.85 0.55 0.85 1.0 0.75 0.75 0.95 0.45 0.95 0.4 0.85 0.95 0.4 0.75 
-0.005198662577304072 0.2885874469131162 0.5762479644691527 0.55 0.65 0.05 0.8 0.65 0.1 1.0 0.75 0.35 1.0 0.0 0.5 0.05 0.8 0.2 0.8 0.5 0.25 0.95 0.45 0.25 0.8 0.15 0.55 0.9 0.7 0.55 0.65 1.0 0.3 1.0 1.0 0.65 0.65 0.7 0.65 
-2.231579702000989 0.3111839208214249 0.6266661116028353 0.55 0.65 0.05 0.8 0.3 0.15 1.0 0.75 0.35 1.0 1.0 0.5 0.15 0.8 0.4 0.05 0.2 0.25 0.9 0.45 0.35 0.85 0.15 0.55 0.9 0.7 0.55 0.55 1.0 0.1 1.0 1.0 0.7 0.6 0.7 0.65 
-0.22053596064888667 0.2969271917782461 0.6089791321909717 0.55 0.65 0.05 0.8 0.65 0.15 1.0 0.75 0.35 1.0 1.0 0.5 0.15 0.8 0.4 0.05 0.2 0.25 0.9 0.45 0.35 0.85 0.15 0.55 0.9 0.7 0.55 0.55 1.0 0.1 1.0 1.0 0.6 0.65 0.7 0.65 
-0.5276264147257651 0.48683589950316003 0.36550958318202587 0.85 0.55 0.1 0.4 0.5 0.45 1.0 0.75 0.35 1.0 1.0 0.5 0.6 0.8 0.15 0.5 0.9 0.65 0.9 0.35 0.15 1.0 1.0 0.6 0.4 0.1 0.8 0.2 0.5 0.45 0.9 0.65 0.5 0.9 0.7 0.65 
-0.22690287074772184 0.27586898209314814 0.5455864931281699 0.85 0.9 0.05 0.65 0.95 0.0 1.0 0.75 0.35 0.7 1.0 0.5 0.5 0.8 1.0 0.8 0.6 0.15 0.9 0.35 0.25 0.55 0.0 0.55 1.0 0.5 0.4 0.2 1.0 0.05 0.9 0.0 0.8 0.95 0.6 0.6 
-0.05557629272215369 0.2789680612440645 0.5573418343902043 0.85 0.9 1.0 0.65 0.95 0.0 1.0 0.7 0.35 0.7 1.0 0.5 0.5 0.6 1.0 0.8 0.1 0.15 0.9 0.35 0.25 0.65 1.0 0.55 0.9 0.5 0.4 0.2 1.0 0.15 0.9 0.0 0.8 0.95 0.6 0.6 
-0.05257496393947384 0.4130798590375514 0.6772601832000041 0.1 0.7 0.05 0.2 0.8 0.4 0.9 0.95 0.15 0.9 0.35 0.45 0.6 0.95 0.7 0.95 0.75 0.15 0.9 0.45 0.45 0.6 0.4 0.95 0.8 0.25 0.15 0.7 0.0 0.15 1.0 1.0 0.5 0.55 0.5 0.35 
-11.736536515352359 0.3718890015469646 0.6651144656678973 0.05 0.7 0.8 0.0 0.7 0.0 0.9 0.95 0.15 1.0 0.35 0.45 0.6 0.0 0.7 0.95 0.75 0.55 0.9 0.45 0.45 0.6 0.4 0.95 0.85 0.25 0.35 0.7 0.05 0.15 0.95 0.1 0.6 0.7 0.4 0.3 
-2.530165803607169 0.28635620266080886 0.6030407353323957 0.85 0.7 0.05 0.65 0.95 0.45 1.0 0.75 0.35 0.65 1.0 0.5 0.5 0.55 1.0 0.8 0.6 0.15 0.9 0.35 0.7 0.3 0.0 0.55 1.0 0.5 0.4 0.3 0.95 0.3 0.9 0.0 0.45 0.95 0.65 0.6 
-0.9551075738903858 0.43963155807299453 0.3478047724252958 0.9 0.0 0.05 0.9 0.9 0.95 1.0 0.75 0.35 0.95 1.0 0.5 0.85 0.2 0.25 0.8 0.6 0.8 0.8 0.95 0.35 0.95 1.0 0.55 0.5 0.85 0.75 0.2 0.0 0.1 0.75 0.1 0.05 0.85 0.7 0.65 
-26.179621652855136 0.7686856806027755 0.5295571824111026 1.0 0.3 0.45 0.95 0.75 0.5 1.0 0.35 0.8 1.0 0.9 0.45 0.25 0.4 0.95 0.1 0.15 0.35 0.9 0.3 0.8 0.65 0.3 0.35 0.55 0.35 0.15 0.8 0.85 0.65 0.95 0.05 0.7 0.7 0.45 0.1 
-11.226099701802934 0.3957484464513051 0.3397707733136115 0.85 0.55 0.65 0.4 0.5 0.45 1.0 0.75 0.35 1.0 1.0 0.5 0.6 0.8 0.8 0.5 0.3 0.65 0.7 0.35 0.65 0.95 1.0 0.6 0.4 0.1 0.9 0.2 0.45 0.25 0.9 0.65 0.5 0.9 0.7 0.65 
-4.115592520323923 0.47013761406594784 0.3453775586421018 0.45 0.35 0.45 0.4 0.25 0.45 1.0 0.75 0.35 1.0 1.0 0.5 0.6 0.8 0.45 0.7 0.9 0.75 1.0 0.35 0.1 1.0 0.0 0.6 0.8 0.1 0.85 0.55 0.4 0.45 0.95 0.65 0.5 0.75 0.7 0.65 
-5.451318920754828 0.564232943265011 0.7248992568712368 0.65 0.75 0.6 0.65 0.85 0.25 1.0 0.45 0.3 0.95 0.3 0.4 0.4 0.65 0.25 0.7 0.6 0.35 0.9 0.55 0.6 0.2 0.85 0.55 0.85 1.0 0.75 0.75 0.95 0.45 0.95 0.4 0.85 0.95 0.4 0.75 
-16.571572564102137 0.4592120826225681 0.3334329103699314 0.85 0.55 0.0 0.4 0.5 0.45 1.0 0.75 0.35 1.0 1.0 0.5 0.6 0.8 0.15 0.5 0.3 0.65 0.4 0.35 0.65 1.0 1.0 0.6 0.5 0.1 0.9 0.2 0.5 0.45 0.75 0.65 0.5 0.9 0.7 0.65 
-27.660316100936363 0.7699908881734234 0.5337449484108555 1.0 0.3 0.45 0.95 0.75 0.5 1.0 0.35 0.8 1.0 0.9 0.45 0.25 0.4 0.0 0.1 0.15 0.35 0.9 0.3 0.8 0.65 0.3 0.35 0.55 0.35 0.15 0.8 0.85 0.65 1.0 0.05 0.7 0.7 0.45 0.1 
-170.34621782466112 0.4721832173809632 0.7043121444749644 0.65 0.55 0.6 0.55 0.85 0.25 1.0 0.45 0.6 0.95 0.3 0.4 0.4 0.0 0.4 0.7 0.6 0.35 1.0 0.55 0.6 0.1 0.8 0.65 0.65 1.0 0.75 0.9 0.95 0.4 0.95 0.4 0.85 0.95 0.4 0.75 
-16.49975546676441 0.44021729021363 0.3302522585303571 0.9 0.55 0.1 0.4 0.9 0.45 1.0 0.75 0.35 1.0 1.0 0.5 0.0 0.8 0.15 0.85 0.9 0.65 0.3 0.35 0.25 1.0 1.0 0.6 0.5 0.1 0.8 0.2 0.55 0.45 0.9 0.65 0.5 0.85 0.7 0.65 
-6.914366392313142 0.4249376882152262 0.3459159393186082 0.85 0.35 0.45 0.4 0.25 0.45 1.0 0.75 0.35 1.0 1.0 0.5 0.6 0.8 0.45 0.7 0.9 0.75 1.0 0.35 0.1 1.0 0.0 0.6 0.8 0.65 0.85 0.55 0.4 0.45 0.9 0.65 0.5 0.75 0.7 0.65 
-0.18884128958712423 0.34107372497078137 0.64515809312492 0.15 0.9 1.0 0.65 0.95 0.45 1.0 0.75 0.35 0.7 1.0 0.5 0.5 0.1 1.0 0.8 0.6 0.15 0.9 0.35 0.7 0.65 0.0 0.55 1.0 0.5 0.4 0.3 1.0 0.2 0.9 0.8 0.2 1.0 0.6 0.6 
-15.767819597424095 0.4319013172055354 0.33266221595679135 0.85 0.55 0.65 0.4 0.5 0.45 1.0 0.75 0.35 1.0 1.0 0.5 0.6 0.8 0.15 0.55 0.3 0.65 0.7 0.35 0.65 0.95 1.0 0.6 0.75 0.95 0.9 0.2 0.5 0.35 0.9 0.65 0.5 0.9 0.7 0.65 
-0.4814419519324586 0.26453472439032155 0.4816732413835672 0.85 0.9 0.05 0.65 0.95 0.0 1.0 0.75 0.35 0.75 1.0 0.5 0.5 0.8 0.7 0.8 0.6 0.15 0.85 0.35 0.25 0.85 0.0 0.55 1.0 0.5 0.4 0.2 1.0 0.0 0.9 0.0 0.8 0.95 0.6 0.6 
-18.822732261133204 0.4060768687458969 0.33450240629129413 0.7 0.55 0.1 0.65 0.3 0.75 1.0 0.75 0.35 1.0 1.0 0.5 0.6 0.35 0.2 0.7 0.9 0.65 0.95 0.35 0.85 1.0 1.0 0.6 0.3 0.1 0.45 0.2 0.55 0.45 0.9 0.65 0.5 0.9 0.7 0.65 
-27.18521961567619 0.48047799757101567 0.31975869220288855 0.7 0.65 0.1 0.65 0.3 0.45 1.0 0.75 0.35 1.0 1.0 0.5 0.6 0.2 0.15 0.7 0.9 0.65 0.45 0.35 0.85 1.0 1.0 0.6 0.4 0.1 0.45 0.2 0.45 0.35 0.9 0.65 0.5 0.9 0.7 0.65 
-6.281097216257431 0.25930499825153475 0.5333228948555916 0.85 0.65 0.05 0.65 0.95 0.45 1.0 0.75 0.35 0.7 1.0 0.5 0.5 0.8 1.0 0.8 0.6 0.15 0.9 0.35 0.6 1.0 0.0 0.55 1.0 0.5 0.4 0.3 1.0 0.15 0.9 0.0 0.45 0.95 0.6 0.6 
-23.858807193116366 0.49429102316594 0.3425339940916823 0.7 0.65 0.1 0.65 0.3 0.45 1.0 0.75 0.35 1.0 1.0 0.5 0.6 0.35 0.15 0.7 0.9 0.65 0.4 0.35 0.85 1.0 1.0 0.6 0.4 0.05 0.45 0.2 0.5 0.45 0.9 0.65 0.5 0.9 0.7 0.65 
-1.373565326761184 0.6174181201153204 0.694433136420212 0.65 0.0 0.75 0.65 0.85 0.25 1.0 0.45 0.3 0.95 0.3 0.4 0.4 0.5 0.25 0.7 0.6 0.35 0.8 0.55 0.6 0.25 0.85 0.65 0.85 1.0 0.75 0.75 0.95 0.35 0.95 0.4 0.85 0.95 0.4 0.75 
-6.84747687613978 0.258013874232599 0.5508548716471953 0.85 0.9 0.05 0.65 0.95 0.45 1.0 0.75 0.35 0.7 1.0 0.5 0.5 0.8 1.0 0.8 0.6 0.15 0.9 0.35 0.7 1.0 0.0 0.55 1.0 0.5 0.4 0.3 1.0 0.2 0.9 0.0 0.45 0.95 0.6 0.6 
-12.424941001425685 0.666015265335663 0.6831645805285249 1.0 0.4 0.35 0.0 0.8 0.6 1.0 0.35 0.35 0.9 0.9 0.45 0.5 0.05 0.35 0.6 0.35 0.35 0.95 0.3 0.8 0.75 0.3 0.4 1.0 0.6 0.45 0.8 0.85 0.65 0.75 0.05 0.85 0.65 0.4 0.2 
-1.5230533863607514 0.720778469349513 0.6500388498414231 1.0 0.05 0.1 0.35 0.45 0.15 1.0 0.35 0.7 1.0 0.9 0.45 0.75 0.8 0.4 0.5 0.75 0.45 1.0 0.15 0.6 0.9 0.3 0.35 0.9 0.65 0.4 0.85 0.8 0.65 0.85 0.05 0.75 0.7 0.45 0.5 
-21.42571437513372 0.692890062046499 0.6552633212591984 1.0 0.4 0.35 0.0 0.05 0.1 1.0 0.35 0.35 0.9 0.9 0.45 0.5 0.75 0.35 0.6 0.35 0.6 0.95 0.3 0.65 1.0 0.3 0.4 1.0 0.6 0.45 0.8 0.85 0.65 0.85 0.05 0.75 0.7 0.4 0.2 
-11.609714267299234 0.2560859682281149 0.5768431687018688 0.85 0.7 0.05 0.65 0.95 0.45 1.0 0.75 0.35 0.65 1.0 0.5 0.5 0.8 1.0 0.8 0.6 0.15 0.9 0.35 0.7 1.0 0.0 0.55 1.0 0.5 0.4 0.3 0.95 0.3 0.9 0.0 0.45 0.95 0.65 0.6 
-12.436790576144844 0.6706307446106893 0.6785467854472156 1.0 0.4 0.35 0.0 0.05 0.6 1.0 0.35 0.35 0.9 0.9 0.45 0.5 0.05 0.35 0.6 0.35 0.35 0.95 0.3 0.8 0.75 0.3 0.4 1.0 0.6 0.45 0.8 0.85 0.65 0.75 0.05 0.85 0.7 0.4 0.2 
-1.9764740477997516 0.2724186056594179 0.46225727541974915 0.85 0.9 0.05 0.2 0.95 0.0 1.0 0.75 0.35 0.75 1.0 0.5 0.5 0.8 0.65 0.8 0.6 0.15 0.85 0.35 0.25 0.85 0.0 0.55 1.0 0.5 0.4 0.2 1.0 0.0 0.65 0.0 0.8 0.95 0.6 0.6 
-1.9808852076244408 0.6346122756984481 0.6788263641844063 0.65 0.0 0.75 0.65 0.85 0.25 1.0 0.5 0.3 0.95 0.3 0.4 0.4 0.5 0.8 0.1 0.6 0.35 0.8 0.55 0.6 0.25 0.85 0.65 0.85 1.0 0.75 0.75 0.95 0.35 0.95 0.4 0.85 0.95 0.4 0.75 
-25.52342655999544 0.6568939308743229 0.7069021290221523 1.0 0.4 0.35 1.0 0.05 0.1 1.0 0.35 0.35 0.9 0.9 0.45 0.5 0.05 0.35 0.25 0.35 0.35 0.95 0.3 0.8 0.75 0.3 0.4 1.0 0.6 0.45 0.8 0.85 0.65 0.9 0.05 0.75 0.7 0.4 0.2 
-149.04762483394822 0.5121590898470868 0.3375833777072201 0.7 0.65 0.1 0.65 0.3 0.45 1.0 0.75 0.35 1.0 1.0 0.5 0.6 0.35 0.15 0.7 0.9 0.65 0.4 0.35 0.85 1.0 1.0 0.6 0.4 0.1 0.45 0.2 0.45 0.45 0.9 0.65 0.5 0.9 0.7 0.65 
-22.782065181836654 0.6710350442000208 0.7133787254862146 1.0 0.4 0.55 1.0 0.05 0.45 1.0 0.35 0.35 0.95 0.9 0.45 0.6 0.05 0.35 0.6 0.35 0.35 1.0 0.3 0.8 0.75 0.3 0.4 1.0 0.6 0.45 0.8 0.85 0.65 0.9 0.1 0.85 0.7 0.4 0.2 
-3.997797063131284 0.282051780103993 0.41454860567341434 0.85 0.9 1.0 0.65 0.95 0.45 1.0 0.75 0.35 0.7 1.0 0.5 0.5 0.8 1.0 0.8 0.6 0.15 0.9 0.35 0.7 1.0 0.0 0.55 1.0 0.5 0.4 0.3 1.0 0.2 0.9 0.0 0.2 0.95 0.6 0.6 
-8.408985041648213 0.5498541745723597 0.34444306743309333 0.6 0.9 0.7 0.65 0.75 0.8 1.0 0.35 0.7 0.95 0.9 0.45 0.3 0.8 0.95 0.1 0.6 0.65 0.95 0.8 0.8 0.85 0.3 0.35 0.55 0.6 0.1 0.7 0.85 0.65 0.6 0.85 0.85 0.65 0.35 0.05 
-2.5884118362973885 0.2851367626227995 0.4125903258494829 0.85 0.9 1.0 0.65 0.95 0.45 1.0 0.75 0.35 0.7 1.0 0.5 0.5 0.8 1.0 0.8 0.6 0.15 0.9 0.35 0.7 1.0 0.0 0.55 1.0 0.5 0.4 0.3 1.0 0.35 0.9 0.0 0.2 0.95 0.6 0.6 
-14.670772199261519 0.2601165058782243 0.6006082270851751 0.85 0.7 0.05 0.65 0.95 0.45 1.0 0.75 0.35 0.65 1.0 0.5 0.5 0.8 1.0 0.8 0.6 0.15 0.9 0.35 0.7 1.0 0.0 0.55 1.0 0.5 0.4 0.3 0.95 0.15 0.9 0.0 0.45 0.95 0.65 0.6 
-16.249087341467906 0.283016889971043 0.631390761828866 0.85 0.7 0.05 0.65 0.95 0.95 1.0 0.8 0.35 0.65 1.0 0.5 0.5 0.8 1.0 0.05 0.6 0.15 0.8 0.35 0.7 1.0 0.0 0.55 1.0 0.5 0.4 0.3 0.95 0.15 1.0 0.0 0.45 0.95 0.65 0.6 
-3.947875729417296 0.3091250457389426 0.3712107803121433 0.6 0.9 1.0 0.65 0.95 0.45 1.0 0.75 0.35 0.7 1.0 0.5 0.15 0.8 1.0 0.8 0.3 0.15 0.9 0.35 0.35 1.0 0.0 0.55 1.0 0.5 0.4 0.3 1.0 0.0 0.9 0.0 0.2 0.95 0.6 0.6 
-19.106065565455875 0.41711858567816446 0.6934498275419126 0.1 0.7 0.05 0.3 0.65 0.1 0.9 0.95 0.15 1.0 0.35 0.45 0.6 0.95 0.7 0.95 0.75 0.15 0.9 0.45 0.45 0.6 0.4 0.95 0.8 0.25 0.15 0.4 0.0 0.15 1.0 1.0 0.5 0.6 0.5 0.35 
-20.243563992004614 0.29036555630786487 0.6610497289242795 0.35 0.7 0.05 0.65 0.95 0.45 1.0 0.8 0.35 0.6 1.0 0.5 0.5 0.8 1.0 0.05 0.6 0.15 0.9 0.35 0.7 1.0 0.0 0.55 1.0 0.5 0.4 0.3 0.95 0.45 1.0 0.0 0.45 0.95 0.65 0.6 
-24.681129030613373 0.43041266463630823 0.7010209667906032 0.1 0.7 0.05 0.3 0.65 0.1 0.9 0.95 0.15 1.0 0.35 0.45 0.6 0.95 0.7 0.95 0.75 0.15 0.9 0.45 0.45 0.6 0.4 0.95 0.8 0.25 0.15 0.4 0.0 0.15 1.0 1.0 0.5 0.95 0.5 0.35 
