-0.0015939384631000093 0.4883939755467919 0.5039578285506497 0.05 0.8 0.25 0.1 0.2 0.1 0.9 0.3 0.8 0.4 0.9 0.65 0.85 1.0 0.1 0.25 0.05 0.75 0.85 0.8 0.7 0.55 0.75 0.95 0.15 0.15 0.4 0.9 0.95 0.15 0.4 0.9 0.7 0.15 0.75 1.0 
-0.01578514231249707 0.5052462644470632 0.508558170555105 0.2 0.6 0.2 0.7 0.9 0.2 0.95 0.95 0.2 0.2 0.15 0.65 0.45 0.25 0.85 0.95 0.95 0.8 0.85 1.0 0.05 0.65 0.5 0.2 0.95 0.2 0.3 0.9 0.35 0.4 0.3 0.5 0.35 1.0 0.65 0.8 
-0.004254717042785288 0.49702128006034124 0.5435742117177149 0.05 0.8 0.25 0.1 0.3 0.1 0.95 0.3 0.4 0.6 0.9 0.2 0.85 1.0 0.65 0.7 0.05 0.75 0.95 0.8 0.5 0.55 0.75 0.95 0.65 0.15 0.2 0.9 0.95 0.2 0.1 0.9 0.7 0.85 0.65 1.0 
-0.0014529331175824696 0.4706147619094025 0.4935065021988966 0.9 0.95 0.25 0.15 0.45 0.2 1.0 0.85 0.65 0.65 1.0 0.55 0.15 1.0 0.0 0.5 0.3 0.25 0.9 0.05 0.55 1.0 0.35 0.1 0.55 1.0 0.45 0.6 0.9 1.0 0.55 0.75 0.0 0.9 0.9 0.4 
-0.0017791802924258366 0.5152435309784296 0.5038133515468838 0.65 0.45 0.8 0.2 0.35 0.25 0.2 0.5 0.3 0.0 0.05 0.4 0.0 0.3 0.95 0.5 0.25 0.45 0.2 0.6 0.75 0.6 0.05 0.9 0.15 0.95 0.8 0.3 0.4 0.1 1.0 0.8 0.5 0.0 0.1 0.35 
-0.010130947280518856 0.5459146315451131 0.4783234015342918 0.05 0.8 0.9 0.2 0.4 0.35 0.45 0.45 0.35 0.65 0.1 0.4 0.75 0.85 0.55 0.45 0.65 0.3 0.7 0.8 0.05 0.2 0.5 0.4 0.35 0.15 0.55 0.75 0.1 0.65 0.8 0.1 0.15 0.1 0.5 0.8 
-0.00040494079923855165 0.4673657340046533 0.5373527047015062 0.9 0.35 0.9 0.25 0.4 0.65 1.0 0.45 0.75 0.9 0.2 1.0 0.7 0.5 0.2 0.9 0.1 0.8 0.7 0.85 0.1 0.95 0.75 0.85 0.6 0.95 0.35 0.6 0.95 0.4 0.85 0.7 1.0 0.8 0.8 0.35 
-0.0005282672260886631 0.514217890930783 0.4710759183971172 0.0 0.2 0.45 0.4 0.2 0.05 0.6 0.75 0.1 1.0 0.35 0.4 0.8 1.0 0.0 0.65 0.3 0.7 0.05 0.7 0.45 0.95 0.45 0.95 0.8 0.85 0.7 0.5 0.55 0.1 0.5 0.65 0.85 0.65 0.3 0.1 
-0.011417378716323591 0.520748962650326 0.5108569204129713 0.0 0.2 0.45 0.3 0.2 0.05 0.6 0.75 0.1 1.0 0.35 0.4 0.0 1.0 0.0 0.65 0.8 0.7 0.05 0.5 0.2 0.95 0.1 0.95 0.8 0.85 0.7 0.5 0.55 0.2 0.5 1.0 1.0 0.65 0.65 0.1 
-0.04350228882448698 0.477617563374779 0.5213873840506916 0.05 0.8 0.25 0.1 0.2 0.1 0.8 0.3 0.35 0.3 0.9 0.2 0.85 1.0 0.65 0.85 0.05 0.75 0.95 0.8 0.5 0.55 0.75 0.95 0.6 0.15 0.75 0.6 0.95 0.55 0.1 0.9 0.7 0.2 0.65 1.0 
-0.014723963977938263 0.5531493547374084 0.5784707430516737 0.25 0.0 0.3 0.7 0.75 0.05 0.2 0.9 0.9 0.9 0.15 0.65 0.15 0.85 0.0 0.95 0.95 0.8 1.0 1.0 0.05 1.0 0.5 0.2 1.0 0.85 0.4 0.9 0.35 0.45 0.75 0.3 0.45 0.45 0.75 0.5 
-0.005680786709298723 0.5123920534502118 0.442819839064196 0.85 0.2 0.3 0.85 0.25 0.15 0.85 0.05 0.3 0.9 0.5 0.0 1.0 0.8 0.35 0.85 0.2 0.25 0.5 0.15 0.15 0.5 0.85 0.15 0.65 0.15 0.15 0.95 0.1 0.7 0.1 0.85 0.3 1.0 0.15 0.9 
-0.01548532529295324 0.4426184423077918 0.47379812153239775 0.65 0.35 0.05 0.35 0.15 0.25 1.0 0.1 0.45 0.7 0.3 0.45 0.65 0.0 0.75 0.7 0.1 0.8 0.75 0.65 0.9 0.7 0.85 0.4 0.8 0.3 0.25 0.15 0.4 0.65 0.15 0.7 1.0 0.5 0.45 0.45 
-0.004436850861842907 0.5708259314173937 0.49126312404972194 0.0 0.0 1.0 0.1 0.3 0.2 0.65 0.1 0.8 0.75 0.6 0.55 0.6 0.4 0.05 0.6 0.05 0.25 0.4 0.65 0.3 0.6 0.05 0.3 0.9 0.65 0.8 0.9 0.65 0.1 0.65 0.25 0.0 0.0 0.2 0.6 
-0.002016298675179539 0.5664497930324515 0.49509886874916725 0.0 0.0 1.0 0.1 0.3 0.2 0.65 0.1 0.8 0.75 0.6 0.55 0.2 0.4 0.05 0.6 0.05 0.25 0.4 0.65 0.35 0.6 0.05 0.3 0.9 0.65 0.8 0.9 0.65 0.1 0.65 0.25 0.0 0.15 0.2 0.6 
-0.0005427335049416965 0.4847536972176185 0.4424247404210603 0.85 0.35 0.9 0.35 0.85 0.1 0.75 0.15 0.45 0.8 0.2 0.45 0.7 1.0 0.8 0.9 0.1 0.8 1.0 0.35 0.9 1.0 0.85 0.85 0.8 0.4 0.15 0.9 0.6 0.8 0.95 0.7 1.0 0.35 0.8 0.9 
-0.003087731971482641 0.5274652803707166 0.4613008372156242 0.85 0.3 0.55 1.0 0.1 0.15 0.35 0.05 0.3 0.9 0.45 0.0 1.0 0.7 0.35 0.8 0.35 0.3 1.0 0.15 0.15 0.95 0.85 0.4 0.15 0.65 0.65 0.4 0.15 0.7 0.05 0.85 0.1 0.1 0.15 0.9 
-0.018446747581471096 0.4797393176388831 0.4695836481944297 0.85 0.35 0.9 0.35 0.85 0.1 0.75 0.15 0.45 0.8 0.2 0.45 0.7 1.0 0.8 0.9 0.1 0.8 1.0 0.35 0.9 1.0 0.85 0.85 0.8 0.4 0.85 0.9 0.6 0.65 0.95 0.7 1.0 0.35 0.8 0.25 
-0.01198161015570406 0.5341111471640972 0.545555713416607 0.8 0.95 0.2 0.7 0.2 0.8 0.55 1.0 0.7 0.85 0.15 0.65 0.55 0.1 0.6 0.65 0.95 0.75 1.0 0.95 0.25 0.6 0.5 0.2 1.0 0.1 0.35 0.9 0.35 0.45 0.8 0.5 0.95 0.45 0.75 0.5 
-0.016221380939664767 0.44875764308318045 0.5350407997095608 0.05 0.8 0.25 0.1 0.2 0.1 0.9 0.3 0.8 0.4 0.9 0.65 0.85 1.0 0.65 0.65 0.05 0.75 0.85 0.8 0.7 0.55 0.75 0.95 0.95 0.15 0.4 0.9 0.95 0.8 0.1 0.55 0.7 0.15 0.15 0.9 
-0.023922573659407847 0.5322702406333883 0.5425365565311001 0.25 0.95 0.2 0.7 0.25 0.85 0.7 1.0 0.7 0.85 0.15 0.65 0.1 0.1 0.25 0.95 0.95 0.85 0.5 1.0 0.6 0.55 0.5 0.1 1.0 0.1 0.35 0.9 0.35 0.45 0.6 0.5 0.75 0.25 0.45 0.5 
-0.005433905203979432 0.4411539843978041 0.5263226783255717 0.0 0.5 1.0 0.4 0.0 0.1 0.85 0.05 0.3 0.7 0.2 0.45 0.1 0.1 0.45 0.9 0.2 0.8 0.85 0.75 0.3 0.2 0.75 0.8 0.95 0.4 0.2 0.3 0.95 0.55 0.05 0.0 0.45 0.9 0.8 0.4 
-0.002878024866281845 0.45602758308976815 0.48372798961089986 0.9 0.95 0.25 0.15 0.45 0.2 1.0 0.85 0.65 0.65 1.0 0.55 0.15 1.0 0.0 0.5 0.3 0.25 0.9 0.05 0.55 1.0 0.65 0.1 0.55 1.0 0.45 0.6 0.9 1.0 0.55 0.75 0.0 0.9 0.9 0.4 
-0.003837955654223273 0.5672004917102981 0.5199306656112835 0.25 0.4 1.0 0.75 0.6 0.5 0.65 0.4 0.8 0.65 1.0 0.4 0.05 0.4 0.15 0.15 0.6 0.4 0.5 0.2 0.3 0.0 0.85 0.85 0.85 1.0 0.45 0.2 0.05 0.25 0.55 0.5 1.0 0.95 0.5 0.5 
-0.0009714882446202721 0.5452098514527532 0.5258273929581639 0.15 0.0 0.9 0.4 0.5 0.4 1.0 0.45 0.45 0.65 0.6 0.4 1.0 0.4 0.8 0.75 0.5 0.3 0.55 0.8 0.75 0.95 0.55 0.5 1.0 0.15 0.75 1.0 0.1 0.65 0.8 0.3 0.7 0.1 0.45 0.7 
-0.004348507721865451 0.5642048650041008 0.5398858760066594 0.0 0.8 1.0 0.9 0.6 0.5 0.0 0.4 0.5 0.55 1.0 0.4 0.1 0.05 0.4 0.45 0.6 0.35 0.9 0.2 0.3 0.8 0.8 0.85 0.85 1.0 0.45 0.7 1.0 0.2 0.55 0.5 1.0 1.0 0.5 0.5 
-0.007586993496892062 0.5068472531643142 0.4377235791100158 0.85 0.2 0.3 0.85 0.75 0.15 0.85 0.05 0.3 0.9 0.65 0.0 1.0 0.8 0.35 0.85 0.2 0.25 0.25 0.15 0.15 0.5 0.85 0.15 0.65 0.15 0.15 0.95 0.1 0.7 0.1 0.85 0.3 1.0 0.15 0.9 
-0.011524411586604782 0.5727341965271937 0.45972250621956035 0.05 0.0 0.15 0.9 0.4 0.7 1.0 0.4 0.65 0.9 0.1 0.4 1.0 0.85 0.8 0.45 0.5 0.3 0.55 0.8 0.75 0.15 0.5 0.5 0.9 0.05 0.55 0.7 0.05 0.65 0.8 0.3 0.9 0.1 0.45 0.7 
-0.0055607564867685 0.4372379221223238 0.49426138749658227 0.9 0.35 0.9 0.25 0.6 0.9 1.0 0.5 0.75 0.9 0.2 1.0 0.7 0.5 0.2 0.9 0.1 0.8 0.7 0.85 1.0 0.95 0.75 0.85 0.6 0.95 0.35 0.6 0.95 0.4 0.85 0.7 1.0 0.8 0.8 0.35 
-0.07995243318224106 0.458878110823962 0.43621425136991243 0.65 0.35 0.9 0.35 0.85 0.1 0.75 0.15 0.45 0.8 0.2 0.45 0.7 1.0 0.8 0.9 0.1 0.8 0.5 0.35 0.9 1.0 0.85 0.85 0.8 0.4 0.15 0.9 0.6 0.8 0.95 0.7 1.0 0.35 0.8 0.9 
-0.011841183126028946 0.5780047467595345 0.5267093058313668 0.6 0.0 0.95 0.8 0.6 0.65 0.25 0.5 0.85 0.85 0.15 0.65 0.95 0.2 0.05 0.3 0.95 0.7 0.65 1.0 0.05 0.75 0.5 0.2 0.95 0.1 0.6 0.9 0.35 0.45 0.3 0.5 0.65 0.5 0.9 0.35 
-0.0020040615541674278 0.40447449866720514 0.4840707151774364 0.65 0.35 0.9 0.35 0.15 0.1 0.95 0.1 0.45 0.75 0.3 0.45 0.7 0.0 0.75 0.85 0.1 0.8 1.0 0.65 0.9 0.9 0.85 0.7 0.8 0.35 0.25 0.15 0.4 0.5 0.4 0.7 1.0 0.5 0.45 0.45 
-0.005967773052181369 0.6293309723925425 0.4773669350130858 0.05 1.0 0.9 0.9 0.4 0.85 0.75 0.45 0.7 0.65 1.0 0.4 0.7 0.4 0.65 0.8 0.7 0.55 0.55 0.25 0.1 0.85 0.5 0.75 0.15 0.0 0.55 0.65 0.1 0.65 0.9 0.1 0.15 0.75 0.85 0.8 
-0.009378450565631137 0.48582444588845786 0.5561203248785678 0.05 0.8 0.25 0.1 0.3 0.1 0.95 0.3 0.4 0.85 0.9 0.2 0.85 0.05 0.65 0.7 0.05 0.75 0.95 0.8 0.5 0.55 0.75 0.95 0.65 0.15 0.2 0.9 0.95 0.2 0.1 0.9 0.7 0.85 0.65 0.65 
-0.0068640589741940814 0.5409767294669784 0.46958132868893804 0.05 1.0 0.9 0.9 0.4 1.0 0.75 0.4 0.7 0.65 1.0 0.4 0.7 0.55 0.65 0.55 0.7 0.55 0.55 0.25 0.1 0.85 0.5 0.4 0.15 0.4 0.55 0.5 0.1 0.0 0.9 0.4 0.15 0.55 0.85 0.15 
-0.01536999783727978 0.5755828773833858 0.48712593239469915 0.0 0.2 0.45 0.3 0.2 0.05 0.5 0.75 0.1 1.0 0.35 0.4 0.0 1.0 0.0 0.7 0.3 0.7 0.05 0.5 0.55 0.95 0.45 0.7 0.85 0.85 0.7 0.5 0.55 0.2 0.45 1.0 0.2 0.65 0.55 0.1 
-0.00021193888244536076 0.5894815950847554 0.5352651451458595 0.6 0.0 0.95 0.8 0.6 0.65 0.25 0.5 0.85 0.85 0.15 0.65 0.95 0.2 0.05 0.3 0.95 0.7 0.4 1.0 0.05 0.75 0.5 0.2 0.95 0.1 0.6 0.9 0.35 0.45 0.3 0.5 0.65 0.5 0.9 0.65 
-0.021827217038639855 0.5509783479924885 0.4273362735461114 0.0 0.2 0.45 0.3 0.2 0.05 0.5 0.65 0.1 1.0 0.35 0.4 0.0 1.0 0.15 0.7 0.3 0.7 0.05 0.5 0.55 0.95 0.45 0.95 0.8 0.85 0.7 0.5 0.55 0.2 0.5 1.0 1.0 0.65 0.65 0.1 
-0.001368328562401949 0.6199626990561476 0.44732692150651976 0.05 0.8 0.9 0.0 0.5 0.85 0.95 0.45 0.35 0.85 0.1 0.35 0.15 0.45 0.65 0.8 0.5 0.3 0.7 0.25 0.85 0.85 0.5 0.4 0.35 0.0 0.9 0.75 0.1 0.65 1.0 0.4 0.15 0.75 0.5 0.8 
-0.003970298530819876 0.49106154430222554 0.5476305608135157 0.15 0.5 0.9 0.2 0.0 0.1 0.2 0.05 0.3 0.75 0.2 0.45 0.6 0.7 1.0 0.9 0.1 0.7 1.0 0.9 0.25 0.9 0.75 0.85 0.95 0.4 0.55 0.3 0.95 0.65 0.05 0.3 0.4 0.9 0.6 0.1 
-0.060065688066248596 0.46500440126104414 0.463003264567755 0.05 0.75 0.25 0.55 0.55 0.35 1.0 0.3 0.75 0.3 0.0 0.55 0.95 1.0 0.6 0.9 0.05 0.65 0.95 0.8 0.5 0.55 0.75 0.95 0.75 0.4 0.75 0.85 0.3 0.35 0.6 0.6 0.25 0.85 0.65 0.75 
-0.007129146604397569 0.5370671576020797 0.43043476691737187 0.05 0.8 0.15 0.9 1.0 0.4 0.95 0.45 0.35 0.65 0.1 0.4 0.75 0.4 0.55 0.7 0.5 0.3 0.25 0.8 0.75 0.85 0.5 0.5 0.35 0.15 0.55 0.8 0.1 0.55 0.8 0.1 0.55 0.1 0.5 0.8 
-0.016067848865813517 0.6016755684257291 0.4999260346317417 0.05 0.85 0.9 0.9 0.65 0.85 0.5 0.45 0.7 0.65 0.1 0.4 0.9 0.4 0.95 1.0 0.5 0.3 0.0 0.8 0.1 0.5 0.6 0.4 0.25 0.0 0.5 0.85 0.1 0.65 0.5 0.1 0.15 0.75 0.5 0.8 
-0.005665390901762365 0.41028437642279 0.5502879298826256 0.05 0.75 0.15 0.55 0.55 0.35 0.9 0.35 0.05 0.3 0.9 0.65 0.85 1.0 0.6 0.9 0.05 0.6 0.95 0.8 0.5 0.55 0.75 0.95 1.0 0.4 0.55 0.75 0.95 0.35 0.6 0.35 0.25 0.35 0.65 0.55 
-0.0016693453839754747 0.6104925720855029 0.5707600921386209 0.55 0.0 0.65 0.65 0.0 0.1 0.05 0.5 0.9 0.05 0.15 0.65 0.6 0.2 0.8 0.95 0.95 0.75 0.75 1.0 0.05 0.65 0.5 0.2 0.95 0.1 0.6 0.9 0.2 0.35 0.15 0.25 0.1 0.0 0.4 0.15 
-0.0019428046578713368 0.4059201089712395 0.5270895687852987 0.8 0.35 0.75 0.9 0.15 0.1 0.95 0.1 0.7 0.3 0.2 0.45 0.9 0.0 0.45 0.85 0.1 0.8 1.0 0.65 0.9 0.9 0.85 0.85 0.8 0.15 0.25 0.15 0.0 0.2 0.95 0.7 1.0 0.35 0.45 0.7 
-0.0006629930310798679 0.45166071002520475 0.4097875559638915 0.2 0.35 0.9 0.35 0.15 0.1 0.95 0.95 0.45 0.05 0.35 0.45 0.7 1.0 0.75 0.85 0.1 0.8 0.7 0.8 0.2 0.8 0.95 0.85 0.75 0.65 0.25 0.1 0.7 0.15 0.95 0.7 1.0 0.3 0.45 0.1 
-0.015060350112468389 0.530353891559066 0.5609336335577427 0.2 0.55 0.4 0.2 0.0 0.7 0.85 0.7 1.0 0.7 1.0 0.15 0.65 0.55 0.7 0.2 0.7 0.1 0.85 0.05 0.35 0.55 0.6 0.95 0.95 0.95 0.5 0.7 0.25 0.75 0.5 0.3 1.0 0.15 0.4 0.95 
-0.0054320345027869055 0.4642368944909297 0.570045085794023 0.15 0.65 0.9 0.4 0.0 0.1 0.85 0.25 0.3 0.8 0.2 0.45 0.9 0.7 0.5 0.0 0.1 0.8 1.0 0.75 0.6 0.7 0.75 0.8 0.95 0.4 0.5 0.3 0.95 0.55 0.05 0.0 0.4 0.9 0.8 0.4 
-0.008189869356588409 0.5701525694350557 0.5658195910638557 0.0 0.8 1.0 0.9 0.6 0.5 0.0 0.4 0.5 0.55 1.0 0.4 0.1 0.05 0.4 0.15 0.6 0.4 0.9 0.2 0.3 0.8 0.8 0.85 0.85 1.0 0.45 0.7 1.0 0.2 0.55 0.5 0.65 1.0 0.5 0.5 
-0.00337171103276084 0.41469374442116824 0.4880637227886201 1.0 0.7 0.5 0.4 0.35 0.75 1.0 0.0 0.35 0.8 0.05 0.1 0.95 0.25 0.75 0.0 0.55 0.0 1.0 0.45 0.85 0.65 0.7 0.75 0.7 0.5 0.5 0.05 1.0 0.4 0.45 0.5 0.2 0.9 1.0 0.2 
-0.000791438499447156 0.5728170379866386 0.45374086868791247 0.05 0.8 0.9 0.9 0.4 0.35 0.45 0.45 0.35 0.65 0.1 0.4 0.65 0.85 0.55 0.45 0.5 0.3 0.7 0.8 0.05 0.2 0.5 0.4 0.35 0.15 0.55 0.7 0.1 0.65 0.8 0.1 0.15 0.1 0.5 0.95 
-0.006622409310712028 0.4420941350331262 0.567563824393521 0.15 0.55 0.9 0.2 0.8 0.1 0.85 0.15 0.45 0.6 0.2 0.4 0.8 0.7 0.8 0.9 0.1 0.8 0.85 0.85 0.2 0.95 0.75 0.85 0.55 0.4 0.5 0.45 0.95 0.75 0.05 0.7 0.1 0.9 0.8 0.7 
-0.0012016362866815872 0.42355977214495466 0.5362609781364527 0.05 0.8 0.25 0.1 0.2 0.1 0.9 0.3 0.8 0.4 0.9 0.65 0.85 1.0 0.1 0.65 0.05 0.75 0.85 0.8 0.7 0.55 0.75 0.95 0.15 0.15 0.4 0.9 0.95 0.15 0.1 0.9 0.7 0.15 0.75 1.0 
-0.02243441610956484 0.47318042268325033 0.4314686276039449 0.0 0.35 0.9 0.35 0.85 0.1 0.75 0.15 0.45 0.8 0.2 0.45 0.7 1.0 0.8 0.9 0.1 0.8 1.0 0.35 0.9 1.0 0.85 0.85 0.8 0.25 0.15 0.9 0.6 0.7 0.95 0.7 0.55 0.35 0.4 0.85 
-0.013543716439988246 0.49918900693674645 0.4189243109709624 0.15 0.35 0.9 0.8 0.15 0.25 0.9 0.0 0.5 0.15 1.0 0.3 0.95 1.0 0.75 0.85 0.1 0.8 0.9 0.1 0.0 0.8 0.85 0.85 1.0 0.4 0.25 0.1 0.8 0.1 0.75 0.6 1.0 0.35 0.45 0.9 
-0.005667472488971224 0.5705546969569053 0.4227173435495872 0.05 0.0 0.15 0.9 0.4 0.7 1.0 0.4 0.65 0.9 0.1 0.4 1.0 0.85 0.8 0.45 0.5 0.3 0.55 0.8 0.5 0.15 0.5 0.5 0.9 0.05 0.55 0.7 0.05 0.65 0.8 0.3 0.9 0.1 0.45 0.7 
-0.00805466379982536 0.5881832095922386 0.46474843034647306 0.05 0.85 0.15 0.9 0.35 0.4 1.0 0.45 0.65 0.7 0.1 0.35 1.0 0.4 0.8 0.6 0.5 0.3 0.4 0.8 0.75 0.05 0.6 0.5 0.3 0.1 0.85 0.9 0.1 0.65 0.8 0.9 1.0 0.4 0.8 0.25 
-0.0042651015140218905 0.4325400021693194 0.4121460413577764 0.65 0.35 0.9 0.35 0.15 0.1 0.95 0.1 0.45 0.75 0.3 0.45 0.7 0.0 0.75 0.85 0.1 0.8 0.15 0.65 0.35 0.9 0.85 0.7 0.8 0.35 0.25 0.15 0.4 0.5 0.4 0.7 1.0 0.5 0.45 0.45 
-0.027558899447693203 0.38879057771382614 0.5629977747348172 0.15 0.5 0.9 0.4 0.0 0.1 0.85 0.05 0.3 0.7 0.2 0.45 0.55 0.7 0.5 0.9 0.1 0.8 1.0 0.75 0.6 0.15 0.75 0.8 0.95 0.4 0.5 0.3 0.95 0.55 0.05 0.0 0.4 0.9 0.8 0.4 
-0.0696702667656679 0.48489619542985174 0.41936271585828755 0.15 0.35 0.9 0.8 0.15 0.2 0.9 0.0 0.5 0.15 1.0 0.3 0.7 1.0 0.75 0.85 0.1 0.8 0.9 0.1 0.0 0.8 0.85 0.85 0.3 0.4 0.25 0.1 0.8 0.2 0.75 0.6 1.0 0.35 0.45 0.9 
-0.0029954842752816305 0.4252124281364704 0.5802567826788712 0.05 0.6 0.25 0.85 0.2 0.95 0.95 0.3 0.8 0.35 0.35 0.2 0.8 1.0 0.7 0.65 0.05 0.4 0.95 0.8 0.5 0.55 0.75 0.95 0.9 0.15 0.4 0.9 0.95 0.2 0.2 0.9 0.7 0.85 0.25 1.0 
-0.019680186410137968 0.6213780384114941 0.5141959892916778 0.35 0.8 0.15 0.9 0.3 0.4 0.95 0.45 0.85 0.95 1.0 0.45 0.45 0.3 0.15 0.85 0.5 0.3 0.9 0.25 0.1 0.8 0.5 0.4 0.75 0.0 0.55 0.65 0.2 0.65 0.15 0.9 0.15 0.55 0.5 1.0 
-0.026360227119180298 0.4383053278114303 0.5770296494739984 0.9 0.35 0.9 0.6 0.8 0.1 0.65 0.15 0.7 0.95 0.2 1.0 0.7 1.0 0.2 0.9 0.1 0.8 1.0 0.85 0.3 0.95 0.75 0.85 0.6 0.25 0.6 0.25 0.95 0.3 0.75 0.7 0.45 0.95 0.8 0.7 
-0.00055592466440462 0.5078512583074677 0.5729414774274532 0.2 0.55 0.4 0.2 0.1 0.7 0.85 0.7 1.0 0.7 1.0 0.15 0.85 0.55 0.5 0.2 0.7 0.25 0.9 0.05 0.35 0.3 0.6 0.95 0.95 0.95 0.5 0.7 0.25 0.75 0.25 0.3 1.0 0.0 0.05 0.65 
-0.003702674662314389 0.5642332578973023 0.5398927818976991 0.0 0.8 1.0 0.9 0.6 0.5 0.0 0.4 0.5 0.55 1.0 0.4 0.1 0.05 0.4 0.45 0.6 0.35 0.9 0.2 0.3 0.8 0.8 0.85 0.85 1.0 0.45 0.7 1.0 0.2 0.55 0.5 1.0 1.0 0.5 0.5 
-0.02054893484854147 0.581793843862537 0.4175939829636973 0.05 0.8 0.9 0.9 0.4 0.4 0.95 0.45 0.35 0.65 0.1 0.15 0.75 0.4 0.9 0.45 0.5 0.3 1.0 0.8 0.05 0.85 0.5 0.4 0.35 0.15 0.55 0.75 0.1 0.65 0.8 0.1 0.15 0.1 0.5 0.8 
-0.02022198455318951 0.5926176185119502 0.4262579005927289 0.2 0.2 0.9 0.9 0.4 0.55 0.75 0.4 0.7 0.65 1.0 0.3 0.05 0.25 0.65 0.75 0.7 0.55 0.55 0.25 0.1 0.85 0.5 0.5 0.15 0.0 0.7 0.9 0.1 0.65 0.9 0.95 0.65 0.75 0.45 0.8 
-0.02585706899165378 0.43480060930294306 0.4480000033209327 0.4 0.6 0.9 0.35 0.85 0.1 0.85 0.15 0.45 0.3 0.2 0.45 0.75 1.0 0.8 0.85 0.1 0.8 0.1 0.65 0.9 1.0 0.85 0.75 0.95 0.35 0.85 0.45 0.6 0.65 0.9 0.7 1.0 0.35 0.8 0.25 
-0.013101834346001569 0.6380642457978112 0.4646265146631908 0.05 0.9 0.9 0.9 0.4 0.85 1.0 0.45 0.7 0.65 0.95 0.4 0.7 0.4 0.8 0.85 0.5 0.55 0.75 0.25 0.1 0.85 0.5 0.6 0.0 0.0 0.55 0.9 0.1 0.65 0.9 0.1 0.15 0.75 0.5 0.7 
-0.0017794588663393514 0.40423591382023083 0.5376919087221976 0.4 0.55 0.9 0.5 0.8 0.1 0.85 0.15 0.4 0.55 0.2 0.4 0.2 0.7 0.6 0.9 0.1 0.8 1.0 0.85 0.4 0.95 0.75 0.85 0.55 0.95 0.5 0.3 0.9 0.15 0.05 0.05 0.35 0.85 0.8 0.7 
-0.002606712861107514 0.3806557502782011 0.5708442956491466 0.05 0.25 0.25 0.85 0.2 0.95 0.95 0.3 0.8 0.5 0.3 0.2 0.45 0.05 0.65 0.3 0.05 0.4 1.0 0.8 0.5 0.55 0.55 0.95 0.65 0.15 0.4 0.9 0.95 0.2 0.7 0.6 0.7 0.85 0.25 1.0 
-0.004599938291651753 0.4055926551279611 0.4450307702483322 0.7 0.2 0.5 0.4 0.35 0.7 0.8 1.0 0.6 0.8 0.05 0.2 0.9 0.8 0.1 0.25 0.55 0.0 1.0 0.45 0.85 0.65 0.7 0.75 0.85 0.5 0.6 0.05 0.1 0.45 0.9 0.3 0.2 0.65 1.0 0.95 
-0.004760932534321894 0.629374797624407 0.5073553558481744 0.35 0.8 0.15 0.9 0.3 0.4 0.95 0.45 0.85 0.95 1.0 0.45 0.45 0.3 0.8 0.85 0.5 0.3 0.9 0.25 0.1 0.8 0.5 0.4 0.75 0.0 0.55 0.65 0.2 0.65 0.15 0.9 0.15 0.55 0.5 1.0 
-0.0013177622163048804 0.39145559165336447 0.4673557881683894 1.0 0.05 0.5 0.85 0.35 0.75 1.0 0.0 0.35 0.8 0.05 0.2 0.7 0.8 0.6 0.05 0.2 0.5 1.0 0.45 0.85 0.65 0.7 0.75 0.45 0.5 0.5 0.15 0.85 0.4 0.8 0.0 0.2 0.9 0.0 0.2 
-0.014974275492284696 0.4566699315811572 0.6135745516131271 0.9 0.8 0.9 0.35 0.8 0.1 1.0 0.15 0.45 0.9 0.2 1.0 0.7 1.0 0.2 0.85 0.1 0.8 0.95 0.85 0.3 0.95 0.75 0.85 1.0 0.25 0.35 0.9 0.95 0.3 0.85 0.7 1.0 0.8 0.8 0.7 
-0.03060074701037745 0.5132614917996978 0.4147267802207151 0.0 0.2 0.05 0.3 0.2 0.05 0.6 0.75 0.1 1.0 0.35 0.4 0.0 1.0 0.0 0.7 0.3 0.7 0.05 0.5 0.45 0.95 0.45 1.0 0.8 0.85 0.7 0.5 0.55 0.2 0.5 1.0 1.0 0.65 0.65 0.1 
-0.005214412813322387 0.3917907901300184 0.4467224921633055 1.0 0.45 0.5 0.4 0.35 0.75 0.9 0.0 0.35 0.8 0.05 0.2 0.7 0.25 0.75 0.3 0.55 0.0 1.0 0.45 0.85 0.65 0.7 0.85 0.65 0.5 0.5 0.05 0.25 0.4 0.45 0.5 0.2 0.9 1.0 0.2 
-0.005217348023450135 0.38946091903758373 0.47934145098452946 0.65 0.35 0.05 0.35 0.15 0.85 1.0 0.1 0.45 0.7 0.3 0.45 0.7 0.0 0.75 0.7 0.1 0.8 0.6 0.4 0.9 0.7 0.85 0.85 0.8 0.3 0.25 0.15 0.4 0.65 0.65 0.7 0.9 0.5 0.45 0.45 
-0.0008983926247331753 0.43567920141536054 0.4261383936272289 0.15 0.35 0.9 0.35 0.15 0.1 0.65 0.3 0.5 0.05 0.1 0.8 0.95 1.0 0.75 0.85 0.1 0.8 1.0 0.1 0.2 0.8 0.85 0.85 0.8 0.4 0.25 0.1 0.0 0.2 0.95 0.9 1.0 0.35 0.45 0.05 
-0.00845178037381619 0.581739857662986 0.5728130157782786 0.55 0.0 0.8 0.7 1.0 0.1 0.7 0.5 0.8 0.9 0.15 0.65 0.95 0.7 0.25 0.95 0.95 0.3 0.9 1.0 0.05 0.65 0.5 0.2 0.95 0.1 0.6 0.9 0.35 0.45 0.05 0.3 0.1 0.0 0.75 0.15 
-0.000672606758313757 0.38999197214833325 0.5091211727109436 0.05 0.75 0.25 0.55 0.05 0.25 1.0 0.3 0.75 0.3 0.35 0.65 0.95 0.55 0.6 0.9 0.05 0.65 0.95 0.8 0.5 0.55 0.75 0.95 0.75 0.4 0.75 0.85 0.9 0.2 0.6 0.9 0.25 0.85 0.65 0.9 
-0.022654786487962635 0.6234894949115238 0.562431391226038 0.25 0.95 0.2 0.7 0.2 0.45 0.45 1.0 0.7 0.85 0.15 0.65 0.55 0.1 0.05 0.95 0.95 0.85 1.0 1.0 0.05 0.55 0.5 0.2 1.0 0.1 1.0 0.9 0.35 0.45 0.6 0.5 0.95 0.45 0.75 0.5 
-0.005233804040925923 0.511925063185794 0.5977656894719117 0.2 0.55 0.4 0.2 0.0 0.7 0.85 0.7 1.0 0.7 1.0 0.15 0.65 0.55 0.2 0.2 0.7 0.1 0.9 0.05 0.35 0.6 0.6 0.95 0.95 0.95 0.5 0.7 0.25 0.75 0.5 0.3 1.0 0.45 0.4 0.95 
-0.04918451167929126 0.4678121872491538 0.5978777400279882 0.9 0.35 0.9 0.25 0.8 0.1 1.0 0.5 0.75 0.9 0.2 1.0 0.6 0.5 0.0 0.9 0.1 0.8 1.0 0.85 0.25 1.0 0.75 0.85 0.6 0.25 0.35 0.9 0.95 0.3 0.85 0.7 1.0 0.8 0.8 0.7 
-0.0017913282028438472 0.6469156896562346 0.52279648394457 0.25 0.3 0.3 0.95 0.65 0.65 0.2 0.9 0.1 0.9 0.95 0.25 0.7 0.2 0.7 0.2 0.3 0.6 0.4 0.1 0.5 0.95 0.7 0.75 0.9 0.85 0.15 1.0 0.55 0.2 0.5 0.25 0.85 0.85 0.75 0.65 
-0.013435077944087154 0.5922958853983364 0.5988230195457295 0.6 0.0 0.25 0.8 1.0 0.05 0.7 0.4 0.85 0.9 0.15 0.65 0.95 0.2 0.1 0.85 0.95 0.8 0.75 0.35 0.05 0.75 0.5 0.2 0.95 0.1 0.6 0.9 0.35 0.45 0.05 0.5 0.1 0.0 0.75 0.55 
-0.009189168501162285 0.6151976285776657 0.4343462565243761 0.05 1.0 0.65 0.9 0.4 1.0 0.75 0.4 0.7 0.65 1.0 0.4 0.7 0.55 0.65 0.55 0.7 0.55 0.55 0.25 0.1 0.85 0.5 0.4 0.15 0.4 0.55 0.5 0.1 0.65 0.9 0.9 0.15 0.2 0.85 0.15 
-0.008723476556989972 0.40432210287669745 0.43293479663528006 0.65 0.0 0.9 0.35 0.15 0.1 0.95 0.1 0.45 0.75 0.3 0.45 0.7 0.0 0.65 0.3 0.1 0.8 0.15 0.65 0.9 0.9 0.85 0.7 0.8 0.35 0.25 0.15 0.4 0.5 0.4 0.7 1.0 0.5 0.45 0.45 
-0.005980115611811524 0.6019108544292587 0.5992431527921758 0.1 0.0 1.0 0.85 1.0 0.1 0.55 0.5 0.8 0.9 0.15 0.65 0.4 0.65 0.1 0.95 0.15 0.8 1.0 0.45 0.05 0.55 0.5 0.2 0.95 0.1 0.35 1.0 0.35 0.45 0.1 0.5 0.7 0.35 0.45 0.2 
-0.003448836689048193 0.6352222951426956 0.5841028150007114 0.3 0.9 0.9 0.4 0.4 0.85 1.0 0.45 0.7 0.65 0.95 0.4 0.75 0.4 0.45 0.8 0.5 0.55 0.75 0.25 0.1 0.85 0.5 0.4 0.25 0.7 0.7 0.25 0.1 0.65 0.9 0.1 0.15 0.6 0.65 0.7 
-0.018746641363579224 0.4018611031954208 0.5852888501138073 0.4 0.55 0.9 0.5 0.8 0.1 0.85 0.15 0.4 0.55 0.2 0.4 0.2 0.7 0.0 0.9 0.1 0.8 1.0 0.85 0.4 0.95 0.75 0.85 0.55 0.95 0.5 0.3 0.9 0.65 0.05 0.05 0.35 0.85 0.1 0.7 
-0.0001885622448350145 0.41191268687192145 0.5952404179691048 0.0 0.5 1.0 0.4 0.0 0.1 0.85 0.05 0.3 0.7 0.2 0.45 0.5 0.7 0.45 0.9 0.2 0.8 0.85 0.75 0.3 0.95 0.75 0.8 0.95 0.4 0.2 0.3 0.95 0.55 0.05 0.0 0.45 0.9 0.8 0.4 
-0.04254695180226371 0.6643248995870545 0.4932827555355302 0.05 0.0 0.15 0.45 0.0 0.95 0.85 0.45 0.65 0.65 0.1 0.4 1.0 0.5 0.15 0.65 0.5 0.3 0.55 0.45 0.75 0.95 0.55 0.5 0.95 0.15 0.75 1.0 0.1 0.65 0.8 0.3 0.15 0.1 0.45 0.7 
-0.0017168420021396607 0.38187784399778485 0.4661970455927434 0.1 0.9 0.9 0.35 0.85 0.1 0.75 0.15 0.45 0.9 0.2 0.45 0.8 1.0 0.8 0.7 0.1 0.85 1.0 0.65 0.9 0.2 0.8 0.85 0.8 0.4 0.35 0.9 0.6 0.0 0.95 0.7 1.0 0.35 0.75 0.25 
-0.012268507725387366 0.5656584069904593 0.40639350419695336 0.05 0.0 0.15 0.4 0.4 0.4 1.0 0.45 0.5 0.8 0.1 0.15 0.8 0.4 0.8 0.75 0.5 0.3 0.55 0.8 0.75 0.95 0.55 0.5 1.0 0.3 0.75 1.0 0.1 0.65 0.8 0.3 0.1 0.1 0.45 0.7 
-0.04597565101983602 0.5458800052252512 0.6278541086101137 0.8 0.95 0.2 0.7 0.2 0.8 0.55 1.0 0.7 0.85 0.15 0.65 0.55 0.1 0.6 0.65 0.95 0.75 1.0 0.95 0.05 0.6 0.5 0.2 1.0 0.1 0.35 0.9 0.35 0.45 0.6 0.5 0.95 0.45 0.75 0.5 
-0.011662868813655093 0.6280796354324015 0.43842733863376904 0.05 0.8 0.9 0.0 0.4 0.85 0.95 0.45 0.35 0.85 0.1 0.35 0.7 0.45 0.65 0.8 0.5 0.3 0.7 0.25 0.85 0.85 0.5 0.4 0.35 0.0 0.9 0.75 0.1 0.65 1.0 0.4 0.15 0.75 0.5 0.8 
-0.0004448988174125605 0.6429440485174729 0.5337950532326077 1.0 0.9 0.75 0.7 0.25 0.1 0.7 0.5 0.8 0.9 0.15 0.65 0.8 0.25 0.6 1.0 0.85 0.75 0.55 0.35 0.05 0.85 0.5 0.2 0.65 0.1 0.45 0.55 0.35 0.45 0.8 0.5 0.7 0.75 0.3 0.55 
-0.07287843189406505 0.4785905172494867 0.3906519005961134 0.2 0.35 0.9 0.35 0.15 0.1 0.95 0.95 0.45 0.05 0.7 0.45 0.7 1.0 0.75 0.85 0.1 0.8 0.7 0.1 0.2 0.8 0.9 0.85 0.55 0.4 0.25 0.1 0.7 0.15 0.95 0.7 1.0 0.3 0.45 0.9 
-0.04020407931761678 0.5290781028416023 0.40456707334960534 0.15 0.2 0.15 0.9 0.4 0.9 0.95 0.5 0.3 0.7 0.1 0.4 0.4 0.4 0.55 0.45 0.5 0.3 0.75 0.15 0.85 0.95 0.5 0.5 1.0 0.35 0.9 1.0 0.1 0.65 0.15 1.0 0.6 0.1 0.5 0.45 
-0.047531845004155006 0.46934978700033275 0.39694131595642723 0.15 0.35 0.9 0.35 0.15 0.25 0.7 0.1 0.45 0.3 0.1 0.45 0.65 1.0 0.75 0.85 0.1 0.8 1.0 0.1 0.2 0.8 0.85 0.85 0.0 0.4 0.25 0.1 0.0 0.2 0.95 0.6 0.8 0.35 0.45 0.05 
-0.011221099109789981 0.5697726771642516 0.6101846280646213 0.9 0.35 0.9 0.35 0.25 0.1 0.3 0.15 0.45 0.3 0.85 0.3 0.7 0.9 0.15 1.0 0.05 0.8 0.95 0.05 0.15 0.95 0.75 0.2 0.5 0.45 0.35 0.95 0.95 0.3 0.85 0.7 0.25 0.65 0.8 0.6 
-0.006643501097402766 0.631860738475074 0.5701530835287685 0.25 0.95 0.2 0.65 0.2 0.45 0.45 1.0 0.7 0.85 0.15 0.65 0.55 0.1 0.05 0.95 0.95 0.85 0.95 1.0 0.05 0.55 0.5 0.2 1.0 0.1 0.95 0.9 0.35 0.45 0.45 0.5 0.95 0.45 0.75 0.5 
-0.008276284317365297 0.5462094455613116 0.6747809253367782 0.2 0.4 1.0 0.7 0.9 0.2 0.8 0.95 0.8 0.75 0.15 0.65 0.45 0.25 0.35 0.95 0.95 0.8 0.95 1.0 0.05 0.65 0.5 0.2 0.95 0.2 0.35 0.9 0.35 0.4 0.3 0.5 0.35 0.55 0.65 0.8 
-0.004486686115688304 0.6455066572038736 0.4880527111117134 0.05 1.0 0.9 0.9 0.4 0.85 0.75 0.45 0.7 0.65 1.0 0.4 0.95 0.4 0.65 0.8 0.7 0.55 0.55 0.25 0.1 0.85 0.5 0.75 0.15 0.0 0.55 0.75 0.1 0.65 0.55 0.1 0.15 0.75 0.85 0.8 
-0.004350315041152725 0.5827748709892092 0.64464206741445 0.0 0.6 0.2 0.7 0.9 0.2 0.75 0.95 0.8 0.9 0.15 0.65 0.45 0.25 0.6 0.95 0.95 0.8 0.85 0.85 0.05 0.65 0.5 0.2 0.95 0.2 0.7 0.8 0.35 0.4 0.3 0.5 0.35 0.05 0.65 0.8 
-0.014567501438459207 0.36152792293779457 0.5204796821277532 0.05 0.8 0.25 0.45 0.55 0.35 1.0 0.3 0.75 0.3 0.9 0.4 0.85 0.05 0.6 0.9 0.05 0.65 0.45 0.8 0.5 0.55 0.75 0.95 0.6 0.4 0.75 0.85 0.0 0.35 0.6 0.6 0.25 0.85 0.75 0.25 
-0.004417302983534409 0.4165474863963896 0.411019849644988 0.65 0.35 0.9 0.35 0.15 0.1 0.95 0.1 0.45 0.75 0.3 0.45 0.7 0.0 0.75 0.85 0.1 0.8 0.15 0.65 0.9 0.9 0.85 0.7 0.8 0.35 0.25 0.15 0.4 0.5 0.4 0.7 1.0 0.5 0.45 0.45 
-0.033850817393895075 0.5331489230293288 0.5918656884886067 0.05 0.55 0.4 0.15 0.0 0.7 0.3 0.3 1.0 0.7 0.15 0.15 0.5 0.55 0.2 0.05 0.3 0.35 0.9 0.05 0.35 0.65 0.6 0.95 0.95 0.95 0.5 0.7 0.25 0.75 1.0 0.3 1.0 0.15 0.45 0.95 
-0.008281362631153744 0.4440267450141118 0.6296567077634907 0.9 0.8 0.9 0.35 0.8 0.1 0.5 0.15 0.45 0.7 0.2 1.0 0.7 1.0 0.55 0.85 0.1 0.8 0.95 0.85 0.3 0.95 0.75 0.85 1.0 0.25 0.35 0.9 0.95 0.3 0.85 0.7 1.0 0.8 0.8 0.7 
-0.0007259285423938796 0.6258860087078538 0.38482442834435976 0.05 0.8 0.95 0.1 0.15 0.85 0.95 0.45 0.7 0.8 0.1 0.35 1.0 0.0 0.95 0.8 0.5 0.3 0.1 0.75 0.1 0.7 0.5 0.4 0.3 0.85 0.55 0.85 0.1 0.65 0.9 0.7 0.4 0.4 0.5 0.8 
-0.012019352214087372 0.5532526464789118 0.6497527537217402 0.25 0.95 0.2 0.7 0.2 0.8 0.45 1.0 0.7 0.85 0.15 0.65 0.55 0.0 0.5 0.95 0.95 0.85 1.0 1.0 0.05 0.55 0.5 0.15 1.0 0.1 0.35 0.9 0.35 0.45 0.6 0.5 0.95 0.45 0.75 0.5 
-0.041519077257659014 0.45603351285891514 0.37684368631438675 0.15 0.35 0.0 0.35 0.15 0.25 0.7 0.9 0.35 0.3 0.2 0.45 0.95 1.0 0.75 0.85 0.1 0.8 1.0 0.1 0.2 0.8 0.85 0.85 0.4 0.4 0.25 0.1 0.0 0.2 0.95 0.25 0.8 0.35 0.45 0.05 
-0.0012363523852451555 0.5917466961960149 0.4078906071503918 0.05 0.8 0.15 1.0 0.7 0.4 0.0 0.45 0.35 0.65 1.0 0.4 0.7 0.4 0.8 0.45 0.5 0.3 0.7 0.8 0.85 0.95 0.5 0.5 0.35 0.4 0.55 1.0 0.1 0.65 0.8 0.85 0.15 0.1 0.45 0.8 
-0.01122578299397863 0.6018296811415405 0.3830478582674293 0.05 0.8 0.3 0.65 0.7 0.85 0.95 0.45 0.7 0.3 0.1 0.0 0.6 0.0 0.95 0.8 0.5 0.3 0.0 0.8 0.1 0.7 0.5 0.4 0.35 0.0 0.55 0.85 0.1 0.65 0.9 0.7 0.65 0.4 0.5 0.8 
-0.03121496023801779 0.655251270882214 0.5273474251124491 0.1 0.0 1.0 0.7 1.0 0.1 0.65 0.5 0.8 0.9 0.15 0.65 0.55 0.2 0.25 0.95 0.9 0.8 1.0 1.0 0.65 0.65 0.5 0.2 0.95 0.1 0.35 0.9 0.25 0.45 0.05 0.5 0.55 0.35 0.75 0.8 
-0.002365481695228714 0.5808866490374596 0.6763023319204559 0.25 0.0 0.3 0.7 0.75 0.05 0.7 0.65 0.9 0.9 0.15 0.7 0.15 0.85 0.9 0.95 0.95 0.8 1.0 0.0 0.05 1.0 0.5 0.2 1.0 0.95 0.4 0.9 0.35 0.45 0.75 0.65 0.65 0.45 0.75 0.8 
-0.016114972695713464 0.6084101983819797 0.6119112468105149 0.6 0.0 0.25 0.0 1.0 0.05 0.75 0.05 0.85 0.9 0.15 0.65 0.85 0.2 0.3 0.95 0.95 0.8 0.9 1.0 0.15 0.75 0.5 0.2 0.8 0.95 0.45 0.95 0.35 0.45 0.3 0.95 0.95 0.0 0.75 0.15 
-0.012020440311377889 0.565962409717753 0.40349075595764267 0.0 0.2 0.45 0.3 0.2 0.05 0.5 0.75 0.1 1.0 0.35 0.4 0.0 1.0 0.0 0.7 0.3 0.7 0.05 0.5 0.55 0.95 0.45 0.95 0.7 0.85 0.7 0.5 0.55 0.2 0.45 1.0 1.0 0.65 0.65 0.1 
-0.007082402289474701 0.35659322785636094 0.5423655895258314 0.05 0.8 0.25 0.1 0.2 0.1 0.95 0.3 0.75 0.3 0.9 0.2 0.55 1.0 0.65 0.85 0.05 0.75 0.95 0.8 0.55 0.5 0.75 0.95 0.65 0.2 1.0 0.9 0.95 0.2 0.1 0.9 0.7 0.85 0.65 1.0 
-0.038292766104311364 0.5401378717631916 0.6477157110667211 0.2 0.4 1.0 0.7 0.9 0.2 0.8 0.95 0.8 0.75 0.15 0.65 0.45 0.25 0.65 0.95 0.95 0.8 0.85 0.45 0.05 0.65 0.5 0.25 0.95 0.2 0.35 0.9 0.35 0.4 0.3 0.5 0.35 0.55 0.65 0.8 
-0.11416676569439366 0.578864332857914 0.6410192859878272 0.4 0.0 0.3 0.7 0.75 0.05 0.65 0.9 0.9 0.9 0.15 0.65 0.15 0.85 0.0 0.9 0.95 0.8 0.75 0.3 0.05 1.0 0.5 0.2 1.0 0.95 0.4 0.9 0.35 0.45 0.75 0.7 0.45 0.45 0.75 0.5 
-0.008433906334855282 0.5399692626436419 0.38070641853967857 0.6 0.8 0.4 0.9 0.4 0.2 0.95 0.45 0.4 0.65 0.1 0.4 0.05 0.4 0.6 0.45 0.45 0.3 0.7 0.1 0.75 1.0 0.5 0.5 0.35 0.25 0.55 1.0 0.1 0.65 0.5 0.85 0.15 0.1 0.1 0.4 
-0.08271742497887821 0.421119303912112 0.6227221486492673 0.15 0.85 0.9 0.2 0.8 0.1 0.85 0.15 0.5 0.75 0.2 0.4 0.25 0.0 0.35 0.9 0.1 0.8 1.0 0.85 0.35 0.95 0.75 0.85 0.15 0.4 0.5 0.3 0.95 0.65 0.05 0.5 0.4 0.45 0.8 0.7 
-0.01126785690209699 0.3535545063989254 0.4587697236003169 0.1 0.35 0.9 0.35 0.85 0.6 0.5 0.15 0.45 0.25 0.2 0.45 0.7 1.0 0.8 0.9 0.1 0.8 1.0 0.65 0.9 1.0 0.85 0.85 0.95 0.35 0.45 0.45 0.35 0.65 0.3 0.4 1.0 0.7 0.8 0.65 
-0.020090084694889314 0.6779918842330727 0.4668471529430198 0.05 1.0 0.9 0.9 0.4 0.85 0.75 0.45 0.7 0.65 1.0 0.4 0.7 0.4 0.65 0.8 0.7 0.55 0.55 0.25 0.1 0.85 0.5 0.4 0.0 0.0 0.55 0.75 0.1 0.65 0.9 0.1 0.15 0.75 0.85 0.8 
-0.0017454616579400434 0.6232621648028986 0.4153904884853403 0.05 0.45 0.9 0.0 0.4 0.85 0.95 0.45 0.35 0.85 0.1 0.35 0.65 0.45 0.65 0.7 0.5 0.3 0.7 0.25 0.85 0.85 0.5 0.4 0.35 0.0 0.9 0.75 0.1 0.65 1.0 0.4 0.15 0.75 0.5 0.8 
-0.0353647005681791 0.6333194972216379 0.6190702271689434 0.25 0.0 0.35 0.35 0.8 0.65 0.2 0.75 0.8 0.9 0.15 0.65 0.55 0.1 0.5 0.95 0.95 0.7 1.0 0.2 0.25 1.0 0.5 0.15 0.1 0.8 0.3 0.9 0.35 0.5 0.4 0.5 0.4 0.3 0.75 0.5 
-0.03915673487904613 0.37882310705244865 0.5036531578060677 0.15 0.5 0.9 0.4 0.0 0.65 0.85 0.05 0.3 0.7 0.25 0.45 0.6 0.7 0.5 0.9 0.1 0.8 0.8 0.75 0.4 0.95 0.75 0.8 0.95 0.4 0.5 0.3 0.95 0.55 0.05 0.0 0.4 0.9 0.8 0.1 
-0.0011527847666438528 0.6324441034422114 0.3981537607182616 0.05 1.0 0.9 0.4 0.4 0.5 0.75 0.4 0.65 0.65 1.0 0.4 0.7 0.4 0.65 0.75 0.7 0.55 0.55 0.25 0.1 0.85 0.5 0.5 0.15 0.45 0.75 0.9 0.1 0.65 0.9 0.95 0.15 0.75 0.25 0.8 
-0.1141940182719658 0.5232039725283913 0.36109589834900946 0.15 0.2 0.15 0.9 0.4 0.9 1.0 0.45 0.3 0.7 0.1 0.4 0.4 0.4 0.55 0.45 0.5 0.3 0.75 0.15 0.85 0.95 0.5 0.5 1.0 0.35 0.9 1.0 0.1 0.65 0.15 1.0 0.6 0.1 0.5 0.45 
-0.0028170755361851853 0.31644263622996016 0.47585958712151777 0.65 0.35 0.05 0.35 0.15 0.25 1.0 0.1 0.45 0.7 0.3 0.45 0.6 0.0 0.75 0.7 0.1 0.8 0.75 0.65 0.9 0.7 0.85 0.85 0.8 0.3 0.25 0.15 0.1 0.25 0.65 0.7 0.9 0.5 0.45 0.45 
-0.013999735507597087 0.6613851019506274 0.5493114454370704 0.6 0.0 0.95 0.8 0.6 0.65 0.25 0.5 0.85 0.85 0.15 0.65 0.95 0.2 0.05 0.95 0.95 0.6 0.4 1.0 0.05 0.75 0.5 0.2 0.95 0.1 0.6 0.9 0.35 0.45 0.3 0.5 0.65 0.5 0.9 0.65 
-0.0012547771596951543 0.5277151572609106 0.3732617230824388 0.0 0.8 0.15 0.9 0.4 0.4 0.95 0.45 0.4 0.65 0.1 0.4 0.75 0.4 0.8 0.45 0.5 0.3 0.7 0.8 0.75 1.0 0.5 0.5 0.35 0.25 0.55 1.0 0.15 0.65 0.5 0.85 0.15 0.1 0.1 0.4 
-0.007973729650878846 0.35833837449608996 0.5750973054268268 0.05 0.8 0.25 0.1 0.5 0.1 0.95 0.3 0.8 0.55 0.9 0.2 0.85 1.0 0.65 0.7 0.05 0.75 0.9 0.8 0.5 0.55 0.75 0.95 0.65 0.15 0.2 0.9 0.95 0.2 0.1 0.9 0.05 0.85 0.65 1.0 
-0.014750743170551923 0.3684824749210286 0.48650536912653153 0.1 0.9 0.9 0.35 0.85 0.1 0.75 0.15 0.45 0.9 0.2 0.45 0.8 1.0 0.8 0.7 0.1 0.85 1.0 0.65 0.9 0.2 0.8 0.85 0.8 0.4 0.5 0.9 0.6 0.0 0.95 0.7 1.0 0.35 0.75 0.25 
-0.02884004127052864 0.5034396167803671 0.6001799022033676 0.25 1.0 0.2 0.7 0.6 0.8 0.8 0.05 0.5 0.5 0.15 0.65 0.55 1.0 0.55 0.7 0.95 0.7 1.0 1.0 0.05 0.5 0.5 0.2 1.0 0.1 0.35 0.9 0.35 0.45 0.6 0.5 0.45 0.45 0.3 0.5 
-0.007387815994722827 0.5958098507668144 0.36034318810694377 0.05 0.0 0.15 0.7 0.4 0.3 1.0 0.45 0.65 0.3 0.1 0.4 1.0 0.4 0.8 0.45 0.5 0.3 0.55 0.8 0.75 0.95 0.5 0.5 0.1 0.15 0.55 1.0 0.1 0.65 0.7 0.3 0.15 0.1 0.45 0.7 
-0.005458160432551314 0.3865208418824965 0.4049309916189267 0.15 0.85 0.9 0.35 0.05 0.0 1.0 0.0 0.5 0.2 0.85 0.8 0.95 0.05 0.75 0.8 0.1 0.8 1.0 0.1 0.2 0.75 0.85 0.7 0.5 0.4 0.25 0.15 0.6 0.2 0.95 0.9 0.95 0.45 0.45 0.05 
-0.009089034937539648 0.5557037439418359 0.3725455696513108 0.05 0.8 0.15 0.9 0.7 0.4 0.95 0.45 0.35 0.65 1.0 0.4 0.75 0.4 0.8 0.45 0.5 0.3 0.7 0.8 0.85 0.95 0.5 0.5 0.35 0.4 0.55 1.0 0.1 0.65 0.8 0.85 0.15 0.1 0.45 0.8 
-0.0035240013775047277 0.5288114711600546 0.35695543286644127 0.15 0.2 0.15 0.9 0.4 0.9 0.95 0.45 0.3 0.7 0.1 0.4 0.4 0.4 0.55 0.45 0.5 0.3 0.75 0.15 0.85 0.95 0.5 0.5 1.0 0.35 0.9 1.0 0.1 0.65 0.15 1.0 0.6 0.1 0.5 0.45 
-0.004710029720963245 0.3394165860952373 0.5143663207212373 0.05 0.8 0.25 0.1 0.2 0.1 0.9 0.3 0.8 0.4 0.9 0.65 0.85 1.0 0.65 0.65 0.05 0.75 0.85 0.8 0.7 0.55 0.75 0.95 0.15 0.15 0.4 0.9 0.95 0.15 0.1 0.9 0.7 0.15 0.75 1.0 
-0.034908488488344935 0.3353190023527557 0.5915010057931409 0.05 0.8 0.25 0.35 0.2 0.35 0.95 0.3 0.55 0.6 0.35 0.2 0.7 1.0 0.65 0.65 0.05 0.4 0.85 0.8 0.45 0.55 0.15 0.95 0.9 0.15 0.4 0.9 0.95 0.2 0.2 0.9 0.6 0.65 0.65 0.1 
-0.004633950750102492 0.6570637334570065 0.6272499976256856 0.6 0.55 1.0 0.8 1.0 0.05 0.15 0.5 0.25 0.9 0.15 0.65 0.7 0.2 0.35 0.95 0.95 0.8 0.65 1.0 0.05 0.75 0.5 0.2 0.95 0.1 0.6 0.95 0.35 0.45 0.35 0.5 0.1 0.0 0.75 0.15 
-0.001819657047928795 0.3866932804474505 0.6042095441754654 0.15 0.55 0.9 0.2 0.8 0.1 0.85 0.15 0.4 0.45 0.2 0.4 0.2 0.7 0.6 0.9 0.1 0.8 1.0 0.85 0.35 0.95 0.75 0.85 0.15 0.4 0.5 0.3 0.9 0.65 0.05 0.7 0.35 0.9 0.8 0.7 
-0.053215950526184316 0.303836640935944 0.5328519194014806 0.05 0.8 0.25 0.45 0.55 0.35 1.0 0.3 0.75 0.3 0.9 0.4 0.85 0.05 0.6 0.9 0.05 0.65 0.95 0.8 0.5 0.55 0.75 0.95 0.6 0.4 0.75 0.85 0.0 0.35 0.6 0.6 0.25 0.85 0.65 0.25 
-0.00961008440325254 0.34606512836859993 0.41775137636533755 0.15 0.35 0.9 0.35 0.85 0.1 0.75 0.15 0.45 0.45 0.2 0.45 0.7 0.05 0.8 0.9 0.1 0.8 0.85 0.65 0.9 1.0 0.85 0.85 0.8 0.35 0.35 0.45 0.6 0.7 0.95 0.7 1.0 0.5 0.8 0.25 
-0.00011075718274451848 0.35415742526914207 0.4945625760490291 0.05 0.8 0.25 0.45 0.55 0.35 1.0 0.3 0.75 0.3 0.9 0.4 0.85 0.05 0.6 0.9 0.05 0.65 0.95 0.8 0.5 0.55 0.75 0.95 0.6 0.3 0.75 0.85 0.0 0.35 0.6 0.6 0.25 0.85 0.65 0.25 
-0.019061891333012136 0.3420160988796837 0.5518245366122814 0.05 0.05 0.65 0.1 0.2 0.1 0.95 0.3 0.8 0.3 0.9 0.4 0.85 1.0 0.35 0.65 0.05 0.75 0.65 0.8 0.5 0.55 0.75 0.95 0.65 0.15 0.4 0.9 0.95 0.2 0.1 0.9 0.45 0.85 0.65 1.0 
-0.05910579441939732 0.6653699891914757 0.5530492881166207 0.6 0.0 0.95 0.8 0.55 0.8 0.25 0.5 0.4 0.85 0.15 0.65 0.95 0.2 0.05 0.95 0.95 0.6 0.75 1.0 0.05 0.75 0.5 0.2 0.95 0.1 0.6 0.9 0.35 0.45 0.3 0.5 0.65 0.5 0.9 0.65 
-0.00939582615636592 0.6819716953735077 0.6088267315108404 0.55 0.0 0.65 0.65 0.0 0.1 0.05 0.5 0.9 0.75 0.15 0.65 0.6 0.2 0.7 0.95 0.95 0.75 0.75 1.0 0.05 0.65 0.5 0.2 0.95 0.1 0.6 0.9 0.2 0.35 0.15 0.5 0.1 0.0 0.75 0.15 
-0.03601932986125799 0.4787511519044906 0.6230090738029707 0.05 0.75 0.25 0.55 0.55 1.0 1.0 0.3 0.75 0.95 0.9 0.65 0.85 1.0 0.6 0.9 0.05 0.65 0.95 0.8 0.7 0.85 0.75 0.9 0.8 0.4 0.55 0.7 0.95 0.35 0.6 0.35 0.25 0.0 0.75 0.25 
-0.008081104676227894 0.3717625090886246 0.40648665298500897 0.4 0.6 0.55 0.35 0.85 0.2 0.7 0.15 0.45 0.15 0.2 0.45 0.75 1.0 0.8 0.85 0.1 0.8 1.0 0.65 0.9 1.0 0.85 0.75 0.95 0.35 0.45 0.45 0.6 0.65 0.55 0.7 0.75 0.35 0.8 0.25 
-0.04046252594429359 0.6595923780432369 0.5801772904041688 0.25 0.0 0.35 0.35 0.55 0.95 0.15 0.75 0.9 0.9 0.15 0.65 0.75 0.1 0.5 0.95 0.95 0.7 0.85 0.2 0.35 0.9 0.5 0.15 0.1 0.0 0.3 0.9 0.25 0.45 0.0 0.5 0.15 0.3 0.75 0.5 
-0.00022099382890778025 0.32214737475955 0.504323658522148 0.05 0.8 0.25 0.1 0.25 0.35 1.0 0.3 0.8 0.4 0.9 0.6 0.85 1.0 0.65 0.9 0.05 0.7 0.7 0.8 0.3 0.55 0.75 0.95 0.7 0.15 0.4 0.4 0.95 0.35 0.1 0.9 0.25 0.85 0.65 1.0 
-0.005947593676197893 0.6397169913875617 0.5979163852308007 0.6 0.0 0.95 0.8 0.55 0.1 0.25 0.45 0.85 0.85 0.15 0.65 0.95 0.2 0.0 0.85 0.95 0.7 0.75 1.0 0.05 0.75 0.5 0.2 0.95 0.1 0.6 0.9 0.35 0.45 0.3 0.5 0.1 0.5 0.9 0.65 
-0.025701582758517683 0.672736596847809 0.6357709602304258 0.55 0.0 0.8 0.7 1.0 0.1 0.7 0.5 0.8 0.9 0.15 0.65 0.9 0.7 0.25 0.95 0.95 0.75 0.9 1.0 0.05 0.65 0.5 0.2 0.95 0.1 0.6 0.9 0.35 0.45 0.05 0.3 0.1 0.0 0.75 0.15 
-0.034959781303677905 0.6886158283959274 0.5680507692160899 0.25 0.9 0.75 0.65 0.35 0.75 0.55 0.5 0.45 0.85 0.15 0.65 0.8 0.2 0.1 1.0 0.85 0.75 0.95 0.35 0.05 0.85 0.5 0.2 0.75 0.1 0.45 1.0 0.35 0.45 0.15 0.2 0.7 0.55 0.3 0.55 
-0.010714288797223713 0.5660085785046522 0.677022369151037 0.25 0.0 0.3 0.7 0.75 0.05 0.7 0.65 0.9 0.9 0.15 0.65 0.15 0.85 0.0 0.95 0.95 0.8 1.0 1.0 0.05 1.0 0.5 0.2 1.0 0.95 0.4 0.9 0.35 0.45 0.75 0.3 0.45 0.45 0.75 0.5 
-0.00781859219135284 0.5130123008680382 0.6052241136098973 0.2 0.55 0.35 0.2 0.0 0.7 0.85 0.7 1.0 0.7 1.0 0.15 0.65 0.55 0.2 0.2 0.7 0.35 0.95 0.05 0.35 0.6 0.6 0.95 0.95 0.95 0.5 0.7 0.25 0.75 0.5 0.3 1.0 0.15 0.4 0.95 
-0.041756456096388186 0.6357541873255842 0.6397874237785832 0.25 0.95 0.2 0.7 0.2 0.9 0.1 1.0 0.25 0.85 0.15 0.65 0.55 0.1 0.5 0.95 0.95 0.85 1.0 1.0 0.05 0.85 0.5 0.2 1.0 0.1 0.35 0.9 0.35 0.45 0.6 1.0 0.85 0.45 0.4 0.5 
-0.02726420671746878 0.48990643349038915 0.3726401506012963 0.15 0.35 0.9 0.8 0.15 0.25 0.9 0.0 0.5 0.15 1.0 0.3 0.95 1.0 0.75 0.85 0.1 0.8 0.9 0.1 0.0 0.8 0.85 0.85 1.0 0.4 0.25 0.1 0.75 0.1 0.75 0.6 1.0 0.35 0.45 0.9 
-0.023804835355688263 0.659681440638637 0.5929433843436022 0.25 0.0 0.35 0.35 0.55 0.95 0.15 0.75 0.9 0.9 0.15 0.65 0.75 0.1 0.5 0.95 0.95 0.7 0.85 0.2 0.35 1.0 0.5 0.15 0.1 0.0 0.3 0.9 0.25 0.45 0.0 0.5 0.15 0.3 0.75 0.5 
-0.008072729753349106 0.6699908115248661 0.5083128023729975 0.05 0.9 0.9 0.4 0.4 0.85 1.0 0.45 0.7 0.65 0.95 0.4 0.7 0.4 0.15 0.8 0.5 0.55 0.75 0.25 0.1 0.85 0.5 0.4 0.15 0.75 0.7 0.9 0.1 0.65 0.9 0.1 0.15 0.6 0.5 0.7 
-0.0064004156600209515 0.38096812470957153 0.6081672461364045 0.15 0.55 0.9 0.2 0.8 0.1 0.85 0.15 0.4 0.45 0.2 0.4 0.3 0.7 0.6 0.55 0.1 0.8 1.0 0.85 0.15 0.95 0.75 0.85 0.55 0.4 0.5 0.3 0.9 0.65 0.05 0.7 0.35 0.9 0.8 0.7 
-0.0026557287672552537 0.44646658565077957 0.36570328324125834 0.2 0.35 0.9 0.35 0.15 0.1 0.7 0.95 0.45 0.05 0.35 0.45 0.85 1.0 0.75 0.85 0.1 0.8 0.7 0.1 0.2 0.8 0.9 0.85 0.75 0.4 0.25 0.1 0.75 0.15 0.95 0.7 1.0 0.3 0.45 0.9 
-0.003412450812580791 0.343907431937276 0.39012512378612313 0.4 0.35 0.9 0.35 0.85 0.1 0.85 0.15 0.45 0.3 0.2 0.45 0.75 1.0 0.8 0.9 0.1 0.8 1.0 0.65 0.9 1.0 0.85 0.75 0.95 0.35 0.35 0.35 0.6 0.65 0.95 0.9 1.0 0.35 0.8 0.8 
-0.020660198444068672 0.34585130354089255 0.4604126718458833 0.4 0.35 0.9 0.35 0.4 0.7 0.35 0.85 0.45 0.3 0.2 0.45 0.85 1.0 0.8 0.9 0.1 0.8 1.0 0.65 0.9 1.0 0.85 0.75 0.95 0.35 0.4 0.35 0.6 0.65 0.95 0.8 1.0 0.35 0.8 0.8 
-0.020566855708411904 0.41365136812549363 0.39166597602263215 0.15 0.35 0.9 0.35 0.05 0.0 1.0 0.0 0.5 0.2 0.35 0.8 0.95 0.05 0.75 0.9 0.1 0.8 1.0 0.1 0.2 0.75 0.85 0.7 0.8 0.4 0.15 0.1 0.6 0.95 0.0 0.9 0.95 0.45 0.45 0.05 
-0.01092223013715153 0.6467796528856968 0.42488741363074867 0.05 0.0 0.15 0.4 0.4 0.4 1.0 0.45 0.5 0.05 0.1 0.65 0.9 0.4 0.8 0.75 0.5 0.3 0.55 0.8 0.75 0.95 0.55 0.5 0.95 0.15 0.75 1.0 0.1 0.65 0.8 0.3 0.1 0.1 0.45 0.7 
-0.010693484976015714 0.37083864807592803 0.4263738875055514 0.15 0.35 0.9 0.4 0.7 0.1 0.75 0.15 0.45 0.45 0.2 0.45 0.7 0.05 0.8 0.9 0.1 0.8 1.0 0.65 0.9 0.95 0.85 0.85 0.35 0.35 0.35 0.45 0.6 0.7 0.95 0.7 1.0 0.5 0.8 0.25 
-0.0023137906923956955 0.6085699249299119 0.6688929585932649 0.1 0.6 0.2 0.7 0.9 0.2 0.75 0.95 0.8 0.9 0.15 0.65 0.45 0.25 0.8 0.95 0.95 0.8 0.85 1.0 0.05 0.65 0.5 0.2 0.95 0.2 0.7 0.9 0.35 0.4 0.3 0.5 0.35 0.55 0.65 0.8 
-0.017206322007688027 0.3336042615067023 0.5512101737505958 0.05 0.75 0.25 0.55 0.55 0.35 1.0 0.3 0.75 0.4 0.9 0.65 0.85 1.0 0.55 0.9 0.05 0.65 0.95 0.8 0.5 0.85 0.75 0.95 0.75 0.4 0.55 0.7 0.15 0.35 0.6 0.35 0.25 0.85 0.65 0.25 
-0.023748274404605852 0.3875569790479652 0.40227416784418185 0.15 0.35 0.9 0.35 0.05 0.0 1.0 0.0 0.5 0.2 0.35 0.7 0.95 0.05 0.75 0.8 0.1 0.75 0.25 0.1 0.2 0.75 0.85 0.7 0.5 0.4 0.5 0.1 0.6 0.2 0.95 0.95 0.95 0.45 0.45 0.8 
-0.007219214775562811 0.6548459452082551 0.43993639381288746 0.05 0.8 0.9 0.9 0.3 0.85 0.95 0.45 0.3 0.4 1.0 0.4 0.7 0.4 0.95 0.85 0.5 0.3 0.35 0.2 0.1 0.95 0.5 0.4 0.15 0.0 0.75 0.9 0.1 0.7 0.15 0.1 0.15 0.55 0.8 0.8 
-0.00877156507819784 0.6797316063731791 0.5899384032425425 0.55 0.0 0.65 0.85 0.1 0.1 0.3 0.5 0.25 0.3 0.15 0.65 0.45 0.2 0.7 0.95 0.95 0.8 0.75 1.0 0.6 0.65 0.5 0.2 0.95 0.1 0.6 0.95 0.2 0.35 0.15 0.5 0.1 0.0 0.75 0.15 
-0.06534520942694742 0.6171068927948148 0.6352358577705501 0.25 0.95 0.2 0.7 0.2 0.8 0.1 1.0 0.9 0.85 0.15 0.65 0.55 0.1 0.5 0.95 0.95 0.85 1.0 1.0 0.05 0.85 0.5 0.2 1.0 0.1 0.35 0.9 0.35 0.45 0.6 1.0 0.85 0.45 0.75 0.5 
-0.062155361649502514 0.3160180814986929 0.5100989726900239 0.05 0.8 0.15 0.55 0.55 0.35 1.0 0.3 0.75 0.3 0.9 0.7 0.85 1.0 0.6 0.9 0.05 0.65 0.95 0.85 0.5 0.75 0.7 0.95 0.9 0.55 0.75 0.85 0.0 0.35 0.6 0.6 0.25 0.85 0.35 0.8 
-0.008434940344645106 0.5765289228790982 0.6812723306176466 0.25 0.0 0.3 0.7 0.75 0.05 0.7 0.65 0.9 0.9 0.15 0.7 0.15 0.85 0.4 0.95 0.95 0.8 1.0 0.0 0.05 1.0 0.5 0.2 1.0 0.95 0.4 0.9 0.35 0.45 0.75 0.65 0.65 0.45 0.75 0.8 
-0.08918927692714781 0.4873876826364935 0.35580858257201753 0.0 0.35 0.9 0.35 0.75 0.0 0.95 0.95 0.5 0.25 0.35 0.8 0.95 1.0 0.75 0.95 0.1 0.8 1.0 0.1 0.2 0.8 0.85 0.7 0.8 0.45 0.25 0.1 0.6 0.3 0.95 0.9 0.95 0.65 0.1 0.35 
-0.00046751338308763005 0.42806028067955965 0.6284106916175438 0.15 0.55 0.9 0.7 0.6 0.85 0.95 0.3 0.45 0.7 0.25 0.4 0.9 0.7 0.8 0.65 0.0 0.3 0.6 0.85 0.2 0.95 0.75 0.85 0.55 0.3 0.4 0.6 0.95 0.8 0.05 0.7 0.4 0.7 0.05 0.1 
-0.020527290060303405 0.6899463953493399 0.6367514669623303 0.3 0.0 0.65 0.65 0.0 0.15 0.3 0.5 0.25 0.45 0.15 0.65 0.5 0.2 0.7 0.95 0.95 0.8 0.45 1.0 0.1 0.65 0.5 0.2 0.95 0.1 0.6 0.9 0.2 0.35 0.15 0.5 0.1 0.0 0.75 0.15 
-0.03419426160376054 0.4354725604125603 0.3368339190414325 0.0 0.35 0.9 0.35 0.35 0.1 0.95 0.95 0.5 0.05 0.2 0.8 0.95 1.0 0.75 0.8 0.1 0.8 1.0 0.1 0.2 0.8 0.85 0.7 0.8 0.4 0.25 0.1 0.6 0.95 0.95 0.9 0.95 0.6 0.45 0.05 
-0.08729808566402832 0.31308343520029647 0.41468094439813946 0.05 0.8 0.25 0.1 0.25 0.5 1.0 0.3 0.8 0.3 0.9 0.75 0.85 1.0 0.65 0.9 0.05 0.65 1.0 0.8 0.65 0.55 0.05 0.95 0.5 0.15 0.3 0.85 0.95 0.35 0.6 0.6 0.9 0.4 0.65 0.75 
-0.04040807164453434 0.4630670110552704 0.353908568389549 0.25 0.0 0.9 0.35 0.35 0.0 1.0 0.95 0.5 0.05 0.35 0.7 0.95 0.05 0.75 0.75 0.1 0.8 0.5 0.2 0.15 0.75 0.9 0.7 0.8 0.4 0.25 0.1 0.6 0.2 0.7 0.9 0.95 0.55 0.45 0.85 
-0.047847039657567716 0.5673943486748289 0.3411207519616324 0.6 0.8 0.15 0.9 0.4 0.4 0.95 0.45 0.4 0.65 0.1 0.4 0.75 0.4 0.6 0.45 0.45 0.3 0.7 0.8 0.75 1.0 0.5 0.5 0.35 0.25 0.55 1.0 0.1 0.65 0.5 0.85 0.15 0.1 0.1 0.4 
-0.008637556508679563 0.5543332093262949 0.32675973763013677 0.05 0.0 0.15 0.4 0.4 0.4 1.0 0.45 0.65 0.65 0.1 0.4 1.0 0.4 0.8 0.45 0.5 0.3 0.55 0.8 0.75 0.95 0.5 0.5 1.0 0.15 0.55 1.0 0.1 0.65 0.8 0.3 0.15 0.1 0.45 0.7 
-0.008029271083713771 0.4713901554835104 0.3424714324803517 0.2 0.35 0.9 0.35 0.15 0.1 0.95 0.95 0.45 0.05 0.35 0.45 0.7 1.0 0.75 0.85 0.1 0.8 0.7 0.1 0.2 0.8 0.9 0.85 0.75 0.4 0.25 0.1 0.7 0.15 0.95 0.7 1.0 0.3 0.45 0.9 
-0.13315448912722627 0.40513922201833025 0.37120146967798795 0.15 0.35 0.9 0.35 0.05 0.0 1.0 0.0 0.5 0.2 0.35 0.8 0.95 0.05 0.75 0.8 0.1 0.8 1.0 0.1 0.2 0.75 0.85 0.7 0.8 0.4 0.15 0.1 0.6 0.95 0.0 0.9 0.95 0.45 0.45 0.05 
-0.06601860749111642 0.32540611726576285 0.5947664689016812 0.05 0.8 0.25 0.35 0.2 0.35 0.95 0.3 0.55 0.6 0.35 0.2 0.7 1.0 0.65 0.65 0.05 0.4 0.85 0.8 0.45 0.55 0.15 0.95 1.0 0.15 0.4 0.9 0.95 0.2 0.2 0.9 0.6 0.85 0.65 0.1 
-0.012820187090000297 0.6676123473225125 0.6552384496446776 0.55 0.0 0.8 0.7 1.0 0.1 0.7 0.5 0.8 0.9 0.15 0.65 0.9 0.7 0.25 0.95 0.95 0.8 0.9 1.0 0.05 0.65 0.5 0.2 0.95 0.1 0.6 0.9 0.35 0.45 0.05 0.3 0.1 0.0 0.75 0.15 
-0.06662030380302435 0.3819662033335887 0.6251879585931351 0.15 0.55 0.9 0.2 0.8 0.1 0.85 0.15 0.45 0.6 0.2 0.4 0.8 0.7 0.8 0.9 0.1 0.8 0.9 0.85 0.2 0.95 0.75 0.85 0.55 0.4 0.5 0.3 0.95 0.75 0.05 0.7 0.1 0.9 0.8 0.7 
-0.24529689853283732 0.5219038720139095 0.3411960199232654 0.05 0.0 0.15 0.4 0.4 0.4 1.0 0.45 0.6 0.5 0.1 0.4 1.0 0.4 0.85 0.45 0.45 0.3 0.95 0.8 0.75 0.95 0.5 0.5 0.95 0.15 0.45 0.95 0.1 0.65 0.8 0.3 0.75 0.1 0.95 0.7 
-0.004839727728374472 0.5274106198030555 0.6124820578428618 0.9 0.35 0.9 0.35 0.25 0.1 0.3 0.15 0.45 0.3 0.2 0.3 0.7 0.9 0.15 1.0 0.05 0.8 0.95 0.05 0.15 0.95 0.75 0.2 0.7 0.45 0.35 0.95 0.95 0.3 0.85 0.7 0.25 0.65 0.8 0.6 
-0.08574639352394198 0.4047550642811139 0.6480873891199127 0.15 0.55 0.9 0.2 0.8 0.1 0.9 0.15 0.4 0.45 0.2 0.4 0.9 1.0 0.15 0.9 0.1 0.8 1.0 0.85 0.15 0.95 0.75 0.85 0.55 0.4 0.5 0.3 0.9 0.65 0.05 0.7 0.35 0.9 0.8 0.7 
-0.013508969951201925 0.4902151470963426 0.6262572192180976 0.15 0.55 0.9 0.6 0.6 0.85 0.5 0.7 0.45 0.7 0.2 0.4 0.9 0.7 1.0 0.65 0.0 0.3 1.0 0.85 0.2 0.95 0.75 0.85 0.6 0.3 0.4 0.6 0.95 0.8 0.05 0.7 0.4 0.6 0.05 0.2 
-0.10983615943257562 0.522775326750665 0.6419800376714347 0.2 1.0 0.9 0.7 0.9 0.2 0.95 0.95 0.8 0.9 0.1 0.65 0.4 0.25 0.85 0.95 0.95 0.8 0.85 1.0 0.05 0.9 0.5 0.2 0.85 0.2 0.35 0.9 0.35 0.4 0.3 0.5 0.35 0.45 0.55 0.8 
-0.008892205540376378 0.3033902704229168 0.46602782701902473 0.65 0.35 0.9 0.35 0.1 0.1 0.95 0.1 0.45 0.3 0.3 0.6 0.7 0.0 0.75 0.85 0.1 0.8 0.85 0.65 0.9 0.9 0.85 0.75 0.8 0.35 0.25 0.15 0.4 0.5 0.4 0.7 1.0 0.5 0.45 0.45 
-0.0037876939178295758 0.4433237436225328 0.3496885532842321 0.15 0.35 0.9 0.35 0.35 0.0 1.0 0.0 0.5 0.2 0.35 0.8 0.95 0.05 0.75 0.8 0.1 0.8 0.7 0.1 0.1 0.75 0.85 0.7 0.8 0.4 0.25 0.1 0.6 0.2 0.95 0.9 0.95 0.55 0.45 0.05 
-0.008677215003460225 0.6902824793107494 0.48662785263253483 0.4 0.9 1.0 0.7 0.25 0.45 0.3 0.5 0.8 0.95 0.15 0.65 0.8 0.2 0.6 0.95 0.95 0.75 0.55 0.35 0.05 0.95 0.5 0.2 0.3 0.1 0.45 1.0 0.35 0.45 0.8 0.5 0.7 0.75 0.85 0.8 
-0.007427523313648194 0.4223217291214083 0.3548504055129066 0.25 0.35 0.9 0.35 0.35 0.0 1.0 0.0 0.5 0.2 0.35 0.7 0.95 0.05 0.75 0.75 0.1 0.8 1.0 0.1 0.2 0.75 0.9 0.7 0.65 0.4 0.25 0.1 0.6 0.2 0.7 0.9 0.95 0.55 0.45 0.05 
-0.12190385432805098 0.5543379402025714 0.3229469121444464 0.6 0.8 0.15 0.9 0.4 0.4 0.95 0.45 0.4 0.65 0.1 0.4 0.75 0.4 0.8 0.45 0.45 0.3 0.7 0.8 0.75 1.0 0.5 0.5 0.35 0.25 0.55 1.0 0.1 0.65 0.5 0.85 0.15 0.1 0.1 0.4 
-0.003977023176140032 0.6947731413110741 0.5355863739000567 0.05 0.9 0.9 0.9 0.4 0.85 1.0 0.45 0.7 0.75 0.95 0.4 0.7 0.4 0.8 0.85 0.5 0.55 0.75 0.25 0.1 0.85 0.5 0.4 0.0 0.45 0.55 0.9 0.1 0.65 0.9 0.1 0.15 0.75 0.5 0.7 
-0.01803306474176554 0.5702163985910388 0.3693513419185537 0.05 0.8 0.15 0.9 0.7 0.4 0.55 0.45 0.35 0.65 0.1 0.4 0.75 0.4 0.8 0.45 0.5 0.3 0.7 0.8 0.85 0.95 0.5 0.5 0.35 0.4 0.8 1.0 0.1 0.65 0.8 0.85 0.15 0.1 0.45 0.65 
-0.056082678124822906 0.49481810607770266 0.3418390890063765 0.15 0.35 0.9 0.35 0.15 0.25 0.7 0.9 0.45 0.3 0.2 0.45 0.7 1.0 0.75 0.85 0.1 0.8 1.0 0.1 0.2 0.8 0.85 0.85 0.4 0.4 0.25 0.1 0.0 0.2 0.95 0.25 0.8 0.35 0.45 0.05 
-0.006072512101701421 0.6803002279223782 0.4330802835641485 0.35 0.3 0.9 0.9 0.4 0.85 0.75 0.4 0.55 0.75 1.0 0.4 0.4 0.45 0.75 0.8 0.7 0.55 0.55 0.25 0.1 0.85 0.5 0.4 0.15 0.0 0.4 0.9 0.1 0.65 0.1 0.1 0.15 0.3 0.85 0.8 
-0.00533941588126127 0.6963893375297012 0.5183784105337388 0.05 0.9 0.9 0.9 0.4 0.85 1.0 0.45 0.7 0.65 0.95 0.4 0.7 0.4 0.8 0.85 0.5 0.55 0.75 0.25 0.1 0.85 0.5 0.4 0.0 0.0 0.55 0.9 0.1 0.65 0.9 0.1 0.15 0.75 0.5 0.7 
-0.01922914136986405 0.7093986615071743 0.5116147652009229 0.35 0.8 0.15 0.9 0.3 0.4 0.95 0.45 0.3 0.95 0.45 0.05 0.45 0.3 0.8 0.85 0.5 0.3 0.9 0.25 0.1 0.8 0.5 0.4 0.75 0.0 0.55 0.65 0.1 0.65 0.15 0.1 0.15 0.55 0.15 1.0 
-0.04777637415549082 0.35038757126018005 0.6200843164696367 0.05 0.75 0.25 0.55 0.55 0.35 1.0 0.3 0.75 0.3 0.9 0.55 0.95 1.0 0.6 0.9 0.05 0.65 0.95 0.8 0.5 0.55 0.75 0.95 0.75 0.4 0.75 0.85 0.9 0.35 0.6 0.6 0.25 0.85 0.65 0.75 
-0.0008202396753915075 0.6546258697084217 0.42945385870026603 0.35 0.8 0.15 0.9 0.3 0.4 0.95 0.45 0.3 0.95 1.0 0.45 0.45 0.3 0.8 0.85 0.5 0.3 0.05 0.0 0.1 0.8 0.5 0.4 0.7 0.0 0.55 0.65 0.1 0.65 0.15 0.1 0.15 0.55 0.5 0.0 
-0.06770792371276176 0.6336682544056307 0.36006063589583726 0.05 0.0 0.15 0.9 0.4 0.4 1.0 0.45 0.65 0.9 0.0 0.4 0.9 0.4 0.8 0.45 0.5 0.3 0.55 0.8 0.75 0.95 0.5 0.45 0.0 0.45 0.55 1.0 0.1 0.65 0.9 0.3 0.2 0.1 0.45 0.7 
-0.03485588126679323 0.32083017668905467 0.43335482523853364 0.75 0.8 0.65 0.1 0.55 0.35 0.95 0.7 0.8 0.3 0.9 0.6 0.95 1.0 0.65 0.9 0.05 0.7 1.0 0.8 0.5 0.6 0.75 0.95 0.5 0.15 0.4 0.9 0.0 0.35 0.1 0.9 0.9 0.55 0.65 1.0 
-0.007991990324785933 0.6490201964129212 0.38063154945204036 0.05 1.0 0.9 0.4 0.4 0.5 0.75 0.4 0.65 0.7 1.0 0.4 0.7 0.4 0.65 0.75 0.7 0.55 0.55 0.25 0.1 0.85 0.5 0.5 0.15 0.0 0.05 0.9 0.1 0.65 0.9 0.95 0.65 0.0 0.25 0.8 
-0.01813257150571561 0.696181725821391 0.6231495828818828 0.3 0.0 0.65 0.65 0.0 0.15 0.3 0.5 0.25 0.45 0.15 0.65 0.6 0.2 0.7 0.95 0.95 0.8 0.45 1.0 0.2 0.65 0.5 0.2 0.95 0.1 0.6 0.9 0.2 0.35 0.15 0.5 0.1 0.0 0.75 0.15 
-0.04714794809718078 0.32753706336924926 0.39054490063539693 0.4 0.35 0.9 0.35 0.85 0.1 0.85 0.15 0.45 0.3 0.2 0.45 0.75 1.0 0.8 0.8 0.1 0.8 1.0 0.65 0.9 1.0 0.85 0.75 0.95 0.35 0.35 0.35 0.6 0.65 1.0 0.9 1.0 0.35 0.8 0.8 
-0.017053615669677603 0.6909262530211167 0.6073768904201878 0.3 0.0 0.65 0.65 0.0 0.15 0.3 0.5 0.25 0.45 0.15 0.65 0.5 0.2 0.7 0.95 0.95 0.8 0.45 1.0 0.6 0.65 0.5 0.2 0.95 0.1 0.6 0.9 0.2 0.35 1.0 0.5 0.1 0.0 0.75 0.15 
-0.004287985557618535 0.6913603789363045 0.5744739344821908 1.0 0.9 0.15 0.7 0.25 0.45 0.05 0.55 0.8 0.95 0.15 0.65 0.8 0.2 0.6 0.95 0.95 0.75 0.55 0.35 0.05 0.95 0.5 0.2 0.65 0.1 0.45 1.0 0.35 0.45 0.8 0.5 0.7 0.75 0.85 0.8 
-0.010235476365669745 0.7098292419399067 0.5464473113070785 0.4 0.9 1.0 0.7 0.25 0.45 0.15 0.5 0.8 0.95 0.15 0.65 0.8 0.2 0.6 0.95 0.95 0.75 0.55 0.35 0.05 0.95 0.5 0.2 0.65 0.1 0.45 1.0 0.35 0.45 0.8 0.5 0.7 0.75 0.85 0.45 
-0.048285587940619455 0.31502472865477227 0.44550085895155217 0.15 0.35 0.9 0.35 0.85 0.1 0.75 0.15 0.45 0.45 0.2 0.45 0.7 0.05 0.8 0.9 0.1 0.8 1.0 0.65 0.9 1.0 0.85 0.85 0.8 0.35 0.35 0.25 0.6 0.7 0.95 0.7 1.0 0.5 0.8 0.25 
-0.14623349211148096 0.7002349292126256 0.6423700763038099 0.3 0.0 0.65 0.65 0.0 0.15 0.3 0.5 0.25 0.45 0.15 0.65 0.6 0.2 0.7 0.95 0.95 0.8 0.45 1.0 0.1 0.65 0.5 0.2 0.95 0.1 0.6 0.9 0.2 0.35 0.15 0.5 0.1 0.0 0.75 0.15 
-0.07030279846747262 0.3143233762989086 0.5010687252755183 0.05 0.8 0.25 0.55 0.55 0.35 1.0 0.3 0.75 0.3 0.9 0.65 0.85 1.0 0.6 0.9 0.05 0.65 0.95 0.75 0.5 0.55 0.75 0.5 0.9 0.4 0.75 0.85 0.0 0.35 0.6 0.8 0.25 0.85 0.65 0.8 
-0.0007445650272828877 0.6464226547877479 0.6488807709927857 0.05 0.15 0.25 0.95 1.0 0.05 0.7 0.5 0.85 0.95 0.15 0.65 0.6 0.75 0.45 0.95 0.95 0.8 0.85 1.0 0.4 0.75 0.5 0.2 0.8 0.95 0.45 0.95 0.35 0.45 0.85 0.95 0.3 0.3 0.75 0.15 
-0.3934761456152985 0.4889938093916646 0.304488611207814 0.25 0.0 0.85 0.35 0.35 0.0 1.0 0.95 0.5 0.05 0.35 0.7 0.95 0.05 0.75 0.75 0.1 0.8 0.95 0.2 0.15 0.75 0.9 0.7 0.8 0.4 0.25 0.1 0.6 0.2 0.7 0.9 0.95 0.55 0.45 0.05 
-0.008185583859745953 0.3625153820038646 0.6373209690826108 0.15 0.55 0.9 0.2 0.8 0.1 0.85 0.15 0.4 0.45 0.2 0.4 0.2 0.7 0.6 0.9 0.1 0.8 1.0 0.85 0.35 0.95 0.75 0.85 0.55 0.4 0.5 0.3 0.9 0.65 0.05 0.7 0.35 0.9 0.8 0.7 
-0.00046622686285809425 0.6436987169161339 0.6766980056091466 0.1 0.0 1.0 0.7 1.0 0.1 0.75 0.5 0.8 0.9 0.15 0.6 0.55 0.0 0.1 0.95 0.95 0.8 1.0 0.45 0.05 0.7 0.5 0.2 0.95 0.1 0.35 1.0 0.35 0.45 0.65 0.5 0.7 0.35 0.75 0.45 
-0.9492287596991951 0.7152840748453804 0.5253911730583807 0.4 0.9 1.0 0.7 0.25 0.45 0.3 0.5 0.8 0.95 0.15 0.65 0.8 0.2 0.6 0.95 0.95 0.75 0.55 0.35 0.05 0.95 0.5 0.2 0.55 0.1 0.45 1.0 0.35 0.45 0.8 0.5 0.7 0.75 0.85 0.8 
-0.0034980361819307586 0.6683064950560225 0.3914918241824893 0.05 0.9 0.75 0.4 0.4 0.85 0.9 0.45 0.7 0.9 0.95 0.4 0.55 0.4 0.8 0.85 0.8 0.55 0.75 0.25 0.1 0.8 0.5 0.4 0.0 0.45 0.55 0.45 0.1 0.65 0.9 0.1 0.15 0.35 0.65 0.7 
-0.012613378010481034 0.6943468850782123 0.509086469657749 0.05 0.8 0.9 0.9 0.3 0.4 0.95 0.45 0.7 0.9 1.0 0.4 0.8 0.4 0.65 0.85 0.5 0.3 0.9 0.25 0.55 0.95 0.5 0.4 0.9 0.0 0.55 0.45 0.1 0.65 0.15 0.1 0.15 0.6 0.0 0.8 
-71.79609488368484 0.5229960475705627 0.31117649341904496 1.0 0.9 0.75 0.35 0.45 0.7 0.3 0.5 0.95 0.55 0.2 0.85 0.55 0.0 0.85 0.85 0.9 0.65 0.95 0.9 0.5 0.55 1.0 0.9 0.7 0.55 0.05 0.95 1.0 0.3 0.65 0.1 0.15 0.15 0.25 0.2 
-0.07416282238120767 0.4603659553629692 0.3282061021087094 0.15 0.35 0.9 0.35 0.35 0.0 1.0 0.0 0.5 0.2 0.35 0.8 0.95 0.05 0.75 0.8 0.1 0.8 0.85 0.1 0.1 0.75 0.85 0.7 0.8 0.4 0.25 0.1 0.6 0.2 0.95 0.9 0.95 0.55 0.45 0.05 
-0.1669026589580148 0.730121385144673 0.6076731377596065 0.85 0.9 0.45 0.7 0.25 0.35 0.65 0.5 0.75 0.95 0.15 0.65 0.8 0.2 0.5 0.9 0.85 0.75 0.9 0.35 0.05 0.85 0.5 0.2 0.8 0.2 0.45 1.0 0.35 0.45 1.0 0.5 0.7 0.85 0.3 0.55 
-0.051057719897567515 0.6459529673271389 0.6955156807104529 0.1 0.0 1.0 0.7 0.85 0.1 0.65 0.5 0.8 0.9 0.15 0.6 0.4 0.65 0.1 0.95 0.95 0.8 1.0 0.45 0.05 0.7 0.5 0.2 0.95 0.1 0.35 1.0 0.35 0.45 0.65 0.5 0.7 0.35 0.75 0.45 
-3.8338676811398464 0.7096490845183103 0.6529410303363716 0.6 0.0 1.0 0.8 1.0 0.05 0.15 0.5 0.7 0.9 0.15 0.65 0.7 0.2 0.35 0.95 0.95 0.8 0.65 1.0 0.05 0.75 0.5 0.2 0.95 0.1 0.6 0.95 0.35 0.45 0.35 0.5 0.1 0.0 0.75 0.15 
-0.0037101965424345537 0.685534929947035 0.4256344893389453 0.35 0.3 0.9 0.9 0.4 0.85 0.75 0.4 0.55 0.75 1.0 0.4 0.7 0.45 0.75 0.8 0.7 0.55 0.55 0.25 0.1 0.85 0.5 0.4 0.15 0.0 0.4 0.9 0.1 0.65 0.1 0.1 0.15 0.3 0.85 0.8 
-0.01743202973791667 0.3623280534163985 0.6600802405894411 0.15 0.55 0.9 0.25 0.8 0.1 0.85 0.0 0.25 0.45 0.2 0.4 1.0 1.0 0.6 0.9 0.1 0.8 1.0 0.85 0.15 0.95 0.75 0.85 0.55 0.4 0.5 0.3 0.9 0.65 0.05 0.7 0.35 0.9 0.8 0.7 
-0.05697278096992889 0.6052920916618978 0.6743562183947006 0.0 0.6 0.2 0.7 0.9 0.2 0.75 0.95 0.8 0.9 0.15 0.65 0.45 0.25 0.85 0.95 0.95 0.8 0.85 1.0 0.05 0.65 0.5 0.2 0.95 0.2 0.7 0.8 0.35 0.4 0.3 0.5 0.35 0.05 0.65 0.8 
-0.009684379545427587 0.7098098820514087 0.5940455362290152 0.85 0.9 0.45 0.7 0.25 0.8 0.3 0.5 0.75 0.95 0.15 0.65 0.8 0.2 0.5 0.9 0.85 0.75 0.85 0.35 0.05 0.85 0.5 0.2 0.8 0.1 0.45 1.0 0.35 0.45 1.0 0.5 0.7 0.85 0.3 0.55 
-0.29559314731795866 0.7094105475735294 0.5618988354694476 0.7 0.8 0.8 0.3 0.3 0.85 0.9 0.45 0.85 0.95 1.0 0.45 0.8 0.3 0.75 0.75 0.5 0.5 0.7 0.25 0.2 0.8 0.5 0.45 0.75 0.0 0.55 0.65 0.1 0.65 0.15 0.1 0.15 0.55 0.5 1.0 
-0.009784222232301278 0.6023490931207756 0.32459672133874096 0.05 0.0 0.15 0.9 0.4 0.4 1.0 0.45 0.65 0.65 0.1 0.4 1.0 0.4 0.8 0.45 0.5 0.3 0.55 0.8 0.75 0.95 0.5 0.5 0.1 0.6 0.6 1.0 0.1 0.65 0.8 0.3 0.15 0.1 0.45 0.7 
-0.022331662279392026 0.4077005533316988 0.34138020979339206 0.25 0.35 0.9 0.35 0.35 0.0 1.0 0.0 0.5 0.2 0.35 0.7 0.95 0.05 0.75 0.75 0.1 0.8 1.0 0.1 0.2 0.75 0.9 0.7 0.8 0.4 0.25 0.1 0.6 0.2 0.7 0.9 0.95 0.55 0.45 0.05 
-0.017687581615702785 0.706590573003266 0.6150984601548807 0.45 0.0 0.25 0.95 0.6 0.05 0.0 0.5 1.0 1.0 0.15 0.65 1.0 0.15 0.4 1.0 0.95 0.8 0.75 0.1 0.45 0.75 0.5 0.2 0.8 0.1 0.6 0.95 0.05 0.1 0.35 0.6 0.8 0.35 0.75 0.05 
-0.10703630071420618 0.5244415061350666 0.6649282270669093 0.2 0.6 0.2 0.7 0.9 0.2 0.75 0.95 0.8 0.9 0.15 0.65 0.45 0.25 0.85 0.95 0.95 0.8 0.85 1.0 0.05 0.65 0.5 0.2 0.95 0.2 0.35 0.9 0.35 0.4 0.3 0.15 0.35 0.55 0.65 0.8 
-0.20804114252256556 0.34747666789632536 0.37775056378895305 0.4 0.6 0.9 0.35 0.85 0.1 0.7 0.15 0.45 0.3 0.2 0.45 0.75 1.0 0.8 0.85 0.1 0.8 1.0 0.65 0.9 1.0 0.85 0.75 0.95 0.35 0.3 0.45 0.6 0.65 0.55 0.7 0.75 0.35 0.8 0.25 
-0.39751607883201096 0.6760487953760779 0.6730172594167789 0.25 0.95 0.2 0.7 0.2 0.9 0.7 1.0 0.25 0.85 0.15 0.65 0.55 0.1 0.5 0.95 0.95 0.85 1.0 1.0 0.05 0.85 0.5 0.2 1.0 0.1 0.35 0.9 0.35 0.45 0.6 1.0 0.85 0.45 0.4 0.1 
-0.07322541907438705 0.3902064643044465 0.34522080400489674 0.25 0.0 0.9 0.35 0.35 0.0 1.0 0.0 0.5 0.2 0.35 0.7 0.95 0.05 0.75 0.75 0.1 0.8 1.0 0.1 0.15 0.75 0.9 0.7 0.8 0.4 0.25 0.1 0.6 0.2 0.7 0.9 0.95 0.55 0.45 0.05 
-0.16239363391128764 0.3442488310963862 0.34736306117888344 0.4 0.35 0.9 0.35 0.85 0.1 0.85 0.15 0.45 0.3 0.2 0.45 0.95 1.0 0.8 0.9 0.1 0.8 1.0 0.65 0.9 0.95 0.85 0.75 0.95 0.35 0.35 0.45 0.6 0.65 0.95 0.7 1.0 0.35 0.8 0.25 
-2.443217102322212 0.49976675010912075 0.2976547551679444 0.25 0.0 0.9 0.35 0.65 0.0 1.0 0.3 0.85 0.05 0.35 0.5 0.95 0.05 0.75 0.75 0.1 0.8 1.0 0.2 0.15 0.75 0.9 0.7 0.7 0.4 0.25 0.1 0.6 0.2 0.7 0.9 0.95 0.55 0.45 0.55 
-0.00430786804876491 0.6876352468070682 0.4624311675704657 0.2 1.0 0.9 0.9 0.4 0.35 0.75 0.4 0.8 0.6 1.0 0.4 0.95 0.4 0.65 0.75 0.7 0.55 0.55 0.25 0.1 0.85 0.5 0.4 0.15 0.0 0.55 0.8 0.1 0.65 0.25 0.95 0.85 0.75 0.85 0.8 
-0.04520712581492008 0.3211062065551894 0.5646368000692248 0.05 0.75 0.25 0.55 0.55 0.35 1.0 0.3 0.75 0.4 0.9 0.65 0.85 1.0 0.6 0.85 0.05 0.65 0.85 0.8 0.7 0.85 0.15 0.95 1.0 0.4 0.55 0.7 0.95 0.35 0.6 0.35 0.25 0.85 0.65 0.25 
-0.03228997343286994 0.43459689411260866 0.31866926058266665 0.15 0.35 0.95 0.35 0.35 0.0 1.0 0.0 0.5 0.1 0.35 0.75 0.95 0.05 0.75 0.8 0.1 0.8 0.85 0.1 0.1 0.75 0.85 0.7 0.85 0.4 0.4 0.1 0.6 0.2 0.95 0.9 0.95 0.55 0.45 0.7 
-0.03946979437152632 0.6024554706501279 0.6944493485570152 0.1 0.0 0.0 0.85 1.0 0.1 0.55 0.5 0.8 0.9 0.15 0.65 0.65 0.65 0.1 0.95 0.95 0.8 1.0 0.45 0.05 0.65 0.5 0.2 0.95 0.1 0.35 1.0 0.35 0.45 0.1 0.5 0.7 0.35 0.75 0.45 
-0.7286044170207807 0.7308495385703144 0.6001168353000208 0.85 0.9 0.45 0.7 0.0 0.8 0.7 0.5 0.75 0.95 0.15 0.65 0.8 0.2 0.5 0.85 0.85 0.75 0.95 0.35 0.05 0.85 0.5 0.2 0.75 0.2 0.45 1.0 0.35 0.45 0.75 0.5 0.7 0.85 0.3 0.55 
-0.017792626246834243 0.3616946840037923 0.6358870905985428 0.15 0.55 0.9 0.2 0.8 0.1 0.85 0.15 0.4 0.55 0.2 0.4 0.2 0.7 0.6 0.9 0.1 0.8 1.0 0.85 0.4 0.95 0.75 0.85 0.55 0.4 0.5 0.3 0.9 0.65 0.05 0.7 0.35 0.85 0.8 0.7 
-0.012510756003740053 0.6913584708223076 0.40768449466587803 0.05 0.9 0.9 0.4 0.4 0.85 1.0 0.45 0.7 0.85 0.95 0.4 0.7 0.4 0.9 0.85 0.8 0.55 0.8 0.25 0.1 0.8 0.5 0.4 0.0 0.2 0.55 0.9 0.1 0.65 0.9 0.1 0.15 0.6 0.5 0.7 
-0.0011369598215369547 0.2874242614950656 0.41488691303461006 0.65 0.35 0.05 0.35 0.15 0.25 1.0 0.1 0.45 0.7 0.3 0.45 0.7 0.0 0.75 0.7 0.1 0.8 0.6 0.65 0.9 0.7 0.85 0.85 0.8 0.3 0.25 0.15 0.4 0.65 0.65 0.7 1.0 0.5 0.45 0.45 
-0.03129815734206483 0.35767117728897546 0.6121606096605611 0.15 0.55 0.9 0.2 0.8 0.1 0.85 0.15 0.4 0.45 0.2 0.4 0.45 0.7 0.6 0.9 0.1 0.8 1.0 0.85 0.35 0.95 0.75 0.85 0.55 0.4 0.5 0.3 0.95 0.65 0.05 0.7 0.35 0.9 0.8 0.7 
-0.6353279338612645 0.7318063772974189 0.6368148378661598 1.0 0.0 1.0 0.7 0.35 1.0 1.0 0.5 0.8 0.9 0.15 0.65 0.6 0.2 0.6 1.0 0.95 0.8 0.75 0.45 0.15 0.65 0.5 0.2 0.95 0.1 0.35 0.95 0.35 0.45 0.05 0.5 0.7 0.4 0.95 0.8 
-0.1074914608337528 0.4010222586470731 0.6674700365377552 0.4 0.55 0.9 0.2 0.8 0.75 0.85 0.15 0.35 0.9 0.2 0.4 1.0 0.7 0.45 0.9 0.1 0.8 1.0 0.85 0.15 0.95 0.75 0.85 0.55 0.4 0.6 0.3 0.9 0.65 0.05 0.7 0.35 0.9 0.8 0.6 
-0.04695613348561859 0.39116014361931095 0.3365172922430608 0.8 0.2 0.9 0.35 0.35 0.0 1.0 0.0 0.5 0.1 0.35 0.7 0.95 0.05 0.75 0.75 0.1 0.8 1.0 0.1 0.15 0.75 0.9 0.7 0.8 0.4 0.25 0.1 0.6 0.2 0.7 0.9 0.95 0.55 0.45 0.05 
-0.29743383669292417 0.7387213459517472 0.5425194209830602 0.05 0.1 0.25 0.95 1.0 0.05 0.55 0.5 0.85 0.95 0.15 0.65 0.9 0.2 0.55 0.95 0.95 0.8 0.85 1.0 0.4 0.75 0.5 0.2 0.8 0.95 0.45 0.95 0.35 0.45 0.85 0.95 0.3 0.0 0.75 0.15 
-0.39045696376402506 0.6926540475217671 0.6580025561843232 0.3 0.0 0.65 0.65 0.0 0.15 0.3 0.5 0.25 0.45 0.15 0.65 0.6 0.2 0.7 0.95 0.95 0.8 0.45 0.1 0.2 0.65 0.5 0.2 0.95 0.1 0.6 0.9 0.2 0.35 0.15 0.5 0.1 0.0 0.75 0.15 
-0.025557308356726684 0.49120447878151163 0.6300200024507889 0.15 0.55 0.9 0.6 0.6 0.85 0.5 0.7 0.15 0.7 0.2 0.4 0.9 0.7 1.0 0.65 0.0 0.3 1.0 0.85 0.2 0.95 0.75 0.85 0.6 0.3 0.4 0.6 0.95 0.8 0.05 0.7 0.4 0.6 0.05 0.2 
-3.5529769648282614 0.7390004622957614 0.5682805499780771 0.1 0.0 0.25 0.65 0.6 0.05 0.55 0.5 0.85 1.0 0.15 0.65 1.0 0.15 0.4 1.0 0.95 0.8 1.0 0.1 0.45 0.75 0.5 0.2 0.95 0.1 0.6 1.0 0.05 0.1 0.35 0.25 0.05 0.0 0.75 0.05 
-0.6783382793007092 0.6395152312700247 0.7148781641793741 0.1 0.0 1.0 0.7 1.0 0.1 0.55 0.5 0.8 0.9 0.15 0.6 0.55 0.25 0.1 0.95 0.95 0.8 1.0 0.45 0.05 0.7 0.5 0.2 0.95 0.1 0.35 1.0 0.35 0.45 0.1 0.5 0.7 0.35 0.75 0.45 
-0.200240727190651 0.37520901136194185 0.3840968914816972 0.4 0.6 0.9 0.35 0.85 0.1 0.7 0.15 0.45 0.3 0.2 0.45 0.75 1.0 0.8 0.85 0.1 0.8 1.0 0.65 0.9 1.0 0.85 0.75 0.95 0.35 0.45 0.45 0.6 0.65 0.55 0.7 0.75 0.35 0.8 0.25 
-0.007211042424991554 0.6941942861460392 0.4329812323692973 0.35 0.85 0.3 0.9 0.4 0.85 0.75 0.4 0.5 0.75 1.0 0.4 0.7 0.4 0.75 0.8 0.7 0.55 0.55 0.25 0.1 0.85 0.5 0.4 0.15 0.0 0.5 0.9 0.1 0.65 0.9 0.1 0.15 0.3 0.85 0.8 
-0.0054795114150738245 0.2880177383742756 0.44953447626962084 0.65 0.35 0.05 0.35 0.15 0.25 1.0 0.1 0.45 0.7 0.3 0.45 0.6 0.0 0.75 0.7 0.1 0.8 0.75 0.65 0.9 0.7 0.85 0.85 0.8 0.3 0.25 0.15 0.4 0.25 0.65 0.7 0.9 0.5 0.45 0.45 
-0.078271334565444 0.3753016396272109 0.6666962080473381 0.15 0.55 0.9 0.2 0.5 0.1 0.85 0.2 0.4 0.7 0.2 0.4 0.85 0.7 0.0 0.9 0.1 0.8 1.0 0.85 0.15 0.95 0.75 0.85 0.55 0.4 0.5 0.3 0.9 0.65 0.05 0.6 0.35 0.9 0.8 0.7 
-0.06633063812418909 0.305997002530353 0.5037241371386153 0.05 0.8 0.25 0.55 0.2 0.35 1.0 0.3 0.75 0.3 0.7 0.4 0.8 1.0 0.6 0.65 0.05 0.65 0.95 0.8 0.55 0.55 0.75 0.95 0.6 0.4 0.75 0.6 0.0 0.35 0.6 0.6 0.25 0.85 0.65 0.95 
-1.4388506043557847 0.7351264159129466 0.6039210499802503 0.85 0.9 0.45 0.7 0.25 0.8 0.7 0.5 0.75 0.95 0.15 0.65 0.9 0.2 0.5 0.9 0.85 0.75 0.95 0.35 0.05 0.85 0.5 0.2 0.8 0.2 0.45 1.0 0.35 0.45 1.0 0.5 0.7 0.85 0.3 0.55 
-0.00044361408254648153 0.4427313476875953 0.6419010179673554 0.15 0.35 0.9 0.2 0.8 0.7 0.85 0.15 0.5 0.75 0.2 0.4 0.5 0.0 0.45 0.9 0.1 0.8 1.0 0.85 0.35 0.95 0.75 0.85 0.55 0.4 0.5 0.3 0.95 0.65 0.05 0.5 0.4 0.9 0.8 0.6 
-0.234788195062155 0.6099360037019931 0.6967359645566167 0.1 0.0 1.0 0.85 1.0 0.1 0.55 0.5 0.8 0.9 0.15 0.65 0.4 0.65 0.1 0.95 0.95 0.8 1.0 0.45 0.05 0.65 0.5 0.2 0.95 0.1 0.35 1.0 0.35 0.45 0.1 0.5 0.7 0.35 0.75 0.45 
-0.023866160712592434 0.5706895330140817 0.325884703460805 0.05 0.55 0.15 0.9 0.4 0.4 1.0 0.45 0.65 0.65 0.1 0.4 1.0 0.4 0.8 0.45 0.5 0.3 0.85 0.8 0.75 0.95 0.5 0.5 0.1 0.15 0.55 0.7 0.1 0.65 0.8 0.3 0.15 0.1 0.45 0.7 
-0.052849910509317005 0.71352226839525 0.42372877407876564 0.7 0.8 0.8 0.9 0.3 0.6 0.95 0.45 0.35 0.95 1.0 0.45 0.8 0.3 0.75 0.75 0.5 0.3 0.7 0.25 0.1 0.8 0.5 0.45 0.75 0.0 0.55 0.65 0.1 0.65 0.15 0.1 0.15 0.55 0.5 1.0 
-0.1231624795591624 0.27036923099468835 0.4794633939432901 0.05 0.8 0.25 0.1 0.25 0.5 1.0 0.3 0.8 0.3 0.9 0.55 0.85 1.0 0.65 0.9 0.05 0.65 1.0 0.8 0.65 0.55 0.75 0.95 0.5 0.15 0.3 0.85 0.95 0.35 0.6 0.6 0.25 0.4 0.65 0.75 
-2.0097626450163855 0.6576533082476562 0.6953850066426477 0.1 0.0 1.0 0.7 1.0 0.1 0.75 0.5 0.8 0.9 0.15 0.6 0.2 0.65 0.1 0.95 0.95 0.8 1.0 0.45 0.05 0.7 0.5 0.2 0.95 0.1 0.35 1.0 0.35 0.45 0.65 0.5 0.7 0.35 0.75 0.45 
-0.03043859624185261 0.7158702605642108 0.455793513166203 0.35 0.8 0.8 0.35 0.95 0.6 0.95 0.45 0.6 0.95 1.0 0.45 0.45 0.75 0.8 0.85 0.5 0.3 0.85 0.25 0.1 0.8 0.5 0.4 0.75 0.0 0.55 0.65 0.1 0.65 0.15 0.1 0.15 0.55 0.5 1.0 
-0.03330162514375559 0.4002045238115371 0.35102330609754107 0.15 0.35 0.9 0.35 0.05 0.0 1.0 0.0 0.5 0.2 0.35 0.7 0.95 0.05 0.75 0.8 0.1 0.75 1.0 0.1 0.2 0.75 0.85 0.7 0.5 0.4 0.5 0.1 0.6 0.2 0.95 0.95 0.95 0.45 0.45 0.8 
-0.018300304041384823 0.2912511847983613 0.5588283477271794 0.05 0.75 0.25 0.55 0.55 0.35 0.3 0.3 0.75 0.3 0.9 0.65 0.85 1.0 0.6 0.9 0.05 0.65 0.95 0.8 0.7 0.85 0.65 0.95 1.0 0.4 0.55 0.7 1.0 0.35 0.6 0.35 0.9 0.85 0.65 0.25 
-0.010119489224619976 0.313748550717286 0.6191840322630574 0.05 0.75 0.25 0.55 0.55 0.35 1.0 0.3 0.75 0.45 0.9 0.65 0.85 1.0 0.6 0.9 0.05 0.65 0.6 0.8 0.5 0.75 0.75 0.95 0.75 0.4 0.55 0.55 0.95 0.35 0.6 0.35 0.25 1.0 0.65 0.25 
-0.101134952017651 0.37105169111898884 0.3615285987807828 0.25 0.35 0.9 0.35 0.35 0.0 1.0 0.0 0.5 0.2 0.35 0.7 0.95 0.05 0.75 0.8 0.05 0.8 1.0 0.1 0.2 0.75 0.9 0.7 0.8 0.4 0.25 0.1 0.6 0.2 0.95 0.9 0.95 0.55 0.45 0.05 
-0.038521183315774005 0.3257136224552458 0.62919501499714 0.05 0.75 0.25 0.55 0.55 0.35 1.0 0.3 0.75 0.5 0.9 0.65 0.85 1.0 0.6 0.85 0.05 0.65 0.95 0.8 0.5 0.75 0.75 0.95 0.75 0.4 0.55 0.55 0.95 0.35 0.6 0.35 0.25 0.45 0.65 0.25 
-18.605685813136883 0.6862421071380672 0.7037451723978261 0.1 0.0 1.0 0.7 1.0 0.1 0.65 0.5 0.8 0.9 0.15 0.65 0.55 0.2 0.45 0.95 0.95 0.8 1.0 1.0 0.05 0.65 0.5 0.2 0.95 0.1 0.35 0.9 0.35 0.45 0.05 0.5 0.55 0.35 0.75 0.8 
-0.02685688848762407 0.4314975878284634 0.6493897152226675 0.15 0.5 0.9 0.7 0.6 0.85 0.95 0.3 0.45 0.7 0.25 0.4 0.9 0.7 0.8 0.95 0.0 0.3 0.6 0.85 0.2 0.95 0.75 0.85 0.55 0.3 0.4 0.6 0.95 0.8 0.05 0.7 0.4 0.7 0.05 0.1 
-0.11985357367624042 0.5571101963612576 0.6919323460009758 0.2 0.6 0.2 0.7 0.9 0.2 0.75 0.95 0.8 0.9 0.15 0.65 0.45 0.4 0.85 0.95 0.95 0.8 0.85 1.0 0.15 0.75 0.5 0.2 0.95 0.2 0.35 0.9 0.35 0.4 0.3 0.15 0.35 0.55 0.65 0.8 
-1.885828630377375 0.6631471482774125 0.7081823002577502 0.1 0.0 1.0 0.7 0.45 0.1 0.75 0.5 0.8 0.95 0.15 0.6 0.6 0.25 0.1 0.95 0.95 0.8 0.9 0.45 0.05 0.7 0.5 0.2 0.95 0.1 0.35 1.0 0.35 0.45 0.1 0.5 0.9 0.35 0.75 0.3 
-0.020933301402990927 0.4434021092436747 0.31473195052687886 0.15 0.35 0.9 0.35 0.35 0.0 1.0 0.0 0.5 0.1 0.35 0.8 0.95 0.05 0.75 0.8 0.1 0.8 0.85 0.1 0.1 0.75 0.85 0.7 0.8 0.4 0.4 0.1 0.6 0.2 0.95 0.9 0.95 0.55 0.45 0.05 
-0.021204696996245363 0.3176025337471515 0.5975111086609607 0.8 0.8 0.25 0.1 0.25 0.35 1.0 0.3 0.8 0.3 0.9 0.6 0.85 1.0 0.65 0.9 0.05 0.9 1.0 0.8 0.5 0.9 0.75 0.95 0.65 0.15 0.4 0.95 0.95 0.35 0.25 0.9 0.25 0.85 0.65 1.0 
-9.542002321344212 0.726275179110007 0.6718045268742624 1.0 0.0 1.0 0.7 0.0 0.1 0.65 0.5 0.8 0.9 0.15 0.65 0.65 0.2 0.45 1.0 0.9 0.8 0.75 0.4 0.05 0.8 0.5 0.2 0.95 0.1 0.35 0.9 0.35 0.45 0.65 0.5 0.7 0.0 0.1 0.25 
-0.01729720738122855 0.6115166307933948 0.3551070337950812 0.05 0.0 0.15 0.9 0.4 0.4 1.0 0.45 0.65 0.9 0.1 0.4 0.9 0.4 0.8 0.45 0.5 0.3 0.55 0.8 0.75 0.95 0.5 0.45 0.1 0.5 0.55 0.9 0.1 0.65 0.05 0.3 0.2 0.1 0.45 0.7 
-0.021455342931272214 0.28004921923205495 0.503197552668573 0.05 0.8 0.25 0.1 0.25 0.35 1.0 0.3 0.8 0.3 0.9 0.6 0.85 1.0 0.65 0.9 0.05 0.7 0.7 0.8 0.5 0.55 0.75 0.95 0.7 0.15 0.4 0.9 0.95 0.35 0.1 0.9 0.25 0.85 0.65 1.0 
-0.00917901923071969 0.7067089959395971 0.47162213021313054 0.35 0.0 0.8 0.9 0.3 0.25 0.95 0.45 0.6 0.95 1.0 0.45 0.1 0.65 0.4 0.85 0.5 0.3 0.85 0.25 0.1 0.8 0.5 0.4 0.9 0.0 0.55 0.65 0.1 0.65 0.85 0.1 0.7 0.55 0.5 1.0 
-0.024540181625133606 0.2854764637304198 0.5345967457089118 0.75 0.8 0.65 0.1 0.55 0.35 0.8 0.3 0.8 0.45 0.9 0.6 0.95 1.0 0.65 0.9 0.05 0.7 1.0 0.8 0.5 0.6 0.75 0.95 0.5 0.15 0.4 0.9 0.0 0.35 0.1 0.9 0.9 0.55 0.65 1.0 
-0.041528861507377626 0.46172105819831677 0.6389450638132412 0.15 0.55 0.9 0.6 0.55 0.85 0.5 0.3 0.45 0.7 0.2 0.4 0.9 0.7 1.0 0.65 0.0 0.3 1.0 0.85 0.5 0.95 0.75 0.85 0.6 0.3 0.4 0.6 0.95 0.8 0.05 0.8 0.45 0.7 0.05 0.2 
-5.616253403250858 0.7509196710164399 0.5486257403412675 0.45 0.0 0.25 0.65 0.6 0.05 0.75 0.5 0.85 1.0 0.15 0.65 1.0 0.15 0.4 1.0 0.95 0.8 1.0 0.1 0.45 0.75 0.5 0.2 0.95 0.1 0.6 1.0 0.05 0.1 0.35 0.25 0.05 0.35 0.75 0.05 
-0.047113947010288364 0.26742962231253053 0.4574535776844072 0.05 0.8 0.65 0.1 0.25 0.35 0.95 0.3 0.8 0.3 0.9 0.65 0.9 1.0 0.65 0.9 0.05 0.7 1.0 0.8 0.7 0.55 0.75 0.95 0.5 0.35 0.4 0.9 0.0 0.35 0.1 0.9 0.9 0.2 0.65 1.0 
-0.009376395982192696 0.2741091986294325 0.5411022825170357 0.05 0.75 0.25 0.75 0.55 0.35 0.95 0.3 0.75 0.3 0.9 0.65 0.85 1.0 0.6 0.9 0.05 0.65 0.95 0.8 0.7 0.85 0.65 0.95 1.0 0.4 0.55 0.9 1.0 0.35 0.6 0.35 0.2 0.85 0.65 0.25 
-0.0437421071904709 0.2846893857063477 0.5633148381072153 0.05 0.35 0.65 0.1 0.25 0.35 0.95 0.3 0.8 0.4 0.9 0.65 0.85 1.0 0.65 0.9 0.05 0.7 1.0 0.8 0.7 0.55 0.75 0.95 0.7 0.35 0.4 0.9 0.0 0.35 0.1 0.9 0.9 0.2 0.65 1.0 
-0.15406553976867274 0.2544820713913395 0.49939527173248177 0.05 0.8 0.25 0.55 0.55 0.35 1.0 0.3 0.75 0.3 0.9 0.65 0.85 1.0 0.6 0.9 0.05 0.65 0.95 0.75 0.5 0.55 0.75 0.95 0.9 0.4 0.75 0.85 0.0 0.35 0.6 0.6 0.25 0.85 0.65 0.8 
-0.03425040880571565 0.3483242129835279 0.653156367340723 0.15 0.55 0.9 0.2 0.5 0.1 0.85 0.15 0.4 0.45 0.2 0.4 0.85 0.7 0.35 0.9 0.1 0.8 1.0 0.85 0.15 0.95 0.75 0.85 0.55 0.4 0.5 0.3 0.9 0.65 0.05 0.6 0.35 0.9 0.8 0.7 
-0.016374880741532177 0.2636437055325703 0.49043344074876893 0.05 0.8 0.65 0.1 0.25 0.35 0.95 0.3 0.8 0.3 0.9 0.65 0.85 1.0 0.65 0.9 0.05 0.7 1.0 0.8 0.7 0.55 0.75 0.95 0.7 0.35 0.4 0.9 0.0 0.35 0.1 0.9 0.9 0.2 0.65 1.0 
-0.005893458793245871 0.5647079042303494 0.3243559911929359 0.05 0.0 0.15 0.4 0.4 0.4 1.0 0.45 0.25 0.65 0.1 0.4 1.0 0.4 0.8 0.45 0.5 0.3 0.55 0.8 0.75 0.95 0.5 0.5 1.0 0.15 0.55 1.0 0.1 0.65 0.8 0.3 0.15 0.1 0.45 0.7 
-0.018849403155222832 0.6546940776704163 0.3738528819859589 0.05 0.8 0.3 0.4 0.4 1.0 0.75 0.4 0.65 0.65 1.0 0.4 0.7 0.4 0.85 0.75 0.7 0.55 0.55 0.25 0.1 0.85 0.5 0.5 0.15 0.45 0.05 0.95 0.1 0.65 0.9 0.95 0.15 0.75 0.25 0.8 
-0.00033215086862373975 0.46735797485411645 0.6713600669496643 0.15 0.55 0.9 0.6 0.55 0.85 0.5 0.3 0.45 0.7 0.2 0.4 0.9 0.7 1.0 0.65 0.0 0.3 1.0 0.85 0.25 0.95 0.75 0.85 0.6 0.3 0.4 0.6 0.95 0.8 0.9 0.7 0.45 0.7 0.05 0.2 
-0.011095434462748584 0.2791532572938109 0.43071518818982346 0.05 0.8 0.65 0.1 0.25 0.35 0.95 0.3 0.8 0.25 0.9 0.65 0.9 1.0 0.65 0.9 0.05 0.7 1.0 0.8 0.7 0.55 0.75 0.95 0.5 0.35 0.4 0.9 1.0 0.35 0.1 0.9 0.9 0.2 0.65 1.0 
-0.004698665987275365 0.5915291871195378 0.32008428586500626 0.05 0.0 0.15 0.9 0.55 0.4 1.0 0.45 0.65 0.65 0.1 0.4 1.0 0.4 0.8 0.45 0.5 0.3 0.55 0.8 0.75 0.95 0.5 0.5 0.1 0.4 0.6 1.0 0.1 0.65 0.8 0.3 0.15 0.1 0.45 0.7 
-21.863971269383843 0.7057620670976221 0.6839141354646152 1.0 0.0 1.0 0.7 0.9 0.1 0.7 0.5 0.8 0.9 0.15 0.65 0.85 0.2 0.45 0.95 0.95 0.8 0.95 1.0 0.05 0.65 0.5 0.2 0.95 0.1 0.35 0.9 0.35 0.45 0.05 0.5 0.7 0.0 0.95 0.8 
-0.0034914040614416864 0.5029945873530678 0.6524609238664318 0.2 0.4 1.0 0.7 0.9 0.2 0.8 0.95 0.8 0.75 0.15 0.65 0.45 0.25 0.65 0.95 0.95 0.8 0.85 1.0 0.05 0.65 0.5 0.25 0.95 0.2 0.35 1.0 0.35 0.4 0.3 0.5 0.35 0.55 0.65 0.8 
-0.03087832636396952 0.412860469927775 0.3130690319300017 0.25 0.35 0.9 0.35 0.35 0.95 1.0 0.0 0.5 0.1 0.35 0.8 0.95 0.05 0.75 0.8 0.1 0.8 1.0 0.1 0.15 0.75 0.9 0.75 0.8 0.4 0.25 0.1 0.6 0.2 0.95 0.9 0.9 0.55 0.45 0.05 
-0.03209722095616813 0.3001699479940013 0.5817445032889491 0.05 0.8 0.25 0.55 0.55 0.35 1.0 0.3 0.75 0.3 0.9 0.55 0.95 1.0 0.6 0.9 0.1 0.65 0.95 0.8 0.75 0.55 0.75 0.95 0.75 0.4 0.75 0.85 0.95 0.35 0.6 0.6 0.25 0.85 0.65 0.75 
-0.04088251684507596 0.27971395774644925 0.4056957110072741 0.65 0.35 0.05 0.35 0.15 0.25 1.0 0.1 0.45 0.7 0.3 0.45 0.7 0.0 0.75 0.7 0.1 0.8 0.75 0.65 0.9 0.7 0.85 0.85 0.8 0.3 0.25 0.15 0.4 0.65 0.65 0.7 1.0 0.5 0.45 0.45 
-5.693294448917261 0.7442221008178495 0.5281408537189175 0.45 0.0 0.25 0.8 0.6 0.05 0.75 0.5 0.85 1.0 0.15 0.65 1.0 0.15 0.4 1.0 0.95 0.8 0.75 0.1 0.45 0.75 0.5 0.2 1.0 0.1 0.6 0.95 0.05 0.1 0.35 0.6 0.8 0.35 0.75 0.05 
-0.33260080031971806 0.39934056538251245 0.3169679557376127 0.25 0.0 0.9 0.35 0.35 0.0 1.0 0.0 0.5 0.05 0.35 0.7 0.95 0.05 0.75 0.75 0.1 0.8 1.0 0.1 0.15 0.75 0.9 0.7 0.8 0.4 0.25 0.1 0.6 0.2 0.7 0.9 0.95 0.55 0.45 0.05 
-0.15337494668211643 0.24221816594642903 0.5287153150257474 0.65 0.8 0.25 0.55 0.55 0.75 1.0 0.3 0.75 0.3 0.9 0.65 0.85 1.0 0.65 0.9 0.05 0.65 0.95 0.75 0.5 0.55 0.75 0.95 1.0 0.55 0.75 0.95 0.0 0.35 0.1 0.6 0.25 0.85 0.65 0.8 
-0.01295152305936765 0.5463056066386246 0.6873104356820987 0.25 0.0 0.3 0.7 0.75 0.05 0.7 0.9 0.9 0.9 0.15 0.65 0.15 0.85 0.0 0.95 0.95 0.8 1.0 1.0 0.05 1.0 0.5 0.2 1.0 0.95 0.4 0.9 0.35 0.45 0.75 0.3 0.45 0.45 0.75 0.85 
-0.11991623037649067 0.5187320029644056 0.6778362833052148 0.2 0.4 1.0 0.7 0.9 0.2 0.8 0.95 0.8 0.75 0.15 0.65 0.45 0.25 0.65 0.95 0.95 0.8 0.95 1.0 0.05 0.65 0.5 0.2 0.95 0.2 0.35 0.9 0.35 0.4 0.3 0.5 0.35 0.85 0.65 0.8 
-0.052209220289874646 0.24108952630052866 0.554101718308497 0.05 0.75 0.25 0.55 0.55 0.35 1.0 0.3 0.75 0.3 0.9 0.65 0.85 1.0 0.6 0.9 0.05 0.65 0.95 0.8 0.7 0.85 0.65 0.95 1.0 0.4 0.55 0.7 1.0 0.35 0.6 0.35 0.25 0.85 0.65 0.25 
-0.10645244813900692 0.28005442471822295 0.592399206437829 0.05 0.15 0.25 0.55 0.55 0.05 1.0 0.3 0.75 0.3 0.9 0.65 0.9 1.0 0.6 0.9 0.9 0.65 0.35 0.8 0.55 0.85 0.7 0.9 1.0 0.4 0.55 0.7 0.95 0.35 0.6 0.35 0.25 0.85 0.65 0.25 
-0.011588761700642509 0.3768693795818836 0.31667245773559516 0.25 0.35 0.9 0.35 0.35 0.0 1.0 0.0 0.5 0.1 0.9 0.7 0.95 0.05 0.75 0.8 0.1 0.8 1.0 0.1 0.15 0.75 0.9 0.7 0.85 0.4 0.25 0.1 0.6 0.2 0.95 0.9 0.9 0.55 0.45 0.05 
-0.030834255071489437 0.6655850169234687 0.3512353103393431 0.05 0.0 0.15 0.5 0.35 0.4 1.0 0.45 0.65 0.7 0.1 0.4 1.0 0.4 0.8 0.75 0.5 0.3 0.5 0.8 0.75 0.95 0.55 0.5 0.2 0.8 0.9 1.0 0.1 0.65 1.0 0.9 1.0 0.9 0.8 0.25 
-1.1347339827079133 0.36576000836654643 0.33001043634829863 0.25 0.35 0.9 0.35 0.35 0.0 1.0 0.0 0.5 0.2 0.35 0.7 0.95 0.05 0.75 0.8 0.1 0.8 1.0 0.1 0.2 0.75 0.9 0.7 0.8 0.4 0.25 0.1 0.6 0.2 0.95 0.9 0.95 0.55 0.45 0.05 
-0.48404153201993905 0.738586059444616 0.4954504598889065 0.05 0.0 0.15 0.4 0.4 0.4 0.4 0.45 0.5 0.8 0.1 0.15 0.9 0.3 0.9 0.35 0.5 0.3 0.8 0.8 0.75 0.95 0.55 0.5 1.0 0.15 0.75 1.0 0.1 0.65 0.8 0.3 0.1 0.1 0.45 0.7 
-0.11612597568043921 0.2771398439553968 0.6024407058439498 0.05 0.75 0.25 0.55 0.55 0.35 1.0 0.3 0.75 0.3 0.95 0.65 0.8 1.0 0.6 0.9 0.05 0.65 0.95 0.8 0.5 0.85 0.75 0.95 1.0 0.35 0.55 0.6 0.95 0.35 0.6 0.35 0.25 0.85 0.9 0.25 
-0.04012373083016045 0.2976816612754787 0.3869922992203031 0.65 0.35 0.9 0.35 0.15 0.25 1.0 0.1 0.45 0.7 0.3 0.45 0.8 0.0 0.75 0.6 0.1 0.8 0.95 0.65 0.9 0.7 0.85 0.85 0.75 0.3 0.2 0.15 0.4 0.65 0.65 0.2 1.0 0.5 0.1 0.45 
-0.2544565273841491 0.4262755348123125 0.30603374061744626 0.15 0.35 0.25 0.9 0.35 0.0 1.0 0.0 0.5 0.1 0.35 0.8 0.95 0.05 0.75 0.8 0.1 0.8 0.85 0.1 0.1 0.75 0.85 0.7 0.85 0.4 0.4 0.1 0.6 0.2 0.95 0.9 0.95 0.55 0.45 0.05 
-0.1675284156419728 0.4618673800144223 0.6737562402369439 0.15 0.55 0.9 0.6 0.6 0.85 0.5 0.3 0.45 0.7 0.2 0.4 0.9 0.7 1.0 0.65 0.0 0.3 1.0 0.85 0.2 0.95 0.75 0.85 0.6 0.3 0.4 0.6 0.95 0.8 0.05 0.7 0.4 0.7 0.05 0.2 
-0.055427647749876865 0.2983631574813679 0.6097250166865873 0.05 0.8 0.15 0.55 0.55 0.35 1.0 0.3 0.75 0.3 0.9 0.65 0.85 1.0 0.6 0.9 0.05 0.65 0.95 0.75 0.5 0.35 0.7 0.95 0.9 0.55 0.75 0.85 0.0 0.35 0.6 0.6 0.25 0.85 0.35 0.8 
-0.009107328153697254 0.24504910591222562 0.617459571931621 0.05 0.75 0.5 0.55 0.35 0.35 1.0 0.3 0.75 0.3 0.9 0.75 0.85 1.0 0.6 0.9 0.05 0.65 0.95 0.8 0.6 0.85 0.75 0.95 1.0 0.4 0.55 0.7 0.95 0.35 0.6 0.35 0.7 0.85 0.65 0.25 
-0.274528152757263 0.24589641210935126 0.5199904249654504 0.05 0.8 0.25 0.55 0.55 0.35 1.0 0.3 0.75 0.3 0.9 0.55 0.95 1.0 0.6 0.9 0.05 0.65 0.95 0.8 0.5 0.55 0.75 0.95 0.75 0.4 0.75 0.85 1.0 0.35 0.6 0.6 0.25 0.85 0.65 0.75 
-2.550322829470821 0.7476427873594641 0.627667836686419 1.0 0.0 1.0 0.7 0.35 0.65 1.0 0.5 0.8 0.9 0.15 0.65 0.6 0.2 0.45 1.0 0.95 0.8 0.75 0.45 0.15 0.65 0.5 0.2 0.95 0.1 0.35 0.9 0.35 0.45 0.05 0.5 0.7 0.4 0.95 0.8 
-0.39200659224138984 0.27587734445717305 0.4163217583978625 0.75 0.8 0.65 0.1 0.55 0.35 0.95 0.3 0.8 0.3 0.9 0.6 0.95 1.0 0.65 0.9 0.05 0.7 1.0 0.8 0.6 0.6 0.75 0.95 0.5 0.15 0.4 0.9 0.0 0.35 0.1 0.9 0.9 0.55 0.65 1.0 
-0.3925144015252248 0.2771331823546266 0.6419972856876948 0.05 0.75 0.25 0.55 0.55 1.0 1.0 0.3 0.75 0.3 0.9 0.65 0.85 1.0 0.6 0.9 0.05 0.65 0.95 0.8 0.7 0.85 0.75 0.9 0.85 0.4 0.55 0.7 0.95 0.35 0.5 0.35 0.25 0.85 0.65 0.25 
-6.0140561931706635 0.5834688255081781 0.7080960295657532 0.1 0.0 1.0 0.7 1.0 0.1 0.2 0.55 0.7 0.9 0.15 0.65 0.55 0.0 0.05 0.95 0.95 0.8 1.0 1.0 0.1 0.65 0.5 0.2 0.95 0.1 0.35 0.9 0.35 0.45 0.05 0.5 0.95 0.35 0.75 0.8 
-12.965201361330456 0.7339163642972069 0.6554835594349337 1.0 0.0 1.0 0.7 0.9 0.4 0.65 0.5 0.8 0.85 0.15 0.65 0.95 0.2 0.45 1.0 0.9 0.8 0.75 0.4 0.05 0.8 0.5 0.2 0.95 0.1 0.35 0.9 0.35 0.45 0.05 0.5 0.9 0.0 0.1 0.25 
-0.018163752060642774 0.6413097910481851 0.3339573788076361 0.05 0.85 0.15 0.9 0.35 0.5 1.0 0.45 0.65 0.7 0.1 0.4 1.0 0.4 0.8 0.6 0.5 0.3 0.4 0.8 0.75 0.95 0.55 0.5 0.3 0.8 0.95 0.9 0.1 0.65 0.8 0.9 1.0 1.0 0.65 0.25 
-0.04212021184361919 0.6387072341707634 0.3267891042687847 0.05 0.0 0.15 0.9 0.35 0.4 1.0 0.45 0.65 0.5 0.1 0.4 1.0 0.4 0.8 0.6 0.5 0.3 0.5 0.8 0.75 0.95 0.55 0.5 0.3 0.8 0.85 1.0 0.1 0.65 0.8 0.9 1.0 1.0 0.8 0.25 
-0.01391182356146507 0.24608648642685588 0.6265143259983166 0.05 0.75 0.5 0.55 0.55 0.35 1.0 0.3 0.75 0.3 0.9 0.7 0.85 1.0 0.6 0.9 0.05 0.65 0.95 0.8 0.6 0.85 0.75 0.95 1.0 0.4 0.55 0.7 0.95 0.35 0.6 0.35 0.7 0.85 0.65 0.25 
-0.007535730694222204 0.6158530520908845 0.3152973368983599 0.05 0.85 0.5 0.9 0.35 0.4 1.0 0.45 0.65 0.75 0.95 0.25 1.0 0.4 0.8 0.5 0.5 0.3 0.55 0.8 0.75 0.95 0.5 0.5 0.1 0.1 0.55 1.0 0.1 0.65 0.65 0.3 0.15 0.1 0.45 0.9 
-0.03516247387825393 0.26647137176386226 0.4445675223648829 0.75 0.8 0.65 0.1 0.55 0.35 0.95 0.3 0.8 0.3 0.9 0.6 0.95 1.0 0.65 0.9 0.05 0.7 1.0 0.8 0.5 0.6 0.75 0.95 0.5 0.15 0.4 0.9 0.0 0.35 0.1 0.9 0.9 0.55 0.65 1.0 
-0.04225641151753504 0.7347450106417864 0.457444521095794 0.35 0.8 0.15 0.9 0.3 0.4 0.95 0.45 0.85 0.95 1.0 0.45 0.45 0.3 0.8 0.85 0.5 0.3 0.9 0.25 0.1 0.8 0.5 0.4 0.75 0.0 0.55 0.65 0.1 0.65 0.15 0.1 0.15 0.55 0.5 1.0 
-0.11200686944340037 0.60667977590265 0.3180042324039978 0.05 0.85 0.15 0.9 0.4 0.4 1.0 0.45 0.65 0.75 0.1 0.4 1.0 0.4 0.8 0.45 0.5 0.3 0.4 0.8 0.75 0.95 0.5 0.5 0.1 0.15 0.55 1.0 0.1 0.65 0.95 0.3 0.15 0.1 0.45 0.7 
-0.010763436538082255 0.25572655069864825 0.5838472943776136 0.05 0.75 0.25 0.55 0.55 0.35 1.0 0.3 0.75 0.3 0.95 0.65 0.8 1.0 0.6 0.9 0.05 0.65 0.95 0.8 0.65 0.85 0.75 0.95 1.0 0.35 0.55 0.6 0.95 0.35 0.6 0.35 0.25 0.85 0.9 0.1 
-0.043326757472352366 0.32026406084220915 0.6386947052226644 0.05 0.75 0.25 0.55 0.55 0.35 1.0 0.3 0.75 0.45 0.9 0.65 0.85 1.0 0.6 0.85 0.05 0.65 0.95 0.8 0.5 0.75 0.75 0.95 0.75 0.4 0.55 0.55 0.95 0.35 0.6 0.35 0.25 1.0 0.65 0.25 
-1.0239852250476078 0.4386658405435057 0.302119948478485 0.15 0.35 0.25 0.9 0.4 0.0 1.0 0.0 0.5 0.15 0.35 0.8 0.95 0.05 0.75 0.8 0.1 0.8 0.85 0.1 0.1 0.75 0.85 0.7 0.85 0.4 0.4 0.1 0.6 0.2 0.95 0.25 0.95 0.55 0.45 0.05 
-0.5638160723901295 0.4172118547467196 0.6730331249428271 0.3 0.5 0.9 0.2 0.1 0.1 0.9 0.05 0.3 0.75 0.2 0.45 0.6 0.7 1.0 0.9 0.1 0.7 1.0 0.75 0.25 0.9 0.75 0.85 0.95 0.4 0.55 0.3 0.95 0.65 0.05 0.3 0.4 0.9 0.8 0.1 
-0.0251138312439592 0.7362022262901883 0.47977294535559745 0.05 0.0 0.15 0.4 0.4 0.4 0.45 0.45 0.5 0.65 0.1 0.15 0.9 0.3 0.9 0.35 0.5 0.3 0.8 0.8 0.75 0.95 0.55 0.5 1.0 0.15 0.75 1.0 0.1 0.65 0.8 0.3 0.1 0.1 0.45 0.7 
-1.0735774606491342 0.4774241330242367 0.30387144293176094 0.25 0.0 0.9 0.35 0.35 0.0 1.0 0.95 0.5 0.05 0.35 0.7 0.95 0.05 0.75 0.75 0.1 0.8 1.0 0.2 0.15 0.75 0.9 0.7 0.8 0.4 0.25 0.1 0.6 0.2 0.7 0.9 0.95 0.55 0.45 0.05 
-34.44686690923716 0.7362031286360745 0.6741104707142488 1.0 0.0 1.0 0.7 0.9 0.1 1.0 0.5 0.8 0.9 0.15 0.65 0.85 0.2 0.45 0.95 0.95 0.8 0.95 1.0 0.05 0.65 0.5 0.2 0.95 0.1 0.35 0.9 0.35 0.45 0.05 0.5 0.7 0.0 0.95 0.8 
-0.050205973364373616 0.40281700097455214 0.6760594329776186 1.0 0.5 1.0 0.4 0.0 0.1 0.85 0.05 0.3 0.7 0.2 0.45 0.5 0.7 0.45 0.9 0.1 0.8 0.75 0.75 0.3 0.95 0.75 0.8 0.95 0.4 0.5 0.3 0.95 0.55 0.05 0.0 0.45 0.9 0.8 0.4 
-26.705731161862023 0.707945921804261 0.7031249345948198 1.0 0.0 1.0 0.7 0.9 0.1 1.0 0.5 0.8 0.9 0.15 0.65 0.85 0.25 0.5 0.95 0.95 0.8 0.95 1.0 0.05 0.65 0.5 0.2 0.95 0.1 0.35 0.9 0.35 0.45 0.05 0.5 0.7 0.0 0.95 0.8 
-0.26385417199701494 0.6696646385589162 0.32046931395446765 0.05 0.0 0.5 0.4 0.4 0.3 1.0 0.45 0.65 0.65 0.1 0.4 0.9 0.4 0.8 0.75 0.5 0.3 0.5 0.8 0.75 0.95 0.55 0.5 0.5 0.15 0.75 1.0 0.1 0.65 0.8 0.5 0.1 0.1 0.6 0.7 
-0.015429484095776493 0.6883514269644134 0.39013457784505057 0.05 0.9 0.9 0.4 0.4 0.85 0.9 0.45 0.7 0.9 0.95 0.4 0.55 0.4 0.8 0.85 0.8 0.55 0.75 0.25 0.1 0.8 0.5 0.4 0.0 0.45 0.55 0.95 0.1 0.65 0.9 0.1 0.15 0.35 0.65 0.7 
-0.18960738354812595 0.6446526585471404 0.32587428329364865 0.05 0.0 0.15 0.9 0.35 0.4 1.0 0.45 0.65 0.7 0.1 0.4 1.0 0.4 0.8 0.6 0.5 0.3 0.5 0.8 0.75 0.95 0.55 0.5 0.3 0.8 0.9 1.0 0.1 0.65 1.0 0.9 1.0 0.9 0.8 0.25 
-0.2846808188580773 0.6839299341206425 0.35347401401064626 0.15 0.0 0.15 0.2 0.5 0.5 1.0 0.45 0.65 0.65 0.1 0.4 1.0 0.4 0.8 0.75 0.5 0.35 0.55 0.8 0.75 0.95 0.55 0.5 1.0 0.15 0.75 1.0 0.1 0.65 0.8 0.3 0.7 0.1 0.45 0.1 
-12.760248683720242 0.6297190133778054 0.7166890318380643 0.65 0.0 1.0 0.7 0.55 0.1 0.25 0.55 0.85 0.9 0.15 0.65 0.55 0.2 0.5 1.0 0.95 0.8 1.0 1.0 0.05 0.65 0.5 0.2 0.95 0.1 0.35 0.9 0.35 0.45 0.6 0.5 0.7 0.35 0.75 0.95 
-0.14670011748394746 0.7254155772546371 0.4170877960767804 0.7 0.0 0.8 0.9 0.9 0.6 0.95 0.45 0.85 0.95 1.0 0.45 0.7 0.3 0.75 0.75 0.5 0.3 0.7 0.25 0.1 0.8 0.5 0.4 0.75 0.0 0.55 0.7 0.1 0.65 0.35 0.1 0.15 0.55 0.7 1.0 
-0.006137390741014523 0.6743505645664577 0.32753121956709197 0.05 0.0 0.5 0.4 0.4 0.4 1.0 0.45 0.65 0.65 0.1 0.4 0.9 0.4 0.8 0.75 0.5 0.3 0.5 0.8 0.75 0.95 0.55 0.5 0.55 0.15 0.75 1.0 0.1 0.65 0.8 0.5 0.1 0.1 0.6 0.7 
-0.03103279965208347 0.2981179845939519 0.6570116785172824 0.4 0.55 0.9 0.2 0.8 0.75 0.85 0.15 0.35 0.45 0.2 0.4 0.3 0.7 0.4 0.9 0.1 0.8 1.0 0.85 0.15 0.95 0.75 0.85 0.55 0.4 0.6 0.3 0.9 0.65 0.05 0.7 0.35 0.9 0.8 0.6 
-0.0731641401618863 0.23418123100403415 0.5490122891784537 0.65 0.8 0.25 0.55 0.55 0.75 1.0 0.3 0.75 0.3 0.9 0.65 0.85 1.0 0.6 0.9 0.05 0.65 0.95 0.75 0.5 0.55 0.75 0.95 1.0 0.55 0.75 0.95 0.0 0.35 0.1 0.6 0.25 0.85 0.65 0.8 
-0.008556462711396665 0.338876071911978 0.6725103089736859 0.05 0.75 0.25 0.55 0.55 0.35 1.0 0.3 0.75 0.4 0.9 0.65 0.85 1.0 0.65 0.9 0.05 0.9 0.85 0.8 0.7 0.85 0.75 0.95 1.0 0.4 0.55 0.7 0.95 0.35 0.6 0.35 0.25 0.85 0.65 0.25 
-0.018382233799054713 0.28768561235411716 0.3827935278261599 0.65 0.35 0.05 0.35 0.15 0.25 1.0 0.1 0.45 0.7 0.3 0.45 0.95 0.0 0.75 0.6 0.1 0.8 0.95 0.65 0.9 0.7 0.85 0.85 0.75 0.3 0.2 0.15 0.4 0.65 0.65 0.2 1.0 0.5 0.1 0.45 
-0.012434384117640293 0.23050719599173503 0.6036383588551035 0.05 0.75 0.5 0.55 0.55 0.35 1.0 0.3 0.75 0.3 0.9 0.7 0.85 1.0 0.6 0.9 0.05 0.65 0.95 0.8 0.6 0.85 0.75 0.95 0.9 0.4 0.55 0.7 1.0 0.35 0.6 0.35 0.25 0.85 0.65 0.25 
-0.09711075106441877 0.6391387825941994 0.31171059803808465 0.3 0.0 0.15 0.4 0.4 0.4 1.0 0.45 0.75 0.65 0.1 0.4 1.0 0.4 0.8 0.45 0.5 0.3 0.55 0.8 0.75 0.95 0.5 0.5 0.95 0.15 0.75 1.0 0.1 0.65 0.8 0.3 0.15 0.1 0.45 0.7 
-0.6895972673440154 0.4667976125527712 0.6831217734533357 0.15 0.3 0.9 0.6 0.55 0.85 0.45 0.3 0.45 0.7 0.2 0.4 0.9 0.1 1.0 0.65 0.0 0.3 1.0 0.85 0.25 0.95 0.75 0.85 0.6 0.3 0.4 0.6 0.95 0.8 0.9 0.7 0.45 0.7 0.05 0.2 
-1.4594598042515972 0.3809913712792226 0.6921537307294496 0.15 0.5 0.9 0.4 0.0 0.1 0.85 0.05 0.3 0.7 0.2 0.45 0.9 0.7 0.5 0.9 0.1 0.8 1.0 0.75 0.6 0.95 0.75 0.8 0.95 0.4 0.5 0.3 0.95 0.55 0.05 0.0 0.4 0.9 0.8 0.4 
-172.109152333248 0.4964465563107213 0.6694755703535445 0.2 0.4 1.0 0.7 0.15 0.2 0.8 0.95 0.8 0.9 0.15 0.65 0.45 0.25 0.65 0.95 0.95 0.8 0.85 1.0 0.05 0.65 0.5 0.25 0.95 0.2 0.35 1.0 0.35 0.4 0.3 0.5 0.35 0.55 0.65 0.8 
-0.03605922410879201 0.29756771767185464 0.6750552450029067 0.05 0.75 0.25 0.55 0.55 0.35 1.0 0.3 0.75 0.4 0.9 0.65 0.85 1.0 0.6 0.9 0.05 0.65 0.95 0.8 0.5 0.85 0.75 0.95 0.75 0.4 0.55 0.7 0.95 0.35 0.6 0.35 0.25 0.85 0.65 0.25 
-0.2022871806186867 0.3254834822495153 0.6631500855144261 0.05 0.75 0.25 0.55 0.55 0.35 1.0 0.3 0.75 0.4 0.9 0.65 0.85 1.0 0.6 0.9 0.05 0.65 0.95 0.8 0.5 0.65 0.75 0.95 0.75 0.4 0.55 0.7 0.95 0.35 0.6 0.35 0.25 0.85 0.65 0.25 
-2.131181007151118 0.5461079312909148 0.713956428277656 0.85 0.0 1.0 0.2 0.3 0.8 0.2 0.65 0.55 0.9 0.15 0.65 0.3 0.3 0.05 0.95 0.9 0.8 1.0 1.0 0.1 0.6 0.5 0.2 0.95 0.1 0.35 0.95 0.35 0.45 0.4 0.5 0.95 0.35 0.75 0.8 
-0.047447290366833796 0.6959998475681134 0.3713356334148128 0.05 0.65 0.15 0.6 0.4 0.75 1.0 0.45 0.5 0.8 0.9 0.15 0.85 0.4 0.8 0.8 0.5 0.3 0.55 0.8 0.75 0.95 0.55 0.5 0.8 0.15 0.9 1.0 0.1 0.65 0.55 0.3 0.1 0.7 0.45 0.4 
-0.04323786462545357 0.713455168847919 0.3984329848976796 0.7 0.8 0.8 0.9 0.3 0.6 0.95 0.45 0.85 0.95 1.0 0.45 0.8 0.3 0.75 0.75 0.5 0.3 0.7 0.25 0.1 0.8 0.5 0.45 0.75 0.0 0.55 0.65 0.1 0.65 0.15 0.1 0.15 0.55 0.5 1.0 
-0.09384343141665659 0.24139003216908972 0.6444188512468937 0.05 0.75 0.25 0.55 0.55 0.05 1.0 0.3 0.75 0.3 0.9 0.65 0.85 1.0 0.6 0.9 0.05 0.65 1.0 0.8 0.85 0.85 0.7 0.9 1.0 0.4 0.55 0.7 0.95 0.35 0.6 0.35 0.25 0.85 0.65 0.25 
-0.3028576332895615 0.345958468763111 0.6865876649913218 0.15 0.5 0.9 0.4 0.0 0.65 0.85 0.05 0.3 0.7 0.2 0.45 0.6 0.7 0.5 0.95 0.1 0.8 0.95 0.75 0.4 0.95 0.75 0.8 0.95 0.4 0.5 0.3 0.95 0.55 0.05 0.0 0.4 0.9 0.8 0.1 
-0.3800880298746634 0.30480322499411383 0.6895701891032701 0.05 0.75 0.25 0.55 0.55 0.35 1.0 0.3 0.75 0.4 0.9 0.65 0.85 1.0 0.6 0.9 0.05 0.65 0.85 0.8 0.7 0.85 0.75 0.95 1.0 0.4 0.55 0.7 0.95 0.35 0.6 0.35 0.25 0.85 0.65 0.25 
-0.10709781645288013 0.26361036677015204 0.6557642044619978 0.05 0.75 0.25 0.55 0.55 1.0 1.0 0.3 0.75 0.3 0.9 0.65 0.85 1.0 0.6 0.9 0.05 0.65 0.95 0.8 0.7 0.85 0.75 0.9 1.0 0.4 0.55 0.7 0.95 0.35 0.6 0.35 0.25 0.85 0.65 0.25 
-0.014562743968987475 0.7448286327760963 0.4105200927258635 0.05 0.0 0.15 0.4 0.4 0.4 0.95 0.45 0.5 0.8 0.1 0.15 0.9 0.3 0.8 0.35 0.5 0.3 0.55 0.8 0.75 0.95 0.55 0.5 1.0 0.15 0.75 1.0 0.1 0.65 0.8 0.3 0.1 0.1 0.45 0.7 
-0.2083908631287451 0.698347689457108 0.3415037506061627 0.15 0.0 0.15 0.4 0.5 0.4 1.0 0.45 0.45 0.65 0.1 0.4 1.0 0.4 0.8 0.75 0.5 0.3 0.55 0.8 0.75 0.95 0.55 0.5 1.0 0.15 0.75 1.0 0.1 0.65 0.8 0.3 0.7 0.1 0.45 0.7 
-7.688967073632221 0.7554193494631429 0.5563097258129861 0.6 0.8 0.25 0.0 1.0 0.35 0.75 0.5 0.85 1.0 0.15 0.65 0.85 0.2 0.3 0.95 0.95 0.8 0.9 1.0 0.1 0.75 0.5 0.2 0.8 0.95 0.45 0.95 0.35 0.45 0.9 0.95 0.95 0.0 0.75 0.15 
-0.2156349834365996 0.7301489414393442 0.38624372548682695 0.05 0.0 0.15 0.4 0.4 0.95 0.95 0.45 0.5 0.8 0.1 0.0 0.9 0.3 0.55 0.35 0.5 0.3 0.55 0.8 0.75 1.0 0.55 0.5 1.0 0.15 0.75 1.0 0.1 0.65 0.8 0.85 0.1 0.75 0.45 0.7 
-0.3046006140563506 0.6835943672057032 0.31736788513522785 0.05 0.0 0.15 0.4 0.4 0.4 1.0 0.45 0.5 0.65 0.1 0.3 0.9 0.4 0.8 0.6 0.5 0.3 0.55 0.8 0.75 0.95 0.55 0.5 0.85 0.15 0.75 1.0 0.1 0.65 0.4 0.3 0.1 0.1 0.45 0.7 
-0.1565915297591259 0.27467609751866917 0.6652631219651118 0.05 0.75 0.25 0.55 0.55 0.05 1.0 0.3 0.75 0.35 0.9 0.65 0.85 1.0 0.6 0.9 0.05 0.65 0.95 0.8 0.85 0.85 0.7 0.9 1.0 0.4 0.55 0.7 0.95 0.35 0.6 0.35 0.25 0.85 0.65 0.25 
-0.011667034133164915 0.7230086146288025 0.3635866952264155 0.05 0.65 0.15 0.4 0.4 0.4 1.0 0.45 0.5 0.8 1.0 0.15 0.85 0.4 0.8 0.8 0.5 0.3 0.55 0.8 0.75 0.95 0.55 0.5 0.95 0.15 0.75 1.0 0.1 0.65 0.8 0.3 0.1 0.7 0.45 0.4 
-33.099671130032746 0.6859377567700187 0.71924409755977 1.0 0.8 1.0 0.7 0.9 0.1 1.0 0.5 0.5 0.9 0.15 0.65 0.85 0.2 0.45 0.95 0.95 0.8 1.0 1.0 0.05 0.65 0.5 0.2 0.95 0.1 0.35 0.9 0.35 0.45 0.05 0.5 0.7 0.0 0.95 0.8 
-0.0914661045996875 0.7489188042033496 0.4335403019252948 0.05 0.0 0.15 0.4 0.4 0.4 0.95 0.45 0.5 0.8 0.1 0.15 0.9 0.3 0.8 0.35 0.5 0.3 1.0 0.8 0.75 0.95 0.55 0.5 1.0 0.15 0.75 1.0 0.1 0.65 0.8 0.3 0.1 0.1 0.45 0.7 
-7.492281867180946 0.6551080532793259 0.3037880424005538 0.05 0.0 0.8 0.4 0.4 0.4 0.95 0.45 0.65 0.8 0.1 0.4 0.9 0.4 0.8 0.75 0.5 0.3 0.55 0.8 0.75 0.95 0.5 0.5 0.65 0.15 0.75 1.0 0.1 0.65 0.8 0.3 0.15 0.1 0.45 1.0 
-0.713120984275632 0.7077244438758035 0.33525709543282833 0.05 0.8 0.15 0.4 0.4 0.4 1.0 0.45 0.5 0.65 0.1 0.3 0.9 0.4 0.8 0.75 0.5 0.3 0.55 0.8 0.75 0.95 0.55 0.5 1.0 0.15 0.75 1.0 0.1 0.65 0.8 0.3 0.1 0.1 0.85 0.7 
-0.3705625487157418 0.7447907378021178 0.4565191266177767 0.05 0.0 0.15 0.4 0.4 0.4 0.95 0.45 0.45 0.8 0.1 0.15 0.9 0.3 0.3 0.35 0.5 0.3 0.8 0.8 0.75 0.95 0.55 0.5 1.0 0.15 0.75 1.0 0.1 0.65 0.8 0.3 0.1 0.1 0.45 0.7 
-0.2961772098649074 0.7309274963219984 0.3627186913738165 0.05 0.0 0.15 0.4 0.4 0.4 1.0 0.45 0.5 0.8 1.0 0.15 0.9 0.4 0.8 0.8 0.5 0.3 0.55 0.8 0.75 0.95 0.55 0.5 0.95 0.15 0.75 1.0 0.1 0.65 0.8 0.3 0.1 0.7 0.45 0.7 
-7.242832550764002 0.7558301162637082 0.5182597971938273 0.45 0.0 0.25 0.8 1.0 0.05 0.75 0.5 0.85 1.0 0.15 0.65 1.0 0.2 0.5 1.0 0.95 0.8 0.75 0.1 0.45 0.75 0.5 0.2 1.0 0.1 0.6 0.9 0.05 0.1 0.35 0.6 0.8 0.75 0.75 0.05 
-9.200947382451096 0.7636956720069021 0.552417205814195 0.45 0.0 0.25 0.8 0.6 0.05 0.55 0.5 0.85 1.0 0.15 0.65 1.0 0.2 0.4 1.0 0.95 0.8 0.6 0.1 0.45 0.75 0.5 0.2 1.0 0.1 0.6 0.95 0.05 0.1 0.35 0.6 0.8 0.75 0.75 0.05 
-15.053237377924756 0.7747379364690608 0.5277764902226001 0.45 0.0 0.25 0.8 0.6 0.05 0.9 0.5 0.85 1.0 0.15 0.65 1.0 0.2 0.4 1.0 0.95 0.8 0.6 0.1 0.45 0.75 0.5 0.2 1.0 0.1 0.6 0.95 0.05 0.1 0.35 0.6 0.8 0.75 0.75 0.05 
-0.03538664404012379 0.7551713594478583 0.39585138665574654 0.05 0.0 0.15 0.4 0.4 0.95 0.95 0.45 0.5 0.8 0.1 0.15 0.9 0.3 0.6 0.35 0.5 0.3 0.55 0.8 0.75 1.0 0.55 0.5 1.0 0.15 0.75 1.0 0.1 0.65 0.8 0.3 0.1 0.85 0.45 0.7 
-0.33243765276305515 0.24129488236334296 0.6711612671655847 0.05 0.15 0.25 0.55 0.55 0.05 1.0 0.3 0.75 0.3 0.9 0.65 0.9 1.0 0.6 0.9 0.05 0.65 0.95 0.8 0.55 0.75 0.7 0.9 1.0 0.4 0.55 0.7 0.95 0.35 0.6 0.35 0.25 0.85 0.65 0.25 
-0.3300915990163218 0.7571666610917562 0.4014815225565134 0.05 0.0 0.15 0.4 0.4 0.95 0.95 0.45 0.5 0.8 0.1 0.15 0.9 0.3 0.55 0.35 0.5 0.3 0.55 0.8 0.75 1.0 0.55 0.5 1.0 0.15 0.75 1.0 0.1 0.65 0.8 0.3 0.1 0.75 0.45 0.7 
-13.294217061240941 0.7844677829477618 0.5595564866361007 0.45 0.0 0.25 0.8 0.6 0.65 0.75 0.5 0.6 1.0 0.15 0.65 1.0 0.2 0.4 1.0 0.95 0.8 0.9 0.1 0.45 0.8 0.5 0.2 1.0 0.1 0.6 0.95 0.05 0.1 0.35 0.6 0.8 0.75 0.7 0.05 
-0.3606089312607783 0.2359655608752273 0.5652324534225843 0.05 0.75 0.25 0.55 0.55 0.35 0.95 0.3 0.75 0.3 0.9 0.65 0.85 1.0 0.6 0.9 0.05 0.65 0.95 0.8 0.7 0.85 0.65 0.95 1.0 0.4 0.55 0.7 1.0 0.35 0.6 0.35 0.25 0.85 0.65 0.25 
-29.083438021018196 0.7070533417706573 0.7161434367798605 1.0 0.0 1.0 0.7 0.9 0.1 1.0 0.5 0.75 0.9 0.15 0.65 0.85 0.25 0.5 0.95 0.95 0.8 0.95 1.0 0.05 0.65 0.5 0.2 0.95 0.1 0.35 0.9 0.35 0.45 0.25 0.5 0.7 0.0 0.95 0.9 
-0.1872777690948016 0.23354725711651186 0.6157007047478185 0.05 0.8 0.15 0.55 0.55 0.35 1.0 0.3 0.75 0.3 0.9 0.7 0.85 1.0 0.6 0.9 0.05 0.65 0.95 0.75 0.5 0.65 0.7 0.95 0.9 0.55 0.75 0.85 0.0 0.35 0.6 0.6 0.25 0.85 0.35 0.8 
-6.9001310096856905 0.7636367207937136 0.5879822007736256 0.45 0.0 0.25 0.8 0.6 0.05 0.75 0.5 0.3 1.0 0.15 0.65 1.0 0.15 0.4 1.0 0.95 0.8 0.75 0.1 0.45 0.75 0.5 0.2 1.0 0.1 0.6 0.95 0.05 0.1 0.35 0.6 0.8 0.9 0.75 0.05 
-1.0305584253936415 0.22630584413617477 0.6123825676512032 0.05 0.8 0.15 0.55 0.55 0.35 1.0 0.3 0.75 0.3 0.9 0.65 0.85 1.0 0.6 0.9 0.05 0.65 0.95 0.75 0.5 0.65 0.7 0.95 0.9 0.55 0.75 0.85 0.0 0.35 0.6 0.6 0.25 0.85 0.35 0.8 
-0.41704957674877996 0.2680229887243687 0.39016423331698435 0.65 0.0 0.05 0.35 0.15 0.25 1.0 0.1 0.45 0.7 0.3 0.45 1.0 0.0 0.75 0.7 0.1 0.8 1.0 0.65 0.9 0.7 0.85 0.85 0.8 0.3 0.25 0.15 0.4 0.65 0.65 0.7 1.0 0.5 0.45 0.45 
-9.45832012457891 0.40480776864827833 0.6996933802559361 0.15 0.55 0.9 0.3 0.5 0.1 0.85 0.2 0.4 0.7 0.2 0.4 0.85 0.85 0.0 0.9 0.1 0.8 0.9 0.85 0.15 0.95 0.75 0.85 1.0 0.4 0.5 0.3 0.9 0.65 0.95 0.6 0.35 0.9 0.8 0.7 
-9.452838624908924 0.7644442826828377 0.6050544202632174 1.0 0.0 1.0 0.7 0.35 0.65 1.0 0.5 0.8 0.9 0.15 0.65 0.95 0.2 0.45 1.0 0.95 0.8 0.75 0.45 0.15 0.65 0.5 0.2 0.95 0.1 0.35 0.9 0.35 0.45 0.05 0.5 0.7 0.4 0.95 0.8 
-30.42926447549512 0.7111094687497528 0.711926613000286 1.0 0.0 1.0 0.65 0.9 0.1 1.0 0.5 0.75 0.9 0.15 0.65 0.85 0.25 0.5 0.95 0.95 0.8 0.9 1.0 0.05 0.65 0.5 0.2 0.95 0.1 0.35 0.9 0.35 0.45 0.25 0.5 0.7 0.0 0.95 0.9 
-0.3094722990188394 0.5295271597665543 0.7209636643077711 0.85 0.0 1.0 0.2 0.3 0.8 0.2 0.65 0.55 0.9 0.15 0.65 0.3 0.3 0.05 0.95 0.9 0.8 1.0 1.0 0.1 0.65 0.5 0.2 1.0 0.1 0.35 0.95 0.35 0.45 0.4 0.5 0.95 0.35 0.75 0.8 
-1.0163161432775354 0.4896741758266117 0.2946239076903916 0.25 0.0 0.9 0.35 0.35 0.0 1.0 0.3 0.85 0.05 0.35 0.7 0.95 0.05 0.75 0.75 0.1 0.8 1.0 0.2 0.15 0.75 0.9 0.7 0.8 0.4 0.25 0.1 0.6 0.2 0.7 0.9 0.95 0.55 0.45 0.05 
-15.054816890867993 0.7772599843763386 0.5879295875529533 0.45 0.0 0.25 0.8 0.5 0.05 0.75 0.5 0.55 1.0 0.15 0.65 1.0 0.2 0.4 1.0 0.95 0.8 0.75 0.1 0.45 0.75 0.5 0.2 0.95 0.1 0.6 0.95 0.05 0.1 0.35 0.6 0.8 0.75 0.4 0.05 
-1.0264300087543778 0.26734071723052166 0.6817716869846077 0.05 0.75 0.25 0.55 0.55 0.05 1.0 0.3 0.75 0.35 0.9 0.65 0.85 1.0 0.6 0.9 0.05 0.65 0.95 0.8 0.55 0.85 0.7 0.9 1.0 0.4 0.55 0.7 0.95 0.35 0.6 0.35 0.25 0.85 0.65 0.15 
-12.69693311278528 0.755464693430763 0.496454707777739 0.45 0.0 0.25 0.8 0.6 0.65 0.75 0.5 0.6 1.0 0.15 0.65 1.0 0.2 0.4 1.0 0.95 0.75 0.6 0.1 0.45 0.8 0.5 0.2 1.0 0.1 0.6 0.95 0.05 0.1 0.35 0.6 0.8 0.75 0.75 0.05 
-1.3025645350755515 0.32998455389041137 0.6971855535324132 0.05 0.75 0.25 0.55 0.6 0.05 1.0 0.3 0.75 0.45 0.9 0.6 0.85 1.0 0.6 0.9 0.05 0.65 0.95 0.8 0.85 0.85 0.7 0.9 1.0 0.4 0.55 0.7 0.95 0.35 0.6 0.35 0.25 0.85 0.65 0.25 
-40.1701708334003 0.7628558730268484 0.4756840923835471 0.45 0.0 0.25 0.8 0.6 0.05 0.75 0.5 0.85 1.0 0.15 0.65 1.0 0.2 0.4 1.0 0.95 0.8 0.6 0.2 0.45 0.75 0.5 0.2 1.0 0.1 0.6 0.95 0.05 0.1 0.35 0.6 0.8 0.75 0.75 0.05 
-13.297272265186056 0.4015765276473459 0.7096912620625894 0.15 0.55 0.15 0.3 0.5 0.1 0.85 0.2 0.4 0.7 0.2 0.4 0.85 0.7 0.0 0.9 0.1 0.8 1.0 0.85 0.15 0.9 0.75 0.85 1.0 0.4 0.5 0.3 0.9 0.65 0.05 0.6 0.35 0.9 0.8 0.7 
-5.176875089672837 0.340371689196836 0.7015546875353953 0.15 0.5 0.9 0.4 0.0 0.1 0.85 0.05 0.3 0.65 0.2 0.45 0.9 0.7 0.5 0.9 0.1 0.8 1.0 0.75 0.6 0.95 0.75 0.8 0.95 0.4 0.5 0.3 0.95 0.55 0.05 0.0 0.4 0.9 0.8 0.4 
-5.360533504779479 0.22702200756391222 0.6490781400322362 0.05 0.75 0.25 0.55 0.55 0.05 1.0 0.3 0.75 0.3 0.9 0.65 1.0 1.0 0.6 0.9 0.05 0.65 0.95 0.8 0.45 0.85 0.7 0.9 1.0 0.4 0.55 0.7 0.95 0.35 0.6 0.35 0.25 0.85 0.65 0.25 
-1.2351677222316106 0.22080525880810947 0.5878243616178904 0.05 0.75 0.5 0.55 0.55 0.35 1.0 0.3 0.75 0.3 0.9 0.7 0.9 1.0 0.6 0.9 0.05 0.65 0.95 0.8 0.6 0.75 0.75 0.95 0.9 0.4 0.55 0.7 1.0 0.35 0.6 0.35 0.25 0.85 0.65 0.25 
-15.042664163022017 0.3498830659807916 0.317898440355158 0.15 0.35 0.25 0.9 0.4 0.0 1.0 0.0 0.5 0.15 0.35 0.8 0.95 0.05 0.75 0.8 0.1 0.8 0.85 0.1 0.3 0.75 0.9 0.7 0.85 0.4 0.4 0.1 0.6 0.2 0.95 0.25 0.95 0.4 0.45 0.05 
-9.628209667683334 0.23634198419722918 0.47726918708600674 0.65 0.95 0.15 0.55 0.55 0.35 1.0 0.25 0.75 0.3 0.9 0.55 0.95 1.0 0.6 0.9 0.05 0.65 0.95 0.8 0.5 0.55 0.75 0.95 0.75 0.4 0.75 0.85 1.0 0.35 0.6 0.6 0.25 0.85 0.65 0.75 
-11.073328490835982 0.38856043971071275 0.2917509445115788 0.25 0.0 0.9 0.35 0.35 0.0 1.0 0.3 0.85 0.05 0.35 0.7 0.95 0.05 0.75 0.75 0.1 0.8 1.0 0.2 0.45 0.75 0.9 0.7 0.8 0.4 0.25 0.1 0.6 0.2 0.7 0.9 0.95 0.55 0.45 0.05 
-2.380187031798125 0.2301546892277737 0.6564582970689723 0.05 0.15 0.25 0.55 0.55 0.05 1.0 0.3 0.75 0.3 0.9 0.65 0.9 1.0 0.6 0.9 0.05 0.65 0.95 0.8 0.55 0.85 0.7 0.9 1.0 0.4 0.55 0.7 0.95 0.35 0.6 0.35 0.25 0.85 0.65 0.25 
-24.497766221961427 0.7565261327260995 0.6594197668787241 1.0 0.0 0.0 0.7 0.9 0.1 1.0 0.5 0.8 0.9 0.15 0.65 0.85 0.2 0.45 0.95 0.95 0.8 0.95 1.0 0.05 0.8 0.5 0.2 0.95 0.1 0.35 0.9 0.35 0.45 0.05 0.5 0.7 0.0 0.95 0.8 
-12.61253296251565 0.6121388300814664 0.7372651830632789 0.65 0.0 1.0 0.7 0.55 0.1 0.25 0.55 0.7 0.9 0.15 0.65 0.55 0.2 0.5 1.0 0.95 0.8 1.0 1.0 0.05 0.65 0.5 0.2 0.95 0.1 0.25 0.9 0.35 0.4 0.6 0.5 0.7 0.35 0.75 0.95 
