1.0 0.5000036592644614 0.49904138497902006 0.0902165826474618 0.19262961160507408 
1.0 0.4779629832555973 0.5555459550007743 0.34459025133541055 0.9473396148631952 
1.0 0.32209184519629475 0.6410493485261034 0.39681320009385657 0.8547825611883325 
1.0 0.4637740482543022 0.5031612356077657 0.48998086082480896 0.12313360924988581 
1.0 0.44265103038157466 0.5945373771964484 0.39814076734655046 0.9487630260823017 
1.0 0.5090553951611885 0.4908392139851916 0.8787708004002277 0.552533567065449 
1.0 0.551308868863654 0.4546612148712189 0.9369399996642653 0.5325153650169209 
1.0 0.29046626339259196 0.41734238265826773 0.5727478599938483 0.0894462069034514 
1.0 0.30273961988192166 0.4211249720178026 0.5899258767903296 0.11523112573017358 
1.0 0.48140974129365033 0.6725994904004077 0.2900169282286085 0.8386411841468516 
1.0 0.5782954136016787 0.4280057913801672 0.8450081634567627 0.27774163009306796 
1.0 0.5564700058578607 0.4328674536080484 0.8364706114172902 0.25306445985514114 
1.0 0.5481438062361653 0.4996452342920628 0.9345616228255111 0.333935260372039 
1.0 0.37818281568887857 0.31404667641387707 0.6691274913011022 0.20694062678545933 
1.0 0.44898604155303556 0.3905636812451922 0.7046069380210088 0.292214191388542 
1.0 0.7150293780869345 0.40274543770772137 0.9367893515215053 0.4490969466213379 
1.0 0.5049849610673194 0.5329060828417878 0.251730882992549 0.8727450397779299 
1.0 0.4707399885658961 0.7182591770966271 0.23632859153032149 0.7309063218767875 
1.0 0.565189988030842 0.5368818423554292 0.057288354381271 0.4654979162936548 
1.0 0.5116422032280632 0.4974263887156576 0.8887005252140247 0.24921495919792325 
1.0 0.5048320165266309 0.44416929303431146 0.7748201597447356 0.415007802471862 
1.0 0.48370911530138977 0.47412067070905745 0.678320422147037 0.3390893479120609 
1.0 0.5238693794353176 0.558344869093703 0.14136795141841296 0.5409202494845401 
1.0 0.7055335044882427 0.38679323650983033 0.9298577924793927 0.44002097475514235 
1.0 0.5109660225199337 0.5204047183211392 0.14738873530782204 0.5023772980561024 
1.0 0.3100110459078558 0.5570419775384221 0.42141633904595466 0.8906625754091416 
1.0 0.596910504230179 0.4424349615226478 0.9559459724606407 0.5259976845877415 
1.0 0.442745098172533 0.514500212905849 0.4327150918805234 0.807746070282002 
1.0 0.4366306872781779 0.510939235736539 0.4441607986234811 0.8242965390070915 
1.0 0.5979214389648866 0.4072720008139926 0.9338560442541369 0.4847854884247711 
1.0 0.4872913890546718 0.4597170319084002 0.6457189166356604 0.03911493105355357 
1.0 0.5091282139979864 0.40932852635998274 0.7318601931479193 0.1508129335033359 
1.0 0.5205633273118686 0.2692713462535756 0.7291551610640703 0.23906439683861713 
1.0 0.422581635832592 0.4049090873953182 0.6733155914010746 0.25294642610164964 
1.0 0.6485724568798596 0.5322440527460369 0.08231769834599711 0.6188235234541999 
1.0 0.35783566411444423 0.6764808215788661 0.3995152551047845 0.8889090920510784 
1.0 0.47048177850939 0.5259125604178776 0.41108402310126635 0.03161846190358619 
1.0 0.4946066303510057 0.6348151178719799 0.21237227424871097 0.6471327605789412 
1.0 0.5370488103611948 0.41511394769502885 0.8367576381358282 0.44546667918274707 
1.0 0.4917033895920035 0.27243948467396784 0.7007789945497355 0.2124269386734029 
1.0 0.35886054706103065 0.3903814337454954 0.6404384183948303 0.1877847538733266 
1.0 0.44283455955565637 0.72940008673476 0.2928817413123669 0.8008177165231332 
1.0 0.36956155276069946 0.43183224018166905 0.5584634172651077 0.9847608673607084 
1.0 0.48456547327495547 0.7291666270054615 0.26723378930430775 0.7931463388895593 
1.0 0.534476642801537 0.4712474232270859 0.8538466781874013 0.24674804038226805 
1.0 0.5011756153915478 0.4174686464489276 0.7035430315308485 0.12507770440535027 
1.0 0.4481489409029932 0.6964741267698754 0.28445541911535455 0.7288769342833425 
1.0 0.6025187310599306 0.3931964312998518 0.9226144428904204 0.4712270373910352 
1.0 0.4119177980521795 0.43412366630752575 0.6414754136091185 0.22179004832488047 
1.0 0.5542601773359778 0.3374111923701151 0.8298654876691021 0.39305931144409323 
1.0 0.7216007271292996 0.5632427139640784 0.055571345081465995 0.5679483485442784 
1.0 0.5506160527367657 0.5379693364579288 0.07163598694106421 0.47715080474059424 
1.0 0.515420394666506 0.6070396853604537 0.18727166588730226 0.6056576067100494 
1.0 0.4811671493561863 0.49634238594599694 0.5342788034460227 0.8620585020634305 
1.0 0.6216865055842189 0.3072882159746284 0.86980602665848 0.3653503253686169 
1.0 0.4465649876753726 0.3313595593480657 0.7153850785383761 0.2853714495282813 
1.0 0.31630730181710465 0.38510804193459064 0.5827355258978062 0.04475952328185029 
1.0 0.468407062223966 0.497303866399624 0.49919161774381604 0.8421172476871903 
1.0 0.43482990457289655 0.48989374573885525 0.5196000973000986 0.8912212170089069 
1.0 0.43726512130916206 0.47726838190497534 0.5352175234985598 0.9189649313180845 
1.0 0.6132458213655767 0.4980768977483577 0.9573266519674629 0.3924659277509637 
1.0 0.4034767365356803 0.30361948899001157 0.6466059103807316 0.13757659206658268 
1.0 0.5065285162383517 0.6120087844004222 0.26852975912719745 0.8374445411759808 
1.0 0.5972926877463967 0.32409494964461416 0.877269097422405 0.3934579023190652 
1.0 0.6357616411440878 0.3060067745719828 0.8526391657786055 0.33236783140032655 
1.0 0.28943590169033884 0.433726675275681 0.5498796579563098 0.06782604675664738 
1.0 0.6610385931665438 0.5276420381925797 0.05334726322831651 0.6049056090286412 
1.0 0.6209710861959289 0.40832352208602013 0.9403112301574318 0.4903819810286051 
1.0 0.5181411219382388 0.35761465767221445 0.7277639532802391 0.1809928320402946 
1.0 0.36615189263656367 0.6612991513920812 0.4081411220056417 0.9146091255659295 
1.0 0.4740096916889197 0.5821465405998957 0.33054473611164625 0.9151983482690289 
1.0 0.48725837795734617 0.7104686528889592 0.2791082114036725 0.8118532443739835 
1.0 0.5229542363898467 0.3893373826392147 0.7528166736996402 0.18188809306166998 
1.0 0.2893672578104718 0.5761073872900146 0.45427482628336513 0.9565453937244335 
1.0 0.720197353321403 0.4465382627725215 0.9418140729331046 0.4375113427048992 
1.0 0.3831729145615835 0.4315554117348721 0.6177232318452243 0.18660894597828126 
1.0 0.6162119811431626 0.6182241225120522 0.16876283949962556 0.7081242198178685 
1.0 0.31981859293432013 0.6232358811472742 0.4357013154293147 0.9379593600318706 
1.0 0.5007887661884862 0.5555349772155014 0.22624362027361644 0.5926794791154609 
1.0 0.3146915149453763 0.5336521947569061 0.48742972821389785 0.02739324722018599 
1.0 0.660869629536801 0.645173726684105 0.1489270931445278 0.6600607501019549 
1.0 0.45704754313981044 0.7068571250957936 0.31088097260554937 0.8365014128006921 
1.0 0.36622999682018637 0.6862003035247423 0.3906983541325605 0.8752808439215511 
1.0 0.5378891847546365 0.5455207992053247 0.20157740160848214 0.7894479795488094 
1.0 0.5663511955214974 0.3738951037122358 0.8742723409279866 0.43344360728507336 
1.0 0.6729565301818832 0.5427719293855902 0.06612166642670902 0.612312046072687 
1.0 0.4868401063903405 0.4315580031513535 0.6935586439508915 0.09322895128233055 
1.0 0.2896506493175931 0.4660296156895846 0.5029445455157859 0.00937574329780655 
1.0 0.34104600806057395 0.4781558296672443 0.49329636663299425 0.9334805754912678 
1.0 0.40663163370217875 0.6869035745776431 0.37400003100349755 0.8809378920745726 
1.0 0.5145800703538226 0.37406527717737836 0.7204930490454875 0.1697255247619358 
1.0 0.3086217943951265 0.4570502379352751 0.518252707940853 0.9783865147361316 
1.0 0.5321298595441547 0.4658546422061977 0.8685628149643155 0.516658147629393 
1.0 0.6205215946361409 0.7058878163541678 0.16177195148496837 0.6625820781784 
1.0 0.5118953413527999 0.3276017663811157 0.715821029534687 0.183391004060672 
1.0 0.3884017410552087 0.2872900314107675 0.6644946012344667 0.18912865817591973 
1.0 0.6637316792925931 0.409972138623089 0.9512099021548821 0.48695127863298193 
1.0 0.6799319106059891 0.35341567656288764 0.8842295320011317 0.3673102162220614 
1.0 0.431674065967829 0.698297770422185 0.34711215907971654 0.8592280035675439 
1.0 0.5129513771668565 0.26646330137379803 0.7276080779051741 0.25099265519887326 
1.0 0.30057239177203965 0.5920837884688825 0.41606290150906194 0.8854043417657517 
1.0 0.3221550544694316 0.6158189817468753 0.39243451924538814 0.8523622253702071 
1.0 0.5279924830860784 0.41980767699724353 0.8230662414687941 0.43805035482999244 
1.0 0.3616701240293787 0.6245035926571758 0.370748590935417 0.8066842537516602 
1.0 0.5003095968999806 0.39776478783013 0.7005507875311413 0.13644982433589686 
1.0 0.5181787805777507 0.2985199254839479 0.7182526227708611 0.2021427074620742 
1.0 0.6274974079031521 0.5113159635913127 0.04528370515056013 0.6052650403813165 
1.0 0.6037422283413217 0.42688316933480785 0.9512724527539437 0.5085025078699433 
1.0 0.4487567371827645 0.43976123791175104 0.608569947404873 0.019446514073693567 
1.0 0.3218095481213251 0.518679423894937 0.5004908324759969 0.046340797839357545 
1.0 0.3454605902847354 0.6080444879516747 0.3874746972066236 0.8301832476329284 
1.0 0.6171769187104951 0.5172675812023098 0.05573552747081133 0.6199124135529436 
1.0 0.4101829233148633 0.38113446828330333 0.671774720383556 0.2450981021879651 
1.0 0.4919549162492463 0.7303781013654803 0.2243645311408712 0.7335889592019232 
1.0 0.6529274886155921 0.5842266090958864 0.1352227376630017 0.6579725946140991 
1.0 0.33325163577794215 0.4526049576942941 0.520979456280386 0.9655060204192284 
1.0 0.46428099210632245 0.3877854610052787 0.6564928238522952 0.09748261985330718 
1.0 0.5604687841997584 0.4801358538034445 0.8986000933578093 0.3091077481949559 
1.0 0.7264610066689722 0.5197450906811417 0.9870749352422833 0.48622519369101613 
1.0 0.4520375423293113 0.7309690769525617 0.28370847455091364 0.8001824619079845 
1.0 0.54904902686559 0.5711971429633879 0.20280658568748092 0.7764772178697401 
1.0 0.5239092808137625 0.6784002727969363 0.1777925927946109 0.6508468703249678 
1.0 0.58556958944125 0.3606460372804795 0.8891772166039069 0.43178779477655727 
1.0 0.3108162325593663 0.48261447873065083 0.485794211911576 0.9516667352131196 
1.0 0.3937082201384015 0.45004525929275907 0.595455676744885 0.17864656580916416 
1.0 0.48464834762262793 0.2638880694779929 0.7175338323194256 0.24800468464571046 
1.0 0.38423552097604263 0.5116456525594922 0.4475120259699478 0.8704397938759316 
1.0 0.5049823818271015 0.5586248331834858 0.20328973943124157 0.5810938047265695 
1.0 0.42479191511076 0.36579369068067014 0.690560132459487 0.2648491044718189 
1.0 0.5289796938488468 0.40174902504523 0.7674270862858084 0.19105544284577022 
1.0 0.6068760475326049 0.5708990837005711 0.15456659373936216 0.6943529035005312 
1.0 0.6771695324588316 0.3726313594823658 0.9267619855818453 0.4421403844397087 
1.0 0.5478807342880057 0.3925663336621202 0.8578436616103264 0.43584633122234995 
1.0 0.2907316700195097 0.5205811022501122 0.46385833759462264 0.9562513401623505 
1.0 0.36260170616873333 0.4826282338409768 0.4863099162324327 0.9199498408650103 
1.0 0.5070940831020909 0.4547713906519731 0.7511060426343785 0.13209717064226834 
1.0 0.34360457399135214 0.5647447988368418 0.4040051422756793 0.8535773955289737 
1.0 0.3425642753916007 0.4158916643412034 0.557213453527741 1.0 
1.0 0.46588809529499386 0.40132218349080684 0.6524977932270033 0.0862872044427048 
1.0 0.4621743542509083 0.5742129224457994 0.3779844576954299 0.9529938969011374 
1.0 0.6914627343355455 0.6095507741453297 0.11765524458920171 0.623557318479261 
1.0 0.5180062744803949 0.28892222646423393 0.7176146116927916 0.20891365157997188 
1.0 0.7064433396288751 0.46428166471430554 0.9346540671880617 0.42101967026232867 
1.0 0.40213551501171685 0.4933300334029436 0.4872029045870512 0.8903179246069453 
1.0 0.5238736088334162 0.6220341161828205 0.15728718916144446 0.6057128598765465 
1.0 0.6706136988419723 0.6068963382357464 0.13571117045840211 0.6513760812708947 
1.0 0.5615613984700228 0.40969311134837927 0.886935082456864 0.46721720973898095 
1.0 0.4465334244595757 0.27196179459111225 0.7043919696790261 0.24144301500198243 
1.0 0.38711379526753975 0.5416005072989372 0.41914475091877 0.835365976941791 
1.0 0.5691073778935012 0.2770960701397259 0.8160417141798723 0.309432722339567 
1.0 0.5665743349880826 0.38858392014863913 0.8751285310879022 0.4470140076060489 
1.0 0.6486092980943565 0.4010601219396615 0.9479329246235568 0.48062287329512876 
1.0 0.4691953080969819 0.7264775990944572 0.27632378758094617 0.8056372299140103 
1.0 0.5863172135673981 0.36953261244199054 0.8919687725039538 0.4411008596256555 
1.0 0.32754837003949067 0.663689777706206 0.4021932880335465 0.8816526207336535 
1.0 0.6612848774923177 0.5427126350889515 0.07819101251007433 0.619320643419441 
1.0 0.6230146534875103 0.3566013434763302 0.9133213925934986 0.43347400905604927 
1.0 0.4283101208526983 0.604092186131467 0.4009254055981341 0.947137690912473 
1.0 0.47157812106675406 0.28483207854487747 0.7316259875876024 0.2855257703252046 
1.0 0.28601354166475756 0.5040397056201418 0.478885847139288 0.9845877042088422 
1.0 0.5804617986770666 0.6898631531076171 0.1540873539383961 0.6338311558312087 
1.0 0.41280178435598247 0.44178399413144254 0.6344235053521878 0.21655521026667549 
1.0 0.39182504147747377 0.6168997509456086 0.424191320834646 0.9595810433412911 
1.0 0.4214413855092898 0.7038032516135805 0.3531974527742109 0.8568283846046022 
1.0 0.6498830643509935 0.3223218080117227 0.8843721824546832 0.3814153581436211 
1.0 0.33894067312693377 0.4828572001590183 0.4876073685218968 0.928759815918697 
1.0 0.6379114512378921 0.5513748648057439 0.09558028002849087 0.6436749884119934 
1.0 0.3516060529179944 0.545477724686756 0.41983512302320874 0.8598618193047646 
1.0 0.42992085305083494 0.2836360588232024 0.699981272548585 0.24425953528643032 
1.0 0.430823127322159 0.29149977326919185 0.6647813878481103 0.1592306122230322 
1.0 0.7016352620709773 0.3766151608248755 0.9252413457947065 0.4311300056736937 
1.0 0.4998528426050532 0.6566725725028407 0.2747699027815334 0.8296816633289208 
1.0 0.5885568113769781 0.28063281367992154 0.8255219099777449 0.30227014208905 
1.0 0.7248696990520352 0.4718530807304174 0.9518007830045969 0.4554958973282463 
1.0 0.3836645477935321 0.42801490968980205 0.6266012307388145 0.1906750539822926 
1.0 0.5417102376027934 0.5593322084415048 0.19985397067647395 0.7842407006378447 
1.0 0.49619122212821226 0.6435990103855569 0.20443135198750223 0.6492650655884317 
1.0 0.5920220027000257 0.4907478943745905 0.9340517161719497 0.3639345894688405 
1.0 0.43844843738930234 0.4607087212836787 0.6131646771458036 0.23030044829168406 
1.0 0.4813222252529102 0.5973728701162986 0.31856982807202283 0.889513714928339 
1.0 0.41297292192252494 0.5084319834712475 0.4514600527775454 0.852698699990256 
1.0 0.43685426218366386 0.6768950956543422 0.35196199287872504 0.8749036638149601 
1.0 0.7172098882161643 0.5124714943089591 0.9742309956449925 0.4639279240267618 
1.0 0.4324638391955686 0.42109256737513423 0.674908861213687 0.2618412000747674 
1.0 0.4863968464983849 0.6569526619235986 0.21132356248770034 0.665340344987515 
1.0 0.7327289546280755 0.4624920805533519 0.9574945405292993 0.4672586270236088 
1.0 0.5414167582921786 0.2684885974648986 0.764485693915155 0.26876906263517725 
1.0 0.4879103100354511 0.32641327157289446 0.6852698643405787 0.1604012857942987 
1.0 0.35056610414451006 0.5852992458865415 0.3992505505545551 0.8365444552352039 
1.0 0.38153171283247295 0.3787334522601368 0.6620177343121898 0.21505198103026493 
1.0 0.6808430921898769 0.39604082580766187 0.9471124710921891 0.46719379330805766 
1.0 0.5673849773969825 0.534642268794433 0.055170255718905006 0.46079565799375577 
1.0 0.5095767310765227 0.576903211485322 0.19155396868815222 0.5883073786069517 
1.0 0.5576681886378225 0.659919463350115 0.14630072489252266 0.6140604259003954 
1.0 0.6291378482978127 0.5763785695418424 0.06528631879283656 0.5036692248702966 
1.0 0.2930904014723912 0.5613585007299776 0.4654416698333093 0.9803317086072536 
1.0 0.6800775864457117 0.5838437330240753 0.11821859208986248 0.6336618426655913 
1.0 0.2851539960197029 0.5502597320012581 0.4673459580754809 0.9735523401956248 
1.0 0.6286372262300016 0.5415129457527059 0.09461013796844366 0.6426476666025128 
1.0 0.3240684928560478 0.42227028550570306 0.5461799066050259 1.0 
1.0 0.6464447370579983 0.3445527938914583 0.9062271256266938 0.41701627214625037 
1.0 0.3725265493607428 0.532020428067473 0.4289345141405539 0.8565108964762209 
1.0 0.6255172979118949 0.5845332716330834 0.14850297014034217 0.6825405562528799 
1.0 0.38820798620401503 0.7049572759334037 0.36636420040610174 0.8410906906697031 
1.0 0.4288885451278486 0.6290763914504014 0.3217432427065311 0.7318348783943099 
1.0 0.6681197022344504 0.6384557895654879 0.1425349363572158 0.6523353793044094 
1.0 0.6602936827510539 0.3822288694370361 0.93760974411326 0.4584467164882391 
1.0 0.3380031341203862 0.5470994926604202 0.42070274939215224 0.8693119241855453 
1.0 0.4620414640796831 0.5336141766487976 0.44026040604701666 0.037468266777638676 
1.0 0.578134774836386 0.5074771150074538 0.05367222669562413 0.6366876254196959 
1.0 0.6513343231466431 0.6823237150334415 0.1412548554308177 0.6264925544785551 
1.0 0.6713656179782318 0.3511355938739517 0.8776308446369235 0.3539042056662698 
1.0 0.5320365564805035 0.3237516210294543 0.7389591636156569 0.20475284598574078 
1.0 0.3238195275493474 0.5800710255811339 0.4087959690382181 0.864946542509462 
1.0 0.5485050345882613 0.2842071222188267 0.76481993426044 0.24094468951306697 
1.0 0.4693866459249545 0.4384651136891049 0.6470736915683066 0.050066805744686256 
1.0 0.3980670017723084 0.6420327268689294 0.34121281918134144 0.7636206559347443 
1.0 0.3818292259073539 0.566805857933074 0.39399061059405777 0.8182502585576692 
1.0 0.5579302854204445 0.272717543069691 0.8046037458972581 0.29337512729092674 
1.0 0.4083209884754753 0.28023641940834987 0.6769292129551071 0.20685562660037982 
1.0 0.3148262983253899 0.4403937777726807 0.57102706607724 0.11936620800764208 
1.0 0.7326418088236638 0.4516271967880474 0.9570745795043125 0.4671549509346094 
1.0 0.4494573385770615 0.6163374662094435 0.375252325364564 0.9164561045516612 
1.0 0.5110682943369846 0.37320228827837676 0.7156376114308666 0.1654322160334536 
1.0 0.37047983707657695 0.33029812963989413 0.6662067750665374 0.20152088047469804 
1.0 0.3311267159208424 0.40459450600191066 0.6195882766585202 0.15376515082812545 
1.0 0.6058028656533128 0.7095456616423039 0.16125709393632737 0.6535755037276234 
1.0 0.5344991827586817 0.2940010743195205 0.7378462552327002 0.21970450829552537 
1.0 0.4278573965582716 0.7239535630671379 0.29065034692027875 0.8005709101698761 
1.0 0.6443213542987822 0.6513566713464636 0.16198542858538997 0.6811251244634086 
1.0 0.5545835647667398 0.3498333557186908 0.8333484568376898 0.4036972147631853 
1.0 0.7201886960110787 0.4268721759654186 0.9584816834133024 0.4756712106358539 
1.0 0.40539254777628253 0.5293695828222507 0.41970794148178125 0.8289268479015238 
1.0 0.29519410800399026 0.6085217540373132 0.4368246682270023 0.9293956394907668 
1.0 0.6758216851456248 0.4457688958367302 0.9108962570676024 0.3800654671164381 
1.0 0.5767709460579926 0.7264314636493043 0.1895644593389163 0.696953225183432 
1.0 0.6831390029425721 0.5371273135999959 1.0 0.4608427306147531 
1.0 0.5946954333904002 0.34615197531470415 0.8854184642096025 0.41925839032262857 
1.0 0.4371017252380528 0.27640285430685907 0.6773423949511285 0.18820405799815276 
1.0 0.46053829803405116 0.33569702258691736 0.6610296373892237 0.1312651990792565 
1.0 0.47568093771455755 0.6031657066884262 0.3229955236882998 0.8918019705657566 
1.0 0.5754375046776726 0.30027507080539306 0.7934795460410573 0.25638785999381153 
1.0 0.49350055165767304 0.341474917804229 0.6865406506048727 0.15831846372662606 
1.0 0.5311192623396119 0.7352435932062626 0.2071246749859825 0.7188821761755785 
1.0 0.30432890546960023 0.5412634308188471 0.4348826757123059 0.9049001503136399 
1.0 0.5355016405386217 0.45813796245084865 0.9038395331790772 0.5212735582518674 
1.0 0.5739644248572269 0.6694687372315459 0.143001905971771 0.6157842803331106 
1.0 0.5052694313447835 0.3397121379918213 0.7044851819001648 0.17179777298876547 
1.0 0.5375825053025768 0.656941985320832 0.15608722291444155 0.6219751086498743 
1.0 0.35562560658028175 0.3919037641365337 0.632619379227918 0.1835787748357434 
1.0 0.5898871041763768 0.6919173658245604 0.19609186258053057 0.7254477799384677 
1.0 0.6601147112930466 0.5851363866262087 0.13017196039417717 0.6523596410104336 
1.0 0.4089296451722788 0.5974693931949181 0.35655716976484736 0.7703028608595847 
1.0 0.412439972211031 0.5501699158825659 0.4572638864841925 0.025843544269850527 
1.0 0.4064505887033968 0.4667798662758237 0.5278002863384443 0.9378354342957401 
1.0 0.41535619238392457 0.29823535207680885 0.6983601221948621 0.2417941888933134 
1.0 0.7246116256808697 0.5242232830260671 0.9903160881483922 0.48714187563430744 
1.0 0.41183563114943633 0.32208663632732504 0.6400584472058433 0.11517978007955307 
1.0 0.3763285636467094 0.6758178803504269 0.3969239867658176 0.8979609414924348 
1.0 0.6517687556947024 0.451659208941603 0.9862597876325028 0.5317807260096136 
1.0 0.6537325693353881 0.6637674894425377 0.15716823249841186 0.6584109726111668 
1.0 0.4337956435126562 0.5786958173045254 0.3455236977787315 0.7448230650695786 
1.0 0.4505388722328013 0.3811106490915104 0.7067684631263776 0.2943221029367432 
1.0 0.44516857133781185 0.6633718228976064 0.35441639054971613 0.8782993045281524 
1.0 0.3644804654805821 0.5763797473959497 0.40108224698950007 0.8280213761668058 
1.0 0.6154825023527045 0.4789119377659948 0.9225998555952238 0.3667071878407325 
1.0 0.6095835780860703 0.3421488428804627 0.8983751313556155 0.41612584105193506 
1.0 0.5740099809746155 0.4533481214284647 0.8759139094685886 0.29495042432719576 
1.0 0.6620964066532182 0.4364450218688085 0.8955974978940363 0.36282270305027037 
1.0 0.46640845583166707 0.2655729494578061 0.7084529566391504 0.24069011333136098 
1.0 0.4422940661670182 0.3150927560358462 0.6516809562990271 0.13429982572021443 
1.0 0.5182746191037988 0.6366322268408215 0.1779040568953249 0.622495543451366 
1.0 0.5744329079054503 0.643662188670851 0.12708721842714837 0.5902577213950493 
1.0 0.7081840406736478 0.40222358416244824 0.945580462766548 0.4613056893859064 
1.0 0.46660689835516356 0.34626325445261086 0.6630295424828345 0.12980372079678867 
1.0 0.600778383807956 0.5499607548646278 0.13020304572529734 0.6827221448552956 
1.0 0.32773667592020905 0.6464921834843715 0.3888941316488008 0.8479550671861087 
1.0 0.41112177861007726 0.5566470690551373 0.3806815818402179 0.7937625026326653 
1.0 0.6897261664335236 0.5964072884924057 0.11739112660408899 0.6275313295752887 
1.0 0.44444324938059393 0.43318148394847844 0.6791022192594142 0.27667792305456257 
1.0 0.6897235180597409 0.5313514369476768 1.0 0.45808633144011773 
1.0 0.37606890581178465 0.5709004680851065 0.3979178268834499 0.8210189382828952 
1.0 0.6124629824255654 0.6382751674435093 0.18280699140049578 0.7172124817344537 
1.0 0.3831637758160255 0.6445301090660194 0.41432476582158734 0.9335077279191349 
1.0 0.5729721686736788 0.3506576092616298 0.8680693016937302 0.41617093514360537 
1.0 0.40635774447495154 0.4111536587132936 0.6568691004050007 0.22929983741521537 
1.0 0.41371718471919444 0.6658254898095066 0.37998457899574295 0.8982395330202657 
1.0 0.6448008436632863 0.3697872540384337 0.8606682443970114 0.3237867595257763 
1.0 0.45716271931527974 0.6373070844698123 0.3421864633276673 0.8864152585712787 
1.0 0.6398262508199404 0.48784731597482517 0.9359951038883092 0.39325331485162934 
1.0 0.58504515315869 0.7180206295019113 0.16731789066251576 0.6682029051669519 
1.0 0.6416755998080653 0.6850862461248604 0.1367837918131411 0.6207986817576121 
1.0 0.35883045873747743 0.4443895860795269 0.5438235128925466 0.9699881672118208 
1.0 0.4508276657775769 0.35591415573827967 0.7180053745131931 0.29357072182100025 
1.0 0.6340394083710629 0.46126261208565555 0.9102302281362542 0.3625567150891788 
1.0 0.652809748141077 0.6816078149956966 0.13931038490694525 0.6272275177212154 
1.0 0.697268525177725 0.4525894427562938 0.9237147836741194 0.4042712377244644 
1.0 0.4676487239554534 0.6598148364953904 0.31102783032449305 0.8584468602260722 
1.0 0.6161530004580805 0.6731573600265943 0.18492456569179022 0.7063363452435963 
1.0 0.7303282408819816 0.4951740462342588 1.0 0.5261480932429048 
1.0 0.35872326390335196 0.30390658686220906 0.6461787803355734 0.15390629001663986 
1.0 0.5088091121839292 0.3018406395760612 0.7090209389265507 0.1919477206347872 
1.0 0.6614158970668393 0.6346936223478121 0.15023634218839518 0.6635435213005552 
1.0 0.4241987154557094 0.5739077594615937 0.36718217171978695 0.7664129014762449 
1.0 0.3969048191004244 0.5750955071510768 0.38355072827591763 0.7978797598927282 
1.0 0.3741083916832746 0.4800678467142341 0.4940291227056263 0.920369729639092 
1.0 0.6038054086794794 0.6132660465148834 0.10185296534306576 0.5491853702705565 
1.0 0.4706830878968925 0.3590055417162069 0.6685182492611976 0.12572255245840094 
1.0 0.5473948068160432 0.6923383724818989 0.16920527049049805 0.6509190473945826 
1.0 0.5531555028420404 0.616909182755531 0.21499985646082884 0.7772968753425777 
1.0 0.5559443884561484 0.593787911577256 0.11336797677907476 0.5517501699505175 
1.0 0.5873145178171941 0.3295762440211303 0.8695851783305365 0.39823713150878326 
1.0 0.35691773028283114 0.35767218098056763 0.6491916320405465 0.18782223141321785 
1.0 0.42859417195060967 0.35652157522030514 0.636133946123421 0.09016786847857948 
1.0 0.5851210228369191 0.3199512712861533 0.7990769104493142 0.25950249418641713 
1.0 0.5248829759054331 0.7103881991868244 0.1938433541332405 0.683642752659622 
1.0 0.7182232796612222 0.5832009589510894 0.08206786093443666 0.5520854509646081 
1.0 0.5054871052920639 0.7019156230302125 0.26337393115667584 0.802443642054899 
1.0 0.39292930023615696 0.3827932563274601 0.5984900733879279 0.04120822217214203 
1.0 0.37796820499033745 0.5734122145814933 0.3910544395852821 0.817483624158538 
1.0 0.4544217253299948 0.6371932446353399 0.3506300693850369 0.8902040907201414 
1.0 0.36817467822017913 0.6165838977220419 0.43381704476068894 0.9621029135794893 
1.0 0.5852846822463461 0.5555769424521364 0.14115480554424753 0.7059727875547861 
1.0 0.35705906441698954 0.5086991562502576 0.4589024838517206 0.8917651356385741 
1.0 0.5420072170517497 0.6430804640358234 0.14818781838027856 0.6068387723744456 
1.0 0.6983968831856594 0.5571396266893927 0.08398186700910074 0.6027449933142993 
1.0 0.5670664363256499 0.6042794663518807 0.10963425987621173 0.5550741019395289 
1.0 0.5226750875106084 0.6815317605915663 0.1780262409439287 0.654712461036485 
1.0 0.43865831837631764 0.3292450682395157 0.7116695555752603 0.2767996403789084 
1.0 0.6313716813445382 0.380190039729328 0.9249755555871126 0.4593256041769178 
1.0 0.5458231350625206 0.7049988665123148 0.17475762892131189 0.6659554048302947 
1.0 0.6261600312335157 0.4540336043326575 0.9032704417232351 0.3501059116925977 
1.0 0.31280923812838246 0.3642364681142136 0.6243928272713561 0.12854401942199703 
1.0 0.2996608537225397 0.6148620540398536 0.41422382382001816 0.8856708709254469 
1.0 0.6286794198346044 0.4248127410193151 0.9551134271785535 0.5081148319579483 
1.0 0.6793458949878276 0.47028290074933893 0.928561293509719 0.39939248190443427 
1.0 0.7189905238901805 0.48837937878117 0.9544549376503044 0.45041712744861107 
1.0 0.4793502448515161 0.29828803680746363 0.6801658045380905 0.17171391776133366 
1.0 0.5708713594398629 0.5841677225380743 0.18259188418918448 0.7459372761489429 
1.0 0.6268033823320758 0.3319264141159801 0.8987630620229214 0.4043242706064346 
1.0 0.4896569317673886 0.37154059769488035 0.6875318808109805 0.13797008133602787 
1.0 0.5976487939300439 0.285648009341127 0.8239461001429185 0.2979939587895446 
1.0 0.34955662834262535 0.68286569803968 0.3897384722207367 0.8594938388068228 
1.0 0.3882740144438304 0.3710888787995248 0.6031883201786578 0.05248731060072428 
1.0 0.6790944595906475 0.4134798534163505 0.9566285203502453 0.48603183463410077 
1.0 0.6835629494459791 0.4292503934259636 0.9070435486807675 0.3795678287127149 
1.0 0.6668601604346702 0.4811231610120424 0.9332040853697635 0.4011137678026149 
1.0 0.7029597197654266 0.5505012856342921 0.06412659861910533 0.5946263738629513 
1.0 0.5999308387531267 0.4739335753584682 0.9034360264366541 0.3450416845860764 
1.0 0.33175761339853493 0.36796119677000005 0.6386484720578576 0.15677109957355667 
1.0 0.39037079170395994 0.6583065667923549 0.3987870746620724 0.9168587185568328 
1.0 0.35582951837435195 0.33689038594506665 0.6078920495503891 0.08875686641776466 
1.0 0.6518805511455226 0.632738498862687 0.15594363581225662 0.6751777376987562 
1.0 0.6503543635072294 0.559253056167403 0.10752301851649558 0.641874791266749 
1.0 0.6084557413466846 0.6915219852329169 0.14414202741742424 0.6258981555920464 
1.0 0.3318548995162445 0.3458653887594685 0.6425180881744924 0.15419080701629662 
1.0 0.6830238681045606 0.4968648299511489 0.9517389960724114 0.42319761143287693 
1.0 0.6745180780442503 0.344515910972904 0.8824359797475363 0.360895044937972 
1.0 0.5357758372680554 0.7293129355056206 0.19835067831031555 0.7026207016561735 
1.0 0.3373401274247163 0.3292431522815026 0.6437153177223041 0.15511956436435023 
1.0 0.37587645444894463 0.29329221237287795 0.6513718222438485 0.16139729361432287 
1.0 0.31423508350848484 0.34545402815739734 0.6138395361693274 0.11559275135040624 
1.0 0.40744800458253344 0.3355381066769184 0.6312417094735105 0.10031047710979288 
1.0 0.6042708287440948 0.3000765040188971 0.8633706909684289 0.35804305819712956 
1.0 0.5714218157376112 0.7103038538379843 0.17146865232251413 0.6597555143242867 
1.0 0.5855865360440642 0.5756234501357623 0.17191576121101937 0.723825701245661 
1.0 0.6772761924480861 0.6501790728749276 0.12591915700553188 0.6235483739402559 
1.0 0.6314909862754665 0.6053104849813224 0.15843258206827046 0.6882481941049727 
1.0 0.7285817900193373 0.548474696160745 0.03623755187840858 0.5395405211556369 
1.0 0.594319539111531 0.6194370015708364 0.18638849980352015 0.7305435752915826 
1.0 0.4477543334351091 0.5547740072079823 0.4152750661481646 1.0 
1.0 0.5530465793802591 0.6238220631019861 0.22520419104150852 0.7785896858816319 
1.0 0.3695043582574018 0.44506491424329375 0.5864163954711062 0.15869923959438584 
1.0 0.7053347550104302 0.6060169064937007 0.10286688156185718 0.5873439988918152 
1.0 0.3035087566915602 0.6391899011568977 0.4144554250372826 0.8976440773234388 
1.0 0.3304784213226677 0.5196389159666536 0.44773708267498935 0.8957135585865122 
1.0 0.72535528996523 0.4237046876092641 0.947968332680249 0.46069645568519746 
1.0 0.3524632919197844 0.379670019518249 0.6467741008629051 0.1832525198802561 
1.0 0.342353075034339 0.3165293906776657 0.6332035642093178 0.13333489919372576 
1.0 0.284361671141525 0.4876926651259693 0.49346748975416976 0.008876385042137402 
1.0 0.7306579510232227 0.5423089591424426 0.023760727015366686 0.5432976886633656 
1.0 0.2933767722294177 0.38870083705085556 0.5987411275330223 0.09261423984348388 
