0.3476660198596231 0.8649957911813803 
0.5394862231855894 0.30830697664543016 
0.824914211310343 0.6429740437131943 
0.16889780305707147 0.2748869250889241 
0.6023153653003598 0.06613934410453065 
0.896566470656424 0.2966549718907683 
0.08892255542286859 0.47874439403344965 
0.15848918545163748 0.79643743027683 
0.810464762689243 0.9497169067112932 
0.4899782791739213 0.611332153728096 
0.5207096006987286 0.8369740161482485 
0.39049942141969657 0.228115821991704 
0.18005467492343735 0.11173858318618834 
0.7949522787448112 0.15583203366228543 
0.2614398947203864 0.5369892817064893 
0.6995004745456377 0.8074088544652274 
0.6787019060143111 0.4561738100833753 
0.22380700559473776 0.9638852829926707 
0.9372701669730594 0.5190670902810001 
0.37323098770511287 0.03794318363821697 
0.9941865800157363 0.7528466872494024 
0.2716168798262066 0.438854824952047 
0.0881217417718132 0.13957495433563089 
0.23726134707168878 0.6884156865890706 
0.005965813747872917 0.9608951018843939 
0.9660727610857622 0.018066985603138797 
0.40992192951077816 0.37790587717753055 
0.6130908779167831 0.6380080985180128 
0.06731661472995071 0.6218992651913094 
0.6698727376371347 0.306094963030667 
0.6392945586258162 0.9912395495358677 
0.8638777925744701 0.8444272613527167 
0.7680028082723869 0.40700394952047325 
0.9625012399031785 0.9361265994715781 
0.48620684029099315 0.4539316565103004 
0.40116430626475214 0.687832085689633 
0.05218295492380137 0.3752561025165851 
0.9463074735121024 0.1688129444451431 
0.5178097634543052 0.0990827155687109 
0.013482306780608355 0.8399120315059153 
0.7492721801345255 0.050310636915763485 
0.8607513597840559 0.4097716852312569 
0.4691264391251571 0.9177028627268913 
0.34334886231324535 0.5892163997478183 
0.7755293615666043 0.5273720702213436 
0.03187535145144654 0.26629735610230687 
0.2864721439605792 0.2611029215210491 
0.5779743351975102 0.7306291687561418 
0.909429491788291 0.6407943954178754 
0.2683149271744458 0.12514322184804516 
0.6980803660822955 0.25184657591152504 
0.1717227327754891 0.9020817056696517 
0.6242605313459569 0.16878588608600836 
0.05110086310414974 0.01905132462779674 
0.7835553666606145 0.740352307353869 
0.6070385971794884 0.5221494083237752 
0.9866894537160122 0.3445802498485582 
0.6231898690176833 0.40223974838078075 
0.2825091107920731 0.7875499438529221 
0.6076964663008606 0.8548408742072612 
0.843572267808051 0.05618073551597563 
0.3681370466161954 0.9516278463906143 
0.1412828315258316 0.6193057897191595 
0.08304055814300393 0.802540192279422 
0.7132982824698222 0.6445276806536485 
0.5119950494163963 0.7534154735930081 
0.7666533311013443 0.28287098469272864 
0.3063226048367875 0.05909615440274413 
0.16315289221759266 0.39026683430265763 
0.5020927578581779 0.21076091802685126 
0.3272926814595568 0.4052639928812325 
0.16485690289436344 0.538852443357004 
0.35821444626927934 0.4817324988216739 
0.7090808166551084 0.8927631957372236 
0.3552702395352533 0.7761952607632557 
0.8470413809987407 0.5019008325534398 
0.43136273241655065 0.7444742487519357 
0.1384298610292557 0.05539856978254776 
0.6787982137133775 0.5709018377720716 
0.8960776019890604 0.7806805521989792 
0.9526130776560816 0.4062140089788324 
0.45017357749079034 0.16002781746098882 
0.2539699991455271 0.8623090091875036 
0.21647538468325112 0.233377586028911 
0.7274813163141132 0.13423281424467182 
0.47730618146623477 0.519025096278748 
0.3729745182948817 0.16835883976490146 
0.07089616960812845 0.9001323386981438 
0.9748712486687265 0.874238088728572 
0.46801888308781986 0.36580732667100313 
0.7130443306962542 0.9696693593145067 
0.020556053820164455 0.7563463043374816 
0.25767306268489903 0.3870340296058944 
0.5619716737814917 0.967264877296387 
0.1608875970286216 0.7055476082258786 
0.8126445510864675 0.8068123527552469 
0.8936207637855573 0.9523307302351072 
0.2332213947337442 0.06188235300031153 
0.44866283606301943 0.061416379340775706 
0.11049565358799879 0.963738263603884 
0.44747329243424894 0.2677601246502579 
0.030229054084602636 0.5105526063704484 
0.6635780410053019 0.05476756302729119 
0.8174749663993968 0.24633252067030087 
0.2982003912180583 0.648591634914274 
0.6158292236364817 0.778040705351833 
0.9637076020323301 0.08216413128304106 
0.07656388630590388 0.20907375256442023 
0.5059132480869386 0.024897366230405837 
0.3683240047324692 0.28862499086371585 
0.9904012734956635 0.5882055709448658 
0.8851506325870138 0.5877348494261231 
0.563994801741118 0.43516216883404496 
0.18955242590988025 0.16379463717712478 
0.40846536770894193 0.8304728183424397 
0.4359375301933287 0.5727804056224187 
0.2807504200994282 0.3372021681404844 
0.6046465080928701 0.30040341836220974 
0.9230206653234909 0.7011731082863619 
0.5154012447471712 0.5822544001909264 
0.2814715980230166 0.19758846491717047 
0.5724401236141003 0.6842071379048721 
0.7791161120301362 0.349302105645324 
0.9759730208527848 0.23880577691902305 
0.695245051773666 0.7335324376073005 
0.7738001185549012 0.8786342515752507 
0.12852230917454022 0.308638925117952 
0.5581244304046188 0.23633387826734803 
0.007333625599895477 0.15528938334270165 
0.6478884618649505 0.915223071969623 
0.08482782567837743 0.7048843065832124 
0.027561379741535774 0.08829445261241214 
0.3368239811775305 0.7275772079298183 
0.8598026652791562 0.13005247129588704 
0.024283712362171805 0.33515383763521694 
0.11178006350946884 0.5278261092486367 
0.23199926679390376 0.3358316064438357 
0.4385223973002841 0.9820945428914648 
0.1735256546345591 0.45244189049952105 
0.3054053901376306 0.9710620576612776 
0.6735671307938794 0.12736641342798366 
0.22886631841813015 0.5795071276212422 
0.7337680719342474 0.6101727944119567 
0.528426652991614 0.35361224829580473 
0.5598703061094269 0.18169411828192716 
0.8551873312799694 0.17854843592268332 
0.3347609137250981 0.5454724363906539 
0.357264494077296 0.10087297014100083 
0.41540727114558407 0.880151133445014 
0.7242172949016839 0.5319378546070826 
0.8154775261084137 0.58517503200463 
0.14649121535663606 0.8627160167172182 
0.9762625933580554 0.9892277159187155 
0.9498437035421528 0.6716858080316795 
0.41514713030426537 0.6553775857204394 
0.22666790486643784 0.7855535407206372 
0.9453855783536371 0.45821558457583517 
0.6778537739839855 0.38744687003957107 
0.4767581757214149 0.8306465220312405 
0.12725836384440897 0.2440444471586034 
0.9427695970730734 0.8259805678256147 
0.5622689278435462 0.06335728974230159 
0.8637710120938866 0.30708779861755825 
0.7885008655235779 0.4730688848402646 
0.40529828435740023 0.5131575606223023 
0.01962809494008383 0.42174847044372754 
0.42990697928143484 0.4137570966278595 
0.010835159387364846 0.60271883826255 
0.5553321792362931 0.5040379357224272 
0.640385393643424 0.6034133391518196 
0.9076359298860086 0.22470428876382736 
0.6842924242610879 0.20307404670853102 
0.5778415747525102 0.7972802316748147 
0.8990457526560467 0.7060003808791268 
0.28737066476371925 0.8867914235957526 
0.17580967616088866 0.9506069200472329 
0.8936149661277564 0.034244996399079464 
0.6376486837952385 0.6786438659199715 
0.7484672565992665 0.1801193664180762 
0.8823038804851199 0.9039143436242962 
0.4725047829076563 0.6831727152254735 
0.20550653161584265 0.6661191335623915 
0.3561225329064476 0.6524756082432791 
0.5442276966142783 0.6483104523108811 
0.510329931682302 0.8992605178625105 
0.4747050119339544 0.31830111200545835 
0.13739941737855738 0.17858966520997566 
0.8436339301919518 0.7717318205937435 
0.763660468525698 0.09972163646025517 
0.16216382929218398 0.012746169472574953 
0.7225842634293387 0.3105059600902591 
0.010626283270701087 0.6757636597011879 
0.7989915609599356 0.6916174479041951 
0.10072686760565241 0.41474334389836087 
0.5947251300885911 0.12897195186689098 
0.365813137309002 0.3367169578946769 
0.4262371628332937 0.10806476690932681 
0.2746388842437513 0.4851262620938318 
0.048232284340043285 0.9686894827320349 
0.9232166198132602 0.380353166740563 
0.24720555123579618 0.9184369600478954 
0.6039913682712772 0.9370690006647324 
0.7442741758311573 0.7997058797741231 
0.8153188095944925 0.33602423432014383 
0.5626499464514828 0.5758534197216992 
0.719843685604513 0.4415361521266045 
0.7952963164405196 0.059233441572558554 
0.5969009116782044 0.3377623130158181 
0.4704994940503403 0.20431589513241183 
0.6279409053139604 0.24242978926203218 
0.5793204782484538 0.012448910779301547 
0.5230932398724114 0.4153676433883972 
0.0643469528907134 0.5643378548233637 
0.9184045766855975 0.11744453800350213 
0.9805263185742756 0.4946466631772782 
0.8697960883387587 0.682596479499396 
0.5129453606297046 0.25446852870502845 
0.10223348828643136 0.34180803281057665 
0.24531374172962062 0.5015211619964938 
0.20705390891816067 0.7470315524794761 
0.8833348475247204 0.45063261292603035 
0.47646865288789647 0.9859936597353076 
0.8495272472072177 0.5585566094407521 
0.1325984451209377 0.72408810911494 
0.9398562949282707 0.6020700866060342 
0.8287045028586657 0.9938839485391726 
0.8654536473181399 0.2456699229128883 
0.3652485149246695 0.428150793070637 
0.7547133559603549 0.9491187810141954 
0.3306181180705978 0.15647259566745386 
0.10593308595589529 0.7502743704216841 
0.8196088559917396 0.879088706217682 
0.24739997829295707 0.00820746811401768 
0.5691437282079042 0.37209342784302657 
0.345303668559114 0.22091140954032717 
0.2165365845545988 0.46082095574208864 
0.7011219390325252 0.6891939804750767 
0.7055399916423805 0.5057980327880998 
0.5282560312866902 0.15238638916476654 
0.2675643731764298 0.7338073466247466 
0.23935073914674387 0.6391932210180111 
0.6457553038104484 0.8493788445718784 
0.05728643712616016 0.05714700230188935 
0.22392932937541976 0.12945500471755156 
0.18880733845561531 0.8461765481334547 
0.1097595753711606 0.8981066279590174 
0.19057037069315097 0.35193515651897744 
0.6691750058035909 0.7215536656987787 
0.932060456787356 0.3302305457689436 
0.7153493682004236 0.07522908504508324 
0.12136494973201845 0.6705796170956972 
0.743573083430425 0.7205299770327916 
0.5515299075606996 0.8945699616354155 
0.3850942871150856 0.5588375710189646 
0.27365763283089917 0.15173009520483205 
0.772790885897273 0.43608170022677295 
0.9032337654690908 0.8793893939233572 
0.78120947171116 0.6480015215575377 
0.11681339259647894 0.10685987154044524 
0.848977836768525 0.7124481937102405 
0.7164671222820067 0.3497826090482116 
0.4713307758715569 0.026492799321966687 
0.22681895651932243 0.4202387234943614 
0.6025392256842643 0.4798818386966692 
0.08220497090849327 0.26053119931879665 
0.5430710862450137 0.7105596122533004 
0.10204219352888766 0.36609616688546087 
0.3086116817441995 0.8313710606752384 
0.6912689990115458 0.006323949238876914 
0.43090788439131583 0.3255581801114017 
0.9440581964893422 0.7787767391493617 
0.12571415018398502 0.46104384887311306 
0.22842823028850823 0.17939568642324838 
0.05378496835123603 0.43116969591326343 
0.9676096868324706 0.6904366690705681 
0.43153542740746753 0.7751102049188697 
0.43239725413165453 0.9306664080675202 
0.053491909425418094 0.7861050340242997 
0.9836749436687416 0.12601418020957056 
0.31960488166978784 0.04472804107268852 
0.18593940073279286 0.21234665250249718 
0.4898653756371709 0.1669887389811165 
0.6433351742185204 0.5483953459394205 
0.027927767867476805 0.1946128047990222 
0.2892278278405024 0.5634894595160289 
0.7771908021896307 0.23444430719864007 
0.8843086765175818 0.5238899575520586 
0.6843029662284146 0.16931658439607744 
0.7292028141931277 0.47837998511878077 
0.07719358982394425 0.0431428467938933 
0.016001207912343773 0.02038441691441023 
0.14801522187559857 0.5942526913950646 
0.5452582744660128 0.7658212597335359 
0.30854293968236085 0.46275489906180867 
0.27923712371679266 0.2892380062634224 
0.24070504380790575 0.29229876023073154 
0.8019029272261238 0.4142984695456784 
0.05945286851840592 0.8488319631381473 
0.22052994536500087 0.9043973176328294 
0.26546564667646866 0.973044355791187 
0.7268655113807997 0.8388545814227129 
0.8464969820196792 0.0977945508872966 
0.3122243694599914 0.8999107453715185 
0.02377612909104465 0.4744815689851805 
0.5869332463937806 0.5843345544108626 
0.9914099844190049 0.8311083917178976 
0.3174295446787394 0.7967901477966326 
0.17187884798503 0.3302887919804534 
0.20255122084425492 0.539908473620912 
0.36623166680581043 0.9049271414468592 
0.4020208030357055 0.6225165412511966 
0.03191005018867332 0.5533462434161277 
0.42496877022820906 0.20295544244015956 
0.21392952293486145 0.05111548379650244 
0.7634617381406588 0.6137974518042262 
0.988046409331893 0.908776136656225 
0.9065196909291731 0.07992642925031901 
0.47241580517710835 0.710199106886213 
0.012866061938788143 0.9211008728165788 
0.47702725538153845 0.07865051853596239 
0.11061104584923398 0.5948913236202454 
0.7618219775522079 0.9769969352393242 
0.8308379400768651 0.006419827332039996 
0.4280192823859003 0.4626171900607935 
0.9938720993904004 0.2703529094533854 
0.916019996195971 0.16617946372266906 
0.012930333924918325 0.7961110671542359 
0.39258310127147583 0.07220817599727752 
0.6082875004076388 0.8925807548531706 
0.520613104926195 0.46536021188837845 
0.9890107702366495 0.644779783638734 
0.8845143673056146 0.35404499529127387 
0.3341536361364122 0.31277749653605696 
0.6812585803946097 0.931346447783613 
0.14807946821286705 0.774053635374212 
0.41249837098038933 0.04435145744482155 
0.927127217128721 0.5558969445784656 
0.7536659181293417 0.5609197225797506 
0.1976445752760339 0.637101230316999 
0.4381090119883424 0.8897839594475734 
0.15143828018225647 0.4915476228578153 
0.7127160697144836 0.012541820930828618 
0.6043097381119378 0.3816429256222019 
0.9722171657461005 0.38968918429435373 
0.292829910499257 0.6262200219213225 
0.6436099120332506 0.5164731677040872 
0.9245899740159014 0.9293583217442394 
0.9299084051403579 0.2774209251165831 
0.37969139207490027 0.7331610229599884 
0.6386232637880238 0.7857431511300006 
0.31610634384139547 0.5297875956550103 
0.03997939718675131 0.3031687676502322 
0.6408479421135855 0.3452465880552127 
0.15156458785020382 0.13579249751582484 
0.47756393432962463 0.42409301820392964 
0.1333312021482232 0.9395111547356548 
0.8070125079857131 0.1863771073332136 
0.8374690858536713 0.45787122128267943 
0.05101758461485656 0.6464299265567666 
0.021348006743825476 0.7131682846612174 
0.23725707843713623 0.08836584978844109 
0.5092539420650518 0.5132609321313555 
0.6324219617079117 0.19708900370094673 
0.45027184459917924 0.6204600905851999 
0.8835723176302199 0.8230211127098155 
0.4677509853475884 0.5515644992097999 
0.7859197917935679 0.8478375756988358 
0.67599338889003 0.6316403498123125 
0.7705371908239309 0.9107791261847455 
0.11814806853062104 0.8024733713258996 
0.5394957741262634 0.9678263819075091 
0.5646998989359746 0.11366228679030199 
0.3186462614170567 0.011507393674925925 
0.5419249023663825 0.6154765457828089 
0.6050942725110366 0.19334382488609153 
0.29131555420542765 0.6978057928387371 
0.8500853661514898 0.9723417567093489 
0.6223266168824678 0.7031352681776118 
0.4846349119631329 0.11638997522364769 
0.9679875512858195 0.517334230191706 
0.3822116557967331 0.4732552152761281 
0.8433540253805692 0.606371291121705 
0.3085240336163124 0.3917294939262419 
0.6634708958620337 0.26845900399462114 
0.9355839447075649 0.050804352285179766 
0.8026642518035136 0.5340911402164736 
0.7946990051931415 0.1334789913423557 
0.6875208595209485 0.7565882798286658 
0.5928770526562633 0.015107465984353308 
0.8962750338106631 0.9810067952065449 
0.447098354971892 0.6622386499358739 
0.062185403763953484 0.1075068705257533 
0.014473466680051283 0.8796549990744982 
0.15264708250916909 0.6712644794609274 
0.9934187291474205 0.17910731952941988 
0.9569181998850946 0.21997260910703637 
0.09238905526249347 0.6325026840550212 
0.19998467134625786 0.30616081071316337 
0.8198749219318364 0.29678892094022424 
0.5720493882164022 0.7624204428058923 
0.23536597917079133 0.7646108738572424 
0.10033643926242697 0.8759762762918961 
0.6726339431203657 0.8572054685246088 
0.38034994949994183 0.9894529531587534 
0.6668786283617645 0.47274207217558606 
0.08726894016424414 0.18807591274565366 
0.8935020949143557 0.49028218661224243 
0.24921577460222294 0.24170554704721325 
0.5116461817387513 0.7910324491344174 
0.3434418360209956 0.26173204212939005 
0.5005406463181157 0.6461470516434062 
0.5717225237035612 0.826881244465292 
0.979003036149861 0.45658529963182315 
0.828767060237811 0.38602580229803907 
0.059831461555881094 0.5125114303089703 
0.18400440691963071 0.8209860116188019 
0.7854889739665187 0.004296602448125686 
0.9614719579896447 0.7240791469677157 
0.16668667949084404 0.9912637994773843 
0.06951418913688467 0.9362731332318537 
0.3704056744867036 0.5329449515390438 
0.37450887507022734 0.3748492773953122 
0.3271009976854277 0.685503598684452 
0.5993889077602523 0.9858239950457933 
0.2768769479763583 0.8118727765210509 
0.7631043436680913 0.6885440004589622 
0.2964136482409453 0.7581673973139476 
0.7122552151000651 0.3677084323275902 
0.7727079645172672 0.8062191720411722 
0.293194563982614 0.10163373945607435 
0.3545866908997371 0.8055893261686935 
0.7502317034486617 0.24081151559488378 
0.6990586532766623 0.5703813999922743 
0.3701085527182325 0.8564656957011039 
0.22306978827457008 0.3771175764900951 
0.9837032217936712 0.7650024702234848 
0.22297668724855563 0.6207260125193075 
0.48092498130755285 0.856419428025339 
0.009546735840326948 0.3933907114071952 
0.7321391780823604 0.7555821279211391 
0.16668087537777876 0.08977281699109829 
0.17318374771124423 0.2275767990484654 
0.04910643123719982 0.16910032882618953 
0.13103330019127019 0.4310933505322014 
0.4703387163187726 0.2687219048309401 
0.8739274343389877 0.7397214588895147 
0.220387872056438 0.8482174269166851 
0.38522074006927376 0.42043410566705186 
0.5223236058747853 0.940659703437922 
0.9565065526166943 0.5635745438925759 
0.6381426059011384 0.13967107462280887 
0.43625073914359447 0.5524844075008195 
0.5836587270070949 0.6592858303586753 
0.7758413196291642 0.1402472071765936 
0.8434867693274797 0.25471249552785924 
0.8448780433960582 0.22713607751346077 
0.6462246948477142 0.6640817757984712 
0.6705242362715478 0.9590432250015453 
0.4184753958582399 0.17073853513514148 
0.7766580178580751 0.19520934834235348 
0.38977599100303356 0.13259307090179362 
0.9463144607084294 0.969217050516583 
0.677219136006566 0.08310298870968974 
0.7531449490630451 0.35828265942137427 
0.6294877038913571 0.8174806367713499 
0.4513986939316771 0.8178966453808647 
0.6226302717511174 0.44911915154623866 
0.02422539941403712 0.12244005901907246 
0.46514889540300786 0.2346667680765011 
0.8184343370217027 0.48991513145026383 
0.4706225028445462 0.7674312601273157 
0.5615299436398044 0.5522744927882844 
0.9062239058245222 0.41906427563027693 
0.9337254487597004 0.016001657223905286 
0.4477240316712145 0.44909099991016826 
0.5734458623407515 0.2795942106360054 
0.19043387945345075 0.928725088080938 
0.3693641311818896 0.06717996111306934 
0.25107514787547375 0.4713576523468079 
0.10016949614734139 0.5681101530370224 
0.9306561117743928 0.8772073258248286 
0.798363792907771 0.3722497553331704 
0.25984589207832387 0.3656682081074511 
0.906427825864949 0.7472609686712213 
0.5819393957844803 0.928280637195919 
0.5009445376136497 0.9895109496268464 
0.6366334717464812 0.7526929737627086 
0.6913435449639306 0.4296464220363063 
0.80313020518716 0.31299320853375023 
0.9364749533383836 0.6318437033915869 
0.9757044499147559 0.2884881216054829 
0.8279402040317749 0.8247851818045926 
0.6533247745772668 0.011230377740616138 
0.505156936855822 0.3651451050479756 
0.04273775519051298 0.6970175235302902 
0.18968010576112754 0.5951915660544762 
0.7119529848130575 0.9385714802259197 
0.7012183398713145 0.29698991951242915 
0.28354148054096023 0.9347745672917338 
0.32735511158518366 0.18803719798622515 
0.8443238912579951 0.351804310508269 
0.17258928864907686 0.7494592862188629 
0.10802410409616758 0.08045523789050718 
0.04912231172683834 0.7523987968938857 
0.4343412231310708 0.7058203251493507 
0.43452084158239923 0.3887980417189923 
0.9941865135153642 0.9579248003199954 
0.39735989883971906 0.10835297794886156 
0.339128188824037 0.4528530307624254 
0.18848037565279901 0.5105077200768268 
0.5118199363636772 0.709111496613455 
0.460984381539826 0.5103037955763376 
0.3359223129255404 0.9767707213814998 
0.5281756705614051 0.19953877347061427 
0.19308180181998252 0.4254267113497542 
0.7198442358777315 0.18275358064257297 
0.31516625118658426 0.3422230208271383 
0.7024704033891996 0.8291183128367048 
0.7749637705058241 0.08363888012291104 
0.12607383387127818 0.03466454980708378 
0.370569211057262 0.6288501061268227 
0.8997386993102083 0.255044092385034 
0.4242236697350168 0.24643601995613484 
0.3292690734074025 0.9165584065496282 
0.6318005383487498 0.04750124730958394 
0.8034902305329421 0.9291041551015313 
0.5976414108844422 0.6284110475929847 
0.17000190331327264 0.053966716510914114 
0.5283400757194157 0.54303878329838 
0.9960016075974022 0.027069082527323596 
0.3307473935167448 0.08521749832740239 
0.26040324454509395 0.052485201288037076 
0.01952104362255186 0.2409530141124836 
0.39186747528849863 0.30366290706102134 
0.31372401192433297 0.859675713698348 
0.6844573385829094 0.33678498176047744 
0.3182263316646745 0.6257576325289567 
0.9306060055502938 0.4367785631124704 
0.6002235987210705 0.1475766650987287 
0.8711554380497566 0.5724749380234085 
0.5210177947468111 0.04583900841091565 
0.11479177619798586 0.20940466941389763 
0.7196237696088135 0.050934731614414475 
0.010621921297126413 0.9818703196059391 
0.6488231875331094 0.3797312535177979 
0.07757037692984248 0.30304174154516017 
0.6775984128899135 0.8856252105101282 
0.2952025377185821 0.017391676898643182 
0.8681966218927629 0.9306373275152615 
0.5796140971635722 0.497459508376846 
0.7643725334876421 0.3302664480470259 
0.23917664254245435 0.030964085081599424 
0.8818014721718805 0.08578756567374146 
0.5877693342429293 0.4225322474374359 
0.5408873324407131 0.25496254581837785 
0.44120120708105015 0.9569512327683729 
0.050651448972208635 0.8320383813222976 
0.25506200816830626 0.2612315685671427 
0.12058231819050019 0.16486552892146739 
0.734705871623748 0.49577646090295124 
0.1358968133944249 0.2717623613394319 
0.29167710386524615 0.22574862803824902 
0.6579924495668529 0.825005647759175 
0.5026067793319243 0.30719361293959563 
0.8179722939875943 0.971900748848469 
0.9473487685667119 0.48530516534811446 
0.39003621342389994 0.7587765258293873 
0.9917771405023323 0.5375712760309642 
0.1818719974422599 0.8795586447105952 
0.7642629765255986 0.7223368566665701 
0.8816578319190707 0.37990199439957195 
0.012344891368758493 0.03956385535955392 
0.8181816959749665 0.7241992668575834 
0.7676087161603755 0.7698095446694122 
0.6451829753882876 0.8736357862159825 
0.6184209428682323 0.26496818053437193 
0.5766699650743424 0.8811180513651777 
0.398408566988656 0.7853499774531406 
0.866584405543455 0.6573788079211826 
0.46270892149364967 0.13556786247603364 
0.5661373051500329 0.45760671909200484 
0.6679810433993391 0.2414385864480864 
0.3940574025507875 0.9499326892579392 
0.20120816914000583 0.6907064366913296 
0.20247067006118835 0.02899613202036655 
0.4169219600982381 0.35840245068168036 
0.006910497820539541 0.31103840663959087 
0.40742469127941855 0.9252440080002811 
0.26772884094415617 0.5853466306856354 
0.08536844383962466 0.40365859239554336 
0.28062957013402345 0.3970487280101924 
0.9168021639970041 0.7830068493407769 
0.603034943516175 0.2462374397109705 
0.3993383256599603 0.27368823152960925 
0.21953982664782218 0.9887845251719741 
0.3939089303888659 0.18850050414458813 
0.385155025558244 0.013417956640615236 
0.5416586529239348 0.4215015639775246 
0.07056354724910979 0.36581323626507384 
0.6063064613307743 0.5710597327421773 
0.10649198636107965 0.8423592651279275 
0.7296635140009395 0.26594224378682235 
0.09095305954746569 0.09894615587580452 
0.2066274006931887 0.800798435160349 
0.12246372181889448 0.35323314902665304 
0.8700940055686147 0.8821405366103687 
0.054963948509994975 0.9911775180271616 
0.9666733803571148 0.8108292111180813 
0.8476846166893113 0.020523105809003572 
0.23461720506391515 0.7301829142549778 
0.9421401488285519 0.23751990303182724 
0.5754750444883054 0.08471730762706342 
0.5514622695314125 0.8229591201749048 
0.7423087337989853 0.8886296484262813 
0.8328459671953341 0.145648185459741 
0.542044590941448 0.1163428573169481 
0.6663700436417325 0.17619286059682365 
0.8837398476895568 0.14150043396636747 
0.7588804796746869 0.8251862508836805 
0.11765018722950299 0.7795035701371196 
0.9414881848253417 0.908157810346558 
0.34867482846295916 0.37292705774538937 
0.20528350567397297 0.2605958624383343 
0.9562406675468722 0.14992154301664734 
0.8488936475562858 0.9354383711629022 
0.8419738241580889 0.5841970201688413 
0.487516624574928 0.8113049025578414 
0.3688677617612611 0.5840672771283194 
0.7040538726115785 0.5966620619411132 
0.08314731975224166 0.6620178338949154 
0.2893113532809637 0.5214178852493365 
0.4436059539878769 0.3410519280626616 
0.7783066760301832 0.5933094238868756 
0.1686955220149861 0.20249877928028703 
0.5502387577116772 0.026935046679438968 
0.9798741528187414 0.3194383641585179 
0.057964191940874654 0.4789284236242664 
0.6127201592977022 0.6875670042725122 
0.061491902673192544 0.3433787848566296 
0.507020811673878 0.17314613568688186 
0.021737466136478978 0.36853298452127553 
0.05780307087128567 0.26244978769471206 
0.08767314956106276 0.9295812944266573 
0.44701629526057407 0.08362112415514494 
0.49447036715935705 0.8813145512831893 
0.6431784825612068 0.48911743428200344 
0.42763145752779025 0.8530023899566103 
0.4065670087784506 0.9789164735766199 
0.943417274571944 0.12315180717741203 
0.682542192108327 0.022637266160457192 
0.8026221494631872 0.21248608308235728 
0.6469806940856843 0.09406039341703382 
0.04789244965722972 0.5878513408388719 
0.3645615713484248 0.7129747295902795 
0.25162713457761793 0.6614129982930762 
0.3013847330460814 0.2783657570113663 
0.17456513612574465 0.6550908170299665 
0.6415529842415234 0.4295563691503477 
0.5825032252163389 0.3182335377750235 
0.13115371705521833 0.39520813100950647 
0.8751356163607987 0.3253897345086375 
0.9357618222333812 0.3542707274826387 
0.21387413491915858 0.9257428837274697 
0.2115078835988355 0.08141186454970278 
0.8184461409706956 0.43443996526969514 
0.961379076373622 0.6280529184267125 
0.3303758241072563 0.1301855543823659 
0.707670510110019 0.22037753246719544 
0.7512320373826942 0.14575979717873128 
0.748884306736993 0.48134692922235034 
0.8199880597139275 0.09858171595843468 
0.48876030023430966 0.39245993412244956 
0.0051060152843757645 0.5177359019153195 
0.12546898907559767 0.512970067161386 
0.45757058299843967 0.5741479198054222 
0.6388635872250815 0.3073397577152469 
0.344913712534178 0.04826556541646099 
0.6499715913930222 0.5636457557679939 
0.026663371463221786 0.9406240403246485 
0.09274736700573383 0.0605825090413723 
0.9888430625811762 0.052025985966624666 
0.8130010622919072 0.5163094042330066 
0.28043316964953025 0.8581764284564284 
0.5382749374970174 0.4803542504342203 
0.8816881774271345 0.2080759060811424 
0.39667031552700716 0.8081932715264667 
0.858933564980075 0.4598511493970183 
0.4485003688030201 0.007030292950862105 
0.8143919983412363 0.022537951050332627 
0.870606813517443 0.27430830263527906 
0.024294167346456563 0.6450842611404681 
0.6707377936512197 0.5423765165585743 
0.69564918575182 0.10694989407339744 
0.25741537832520056 0.3040987789276136 
0.34652150802137843 0.843246657558488 
0.7357430821504299 0.4203738226966236 
0.8000963624425301 0.6510957072056817 
0.9080526338708534 0.8292069848172469 
0.8136163487391905 0.070542360631148 
0.21166733103953866 0.14248172632812212 
0.9529261198376182 0.3858198037956722 
0.3500819031700724 0.9326376124858191 
0.9526862002546266 0.27039506448938416 
0.5464654180712153 0.9111486747216159 
0.08550315233219619 0.45200011592505346 
0.006468355760812561 0.4624977313908623 
0.7264393662519497 0.1573950064298706 
0.7821858785247056 0.24939021190335525 
0.1359851801544339 0.9935044182849131 
0.6730835378476366 0.9883254739249145 
0.36894810688926105 0.25556086991274046 
0.3917114714833995 0.3981873968467264 
0.26729768571702583 0.22453030358457282 
0.14462824456138795 0.8142781787985293 
0.037908578403419324 0.6094963968619724 
0.21352108351675098 0.49224547670841523 
0.42041050076769904 0.7996334977255608 
0.039430119729424784 0.8819653270427814 
0.34757342286409254 0.7498837399260079 
0.4854619885722506 0.7397507794247046 
0.6819299551320337 0.671242850862837 
0.4412222994626763 0.29592509870911743 
0.5652743912329463 0.6080880745766437 
0.5713149780987212 0.8440399627700689 
0.6517583566530575 0.9590591188560431 
0.15835134211121366 0.5768498196932119 
0.9143909961605251 0.6818270840375318 
0.8059570657398019 0.9034342124873953 
0.8316982770579688 0.5397781027595425 
0.09160157454208051 0.009336781027982688 
0.5892600390475683 0.05062663743707613 
0.9938660081097676 0.7289058015914478 
0.3070062321033801 0.4283789079520682 
0.3105095212426755 0.7111176496533199 
0.5252034779456357 0.27362456309358735 
0.35011390105868956 0.3297277358199094 
0.7405993211822768 0.4432771519016922 
0.9897177983669831 0.21510873677030568 
0.5896481303713277 0.7089076403141195 
0.22467084852524177 0.8819700269271941 
0.5199557857367739 0.7384023893589478 
0.49897164062943783 0.48248568170552103 
0.7861099554334497 0.9434077871048527 
0.24633564835128668 0.14119510394186124 
0.7533631893092181 0.6349679084375354 
0.5796561750290617 0.5146357952292058 
0.988861005909258 0.08331776013706976 
0.19436330368729227 0.5722752850324853 
0.1560621439540869 0.3067898931397676 
0.5143071598250168 0.6741535628224982 
0.5064637168257152 0.08103073340587141 
0.056811056209702504 0.4128850497655418 
0.2662996222699092 0.7547117256065714 
0.5066245780724158 0.43973448141815935 
0.23394299229714244 0.8342396180645442 
0.6785492902306255 0.7697289041822177 
0.6429367224142879 0.7142479094594827 
0.7350319781002657 0.009339774837813175 
0.4002403558602844 0.4712046644923967 
0.09963108281127792 0.502961000338563 
0.40730402202530724 0.907033243992154 
0.9910268269133953 0.41536778288466886 
0.08361014532979544 0.7560438998648717 
0.4621250610447761 0.17864565567667662 
0.6024670194722042 0.7382533334503207 
0.37830642239856815 0.50937131283268 
0.9014510964143474 0.6190740881479077 
0.58787873888308 0.2692126710726144 
0.5209529919670354 0.012295678849017833 
0.15818303182944293 0.4324423066216215 
0.48726633007121783 0.04026441038664097 
0.0960156382612124 0.22370063096695336 
0.10854414221397807 0.722130850725699 
0.8648865649073069 0.43547415936214595 
0.34040510898977955 0.8935760985913381 
0.3108295040596476 0.4915531975986648 
0.7426321303971524 0.6732899015402509 
0.3195869040932913 0.5590644840603961 
0.5712664078869429 0.3944490837577852 
0.4522852626930905 0.73736956085599 
0.6441429846784362 0.6491413689767978 
0.9142102676658621 0.02187329815357264 
0.6106076571106469 0.958144194119323 
0.9857077896273185 0.858323754683751 
0.028449256178490367 0.16897385271210597 
0.5447882194536032 0.9895344724562054 
0.5347110058069346 0.3353058214594502 
0.698020182642578 0.5358108656648041 
0.918739412194865 0.909369694204105 
0.6137135124777042 0.11437293111462155 
0.2142159497462614 0.10371715769452522 
0.5230184242051388 0.8713587680618498 
0.15128570277636583 0.47101677758294375 
0.4669277349376786 0.6306387231875866 
0.9143879643311269 0.4838408858329876 
0.05159793336848639 0.6709258582452342 
0.7778537012683417 0.632688596630537 
0.9892591225612073 0.8884485472373169 
0.5410609578353883 0.8113051783020726 
0.3867482690872374 0.8943465764868378 
0.17726036027686531 0.40515472221873705 
0.7763059798503874 0.3841820057021888 
0.7334506240859603 0.780945848783411 
0.7095095371711044 0.46376790381471605 
0.4166098120920467 0.7223696954702434 
0.4565406408774391 0.4080105520818575 
0.16467583358152416 0.2502488234790277 
0.9046327105996128 0.7265421564349701 
0.9014438670060663 0.05988468061067226 
0.7426704753501752 0.19778891602347853 
0.7545624065526003 0.9925146769454727 
0.7411511333491745 0.5392647186821764 
0.7643510933556685 0.033757379391255005 
0.4839814129086671 0.9635484403212751 
0.2838244074379606 0.08796385886448421 
0.6775331750599709 0.4965558484475085 
0.46950661818970474 0.47351155664780625 
0.808040920844298 0.7579876565293089 
0.11805100689114373 0.272313279574111 
0.5533752579781971 0.6875603684707454 
0.8613718293070094 0.370860426500772 
0.17400958808075795 0.15271990920118705 
0.13321696576156222 0.9569343337831278 
0.12254912733594187 0.6509081806905854 
0.8751842013616908 0.1762593773657164 
0.7497813884663607 0.39070747838528613 
0.9598488318920044 0.7585302801573484 
0.30377018907224573 0.31699673343164125 
0.14340928424507948 0.5464926020628844 
0.33893775379258145 0.006859970196504084 
0.11919065840094611 0.1371905386527399 
0.8221366876307924 0.6996715868288133 
0.8797795600200916 0.6132888258793667 
0.7443814211039532 0.9103051851693035 
0.6736088812435554 0.6050682959255101 
0.0061260570859500985 0.5475206789242077 
0.25039605602055853 0.6209167370236747 
0.0060515035585738675 0.2825804981428494 
0.0689343182679838 0.13776574689998977 
0.3148727981476409 0.14431328255892933 
0.364178654978769 0.56198956299809 
0.8693359047749991 0.810656380176169 
0.8314339895579097 0.20003860966872972 
0.8679647186055517 0.025470405341643687 
0.8537610352357301 0.7357508537389975 
0.6124607337820984 0.36441751351358553 
0.528312863074909 0.17467376036657262 
0.937864353775282 0.5711618437406055 
0.064306370258083 0.22160903141938437 
0.04682891665430222 0.7219547621401529 
0.010304377438031309 0.8181622037827987 
0.9041294147709689 0.5962481013925116 
0.08874557416876844 0.5182183685630283 
0.5479299014516978 0.0756226291581969 
0.3377517424795673 0.2925722501493111 
0.08052336662155402 0.6142465201698841 
0.2355008294480349 0.36362008510943844 
0.3424286465195847 0.4951688207823762 
0.1843816945018259 0.6760091022296069 
0.788054129881834 0.5516957567320291 
0.4508879628485294 0.7846429308682802 
0.14583394070222389 0.20629822733994757 
0.5199056475522027 0.5634970600669651 
0.6978606939487669 0.38820655367337165 
0.1388959792980482 0.3624713007398859 
0.7430878112732693 0.10706982479639421 
0.24228886359041302 0.4360089895373366 
0.22679526565900593 0.5443442472937569 
0.9465614263998611 0.19841065311627537 
0.08398886402037137 0.8505485049457661 
0.25248142028916015 0.1172921452648768 
0.6547354134892781 0.7554390326459957 
0.3735616618508759 0.19329659877208333 
0.5971889717947361 0.7678653846337165 
0.8706617098943199 0.481711763885657 
0.7507130190422153 0.8680345684185158 
0.8420923379186023 0.03737012957628144 
0.3194394473521257 0.9916111170638662 
0.842098045086114 0.6578062571936567 
0.07515356054902633 0.8680365755549684 
0.45162059744874955 0.9335731758597192 
0.9198516433463347 0.1900395469767256 
0.6798026798851202 0.4130732133262131 
0.18445104889901998 0.8001617575432949 
0.7525013867821134 0.08070960524359011 
0.6949850006971042 0.9553296220657794 
0.3711067948669774 0.8167630849117784 
0.4128481809499736 0.1462780322238766 
0.19892576291598324 0.7353871996467773 
0.5449122942295676 0.3856617580009378 
0.3863732051032257 0.32580933551367947 
0.7350728065344575 0.5624735689318534 
0.329412284637901 0.8128583182834915 
0.8348560794056643 0.8439286361849069 
0.6291305545514391 0.008674807172402876 
0.8649999382485904 0.9862440373449093 
0.863530818842478 0.518116507561895 
0.021095171712280536 0.594550651274447 
0.70338640787224 0.1652732716219366 
0.3548152361929 0.1567628076563748 
0.05082849060144312 0.5477468590886023 
0.15044499102053116 0.08749535476873677 
0.3463937121281849 0.6671910229450417 
0.4270816027780415 0.6752561510052404 
0.19137771965138312 0.3288588884525706 
0.9875768434830232 0.37166846186067004 
0.19593934833505366 0.9705566522721669 
0.2578576522663192 0.8035422391301135 
0.4732548041694695 0.09706842311921071 
0.4741988984770308 0.8768026342597341 
0.5835728115113957 0.5338378804262904 
0.9173370652495314 0.5391783058795904 
0.47395626887528136 0.5830053327991312 
0.9754316764397526 0.16291040479983693 
0.445670082274957 0.027582677569751024 
0.3718233720399592 0.393222277975804 
0.264675261197068 0.9073917240201347 
0.9446032766509016 0.07753372666875935 
0.3083845515681358 0.5996115383691403 
0.4275788507069799 0.9121811185426603 
0.3036951964875461 0.3674457355564624 
0.6981742923449662 0.08644278660693677 
0.3328465542804857 0.23725130287438784 
0.20680609287428464 0.21823617212700053 
0.24958495563312078 0.5264609446111306 
0.11923233166606112 0.5509824230219921 
0.7818852915170025 0.9892225272889708 
0.09699829119468939 0.9922650219779952 
0.23311678022190907 0.6617801792056635 
0.615753193232591 0.5915680344595202 
0.7562338627322264 0.5930613644377533 
0.009617027399762723 0.07671994276829597 
0.170148809172588 0.12531581658201574 
0.3129618394688026 0.16609975507644786 
0.03995036296778265 0.035085407272910374 
0.32834264034811944 0.5723424675914198 
0.347158705789837 0.4308598227334822 
0.848290020156538 0.8870546316729429 
0.42324250242742223 0.07181313730775996 
0.5397331910711771 0.5964016327529613 
0.5067754022486382 0.2810339404465837 
0.5945986112736581 0.6792275845195658 
0.5978438624208093 0.447337163145234 
0.9137085174862122 0.15027422761115028 
0.15377145294931321 0.9229881861157838 
0.5482812749570873 0.46253294409806545 
0.5396047714549502 0.22130763529249664 
0.7531409494793792 0.5230827705861539 
0.23091249693644222 0.19962411613929792 
0.3160359802440529 0.220863194575031 
0.3763782879210662 0.6956872299992887 
0.15746068795020635 0.8843702763987662 
0.42016614789440826 0.4429983248815505 
0.03237837753617939 0.009208503874827467 
0.3291164635730396 0.7681598883693779 
0.26879227222396035 0.3456035181582325 
0.3364510989444198 0.9604470028414345 
0.6983116466069785 0.3150156113039262 
0.212641472751251 0.3400076239984721 
0.7887749197555212 0.7693253225736998 
0.8661708561762265 0.541856559305095 
0.7972558321056745 0.49161003912092666 
0.3035747547605526 0.809845185059076 
0.4901237218807471 0.010089990947292904 
0.15034228674902766 0.3466809499855056 
0.5769130346545468 0.19693873643003534 
0.49505576729911244 0.22707828481529363 
0.18646783194025157 0.07073843826839826 
0.17251310144843718 0.4902290959994758 
0.6693792412959783 0.37234590447578764 
0.6878957254455325 0.4780619875061823 
0.5712946308279341 0.354042143848628 
0.42537583754677977 0.6050751153085596 
0.6399053951228522 0.46469713536000967 
0.35134013321793495 0.08057060618861245 
0.663297655250423 0.7916610021433832 
0.3044171743226021 0.9249996188927262 
0.7574402842521613 0.5031073629089889 
0.3930782569643816 0.8661397313839356 
0.5550135620000838 0.9356928072029966 
0.06759931478831493 0.7149114395422105 
0.030536464303439426 0.8585516230657817 
0.414460913168152 0.9464798221740035 
0.442022686770314 0.6367219443402932 
0.3727496435444269 0.14358555938370138 
0.6946554893949363 0.8664784559643637 
0.7293675345924309 0.815291533423232 
0.8860822148777429 0.22930330097423335 
0.6136495446720824 0.8028332513883716 
0.564535330574412 0.13099474429148883 
0.16837081950539218 0.3485547509888656 
0.37755506033316255 0.4562799681610059 
0.43279022437204206 0.22333455362901505 
0.5939595710222173 0.8232114572108633 
0.842610578993618 0.8682097616642979 
0.30453949137492087 0.6818654104565338 
0.2598185537877377 0.17050368374344294 
0.42158569966381954 0.5474166967833041 
0.9382893626397761 0.9401235105996943 
0.24859186354238774 0.9968564377460816 
0.9013692611845481 0.6609988343296271 
0.6938494629817333 0.12974110440914094 
0.27210042431035886 0.41102823852184245 
0.5637446469869817 0.6576972382878932 
0.17289837280826065 0.6346096991594522 
0.4875323967061047 0.139576117739583 
0.9211350540447604 0.9861797604025536 
0.9256291123105044 0.41476140927795924 
0.8921652840007228 0.39639389179665663 
0.8545455086722661 0.1524913458205358 
0.910206292679224 0.4349134373989863 
0.07515668970612222 0.08190182812770425 
0.15442144906502114 0.8439110120733884 
0.9049690517520215 0.33522023909135257 
0.44900578481048314 0.3153352144514378 
0.8316694345438544 0.9015514841103442 
0.70509111581568 0.9889109293090041 
0.8627674769937497 0.75577704514585 
0.26452955926140787 0.9339650060742672 
0.5924621758413876 0.6062471064018677 
0.6067210937515395 0.9113437102547755 
0.6252121133227841 0.8903871179754967 
0.7635465990035809 0.2506633520192355 
0.24401359009560286 0.7883772903151431 
0.36619953099234864 0.7359886918654186 
0.9675007397349509 0.9613594033872391 
0.09374697807197635 0.5962198131762828 
0.7872288378095593 0.17614714595321923 
0.4155856040119717 0.7563710548701337 
0.5051349807977751 0.9253388705363236 
0.8676032916971559 0.06876071701545222 
0.29365240033365153 0.7322523270432422 
0.5184385968668961 0.8168142792173432 
0.8860855759738857 0.12324865520746336 
0.7510000075079586 0.9308309544507825 
0.4013430007145989 0.45249097831301344 
0.3243329484500592 0.47488559387020035 
0.9018506668375075 0.9342001143993726 
0.6075443001725608 0.5020691272323317 
0.6438651455591808 0.5827492176671987 
0.6852240678023718 0.27816484297227806 
0.9801573922487876 0.42877640040349746 
0.13855972212150097 0.6939538979868092 
0.13948408861090983 0.012563553144993023 
0.8241886963542653 0.8614318832042681 
0.06731883475850348 0.9159367520297935 
0.8586633317461184 0.5938757960989405 
0.20445529252667954 0.7636204685813658 
0.6082840450263653 0.1649449623833607 
0.04760033329329527 0.08631633924537585 
0.792586281399992 0.2806547410433336 
0.44789967022156185 0.11798372108342581 
0.5576496896403096 0.7204622588323166 
0.047723985320243634 0.132511385624432 
0.84048692669284 0.5216235850468076 
0.19089693937847085 0.24094178641575348 
0.7511051760639477 0.29982926765838513 
0.005196666293266317 0.3363294053395452 
0.9548383757037153 0.30197283443758116 
0.651226050290997 0.16137129036549536 
0.47682806190490484 0.9033982794698996 
0.7896941970733056 0.7130665679840933 
0.3230811053690277 0.36750383733341485 
0.08927785814539696 0.8270145298657855 
0.03387000530610601 0.05617577763933829 
0.24122408546213647 0.5547321090619081 
0.8332663441273958 0.7900784332101546 
0.9590292449598399 0.8473426551072317 
0.12712070777676238 0.37831230285928347 
0.835901486640017 0.31708997721032706 
0.19838327641969178 0.4021477070761879 
0.34605850680110245 0.6927293989925194 
0.0461508171044786 0.49297709506939447 
0.1108880786362143 0.014227996743479798 
0.24581895716968066 0.9764280977088258 
0.47131940325167726 0.345998373524116 
0.007033819861704538 0.4930721108917688 
0.8384236747522211 0.4086664850670773 
0.940520844483447 0.9891269523214405 
0.37548997788638533 0.6082489207097707 
0.6312175092797987 0.9710461587109291 
0.0485286246723966 0.2825229659839467 
0.39497435726966834 0.846676360120411 
0.818872465634852 0.05305524531873146 
0.122228479091475 0.8632445045919412 
0.011329549569259578 0.10030690897522188 
0.40316123797107617 0.2444611579075855 
0.9519847327822025 0.539075593588964 
0.7898442623049766 0.43498664130887377 
0.24125295613271575 0.39411004996663357 
0.4426233864301615 0.3709924646071894 
0.9120116725326459 0.5124633044955996 
0.19946064421422144 0.12619719952084152 
0.26623932661313343 0.5136705882250298 
0.19817677146566326 0.902143388178511 
0.3187193708670564 0.664399508290343 
0.12434047221894923 0.7447977422652924 
0.823904304123399 0.4752769816345416 
0.8260843421426051 0.6033626830333602 
0.1945165532200815 0.6208402397546773 
0.39695882025371054 0.6623612482187028 
0.24135453925418276 0.7102057463123511 
0.645583382958508 0.2211781889290264 
0.08762122405832623 0.026394538772265552 
0.9942447586663745 0.3178049954565218 
0.007925828712038563 0.19670607234828286 
0.5724009187266225 0.6322538685796857 
0.4410084162863619 0.8389605704782828 
0.2547637085710853 0.2785799845716198 
0.9774286330023987 0.7358032482663629 
0.7195810210884143 0.9203952988912536 
0.5412331619785544 0.5563364400934389 
0.5152553863977598 0.6267208816075837 
0.2838503273177725 0.6092592138196831 
0.5510139396139855 0.8424223921805136 
0.37245426530743386 0.7894997105343445 
0.09610947972522127 0.948665797269244 
0.07106783658979232 0.9927518637782988 
0.8542367303478711 0.33151177292644196 
0.9542979861727012 0.3545199456625085 
0.27423718264171226 0.02618030701456725 
0.17603206724904236 0.5537274540540795 
0.213317213756759 0.014151810256429198 
0.7169395056950101 0.23870426034084447 
0.9821953931544537 0.5668799188283233 
0.7917460539328572 0.5801551040706044 
0.16496016813108438 0.0324820512941994 
0.9063171756959258 0.45823254052391094 
0.7085944171703789 0.333413519838952 
0.09584868446466976 0.5390433762632739 
0.9776153464466346 0.7912747745473615 
0.18779743778622499 0.2930343950434575 
0.7669378421969715 0.0673319201720971 
0.13978030557915594 0.4474888644767205 
0.721980021862748 0.7109143158686761 
0.8327858325709183 0.17408304919440448 
0.3774113855429377 0.10839449420271935 
0.731864246009091 0.33480886624183326 
0.9088454962707545 0.5566987087046409 
0.9545649370260216 0.10686857299242053 
0.7323241347896604 0.3647149756000567 
0.558149070620799 0.8671048098171891 
0.03560793905090048 0.3938042208085698 
0.6853151216539111 0.9686296866443131 
0.008825557352538205 0.8609410421575094 
0.36041123542273545 0.3120088405880065 
0.08304210758925712 0.9638964008724078 
0.7643202553892251 0.16095498656286789 
0.8862909542541655 0.31138937634959424 
0.8160915860471392 0.36885437473894944 
0.6889082738245556 0.6473165711260795 
0.7097693980757057 0.27185722081673047 
0.09760579083706888 0.7885737824474034 
0.046355246205255995 0.5276056128120709 
0.7818894997351784 0.8243069614540068 
0.9110677222136525 0.8583301154034648 
0.50041918922747 0.06263880962348267 
0.07045420989960982 0.6420349876650289 
0.1619374792818566 0.18214220494679106 
0.2775162792342367 0.6511122453727622 
0.9278798506071191 0.4618698582920934 
0.7685488879152917 0.4757331148015993 
0.2654746879927572 0.6776405202358 
0.5636181331627457 0.41202508478769184 
0.5592311659534657 0.3248201014854386 
0.4642474336465967 0.6616179326208476 
0.9866141715857033 0.009096907442931401 
0.46916848469969447 0.05168653416520863 
0.15299587617905214 0.7261986195822105 
0.7111926127317536 0.7694939708217343 
0.3253334990567148 0.8367024387978323 
0.9282902141086791 0.6601983039458384 
0.2190719741423071 0.521839323396835 
0.27100549403589747 0.24684152227128658 
0.7342451785267294 0.06506379967272286 
0.06321094823131024 0.32311649096858974 
0.4606887228858424 0.5344977714415361 
0.8074473294396468 0.3531102628889399 
0.6825606862812061 0.9059681822370269 
0.9020351288399828 0.17490419243766248 
0.9911829919960555 0.6880306970807136 
0.6370814482112185 0.27934088849463456 
0.8407651934353887 0.6840983287569085 
0.6574159377322775 0.07711899776930364 
0.11508200786828748 0.05689143617232745 
0.4620747327558943 0.4353913403724975 
0.7119201469350673 0.6731893571528736 
0.498303971626902 0.7820857402706092 
0.570751443572957 0.8990301467152253 
0.03847620360544368 0.7905990109311793 
0.6635195870869519 0.6786096600648016 
0.42101562883952415 0.2846754854427938 
0.6594247569485203 0.32941451852761006 
0.8516750021608244 0.2909790627515366 
0.10660071748726996 0.675579430429097 
0.9761867166007456 0.19993706344451367 
0.5238691180525263 0.3681118936767299 
0.8899167783272792 0.8035416309301158 
0.5816813970802625 0.16776415287429997 
0.3433733531297417 0.6145791425855748 
0.05735763128855442 0.1978988889176721 
0.7936794657006196 0.957092054611334 
0.04205063871081105 0.9044344503459718 
0.7919931475985524 0.10154720158121344 
0.589191349114953 0.21606925512832836 
0.6565802368511107 0.13050195926900815 
0.25771384296234134 0.09595995379874173 
0.622528110000772 0.6159412645673905 
0.11110055547788311 0.31545556517788953 
0.33294465740490586 0.06533962580603642 
0.24309825338956476 0.45242881517258027 
0.3559460630827008 0.2757188264398649 
0.799894549757246 0.8654406987744736 
0.4834771772443297 0.2784301081982275 
0.6848514271777327 0.6883839544368606 
0.7703764723652862 0.7410403112904569 
0.2597187141723335 0.20768198003529742 
0.16900028085150165 0.6165079914832718 
0.5388953788171699 0.5249567556353564 
0.6361415853996462 0.7698468439362351 
0.11094807632994952 0.1883064140512523 
0.351780150836348 0.8286701235514532 
0.9475906190840038 0.6460725842416446 
0.8379410906286526 0.08287864756617785 
0.009129758858626658 0.2642548862460794 
0.7091220482248534 0.6099526478542282 
0.31375731226906867 0.7413639356170139 
0.8397669250889189 0.36948547132126686 
0.8824555394222842 0.6329911781344606 
0.5147115838895334 0.533086280764567 
0.10301885074901285 0.3892617058768245 
0.9559545672059956 0.6038719288340544 
0.23575732108153602 0.6053277896077924 
0.6962643320393859 0.40965841271485526 
0.29965107878887176 0.25364334744495365 
0.29256536646358966 0.9862577070356162 
0.40709348110223587 0.4141472991343898 
0.867843860836011 0.8658610741735342 
0.9141581699748083 0.29853145852284857 
0.4927717849970451 0.34984099895932363 
0.8692186634121674 0.39748476457645987 
0.406703588822809 0.013546622932360253 
0.5525834316885228 0.1004669563170732 
0.5487786922095844 0.04641178695169057 
0.022601706824211476 0.14147362680836856 
0.03830406520551072 0.45215310026233874 
0.993948817809871 0.10779027748927117 
0.6460773058354519 0.4001538451348092 
0.2795643223525787 0.3089033960844091 
0.2285129440925337 0.4775019277359496 
0.404044102043954 0.5605225464268278 
0.23947621171217698 0.8844120143472569 
0.794560569304751 0.08147894214331236 
0.5204655424666109 0.4975230990902091 
0.5748383555776893 0.0368753280665321 
0.26212123940399584 0.31999927511845294 
0.9144546605507999 0.9482516015853759 
0.6478530310270928 0.24884098846156832 
0.33681669448813867 0.5194605533242229 
0.41604592777761873 0.189913327437583 
0.49408091704550755 0.6999896654460913 
0.1036255440108847 0.4617625408730271 
0.5045861215924173 0.9605088725120351 
0.9241124303548287 0.7621075838791935 
0.8979446425278013 0.2755718937999466 
0.10997311908272928 0.9316600325933124 
0.531262374036505 0.06191582128896417 
0.8099047836827111 0.4552226416133368 
0.08729588726608217 0.5589523050179493 
0.18543329543341885 0.042214668319257576 
0.12408439744060612 0.48118566127595463 
0.21490537377339242 0.7163667039002097 
0.5542196033114487 0.29199125415027993 
0.8940689760426794 0.19409732831034515 
0.3190900547124258 0.9442623180962684 
0.5981509856914045 0.08736493969277553 
0.46813972336126153 0.8422228003746375 
0.9776674637908376 0.25969973372899335 
0.1296255998066681 0.33029366236739943 
0.7987664992479908 0.3324402662628526 
0.49249460851088683 0.5861556369914748 
0.9483368288503182 0.4359602815739038 
0.6837617224291077 0.040240100315626526 
0.179172506577849 0.7269630647878741 
0.8955646523260217 0.4332551537229196 
0.23361356257789995 0.2579302727961142 
0.01583904163766492 0.4461165772906054 
0.8905914140220121 0.8407831858579093 
0.9578353266158541 0.7053588997745311 
0.22505396815025225 0.7560813006544189 
0.6649169993203503 0.1974777858967594 
0.6908866603372676 0.8185793257738485 
0.6587307314181896 0.4531476175572517 
0.2883771480966984 0.14209817865606772 
0.7837109568739221 0.6644682986625318 
0.5079129436686033 0.32198381395538767 
0.7348682989637124 0.9406428048624392 
0.272546730479035 0.179005823423259 
0.6416629901451338 0.944742647001614 
0.4839601782163787 0.18621248517595768 
0.9157481927789626 0.36119763080974715 
0.2287258454373069 0.8061778177241566 
0.16809066189333022 0.7815392037840547 
0.8039146895785978 0.8313879102051773 
0.11781617098770758 0.2227264302567874 
0.508520738701607 0.8526183634028749 
0.5232519784392551 0.989681881185025 
0.40471422112376015 0.5782214550209501 
0.088462597206943 0.681214366164054 
0.7640755305208213 0.8584923228857185 
0.34913328353014916 0.18370057922094335 
0.39497475736001236 0.047531165622587856 
0.44205127971563235 0.18273493115475697 
0.40856679323464307 0.6417229209720753 
0.634483526606676 0.9128492589478253 
0.26918946667037535 0.88204192978494 
0.09819876471759087 0.13100477960965473 
0.8558639884311433 0.795286522252735 
0.3321087707134408 0.8643119282550169 
0.731738797786021 0.9933671850796821 
0.7193894617484716 0.624578716123755 
0.06538575705347449 0.8159981259130885 
0.5349932673459619 0.44722156563623766 
0.6642271717948334 0.514521135265961 
0.8788062525978089 0.6976117573946624 
0.0673543723511068 0.6869527623009146 
0.8260468886141679 0.22153410229742643 
0.9695471367842895 0.9110534837742817 
0.34536498076773897 0.3953106523400489 
0.923872995249201 0.2534854562470495 
0.9852450452949494 0.9308805121248163 
0.7638323003930867 0.4251034803182105 
0.12301495290563697 0.8863399782631676 
0.23311403589234697 0.010332483997177122 
0.32988678337239263 0.43150510570436407 
0.11794406177552852 0.6965040279466904 
0.9003869063567114 0.900175912985868 
0.8094053807672835 0.5564914889410686 
0.26756330312169585 0.4670739786895948 
0.5932024334948333 0.9641102656948308 
0.8245464675387242 0.9375332313698506 
0.21309599688707775 0.5854839655711639 
0.5266150208075326 0.08646786535098117 
0.010240119912569345 0.5722656049389737 
0.4959274346356441 0.7248373635878915 
0.9113462704469338 0.9726745571599352 
0.13501674263206603 0.09644464845692785 
0.07051985836745345 0.38612729039671323 
0.7585388756514897 0.6571658746249034 
0.2377369545616086 0.9530233618373334 
0.33610524618569027 0.6400403190067396 
0.26805328290778563 0.8334783918788384 
0.12607249396350262 0.6030938651549703 
0.4767207841377621 0.6511342089060952 
0.49337752507415356 0.5471791395781024 
0.38372740392205085 0.2584343325304711 
0.7311689168486619 0.286503510130358 
0.5765006507537215 0.9938687034081908 
0.5105388747205989 0.3873046314207663 
0.7748850012905859 0.5713344540440198 
0.09238926006444198 0.729209316966765 
0.35425234900012637 0.02868229319568527 
0.15213131151317583 0.10741114657288692 
0.6214725546455171 0.13806131123443555 
0.13540666746342445 0.7942751063868905 
0.8980025101607381 0.10420257405588274 
0.36580008571077643 0.12149633609165311 
0.2467220910282767 0.8225278417950226 
0.07556678600178335 0.24213958163036803 
0.6287906003814923 0.8544987494744162 
0.6124159253632095 0.42396047598252307 
0.007051362903478853 0.7503603469789797 
0.3010891571472798 0.04327718250058532 
0.07654506873692962 0.46740677469700354 
0.01878667076227969 0.5327055475367173 
0.21265469847676843 0.5603637161901873 
0.4923881304853174 0.26028221772483584 
0.50551172904577 0.4096651859861039 
0.28617537855350017 0.06464377696351609 
0.6958469803867376 0.929531640733394 
0.29063410461141936 0.9618321986488707 
0.6160908403752701 0.8282243529836941 
0.9382356882969319 0.13900852278251158 
0.1917282838883268 0.010472853402248405 
0.46846979823934504 0.29251347174622533 
0.3117252288227613 0.775767300213107 
0.8380342096210112 0.9839791756130778 
0.714061600298224 0.4870112651291537 
0.1434557026712015 0.25145351093341506 
0.7671772938099095 0.12144124705601123 
0.21847990152010177 0.6895823839884838 
0.7829150216635516 0.2993144921342701 
0.20726016250288398 0.821968947529336 
0.30536376548219135 0.20030742694653186 
0.8349806058175668 0.7278725365566094 
0.8363851179059179 0.6258459457720317 
0.43045961941642147 0.05009192523553874 
0.5804784768582151 0.3021870410436033 
0.42075059533224163 0.47887359219343495 
0.6758255553133061 0.8365398713968331 
0.6832772599143238 0.7879059213402081 
0.8732977689020323 0.04999851683597978 
0.6183163688908272 0.4791581063110859 
0.11521910988140988 0.6333429010606402 
0.9384137346273947 0.8079069879925604 
0.39186576972189535 0.21103957330943007 
0.037220413115825746 0.3473853086398329 
0.6214705603378394 0.5646491621188563 
0.09568950460328174 0.29284412934124804 
0.6091313071931824 0.720800239808516 
0.10463238595496926 0.1528441984321126 
0.40713587479942515 0.4334007274881758 
0.7846736903561848 0.8911033123464025 
0.6946825515996579 0.181954078729747 
0.9242313242621905 0.4935968970064376 
0.996285021950968 0.6011212943165923 
0.14643892938851144 0.9729521499178277 
0.6645054357460729 0.7370061906846463 
0.5900162707032243 0.8685743907765687 
0.6743063042557904 0.10247817618997446 
0.33634663914517926 0.7119675335901474 
0.41302028130300705 0.7050847985233349 
0.43868793856269517 0.5303568275113747 
0.23241878472087102 0.31581113103173053 
0.07649868820382588 0.27661030032325556 
0.6965320253468951 0.714154453490047 
0.421285881334187 0.30757849482888977 
0.25687693669992046 0.07215866757677813 
0.5911959216117831 0.4009693886004397 
0.6196938171360304 0.3431270922710522 
0.7012472801175438 0.4419812590181518 
0.6023749490991216 0.5452551067829796 
0.16907196440085542 0.3670564796015906 
0.947332777130514 0.7493064977908849 
0.022151621982111735 0.3016073117160334 
0.007121771992901371 0.9415071405497794 
0.3851134236554205 0.9671341030993557 
0.9169854194938387 0.005356805186431557 
0.8496801566061183 0.82969088828705 
0.45667175950216465 0.9889302703072304 
0.8726806385914188 0.9547190036845579 
0.6364070742258575 0.7277851911017668 
0.28979789960352087 0.11689666389434389 
0.16243042484329806 0.6812251719741191 
0.287256160833786 0.35545865444914015 
0.1868230908192532 0.5318533047307542 
0.38119358762063543 0.646072360420196 
0.4567510533043438 0.49683666715137315 
0.7950705780617997 0.8017410784407233 
0.07080753212886304 0.009129367171764435 
0.4221646954694284 0.5847312278895019 
0.148528369320798 0.03427278862479172 
0.9433739574686713 0.6148447803456298 
0.9919586395584455 0.5104280589310448 
0.764126620441115 0.8411070640939984 
0.07136601236313 0.8340073166785089 
0.448575072575627 0.23460155551105583 
0.03586837921180003 0.62877169347336 
0.07186501678714485 0.42121086879930236 
0.35163611690714003 0.24575786665591576 
0.47649730200136003 0.7862263601646333 
0.4209686273555231 0.5034748554745129 
0.0974425527324646 0.25395998709234174 
0.1069157090716848 0.8256629128705288 
0.7832389635073989 0.6857285167455287 
0.8804560509823711 0.723101240393315 
0.8379864103466228 0.29896003262379445 
0.23219472255267315 0.22222887577250716 
0.5948365504213448 0.3569474597606523 
0.070268831652391 0.7891215736231422 
0.9578209109478064 0.7906605180063864 
0.3606256354980147 0.5170830232458212 
0.6896947533584774 0.3544710548772819 
0.5954749160753557 0.9204386133365756 
0.34146303941031036 0.3480042192335798 
0.5549470088595172 0.7932201030060444 
0.834913137197904 0.26938202508347375 
0.848394621960838 0.42906192180725056 
0.9642168197067873 0.43046354788700314 
0.33414637771409395 0.7858811784067874 
0.9258115067620144 0.894842526990424 
0.7718443898070928 0.92834519822917 
0.7978680915432466 0.26243523478941055 
0.0038266478344630706 0.1326297493926209 
0.8560989724173174 0.6340117775160032 
0.2983026697663173 0.8691769557571787 
0.19895018663057723 0.457274570154781 
0.3635858872764496 0.009467095719566221 
0.5792442229719568 0.23776328858520673 
0.7029834356923126 0.04003910872028671 
0.1721944380838768 0.5934745903470116 
0.20382160593154514 0.8814115234498509 
0.023906826035298645 0.8097016730264364 
0.5232661111398119 0.5988568100044479 
0.8785903361436336 0.46749417528594817 
0.37190344195714414 0.8798502296632255 
0.9010732346423493 0.5309701472115858 
0.09751420523680643 0.9139368667363432 
0.5073816352210471 0.12182432687532385 
0.7812793487878412 0.41133897377533823 
0.46487003038352803 0.25397122824200546 
0.4506308385499763 0.5966876698288018 
0.4379195311488217 0.8021169795524825 
0.8522337918955651 0.39479430797885195 
0.19941733710032172 0.1829349435799833 
0.7727196090850635 0.04729943181978519 
0.8872731761979304 0.9322146682265817 
0.9484381292061204 0.029181007396507253 
0.9186091971568309 0.043295971655226806 
0.711927922089911 0.14418533018798813 
0.44892209981442577 0.6834266116876963 
0.7464797673253717 0.31431109796161494 
0.18981901791264966 0.9891186837294742 
0.6193357752857567 0.6643303972326111 
0.4120620330426187 0.7782838050823735 
0.8023547710214748 0.6266443716741084 
0.7207860224382756 0.10937969911429729 
0.3901597356771485 0.5396554261702369 
0.48934729246753556 0.9186487595777355 
0.41669389173975135 0.2210923637789261 
0.9933070011253765 0.4801201369237108 
0.25343826097817196 0.7703796910054184 
0.3940492959962668 0.15725291840681832 
0.5443088219589768 0.7363029756974814 
0.024354171313655137 0.9948528231665099 
0.0734973509211434 0.15846499052318097 
0.7574824277247123 0.7076105596773636 
0.7625697646112666 0.21692436827381611 
0.7629233651615834 0.5486076188411092 
0.4926608181440909 0.7554670654389662 
0.17390612452695403 0.9233453257351831 
0.1266530825905673 0.7607842738577654 
0.8505944566467899 0.115547227203329 
0.010376585022580043 0.7778382293136702 
0.0790657187897168 0.35125352060730897 
0.6844614533185084 0.541589888798072 
0.29007374698611155 0.5025344669075681 
0.6198923264396355 0.08648104267278078 
0.7156336631005099 0.5865404657299715 
0.8931337042192733 0.6823168297812015 
0.3545128529780789 0.541630277877794 
0.20871471523450263 0.2036460967881496 
0.805934050391458 0.9855736788253491 
0.6123313152317378 0.035372889243128314 
0.4634375972207437 0.38626266862713154 
0.010828519547679938 0.17746015941817317 
0.7164204823085675 0.7893954777793595 
0.4970651784973322 0.664551380387857 
0.4353902796000276 0.1398247068263202 
0.2646214646706906 0.7799101827791934 
0.956943375144989 0.3265267977165581 
0.39067492006453275 0.48758217216520405 
0.2722788040222006 0.009731955928078129 
0.876201229247206 0.010961773839446798 
0.6402507913233804 0.06424606605117494 
0.0754566479022567 0.5806129759662749 
0.5452007478195949 0.19463948295740113 
0.03354893887790128 0.6686176096646773 
0.9292591932746126 0.7407969931913532 
0.7368684963661827 0.9682412549848116 
0.9757472218310956 0.670056534950663 
0.6171487524927822 0.7457437076950268 
0.4509354964733386 0.47263392343330535 
0.6692684334821289 0.14960544169860351 
0.23935168824965775 0.7441284696494318 
0.7605408110435108 0.44853297582993784 
0.9231356872070604 0.6094111996479258 
0.9616628648543264 0.062738617185718 
0.3604652150257967 0.4607024099826995 
0.46954520325892224 0.009212970349592675 
0.7414167494602544 0.4019469633775132 
0.4961480456626908 0.10104148194152934 
0.09774100610784947 0.6170397483918191 
0.5863401575770999 0.9009661467365773 
0.6854514172698722 0.22931671541371634 
0.7034845566464014 0.7473253652001366 
0.9380933151828903 0.6870256940266057 
0.43085429099099093 0.8239686153061367 
0.14563087339978859 0.5640659509904073 
0.47741998340343667 0.9351423389571172 
0.22095722666361134 0.9428876298276723 
0.1216515861617321 0.9784488463320523 
0.594712377784519 0.7531832733770547 
0.7280140867344316 0.8722087915082779 
0.96612028892865 0.13183209168016236 
0.06370768171589009 0.9532109020526893 
0.5218244990146181 0.3062431512414563 
0.7389247255704737 0.35254795443456477 
0.04726208576255492 0.9327666900050722 
0.04555806401910595 0.1805937138262514 
0.5807891329271682 0.9477637953803941 
0.1250375279663981 0.9152656509793708 
0.4098838956089377 0.528286206676127 
0.828819424836278 0.11015138822632098 
0.619921383370291 0.22174858164261974 
0.15481069048087337 0.4104188210657942 
0.6687918868929843 0.4356183818052339 
0.7968746139470031 0.11957579050660394 
0.7011485462359762 0.6575492624112027 
0.8866469284920895 0.7568378145231214 
0.03324020547438217 0.738575633610482 
0.2416602819083778 0.6736366602890135 
0.9913945304260521 0.9933092347200771 
0.7326609985548297 0.22083980655038532 
0.9747619169172932 0.8307082567390711 
0.43008653871767777 0.2687088962086046 
0.5275292101879873 0.1354846304193717 
0.38564503127720073 0.583704117262853 
0.6477475110822927 0.1866290171403101 
0.5552555258469056 0.21383664572790523 
0.8914002093790651 0.8689471820484824 
0.16605459702492925 0.9717968231623713 
0.614977658046924 0.9876552066415549 
0.7598883547552464 0.898224477280054 
0.6034837215913186 0.3147078103321086 
0.7375746793935029 0.4627160960181651 
0.3994112565838651 0.34140868689998505 
0.24825474001854375 0.18930421873518793 
0.44633199029167575 0.20861560966294002 
0.8857944861136372 0.25521564879073544 
0.2640716630496359 0.5591572281801939 
0.9292138136628898 0.8429354321302551 
0.4108267670943677 0.9948752762300391 
0.6615390916824425 0.6204612075565377 
0.4532052953437282 0.9066171408472368 
0.27116360521789323 0.7066307262572513 
0.8351828580519867 0.9228812591518007 
0.23535772146306388 0.9255996266551167 
0.41300407494051156 0.31683166516122846 
0.663655577690939 0.586127236387087 
0.8673512138515271 0.4984637357329287 
0.17612802055967652 0.70047399399635 
0.058330263210902844 0.8868727605364963 
0.8192842383249317 0.7781459809465335 
0.14697228466771156 0.9039029829911491 
0.011103349964868336 0.35802187913682315 
0.9000558820590479 0.3697784587026993 
0.39136164623623804 0.09185109810546749 
0.3938937527973648 0.36224794463222365 
0.33415107674756267 0.029326254987938616 
0.6254308685472443 0.5386934779139283 
0.8317544146954456 0.34280220030048947 
0.9327436098488127 0.18005456899817335 
0.9484077856963503 0.8676158670219942 
0.050679285146337405 0.24199808459889066 
0.7008982008057818 0.06455923455446905 
0.3309511340119712 0.10591675290578922 
0.3778758578048147 0.9236362646543279 
0.22639276783335976 0.2749224969996663 
0.30692543998513344 0.5443960881632872 
0.04026372990013777 0.11404050504803076 
0.9880612859193203 0.9718024037363004 
0.16449674148463717 0.16253329425442803 
0.23671073244155 0.11028198222948377 
0.18236066227986358 0.3817651089905452 
0.3777962729473078 0.6737942789750668 
0.9936057985417108 0.3908795319598951 
0.9776981832757088 0.6092560237650896 
0.3531849863448979 0.9931725666765091 
0.029188209226964912 0.7733368960997137 
0.9554440402166959 0.1828838917706977 
0.2133242351955747 0.7813869665367528 
0.5244317210731745 0.6924864977497724 
0.5446873331968549 0.5767707654239553 
0.9649414927042741 0.5827201020830292 
0.9570895262540005 0.8920971162991136 
0.26799351568105184 0.6282698741586159 
0.5271753720822686 0.7723378346687588 
0.8792564922389878 0.4196871893939765 
0.10209970197018209 0.7734184575951766 
0.056722564838695866 0.45915499923514225 
0.46257832096000606 0.3295679622918145 
0.36258496875482904 0.20612556146105282 
0.542606921091296 0.6642855583841882 
0.4407277279670455 0.7273912913904237 
0.8596452678383535 0.9075945451990184 
0.13829776249714842 0.22700099341218316 
0.16552219544385616 0.2888848594766676 
0.5451678694469847 0.008288083732582774 
0.09694390047743634 0.11812089123835562 
0.5861780641290691 0.5605091954166516 
0.5158896586973069 0.3402262066375863 
0.006089525538219176 0.4311539047699462 
0.19352134190970188 0.7102478315498437 
0.13651115506283312 0.1354718676510116 
0.44126166942683115 0.42721798532105437 
0.6369439737467318 0.6348031238780065 
0.5805989138091652 0.33937814508993497 
0.47384587415957624 0.221630088633053 
0.18739895876018042 0.09051125649346548 
0.5389300054112613 0.4013576970045748 
0.9736873136144317 0.10527195766976388 
0.03799769420228394 0.8353884996513687 
0.9338418036118389 0.5415517004148414 
0.9859558693214044 0.7097485311903498 
0.21805069046309428 0.3986561793850207 
0.10322769619331218 0.4814319037999867 
0.8495164644584354 0.19839494819048636 
0.1900536468068389 0.2690275649697418 
0.5479056101219119 0.3582333063781083 
0.3062080063140852 0.08518373746024488 
0.31832802390097076 0.6141383081332104 
0.12911460721018814 0.8327245826830496 
0.20626742151808836 0.373603632830491 
0.8238529015581882 0.41376964735743216 
0.19326495128302884 0.7794773686949688 
0.7763911997429844 0.01893860651583995 
0.0062236845669473295 0.7245057210812311 
0.03696137356152729 0.4295113625276375 
0.17245430420048274 0.842721510432132 
0.6563562689715728 0.7104976619414891 
0.4890965874518321 0.36461810955911356 
0.6721134509388946 0.7005996627478697 
0.15994533359226587 0.5224284903289923 
0.3175461603481345 0.6432032856582808 
0.29393116724939705 0.30083983487829846 
0.6620323308332058 0.35330531045722574 
0.561356860531808 0.26453480833170856 
0.628213534575627 0.3224271942883526 
0.9624787981558527 0.6547918098784699 
0.5910274884345857 0.18186516506036443 
0.7360675864189916 0.6925831596989739 
0.13458986499782927 0.5005025102695166 
0.14103491523508815 0.6346090887892415 
0.6350777208905173 0.36751340265409793 
0.02687912109265639 0.9743579563056421 
0.09127185980779107 0.6478696755785421 
0.9370958697214717 0.4110317519301841 
0.40863415992509255 0.09406693080828682 
0.7221682080958595 0.7330600086366698 
0.9726528536467325 0.3576315405447089 
0.18075052529502972 0.30769971976180216 
0.2559151265715528 0.3396335280381715 
0.21943145173751194 0.29974617132814174 
0.2623329094793877 0.9568949638569546 
0.24212667471704102 0.16274617924489626 
0.689569949096236 0.6166189708570889 
0.4963975096579752 0.4214780968765168 
0.1990572038389587 0.9464380654497744 
0.20599258923262664 0.860271218370728 
0.5838001674831625 0.11121086850931583 
0.3502452298803117 0.12130895339196668 
0.7894912202286537 0.3864653210139929 
0.01175085259058617 0.6528350207166335 
0.9070379962487491 0.572241377811296 
0.4902799452804088 0.2993211507167457 
0.5252335603131386 0.9157057206733075 
0.4193727246225007 0.397177333380889 
0.7511152183175089 0.33983700078384793 
0.7539164909995332 0.2637858615755384 
0.012381474408334259 0.21906592587388268 
0.3480140422029169 0.5703916219471066 
0.8049528225752065 0.6039118098854472 
0.7150985112742486 0.20071777458287038 
0.8657951336863998 0.1938657261152099 
0.8054469097571848 0.6701267822612844 
0.45213310613259616 0.35311465743632575 
0.04264659384135955 0.2133976689367285 
0.2781995298738537 0.37337738105286444 
0.9588357493949737 0.2515332813510099 
0.024724858885655565 0.07505746504817734 
0.1635761932339136 0.0653038256688957 
0.8614011831639767 0.21780722178868533 
0.7096052545485463 0.8490712719848301 
0.9119840782181855 0.7124061956379729 
0.19669531826277242 0.48215090380028575 
0.5556572054636777 0.1673004496807577 
0.4357985761430991 0.09561801409368303 
0.6796392714356974 0.06531350203068087 
0.4996880994037221 0.4632894057153509 
0.7204723025571405 0.9570586258961751 
0.4267063903418516 0.02232149993550092 
0.9262155765215583 0.07337772269663656 
0.14860397897554162 0.32563465995363616 
0.8852940480450339 0.15947532353835603 
0.8530163196032132 0.6824275650655803 
0.29741373103742774 0.17617188628291108 
0.8705198619101238 0.7729379494164372 
0.2573640718686908 0.41945207412709473 
0.8570168317160755 0.006726898974633078 
0.4220516890860818 0.8648890183488522 
0.4683336609265272 0.6069027583879305 
0.16623016569303772 0.8624512027025024 
0.4916829205637763 0.6322594328269877 
0.030195453156072305 0.5671810832557659 
0.7924731386831629 0.9140219128855569 
0.363929254572558 0.9733541527156178 
0.62146193016905 0.9284314974333383 
0.9367645564681852 0.7145491243419729 
0.5318250395617469 0.8520222679632073 
0.08434595174977766 0.17028708521051122 
0.8322537341302223 0.5664700064338516 
0.9273102717246664 0.30787431822875955 
0.4620577272038044 0.9552704040508062 
0.5451740033335353 0.6314648557027716 
0.0653689226707504 0.17960137366541834 
0.08108957166801556 0.8851986612347472 
0.06469866593277201 0.6020378821778024 
0.827155907390142 0.7487365023563906 
0.4178096582973544 0.9700407267141729 
0.9129291085211748 0.13413597110272357 
0.7394989443610426 0.5933141137079465 
0.1263515616413563 0.07155875501259634 
0.5856437606298214 0.07226798029508136 
0.7404379491457748 0.033289819192588166 
0.10544883040525926 0.04170550305703824 
0.7357134059222783 0.5140194751355031 
0.6560747860274354 0.8972747868914597 
0.5488812149868232 0.1435576453126568 
0.10710230535862802 0.2405832847288788 
0.6510126974853427 0.8074393690138284 
0.028322541161311332 0.4959646985945672 
0.6151478066480464 0.06074105956232767 
0.8081839107600612 0.23175641248886653 
0.2912665708375046 0.4179082307724866 
0.4275720184216244 0.3461504819246878 
0.472936479360443 0.806920709461415 
0.6570100426668727 0.9787593287986034 
0.1873386858962623 0.1431692859021873 
0.6971174898709167 0.36946403831227925 
0.46405368169209643 0.8558148270736827 
0.33575308113828306 0.33207496304530426 
0.3723399952198635 0.22975221850058192 
0.7807761609434629 0.7888381600251606 
0.5127720159902438 0.15147883602269852 
0.7255838567416848 0.6600245785737031 
0.42446570166495634 0.6255984750752533 
0.6603857471353647 0.935480866095657 
0.5294380999007553 0.7987506488816274 
0.9547964356795371 0.0034580355895648673 
0.7674308999677197 0.9582636338942573 
0.8868512318829882 0.6612123634222898 
0.9858479826530347 0.06849316380794501 
0.3623477028659126 0.35585361649364877 
0.46678177363365025 0.7281252415627927 
0.8397043154776658 0.8081516212877587 
0.45960872389292035 0.7074378910250081 
0.20709074451827764 0.6094361804287537 
0.8828346434116943 0.9912336808600235 
0.07149352436762768 0.7349690371481612 
0.8113750532733888 0.3959417274038052 
0.010762233652275743 0.057870568137395495 
0.8366820955438393 0.9555839100229391 
0.11763042769017407 0.5773323060760556 
0.06282979940913486 0.9761107656014614 
0.5982613458393475 0.7923764696295366 
0.078049486001945 0.505052278267945 
0.03607555996851286 0.3227705940371925 
0.14416017972239503 0.5151449478389846 
0.7229109111091767 0.027815664521310457 
0.742467482526469 0.1342725610452158 
0.9146431457413509 0.8097251458561601 
0.2749870024113788 0.2709583913436306 
0.21293767517605539 0.16143362012219709 
0.4998309846083407 0.8143205598540004 
0.31847730732128454 0.2835916143301229 
0.2914530712125811 0.46958832226484293 
0.3755659896603121 0.7689324457129301 
0.1565169678940077 0.8125679011834706 
0.6219467488200517 0.3036519156366897 
0.7199262522132137 0.5637286878718499 
0.8160717069187666 0.9156604677354228 
0.5217676428390856 0.7203413508996982 
0.3850907011819989 0.28773140383593887 
0.6917876457043952 0.15208472535101603 
0.05436855514759481 0.30914831174639235 
0.7555475640492335 0.3763636982367403 
0.10254759130094604 0.702413855978217 
0.4050688956538303 0.1256975321753635 
0.7253853656596416 0.8925889780489431 
0.08863320974375144 0.20122537416608505 
0.5690584774174856 0.7467451357529452 
0.7506404974376177 0.7498189920319062 
0.6634747424717815 0.41199399374378315 
0.3143155441244293 0.5088508135415379 
0.7402327129597224 0.849458347639489 
0.6371551370247976 0.11602805655979814 
0.49620883933478727 0.8454474912119253 
0.3053968307425093 0.13103892486973084 
0.8977449493634195 0.3217629592032932 
0.2849333626508725 0.5395540054061763 
0.21395130453048344 0.6490029395649021 
0.3981156947865178 0.6016749824894371 
0.7964573675077524 0.20028789917614553 
0.9886753045990353 0.14705368084541948 
0.4503691714796019 0.7602280360251423 
0.9944666022469806 0.24119982282799568 
0.16024974608683779 0.6586609302690677 
0.5759099561413982 0.15055628066744764 
0.27565834891582697 0.040418604256064194 
0.7848905523346967 0.5016849217863146 
0.3828735240995755 0.441106546633529 
0.12493874965557933 0.2918110042311069 
0.3991272515071155 0.7389341242348503 
0.31833114385333877 0.25594221561598274 
0.0684514806260964 0.5458984500904582 
0.590417268824055 0.8447100989515297 
0.14504238664446806 0.7527140422300008 
0.4704063764324916 0.1577185612901994 
0.6119138233413037 0.009387377021683019 
0.4607700485566565 0.8869508599162164 
0.6310822406980963 0.38488551983671243 
0.01650082684853199 0.6945912680693196 
0.7183878068925977 0.38985079546245816 
0.9596604296985158 0.9913211427259956 
0.9231359401115878 0.5879909925352851 
0.848669589632655 0.47999075516812234 
0.8040540931994644 0.0471536805394423 
0.3804865713221085 0.8312673607281469 
0.6550869104353934 0.2902557335373134 
0.8856867894406406 0.5482151025701716 
0.48522480304281795 0.23651766240307687 
0.9486111651168285 0.9184860280611642 
0.14338685730500117 0.2886146716239085 
0.23989599371864812 0.8523882980565998 
0.4087141077905531 0.8902041593662227 
0.016185935266824936 0.8991757558156421 
0.5074569573952504 0.18718884187996276 
0.2898399234486795 0.9023728588260174 
0.44558222909743184 0.8724954100192676 
0.03531846143623657 0.41281519564503905 
0.9789105211440026 0.03389139608621283 
0.6612966045039069 0.03616836014502811 
0.930691994069693 0.2210664965552887 
0.26819785070298163 0.9929606855937352 
0.627908515500412 0.5136418779814826 
0.7941821303220347 0.03064827050370106 
0.5836895284644318 0.3777620313494529 
0.9687580996730476 0.17244813593153435 
0.03624175509362415 0.9560800857541447 
0.051495993970761045 0.1529453730046335 
0.10268085206545874 0.4358412740579459 
0.6604459406659688 0.5463459862924234 
0.8601922195206755 0.08072724827456146 
0.8957024167723793 0.01355541632120727 
0.20299571889951923 0.2862935055387321 
0.24679072304346844 0.5881646546157252 
0.5788735344887262 0.7787549894599273 
0.6251709993049933 0.8731640918359282 
0.15107775597524564 0.9430036987568213 
0.7328299690034318 0.6326951236300525 
0.6495315316181155 0.6931175336942449 
0.07906881384765962 0.12140944071525384 
0.8160292001083298 0.1324132142335968 
0.8786348572835236 0.10455443432278716 
0.9742114694084645 0.41047262372499016 
0.16267308712179468 0.8275175019037131 
0.12062743352935362 0.41460770072507186 
0.7782566180881283 0.6142930651027398 
0.8622827666806684 0.7094090767527802 
0.4803067764617621 0.4902389749154657 
0.3144808637770139 0.4496103187022049 
0.6378944367734833 0.024621301324458444 
0.8128485938304049 0.16590171608672805 
0.9918916262634829 0.7822393842015922 
0.08460470290197708 0.32888687123452603 
0.9947334540769591 0.4501541677857643 
0.67735220968566 0.8079563185946221 
0.5209872645810397 0.21203033788542186 
0.3165497080790103 0.8843783451091692 
0.3927735857135554 0.7111043989963297 
0.7120047950297316 0.5478310405840674 
0.8266652895513833 0.5084561819965457 
0.9237786977334788 0.09589209696253703 
0.8640956580469469 0.6094785494597897 
0.7542488619202096 0.018516347893866303 
0.04854647087154523 0.8064557017530567 
0.9596981850130932 0.45447996626224074 
0.7121873036041089 0.42289134587378685 
0.041337671150702304 0.9833613169201654 
0.800529146797994 0.7315866147984529 
0.664776487256289 0.6519400516374662 
0.4973692151092256 0.5013880563082161 
0.5177923574184328 0.6461530759247808 
0.2869337407819932 0.44615126278486117 
0.01270785898014054 0.627712169525772 
0.9654164522706327 0.48915704659109266 
0.49121432188911873 0.564878088467323 
0.21711133582430364 0.24544313663780587 
0.9701138011643082 0.542262548644425 
0.2927092370234451 0.15441986137751051 
0.39430994332454145 0.9164873406069829 
0.6092125331517398 0.28312201151043326 
0.14045055706063142 0.6635121686672203 
0.8590307919355854 0.9458545869782734 
0.12975006703800684 0.5327081137411668 
0.06843000982482744 0.4421001922757815 
0.5212933873932917 0.2386730196840105 
0.2873691797706247 0.8399923519484815 
0.19076197899547576 0.7552288655514408 
0.7863768513151325 0.4535540630916318 
0.572495980879852 0.47729308338887694 
0.88029783911779 0.2906964850036978 
0.0979987406680361 0.8077577943660363 
0.3289053558085256 0.20867538593909396 
0.2955253868490342 0.5790941774503545 
0.5335570321886262 0.8855527667860734 
0.06446895191743296 0.7657349507627913 
0.22079533694089393 0.43606483422035264 
0.7364481205061159 0.08598089925146929 
