-0.001864337090386924 0.5327822198659257 0.48770780974465494 1.0 0.4 0.65 1.0 0.75 0.75 1.0 0.35 0.15 0.25 0.05 0.2 0.9 0.25 0.75 0.0 0.7 0.35 0.95 0.35 0.05 0.9 0.5 0.45 0.8 0.7 0.3 0.85 0.25 0.65 0.75 0.7 0.6 0.95 0.25 0.3 
-0.026761855024783582 0.5074610764180981 0.5155277097371874 0.95 0.5 0.5 0.95 0.15 0.95 0.9 0.8 0.5 0.5 0.95 0.2 0.9 0.0 0.65 0.2 0.7 0.35 1.0 0.8 0.75 0.6 0.05 0.55 1.0 0.8 0.3 0.95 1.0 0.25 0.7 0.35 0.2 0.95 0.3 0.7 
-0.002364875173067124 0.47018985143021014 0.5037951986863131 1.0 0.45 0.65 1.0 0.3 0.75 1.0 0.8 0.15 0.25 0.05 0.2 0.95 1.0 0.6 0.0 0.7 0.2 0.95 0.3 0.7 1.0 0.5 0.95 0.8 0.2 0.3 0.95 0.25 0.45 0.35 0.7 0.05 0.95 0.55 0.05 
-0.011306570672647112 0.5105683479521586 0.5007416619054909 1.0 0.45 0.25 0.85 0.5 0.55 1.0 0.8 0.35 0.45 0.05 0.2 0.9 0.4 0.1 0.9 0.15 0.45 0.95 0.85 0.2 0.85 0.55 0.45 0.75 0.1 0.65 0.95 0.1 0.25 0.75 0.75 0.15 0.65 1.0 0.55 
-0.04881373276424981 0.5148540488877269 0.4732280697155085 0.75 0.2 0.85 0.95 0.45 0.5 0.9 0.4 0.55 0.35 0.0 0.25 0.9 0.25 0.05 1.0 0.4 0.1 0.95 0.45 0.0 0.8 1.0 0.2 0.5 0.25 0.85 0.85 0.5 0.15 0.8 0.3 0.3 0.9 0.55 0.25 
-0.013150169286540371 0.516379333398077 0.5092461740928393 0.1 0.65 0.85 0.95 0.45 0.6 0.9 0.95 0.45 0.85 0.1 0.5 0.9 0.9 0.95 0.55 0.4 0.2 0.9 0.45 0.7 0.85 1.0 0.15 0.9 0.65 0.8 0.55 0.8 0.45 0.05 0.85 0.45 1.0 0.05 0.5 
-0.005021591256070463 0.48266652368379703 0.49801215730891063 1.0 0.45 0.3 1.0 0.7 0.75 0.95 0.65 0.15 0.3 0.05 0.2 0.6 0.7 0.9 0.1 0.7 0.2 0.6 0.3 0.7 0.9 0.5 0.45 0.05 0.9 0.05 0.95 0.3 0.7 0.75 0.75 0.6 0.95 1.0 0.55 
-0.048829505637039305 0.5107398339353358 0.5489173362183248 0.6 0.7 0.55 0.95 0.85 0.4 0.65 0.4 0.65 0.6 0.65 0.7 0.9 0.4 0.75 0.65 0.2 0.75 1.0 0.05 0.5 1.0 0.35 0.4 0.9 0.7 0.45 0.1 0.35 0.35 0.05 0.85 0.05 0.2 0.7 0.55 
-0.00719485168307458 0.5191219264671921 0.46550704333218895 1.0 0.65 0.5 0.55 0.2 0.55 0.7 0.8 0.55 0.6 0.05 0.2 0.9 0.05 0.6 0.6 0.7 0.2 1.0 0.5 0.0 0.0 0.5 0.45 0.75 0.9 0.2 1.0 0.25 0.25 0.45 0.75 0.2 0.95 1.0 0.55 
-0.0018594419722344814 0.5311993981035983 0.516862954826929 0.8 0.9 0.4 0.95 0.15 0.3 0.95 0.8 0.6 0.5 0.35 0.2 0.9 0.7 0.45 0.2 0.7 0.2 1.0 0.85 0.75 0.5 0.5 0.45 0.9 0.8 0.3 1.0 0.05 0.25 0.7 0.35 0.2 0.95 1.0 0.55 
-0.009125570840442045 0.5542985700549082 0.5121199740886704 0.85 0.4 0.55 0.5 0.85 0.5 0.95 0.8 0.75 0.25 0.65 1.0 0.9 0.4 0.75 0.2 0.2 0.65 1.0 0.05 0.5 0.85 0.35 0.4 0.25 0.7 0.45 0.05 0.35 0.75 0.3 0.9 0.05 0.0 0.7 0.55 
-0.001807139136817644 0.47957095092121776 0.5225560170315716 0.0 0.1 0.95 0.9 1.0 0.15 0.8 0.8 0.95 0.9 0.2 0.95 0.3 0.2 0.8 0.6 0.15 0.8 0.65 0.2 0.3 0.95 0.1 0.8 0.95 0.7 0.8 0.8 0.2 0.65 0.2 0.9 0.85 0.55 0.25 0.4 
-0.00797579968877245 0.4359384124045673 0.4839733618782869 0.95 0.65 0.85 0.9 0.45 0.6 0.9 0.95 0.45 0.45 0.1 0.35 0.9 0.55 0.05 0.75 0.05 0.45 0.75 0.85 0.5 0.85 1.0 0.0 0.35 0.45 0.0 0.4 0.65 0.15 0.05 0.85 0.7 0.9 0.05 0.9 
-0.005926845246259021 0.47153593331062227 0.478760100108283 0.7 0.75 0.75 0.95 0.45 0.45 0.6 1.0 0.55 0.6 0.95 0.25 0.9 0.25 0.6 0.75 0.4 0.1 0.95 0.45 0.35 0.8 0.85 0.45 0.6 0.2 0.5 0.3 0.85 0.3 0.8 0.85 0.3 0.9 0.55 0.6 
-0.017748013039203554 0.5744849681642339 0.5109401038554683 0.5 0.95 0.4 0.4 0.0 0.1 1.0 0.95 0.6 0.65 0.35 0.4 0.9 0.45 0.1 0.3 0.2 0.1 0.85 0.0 0.4 0.1 0.9 0.55 0.35 0.25 0.25 0.75 0.6 0.45 0.45 1.0 0.45 0.85 0.35 0.65 
-0.006340195991408806 0.45447262068086747 0.5511974134342774 0.95 0.6 0.9 0.95 0.45 0.55 0.3 0.6 0.55 0.45 0.0 0.45 0.9 0.0 0.05 0.75 0.4 0.4 0.85 0.45 0.5 0.95 1.0 0.45 0.85 0.25 0.15 0.85 0.85 0.35 0.8 0.3 0.15 0.75 0.55 0.4 
-0.009516635323612953 0.5258844163101261 0.4450457321266687 1.0 0.45 0.45 0.65 0.25 0.55 0.95 0.8 0.25 0.45 0.05 0.2 0.9 0.1 0.45 0.8 0.0 0.7 0.8 0.6 0.85 0.45 0.8 0.25 0.55 0.1 0.2 0.95 0.1 0.25 0.1 0.4 0.3 0.95 1.0 0.55 
-0.002094993002163808 0.5838436691336681 0.49838193850983087 0.45 0.95 0.35 0.2 1.0 0.45 1.0 0.6 0.6 0.45 0.35 0.4 0.9 0.45 0.1 0.75 0.55 0.15 1.0 0.85 0.4 0.1 0.75 0.1 0.95 0.05 0.2 0.0 0.4 0.45 0.05 0.35 0.45 1.0 0.35 0.0 
-0.007059548349157496 0.44316632539506445 0.5198513269265856 0.05 0.3 0.95 0.9 0.05 0.15 0.6 0.8 0.05 0.6 0.95 0.35 0.3 0.2 0.8 0.85 0.5 0.8 0.3 0.2 0.25 1.0 0.1 0.8 0.2 0.7 0.8 0.25 0.2 0.05 0.6 0.2 0.7 0.55 0.25 0.4 
-0.006785677144695017 0.46192297503462676 0.47960338739749425 0.9 0.35 0.4 0.05 0.2 0.0 0.95 0.75 0.65 0.75 0.8 0.4 0.85 0.15 0.95 0.55 0.0 0.0 0.55 0.75 0.3 0.05 0.55 0.0 0.6 0.55 1.0 0.15 1.0 0.5 0.6 0.35 0.6 0.65 0.95 0.15 
-0.006650551956478969 0.5096650206754575 0.5544898288099956 0.2 0.7 0.6 0.5 0.85 0.4 0.35 0.4 0.65 0.1 0.65 0.95 0.9 0.0 0.75 0.65 0.1 0.65 1.0 0.05 0.6 1.0 0.35 0.4 0.9 0.7 0.45 0.1 1.0 0.4 0.05 0.9 0.05 0.0 0.7 0.55 
-0.007850575564583809 0.46227451636673905 0.5239674720540157 0.4 0.05 0.2 0.6 0.2 0.6 0.3 0.8 0.35 0.85 0.0 0.9 0.4 0.25 0.7 0.1 0.0 0.55 0.25 0.25 0.9 0.5 0.35 0.95 1.0 0.35 0.4 0.55 0.9 0.2 0.8 0.8 0.35 0.5 0.1 0.35 
-0.0012062993801497269 0.437440280793612 0.4760465664120811 0.45 0.0 0.55 0.05 0.05 0.15 0.95 0.75 0.4 0.75 0.8 0.4 0.85 0.15 1.0 0.85 0.0 0.35 0.55 0.75 0.8 0.25 0.55 0.1 0.85 0.5 0.6 0.15 0.1 0.7 0.3 0.85 0.6 0.2 0.95 0.45 
-0.00021691396073154258 0.5439915641002688 0.5598121439651705 0.9 0.7 0.55 0.5 0.85 0.5 0.95 0.4 0.75 0.25 0.65 1.0 0.9 0.4 0.75 0.2 0.2 0.65 1.0 0.05 0.5 0.85 0.35 0.4 0.65 0.7 0.45 0.05 0.35 0.75 0.3 0.9 0.05 0.0 0.7 0.55 
-0.012543483819530816 0.5462090935917697 0.45924125946057814 1.0 0.45 0.65 1.0 0.25 0.75 1.0 0.8 0.15 0.1 0.05 0.2 0.0 0.35 0.4 0.35 0.15 0.2 0.35 0.3 0.05 0.9 0.9 0.35 0.8 0.7 0.3 0.95 0.1 0.5 0.35 0.95 0.85 0.95 0.25 0.4 
-0.002178384510808275 0.59132538584586 0.5263893256613699 0.5 0.95 0.05 0.25 0.9 0.1 1.0 0.95 0.6 0.65 0.35 0.4 0.9 0.45 0.1 1.0 0.2 0.1 1.0 0.75 0.4 0.1 0.9 0.55 0.35 0.4 0.25 0.75 0.4 0.45 0.45 0.3 0.45 0.85 0.35 0.65 
-0.0017654131535488088 0.5565516667693365 0.5412424017334426 0.8 0.95 0.4 0.2 1.0 0.2 1.0 0.6 0.6 0.65 0.35 0.4 0.9 0.45 0.1 0.3 0.75 0.1 1.0 0.75 0.4 0.55 0.9 0.55 0.95 0.05 0.2 0.75 0.4 0.6 0.45 0.35 0.45 1.0 0.35 0.45 
-0.02378259722769984 0.4825286977498023 0.44157253035825883 0.85 0.0 0.55 0.05 0.25 0.1 0.95 0.75 0.4 0.7 0.8 0.4 0.85 0.15 0.2 0.85 0.0 0.35 0.25 0.75 0.3 0.15 0.55 0.0 0.65 0.5 0.55 0.15 0.1 0.2 0.6 0.85 0.25 0.65 0.95 0.45 
-0.01958103959742537 0.470498540928634 0.5574354728483165 0.0 0.1 0.95 0.9 1.0 0.15 0.0 0.8 0.95 0.9 0.6 0.85 0.3 0.2 0.25 0.6 0.65 0.8 0.65 0.2 0.25 0.85 0.1 0.8 0.5 0.35 0.1 0.25 0.2 0.65 0.2 0.9 0.65 0.65 0.25 0.4 
-0.00817448140862218 0.501640826062305 0.453183604267815 1.0 0.45 0.65 1.0 0.3 0.75 1.0 0.8 0.15 0.25 0.05 0.2 0.9 1.0 0.6 0.7 0.15 0.2 0.95 0.8 0.7 1.0 0.05 0.45 0.9 0.7 0.3 0.8 0.25 0.45 0.75 0.7 0.05 0.95 0.55 0.8 
-0.004418873417296159 0.4055666047338332 0.48973299045788315 0.85 0.65 0.05 0.7 0.45 0.6 0.8 0.85 0.45 0.9 0.1 0.5 0.9 0.25 1.0 0.75 0.4 0.45 0.75 0.45 0.25 0.85 1.0 0.45 0.3 0.45 0.3 0.4 0.8 0.15 0.05 0.85 0.7 0.9 0.05 0.35 
-1.0029569411827041e-05 0.571228212326948 0.49135789232413657 0.0 0.05 0.0 0.35 0.15 0.1 1.0 0.7 0.6 0.55 0.35 0.5 0.45 0.1 0.55 0.15 0.2 0.55 1.0 0.75 0.4 0.5 0.9 0.55 0.95 0.8 0.2 0.85 0.05 0.45 0.4 0.15 1.0 0.0 0.25 0.35 
-0.02258778769740054 0.5500706355474098 0.5224504293984916 0.5 0.95 0.4 0.25 0.9 0.1 1.0 0.95 0.6 0.65 0.35 0.4 0.9 0.45 0.1 0.3 0.2 0.1 0.85 0.75 0.4 0.1 0.9 0.55 0.35 0.4 0.25 0.75 0.6 0.45 0.45 1.0 0.45 0.85 0.35 0.65 
-0.0032013139724306546 0.4445327412456171 0.5601539307848789 0.6 0.7 0.2 0.55 0.15 0.7 0.55 0.8 0.2 0.7 0.95 0.75 0.4 0.25 0.75 0.95 0.9 0.45 0.7 0.3 0.45 0.5 0.75 1.0 1.0 0.35 0.4 0.55 0.6 0.2 0.25 0.45 0.35 0.4 0.9 0.35 
-0.004932538904349358 0.4229112722403333 0.48394386850703597 1.0 0.3 0.85 0.95 0.45 0.5 0.9 0.95 0.55 0.6 0.0 0.25 0.9 0.25 0.05 0.75 0.4 0.1 0.95 0.75 0.3 0.65 0.35 0.45 0.65 0.25 0.85 0.9 0.5 0.15 0.8 0.3 0.0 0.9 0.55 0.4 
-0.002709666522734803 0.5279970718724335 0.5404817698776606 0.6 0.7 0.55 0.55 0.85 0.4 0.35 0.4 0.65 0.25 0.65 0.15 0.9 0.3 0.75 0.65 0.75 0.65 1.0 0.05 0.25 1.0 0.35 0.4 0.9 0.7 0.45 0.1 0.5 0.2 0.8 0.9 0.05 0.0 0.7 0.55 
-0.022344567720059515 0.4644607361196913 0.44104812796392623 1.0 0.45 0.65 1.0 0.7 0.75 0.95 0.8 0.15 0.3 0.05 0.2 0.6 0.7 0.9 0.1 0.7 0.2 0.6 0.3 0.7 0.9 0.5 0.45 0.05 0.9 0.5 0.95 0.3 0.7 0.75 0.75 0.6 0.95 1.0 0.55 
-0.0003228732178336373 0.6023252103456936 0.5673985346849366 0.45 0.95 0.35 0.2 1.0 0.2 1.0 0.6 0.6 0.65 0.35 0.4 0.9 0.45 0.1 0.3 0.55 0.15 1.0 0.65 0.4 0.1 0.65 0.1 0.95 0.05 0.2 0.75 0.4 0.45 0.05 0.35 0.45 1.0 0.35 0.0 
-0.008229060834845583 0.4406648835466401 0.44997011605774434 0.35 0.0 0.4 0.05 0.2 0.3 0.95 0.8 0.65 0.75 0.8 0.4 0.85 0.15 0.35 0.55 0.0 0.0 0.75 0.75 0.3 0.05 0.55 0.0 0.6 0.55 0.95 0.15 1.0 0.5 0.6 0.85 0.6 0.65 0.2 0.0 
-0.004566615282042118 0.41170114190854273 0.5290993831937492 0.1 0.65 0.85 0.95 0.45 0.6 0.9 0.95 0.45 0.85 0.1 0.5 0.9 0.25 0.05 0.75 0.4 0.2 0.9 0.45 0.5 0.1 1.0 0.15 0.9 0.65 0.8 0.55 0.45 0.45 0.05 0.85 0.45 1.0 0.05 0.5 
-0.09717116894291598 0.5037391862920748 0.3768514809708849 1.0 0.45 0.65 0.8 0.95 0.75 0.95 0.8 0.15 0.65 0.05 0.2 0.8 0.7 0.55 0.1 0.7 0.2 0.6 0.3 0.7 0.9 0.5 0.45 0.8 0.55 0.2 0.95 0.25 0.25 0.75 0.75 0.2 0.95 1.0 0.75 
-0.02546323410906315 0.5189954260358997 0.5733299155951015 0.6 0.7 0.55 0.55 0.85 0.4 0.35 0.35 0.65 0.25 0.65 0.8 0.9 0.3 0.75 0.65 0.2 0.65 1.0 0.05 0.5 1.0 0.35 0.4 0.9 0.7 0.45 0.1 0.25 0.4 1.0 0.9 0.05 0.0 0.7 0.55 
-0.0028902420833215228 0.6009554707157212 0.5072808920108959 1.0 0.95 0.25 0.85 0.25 0.55 0.95 0.8 0.35 0.45 0.4 0.2 0.9 0.4 0.1 1.0 0.15 0.45 0.95 0.85 0.7 0.85 0.55 0.45 0.85 0.1 0.65 0.95 0.1 0.25 0.75 0.0 0.15 0.65 1.0 0.55 
-0.021122584509720828 0.4322985015539425 0.548661288445769 0.4 0.05 0.2 0.6 0.2 0.6 0.55 0.9 0.35 0.85 0.95 0.65 0.4 0.25 0.7 0.55 0.0 0.55 0.25 0.25 0.9 0.5 0.35 0.95 1.0 0.35 0.4 0.55 0.9 0.2 0.8 0.95 0.35 0.5 0.1 0.35 
-0.001259532302544333 0.5434085442964417 0.4172160510687875 0.5 1.0 0.7 1.0 0.3 0.75 1.0 0.8 0.15 0.4 0.05 0.2 0.9 0.7 0.9 0.1 0.7 0.2 0.5 0.3 0.85 0.9 0.5 0.25 0.3 0.1 0.2 0.95 0.25 0.25 0.75 0.65 0.8 0.95 1.0 0.55 
-0.01280786548284387 0.6331371822214975 0.4820538477060861 0.95 0.5 0.5 0.95 0.15 0.55 0.95 0.8 0.4 0.5 0.95 0.55 0.9 0.35 0.45 0.2 0.7 0.35 1.0 0.8 0.0 0.6 0.55 0.5 1.0 0.8 0.3 0.95 0.1 0.25 0.7 0.35 0.2 0.95 0.05 0.7 
-0.04342367977026999 0.4104652289691533 0.5150386392211379 0.85 0.65 0.05 0.7 0.45 0.6 0.8 0.85 0.45 0.9 0.05 0.5 0.9 0.25 1.0 0.75 0.4 0.45 0.75 0.45 0.25 0.85 1.0 0.45 0.3 0.45 0.3 0.15 0.8 0.15 0.05 0.85 0.7 0.9 0.05 0.35 
-0.0040769521601857935 0.5871505903324582 0.45549680064083475 0.8 0.9 0.8 0.65 0.25 0.55 0.95 0.8 0.45 0.7 0.1 0.2 0.9 0.7 0.45 0.8 0.95 0.95 0.6 0.95 0.9 0.7 0.5 0.45 0.05 0.1 0.2 0.95 0.1 0.25 0.75 0.9 0.2 0.95 1.0 0.55 
-0.005578875954148066 0.5111003268957194 0.4099997160685184 1.0 0.45 0.5 0.55 0.2 0.55 0.7 0.8 0.1 0.6 0.05 0.2 0.9 0.05 0.6 0.1 0.7 0.2 1.0 0.5 0.0 0.0 0.5 0.45 0.95 0.9 0.2 1.0 0.25 0.25 0.45 0.75 0.2 0.95 1.0 0.55 
-0.004043548424580547 0.5691744727025424 0.4422531845974397 0.8 0.9 0.8 0.65 0.25 0.55 0.95 0.8 0.45 0.7 0.1 0.2 0.9 0.7 0.45 0.8 0.7 0.95 0.6 0.95 0.95 0.7 0.5 0.45 0.05 0.1 0.2 0.95 0.1 0.25 0.75 0.9 0.2 0.95 1.0 0.55 
-0.001055395462143181 0.5920592692866952 0.44214116348650234 0.95 0.45 0.45 0.9 0.15 0.55 0.95 0.8 0.65 0.85 0.1 0.25 0.9 0.7 0.45 0.95 0.7 0.2 0.6 0.85 0.75 0.9 0.5 0.45 0.6 0.8 0.2 0.25 0.1 0.25 0.7 0.45 0.2 0.95 1.0 0.55 
-0.009805511577580056 0.5682012764346994 0.4651705756673071 0.95 0.45 0.4 0.95 0.15 0.55 0.95 0.8 0.6 0.65 0.95 0.2 0.9 0.7 0.45 0.2 0.7 0.2 1.0 0.85 0.75 0.85 0.5 0.45 0.95 1.0 0.3 0.95 0.95 0.25 0.7 0.35 0.2 0.95 1.0 0.55 
-0.004636453141550986 0.551926956480582 0.4234454021652849 1.0 1.0 0.7 1.0 0.3 0.75 1.0 0.8 0.15 0.4 0.05 0.2 0.9 0.7 0.4 0.1 0.7 0.35 0.25 0.3 0.8 0.9 0.5 0.45 0.3 0.1 0.2 0.95 0.25 0.25 0.75 0.65 0.8 0.95 1.0 0.55 
-0.00420386144731272 0.6040295482038436 0.4554564424806026 1.0 0.45 0.45 0.85 0.25 0.55 0.95 0.8 0.25 0.45 0.95 0.2 0.9 0.4 0.1 0.8 0.7 0.9 0.8 0.85 0.75 0.9 0.55 0.95 0.8 0.1 0.65 0.95 0.1 0.25 0.75 0.75 0.2 0.95 1.0 0.55 
-0.029315342626172598 0.6157129196208069 0.5085535568337579 1.0 0.45 0.65 0.85 0.25 0.55 0.95 0.55 0.35 0.45 0.05 0.2 0.9 0.2 0.1 0.8 0.7 0.45 0.8 0.85 0.7 0.85 0.55 0.45 0.8 0.1 0.65 0.95 0.1 0.25 0.75 0.75 0.15 0.65 1.0 0.55 
-0.004263255420209256 0.570498142919454 0.580220985600049 0.6 0.7 0.55 0.6 0.85 0.1 0.6 0.15 0.05 0.25 0.7 0.7 0.3 0.4 0.75 0.65 0.2 0.8 1.0 0.05 0.5 0.8 0.35 0.4 0.9 0.65 0.45 0.15 0.55 0.9 0.4 0.7 0.05 0.0 0.45 0.55 
-0.001149004246537998 0.5225200361630471 0.38015950802717463 1.0 0.45 0.65 0.8 0.95 0.75 0.95 0.8 0.15 0.65 0.05 0.2 0.8 0.7 0.55 0.1 0.7 0.2 0.6 0.3 0.6 0.9 0.5 0.45 0.8 0.55 0.2 0.95 0.25 0.25 0.75 0.75 0.2 0.95 1.0 0.75 
-0.010658687547491457 0.5919025023811387 0.5572174336503161 0.85 0.7 0.55 0.5 0.85 0.1 0.95 0.4 0.65 0.15 0.65 1.0 0.9 0.4 0.75 0.2 0.2 0.65 1.0 0.05 0.5 0.85 0.35 0.4 0.65 0.7 0.45 0.05 0.35 0.55 0.3 0.9 0.05 0.0 0.7 0.55 
-0.010688744121803434 0.4852124443676266 0.4363845133519209 0.85 0.0 0.55 0.05 0.4 0.55 0.95 0.75 0.4 0.75 0.8 0.4 0.85 0.6 0.5 0.85 0.5 0.35 0.25 0.75 0.3 0.15 0.5 0.0 0.55 0.45 0.6 0.15 0.1 0.2 0.6 0.85 0.25 0.35 0.95 0.45 
-0.036991211450929554 0.507814366013866 0.5794391798129847 0.05 0.9 1.0 0.4 0.9 0.1 1.0 0.5 0.5 0.65 0.35 0.4 0.85 0.9 0.1 0.8 0.2 0.75 1.0 0.5 0.4 0.1 0.6 0.05 0.95 0.05 0.5 0.55 0.4 0.45 0.2 0.25 0.0 0.4 0.3 0.4 
-0.00546837115243543 0.4528847879955397 0.4270746666149139 0.9 0.0 0.4 0.05 0.2 0.0 0.95 0.75 0.65 0.75 0.8 0.4 0.85 0.15 0.05 0.55 0.0 0.0 0.55 0.75 0.3 0.05 0.55 0.0 0.6 0.55 1.0 0.15 1.0 0.5 0.2 0.85 0.6 0.65 0.95 0.15 
-0.0008732067792631094 0.42374251105900923 0.5646935246096525 0.45 0.7 0.85 0.95 0.2 0.7 0.2 0.8 0.9 0.85 0.95 0.85 0.4 0.25 0.85 0.1 0.0 0.7 0.05 0.0 0.9 0.6 0.95 1.0 1.0 0.35 0.4 0.55 0.9 0.2 0.0 0.25 0.35 0.5 0.7 0.55 
-0.028919666453198874 0.47402153151123505 0.38520733827025355 0.95 0.65 0.85 0.95 0.45 0.6 0.95 0.95 0.45 0.6 0.25 0.5 0.75 0.2 0.05 0.75 0.0 0.4 0.0 0.35 0.5 1.0 0.65 0.0 0.5 0.8 0.2 0.4 0.65 0.35 0.65 1.0 0.4 0.9 0.3 0.85 
-0.008542773828374895 0.5158165519256905 0.5822752134839532 0.6 0.7 0.55 0.55 0.85 0.4 0.35 0.4 0.65 0.25 0.65 0.8 0.9 0.3 0.75 0.65 0.75 0.65 1.0 0.05 0.5 1.0 0.35 0.4 0.9 0.7 0.45 0.1 0.5 0.2 1.0 0.9 0.05 0.0 0.7 0.55 
-0.0042865471718185 0.4270222254100632 0.42647504044292 0.2 0.65 0.85 0.95 0.45 0.6 0.95 0.95 0.4 0.8 0.15 0.4 0.25 0.25 0.7 1.0 0.4 0.4 0.45 0.45 0.55 1.0 0.55 0.05 0.75 0.85 0.55 0.8 0.8 0.35 0.65 0.85 0.4 0.65 0.25 0.95 
-0.013146215201491498 0.5232805220226227 0.3959533329362313 1.0 0.55 0.15 0.65 0.4 0.9 1.0 0.6 0.05 0.35 0.1 0.2 0.55 0.4 0.6 0.0 0.6 0.5 0.7 0.95 0.5 0.8 0.8 0.8 0.3 0.8 0.5 0.95 0.65 0.5 0.65 0.1 0.85 0.15 0.2 0.1 
-0.0005194614540554786 0.5637897773640806 0.42958802807409024 1.0 0.45 0.65 1.0 0.3 0.75 1.0 0.8 0.15 0.25 0.05 0.2 0.9 0.5 0.1 0.0 0.8 0.2 0.45 0.8 0.7 1.0 0.65 0.45 0.25 0.7 0.3 0.95 0.25 0.45 0.75 0.7 0.2 0.95 0.55 0.05 
-0.019487761171444348 0.5443394474111833 0.42420080959254763 1.0 0.45 0.45 0.7 0.25 0.55 0.95 0.8 0.25 0.45 0.05 0.2 0.9 0.4 0.1 0.8 0.65 0.9 0.3 0.85 0.75 0.9 0.95 0.45 0.8 0.1 0.2 0.95 0.1 0.25 0.75 0.75 0.2 0.95 1.0 0.55 
-0.009981220543667317 0.4063470561155114 0.5515115323471523 0.4 0.65 0.85 0.95 0.45 0.6 0.3 1.0 0.15 0.65 0.0 0.3 0.05 0.25 0.05 0.75 0.35 0.45 0.95 0.45 0.25 0.35 1.0 0.45 0.15 0.25 0.85 0.35 0.5 0.1 0.35 0.85 0.35 0.5 0.9 0.9 
-0.08773768044361922 0.47888206564566804 0.40541966467610857 0.95 0.55 0.85 0.95 0.45 0.6 0.9 0.95 0.7 0.7 0.15 0.5 0.95 0.0 0.2 0.4 0.4 0.4 0.5 0.45 0.05 1.0 1.0 0.15 0.95 0.35 0.15 0.4 0.8 0.65 0.05 0.85 0.5 0.9 0.05 0.9 
-0.0006709938480396402 0.5422503422890141 0.39489640871287485 1.0 0.45 0.45 0.65 0.25 0.55 0.95 0.8 0.25 0.45 0.05 0.2 0.9 0.1 0.45 0.8 0.0 0.2 0.8 0.6 0.75 0.45 0.8 0.45 0.55 0.1 0.2 0.95 0.1 0.25 0.45 0.9 0.3 0.95 1.0 0.55 
-0.010740647582396168 0.3893413304699147 0.516013607258475 0.1 0.65 0.85 0.95 0.45 0.6 0.9 0.95 0.45 0.85 0.1 0.5 0.9 0.25 0.05 0.75 0.4 0.2 0.9 0.45 0.5 0.85 1.0 0.15 0.9 0.65 0.8 0.55 0.8 0.45 0.05 0.85 0.45 1.0 0.05 0.5 
-0.009254775669332516 0.4026388849739607 0.4409900663378066 0.95 0.65 0.85 0.9 0.45 0.6 0.9 0.95 0.45 0.45 0.1 0.35 0.9 0.25 0.05 0.75 0.4 0.45 0.75 0.85 0.5 0.85 1.0 0.0 0.35 0.45 0.0 0.4 0.8 0.15 0.05 0.85 0.7 0.9 0.05 0.9 
-0.015359723539301292 0.3613893199302547 0.4901935448969346 0.85 0.65 0.85 0.35 0.45 0.4 0.9 1.0 0.55 0.6 0.0 0.3 0.15 0.25 0.05 0.75 0.4 0.45 0.95 0.45 0.45 0.8 1.0 0.45 0.8 0.85 0.85 0.85 0.5 0.15 0.8 0.45 0.3 0.9 0.55 0.6 
-0.022560403037053013 0.462688453485737 0.5719525765892559 0.8 0.75 0.7 0.95 0.45 0.5 0.6 1.0 0.55 0.6 0.0 0.75 0.9 0.25 0.15 0.75 0.0 0.1 0.85 0.6 0.15 0.6 1.0 0.45 0.95 0.2 0.45 0.75 0.9 0.5 0.8 0.35 0.3 0.3 0.0 0.45 
-0.0016260553371262318 0.6027384385822154 0.4160961656349844 0.65 0.45 0.7 0.65 0.25 0.55 0.35 0.8 0.45 0.45 0.05 0.2 0.9 0.7 0.45 0.8 0.7 0.2 0.6 0.85 0.75 0.9 0.45 0.45 0.85 0.1 0.2 0.95 0.1 0.25 0.75 0.95 0.2 0.5 0.3 0.55 
-0.001018924746818021 0.4007214392936631 0.4576421761498322 0.95 0.65 0.85 0.7 0.45 0.9 0.8 0.95 0.45 0.9 0.1 0.5 0.9 0.25 1.0 0.75 0.4 0.45 0.75 0.45 0.3 0.85 1.0 0.45 0.3 0.45 0.85 0.4 0.85 0.15 0.05 0.85 0.7 0.9 0.05 0.9 
-0.0022498463248512035 0.5502928137665059 0.5823658597620924 0.6 0.7 0.55 0.5 0.85 0.1 0.35 0.4 0.65 0.25 0.65 0.7 0.15 0.4 0.75 0.65 0.2 0.65 1.0 0.05 0.5 0.85 0.35 0.4 0.9 0.7 0.45 0.05 0.65 0.9 0.3 0.65 0.45 0.0 0.7 0.55 
-0.005462087417403849 0.47281222417521324 0.4374076965766014 0.85 0.0 0.55 0.05 0.25 0.1 0.95 0.75 0.4 0.7 0.8 0.4 0.5 0.15 0.2 0.0 0.0 0.35 0.25 0.75 0.0 0.15 0.55 0.0 0.65 0.5 0.55 0.15 0.1 0.2 0.6 0.85 0.25 0.65 0.95 0.45 
-0.044262702121697826 0.6387947840417293 0.43819253703860994 1.0 0.45 0.5 1.0 0.25 0.55 0.45 0.8 0.3 0.8 1.0 0.2 0.45 0.4 0.1 0.8 0.7 0.9 0.65 0.85 0.8 1.0 0.55 0.45 0.8 0.1 0.65 0.55 0.1 0.25 0.75 0.2 0.7 0.05 1.0 0.8 
-0.0014716967649832243 0.6138892707542845 0.43793581559200023 0.6 0.45 0.45 0.65 0.25 0.55 0.95 0.8 0.45 0.4 0.05 0.2 0.9 0.7 0.05 0.7 0.9 0.2 0.6 0.85 0.7 0.85 0.5 0.8 0.95 0.8 0.9 0.95 0.1 0.15 0.0 0.3 0.2 0.95 1.0 0.45 
-0.008377171292333969 0.38931119504930173 0.4895488418824225 0.55 0.65 0.85 0.95 0.45 0.6 0.9 0.95 0.45 0.85 0.1 0.5 0.9 0.25 0.05 0.75 0.4 0.2 0.9 0.45 0.5 0.85 1.0 0.15 0.9 0.65 0.8 0.05 0.8 0.45 0.05 0.85 0.45 0.9 0.05 0.9 
-0.004516429261880231 0.37548211013148225 0.4787242865589147 0.85 0.65 0.85 0.7 0.45 0.6 0.8 0.85 0.45 0.9 0.1 0.5 0.9 0.45 1.0 0.75 0.4 0.45 0.75 0.45 0.25 0.85 1.0 0.45 0.3 0.45 0.3 0.4 0.8 0.15 0.05 0.85 0.7 0.9 0.05 0.9 
-0.0031232904786314478 0.5816740694276856 0.3831091453517197 1.0 0.45 0.65 1.0 0.3 0.75 0.95 0.8 0.15 0.3 0.05 0.2 0.9 0.2 0.9 0.6 0.7 0.2 0.7 0.3 0.2 0.9 0.5 0.85 0.6 0.9 0.45 0.95 0.8 0.25 0.75 0.75 0.2 0.95 1.0 0.7 
-0.004798064861330784 0.5687833853981078 0.5804068415610525 0.6 0.7 0.55 0.6 0.85 0.1 0.35 0.15 0.05 0.25 0.7 0.7 0.3 0.4 0.75 0.65 0.2 0.8 1.0 0.05 0.5 0.8 0.35 0.4 0.9 0.65 0.45 0.15 0.55 0.9 0.4 0.7 0.05 0.0 0.45 0.55 
-0.009386416676803592 0.5313719462664513 0.5934828226560391 0.45 0.7 0.55 0.5 0.85 0.4 1.0 0.4 0.4 0.25 0.65 0.7 0.9 0.4 0.75 0.65 0.2 0.65 1.0 0.05 0.5 1.0 0.35 0.4 0.9 0.7 0.45 0.25 0.35 0.0 0.5 0.05 0.05 0.2 0.7 0.55 
-0.006084438184412381 0.6059100677801867 0.5269182178682711 0.05 0.9 0.4 0.4 0.9 0.1 1.0 0.55 0.5 0.65 0.35 0.4 0.05 0.9 0.1 0.5 0.2 1.0 1.0 0.75 0.4 0.1 0.6 0.05 0.95 0.05 0.5 0.1 0.4 0.45 0.2 0.25 0.0 0.4 0.3 0.4 
-0.0014599189835022256 0.6025586874542376 0.5904649507944204 0.05 0.95 0.6 0.85 0.55 0.1 1.0 0.6 0.6 1.0 0.35 0.4 0.45 0.65 0.55 0.3 0.55 0.5 1.0 0.75 0.35 0.5 0.95 0.85 0.95 0.05 0.15 0.85 0.4 0.45 0.35 0.15 0.55 0.85 0.85 0.35 
-0.014730257907397916 0.3723518791368682 0.46205644099301035 1.0 0.75 0.85 0.75 0.15 0.5 1.0 0.95 0.55 0.8 0.0 0.2 0.9 0.25 0.05 0.75 0.0 0.3 0.85 0.45 0.3 0.3 0.0 0.55 0.35 0.25 0.85 0.9 0.5 0.15 0.8 0.3 0.0 0.85 0.55 0.6 
-0.013646316125783873 0.35793492816472094 0.5253734548933738 0.05 0.95 0.95 0.85 0.55 0.6 0.85 0.95 0.55 0.85 1.0 0.3 0.9 0.25 0.3 0.75 0.05 0.9 1.0 0.45 0.15 0.25 1.0 0.45 0.9 0.3 0.2 0.8 0.55 0.1 0.35 0.85 0.3 0.5 0.55 0.9 
-0.002462365345158941 0.6550880665038097 0.4616564338382256 0.8 0.45 0.3 0.6 0.15 0.55 0.85 0.8 0.6 0.75 0.05 0.2 0.4 0.7 0.45 0.8 0.65 0.2 0.65 0.85 0.75 0.95 0.5 0.45 0.9 0.9 0.3 0.95 0.1 0.25 0.7 0.35 0.2 0.95 1.0 0.55 
-0.015563545951990332 0.41878876120454445 0.43259743463427014 0.15 0.65 0.85 1.0 0.55 0.6 0.95 0.95 0.45 0.6 0.15 0.4 0.75 0.2 0.05 1.0 0.4 0.4 0.45 0.45 0.15 0.45 0.1 0.1 0.35 0.8 0.35 0.4 0.95 0.65 0.65 0.4 0.4 0.9 0.55 0.6 
-0.002652337392526504 0.3467734428230126 0.4465013866405598 0.95 0.65 0.85 0.95 0.45 0.5 0.9 0.95 0.45 0.9 0.1 0.5 0.75 0.2 0.05 0.75 0.4 0.4 0.75 0.45 0.5 1.0 1.0 0.15 0.5 0.1 0.5 0.4 0.8 0.45 0.05 0.85 0.6 0.9 0.05 0.9 
-0.008928293654304401 0.3546167846999091 0.5557982288167015 0.75 0.75 0.85 0.95 0.45 0.35 0.6 1.0 0.55 0.6 0.8 0.25 0.9 0.25 0.05 0.75 0.4 0.1 0.95 0.45 0.35 0.8 1.0 0.35 0.6 0.2 0.85 0.85 0.85 0.3 0.8 0.85 0.3 0.9 0.55 0.6 
-0.0032404123669444005 0.34229729711427676 0.5131004505636871 0.85 0.9 0.85 0.9 0.45 0.6 0.9 0.9 0.45 0.5 0.1 0.4 0.9 0.65 0.05 0.75 0.4 0.45 1.0 0.45 0.25 0.9 1.0 0.15 0.5 0.45 0.6 0.95 1.0 0.15 0.05 0.0 0.7 0.9 0.65 0.75 
-0.015466008835786431 0.6452386892501945 0.3976943927186902 1.0 0.45 0.25 0.85 0.25 0.55 0.95 0.8 0.35 0.45 0.05 0.2 0.1 0.75 0.1 0.8 0.15 0.45 0.25 0.85 0.65 0.85 0.55 0.45 0.8 0.1 0.65 0.1 0.8 0.25 0.75 0.7 0.15 0.65 1.0 0.95 
-0.012406756671579705 0.4257333048731534 0.4146048850042109 0.95 0.65 0.85 0.85 0.45 0.6 1.0 0.9 0.45 0.6 0.15 0.4 0.75 0.2 0.0 1.0 0.4 0.4 0.45 0.45 0.15 0.1 0.1 0.1 0.35 0.8 0.35 0.4 0.95 0.65 0.65 0.4 0.4 0.9 0.55 0.6 
-0.022933969150123506 0.3280225077798571 0.491768653588959 0.75 0.7 0.85 0.95 0.45 0.6 0.9 0.85 0.55 0.85 0.0 0.3 0.9 0.25 0.05 0.75 0.3 0.1 0.95 0.45 0.4 0.35 1.0 0.45 0.45 0.3 0.85 0.35 0.5 0.1 0.35 0.85 0.3 0.8 0.55 0.1 
-0.020539854255812375 0.41296854668160765 0.5620986851634361 0.7 1.0 0.85 0.85 0.45 0.45 0.7 1.0 0.55 0.55 0.0 0.3 0.5 0.7 0.05 0.75 0.15 0.45 0.95 0.45 0.75 0.35 1.0 0.15 0.95 0.25 0.85 0.35 0.9 0.1 0.35 0.15 0.3 0.6 0.55 0.9 
-0.008464784452799669 0.6508502117339684 0.4322966741296974 1.0 0.45 0.5 1.0 0.25 0.55 0.45 0.8 0.3 0.8 1.0 0.2 0.45 0.4 0.1 0.8 0.7 0.9 0.65 0.85 0.8 0.95 0.55 0.45 0.8 0.1 0.65 0.55 0.1 0.25 0.75 0.2 0.2 0.95 1.0 0.8 
-0.0026375414395323244 0.4107202145889175 0.5980609141467234 0.0 0.75 0.6 0.9 0.45 0.5 0.3 0.65 0.55 0.6 0.0 0.45 0.9 0.65 0.05 0.75 0.4 0.1 0.95 0.45 0.3 0.95 1.0 0.45 0.6 0.25 0.65 0.95 0.85 0.3 0.8 1.0 0.5 0.9 0.3 0.2 
-0.011928427137880837 0.3635313463545249 0.5760060422163737 0.7 0.75 0.75 0.95 0.45 0.45 0.6 1.0 0.55 0.6 0.95 0.25 0.9 0.25 0.6 0.75 0.4 0.1 0.95 0.45 0.35 0.8 1.0 0.45 0.6 0.2 0.85 0.5 0.85 0.3 0.8 0.85 0.3 0.9 0.55 0.45 
-0.0009517772723162545 0.37088120438689676 0.5088339545467728 0.5 0.65 0.85 0.3 0.45 0.6 0.9 1.0 0.55 0.65 0.0 0.3 0.45 0.25 0.05 0.75 0.3 0.45 0.95 0.45 0.25 0.35 1.0 0.45 0.45 0.3 0.85 0.35 0.5 0.1 0.35 0.85 0.3 0.5 0.55 0.1 
-0.0007598935586752532 0.46926089313331326 0.418728880137426 0.85 0.0 0.55 0.05 0.4 0.15 0.95 0.7 0.4 1.0 0.8 0.4 0.85 0.15 0.5 0.85 0.0 0.35 0.65 0.75 0.75 0.15 0.55 0.0 0.6 0.5 0.6 0.15 0.1 0.2 0.6 0.85 0.25 0.65 0.95 0.45 
-0.044089337082649845 0.36721671908712084 0.4134572541830197 0.95 0.65 0.85 0.9 0.45 0.6 1.0 0.75 0.45 0.9 0.1 0.5 0.9 0.25 0.05 0.75 0.4 0.45 0.65 0.45 0.5 0.85 1.0 0.15 0.3 0.55 1.0 0.4 0.8 0.15 0.05 0.15 0.7 0.9 0.05 0.9 
-0.03562241563195203 0.6394957524745676 0.42939065305472657 0.9 0.45 0.45 0.65 0.25 0.55 0.95 0.8 0.45 0.4 0.05 0.2 0.9 0.7 0.05 0.7 0.7 0.2 0.6 0.85 0.7 0.5 0.5 0.0 0.85 0.8 0.2 0.95 0.1 0.15 0.75 0.75 0.8 0.4 0.0 0.45 
-0.036244321955328646 0.6279129852049352 0.5553624322496213 0.05 0.95 0.6 0.85 0.55 0.1 1.0 0.7 0.6 1.0 0.35 0.4 0.45 0.65 0.55 0.3 0.55 0.5 1.0 0.8 0.35 0.5 0.95 0.85 0.95 0.05 0.15 0.85 0.4 0.45 0.35 0.15 0.2 0.85 0.85 0.35 
-0.00098349424877495 0.39520941213426913 0.44298087850564094 0.95 0.65 0.85 0.2 0.45 0.6 0.9 0.95 0.45 0.85 0.1 0.5 0.9 0.25 0.05 0.75 0.4 0.3 0.9 0.45 0.5 0.85 1.0 0.15 0.5 0.75 0.85 0.4 0.8 0.15 0.05 0.85 0.65 0.9 0.05 0.9 
-0.004210804699894325 0.5816623623308371 0.4095671972013381 1.0 0.4 0.3 1.0 0.3 0.85 1.0 0.8 0.15 0.55 0.05 0.2 0.9 1.0 0.6 1.0 0.7 0.35 0.95 0.8 0.8 1.0 0.5 0.45 0.9 0.7 0.3 0.95 0.25 0.35 0.75 0.9 0.05 0.95 0.1 0.05 
-0.001849051983572449 0.37328531407386256 0.5529550061409261 0.05 0.95 0.95 0.85 0.55 0.6 0.85 0.95 0.55 0.85 1.0 0.3 0.9 0.25 0.3 0.75 0.05 0.9 1.0 0.45 0.25 0.1 1.0 0.55 0.2 0.65 0.85 0.8 0.55 0.3 0.35 0.85 0.3 0.5 0.55 0.9 
-0.006615854527663183 0.651993794780442 0.4997087004204142 1.0 0.45 0.2 1.0 0.25 0.55 0.45 0.8 0.3 0.8 1.0 0.2 0.45 0.4 0.1 0.8 0.65 0.9 0.65 0.8 0.8 0.35 0.55 0.45 0.8 0.1 0.65 0.55 0.1 0.25 0.75 0.2 0.2 0.95 0.55 0.8 
-0.011109823503957643 0.6617992401725266 0.43823903538655495 0.9 0.45 0.45 0.65 0.25 0.55 0.95 0.8 0.45 0.4 0.05 0.2 0.9 0.7 0.05 0.7 0.7 0.2 0.9 0.85 0.7 0.5 0.5 0.0 0.85 0.8 0.2 0.95 0.1 0.15 0.75 0.75 0.8 0.4 0.0 0.45 
-0.010554542655823378 0.6727514872004072 0.3779477602290648 1.0 0.45 0.25 0.85 0.25 0.55 0.95 0.8 0.35 0.45 0.05 0.2 0.1 0.75 0.1 0.8 0.15 0.45 0.8 0.85 0.65 0.85 0.55 0.45 0.8 0.1 0.65 0.1 0.8 0.25 0.75 0.75 0.15 0.65 1.0 0.95 
-0.008520988641751796 0.43887235517561574 0.41010566184632535 0.9 0.0 0.4 0.05 0.2 0.15 0.95 0.75 0.65 0.75 0.8 0.4 0.85 0.15 0.35 0.55 0.0 0.0 0.75 0.75 0.3 0.05 0.55 0.0 0.6 0.55 1.0 0.15 1.0 0.5 0.6 0.85 0.6 0.65 0.95 0.15 
-0.0011469641049251752 0.372687987083955 0.4340204127460276 0.85 0.65 0.85 0.95 0.45 0.6 0.9 0.95 0.6 0.9 0.1 0.5 0.9 0.25 0.05 0.75 0.4 0.45 0.75 0.45 0.5 0.85 1.0 0.15 0.3 0.45 0.85 0.15 0.8 0.6 0.05 0.85 0.7 0.9 0.05 0.9 
-0.0028775343589987016 0.34738627412180256 0.5385660173555378 0.05 0.95 0.95 0.85 0.55 0.6 0.85 0.95 0.55 0.85 1.0 0.3 0.9 0.25 0.3 0.75 0.05 0.9 1.0 0.45 0.15 0.25 1.0 0.45 0.9 0.75 0.2 0.8 0.55 0.1 0.35 0.85 0.3 0.5 0.95 0.9 
-0.03220669368329817 0.6726324990331244 0.51582025618606 0.95 0.45 0.35 0.95 0.15 0.6 0.7 0.85 0.7 0.5 0.0 0.2 1.0 0.35 0.05 0.4 0.05 0.3 1.0 0.85 0.75 0.6 0.55 0.5 1.0 0.75 0.6 0.95 0.1 0.25 0.85 0.25 0.95 0.85 0.7 0.7 
-0.01786852925922632 0.35674317104568043 0.44731413438007145 0.55 0.65 0.85 0.95 0.45 0.6 0.9 0.95 0.45 0.85 0.1 0.5 0.9 0.25 0.05 0.75 0.4 0.2 0.9 0.45 0.5 0.85 1.0 0.15 0.9 0.65 0.8 0.55 0.8 0.45 0.05 0.85 0.45 0.9 0.05 0.9 
-0.0052129042471950925 0.6294396360497765 0.38348406403501933 1.0 0.4 0.65 1.0 0.3 0.75 1.0 0.8 0.15 0.25 0.05 0.2 0.9 1.0 0.6 0.7 0.8 0.65 0.95 0.8 0.55 1.0 0.5 0.45 1.0 0.7 0.3 0.9 0.05 0.55 0.75 0.7 0.05 0.95 0.0 0.05 
-0.0018997929378062528 0.39225991920565706 0.4034119590146551 0.85 0.65 0.85 0.95 0.45 0.6 0.95 0.95 0.45 0.9 0.1 0.5 0.9 0.25 0.05 0.75 0.4 0.45 0.75 0.45 0.5 0.85 1.0 0.15 0.3 0.45 0.8 0.15 0.8 0.15 0.05 0.35 0.7 0.9 0.05 0.9 
-0.08628831358180068 0.6957409410163888 0.44626966459183404 0.7 0.05 0.15 0.5 0.15 0.1 1.0 0.75 0.6 0.9 0.35 0.4 0.45 0.65 0.55 0.1 0.2 0.85 1.0 0.9 0.75 0.5 0.9 0.55 0.95 0.05 0.2 0.85 0.4 0.45 0.45 0.15 0.55 0.1 0.35 0.4 
-0.01690414000959463 0.6722701815361424 0.4972733081201232 0.95 0.05 0.4 0.2 1.0 0.0 1.0 0.6 0.6 0.95 0.2 0.4 0.9 0.65 0.1 0.3 0.2 0.4 1.0 0.75 0.4 0.5 0.9 0.55 0.95 0.05 0.2 0.4 0.4 0.45 0.45 0.35 0.45 0.7 0.35 0.45 
-0.019593088664705608 0.4368577955867767 0.6067513952714816 0.9 0.75 0.7 0.95 0.45 0.5 0.55 1.0 0.55 0.6 0.0 0.25 0.9 0.25 0.15 0.75 0.0 0.1 0.85 0.6 0.15 0.6 1.0 0.45 0.95 0.2 0.25 0.85 0.9 0.5 0.8 0.35 0.3 0.3 0.0 0.45 
-0.0038661548087251026 0.30250795759178395 0.5148483216447697 0.75 0.75 0.85 0.95 0.45 0.5 0.9 1.0 0.55 0.6 0.0 0.25 0.9 0.25 0.05 0.75 0.4 0.1 0.95 0.45 0.5 0.8 1.0 0.45 0.6 0.25 0.85 0.9 0.5 0.15 0.8 0.3 0.0 0.9 0.55 0.6 
-0.036662539781022116 0.43441370633784915 0.5805393817104609 0.45 0.55 0.85 0.95 0.2 0.7 0.2 0.8 0.9 0.85 0.95 0.85 0.4 0.25 0.85 0.1 0.0 0.7 0.85 0.0 0.9 0.6 0.95 1.0 1.0 0.35 0.4 0.55 0.9 0.2 0.0 0.25 0.35 0.5 0.7 0.55 
-0.015226909341172119 0.6694985601321088 0.3577514296269878 1.0 0.45 0.65 0.65 0.25 0.55 0.95 0.8 0.45 0.8 0.05 0.2 0.9 0.05 0.45 0.2 0.7 0.4 0.75 0.85 0.75 0.45 0.55 0.45 0.8 0.55 0.2 0.85 0.25 0.25 0.75 0.6 0.4 0.9 1.0 0.8 
-0.028085121169603162 0.6218412447757684 0.5663807387496922 0.05 0.95 0.6 0.85 0.55 0.1 1.0 0.7 0.6 1.0 0.35 0.4 0.45 0.65 0.55 0.3 0.55 0.5 1.0 0.75 0.35 0.5 0.95 0.85 0.95 0.05 0.15 0.85 0.4 0.45 0.35 0.15 0.2 0.85 0.85 0.35 
-0.02101028497819338 0.4761264684433892 0.5913455526583488 0.1 0.3 0.95 0.85 1.0 0.15 0.45 0.1 0.1 0.9 0.05 0.95 0.3 0.1 0.8 0.7 0.65 0.4 0.65 0.2 0.85 0.95 0.1 0.8 0.95 0.7 0.8 0.25 0.45 0.65 0.2 0.1 0.65 0.55 0.55 0.4 
-0.04096864186579245 0.6382733099005113 0.5172308980565797 0.7 0.05 0.6 0.05 0.05 0.1 1.0 0.55 0.6 0.3 0.35 0.3 0.45 0.65 0.9 0.3 0.2 0.55 1.0 0.75 0.4 0.5 0.9 0.55 0.95 0.0 0.2 0.85 0.4 0.45 0.45 0.15 1.0 0.1 0.35 0.35 
-0.022795293048550054 0.3236108510649295 0.46028362395325784 0.85 0.6 0.85 0.65 0.45 0.7 0.9 1.0 0.55 0.6 0.0 0.3 0.15 0.25 0.05 0.75 0.4 0.45 1.0 0.45 0.2 0.8 1.0 0.5 0.8 0.25 0.4 0.85 0.5 0.15 0.8 0.45 0.75 0.9 0.55 0.6 
-0.001411164130241453 0.6353446583294136 0.5312114171711135 1.0 0.45 0.25 0.85 0.25 0.55 0.95 0.55 0.35 0.45 0.05 0.2 0.9 0.4 0.1 0.3 0.7 0.45 0.8 0.85 0.7 0.85 0.55 0.45 0.95 0.1 0.65 0.95 0.1 0.25 0.75 0.7 0.15 0.65 1.0 0.55 
-0.004054329865296028 0.3153025944127531 0.544856660579458 0.9 0.35 0.7 0.95 0.45 0.5 0.9 1.0 0.55 0.6 0.0 0.25 0.9 0.25 0.55 0.75 0.0 0.45 0.9 0.45 0.35 0.8 1.0 0.45 0.6 0.2 0.8 0.85 0.9 0.5 0.8 0.5 0.3 0.9 0.0 0.6 
-0.005029170967134971 0.6192339672738326 0.5780791777054364 0.45 0.95 0.35 0.2 1.0 0.2 1.0 0.6 0.5 0.65 0.35 0.4 0.9 0.45 0.1 0.3 0.55 0.15 1.0 0.7 0.4 0.1 0.4 0.1 0.95 0.05 0.2 0.75 0.4 0.45 0.05 0.35 0.45 0.2 0.35 0.0 
-0.008603845036451575 0.5759915434098838 0.6023698072926149 0.6 0.7 0.55 0.6 0.85 0.1 0.35 0.15 0.05 0.75 0.7 0.7 0.9 0.4 0.75 0.85 0.2 0.8 1.0 0.05 0.5 0.8 0.35 0.4 0.9 0.65 0.45 0.1 0.8 0.2 0.4 0.7 0.05 0.0 0.4 0.55 
-0.005844204590965328 0.6863280168426655 0.4983868278065331 0.95 0.5 0.5 0.95 0.15 0.55 0.95 0.8 0.55 0.5 0.95 0.65 0.9 0.35 0.45 0.2 0.7 0.35 1.0 0.8 0.75 0.6 0.55 0.5 1.0 0.8 0.3 0.95 0.1 0.25 0.7 0.35 0.2 0.95 1.0 0.7 
-0.02085075688651115 0.6486123574686993 0.5354420882604348 0.6 0.5 0.5 0.95 0.15 0.55 0.95 0.8 0.55 0.5 0.95 0.2 0.45 0.35 0.45 0.2 0.7 0.45 1.0 0.8 0.75 0.3 0.6 0.5 0.75 1.0 0.3 0.95 0.1 0.25 0.7 0.35 0.2 0.95 1.0 0.7 
-0.0038351975003167267 0.6620639708954725 0.34058580743165845 1.0 0.45 0.65 0.8 0.25 0.55 0.95 0.8 0.15 0.45 0.05 0.2 0.9 0.4 0.1 0.8 0.7 0.1 0.8 0.85 0.7 0.9 0.55 0.45 0.65 0.1 0.75 0.95 0.1 0.25 0.75 0.75 0.15 0.65 1.0 0.55 
-0.014365267921167765 0.7092509101494205 0.4153677390603596 0.65 0.45 0.2 1.0 0.25 0.55 0.95 0.8 0.65 0.9 0.1 0.25 0.35 0.7 0.45 0.65 0.3 0.2 0.9 0.85 0.75 0.85 0.6 0.45 0.6 0.75 0.2 1.0 0.1 0.25 0.75 0.05 0.2 0.85 1.0 0.4 
-0.009847659562910165 0.6309211087554845 0.40017434116603046 0.65 0.45 0.65 0.65 0.25 0.55 0.95 0.8 0.45 0.8 0.05 0.2 0.9 0.05 0.45 0.2 0.7 0.4 0.75 0.85 0.75 0.45 0.55 0.45 0.8 0.55 0.2 0.85 0.25 0.25 0.75 0.6 0.4 0.9 1.0 0.4 
-0.005009908038274558 0.584794925655762 0.3432631704881712 1.0 0.45 0.65 1.0 0.3 0.75 0.6 0.8 0.95 0.3 0.05 0.65 0.9 0.3 0.25 0.3 0.7 0.45 0.3 0.5 0.2 0.9 0.5 0.45 0.85 0.9 0.2 0.95 0.3 0.4 0.75 0.75 0.2 0.45 1.0 0.55 
-0.0015076380734536684 0.6739856362244017 0.38233962621849954 1.0 0.45 0.65 0.85 0.25 0.55 0.95 0.8 0.35 0.25 0.05 0.2 0.9 0.4 0.1 0.9 0.7 0.9 0.8 0.85 0.7 0.15 0.55 0.45 0.65 0.1 0.65 0.95 0.1 0.25 0.75 0.75 0.15 0.65 1.0 0.55 
-0.002631418745668496 0.656540113477427 0.5267836260923855 0.45 0.45 0.45 0.95 0.15 0.55 0.95 0.8 0.7 0.5 0.95 0.2 0.9 0.7 0.45 0.2 0.7 0.2 1.0 0.85 0.75 0.95 0.5 0.45 0.95 0.8 0.3 1.0 0.1 0.25 0.7 0.7 0.2 0.95 1.0 0.55 
-0.04118233200350977 0.62453800594168 0.32665922751767895 1.0 0.45 0.45 0.7 0.25 0.55 0.95 0.8 0.25 0.45 0.05 0.2 0.9 0.4 0.1 0.8 0.35 0.9 0.75 0.85 0.9 0.9 0.55 0.45 0.45 0.1 0.2 0.95 0.1 0.25 0.75 0.75 0.2 0.95 1.0 0.55 
-4.6159080908264866e-05 0.5868811761124955 0.35419461368947747 1.0 0.4 0.3 1.0 0.3 0.85 1.0 0.8 0.15 0.05 0.05 0.2 0.4 1.0 0.6 0.7 0.7 0.35 0.95 0.8 0.8 1.0 0.5 0.45 0.05 0.7 0.3 0.95 0.25 0.35 0.75 0.9 0.05 0.95 0.1 0.05 
-0.027705557895785007 0.6540114658060826 0.4350632111675208 1.0 0.45 0.4 0.65 0.25 0.55 0.6 0.8 0.6 0.45 0.05 0.25 0.9 0.7 0.45 0.8 0.1 0.2 0.35 0.25 0.75 0.8 0.5 0.4 0.95 0.1 0.4 0.65 0.1 0.25 0.6 0.75 0.2 0.85 1.0 0.25 
-0.004753943683969505 0.5981920850910545 0.3886081046956396 0.95 0.45 0.7 0.8 0.15 0.55 0.95 0.8 0.8 0.75 0.1 0.2 0.6 0.7 0.6 0.8 0.0 0.2 0.95 0.85 0.75 0.95 0.5 0.45 0.95 0.8 0.3 0.95 0.3 0.8 0.75 0.75 0.0 0.95 0.25 0.55 
-0.02788874101363853 0.6243958677625844 0.3568338151336763 1.0 0.35 0.65 0.85 0.25 0.55 0.95 0.8 0.35 0.45 0.05 0.2 0.9 0.4 0.1 0.8 0.7 0.9 0.8 0.2 0.7 0.9 0.55 0.45 0.65 0.1 0.65 0.95 0.1 0.25 0.75 0.75 0.15 0.65 1.0 0.55 
-0.07728730156653986 0.709054701835139 0.35890998855808914 0.95 0.45 0.6 0.65 0.25 0.55 0.95 0.8 0.8 0.75 0.1 0.2 0.2 0.7 0.45 0.8 0.55 0.2 0.95 0.85 0.75 0.95 0.5 0.45 0.65 0.8 0.3 0.95 0.1 0.25 0.85 0.0 0.05 0.4 0.55 0.55 
-0.007487652514887794 0.30372614301411105 0.4990453812276231 0.75 0.75 0.85 0.9 0.45 0.5 0.9 1.0 0.55 0.6 0.0 0.25 0.9 0.25 0.05 0.75 0.4 0.1 0.95 0.45 0.5 0.8 1.0 0.45 0.6 0.25 0.9 1.0 0.5 0.15 0.8 0.3 0.0 0.9 0.55 0.6 
-0.015843308684062703 0.3106670029285832 0.43912457352152967 0.65 0.65 0.85 0.95 0.45 0.6 0.75 0.95 0.45 0.5 0.1 0.4 0.35 0.25 0.05 0.4 0.4 0.45 0.95 0.45 0.25 0.8 1.0 0.15 0.0 0.45 0.85 0.85 1.0 0.45 0.05 0.0 0.8 0.9 0.65 0.9 
-0.008124543265655971 0.6781035731799534 0.4548759690376014 0.95 0.45 0.5 0.95 0.15 0.6 0.7 0.8 0.7 0.5 0.0 0.9 1.0 0.35 0.05 0.4 0.7 0.3 1.0 0.85 0.55 0.8 0.55 0.5 1.0 0.75 0.3 0.95 0.1 0.25 0.85 0.25 0.95 0.95 1.0 0.7 
-0.0249493121185118 0.7299175013287731 0.41932563061456224 0.65 0.45 0.2 1.0 0.25 0.55 0.95 0.8 0.65 0.9 0.1 0.25 0.35 0.7 0.45 0.8 0.3 0.2 0.9 0.85 0.75 0.85 0.6 0.45 0.6 0.8 0.2 1.0 0.1 0.25 0.75 0.05 0.2 0.85 1.0 0.4 
-0.013309463736792777 0.746539736280701 0.4613139387557201 0.95 0.45 0.8 0.95 0.15 0.55 0.95 0.8 0.8 0.75 0.05 0.2 0.9 0.7 0.45 0.8 0.7 0.65 0.95 0.85 0.75 0.85 0.45 0.45 0.95 0.8 0.3 0.95 0.1 0.25 0.75 0.75 0.2 0.95 1.0 0.55 
-0.01071277198736284 0.43732397628192676 0.3856746715751722 0.9 0.65 0.85 0.85 0.45 0.6 1.0 0.9 0.45 0.6 0.15 0.4 0.75 0.2 0.0 1.0 0.4 0.4 0.45 0.45 0.15 0.85 0.1 0.1 0.35 0.8 0.35 0.4 0.95 0.65 0.65 0.4 0.4 0.9 0.55 0.6 
-0.0225058440839833 0.38696102506761565 0.3709582111145565 0.95 0.65 0.85 0.9 0.45 0.6 0.9 0.95 0.45 0.9 0.1 0.5 0.1 0.25 0.05 0.75 0.4 0.85 0.75 0.45 0.5 0.85 1.0 0.15 0.35 0.45 0.0 0.3 0.8 0.15 0.05 0.85 0.7 0.9 0.05 0.9 
-0.10840668634405497 0.6871671627347918 0.4809873887060707 0.95 0.45 0.35 0.95 0.15 0.55 0.95 0.65 0.2 0.55 0.95 0.2 0.9 0.35 0.45 0.2 0.7 0.35 1.0 0.8 0.75 0.8 0.55 0.5 1.0 0.8 0.3 0.95 0.1 0.25 0.7 0.35 0.2 0.95 0.55 0.45 
-0.010593020123644476 0.6521303322015771 0.5627982565231874 0.7 0.05 0.6 0.5 0.15 0.15 1.0 0.55 0.6 0.95 0.35 0.4 0.45 0.65 0.9 0.3 0.2 0.55 1.0 0.7 0.4 0.5 0.9 0.55 0.8 0.05 0.2 0.85 0.4 0.45 0.45 0.15 1.0 0.1 0.35 0.35 
-0.005263347512767301 0.5574443024164953 0.36284884067960077 1.0 0.45 0.65 1.0 0.3 0.55 0.95 0.8 0.15 0.3 0.05 0.2 0.6 0.7 0.9 0.1 0.45 0.2 0.6 0.3 0.2 0.9 0.5 0.45 0.05 1.0 0.5 0.95 0.3 0.55 0.75 0.75 0.6 0.95 1.0 0.55 
-0.035445912656647295 0.7596670860334014 0.4458312983820646 0.95 0.45 0.6 0.95 0.15 0.55 0.95 0.8 0.8 0.75 0.05 0.2 0.9 0.7 0.45 0.8 0.7 0.2 0.95 0.85 0.75 0.85 0.5 0.45 0.95 0.8 0.3 0.95 0.1 0.25 0.75 0.75 0.2 0.95 1.0 0.55 
-0.001754761995018605 0.4831261755505928 0.3567009142023676 0.95 0.65 0.85 0.95 0.45 0.6 0.95 0.95 0.4 0.8 0.15 0.4 0.75 0.2 0.7 0.75 0.4 0.4 0.1 0.65 0.5 1.0 0.55 0.05 0.65 0.8 0.4 0.6 0.8 0.55 0.1 0.35 0.1 0.9 0.4 0.95 
-0.001423205840912506 0.5994014029826197 0.3335852680231415 0.85 0.45 0.65 1.0 0.25 0.7 1.0 0.8 0.3 0.25 0.35 0.2 0.75 0.6 0.3 0.55 0.7 0.6 0.65 0.8 0.7 1.0 0.5 0.45 0.85 0.7 0.3 0.9 0.25 0.5 0.75 0.25 0.35 0.95 0.25 0.75 
-0.02735577614163066 0.5256286550602343 0.3528919165538902 1.0 0.45 0.65 1.0 0.3 0.75 0.95 0.8 0.05 0.3 0.05 0.25 0.9 0.0 0.9 0.1 0.35 0.2 0.6 0.3 0.25 0.3 0.5 0.45 0.2 0.9 0.2 0.95 0.3 0.4 0.75 0.75 0.2 0.45 1.0 0.55 
-0.024955980619117333 0.517087640210039 0.3674437487125074 0.9 0.45 0.65 1.0 0.3 0.75 0.95 0.7 0.15 0.3 0.85 0.2 0.05 0.7 0.9 0.1 0.7 0.2 0.5 0.3 0.2 0.9 0.5 0.25 0.05 0.9 0.55 0.95 0.3 0.25 0.75 0.35 0.25 0.95 0.7 0.55 
-0.007691405214958993 0.5526027245547362 0.37326418931076333 1.0 0.45 0.65 1.0 0.3 0.75 0.85 0.8 0.05 0.3 0.05 0.2 0.8 0.7 0.9 0.1 0.1 1.0 1.0 0.3 0.2 0.3 0.5 0.45 0.35 0.9 0.1 0.95 0.3 0.25 0.75 0.4 0.2 0.95 0.1 0.55 
-0.05322961717176977 0.6804550016640412 0.407714350613376 0.95 0.4 0.65 1.0 0.3 0.8 1.0 0.8 0.15 0.15 0.05 0.2 0.9 1.0 0.6 0.7 0.2 0.65 0.95 0.8 0.3 1.0 0.5 0.45 1.0 0.7 0.3 0.9 0.05 0.35 0.75 0.7 0.05 0.95 0.65 0.05 
-0.006797224934262052 0.6171174400313234 0.3174885594255923 1.0 0.4 0.65 1.0 0.25 0.75 1.0 0.8 0.15 0.5 0.05 0.2 0.9 0.25 0.6 0.0 0.7 0.35 0.95 0.35 0.15 1.0 0.5 0.45 0.95 0.7 0.3 0.95 0.25 0.65 0.75 0.7 0.6 0.95 0.25 0.05 
-0.015212710293396858 0.3246961645838534 0.5455276245319416 0.75 0.75 0.85 0.95 0.45 0.5 0.4 1.0 0.55 0.6 0.0 0.25 0.9 0.25 0.05 0.75 0.4 0.1 0.95 0.45 0.5 0.8 1.0 0.45 0.6 0.25 0.85 0.9 0.5 0.15 0.8 0.3 0.0 0.9 0.55 0.6 
-0.11122050817761771 0.7282236486151807 0.4721922084634177 0.9 0.05 0.3 0.5 0.15 0.1 1.0 0.75 0.6 0.9 0.35 0.4 0.45 0.65 0.55 0.1 0.2 0.55 1.0 0.75 0.4 0.8 0.9 0.55 0.95 0.05 0.2 0.85 0.4 0.45 0.45 0.15 0.55 0.1 0.35 0.4 
-0.034000731378213196 0.6967913478393981 0.487015405228638 0.95 0.45 0.4 0.95 0.15 0.55 0.95 0.8 0.8 0.75 0.0 0.2 0.1 0.5 0.85 0.8 0.7 0.2 1.0 0.85 0.75 0.85 0.5 0.45 0.95 0.8 0.55 0.95 0.1 0.25 0.7 0.35 0.2 0.95 1.0 0.55 
-0.004595155627938025 0.6573763521053804 0.3148728028700284 1.0 0.4 0.65 1.0 0.3 0.8 0.9 0.8 0.15 0.4 0.05 0.2 0.9 1.0 0.6 0.55 0.7 0.2 1.0 0.8 0.7 1.0 0.5 0.45 0.9 0.7 0.3 0.95 0.25 0.5 0.75 0.7 0.05 0.95 0.0 0.05 
-0.053561514477337584 0.6962410112532793 0.42944622676679994 0.95 0.55 0.45 0.9 0.25 0.55 0.85 0.8 0.65 0.85 0.05 0.25 0.9 0.7 0.45 0.8 0.7 0.2 0.6 0.85 0.75 0.9 0.5 0.45 0.75 0.75 0.2 0.95 0.1 0.25 0.3 0.75 0.2 0.95 1.0 0.55 
-0.0036545338885802135 0.3794006693631213 0.5821361292321837 0.95 0.75 0.7 0.95 0.45 0.35 0.1 1.0 0.55 0.6 0.0 0.15 0.5 0.25 0.05 0.75 0.0 1.0 1.0 0.45 0.35 0.8 1.0 0.45 1.0 0.2 0.45 0.85 0.9 0.6 0.8 0.5 0.95 0.15 0.9 0.6 
-0.030374579655073133 0.6356510722949958 0.3749324536352632 1.0 0.45 0.65 1.0 0.25 0.75 1.0 0.8 0.15 0.35 0.05 0.05 0.9 1.0 0.6 0.4 0.15 0.2 0.95 0.4 0.75 1.0 0.5 0.45 0.9 0.7 0.3 0.75 0.25 0.1 0.9 0.7 0.05 0.95 0.55 0.4 
-0.005639396227487111 0.718387325279769 0.3799451397880878 0.95 0.45 0.45 0.9 0.25 0.55 0.95 0.8 0.65 0.9 0.1 0.25 0.9 0.7 0.45 0.8 0.7 0.2 0.9 0.85 0.75 0.45 0.5 0.45 0.6 0.8 0.2 0.95 0.1 0.25 0.75 0.45 0.2 0.95 1.0 0.55 
-0.05817433483204367 0.7388506715936567 0.4687510959204316 0.95 0.45 0.6 0.8 0.15 0.55 0.95 0.8 0.8 0.75 0.1 0.2 0.9 0.7 0.45 0.8 1.0 0.2 0.95 0.85 0.75 0.3 0.5 0.45 0.95 0.8 0.3 0.95 0.1 0.25 0.75 0.75 0.2 0.95 1.0 0.55 
-0.008816599672865818 0.339953653744046 0.3887015665472299 0.8 0.65 0.85 0.95 0.45 0.6 0.9 0.95 0.45 0.85 0.1 0.5 0.9 0.25 0.05 0.75 0.4 0.1 0.9 0.45 0.5 0.9 1.0 0.15 0.5 0.65 0.8 0.55 0.8 0.45 0.05 0.85 0.65 0.9 0.05 0.9 
-0.019677852182444208 0.3510982966953792 0.3711582968387532 0.95 0.65 0.85 0.9 0.45 0.6 0.9 0.95 0.45 0.9 0.1 0.3 0.9 0.25 0.05 0.75 0.4 0.45 0.75 0.45 0.5 0.85 1.0 0.15 0.3 0.45 0.85 0.4 0.8 0.15 1.0 0.85 0.7 0.9 0.05 0.75 
-0.00471576229827954 0.5621277279543634 0.3450460838372509 1.0 0.45 0.65 1.0 0.3 0.55 0.95 0.8 0.15 0.3 0.05 0.2 0.05 0.7 0.9 0.1 0.7 0.3 0.6 0.35 0.2 0.9 0.5 0.45 0.05 0.6 0.5 0.95 0.3 0.25 0.75 0.75 0.6 0.95 1.0 0.55 
-0.017651697629988337 0.5515528568101259 0.3177687855525825 1.0 0.45 0.65 1.0 0.3 0.75 1.0 0.8 0.55 0.25 0.05 0.2 0.45 1.0 0.6 0.0 0.7 0.2 0.95 0.4 0.25 1.0 0.5 0.45 0.85 0.7 0.3 0.7 0.25 0.45 0.35 0.55 0.05 0.15 0.55 0.0 
-0.0046300119659107315 0.7016306575709853 0.5330597650370497 0.7 0.05 0.35 0.35 0.15 0.1 1.0 0.75 0.6 0.95 0.35 0.4 0.3 0.65 0.9 0.3 0.2 0.55 1.0 0.75 0.4 0.5 0.9 0.35 0.95 0.05 0.2 0.85 0.4 0.45 0.45 0.3 1.0 0.1 0.35 0.35 
-0.00220470377172299 0.3639787149454746 0.39321225550459127 0.95 0.65 0.85 0.9 0.45 0.6 1.0 0.95 0.45 0.9 0.1 0.5 0.9 0.25 0.05 0.75 0.45 0.45 0.8 0.45 0.3 0.85 1.0 0.15 0.25 0.65 0.15 0.4 0.6 0.15 0.05 0.85 0.7 0.9 0.05 0.9 
-0.02812035646859296 0.6564929887677728 0.5765807981360342 0.95 0.5 0.5 0.95 0.15 0.55 0.35 0.8 0.55 0.5 0.95 0.2 0.9 0.35 0.45 0.2 0.7 0.35 0.95 0.8 0.75 0.6 0.7 0.5 1.0 0.8 0.3 0.95 0.1 0.25 0.65 0.35 0.2 0.95 1.0 0.7 
-0.00809361562011146 0.7232276563918774 0.538296171789653 0.9 0.45 0.5 0.95 0.15 0.55 0.95 0.8 0.4 0.5 0.95 0.2 0.9 0.2 0.45 0.45 0.7 0.35 1.0 0.85 0.75 0.6 0.5 0.5 0.75 0.8 0.3 0.95 0.1 0.25 0.7 0.25 0.2 0.95 1.0 0.7 
-0.009778707417648866 0.6363401405169383 0.3522969243759042 0.85 0.45 0.65 1.0 0.25 0.7 1.0 0.8 0.15 0.25 0.35 0.2 0.75 0.6 0.65 0.55 0.7 0.6 0.65 0.8 0.7 1.0 0.5 0.45 0.85 0.7 0.3 0.9 0.25 0.5 0.75 0.25 0.35 0.95 0.25 0.55 
-0.055466974466371326 0.6991997788936753 0.3449625091461967 1.0 0.45 0.65 0.85 0.25 0.55 0.95 0.8 0.35 0.25 0.05 0.2 0.9 0.4 0.1 0.9 0.7 0.9 0.8 0.85 0.7 0.9 0.55 0.45 0.65 0.1 0.65 0.95 0.1 0.25 0.75 0.75 0.15 0.65 1.0 0.55 
-0.013055624144740345 0.5823855989503122 0.6184805745741926 0.45 0.45 0.45 0.95 0.15 0.55 0.95 0.8 0.05 0.5 0.95 0.2 0.9 0.7 0.45 0.2 0.7 0.95 1.0 0.85 0.75 0.35 0.5 0.45 0.95 0.9 0.3 1.0 0.1 0.25 0.7 0.7 0.2 0.95 1.0 0.55 
-0.03173724827652916 0.521077149196376 0.3246752826898236 1.0 0.45 0.65 1.0 0.3 0.75 0.9 0.8 0.15 0.3 0.05 0.2 0.9 0.3 0.9 0.1 0.7 0.2 0.45 0.6 0.2 0.9 0.5 0.45 0.85 0.9 0.2 0.95 0.3 0.4 0.75 0.75 0.2 0.45 1.0 0.55 
-0.0011709797356874857 0.37711596038327766 0.36648670070930023 0.95 0.65 0.85 0.9 0.45 0.6 0.9 0.95 0.45 0.9 0.1 0.5 0.1 0.25 0.05 0.75 0.4 0.85 0.75 0.45 0.5 0.85 1.0 0.15 0.35 0.45 0.0 0.4 0.8 0.15 0.05 0.85 0.7 0.9 0.05 0.9 
-0.0074973653361078176 0.3894605063198981 0.4007588752825054 0.85 0.65 0.85 0.95 0.45 0.6 0.95 0.95 0.45 0.9 0.1 0.5 0.9 0.25 0.05 0.75 0.4 0.45 0.75 0.45 0.5 0.85 1.0 0.15 0.3 0.45 0.85 0.15 0.8 0.15 0.05 0.85 0.7 0.9 0.05 0.9 
-0.03066008877044861 0.6837107712135178 0.34054869905938556 1.0 0.45 0.65 0.85 0.25 0.55 0.95 0.8 0.35 0.45 0.05 0.2 0.9 0.4 0.1 0.8 0.7 0.9 0.8 0.85 0.7 0.9 0.55 0.45 0.8 0.1 0.75 0.95 0.1 0.25 0.75 0.75 0.15 0.65 1.0 0.55 
-0.044163820754742726 0.7386456636553651 0.40183964653529397 0.95 0.45 0.45 0.9 0.25 0.55 0.95 0.8 0.65 0.9 0.1 0.25 0.9 0.7 0.45 0.8 0.7 0.2 1.0 0.85 0.75 0.6 0.5 0.45 0.6 0.8 0.2 0.95 0.1 0.25 0.75 0.45 0.2 0.95 1.0 0.55 
-0.002145885797200536 0.68734368971398 0.3760480607713528 1.0 0.45 0.5 1.0 0.25 0.55 0.95 0.8 0.3 0.45 1.0 0.2 0.45 0.4 0.05 0.8 0.7 0.9 0.65 0.85 0.8 0.95 0.55 0.45 0.75 0.1 0.65 0.55 0.1 0.25 0.75 0.2 0.2 0.25 1.0 0.8 
-0.017833911090731062 0.7095587215049226 0.5155588137364928 0.95 0.45 0.6 0.95 0.15 0.55 0.95 0.8 0.8 0.75 0.1 0.2 0.9 0.7 0.45 0.8 1.0 0.2 0.95 0.85 0.75 0.3 0.95 0.2 0.95 0.8 0.3 0.95 0.1 0.25 0.75 0.75 0.2 0.95 1.0 0.55 
-0.006603519818165504 0.6445204395226884 0.3089699971599177 1.0 0.45 0.45 0.85 0.25 0.55 0.95 0.8 0.3 0.45 1.0 0.2 0.9 0.55 0.45 0.65 0.7 0.9 0.85 0.85 0.75 0.55 0.55 0.45 0.8 0.1 0.2 0.95 0.1 0.25 0.75 0.25 0.15 0.95 1.0 0.55 
-0.014889648334760525 0.6975125958844928 0.39268202266039953 0.95 0.5 0.4 0.65 0.25 0.55 0.95 0.8 0.45 0.75 0.05 0.2 0.9 0.7 0.45 0.8 0.7 0.2 0.95 0.85 0.9 0.85 0.5 0.45 0.95 0.8 0.2 0.95 0.1 0.25 0.75 0.75 0.75 0.95 1.0 0.55 
-0.035231485990171056 0.6714963023521189 0.5452014581982317 0.45 0.05 0.65 0.2 0.25 0.35 1.0 0.6 0.6 0.85 0.3 0.4 0.45 0.65 0.1 0.3 0.2 0.4 1.0 0.75 0.4 0.5 0.9 0.55 0.95 0.05 0.2 0.75 0.4 0.45 0.45 0.35 0.4 0.1 0.35 0.45 
-0.014027089037845887 0.5985339830955301 0.3213766217897541 1.0 0.4 0.65 1.0 0.25 0.75 1.0 0.8 0.15 0.25 0.05 0.2 0.9 0.6 0.6 0.75 0.7 0.35 0.6 0.85 0.05 1.0 0.5 0.35 0.8 0.75 0.3 0.5 0.25 0.3 0.75 0.7 0.6 0.95 0.55 0.05 
-0.05323679586685553 0.6776307258875378 0.32289177683872916 1.0 0.45 0.4 0.65 0.25 0.55 0.95 0.8 0.3 0.45 0.05 0.25 0.9 0.7 0.45 0.8 0.1 0.2 0.3 0.85 1.0 0.8 0.5 0.4 0.95 0.1 0.4 0.95 0.1 0.25 0.6 0.75 0.2 0.95 1.0 0.25 
-0.03507924271931073 0.6908414873195788 0.3672159887382969 0.95 0.45 0.4 0.65 0.25 0.55 0.95 0.8 0.45 0.75 0.05 0.2 0.9 0.7 0.45 0.8 0.7 0.2 0.95 0.85 0.9 0.85 0.5 0.45 0.95 0.8 0.2 0.95 0.1 0.25 0.75 0.75 0.75 0.95 1.0 0.55 
-0.038739130688247324 0.4698108971002017 0.38856173082746986 0.95 0.65 0.85 0.95 0.45 0.6 0.95 0.95 0.45 0.7 0.25 0.5 0.75 0.2 0.05 0.75 0.4 0.4 0.0 0.35 0.5 1.0 1.0 0.0 0.5 0.8 0.2 0.4 0.65 0.35 0.65 1.0 0.4 0.9 0.3 0.85 
-0.020368332456978725 0.7418020823797791 0.4970247316100127 0.95 0.45 0.65 0.95 0.15 0.6 0.95 0.8 0.7 0.5 0.0 0.2 1.0 0.35 0.45 0.4 0.7 0.85 1.0 0.85 0.75 0.65 0.55 0.5 1.0 0.8 0.3 0.95 0.1 0.25 0.85 0.25 0.2 0.95 1.0 0.7 
-0.019174668048175577 0.5689095360740913 0.3193872023208445 1.0 0.45 0.65 1.0 0.3 0.75 1.0 0.8 0.4 0.25 0.05 0.2 0.9 1.0 0.6 0.7 0.15 0.2 0.95 0.75 0.7 1.0 0.5 0.45 0.9 0.7 1.0 0.8 0.25 0.3 0.75 0.4 0.45 0.95 0.55 0.8 
-0.005015613968055906 0.4625744576216372 0.3918333435346413 0.9 0.65 0.85 0.95 0.45 0.6 0.95 0.95 0.45 0.7 0.25 0.5 0.75 0.2 0.05 0.75 0.4 0.4 0.0 0.35 0.5 1.0 1.0 0.0 0.5 0.8 0.6 0.4 0.65 0.85 0.65 1.0 0.4 0.9 0.3 0.85 
-0.042638871530178486 0.5042963995395724 0.34480098121985236 1.0 0.45 0.65 1.0 0.3 0.75 0.95 0.8 0.15 0.3 0.05 0.25 0.9 0.0 0.9 0.1 0.35 0.2 0.6 0.3 0.25 0.3 0.5 0.45 0.2 0.9 0.2 0.95 0.3 0.4 0.75 0.75 0.2 0.45 1.0 0.55 
-0.029885293608380173 0.5084137713166877 0.6078782851930256 0.7 0.8 0.4 0.65 0.9 0.1 1.0 0.5 0.5 0.75 0.35 0.4 0.05 0.9 0.1 0.5 0.4 0.75 1.0 0.75 0.4 0.1 1.0 0.05 0.95 0.05 0.5 0.55 0.4 0.45 0.2 0.25 0.0 0.4 0.2 0.4 
-0.10977205355205787 0.7253365750145553 0.44674408122116616 0.7 0.45 0.2 1.0 0.25 0.55 0.95 0.8 0.65 0.9 0.1 0.25 0.3 0.7 0.45 0.8 0.7 0.2 0.9 0.85 0.75 0.65 0.5 0.45 0.6 0.8 0.2 0.95 0.1 0.25 0.2 0.05 0.2 0.95 1.0 0.75 
-0.0016262191755162367 0.33532136462217865 0.5739523666207773 0.75 0.5 0.85 0.95 0.45 0.5 0.9 1.0 0.55 0.6 0.0 0.25 0.9 0.25 0.05 0.75 0.9 0.1 0.95 0.45 0.8 0.8 1.0 0.45 0.6 0.25 0.85 0.9 0.5 0.15 0.8 0.3 0.0 0.9 0.55 0.6 
-0.06734386005441739 0.30031397291729156 0.45523112913359953 1.0 0.6 0.85 0.8 0.45 0.7 0.65 1.0 0.55 0.65 0.0 0.3 0.15 0.7 0.05 0.9 0.4 0.45 0.95 0.45 0.25 0.8 1.0 0.45 0.55 0.25 0.85 0.9 0.5 0.15 0.8 0.45 0.85 0.9 0.55 0.05 
-0.030093750997310965 0.7312057774931843 0.39849633770612763 0.95 0.45 0.6 0.8 0.25 0.55 0.95 0.8 0.8 0.6 0.1 0.2 0.9 0.7 0.45 0.8 0.55 0.2 0.95 0.85 0.75 0.95 0.5 0.45 0.95 0.8 0.3 0.95 0.1 0.25 0.75 0.75 0.2 0.0 0.55 0.55 
-0.0037608124403318535 0.5444042457623023 0.6164346010102868 0.6 0.9 0.4 0.4 0.9 0.1 1.0 0.5 0.4 0.65 0.35 0.4 0.05 0.9 0.3 0.5 0.2 0.1 1.0 0.75 0.4 0.1 0.6 0.05 0.95 0.05 0.5 0.55 0.4 0.45 0.2 0.25 0.85 0.4 0.3 0.4 
-0.06219053169665383 0.6828209642169307 0.5705935676795291 0.95 0.45 0.4 0.95 0.15 0.55 0.95 0.8 0.9 0.75 0.05 0.2 0.9 0.7 0.45 0.05 0.7 0.2 1.0 0.85 0.8 0.85 0.5 0.45 0.85 0.8 0.3 0.95 0.1 0.25 0.15 0.35 0.85 0.3 1.0 0.55 
-0.05066479749020956 0.5597387728037374 0.291167950385674 1.0 0.45 0.65 1.0 0.25 0.75 1.0 0.8 0.15 0.1 0.05 0.2 0.9 0.6 0.4 0.1 0.15 0.2 0.35 0.55 0.05 0.9 0.5 0.45 0.8 0.7 0.3 0.95 0.1 0.5 0.35 0.95 0.85 0.95 0.25 0.4 
-0.013653219445382815 0.7109330665030098 0.3235447640947512 1.0 0.45 0.65 0.85 0.25 0.55 0.95 0.8 0.35 0.45 0.05 0.2 0.9 0.4 0.1 0.8 0.7 0.9 0.8 0.85 0.7 0.9 0.55 0.45 0.65 0.1 0.65 0.95 0.1 0.25 0.75 0.75 0.15 0.65 1.0 0.55 
-0.028329325248671773 0.6402661100624075 0.5995094526985802 0.05 1.0 0.6 0.85 0.55 0.05 1.0 0.85 0.55 1.0 0.35 0.4 0.6 0.65 0.55 0.3 0.55 0.0 1.0 0.75 0.35 0.5 0.95 0.85 0.95 0.0 0.2 0.8 0.4 0.45 0.35 0.15 0.55 0.85 0.85 0.35 
-0.0018639091072394213 0.3117646516132221 0.421641899018024 0.85 0.6 0.85 0.8 0.45 0.7 0.9 1.0 0.55 0.6 0.0 0.3 0.15 0.25 0.05 0.75 0.4 0.45 0.8 0.45 0.2 0.8 1.0 0.5 0.8 0.25 0.85 1.0 0.5 0.15 0.8 0.45 0.75 0.9 0.55 0.6 
-0.00926482314813619 0.5412167418806189 0.33333115900668353 1.0 0.4 0.3 1.0 0.3 0.85 1.0 0.8 0.15 0.25 0.05 0.2 0.9 1.0 0.6 0.7 0.7 0.35 0.95 0.8 0.8 1.0 0.5 0.45 0.9 0.7 0.85 0.95 0.25 0.35 0.75 0.9 0.05 0.95 0.1 0.05 
-0.0022083237848285267 0.4040204079097434 0.6196072089941702 0.9 0.75 0.7 0.95 0.45 0.5 0.6 1.0 0.55 0.6 0.0 0.25 0.9 0.25 0.15 0.75 0.0 0.1 0.85 0.45 0.15 0.6 0.9 0.45 0.95 0.2 0.45 0.85 0.9 0.5 0.8 0.35 0.3 0.3 0.0 0.45 
-0.021198400709170662 0.4177106329431829 0.3700283395241566 0.9 0.65 0.85 0.75 0.45 0.6 0.95 0.95 0.4 0.6 0.15 0.4 0.75 0.2 0.7 0.5 0.4 0.4 0.45 0.45 0.45 1.0 0.95 0.05 0.5 0.8 0.45 0.55 0.8 0.5 0.65 0.85 0.7 0.9 0.55 0.5 
-0.05074071886868791 0.3276691973277075 0.5777997844230822 0.95 0.75 0.7 0.95 0.45 0.35 0.5 1.0 0.55 0.6 0.0 0.15 0.5 0.25 0.05 0.75 0.0 1.0 1.0 0.45 0.65 0.8 1.0 0.45 1.0 0.2 0.45 0.85 0.9 0.6 0.1 0.5 0.3 0.15 0.9 0.6 
-0.024864941956066745 0.42211362241840844 0.6089418040589777 0.2 0.75 1.0 0.95 0.45 0.45 0.3 0.65 0.55 0.6 0.0 0.45 0.9 0.0 0.05 0.75 0.4 0.1 0.95 0.45 0.3 0.95 1.0 0.45 0.6 0.25 0.85 0.95 0.85 0.3 0.8 0.7 0.5 0.9 0.55 0.6 
-0.011343175280927676 0.5655822799942576 0.6169552915845911 0.05 0.8 0.4 0.4 0.9 0.1 1.0 0.5 0.5 0.75 0.35 0.4 0.05 0.9 0.1 0.5 0.2 0.75 1.0 0.75 0.4 0.1 1.0 0.05 0.95 0.05 0.5 0.55 0.4 0.45 0.2 0.25 0.0 0.4 0.2 0.4 
-0.0007920226700450748 0.73320452894829 0.48528233505496915 0.95 0.5 0.1 0.95 0.15 0.55 0.95 0.8 0.3 0.5 0.95 0.2 0.9 0.35 0.45 0.2 0.7 0.35 0.5 0.8 0.75 0.6 0.55 0.5 1.0 0.8 0.3 0.95 0.1 0.25 0.7 0.35 0.2 0.95 1.0 0.7 
-0.0002148475197130881 0.43851715081089526 0.38450627019458744 0.9 0.65 0.85 0.85 0.45 0.6 1.0 0.9 0.45 0.6 0.15 0.4 0.2 0.2 0.0 1.0 0.4 0.4 0.45 0.45 0.15 0.85 0.1 0.1 0.35 0.8 0.45 0.4 0.95 0.65 0.65 0.4 0.4 0.9 0.55 0.6 
-0.0007814347237842004 0.4630792394957117 0.3590106242716504 0.95 0.65 0.85 1.0 0.45 0.6 1.0 0.95 0.45 0.6 0.15 0.4 0.75 0.2 0.0 1.0 0.4 0.4 0.45 0.45 0.15 1.0 0.1 0.1 0.35 0.8 0.35 0.4 0.95 0.65 0.65 0.4 0.4 0.9 0.55 0.6 
-0.19775546876246555 0.5007286997085675 0.31501684993989054 1.0 0.45 0.65 1.0 0.3 0.75 0.95 0.8 0.15 0.3 0.05 0.2 0.9 0.3 0.9 0.1 0.7 0.45 0.2 0.5 0.2 0.9 0.5 0.45 0.85 0.9 0.2 0.95 0.3 0.4 0.75 0.75 0.2 0.45 1.0 0.55 
-0.0009347901332968827 0.5174062832233912 0.31233192363742646 1.0 0.45 0.65 1.0 0.3 0.75 1.0 0.8 0.15 0.25 0.2 0.05 0.9 0.5 0.1 0.0 0.8 0.2 0.45 0.8 0.7 1.0 0.5 0.45 0.25 0.7 0.3 0.95 0.25 0.6 0.75 0.7 0.05 0.95 0.55 0.05 
-0.005072836205198218 0.4692773871119196 0.33878733545544626 0.95 0.65 0.85 0.85 0.45 0.6 1.0 0.95 0.4 0.8 0.15 0.4 0.75 0.85 0.7 1.0 0.7 0.4 0.5 0.45 0.55 1.0 0.55 0.05 0.7 0.85 0.8 0.6 0.65 0.15 0.65 0.85 0.4 0.65 0.25 0.95 
-0.014800388074977602 0.6301571256722955 0.2707612160893391 1.0 0.4 0.65 1.0 0.25 0.75 1.0 0.8 0.15 0.25 0.05 0.2 0.9 0.25 0.4 0.0 0.7 0.35 0.95 0.35 0.05 0.9 0.5 0.45 0.8 0.7 0.3 0.95 0.25 0.65 0.75 0.7 0.6 0.95 0.25 0.3 
-0.005252826384646251 0.4244167738446708 0.3683675370919929 0.95 0.65 0.85 0.75 0.45 0.6 0.95 0.95 0.4 0.6 0.15 0.4 0.75 0.2 0.7 0.75 0.4 0.4 0.45 0.45 0.45 1.0 0.95 0.05 0.5 0.8 0.45 0.55 0.8 0.5 0.65 0.85 0.7 0.9 0.55 0.95 
-0.053557328401778515 0.6720192136252918 0.2906090762859125 1.0 0.45 0.4 0.65 0.25 0.55 0.95 0.8 0.3 0.45 0.05 0.25 0.9 0.7 0.45 0.8 0.1 0.2 0.4 0.85 0.75 0.8 0.5 0.4 0.95 0.1 0.4 0.95 0.1 0.25 0.6 0.75 0.35 0.95 1.0 0.25 
-0.05724797603516633 0.4587431912797234 0.36318137086803426 0.95 0.65 0.85 0.85 0.45 0.6 1.0 0.95 0.4 0.8 0.15 0.4 0.75 0.85 0.7 1.0 0.7 0.4 0.5 0.45 0.1 1.0 0.55 0.05 0.7 0.85 0.8 0.6 0.65 0.15 0.65 0.85 0.4 0.65 0.25 0.65 
-0.042795136224764656 0.36762256870516674 0.6044847206850146 0.7 0.85 0.85 0.85 0.45 0.45 0.7 1.0 0.55 0.55 0.0 0.3 0.9 0.7 0.05 0.75 0.15 0.45 0.95 0.45 0.25 0.35 1.0 0.15 0.95 0.25 0.85 0.35 0.9 0.1 0.35 0.15 0.3 0.6 0.55 0.9 
-0.7223732341452304 0.4309530896341018 0.3330119409997271 0.95 0.65 0.85 0.95 0.45 0.6 0.95 0.95 0.4 0.8 0.15 0.4 0.75 0.2 0.7 0.75 0.4 0.4 0.45 0.45 0.5 1.0 0.55 0.05 0.65 0.8 0.15 0.6 0.75 0.1 0.65 0.85 0.4 0.9 0.55 0.95 
-0.007871792283829284 0.43393213719286716 0.34664063766787623 0.95 0.65 0.85 0.95 0.45 0.6 0.95 0.95 0.4 0.8 0.15 0.4 0.85 0.2 0.7 0.75 0.4 0.4 0.45 0.45 0.5 1.0 0.55 0.05 0.45 0.8 0.15 0.6 0.75 0.1 0.65 0.85 0.4 0.9 0.55 0.95 
-0.16674749182313983 0.4424610133038237 0.33107420944983823 0.95 0.65 0.85 0.95 0.45 0.6 1.0 0.95 0.4 0.8 0.15 0.4 0.75 0.6 0.7 0.75 0.4 0.45 0.45 0.45 0.5 0.9 0.55 0.05 0.65 0.8 0.7 0.6 0.8 0.1 0.65 0.85 0.4 0.9 0.55 0.25 
-0.007015689600377586 0.6846020820200563 0.28446405636681404 1.0 0.4 0.65 1.0 0.3 0.8 1.0 0.8 0.15 0.25 0.05 0.2 0.9 1.0 0.6 0.7 0.8 0.65 0.95 0.8 0.7 1.0 0.5 0.45 1.0 0.7 0.3 0.9 0.05 0.3 0.75 0.7 0.05 0.95 0.0 0.05 
-0.01748173673708237 0.5056843532987806 0.6043046634223823 0.55 0.85 0.4 0.6 0.9 0.1 0.6 0.75 0.5 0.9 0.35 0.4 0.05 0.55 0.1 0.3 0.2 0.05 1.0 0.75 0.4 0.05 0.35 1.0 0.95 0.05 0.5 0.55 0.4 0.45 0.05 0.35 0.0 0.45 0.35 0.5 
-0.15736055298289936 0.7545316789742096 0.35983344606655054 1.0 0.45 0.25 0.85 0.25 0.55 0.95 0.8 0.35 0.45 0.05 0.2 0.9 0.4 0.1 0.8 0.7 0.45 0.8 0.85 0.7 0.85 0.55 0.45 0.95 0.1 0.65 0.95 0.1 0.25 0.75 0.75 0.15 0.65 1.0 0.55 
-0.003419982356981155 0.46738859102356356 0.3299395472879577 0.95 0.65 0.85 0.85 0.45 0.6 1.0 0.95 0.4 0.8 0.15 0.4 0.55 0.85 0.7 1.0 0.7 0.4 0.45 0.45 0.55 1.0 0.55 0.05 0.65 0.85 0.8 0.6 0.8 0.05 0.65 0.85 0.4 0.65 0.4 0.95 
-0.005650755365298348 0.46471918181905486 0.611314886865906 0.95 0.05 0.9 0.95 0.45 0.5 0.25 0.6 0.55 0.45 0.0 0.45 0.9 0.0 0.05 0.75 0.4 0.65 0.95 0.45 0.5 0.95 1.0 0.45 0.85 0.25 0.85 0.85 0.8 0.3 0.8 0.3 0.15 0.95 0.55 0.4 
-0.007442232145763945 0.6012704849828789 0.6139047639388618 0.95 0.85 0.45 0.4 0.9 0.1 1.0 0.6 0.5 0.65 0.35 0.4 0.2 0.9 0.1 0.3 0.2 0.35 1.0 0.75 0.4 0.1 0.45 0.05 1.0 0.05 0.2 0.55 0.4 0.45 0.45 0.35 0.8 0.4 0.35 0.4 
-0.006994634276041158 0.5330211480658449 0.6275276221853314 0.05 0.9 0.4 0.4 0.9 0.1 1.0 0.5 0.5 0.65 0.35 0.4 0.05 0.9 0.1 0.5 0.2 0.75 1.0 0.75 0.4 0.1 0.6 0.05 0.95 0.05 0.5 0.55 0.4 0.45 0.2 0.25 0.0 0.4 0.3 0.4 
-0.038509107252735875 0.3037367021010198 0.3942717991082064 0.85 0.65 0.85 0.95 0.45 0.6 0.9 0.95 0.45 0.5 0.1 0.4 0.35 0.65 0.05 0.4 0.4 0.45 0.95 0.45 0.25 0.8 1.0 0.15 0.0 0.45 0.85 0.85 1.0 0.45 0.05 0.0 0.8 0.9 0.65 0.9 
-142.7045852451441 0.4346132870002777 0.29350375832280884 1.0 0.45 0.65 1.0 0.25 0.75 1.0 0.8 0.15 0.35 0.05 0.2 0.9 1.0 0.6 0.4 0.15 0.2 0.95 0.4 0.6 1.0 0.5 0.45 1.0 0.7 0.3 0.6 0.25 0.3 0.9 0.7 0.05 0.95 0.55 0.4 
-0.02321742845437566 0.5765227924899218 0.24884283023957016 1.0 0.4 0.65 1.0 0.25 0.75 1.0 0.8 0.15 0.25 0.05 0.2 0.9 0.6 0.6 0.75 0.7 0.35 0.5 0.75 0.35 1.0 0.5 0.45 0.8 0.7 0.3 0.95 0.25 0.3 0.35 0.7 0.6 0.55 0.55 0.5 
-136.97756406822452 0.4730000203800724 0.30680148297999366 1.0 0.45 0.65 1.0 0.3 0.75 1.0 0.8 0.35 0.25 0.05 0.2 0.15 0.6 0.55 0.4 0.5 0.2 0.15 0.35 0.25 1.0 0.5 0.45 0.85 0.7 0.25 0.9 0.25 0.7 0.65 0.7 0.05 1.0 0.9 0.05 
-0.0918020709698279 0.743419070191164 0.5304028904126338 0.95 0.45 0.5 0.95 0.15 0.6 0.7 0.8 0.7 0.5 0.0 0.2 1.0 0.35 0.05 0.4 0.7 0.3 1.0 0.85 0.75 0.8 0.55 0.5 1.0 0.75 0.3 0.95 0.1 0.25 0.85 0.25 0.95 0.95 1.0 0.7 
-0.04723855739895536 0.5071565233883528 0.2788124822875063 1.0 0.45 0.65 1.0 0.3 0.75 1.0 0.8 0.15 0.25 0.05 0.2 1.0 1.0 0.6 0.0 0.7 0.2 0.95 0.4 0.25 1.0 0.5 0.45 0.85 0.7 0.3 0.7 0.0 0.45 0.35 0.55 0.15 0.15 0.55 0.0 
-0.018700638057553936 0.2899429329442037 0.5054151378965528 1.0 0.75 0.85 0.95 0.45 0.5 0.9 0.95 0.55 0.6 0.0 0.25 0.9 0.25 0.05 0.75 0.4 0.1 0.95 0.45 0.3 0.3 1.0 0.05 0.65 0.25 0.85 0.9 0.5 0.15 0.8 0.3 0.0 0.9 0.55 0.6 
-0.4359432364665 0.4010489835562249 0.33487603553178413 1.0 0.65 0.85 0.95 0.45 0.6 0.95 0.95 0.4 0.6 0.15 0.4 0.75 0.2 0.4 0.75 0.4 0.4 0.45 0.45 0.5 1.0 0.95 0.05 0.5 0.8 0.4 0.6 0.8 0.1 0.65 0.85 0.4 0.9 0.55 0.95 
-0.004099805581943367 0.6093551509132744 0.29626379318054286 1.0 0.45 0.45 0.7 0.25 0.55 0.95 0.8 0.25 0.45 0.05 0.2 0.9 0.4 0.1 0.8 0.35 0.9 0.8 0.85 0.75 0.9 0.55 0.45 0.8 0.1 0.2 0.95 0.1 0.25 0.75 0.75 0.2 0.95 1.0 0.55 
-152.88786729528144 0.42166070135362926 0.304427903473493 1.0 0.45 0.65 1.0 0.25 0.75 1.0 0.8 0.15 0.35 0.05 0.2 0.9 1.0 0.6 0.4 0.15 0.2 0.95 0.4 0.6 1.0 0.5 0.45 0.9 0.75 0.15 0.75 0.25 0.3 0.9 0.7 0.05 0.95 0.55 0.4 
-0.027372886024809782 0.5030242757357803 0.2786077953828042 1.0 0.45 0.65 1.0 0.3 0.75 0.95 0.8 0.15 0.3 0.05 0.2 0.05 0.7 0.9 0.1 0.7 0.4 0.6 0.35 0.2 0.9 0.5 0.45 0.05 0.65 0.5 0.95 0.3 0.25 0.75 0.75 0.6 0.95 1.0 0.55 
-0.004678095537086871 0.38076658047451944 0.35648791840512645 0.95 0.65 0.85 0.9 0.45 0.6 1.0 0.95 0.45 0.9 0.1 0.5 0.3 0.25 0.05 0.85 0.4 0.45 0.8 0.45 0.55 0.85 1.0 0.15 0.2 0.45 0.05 0.4 0.8 0.15 0.05 0.85 0.7 0.9 0.8 0.9 
-0.0030709503430199005 0.571516678852859 0.6150215106838288 0.9 0.8 0.4 0.4 0.9 0.1 1.0 0.5 0.5 0.75 0.35 0.4 0.95 0.9 0.1 0.5 0.2 0.65 1.0 0.75 0.4 0.1 0.7 0.15 0.95 0.05 0.5 0.55 0.4 0.45 1.0 0.0 0.0 0.3 0.6 0.4 
-0.011478111644895601 0.2931995931186091 0.4552735121735063 0.85 0.6 0.85 0.65 0.45 0.7 0.9 1.0 0.55 0.65 0.0 0.3 1.0 0.6 0.05 0.9 0.6 0.45 0.95 0.45 0.45 0.8 1.0 0.45 0.7 0.2 0.85 0.9 0.5 0.1 0.8 0.45 0.85 0.9 0.55 0.05 
-0.006267313800130555 0.39141053008997423 0.6278452190130435 0.75 0.75 0.7 0.95 0.45 0.5 0.6 0.8 0.55 0.6 0.0 0.25 0.9 0.25 0.05 0.75 0.0 0.75 0.95 0.45 0.45 0.7 1.0 0.45 0.45 0.2 0.4 0.85 0.9 0.5 0.8 0.5 0.3 0.3 0.15 0.2 
-0.01573680580709381 0.3968591708410582 0.3312695070231749 1.0 0.65 0.85 0.95 0.45 0.6 0.95 0.9 0.4 0.6 0.15 0.4 0.75 0.2 0.4 0.75 0.4 0.4 0.45 0.45 0.5 1.0 0.95 0.05 0.5 0.8 0.4 0.6 0.8 0.1 0.65 0.85 0.4 0.9 0.55 0.95 
-0.07092499229217485 0.5491730130845396 0.2773423117002104 1.0 0.45 0.65 1.0 0.3 0.75 1.0 0.75 0.15 0.35 0.05 0.2 0.15 0.85 0.6 0.0 0.7 0.2 0.3 0.35 0.25 1.0 0.5 0.45 0.8 0.7 0.3 0.95 0.25 0.45 0.35 0.7 0.05 0.9 0.55 0.05 
-0.016213192753050443 0.526301226934063 0.6278544790072053 0.05 0.8 0.05 0.4 0.9 0.1 1.0 0.5 0.5 0.65 0.35 0.4 0.05 0.9 0.1 0.5 0.2 0.75 1.0 0.75 0.4 0.1 0.6 0.05 0.95 0.05 0.5 0.55 0.4 0.45 0.2 0.25 0.0 0.4 0.2 0.4 
-0.022236097162137997 0.35949988283129297 0.3472985841585088 0.95 0.65 0.85 0.9 0.45 0.6 0.9 0.95 0.45 0.7 0.1 0.35 0.9 0.7 0.05 0.75 0.4 0.45 0.75 0.45 0.5 0.85 1.0 0.15 0.05 0.45 0.45 0.4 0.8 0.15 0.05 1.0 0.7 1.0 0.05 0.9 
-0.20091574373903837 0.7301364855349841 0.573092654904594 1.0 0.45 0.5 0.9 0.15 0.55 0.9 0.8 0.55 0.5 0.95 0.2 0.9 0.0 0.45 0.2 0.7 0.35 1.0 0.85 0.75 0.6 0.55 0.5 1.0 0.8 0.35 0.95 0.1 0.25 0.7 0.35 0.2 0.95 1.0 0.7 
-0.0010200505078092 0.7298140332311199 0.5284005867129151 1.0 0.45 0.6 0.95 0.15 0.55 0.95 0.8 0.8 0.75 0.05 0.2 0.9 0.7 0.45 0.8 0.7 0.2 0.95 0.85 0.75 0.3 0.55 0.25 0.95 0.8 0.3 0.95 0.05 0.25 0.5 0.75 0.2 0.95 0.9 0.55 
-0.01618767595698067 0.5311821239246446 0.2603228270403499 1.0 0.45 0.65 1.0 0.3 0.75 1.0 0.8 0.15 0.25 0.05 0.2 0.95 1.0 0.6 0.0 0.7 0.2 0.95 0.3 0.7 1.0 0.5 0.45 0.8 0.7 0.3 0.95 0.25 0.45 0.35 0.7 0.05 0.95 0.55 0.05 
-0.009940021473476364 0.5979887571900889 0.29752662092728543 1.0 0.45 0.65 1.0 0.3 0.75 1.0 0.8 0.85 0.25 0.05 0.2 0.0 1.0 0.6 0.0 0.7 0.2 0.95 0.35 0.6 1.0 0.5 0.45 0.85 0.7 0.3 1.0 0.25 0.45 0.35 0.55 0.2 0.15 0.55 0.8 
-147.6249200428261 0.40782526320487583 0.31070208659176 1.0 0.45 0.65 1.0 0.25 0.75 1.0 0.8 0.15 0.2 0.05 0.2 0.9 1.0 0.6 0.4 0.15 0.2 0.95 0.4 0.6 1.0 0.5 0.45 1.0 0.7 0.3 0.6 0.25 0.3 0.9 0.7 0.05 0.95 0.55 0.4 
-0.2616507993287778 0.6795737631501537 0.6097891848337333 0.45 0.45 0.45 0.95 0.15 0.55 0.95 0.8 0.45 0.5 0.95 0.2 0.9 0.7 0.45 0.2 0.7 0.95 1.0 0.85 0.75 0.35 0.5 0.45 0.95 0.9 0.3 1.0 0.1 0.25 0.7 0.7 0.2 0.95 1.0 0.55 
-0.023819860811369803 0.5015041543524281 0.25668725929371505 1.0 0.45 0.7 1.0 0.25 0.75 0.9 0.8 0.15 0.35 0.05 0.2 0.9 1.0 0.6 0.4 0.15 0.75 0.9 0.4 0.45 1.0 0.5 0.45 0.8 0.7 0.3 0.75 0.25 0.05 0.9 0.4 0.05 0.95 0.55 0.9 
-0.02116801308181853 0.6748265064789237 0.3087282533730752 1.0 0.55 0.25 0.65 0.25 0.55 0.95 0.8 0.3 0.45 0.05 0.25 0.9 0.7 0.45 0.8 0.1 0.2 0.3 0.85 0.75 0.8 0.5 0.4 0.95 0.1 0.4 0.95 0.1 0.25 0.6 0.75 0.2 0.95 1.0 0.25 
-0.026594502857613302 0.4273411420147253 0.33732207907030354 0.95 0.65 0.85 0.95 0.45 0.6 0.95 0.95 0.4 0.6 0.15 0.4 0.75 0.2 0.7 0.75 0.4 0.4 0.45 0.45 0.5 1.0 1.0 0.05 0.5 0.8 0.35 0.6 0.8 0.1 0.65 0.85 0.4 0.9 0.55 0.95 
-0.026039414820558583 0.5383014778568307 0.27271337030114606 1.0 0.45 0.65 1.0 0.3 0.75 1.0 0.8 0.15 0.25 0.05 0.2 0.0 1.0 0.6 0.0 0.7 0.2 0.95 0.35 0.6 1.0 0.5 0.45 0.85 0.7 0.3 1.0 0.25 0.45 0.35 0.55 0.2 0.15 0.55 0.0 
-0.01868376246082508 0.5366661275601451 0.31125243053032503 1.0 0.5 0.65 1.0 0.3 0.75 1.0 0.8 0.15 0.25 0.05 0.2 0.45 0.7 0.6 0.7 0.15 1.0 0.4 0.4 0.25 1.0 0.5 0.45 0.9 0.65 0.35 0.9 0.25 0.55 0.85 0.7 0.4 0.0 0.55 0.8 
-0.03691697470425108 0.5816213212413085 0.28383064353818 1.0 0.4 0.65 1.0 0.25 0.75 1.0 0.8 0.15 0.25 0.05 0.2 0.9 0.6 0.6 0.75 0.7 0.35 0.6 0.85 0.05 1.0 0.5 0.45 0.8 0.75 0.3 0.95 0.25 0.3 0.75 0.7 0.6 0.95 0.55 0.05 
-0.08471782233927976 0.6296063224213662 0.610121941172437 0.45 0.45 0.7 0.95 0.15 0.55 0.95 0.8 0.7 0.5 0.95 0.2 0.9 0.7 0.45 0.2 0.7 0.95 1.0 0.85 0.75 0.35 0.5 0.45 0.95 0.9 0.3 1.0 0.1 0.25 0.7 0.7 0.2 0.95 1.0 0.95 
-0.02177427524971804 0.6415415445162045 0.6287904559340446 0.3 0.45 0.45 0.95 0.15 0.55 0.95 0.8 0.55 0.5 0.95 0.2 0.9 0.7 0.45 0.2 0.7 0.2 1.0 0.85 0.75 0.5 0.5 0.45 0.95 0.8 0.3 1.0 0.1 0.25 0.1 0.35 0.2 0.95 1.0 0.55 
-0.015131148777418895 0.5847092308242556 0.2798176955361972 1.0 0.4 0.65 1.0 0.3 0.8 1.0 0.8 0.55 0.25 0.05 0.2 0.25 0.5 0.6 0.7 0.85 0.2 0.65 0.8 0.7 1.0 0.5 0.45 0.95 0.7 0.3 0.95 0.25 0.5 0.75 0.7 0.05 0.95 0.0 0.05 
-0.019593677660031634 0.6017707617969383 0.2632892690688373 1.0 0.4 0.65 1.0 0.25 0.75 1.0 0.8 0.15 0.25 0.05 0.2 0.9 0.6 0.6 0.3 0.7 0.35 0.95 0.75 0.35 1.0 0.5 0.45 0.8 0.7 0.3 0.95 0.25 0.3 0.35 0.7 0.6 0.55 0.55 0.5 
-0.008382317665018759 0.6993378261892564 0.5915597331693522 0.95 0.45 0.65 0.95 0.1 0.55 0.95 0.8 0.55 0.5 0.95 0.2 0.9 0.35 0.45 0.2 0.7 0.35 0.95 0.8 0.75 0.6 0.55 0.5 1.0 0.8 0.3 0.95 0.1 0.25 0.7 0.35 0.2 0.95 1.0 0.7 
-0.055397883888619104 0.7025399352097537 0.5665524321479537 0.95 0.45 0.4 0.95 0.15 0.55 0.95 0.8 0.9 0.75 0.05 0.2 0.9 0.7 0.45 0.05 0.7 0.2 1.0 0.85 0.75 0.85 0.5 0.45 0.95 0.8 0.3 0.95 0.1 0.25 0.15 0.35 0.2 0.95 1.0 0.55 
-0.10619903713039888 0.6677599044981124 0.595451419545176 0.6 0.5 0.5 0.95 0.15 0.55 0.95 0.8 0.55 0.5 0.95 0.2 0.9 0.35 0.45 0.2 0.7 0.45 1.0 0.8 0.75 0.3 0.6 0.5 0.75 0.8 0.3 0.95 0.1 0.25 0.7 0.35 0.2 0.95 1.0 0.7 
-0.07658756421677941 0.6824768499319691 0.6013091379313147 0.6 0.45 0.5 0.95 0.15 0.55 0.95 0.8 0.6 0.5 0.95 0.2 0.55 0.7 0.45 0.2 0.7 0.2 1.0 0.85 0.75 0.5 0.5 0.45 0.95 0.7 0.3 1.0 0.1 0.25 0.7 0.3 0.3 0.95 1.0 0.65 
-0.012409059677992215 0.5401930848802091 0.2493614912391678 1.0 0.45 0.65 1.0 0.3 0.75 1.0 0.8 0.15 0.25 0.05 0.2 0.15 1.0 0.95 0.0 0.45 0.2 0.9 0.6 0.25 1.0 0.5 0.45 0.8 0.7 0.3 0.95 0.25 0.45 0.35 0.95 0.05 1.0 0.55 0.05 
-0.139635780037728 0.282838749919197 0.4388067613207179 1.0 0.75 0.85 0.75 0.4 0.5 1.0 0.95 0.55 0.8 0.0 0.2 0.9 0.25 0.05 0.75 0.0 0.3 0.85 0.45 0.3 0.3 0.0 0.55 0.35 0.25 0.85 0.9 0.5 0.15 0.8 0.3 0.0 0.85 0.55 0.6 
-0.17444629678495185 0.7529447016239668 0.5130010667309107 0.95 0.45 0.35 0.95 0.15 0.6 0.7 0.8 0.7 0.5 0.0 0.2 1.0 0.35 0.05 0.4 0.7 0.3 1.0 0.85 0.75 0.65 0.55 0.5 1.0 0.75 0.3 0.95 0.1 0.25 0.85 0.25 0.95 0.95 1.0 0.4 
-0.04418086492747986 0.5942055583080235 0.24811253558098595 1.0 0.45 0.65 1.0 0.3 0.75 1.0 0.8 0.15 0.25 0.05 0.2 0.9 1.0 0.6 0.0 0.7 0.05 0.95 0.8 0.7 1.0 0.5 0.45 0.8 0.7 0.3 1.0 0.2 0.45 0.75 0.65 0.05 0.95 0.55 0.05 
-0.012570037338302392 0.3015251145513338 0.4199013970333311 1.0 0.6 0.85 0.65 0.45 0.7 0.9 1.0 0.55 0.6 0.0 0.3 0.15 0.25 0.05 0.75 0.4 0.45 1.0 0.45 0.2 0.85 1.0 0.5 0.8 0.25 0.85 0.85 0.5 0.15 0.8 0.45 0.75 0.9 0.55 0.6 
-0.3669096889130054 0.7642055369918794 0.5461394547294978 0.95 0.5 0.5 0.95 0.15 0.55 0.95 0.8 0.3 0.5 0.95 0.2 0.9 0.35 0.45 0.2 0.7 0.55 1.0 0.8 0.75 0.55 0.55 0.5 1.0 0.8 0.3 0.95 0.1 0.25 0.7 0.35 0.2 0.95 1.0 0.7 
-0.04662607174947295 0.5616004180316562 0.2616992190816907 1.0 0.45 0.65 0.85 0.3 0.75 1.0 0.8 0.15 0.25 0.05 0.2 0.0 0.6 0.6 0.0 0.7 0.2 0.95 0.35 0.25 1.0 0.5 0.5 0.85 0.7 0.3 1.0 0.25 0.45 0.35 0.55 0.2 0.15 0.55 0.0 
-0.02284080652451477 0.7406952604748132 0.5528509580546391 0.95 0.45 0.5 0.95 0.15 0.6 0.7 0.85 0.4 0.5 0.0 0.2 0.35 0.35 0.05 0.4 0.7 0.1 1.0 0.85 0.75 0.6 0.55 0.5 1.0 0.75 0.3 0.95 0.1 0.25 0.85 0.25 0.95 0.85 0.1 0.7 
-0.002619637589910589 0.3593192965694709 0.3447369637140095 0.95 0.65 0.85 0.9 0.45 0.6 0.9 0.95 0.45 0.7 0.1 0.35 0.9 0.7 0.05 0.75 0.4 0.45 0.75 0.45 0.5 0.85 1.0 0.15 0.05 0.45 0.05 0.4 0.8 0.4 0.05 1.0 0.7 1.0 0.05 0.9 
-0.01384672636763282 0.5988971002200214 0.6412582122146134 0.3 0.4 0.25 0.95 0.15 0.55 0.95 0.8 0.6 0.5 0.95 0.2 0.9 0.7 0.95 0.2 0.7 0.65 1.0 0.85 0.75 0.35 0.5 0.45 0.95 0.8 0.3 1.0 0.15 0.25 0.7 0.7 0.2 0.95 1.0 0.55 
-0.0076844539633334425 0.505325328978834 0.6177718343606027 0.55 0.85 0.4 0.6 0.9 0.1 1.0 0.6 0.5 0.9 0.35 0.4 0.05 0.55 0.1 0.3 0.2 0.05 1.0 0.75 0.4 0.05 0.35 1.0 0.95 0.05 0.5 0.55 0.4 0.45 0.05 0.35 0.0 0.45 0.35 0.5 
-0.047193154041028196 0.3584459972245049 0.629541271274833 0.6 0.75 0.85 0.95 0.45 0.5 0.3 1.0 0.55 0.6 0.0 0.25 0.9 0.0 0.05 0.75 0.4 0.1 0.95 0.45 0.45 0.95 1.0 0.45 0.8 0.25 0.85 0.85 0.85 0.3 0.8 0.3 0.5 0.95 0.25 1.0 
-0.04324731855607832 0.33355305957103254 0.38415019390099386 0.8 0.65 0.85 0.95 0.45 0.6 0.9 0.95 0.45 0.85 0.1 0.5 0.9 0.25 0.05 0.75 0.4 0.1 0.9 0.45 0.5 0.9 1.0 0.15 0.5 0.65 0.95 0.55 0.8 0.45 0.05 0.85 0.65 0.9 0.05 0.9 
-0.009492458791359957 0.3122534711759236 0.6024115649809112 0.7 0.75 0.75 0.95 0.45 0.45 0.6 1.0 0.55 0.6 0.95 0.25 0.9 0.25 0.4 0.75 0.4 0.1 0.95 0.45 0.35 0.8 1.0 0.45 0.6 0.2 0.85 0.9 0.85 0.35 0.8 0.85 0.3 0.9 0.55 0.6 
-0.05769578833279535 0.3523879284981556 0.603007084649731 0.95 0.35 0.05 0.95 0.45 0.5 0.7 0.6 0.35 0.45 0.0 0.1 0.9 0.0 0.5 0.75 0.6 0.65 0.95 0.45 0.5 0.95 1.0 0.45 0.85 0.25 0.65 0.85 0.85 0.3 0.8 0.3 0.55 0.95 0.85 0.4 
-0.07063210816291403 0.7711162994677165 0.4811854788613297 1.0 0.45 0.6 0.95 0.15 0.55 0.95 0.8 0.8 0.75 0.05 0.2 0.9 0.7 0.45 0.8 0.7 0.2 0.95 0.85 0.75 0.3 0.55 0.45 0.95 0.8 0.3 0.95 0.05 0.25 0.75 0.75 0.2 0.95 1.0 0.55 
-0.025796377462997278 0.7121354902543341 0.5947542426789256 0.95 0.45 0.5 0.95 0.15 0.6 0.95 0.8 0.55 0.5 0.95 0.2 1.0 0.35 0.95 0.4 0.7 0.3 1.0 0.85 0.75 0.6 0.55 0.5 0.7 0.8 0.3 0.95 0.1 0.25 0.7 0.1 0.2 0.95 1.0 0.7 
-0.020016216102202056 0.7137977107867512 0.6158230866701577 0.8 0.45 0.45 0.95 0.15 0.55 0.95 0.8 0.55 0.5 0.95 0.2 0.9 0.7 0.45 0.2 0.7 0.2 1.0 0.85 0.75 0.65 0.5 0.45 0.95 0.8 0.3 1.0 0.1 0.25 0.7 0.35 0.2 0.95 1.0 0.55 
-0.013509989547480087 0.30167219417559066 0.38868651058248516 0.85 0.65 0.85 0.95 0.45 0.6 0.9 0.95 0.45 0.5 0.1 0.4 0.9 0.65 0.05 0.4 0.4 0.45 0.95 0.45 0.25 0.8 1.0 0.15 0.0 0.45 0.85 0.95 1.0 0.15 0.05 0.0 0.8 0.9 0.65 0.9 
-0.04360869582430766 0.6391216014240474 0.6333239984212814 0.95 0.45 0.4 0.95 0.1 0.55 0.95 0.8 0.3 0.65 0.95 0.2 0.55 0.7 0.45 0.2 0.7 0.2 0.05 0.35 0.85 0.85 0.5 0.45 0.95 0.8 0.3 0.95 0.95 0.25 0.7 0.35 0.2 0.95 0.85 0.6 
-0.09789323605572234 0.7472130460084536 0.5391230430521091 0.95 0.45 0.5 0.95 0.15 0.6 0.7 0.8 0.7 0.5 0.0 0.2 1.0 0.35 0.05 0.4 0.7 0.3 1.0 0.85 0.75 0.6 0.55 0.5 1.0 0.75 0.3 0.95 0.1 0.25 0.85 0.25 0.95 0.95 1.0 0.7 
-0.061172080974792195 0.6990166888018564 0.6251580703401811 0.8 0.45 0.4 0.95 0.15 0.55 0.95 0.8 0.55 0.45 0.95 0.2 0.9 0.7 0.45 0.2 0.7 0.2 1.0 0.85 0.75 0.35 0.5 0.45 0.95 0.8 0.3 1.0 0.1 0.25 0.7 0.35 0.2 0.95 0.75 0.5 
-0.23515629297673657 0.7373555220879878 0.6086583716227163 0.9 0.45 0.5 1.0 0.15 0.55 0.95 0.8 0.55 0.5 0.95 0.2 0.9 0.2 0.1 0.65 0.7 0.35 1.0 0.85 0.75 0.6 0.5 0.5 1.0 0.8 0.3 0.95 0.1 0.2 0.7 0.3 0.2 0.95 1.0 0.7 
-0.2009212563475827 0.6403901584069183 0.2841042289519792 1.0 0.4 0.65 1.0 0.25 0.75 1.0 0.8 0.15 0.25 0.05 0.2 0.15 0.25 0.6 0.0 0.7 0.35 0.95 0.9 0.15 1.0 0.5 0.45 0.95 0.7 0.3 0.95 0.25 0.65 0.8 0.7 0.45 0.95 0.25 0.05 
-0.013159753697850695 0.7485739889671824 0.5765485499708618 0.95 0.5 0.5 0.95 0.15 0.55 0.95 0.8 0.55 0.5 0.95 0.2 0.9 0.35 0.45 0.2 0.7 0.35 1.0 0.8 0.75 0.6 0.55 0.5 1.0 0.8 0.3 0.95 0.1 0.25 0.7 0.35 0.2 0.95 1.0 0.7 
-0.005698084485916611 0.7465098969266223 0.5821355686174313 0.95 0.5 0.5 0.95 0.15 0.55 0.95 0.8 0.55 0.5 0.95 0.2 0.9 0.35 0.45 0.2 0.7 0.35 0.95 0.8 0.75 0.6 0.55 0.5 1.0 0.8 0.3 0.95 0.1 0.25 0.65 0.35 0.2 0.95 1.0 0.7 
-0.020341738234499585 0.3349503266864524 0.6013111275488383 0.75 0.75 0.75 0.95 0.45 0.45 0.6 1.0 0.55 0.6 0.9 0.3 0.0 0.25 0.6 0.75 0.4 0.1 0.95 0.45 0.35 0.8 1.0 0.45 0.6 0.2 0.85 0.85 0.85 0.3 0.8 0.85 0.3 0.9 1.0 0.6 
-0.030060589401759024 0.7267311112866179 0.6222242294723604 0.95 0.45 0.45 0.95 0.15 0.55 0.95 0.8 0.55 0.5 0.95 0.2 0.9 0.7 0.45 0.2 0.7 0.2 1.0 0.85 0.75 0.6 0.5 0.45 0.95 0.8 0.3 1.0 0.1 0.25 0.7 0.7 0.2 0.95 1.0 0.55 
-0.2231887618295597 0.7488942780851331 0.3859747050588608 0.95 0.45 0.6 0.8 0.15 0.5 0.95 0.8 0.75 0.75 0.1 0.2 0.9 1.0 0.45 0.8 1.0 0.2 0.95 0.85 0.75 0.95 0.5 0.45 0.9 0.8 0.3 0.95 0.1 0.25 0.75 0.0 0.2 0.35 0.6 0.55 
-0.024384170791643674 0.6134881136633618 0.24774668143755935 1.0 0.4 0.65 1.0 0.25 0.75 1.0 0.8 0.15 0.25 0.05 0.2 0.9 0.25 0.6 0.0 0.7 0.35 0.95 0.35 0.15 1.0 0.5 0.45 0.8 0.7 0.3 0.95 0.25 0.65 0.75 0.7 0.6 0.95 0.25 0.05 
-0.1016648933539953 0.3301210037304211 0.358744916067985 0.95 0.65 0.85 0.9 0.45 0.6 0.9 0.95 0.45 0.9 0.1 0.3 0.9 0.25 0.05 0.75 0.4 0.45 0.75 0.45 0.5 0.95 1.0 0.15 0.35 0.35 0.65 0.45 0.8 0.15 0.05 0.85 0.7 0.9 0.05 0.75 
-0.08591152465450008 0.6486227954917572 0.6352035781674691 0.45 0.45 0.45 0.95 0.15 0.55 0.95 0.8 0.7 0.5 0.95 0.2 0.9 0.85 0.45 0.2 0.7 0.2 1.0 0.85 0.75 0.35 0.5 0.45 0.95 0.8 0.3 1.0 0.1 0.25 0.7 0.7 0.2 0.95 1.0 0.55 
-0.05009430117880386 0.2925434431440255 0.537449902551073 0.6 0.75 0.85 0.95 0.45 0.5 0.9 0.95 0.55 0.6 0.0 0.25 0.9 0.25 0.05 0.3 0.4 0.1 0.95 0.45 0.3 0.3 1.0 0.05 0.65 0.25 0.85 0.9 0.5 0.15 0.8 0.3 0.0 0.9 0.55 0.6 
-0.10195708650712983 0.664386938521261 0.2720341127056607 1.0 0.4 0.65 1.0 0.3 0.8 1.0 0.8 0.15 0.25 0.05 0.2 0.9 1.0 0.6 0.7 0.85 0.2 0.8 0.85 0.35 1.0 0.5 0.45 0.95 0.7 0.3 0.95 0.25 0.5 0.75 0.7 0.5 0.25 0.0 0.05 
-0.014514857501197981 0.6314312533222058 0.2596698607617466 1.0 0.4 0.65 1.0 0.25 0.75 1.0 0.8 0.15 0.25 0.05 0.2 0.9 0.25 0.6 0.55 0.7 0.35 0.95 0.35 0.15 0.9 0.5 0.45 0.8 0.7 0.3 0.95 0.25 0.65 0.75 0.7 0.6 0.95 0.25 0.05 
-0.008816942527450706 0.7272886337268756 0.3478369159101249 1.0 0.45 0.5 1.0 0.25 0.55 0.95 0.8 0.3 0.45 1.0 0.2 0.45 0.25 0.1 0.8 0.7 0.9 0.65 0.85 0.8 0.95 0.55 0.45 0.8 0.1 0.65 0.85 0.1 0.25 0.75 0.2 0.2 0.95 1.0 0.8 
-0.05968402439225421 0.30044508577971474 0.552987364660718 0.85 0.85 0.85 0.85 0.5 0.45 0.7 1.0 0.55 0.95 0.0 0.3 0.9 0.8 0.9 0.75 0.8 0.45 0.95 0.45 0.55 0.5 1.0 0.2 0.6 0.25 0.8 0.6 0.6 0.15 0.35 0.9 0.3 0.8 0.55 0.9 
-3.9852428946479725 0.7549313360567191 0.5560148894052919 0.95 0.5 0.5 0.95 0.15 0.55 0.95 0.8 0.4 0.5 0.95 0.2 0.9 0.35 0.45 0.2 0.7 0.35 1.0 0.8 0.75 0.6 0.55 0.5 1.0 0.8 0.3 0.95 0.1 0.25 0.7 0.35 0.2 0.95 0.05 0.7 
-0.08833006680137377 0.513054487577781 0.2517801536179989 1.0 0.45 0.65 1.0 0.3 0.75 1.0 0.8 0.15 0.25 0.05 0.2 0.95 1.0 0.6 0.0 0.7 0.2 0.55 0.3 0.7 1.0 0.5 0.45 0.8 0.7 0.3 0.95 0.25 0.45 0.35 0.7 0.05 0.1 0.55 0.05 
-0.38557795864884353 0.7306337793684696 0.3207110599487627 1.0 0.45 0.65 0.95 0.25 0.55 0.95 0.8 0.35 0.45 0.05 0.2 0.9 0.4 0.1 0.8 0.7 0.45 0.8 0.85 0.7 0.85 0.55 0.45 1.0 0.1 0.65 0.95 0.1 0.25 1.0 0.75 0.15 0.65 0.55 0.55 
-151.02835331176883 0.48198840743181964 0.2741874666983788 1.0 0.45 0.65 1.0 0.3 0.75 1.0 0.8 0.35 0.25 0.05 0.2 0.0 1.0 0.6 0.0 0.7 0.2 0.9 0.35 0.25 1.0 0.5 0.45 0.85 0.7 0.3 1.0 0.25 0.45 0.35 0.55 0.2 0.15 0.55 0.0 
-0.005929702915943493 0.41505715711194124 0.6441723500791283 0.25 0.85 0.85 0.95 0.45 0.5 0.3 0.8 0.55 0.45 0.0 0.25 0.9 0.9 0.05 0.75 0.4 0.65 0.95 0.45 0.5 0.95 1.0 0.45 0.8 0.25 0.8 0.85 0.85 0.3 0.6 1.0 0.5 0.95 0.25 0.45 
-0.015091730306105703 0.3867355493664514 0.645443967576794 0.9 0.35 0.95 0.95 0.45 0.5 0.7 0.6 0.35 0.4 0.0 0.1 0.9 0.95 0.5 0.75 0.6 0.65 0.95 0.45 0.5 0.95 1.0 0.45 0.85 0.25 0.65 0.85 0.85 0.3 0.8 0.3 0.55 0.95 0.85 0.4 
-0.059471712039276564 0.7258792998719719 0.31514729097164695 1.0 0.4 0.65 1.0 0.3 0.8 1.0 0.8 0.15 0.25 0.4 0.2 0.9 1.0 0.6 0.7 0.85 0.2 0.8 0.85 0.7 1.0 0.5 0.45 0.95 0.7 0.3 0.95 0.25 0.5 0.75 0.7 0.2 0.25 0.0 0.05 
-5.997974765305256 0.6660217302664276 0.652724876326853 0.6 0.45 0.5 0.95 0.15 0.55 0.95 0.8 0.6 0.5 0.95 0.2 0.55 0.7 0.45 0.2 0.7 0.2 1.0 0.85 0.75 0.5 0.5 0.45 0.95 0.8 0.3 1.0 0.1 0.25 0.7 0.3 0.3 0.95 1.0 0.55 
-0.6190149991222413 0.7643510847277093 0.45022704906807554 0.95 0.45 0.6 0.95 0.15 0.55 0.95 0.8 0.8 0.75 0.05 0.2 0.9 0.7 0.45 0.8 0.7 0.2 0.95 0.85 0.75 0.85 0.5 0.45 1.0 0.8 0.3 0.95 0.1 0.25 0.75 0.75 0.2 0.95 1.0 0.55 
-0.012501827467472925 0.5419776483425222 0.23873438548824782 1.0 0.45 0.65 1.0 0.3 0.75 1.0 0.8 0.15 0.25 0.05 0.2 0.15 1.0 0.95 0.0 0.45 0.2 0.95 0.6 0.25 1.0 0.5 0.45 0.8 0.7 0.3 0.95 0.25 0.45 0.35 0.7 0.05 1.0 0.55 0.05 
-0.26733350841568854 0.7084617224273723 0.30818555618320387 1.0 0.45 0.75 1.0 0.25 0.55 0.95 0.8 0.25 0.45 1.0 0.2 0.9 0.4 0.1 0.8 0.4 0.9 0.9 0.85 0.7 0.95 0.55 0.45 0.8 0.1 0.65 0.95 0.1 0.25 0.75 0.2 0.2 0.95 1.0 0.55 
-1.2597968607194872 0.7288541439260166 0.630008439435778 0.95 0.45 0.5 0.95 0.15 0.6 0.95 0.8 0.55 0.5 0.95 0.2 1.0 0.35 0.45 0.4 0.7 0.3 1.0 0.85 0.75 0.6 0.55 0.5 0.95 0.8 0.3 0.95 0.1 0.25 0.7 0.25 0.2 0.95 1.0 0.7 
-0.5313511101136694 0.7633444639201314 0.3470762588534841 1.0 0.45 0.25 0.85 0.25 0.55 0.95 0.8 0.35 0.4 0.05 0.2 0.9 0.4 0.1 0.8 0.7 0.45 0.8 0.85 0.7 0.85 0.55 0.45 0.95 0.1 0.65 0.95 0.1 0.25 0.75 0.75 0.15 0.65 1.0 0.55 
-0.02472600592320109 0.33887213746181355 0.6397668535751306 0.95 0.75 0.7 0.95 0.45 0.35 0.5 1.0 0.55 0.6 0.0 0.15 0.5 0.25 0.05 0.75 0.0 1.0 0.9 0.45 0.35 0.8 1.0 0.45 1.0 0.2 0.45 0.75 0.9 0.5 0.8 0.5 0.3 0.15 0.9 0.6 
-152.38440328774743 0.4885432075775081 0.2428769622361367 0.7 0.45 0.7 1.0 0.25 0.75 0.9 0.8 0.15 0.35 0.05 0.2 0.9 1.0 0.6 0.4 0.15 0.75 0.9 0.4 0.45 1.0 0.5 0.45 0.9 0.7 0.3 0.75 0.25 0.25 0.9 0.7 0.05 0.95 0.55 0.9 
-0.02292160212692659 0.6848691259850743 0.6425528582083468 0.8 0.45 0.45 0.95 0.15 0.55 0.95 0.8 0.55 0.5 0.95 0.2 0.9 0.7 0.45 0.2 0.7 0.2 1.0 0.85 0.75 0.35 0.5 0.45 0.95 0.8 0.3 1.0 0.1 0.25 0.7 0.35 0.2 0.95 1.0 0.55 
-150.00141780248148 0.4613916639658954 0.28373174238107746 1.0 0.45 0.65 1.0 0.3 0.75 1.0 0.8 0.35 0.25 0.05 0.2 0.0 1.0 0.6 0.0 0.7 0.2 0.9 0.35 0.25 1.0 0.5 0.45 0.3 0.7 0.3 1.0 0.25 0.45 0.35 0.55 0.2 0.15 0.55 0.8 
-0.001661559995086999 0.46069942801405356 0.6280142271790851 0.7 0.95 0.9 0.95 0.45 0.5 0.25 0.6 0.55 0.45 0.0 0.45 0.9 0.0 0.05 0.75 0.4 0.65 0.95 0.45 0.65 0.95 1.0 0.45 0.85 0.25 0.85 0.85 0.85 0.3 0.8 0.1 0.7 0.95 0.55 0.4 
-0.04684753215024261 0.595223740248553 0.2374568752955264 1.0 0.45 0.25 1.0 0.3 0.75 1.0 0.8 0.15 0.25 0.05 0.2 0.15 1.0 0.95 0.0 0.7 0.2 0.95 0.45 0.25 1.0 0.5 0.45 0.8 0.7 0.3 0.95 0.25 0.45 0.35 0.7 0.05 1.0 0.55 0.05 
-0.08619282382304001 0.6116429319977902 0.6380692824492029 0.3 0.4 0.25 1.0 0.15 0.55 0.95 0.8 0.6 0.5 0.95 0.2 0.9 0.7 0.95 0.2 0.7 0.65 1.0 0.85 0.75 0.35 0.5 0.45 0.95 0.8 0.3 1.0 0.15 0.25 0.7 0.7 0.2 0.95 1.0 0.55 
-0.012566008079038325 0.4556074954557003 0.6387090147075578 0.95 0.95 0.9 0.95 0.45 0.5 0.15 0.7 0.55 0.45 0.0 0.1 0.9 0.0 0.05 0.75 0.4 0.65 0.95 0.45 0.5 0.95 1.0 0.45 0.85 0.25 0.85 0.85 0.85 0.3 0.8 0.3 0.4 0.95 0.55 0.4 
-0.07068449274436374 0.41062069034801185 0.6504228220357654 0.6 0.85 0.85 0.95 0.45 0.5 0.3 0.8 0.55 0.45 0.0 0.25 0.9 0.9 0.05 0.75 0.4 0.65 0.95 0.45 0.5 0.95 1.0 0.45 0.8 0.25 0.8 0.85 0.85 0.3 0.6 1.0 0.5 0.95 0.25 0.45 
-0.04529662240183221 0.2711506367390578 0.49131011685583376 1.0 0.75 0.85 0.95 0.45 0.5 0.9 0.95 0.55 0.6 0.0 0.2 0.9 0.25 0.05 0.75 0.4 0.1 0.85 0.45 0.3 0.3 0.0 0.45 0.7 0.25 0.85 0.9 0.5 0.15 0.8 0.3 0.0 0.9 0.55 0.6 
-0.2442390026697693 0.6090414790731942 0.23370004553543783 1.0 0.45 0.65 1.0 0.3 0.75 1.0 0.8 0.15 0.25 0.05 0.2 0.0 1.0 0.6 0.0 0.7 0.2 0.85 0.35 0.25 1.0 0.5 0.45 0.85 0.7 0.3 1.0 0.25 0.5 0.35 0.55 0.2 0.15 0.55 0.0 
-155.6172608780008 0.4499371148647222 0.26024760715425366 0.95 0.45 0.6 1.0 0.3 0.75 1.0 0.8 0.15 0.45 0.05 0.2 1.0 0.8 0.6 0.85 0.7 0.2 0.95 0.4 0.25 1.0 0.5 0.45 0.85 0.7 0.3 0.7 0.25 0.3 0.35 0.55 0.05 0.15 0.55 0.5 
-161.89283331088583 0.3962776093101996 0.2940974883830575 1.0 0.45 0.65 1.0 0.25 0.75 1.0 0.8 0.15 0.35 0.05 0.2 0.9 1.0 0.6 0.4 0.15 0.2 0.95 0.4 0.75 1.0 0.5 0.45 0.9 0.7 0.2 0.75 0.25 0.3 0.9 0.7 0.05 0.95 0.55 0.4 
-0.04432824297266362 0.27469595316437556 0.49776052765499107 1.0 0.75 0.85 0.95 0.45 0.5 0.9 0.95 0.55 0.6 0.0 0.2 0.9 0.25 0.05 0.75 0.4 0.1 0.85 0.45 0.3 0.3 1.0 0.45 0.7 0.25 0.85 0.9 0.5 0.15 0.8 0.3 0.0 0.9 0.55 0.6 
-0.05348547066432065 0.29761016395311657 0.3988142765271577 0.85 0.65 0.85 0.8 0.45 0.6 0.9 0.9 0.45 0.5 0.1 0.4 0.9 0.9 0.9 0.75 0.4 0.45 1.0 0.45 0.25 0.9 1.0 0.15 0.1 0.45 0.6 0.95 1.0 0.15 0.05 0.0 0.7 0.9 0.15 0.75 
-2.936117593587171 0.7569885138880512 0.5803517628786818 1.0 0.45 0.5 1.0 0.15 0.55 0.95 0.8 0.55 0.5 0.95 0.2 0.9 0.0 0.45 0.2 0.7 0.35 1.0 0.85 0.75 0.6 0.55 0.5 1.0 0.8 0.35 0.95 0.1 0.25 0.7 0.6 0.2 0.95 1.0 0.7 
-0.17501100594351948 0.5374487030442906 0.236554745462297 1.0 0.45 0.65 1.0 0.3 0.75 1.0 0.8 0.15 0.25 0.05 0.2 0.0 1.0 0.6 0.0 0.7 0.2 0.85 0.35 0.25 1.0 0.5 0.45 0.85 0.7 0.2 1.0 0.25 0.45 0.35 0.55 0.2 0.15 0.55 0.0 
-0.03263869435417808 0.5646997032211518 0.2268248511398983 1.0 0.45 0.65 1.0 0.3 0.75 1.0 0.8 0.15 0.25 0.05 0.2 0.65 1.0 0.95 0.0 0.7 0.2 0.95 0.45 0.2 1.0 0.5 0.45 0.75 0.7 0.3 0.85 0.25 0.45 0.15 0.7 0.05 1.0 0.55 0.05 
-161.81815598413107 0.43602403492342806 0.25816305757045155 1.0 0.45 0.65 1.0 0.25 0.75 1.0 0.8 0.15 0.35 0.05 0.2 0.9 1.0 0.6 0.4 0.15 0.2 0.85 0.4 0.6 1.0 0.5 0.45 0.9 0.7 0.3 0.6 0.25 0.3 0.9 0.7 0.05 0.95 0.55 0.4 
-2.3294307519873527 0.2654203876332878 0.5252159548413528 1.0 0.75 0.85 0.95 0.45 0.5 0.9 0.95 0.55 0.6 0.0 0.25 0.9 0.25 0.05 0.75 0.4 0.1 0.95 0.45 0.3 0.25 0.35 0.45 0.7 0.25 0.85 0.9 0.5 0.15 0.05 0.0 0.0 0.9 0.55 0.6 
-156.97156968566443 0.43395969474012414 0.2643198213886727 1.0 0.5 0.65 1.0 0.3 0.75 1.0 0.8 0.15 0.4 0.05 0.2 1.0 0.8 0.6 0.65 0.7 0.2 0.95 0.35 0.25 1.0 0.5 0.45 0.85 0.7 0.3 0.65 0.25 0.3 0.35 0.85 0.05 0.15 0.55 0.5 
-155.68643875055562 0.3727614290668893 0.31010151499085337 1.0 0.45 0.65 1.0 0.25 0.75 1.0 0.8 0.15 0.35 0.05 0.2 0.6 0.35 0.55 0.4 0.15 0.2 0.95 0.1 0.35 1.0 0.5 0.45 0.9 0.7 0.3 0.75 0.25 0.3 0.9 0.55 0.05 0.95 1.0 0.4 
-0.06213825225367977 0.3321192747465014 0.6235861205430399 0.7 0.75 0.75 0.95 0.45 0.45 0.6 1.0 0.55 0.6 0.95 0.25 0.9 0.25 0.6 0.75 0.4 0.1 0.95 0.45 0.35 0.8 1.0 0.45 0.6 0.2 0.5 0.85 0.85 0.3 0.8 0.85 0.3 0.9 0.55 0.6 
-157.1171888274396 0.41564161139997513 0.28996221355612395 1.0 0.5 0.7 1.0 0.3 0.75 1.0 0.8 0.15 0.25 0.05 0.2 1.0 0.45 0.6 0.0 0.7 0.2 0.95 0.4 0.55 1.0 0.5 0.45 0.85 0.7 0.3 0.7 0.25 0.3 0.35 0.55 0.05 0.15 0.55 0.5 
-9.19691712210081 0.6514614755074626 0.6531581797626737 0.95 0.5 0.5 0.95 0.15 0.55 0.95 0.8 0.55 0.7 0.95 0.2 0.9 0.35 0.45 0.2 0.7 0.6 1.0 0.8 0.75 0.6 0.55 0.5 1.0 0.8 0.3 0.95 0.1 0.25 0.7 0.35 0.4 0.6 1.0 0.7 
-0.17139777582979415 0.7125328310595307 0.6296161818362311 0.8 0.45 0.5 0.95 0.15 0.55 0.95 0.8 0.6 0.5 0.95 0.2 0.9 0.7 0.45 0.2 0.7 0.2 1.0 0.85 0.75 0.5 0.5 0.45 0.95 0.8 0.3 1.0 0.1 0.25 0.7 0.35 0.3 0.95 1.0 0.55 
-0.31132839572840426 0.6345732479372039 0.23770810891083144 1.0 0.4 0.65 1.0 0.25 0.75 1.0 0.8 0.15 0.25 0.05 0.2 0.9 0.25 0.6 0.0 0.7 0.35 0.95 0.35 0.15 1.0 0.5 0.45 0.95 0.7 0.3 0.95 0.25 0.65 0.75 0.7 0.6 0.95 0.25 0.05 
-0.13605313390523163 0.7594757494190219 0.4081063501109892 0.95 0.45 0.6 0.95 0.15 0.5 0.95 0.8 0.8 0.75 0.05 0.2 0.9 0.7 0.45 0.8 0.7 0.2 0.95 0.85 0.75 0.85 0.5 0.45 0.95 0.8 0.3 0.95 0.1 0.25 0.5 0.75 0.2 0.95 1.0 0.55 
-0.003917414383175198 0.46593293080903153 0.6351825104139129 0.95 0.95 0.9 0.95 0.45 0.5 0.1 0.6 0.55 0.45 0.0 0.1 0.9 0.0 0.05 0.75 0.4 0.65 0.95 0.45 0.5 0.95 1.0 0.45 0.85 0.25 0.85 0.8 0.85 0.3 0.8 0.3 0.15 0.95 0.55 0.4 
-0.033332044311456935 0.3147779832834159 0.6081426032698681 0.7 0.75 0.75 0.95 0.45 0.45 0.6 1.0 0.55 0.6 0.95 0.25 0.9 0.25 0.6 0.75 0.4 0.1 0.95 0.45 0.35 0.8 1.0 0.45 0.6 0.2 0.85 0.85 0.85 0.3 0.8 0.85 0.3 0.9 0.55 0.6 
-0.022858556443504242 0.42361027732364004 0.6621529205019145 0.95 0.95 0.9 0.95 0.45 0.5 0.5 0.6 0.35 0.45 0.0 0.45 0.9 0.0 0.05 0.75 0.4 0.65 0.95 0.45 0.5 0.95 1.0 0.45 0.85 0.25 0.65 0.85 0.85 0.3 0.8 0.3 0.55 0.95 0.85 0.4 
-2.587596002686348 0.6604784495926324 0.2486465039825403 1.0 0.4 0.65 1.0 0.3 0.8 1.0 0.8 0.7 0.25 0.05 0.2 0.95 0.95 0.4 0.7 0.8 0.65 1.0 0.8 0.7 0.95 0.5 0.45 1.0 0.7 0.3 0.6 0.05 0.15 0.75 0.3 0.3 0.95 0.0 0.65 
-0.0576282251715243 0.5384693460997092 0.21219339623065353 1.0 0.5 0.65 1.0 0.3 0.75 1.0 0.8 0.15 0.25 0.05 0.2 0.45 1.0 0.6 0.7 0.15 1.0 0.95 0.4 0.25 1.0 0.5 0.45 0.9 0.7 0.35 0.9 0.25 0.55 0.85 0.7 0.4 0.0 0.55 0.8 
-6.202640002295578 0.6994770855429642 0.2588592126960815 1.0 0.4 0.65 1.0 0.3 0.8 1.0 0.8 0.15 0.25 0.05 0.2 0.9 1.0 0.6 0.7 0.85 0.2 0.8 0.85 0.7 1.0 0.5 0.45 0.95 0.7 0.3 0.95 0.25 0.5 0.75 0.7 0.5 0.25 0.0 0.05 
-16.923089084013213 0.6722023801659903 0.22413376457084289 1.0 0.45 0.55 1.0 0.3 0.8 1.0 0.8 0.15 0.25 0.0 0.2 0.45 1.0 0.6 0.7 0.15 0.35 0.7 0.4 0.25 1.0 0.5 0.45 0.9 0.7 0.3 0.8 0.25 0.7 0.85 0.0 0.05 0.95 0.55 0.8 
-0.11607846303609977 0.6855189348798125 0.27785844366215595 0.95 0.4 0.65 1.0 0.3 0.8 1.0 0.8 0.15 0.25 0.05 0.2 0.9 1.0 0.6 0.7 0.8 0.65 0.95 0.8 0.7 1.0 0.5 0.45 1.0 0.7 0.3 0.9 0.05 0.35 0.75 0.7 0.05 0.95 0.0 0.05 
-0.19336645191964955 0.32895705194088753 0.6552156019622946 0.95 0.75 0.7 0.95 0.45 0.35 0.5 0.95 0.55 0.6 0.0 0.2 0.5 0.6 0.05 0.75 0.0 1.0 1.0 0.45 0.35 0.95 1.0 0.45 1.0 0.2 0.65 0.8 0.9 0.5 0.8 0.5 0.3 0.15 0.9 0.6 
-0.034348586111506096 0.5663385921266262 0.22141082681477253 1.0 0.45 0.65 1.0 0.3 0.75 1.0 0.8 0.15 0.25 0.05 0.2 0.65 1.0 0.95 0.0 0.7 0.2 0.95 0.45 0.2 1.0 0.5 0.45 0.8 0.7 0.3 0.95 0.25 0.45 0.35 0.7 0.05 1.0 0.55 0.05 
-6.359322002709392 0.7218684999575191 0.2954225078868974 1.0 0.4 0.65 1.0 0.25 0.75 1.0 0.8 0.15 0.25 1.0 0.2 0.9 0.6 0.6 0.25 0.7 0.35 0.95 0.75 0.6 1.0 0.5 0.45 1.0 0.7 0.3 0.95 0.25 0.3 0.95 0.2 0.6 0.55 0.55 1.0 
-0.023392193797263795 0.39067805511772286 0.6758038129975044 0.9 0.75 0.7 0.95 0.45 0.5 0.55 1.0 0.55 0.6 0.0 0.25 0.9 0.25 0.15 0.75 0.0 0.1 0.85 0.45 0.15 0.6 1.0 0.45 0.95 0.2 0.25 0.85 0.9 0.5 0.8 0.35 0.3 0.3 0.0 0.45 
-11.800314747944254 0.7269856967825663 0.26521171598667204 1.0 0.4 0.65 1.0 0.3 0.8 1.0 0.8 0.15 0.25 0.05 0.2 0.95 1.0 0.6 0.7 0.8 0.65 0.7 0.8 0.7 1.0 0.5 0.45 1.0 0.7 0.3 0.55 0.05 0.3 0.75 0.7 0.05 0.95 0.0 0.05 
-0.016410575065510587 0.3641418268526644 0.6521343238766469 0.55 0.75 0.7 0.95 0.45 0.5 0.65 1.0 0.55 0.6 0.0 0.25 0.9 0.35 0.05 0.75 0.0 0.1 0.85 0.45 0.35 0.7 1.0 0.45 0.5 0.15 0.25 0.85 0.9 0.35 0.8 0.5 0.3 0.9 0.0 0.2 
-158.62903716304766 0.36250202615995997 0.30027034563079047 1.0 0.45 0.65 1.0 0.25 0.75 1.0 0.8 0.15 0.35 0.05 0.2 0.6 0.35 0.55 0.4 0.15 0.2 0.95 0.1 0.6 1.0 0.5 0.45 0.9 0.7 0.3 0.75 0.25 0.3 0.9 0.55 0.05 0.95 1.0 0.4 
-0.12092818217662402 0.26377101610842835 0.49641873982188267 1.0 0.75 0.85 0.95 0.45 0.5 0.9 0.95 0.55 0.75 0.0 0.25 0.9 0.4 0.05 0.75 0.4 0.1 0.95 0.45 0.3 0.3 0.55 0.05 0.65 0.25 0.85 0.9 0.5 0.15 0.8 0.3 0.0 0.9 0.0 0.6 
-3.594194940275533 0.5786631722566901 0.19173133507832213 1.0 0.5 0.65 1.0 0.3 0.75 1.0 0.8 0.15 0.25 0.05 0.2 0.45 1.0 0.6 0.7 0.9 0.2 0.95 0.4 0.25 1.0 0.5 0.45 0.85 0.7 0.3 0.9 0.25 0.7 0.8 0.0 0.05 0.0 0.55 0.2 
-0.7222553384875389 0.6992774344012382 0.2796165316716419 1.0 0.4 0.65 1.0 0.3 0.8 1.0 0.8 0.15 0.25 0.05 0.2 0.9 1.0 0.6 0.7 0.8 0.65 0.95 0.8 0.7 1.0 0.5 0.45 1.0 0.7 0.3 0.9 0.05 0.3 0.75 0.7 0.05 0.95 0.0 0.05 
-1.394928708034484 0.7673566650245354 0.4189694829571912 0.95 0.5 0.5 0.95 0.15 0.55 0.95 0.8 0.3 0.5 1.0 0.2 0.9 0.35 0.45 0.2 0.7 0.35 1.0 0.8 0.75 0.6 0.55 0.5 1.0 0.8 0.3 0.95 0.1 0.25 0.7 0.35 0.2 0.95 1.0 0.7 
-13.131677489889098 0.74013258774253 0.2797295164617991 1.0 0.4 0.65 1.0 0.3 0.8 1.0 0.8 0.15 0.25 0.05 0.2 0.95 1.0 0.6 0.7 0.8 0.65 0.7 0.8 0.7 1.0 0.5 0.45 1.0 0.7 0.3 0.55 0.05 0.25 0.75 0.7 0.05 0.95 0.0 0.05 
-0.006727169062166389 0.26891024009959263 0.44596761763636916 1.0 0.75 0.85 0.75 0.4 0.5 1.0 0.95 0.55 0.8 0.0 0.2 0.9 0.25 0.05 0.75 0.0 0.3 0.85 0.45 0.3 0.3 0.0 0.55 0.7 0.25 0.85 0.9 0.5 0.15 0.8 0.3 0.0 0.85 0.55 0.6 
-0.42738150411641196 0.3716066489871006 0.6707954419679997 0.7 0.75 0.7 0.95 0.45 0.5 0.6 1.0 0.55 0.6 0.0 0.25 0.9 0.25 0.05 0.75 0.0 0.45 0.95 0.45 0.45 0.7 1.0 0.45 0.45 0.2 0.6 0.85 0.9 0.5 0.9 0.5 0.3 0.3 0.15 0.2 
-7.916697719025002 0.5937830903405394 0.18396438941444188 1.0 0.5 0.65 1.0 0.3 0.75 1.0 0.8 0.15 0.25 0.05 0.2 0.45 1.0 0.6 0.7 0.15 0.2 1.0 0.4 0.25 1.0 0.5 0.45 0.9 0.7 0.3 0.8 0.25 0.7 0.85 0.0 0.05 0.0 0.55 0.8 
-6.658490891106695 0.7734750301846314 0.5183881953748843 0.95 0.5 0.1 0.95 0.15 0.55 0.95 0.8 0.3 0.5 0.95 0.2 0.9 0.35 0.45 0.2 0.7 0.35 0.85 0.8 0.75 0.6 0.55 0.5 1.0 0.8 0.3 0.95 0.1 0.25 0.7 0.35 0.2 0.95 1.0 0.7 
-0.07066512309003602 0.39930578067537126 0.6838813251414095 0.9 0.75 0.7 0.95 0.45 0.5 0.55 1.0 0.55 0.6 0.0 0.15 0.9 0.25 0.15 0.75 0.0 0.1 0.85 0.45 0.15 0.6 1.0 0.45 0.95 0.2 0.25 0.85 0.9 0.5 0.8 0.35 0.3 0.3 0.0 0.45 
-0.0877252464335332 0.30324032603833484 0.6119844697929026 0.9 0.75 0.7 0.95 0.45 0.5 0.9 1.0 0.55 0.6 0.0 0.2 0.9 0.25 0.95 0.75 0.0 0.45 0.9 0.45 0.35 0.8 1.0 0.45 0.6 0.2 0.8 0.85 0.9 0.4 0.8 0.5 0.3 0.9 0.0 0.6 
-0.47743464789410534 0.596386709374751 0.21266506752944803 1.0 0.5 0.65 1.0 0.3 0.75 1.0 0.8 0.15 0.25 0.05 0.2 0.45 1.0 0.6 0.7 0.15 0.2 0.95 0.4 0.25 1.0 0.5 0.45 0.9 0.7 0.3 0.9 0.25 0.55 0.85 0.0 0.05 0.0 0.55 0.8 
-23.59426284685938 0.7348612363528346 0.2529971965340698 1.0 0.4 0.65 1.0 0.3 0.8 1.0 0.8 0.15 0.25 0.05 0.2 0.95 1.0 0.95 0.7 0.8 0.7 0.95 0.8 0.7 0.95 0.5 0.45 1.0 0.7 0.3 0.6 0.05 0.55 0.75 0.1 0.05 0.95 0.5 0.65 
-9.593901843874841 0.7773224627260278 0.5552430331003367 0.95 0.5 0.1 0.95 0.15 0.55 0.95 0.8 0.3 0.5 0.95 0.2 0.9 0.35 0.45 0.2 0.7 0.35 1.0 0.8 0.75 0.6 0.55 0.5 1.0 0.8 0.3 0.95 0.1 0.25 0.7 0.35 0.2 0.95 1.0 0.7 
-0.18066166031123262 0.3077629076597974 0.6047398864527072 1.0 0.75 0.7 0.95 0.45 0.5 0.9 1.0 0.55 0.6 0.0 0.25 0.9 0.25 0.05 0.75 0.0 0.45 0.9 0.45 0.35 0.8 1.0 0.45 0.6 0.2 0.8 0.85 0.9 0.5 0.8 0.5 0.3 0.9 0.0 0.6 
-1.590294952658532 0.5470747194050035 0.20006338219622205 1.0 0.5 0.65 1.0 0.3 0.75 1.0 0.8 0.15 0.25 0.05 0.2 0.45 1.0 0.6 0.7 0.15 0.2 0.95 0.4 0.25 1.0 0.5 0.45 0.75 0.7 0.3 0.85 0.25 0.7 0.45 0.0 0.05 0.0 0.55 0.8 
-0.15796867263235176 0.31355690057080876 0.6593164538568012 0.95 0.75 0.7 0.95 0.45 0.35 0.5 0.95 0.55 0.6 0.0 0.2 0.5 0.6 0.05 0.75 0.0 1.0 1.0 0.45 0.35 0.95 1.0 0.45 1.0 0.2 0.65 0.85 0.9 0.5 0.8 0.5 0.3 0.15 0.9 0.6 
-0.36057173021353284 0.3068153941503289 0.6421136395243755 0.95 0.75 0.7 0.95 0.45 0.35 0.5 1.0 0.55 0.6 0.0 0.15 0.5 0.25 0.05 0.75 0.0 1.0 1.0 0.45 0.35 0.8 1.0 0.45 1.0 0.2 0.45 0.85 0.9 0.6 0.8 0.5 0.3 0.15 0.9 0.6 
-2.561635351366895 0.630712548765092 0.2194119220768413 1.0 0.4 0.6 1.0 0.25 0.75 1.0 0.8 0.15 0.25 0.05 0.2 0.15 0.25 0.6 0.0 0.2 0.35 0.9 0.35 0.15 1.0 0.5 0.45 0.95 0.7 0.3 0.6 0.25 0.65 0.8 0.7 0.6 0.95 0.25 0.05 
-159.00275596046893 0.3959943579183288 0.27725606550073656 0.95 0.45 0.65 0.95 0.3 0.75 0.95 0.8 0.15 0.3 0.05 0.2 0.9 0.25 0.95 0.1 0.1 0.7 0.95 0.3 0.15 0.95 0.5 0.45 0.6 0.9 0.45 0.85 0.3 0.25 0.3 0.75 0.6 0.95 1.0 0.55 
-13.688416388475712 0.7487739101615484 0.3075007687883221 1.0 0.4 0.65 1.0 0.3 0.8 1.0 0.8 0.15 0.25 0.05 0.2 0.95 0.95 0.4 0.7 0.8 0.65 1.0 0.8 0.7 0.95 0.5 0.45 1.0 0.7 0.3 0.6 0.05 0.15 0.75 0.3 0.25 0.95 0.0 0.65 
-9.725484181921736 0.6332243715722992 0.20283011743665513 1.0 0.45 0.65 1.0 0.3 0.75 1.0 0.8 0.15 0.25 0.05 0.2 1.0 1.0 0.6 0.0 0.7 0.2 0.95 0.4 0.25 1.0 0.5 0.45 0.85 0.7 0.3 0.7 0.25 0.45 0.35 0.55 0.05 0.15 0.55 0.0 
-1.7183687958117813 0.4113538142849602 0.6725407828022953 0.9 0.75 0.7 0.95 0.45 0.5 0.55 1.0 0.55 0.6 0.0 0.15 0.9 0.45 0.15 0.75 0.0 0.1 0.85 0.45 0.15 0.6 1.0 0.45 0.95 0.2 0.25 0.7 0.9 0.5 0.8 0.35 0.3 0.3 0.0 0.45 
-1.3359277737497801 0.5044075472892624 0.22691704352828407 1.0 0.45 0.65 1.0 0.25 0.75 1.0 0.8 0.15 0.25 0.05 0.2 0.9 0.6 0.95 0.0 0.7 0.2 0.55 0.9 0.05 0.95 0.5 0.45 0.8 0.7 0.3 0.95 0.25 0.45 0.75 0.7 0.05 0.95 0.55 0.05 
-0.1205241433207707 0.5344711307126708 0.20893733341803827 1.0 0.5 0.65 1.0 0.3 0.75 1.0 0.8 0.15 0.25 0.1 0.2 0.45 1.0 0.6 0.1 0.15 0.2 0.95 0.4 0.25 1.0 0.5 0.45 0.9 0.7 0.3 0.85 0.25 0.7 0.85 0.0 0.05 0.0 0.55 0.2 
-9.310010750594676 0.5526169535103832 0.640649820929675 0.2 0.45 0.45 0.95 0.15 0.55 0.95 0.8 0.05 0.5 0.95 0.2 0.9 0.7 0.45 0.2 0.7 0.75 1.0 0.85 0.75 0.35 0.5 0.45 0.85 0.9 0.3 1.0 0.1 0.25 0.7 0.1 0.15 0.95 1.0 0.65 
-9.860299723589634 0.6617160586537361 0.22696700743136566 1.0 0.4 0.65 1.0 0.25 0.75 1.0 0.8 0.15 0.25 0.05 0.2 0.9 0.6 0.6 0.25 0.7 0.35 0.95 0.75 0.65 1.0 0.5 0.45 1.0 0.7 0.3 0.95 0.25 0.3 0.95 0.2 0.6 0.55 0.55 1.0 
-0.08157560222298882 0.320607178453885 0.6593137196374134 0.95 0.75 0.7 0.95 0.45 0.35 0.5 0.95 0.55 0.6 0.0 0.15 0.5 0.6 0.05 0.75 0.0 1.0 1.0 0.45 0.35 0.95 1.0 0.45 1.0 0.2 0.65 0.85 0.9 0.5 0.8 0.5 0.3 0.15 0.9 0.6 
-1.6860469208997924 0.5199035969028464 0.2123881335546905 1.0 0.5 0.65 1.0 0.3 0.75 1.0 0.8 0.15 0.25 0.1 0.2 0.45 1.0 0.6 0.7 0.15 0.2 0.95 0.4 0.25 1.0 0.5 0.45 0.9 0.7 0.3 0.9 0.25 0.7 0.85 0.0 0.05 0.0 0.55 0.2 
-6.036740682342819 0.7591090350743652 0.33710600790691325 1.0 0.45 0.25 0.9 0.25 0.55 0.95 0.8 0.35 0.4 0.05 0.2 0.9 0.4 0.1 0.8 0.7 0.45 0.8 0.85 0.7 0.85 0.55 0.45 0.95 0.1 0.65 0.95 0.1 0.25 0.75 0.75 0.15 0.65 1.0 0.55 
-157.96286665584668 0.46493450609715425 0.22282609410347975 0.85 0.45 0.65 0.9 0.25 0.75 1.0 0.8 0.15 0.35 0.1 0.2 0.9 1.0 0.1 0.3 0.15 0.95 0.95 0.4 0.6 1.0 0.5 0.45 0.9 0.7 0.3 0.75 0.25 0.3 0.9 0.7 0.05 0.95 0.55 0.4 
-0.10243232922013402 0.3443897212404482 0.6728509683280848 0.95 0.75 0.7 0.95 0.45 0.35 0.5 1.0 0.55 0.6 0.95 0.15 0.5 0.25 0.05 0.75 0.0 1.0 0.95 0.45 0.35 0.8 1.0 0.45 0.9 0.2 0.45 0.85 0.9 0.5 0.8 0.5 0.3 0.15 0.9 0.6 
-2.6909719980248106 0.3444018990947485 0.6929108133543761 0.95 0.75 0.7 0.95 0.45 0.35 0.5 1.0 0.55 0.6 0.7 0.0 0.5 0.25 0.05 0.75 0.0 1.0 1.0 0.45 0.35 0.85 1.0 0.45 1.0 0.2 0.45 0.85 0.9 0.6 0.8 0.5 0.3 0.15 0.9 0.6 
-157.17784914751695 0.4768293241998721 0.2349544988259148 1.0 0.5 0.65 1.0 0.3 0.75 1.0 0.8 0.15 0.4 0.05 0.2 1.0 0.8 0.6 0.65 0.7 0.2 0.95 0.4 0.25 1.0 0.5 0.45 0.85 0.7 0.3 0.65 0.25 0.3 0.35 0.85 0.05 0.15 0.55 0.5 
-23.14764040180485 0.6988372935576191 0.23066108784338052 1.0 0.45 0.55 1.0 0.3 0.8 1.0 0.8 0.15 0.25 0.0 0.2 0.45 1.0 0.6 0.7 0.15 0.35 0.95 0.4 0.25 1.0 0.5 0.45 0.9 0.7 0.3 0.8 0.25 0.7 0.85 0.0 0.05 0.95 0.55 0.8 
-9.147869573121657 0.4822857357085353 0.6412096539573353 0.9 0.75 0.65 0.95 0.45 0.5 0.6 1.0 0.55 0.6 0.0 0.25 0.9 0.25 0.5 0.85 0.0 0.1 0.85 0.45 0.15 0.3 1.0 0.45 0.85 0.2 0.45 0.85 0.9 0.5 0.8 0.35 0.3 0.3 0.0 0.45 
-0.2746530374664519 0.28638527930681024 0.5686530057812577 0.8 0.75 0.75 0.95 0.45 0.35 0.9 1.0 0.55 0.6 0.0 0.15 0.05 0.25 0.05 0.75 0.0 1.0 0.9 0.45 0.35 0.95 1.0 0.45 0.95 0.2 0.7 0.85 0.95 0.4 0.8 0.5 0.3 0.9 0.25 0.6 
-6.59581291682914 0.5268738430530118 0.1910095233630172 1.0 0.45 0.65 1.0 0.3 0.75 1.0 0.8 0.15 0.25 0.05 0.2 0.15 0.5 0.6 0.05 1.0 0.2 0.9 0.35 0.25 1.0 0.5 0.45 0.85 0.7 0.25 1.0 0.25 0.7 0.65 0.7 0.05 1.0 1.0 0.05 
-163.35157789354878 0.44697573452540984 0.21902801757129803 1.0 0.4 0.65 1.0 0.25 0.75 1.0 0.8 0.15 0.35 0.05 0.2 0.9 1.0 0.6 0.4 0.15 0.2 0.65 0.4 0.75 1.0 0.5 0.45 1.0 0.7 0.3 0.75 0.25 0.3 0.9 0.7 1.0 0.95 0.55 0.4 
-1.1755893214263937 0.2795703827075666 0.6090806639523865 0.8 0.75 0.7 0.95 0.45 0.45 0.9 1.0 0.55 0.6 0.0 0.25 0.05 0.25 0.05 0.75 0.0 1.0 0.9 0.45 0.35 0.8 1.0 0.45 0.95 0.2 0.45 0.85 0.9 0.4 0.8 0.5 0.55 0.9 0.25 0.6 
-15.956403560439464 0.7554745065828685 0.2701731402051789 1.0 0.4 0.65 1.0 0.3 0.8 1.0 0.8 0.15 0.25 0.05 0.2 0.95 1.0 0.6 0.7 0.8 0.65 0.95 0.8 0.7 1.0 0.5 0.45 1.0 0.7 0.3 0.55 0.05 0.3 0.75 0.7 0.05 0.95 0.0 0.05 
-159.902084210806 0.39235230586795833 0.27722760111875155 1.0 0.45 0.65 1.0 0.25 0.75 1.0 0.8 0.15 0.35 0.05 0.2 0.9 1.0 0.6 0.4 0.15 0.2 0.95 0.4 0.6 1.0 0.5 0.45 0.9 0.7 0.3 0.6 0.25 0.3 0.9 0.7 0.05 0.95 0.55 0.4 
-15.820126359961751 0.7198964793567543 0.247281496862016 1.0 0.4 0.65 1.0 0.3 0.8 1.0 0.8 0.15 0.25 0.05 0.2 0.95 1.0 0.95 0.7 0.8 0.7 0.95 0.8 0.7 0.95 0.5 0.45 1.0 0.7 0.3 0.6 0.05 0.35 0.75 0.8 0.05 0.95 0.0 0.65 
-162.24277403011047 0.4120493784943312 0.2528333279324091 1.0 0.45 0.65 1.0 0.25 0.75 1.0 0.8 0.15 0.35 0.05 0.2 0.9 1.0 0.6 0.4 0.15 0.2 0.95 0.35 0.6 1.0 0.5 0.45 0.9 0.7 0.3 0.6 0.25 0.3 0.9 0.7 0.05 0.95 0.55 0.4 
-159.53398200646203 0.4967042057815068 0.2159694598933758 0.85 0.5 0.65 0.9 0.25 0.75 1.0 0.8 0.15 0.35 0.1 0.2 0.9 1.0 0.1 0.3 0.4 0.4 0.95 0.4 0.6 1.0 0.5 0.45 0.9 0.7 0.3 0.75 0.25 0.3 0.9 0.7 0.05 0.95 0.55 0.4 
-158.22605239538163 0.4698252428356352 0.19389440329789293 1.0 0.45 0.7 1.0 0.25 0.75 0.95 0.8 0.15 0.35 0.05 0.2 0.9 1.0 0.6 0.4 0.15 0.75 0.9 0.4 0.45 1.0 0.5 0.45 0.95 0.7 0.3 0.75 0.25 0.25 0.9 0.7 0.15 0.95 0.55 0.9 
-162.953873768524 0.41599777928339526 0.22829959774511666 1.0 0.4 0.65 1.0 0.25 0.75 1.0 0.8 0.15 0.35 0.05 0.2 0.9 1.0 0.6 0.4 0.15 0.2 0.95 0.4 0.75 1.0 0.5 0.45 1.0 0.7 0.3 0.75 0.25 0.3 0.9 0.7 1.0 0.95 0.55 0.4 
-0.04123215642863634 0.2890133103009612 0.5780522324725573 0.8 0.75 0.7 0.95 0.45 0.45 0.9 1.0 0.55 0.6 0.0 0.25 0.05 0.25 0.05 0.75 0.0 1.0 0.9 0.45 0.35 0.8 1.0 0.45 0.9 0.2 0.7 0.85 0.9 0.4 0.8 0.5 0.55 0.9 0.25 0.6 
-171.33531114345683 0.37298528391606706 0.27905045442372634 1.0 0.45 0.65 1.0 0.25 0.75 1.0 0.8 0.15 0.35 0.05 0.2 0.9 1.0 0.6 0.4 0.15 0.2 0.95 0.4 0.6 1.0 0.5 0.45 0.9 0.75 0.3 0.75 0.25 0.3 0.9 0.7 0.05 0.95 0.55 0.4 
-158.76605739525738 0.4874530328998644 0.19900949319225014 1.0 0.45 0.7 1.0 0.25 0.75 0.95 0.8 0.15 0.35 0.05 0.2 0.9 1.0 0.6 0.4 0.15 0.75 0.9 0.95 0.95 1.0 0.5 0.45 0.95 0.7 0.3 0.75 0.25 0.25 0.9 0.7 0.15 0.95 0.55 0.9 
-163.33411197887222 0.4110576387708524 0.23299182885077396 1.0 0.45 0.65 1.0 0.25 0.75 1.0 0.8 0.15 0.35 0.05 0.2 0.9 1.0 0.6 0.95 0.75 0.2 0.95 0.4 0.6 1.0 0.5 0.45 0.9 0.7 0.3 0.9 0.25 0.3 0.9 0.7 0.05 0.0 0.55 0.4 
-15.709760433125085 0.6426977381976141 0.17678737061981858 1.0 0.45 0.65 1.0 0.3 0.8 1.0 0.8 0.15 0.25 0.05 0.2 0.45 1.0 0.6 0.7 0.15 0.2 0.95 0.4 0.25 1.0 0.5 0.45 0.8 0.7 0.3 0.8 0.25 0.7 0.85 0.0 0.05 0.65 0.55 0.8 
-158.83210076755392 0.43727453452505116 0.2121836085720819 1.0 0.45 0.7 1.0 0.25 0.75 0.95 0.8 0.15 0.35 0.05 0.2 0.9 1.0 0.6 0.4 0.15 0.75 0.9 0.4 0.45 1.0 0.5 0.45 0.9 0.7 0.3 0.75 0.25 0.25 0.9 0.7 0.15 0.95 0.55 0.9 
-14.184551534116501 0.659666521977796 0.19773995970970848 1.0 0.45 0.65 1.0 0.3 0.8 1.0 0.8 0.15 0.25 0.05 0.2 1.0 1.0 0.6 0.0 0.7 0.2 0.95 0.4 0.25 1.0 0.5 0.45 0.85 0.7 0.3 0.8 0.25 0.45 0.35 0.55 0.05 0.15 0.55 0.0 
-160.22542068880736 0.454722037470089 0.1950183558147609 1.0 0.45 0.65 1.0 0.25 0.75 0.9 0.8 0.15 0.35 0.05 0.2 0.9 1.0 0.6 0.4 0.15 0.2 0.95 0.4 0.6 1.0 0.5 0.45 0.9 0.7 0.3 0.75 0.25 0.3 0.55 0.7 0.05 0.95 0.55 0.4 
-13.392141828475118 0.632912959967227 0.18165473531279092 1.0 0.45 0.65 1.0 0.3 0.8 1.0 0.8 0.15 0.25 0.05 0.2 0.45 1.0 0.6 0.75 0.15 0.2 0.95 0.4 0.25 1.0 0.5 0.45 0.9 0.7 0.3 0.85 0.25 0.7 0.85 0.0 0.05 0.95 0.55 0.8 
-0.6011489496339351 0.2611488779976052 0.502194648345957 1.0 0.75 0.85 1.0 0.45 0.5 0.9 0.95 0.55 0.75 0.0 0.25 0.9 0.1 0.05 0.75 0.4 0.1 0.95 0.45 0.3 0.3 0.55 0.05 0.65 0.25 0.85 0.9 0.5 0.15 0.8 0.3 0.0 0.9 0.0 0.6 
-10.427465305584592 0.40692429956278975 0.695711596295339 0.75 0.75 0.7 0.95 0.45 0.5 0.6 1.0 0.55 0.6 0.0 0.25 0.9 0.25 0.05 0.75 0.0 0.45 0.95 0.45 0.3 0.7 1.0 0.45 0.9 0.2 0.6 0.85 0.9 0.5 0.9 0.5 0.3 0.3 0.15 0.2 
-163.5863561236415 0.40947728816767914 0.2152343229440527 1.0 0.45 0.65 1.0 0.25 0.75 1.0 0.8 0.15 0.35 0.05 0.2 0.9 1.0 0.6 0.95 0.75 0.2 0.9 0.4 0.65 1.0 0.5 0.45 0.9 0.7 0.3 0.9 0.25 0.3 0.9 0.7 0.05 0.0 0.55 0.8 
-24.381398927076333 0.7056380706465452 0.21555383829675961 1.0 0.45 0.55 1.0 0.3 0.8 1.0 0.8 0.15 0.25 0.05 0.2 0.45 1.0 0.6 0.7 0.15 0.2 0.95 0.4 0.25 1.0 0.5 0.45 0.9 0.7 0.3 0.8 0.25 0.7 0.85 0.0 0.05 0.95 0.55 0.8 
-163.39730427456797 0.39864373056038066 0.22333669453837007 1.0 0.45 0.65 1.0 0.25 0.75 1.0 0.8 0.15 0.35 0.05 0.2 0.9 1.0 0.6 0.4 0.15 0.2 1.0 0.4 0.75 1.0 0.5 0.45 0.9 0.7 0.3 0.75 0.25 0.3 0.9 0.7 0.05 0.95 0.55 0.4 
-20.91206525092661 0.6810845954551995 0.19898250837499326 1.0 0.45 0.65 1.0 0.3 0.8 1.0 0.8 0.15 0.25 0.05 0.2 1.0 1.0 0.6 0.0 0.7 0.2 0.95 0.4 0.25 1.0 0.5 0.45 0.85 0.7 0.3 0.7 0.25 0.45 0.35 0.55 0.05 0.15 0.55 0.0 
-15.245343393791108 0.5031828997557435 0.19644989829801457 1.0 0.45 0.7 1.0 0.25 0.75 0.9 0.8 0.15 0.35 0.05 0.2 0.9 1.0 0.6 0.4 0.15 0.75 0.9 0.4 0.45 1.0 0.5 0.45 0.9 0.7 0.3 0.75 0.25 0.3 0.9 0.7 0.05 0.95 0.55 0.9 
-161.29738946923763 0.3562174023837027 0.3056074065995482 1.0 0.45 0.65 1.0 0.25 0.75 1.0 0.8 0.15 0.35 0.05 0.2 0.6 0.35 0.55 0.4 0.15 0.2 0.95 0.1 0.75 1.0 0.5 0.45 0.9 0.7 0.3 0.75 0.25 0.3 0.9 0.55 0.05 0.95 1.0 0.4 
-0.16900265309622783 0.271738241098998 0.4429456202677148 1.0 0.75 0.85 0.95 0.4 0.5 1.0 0.95 0.55 0.8 0.0 0.2 0.9 0.25 0.05 0.75 0.0 0.3 0.85 0.45 0.3 0.45 0.0 0.55 0.7 0.25 0.85 0.9 0.5 0.15 0.8 0.3 0.0 0.85 0.55 0.6 
-8.832586566450203 0.7751779225033493 0.3920504673410199 1.0 0.45 0.25 0.85 0.25 0.55 0.95 0.8 0.35 0.45 0.05 0.2 0.9 0.4 0.1 0.8 0.15 0.45 0.95 0.85 0.7 0.85 0.55 0.45 0.85 0.1 0.65 0.95 0.1 0.25 0.75 0.75 0.15 0.65 1.0 0.55 
-7.3027032984587095 0.553198153752815 0.18497866150714498 1.0 0.5 0.65 1.0 0.3 0.75 1.0 0.8 0.15 0.25 0.05 0.2 0.45 1.0 0.6 0.7 0.15 0.2 0.95 0.4 0.25 1.0 0.5 0.45 0.9 0.7 0.3 0.9 0.25 0.65 0.85 0.0 0.05 0.0 0.55 0.8 
-2.1204304730005035 0.7611266078792697 0.3593943235100604 1.0 0.45 0.25 0.85 0.25 0.55 1.0 0.8 0.35 0.45 0.05 0.2 0.9 0.4 0.1 0.9 0.15 0.45 0.95 0.85 0.7 0.85 0.55 0.45 0.75 0.1 0.65 0.95 0.1 0.25 0.75 0.75 0.15 0.65 1.0 0.55 
-20.988602681383874 0.6677752629791818 0.1793756318437773 1.0 0.45 0.65 1.0 0.3 0.8 1.0 0.8 0.15 0.25 0.05 0.2 0.45 1.0 0.6 0.7 0.15 0.2 0.95 0.4 0.25 1.0 0.5 0.45 0.9 0.7 0.3 0.7 0.25 0.7 0.85 0.0 0.05 0.95 0.55 0.8 
-165.0007209193483 0.3872021526702805 0.23757453011634094 1.0 0.45 0.65 1.0 0.25 0.75 1.0 0.8 0.15 0.35 0.05 0.2 0.9 1.0 0.6 0.95 0.75 0.2 0.9 0.4 0.6 1.0 0.5 0.45 0.9 0.7 0.3 0.9 0.25 0.3 0.9 0.7 0.05 0.0 0.55 0.8 
-0.37811777168059274 0.29007016546397524 0.6314927481814876 0.95 0.75 0.7 0.95 0.45 0.35 0.75 0.95 0.55 0.6 0.0 0.2 0.5 0.1 0.05 0.75 0.0 1.0 1.0 0.45 0.45 0.95 1.0 0.45 1.0 0.2 0.65 0.85 0.9 0.5 0.8 0.5 0.3 0.15 0.5 0.6 
-10.573764905051748 0.616762438544072 0.16790197018007097 1.0 0.45 0.65 1.0 0.3 0.8 1.0 0.8 0.15 0.25 0.05 0.2 0.45 1.0 0.6 0.7 0.15 0.2 0.95 0.4 0.25 1.0 0.5 0.45 0.9 0.7 0.3 1.0 0.25 0.7 0.85 0.0 0.05 0.95 0.55 0.8 
-0.6923022947481036 0.3218774876881243 0.36455983884372084 0.95 0.65 0.85 0.9 0.45 0.6 0.9 0.95 0.45 0.9 0.1 0.3 0.9 0.25 0.05 0.75 0.4 0.45 0.75 0.45 0.5 0.95 1.0 0.15 0.35 0.2 0.65 0.45 0.8 0.2 0.05 0.85 0.7 0.9 0.05 0.75 
-8.21325016715557 0.2638043564962098 0.562293348027232 0.8 0.75 0.7 0.95 0.45 0.35 0.9 1.0 0.55 0.6 0.0 0.15 0.05 0.25 0.05 0.75 0.0 1.0 0.9 0.45 0.35 0.95 1.0 0.45 0.95 0.2 0.7 0.85 0.95 0.4 0.8 0.5 0.3 0.9 0.25 0.6 
-177.1314014561709 0.3457812122287703 0.29030861421167464 1.0 0.45 0.65 1.0 0.25 0.75 1.0 0.8 0.15 0.3 0.05 0.2 0.6 0.55 0.55 0.4 0.15 0.2 0.95 0.1 0.35 1.0 0.5 0.45 0.9 0.7 0.3 0.75 0.25 0.3 0.9 0.55 0.05 0.85 1.0 0.4 
-176.56857618955806 0.367544096201796 0.26743564102176065 1.0 0.45 0.65 1.0 0.25 0.75 1.0 0.8 0.15 0.35 0.05 0.2 0.55 0.35 0.55 0.4 0.15 0.2 0.95 0.1 0.45 1.0 0.5 0.45 0.9 0.7 0.3 0.75 0.25 0.3 0.9 0.55 0.05 0.95 1.0 0.4 
