-0.0032317096405977885 0.4680893539614814 0.5066128864015216 0.05 0.5 0.75 0.65 0.05 0.65 0.25 0.75 0.9 0.95 0.0 0.35 0.95 0.05 0.65 0.85 0.85 0.3 0.0 0.7 0.05 0.95 0.65 0.35 0.4 0.1 0.2 0.95 0.1 0.35 0.7 0.75 0.85 0.0 0.1 0.75 
-0.0011468099786838503 0.5178067411955979 0.49566267407561354 0.65 0.0 0.85 0.95 0.75 0.4 0.55 0.45 0.15 0.05 0.05 0.45 0.95 0.75 0.15 0.75 0.45 0.65 0.7 1.0 0.65 0.0 0.15 0.65 0.85 0.8 0.95 1.0 0.95 0.9 0.1 0.15 0.25 0.55 0.2 0.45 
-0.0014310848320986662 0.5924461629587119 0.5125533530233398 0.65 0.0 0.4 0.95 0.75 0.4 0.05 0.5 0.3 0.05 0.45 0.2 0.65 0.05 0.15 0.95 0.6 0.4 0.7 0.35 0.65 0.05 0.35 0.85 0.55 0.7 0.8 0.6 0.95 0.05 0.55 0.15 0.85 0.4 0.15 0.9 
-0.01632201389112508 0.5101349385120343 0.5512362626939512 0.9 0.3 0.3 1.0 1.0 0.5 1.0 0.35 0.4 0.85 0.8 0.85 0.4 0.45 0.35 1.0 0.35 0.2 0.55 0.55 0.8 0.75 0.7 0.25 0.75 0.95 0.8 0.6 0.65 0.2 0.9 0.15 0.35 0.3 0.15 0.95 
-0.0018537895387114598 0.4945590571622738 0.49888708892852973 0.65 0.0 0.85 0.95 0.1 0.4 0.85 0.45 0.25 0.05 0.05 0.0 1.0 0.75 0.2 0.55 0.45 0.4 0.3 1.0 0.25 0.0 0.3 0.65 0.9 0.7 0.85 1.0 0.5 0.05 0.1 0.9 0.25 0.4 0.15 0.45 
-0.0018486533862861437 0.5297162047825216 0.5235281538064918 0.35 0.55 0.05 0.8 0.2 0.4 0.7 0.3 0.0 0.95 1.0 1.0 0.25 0.9 0.4 0.5 0.75 0.2 0.25 0.65 0.3 0.1 0.3 0.45 0.8 0.35 0.5 1.0 0.65 0.4 0.1 0.15 0.6 0.85 0.35 0.4 
-0.014191427073828268 0.5131539683972675 0.5120424626458508 0.35 0.55 0.05 0.8 0.2 0.4 0.7 0.3 0.0 0.1 1.0 0.3 0.25 0.9 0.4 0.5 0.75 0.2 0.25 0.65 0.3 0.1 0.3 0.45 0.8 0.35 0.5 1.0 0.65 0.4 0.1 0.15 0.6 0.85 0.35 0.4 
-0.000622749895189885 0.4749103747070618 0.5184553061327729 0.35 1.0 0.05 0.8 0.2 0.4 0.5 0.3 0.0 0.35 0.4 0.6 0.95 0.9 0.4 0.5 0.1 0.2 0.45 0.65 0.3 0.1 0.3 0.45 0.8 0.35 0.4 1.0 1.0 0.4 0.1 0.25 0.6 0.85 0.35 0.4 
-0.00913784306314395 0.5468144824703373 0.4702132812450487 0.65 0.0 0.25 0.95 0.85 0.5 0.5 0.7 0.8 0.35 0.35 0.95 0.0 0.85 0.3 0.85 0.8 0.4 0.7 0.75 0.2 1.0 0.35 0.65 0.95 0.7 0.8 0.85 0.95 0.05 0.55 0.95 0.65 0.4 0.0 0.9 
-0.019839783459198124 0.5101263233911293 0.5254493562830678 0.6 0.55 0.1 0.95 0.85 0.4 0.65 0.25 0.6 0.15 0.95 0.35 0.25 0.05 0.85 0.75 0.45 0.4 0.7 0.65 0.2 0.05 0.15 0.65 0.95 0.7 0.8 0.75 0.95 0.05 0.55 0.55 0.95 0.4 0.0 0.9 
-0.010057439469059147 0.5330543554697416 0.5037883022572681 0.45 0.95 0.25 0.95 0.85 0.5 0.2 0.85 0.65 0.5 0.45 0.2 0.65 0.15 0.15 1.0 0.55 0.4 0.7 0.15 0.2 0.05 0.8 0.4 0.95 0.6 0.8 0.7 0.05 0.8 0.6 0.4 0.15 0.4 0.05 0.25 
-0.024852900330984463 0.4930049947519648 0.4421024798746977 0.9 0.5 0.45 0.7 0.85 0.5 0.6 0.95 0.45 0.2 0.0 0.55 0.6 0.5 1.0 0.45 0.65 1.0 0.5 1.0 0.95 0.5 0.5 0.95 0.45 0.15 0.4 0.95 0.3 0.25 0.35 0.25 1.0 0.85 0.5 0.15 
-0.00913728684706667 0.44868490547985534 0.5113058385896441 0.8 0.0 0.35 1.0 0.4 0.65 0.15 0.65 0.9 0.75 0.5 0.0 0.35 0.2 0.5 0.65 0.1 0.15 0.95 0.8 0.75 0.95 1.0 0.4 0.75 0.7 0.4 0.8 0.4 0.45 0.6 0.35 0.05 0.05 0.05 0.55 
-0.0022011281421146973 0.44851251380646967 0.5037191632615419 0.8 1.0 0.6 1.0 0.6 0.65 0.55 0.9 0.35 0.9 0.5 0.55 0.9 0.45 0.4 0.65 0.1 0.15 0.95 0.4 0.75 0.95 1.0 0.15 0.75 0.7 0.4 0.8 0.35 0.45 0.6 0.35 0.05 0.05 0.05 0.55 
-0.013868824864900266 0.46627574660567767 0.483846724985815 0.8 0.65 0.35 0.9 0.75 0.5 0.55 1.0 0.45 0.6 0.2 0.55 0.85 0.2 0.15 0.45 0.8 0.85 0.05 1.0 0.95 0.5 0.05 0.95 0.9 0.6 0.25 1.0 0.3 0.25 0.65 0.25 0.45 1.0 0.5 0.15 
-0.012163262804579326 0.5543974991348963 0.5082046469622808 0.85 0.0 0.95 0.95 0.85 0.4 0.15 0.7 0.6 0.35 0.35 0.8 0.3 0.0 0.6 0.75 0.45 0.4 0.7 0.75 0.2 0.05 0.45 0.65 0.95 0.7 0.8 0.7 0.75 0.05 0.55 0.25 0.5 0.4 0.0 0.9 
-0.005820950332224134 0.5678877791330375 0.5470910093758377 0.8 0.0 0.1 0.75 0.85 0.4 0.25 0.7 1.0 0.35 0.35 0.75 0.05 0.25 0.65 0.85 0.45 0.4 0.7 0.35 0.2 0.8 1.0 0.15 1.0 0.7 0.8 0.7 0.4 0.05 0.55 0.95 0.4 0.45 0.75 0.4 
-0.008742375546208526 0.5568344928614695 0.5248935109078541 0.6 0.4 0.2 0.15 0.05 0.2 0.4 0.3 0.5 0.15 0.45 0.1 1.0 0.4 0.0 0.25 0.8 0.95 0.2 0.05 0.4 0.85 0.7 0.15 0.95 0.55 0.5 0.3 0.8 0.5 0.4 0.8 0.3 0.25 0.1 0.55 
-0.002598055931813793 0.4522100148262466 0.5301263521099147 0.6 0.4 0.65 0.45 0.2 0.45 1.0 0.95 0.8 0.9 0.9 0.85 0.9 0.65 0.3 0.95 0.7 0.1 0.75 0.05 0.65 0.3 0.6 0.65 1.0 0.35 0.4 0.95 0.9 0.2 0.9 0.25 0.1 0.25 0.3 0.8 
-0.0021802831496970185 0.5455333447069873 0.49136920699679026 0.85 0.0 0.25 0.75 0.85 0.4 0.8 0.25 0.05 0.4 0.35 0.8 0.05 0.2 0.65 0.75 0.45 0.4 0.5 0.75 0.2 0.15 0.35 0.65 0.95 0.7 0.8 0.0 0.95 0.05 0.55 0.65 0.95 0.4 0.0 0.9 
-0.010497596024155044 0.5252475923598645 0.45023682302354406 0.0 1.0 1.0 0.65 0.05 0.7 0.6 0.75 0.85 0.7 0.0 0.35 0.4 0.05 0.7 0.85 0.85 0.3 0.0 0.7 0.5 0.95 0.25 0.4 0.7 0.6 0.2 0.95 0.35 0.45 0.0 0.45 0.85 0.25 0.3 0.75 
-0.007345817998826805 0.5300809020166966 0.4723749184751182 0.4 0.0 0.6 0.95 0.75 0.4 0.35 0.45 0.6 0.05 0.3 0.1 0.95 0.65 0.2 0.75 0.2 0.4 0.7 1.0 0.2 0.05 0.35 0.65 0.5 0.7 0.8 0.7 0.9 0.05 0.8 0.15 0.25 0.4 0.15 0.9 
-0.11574718266094784 0.5132608247068786 0.4737706950930275 0.65 0.0 0.85 0.55 0.75 0.4 0.65 0.45 0.15 0.05 0.05 0.1 0.55 0.75 0.15 0.15 0.45 0.4 0.8 0.65 0.65 0.0 0.15 0.45 0.8 0.7 0.75 1.0 0.55 0.55 0.1 0.15 0.25 0.1 0.15 0.45 
-0.012456886564181657 0.5395537877583034 0.5650287035106133 0.6 0.0 0.45 0.95 0.85 0.5 0.65 0.25 0.6 0.05 0.1 0.35 0.25 0.95 0.85 0.75 0.5 0.4 0.7 0.65 0.2 0.05 0.35 0.65 0.95 0.7 0.8 0.7 0.95 0.05 0.55 0.55 0.95 0.4 0.0 0.9 
-0.009757911349193515 0.575255283932156 0.5198867806462345 1.0 0.35 0.25 0.95 0.85 0.45 0.6 0.95 0.6 0.25 0.35 0.1 0.85 1.0 0.4 0.75 0.8 0.4 0.7 0.75 0.2 0.05 0.5 0.45 0.95 0.6 0.8 0.7 0.6 0.05 0.55 0.8 0.15 0.65 0.35 0.9 
-0.008528548037869196 0.47262725262759986 0.4494686269927058 0.95 0.5 0.1 1.0 0.9 0.5 0.9 0.9 0.5 0.75 0.0 0.55 1.0 0.5 0.9 0.9 0.1 1.0 0.55 0.3 0.75 0.6 0.5 0.1 1.0 0.65 0.35 0.0 0.3 0.3 0.55 0.2 0.65 0.55 0.35 0.6 
-0.003971610196690008 0.5191188665673515 0.5297347110574891 0.7 0.3 0.3 1.0 0.95 0.5 1.0 0.35 0.4 0.85 0.8 0.85 0.4 0.45 0.35 1.0 0.35 0.2 0.55 0.55 0.8 0.75 0.7 0.25 0.4 0.95 0.9 0.6 0.65 0.2 0.9 0.15 0.35 0.0 0.15 0.95 
-0.0013944183422995341 0.4722165637580938 0.5611618874959865 1.0 0.95 0.5 1.0 0.2 0.3 0.85 1.0 0.05 0.25 0.25 0.6 1.0 0.65 1.0 0.5 0.1 0.15 0.45 0.65 0.6 0.25 0.4 0.1 0.8 0.35 0.65 0.95 1.0 0.4 0.8 0.2 0.45 0.15 0.7 0.4 
-0.0044881054290948135 0.5742416406088312 0.4767501211178786 0.8 0.6 0.6 0.25 0.4 0.65 0.25 0.4 0.35 0.95 0.5 0.95 0.8 0.2 0.7 0.65 0.1 0.15 0.2 0.4 0.75 0.4 1.0 0.4 0.8 0.2 0.4 0.8 0.4 0.45 0.6 0.35 0.55 0.75 0.05 0.35 
-0.0023770295700918887 0.4476051242111946 0.4678727045434762 0.9 0.65 0.45 0.85 0.75 0.5 0.55 0.95 0.45 0.6 0.0 0.55 0.9 0.2 0.15 0.45 0.8 1.0 0.05 1.0 0.95 0.5 0.7 0.0 0.95 0.6 0.8 1.0 0.3 0.25 0.65 0.25 0.55 1.0 0.5 0.15 
-0.001452778336396844 0.458813450406265 0.44361737527964795 1.0 0.65 0.45 0.7 0.85 0.5 0.85 1.0 0.45 0.65 1.0 0.55 0.95 0.4 0.35 0.55 0.2 0.75 0.4 0.5 0.95 0.2 0.2 0.1 0.95 0.55 0.35 1.0 0.25 0.95 0.55 0.3 0.95 1.0 0.5 0.0 
-0.0024810340452373165 0.5736429068037938 0.49848106092727984 1.0 0.35 0.85 1.0 0.75 0.4 0.85 0.45 0.35 0.9 0.7 0.4 1.0 0.8 0.2 0.7 0.5 0.65 0.7 1.0 0.65 0.3 0.25 0.65 0.7 0.5 0.85 1.0 0.95 0.2 0.8 0.2 0.25 0.4 0.15 0.45 
-0.006222107106957865 0.5249654702133418 0.42020388135046427 0.2 0.5 1.0 0.65 0.0 0.65 0.6 0.75 0.6 0.75 0.0 0.35 1.0 0.05 0.7 0.85 0.9 0.3 0.3 0.7 0.4 0.95 0.1 0.4 0.4 0.6 0.5 0.95 0.35 0.3 0.0 0.85 0.85 0.25 0.4 0.75 
-0.014521556572549629 0.4092323107917604 0.5299307328577318 0.45 1.0 0.5 0.6 0.3 0.25 0.15 0.1 0.45 0.7 0.75 0.5 1.0 0.6 0.25 0.7 0.75 0.2 0.45 0.0 0.6 0.85 0.3 0.25 0.75 0.35 0.65 1.0 0.0 0.4 0.1 0.0 0.1 0.5 0.0 0.9 
-0.0001435558884211049 0.42895624757886747 0.47486135299939497 0.9 0.65 0.35 0.85 0.75 0.5 0.45 0.95 0.4 0.6 0.75 0.55 0.85 0.25 0.15 0.45 0.8 1.0 0.05 1.0 0.95 0.75 0.0 0.0 0.95 0.6 0.25 1.0 0.3 0.2 0.65 0.25 0.45 1.0 0.5 0.15 
-0.01407740832260298 0.5904989689557768 0.4528259995779534 0.25 0.5 0.3 0.65 0.0 0.7 0.6 0.75 0.6 0.75 0.0 0.35 0.95 0.05 0.7 0.85 0.9 0.3 0.0 0.7 0.4 0.95 0.1 1.0 0.6 0.6 0.0 0.95 0.35 0.2 0.9 0.45 0.85 0.25 0.4 0.75 
-0.006322093486940166 0.427157331043439 0.48566491469357187 0.9 0.65 0.45 0.85 0.75 0.5 0.55 0.95 0.95 0.6 0.9 0.45 0.6 0.3 0.9 0.45 0.8 1.0 0.8 1.0 0.95 0.5 0.5 0.35 0.1 0.55 0.35 1.0 0.3 0.25 0.3 0.25 0.95 1.0 0.5 0.15 
-0.007210700294121385 0.44979158923043716 0.5503674726919604 0.8 0.0 0.75 1.0 0.4 0.65 0.15 0.15 0.95 0.75 0.5 0.5 0.35 0.2 0.5 0.65 0.1 0.15 0.25 0.5 0.75 0.95 1.0 0.4 0.75 0.7 0.4 0.65 0.4 0.45 0.6 0.35 0.05 0.05 0.05 0.15 
-0.05415132795880906 0.5417432031150649 0.5736422240585044 1.0 0.1 0.8 0.85 0.85 0.4 0.6 0.95 0.6 0.05 0.35 0.1 0.65 0.7 0.5 0.75 0.5 0.4 0.7 0.75 0.2 0.05 0.75 0.65 0.95 0.25 0.8 0.7 1.0 0.05 0.55 0.4 0.95 0.4 0.0 0.9 
-0.16614217528625144 0.4907976795472083 0.5752286939068927 1.0 0.95 0.5 1.0 0.2 0.25 0.55 0.0 0.55 0.8 0.8 0.6 0.95 0.5 0.55 0.5 0.75 0.2 0.15 0.65 0.0 0.05 0.7 0.45 0.85 0.4 0.65 1.0 1.0 0.4 0.1 0.75 0.45 0.15 0.35 0.05 
-0.0058890416016231665 0.414592671206888 0.5541297944343204 0.4 0.95 0.5 0.75 0.25 0.35 0.7 0.65 0.0 0.8 0.8 0.2 1.0 0.65 0.3 0.5 0.75 0.1 0.8 0.3 0.0 0.55 0.2 0.6 0.85 0.35 0.75 0.85 0.9 0.45 0.0 0.05 0.6 0.15 0.1 0.6 
-0.0007659058672621925 0.5994769335548402 0.5032432190477703 0.65 0.0 0.4 0.95 0.75 0.4 0.05 0.85 0.75 0.05 0.45 0.0 0.65 0.05 0.15 0.95 0.6 0.4 0.7 1.0 0.65 0.05 0.35 0.45 0.55 0.4 0.55 0.6 0.3 0.05 0.55 0.15 0.85 0.4 0.15 0.9 
-0.016075894933202026 0.5252609432807896 0.565139352059169 0.6 0.0 0.1 0.95 0.85 0.5 0.65 0.25 0.6 0.05 0.9 0.0 0.25 0.95 0.85 0.75 0.45 0.4 0.8 0.65 0.2 0.05 0.35 0.65 0.95 0.7 0.8 0.7 0.95 0.05 0.55 0.55 0.95 0.4 0.0 0.9 
-0.025468435057141286 0.4460361490564849 0.5626310331917824 0.45 0.95 0.55 1.0 0.2 0.35 1.0 0.3 0.05 0.8 0.8 0.6 1.0 0.3 0.75 0.5 0.15 0.9 0.5 0.65 0.45 0.05 0.5 0.1 0.8 0.35 0.3 0.9 1.0 0.15 0.15 0.0 0.95 0.15 0.35 0.4 
-0.016954785121019673 0.40900984021346387 0.46836187798573287 0.8 0.85 0.35 0.9 0.75 0.5 0.35 1.0 0.45 0.6 0.0 0.55 0.95 0.45 0.1 0.45 0.9 0.85 0.05 1.0 0.95 0.15 0.7 0.95 0.95 0.6 0.25 0.95 0.3 0.2 0.65 0.25 0.45 1.0 0.6 0.15 
-0.001975501047857931 0.38468502905842117 0.5112401522374103 1.0 0.95 0.55 1.0 0.2 0.35 1.0 0.3 1.0 0.8 0.8 0.6 0.95 0.3 0.75 0.3 0.8 0.2 0.5 0.2 0.45 0.05 0.5 0.1 0.8 0.3 0.3 0.9 1.0 0.15 0.15 0.0 0.95 0.45 0.35 0.4 
-0.003697802477177237 0.4242272230928317 0.4616157108249146 0.85 0.5 0.3 0.95 0.85 0.5 0.2 0.95 0.65 0.5 0.0 0.95 0.9 0.5 0.8 0.45 0.8 1.0 0.8 1.0 0.3 0.5 0.5 1.0 0.1 0.4 0.35 1.0 0.3 0.25 0.55 0.4 0.45 0.45 0.5 0.95 
-0.017591030243255423 0.46593856518363697 0.5860133274415267 1.0 0.95 0.5 1.0 0.2 0.25 0.55 0.0 0.55 0.8 0.8 0.65 0.95 0.5 0.45 0.5 0.75 0.2 0.15 0.65 0.0 0.05 0.7 0.45 0.85 0.4 0.65 1.0 1.0 0.4 0.1 0.45 0.45 0.15 0.35 0.05 
-0.004138386885709907 0.5764327612404228 0.4651179543287827 0.4 0.0 0.6 0.95 0.75 0.4 0.35 0.5 0.6 0.05 0.85 0.1 0.95 0.65 0.2 0.75 0.45 0.4 0.7 1.0 0.2 0.05 0.35 0.65 0.5 0.2 0.8 0.7 0.9 0.05 0.8 0.15 0.25 0.4 0.15 0.9 
-0.023463935746068552 0.4404125586145803 0.6122498757922407 1.0 0.05 0.6 1.0 0.2 0.35 1.0 0.85 0.5 0.85 0.8 0.55 0.95 0.9 1.0 0.6 0.8 0.2 0.6 1.0 0.45 0.05 0.5 0.2 1.0 0.35 0.3 0.9 1.0 0.15 0.15 0.3 0.25 0.15 0.35 0.4 
-0.007696915035682369 0.5483752408936519 0.4343123644614676 0.65 0.65 0.85 0.95 0.75 0.4 0.75 0.45 0.6 0.05 0.45 0.35 1.0 0.65 0.15 0.75 0.45 0.6 0.7 1.0 0.55 0.05 0.65 0.05 0.5 0.7 0.7 0.7 0.15 0.05 0.55 0.3 0.25 0.4 0.8 0.9 
-0.0016944920645121015 0.553754993847016 0.45110230535121415 0.65 0.0 0.85 0.95 0.75 0.4 0.65 0.45 0.15 0.05 0.05 0.1 0.55 0.75 0.15 0.55 0.45 0.4 0.8 0.65 0.65 0.0 0.15 0.65 0.8 0.7 0.75 1.0 0.55 0.55 0.1 0.15 0.25 0.1 0.15 0.45 
-0.004549468726334721 0.40046657139054737 0.4967847906327102 0.8 0.65 0.9 0.9 0.75 0.5 0.4 1.0 0.5 0.6 0.0 0.55 0.85 0.2 0.15 0.45 0.9 0.85 0.05 1.0 0.95 0.5 0.7 0.95 1.0 0.6 0.25 0.9 0.3 0.25 0.65 0.25 0.45 1.0 0.5 0.15 
-0.01300967852003897 0.5109460733206477 0.6314555907056002 0.7 0.35 0.2 1.0 1.0 0.5 0.6 0.4 0.35 0.45 0.4 0.9 0.95 0.45 0.35 1.0 0.35 0.3 0.55 0.8 0.8 0.75 0.7 0.15 0.85 0.95 0.6 0.9 1.0 0.15 0.05 0.0 0.3 0.95 0.5 0.7 
-0.024626978210510922 0.4692205005920073 0.5980124889088437 1.0 0.95 0.5 1.0 0.2 0.3 0.55 1.0 0.05 0.25 0.8 0.6 1.0 0.65 1.0 0.5 0.75 0.2 0.5 0.65 0.0 0.05 0.4 0.1 0.8 0.35 0.75 0.85 1.0 0.4 0.15 0.2 0.45 0.15 0.35 0.4 
-5.3862223936210674e-05 0.40789257593649714 0.5141240755170385 0.0 0.55 0.4 0.95 0.2 0.25 0.85 0.7 0.0 0.7 1.0 0.6 0.8 0.65 0.1 0.5 0.8 0.2 0.5 0.65 0.0 0.05 0.95 0.45 0.8 0.35 0.5 0.9 1.0 0.4 0.1 0.25 0.2 0.15 0.35 0.4 
-0.002726552172382122 0.40296428219797226 0.536785802617312 0.45 1.0 0.5 0.6 0.3 0.25 0.15 0.1 0.45 0.7 0.15 0.5 1.0 0.6 0.25 0.7 0.75 0.2 0.0 0.0 0.6 0.05 0.3 0.25 0.85 0.35 0.65 1.0 0.0 0.4 0.1 0.0 0.45 0.5 0.35 0.9 
-0.00035917091381722015 0.5708829187058926 0.610875678873538 0.85 0.0 0.25 0.75 0.85 0.4 0.8 0.25 0.6 0.35 0.35 0.8 0.05 0.2 0.5 0.75 0.45 0.4 0.5 0.75 0.2 0.15 0.35 0.65 0.95 0.7 0.8 0.7 0.95 0.05 0.55 0.4 0.95 0.4 0.0 0.9 
-0.024383423082674213 0.5205530734433673 0.5997773562074848 0.6 0.0 0.1 0.95 0.85 0.4 0.65 0.25 0.6 0.05 0.95 0.35 0.25 0.95 0.85 0.75 0.45 0.4 0.7 0.65 0.2 0.05 0.35 0.65 0.95 0.7 0.8 0.7 0.95 0.05 0.55 0.55 0.95 0.4 0.0 0.9 
-0.010753201847084106 0.3822953352917058 0.48148206016848266 1.0 0.65 0.45 0.85 0.85 0.7 0.8 0.95 0.1 0.6 0.0 0.55 0.15 0.3 0.85 0.45 0.8 1.0 0.8 1.0 0.95 0.2 0.5 1.0 0.25 0.55 0.35 1.0 0.3 0.25 0.55 0.25 0.95 1.0 0.5 0.15 
-0.020843529251083542 0.46285076279103626 0.6110622197857316 1.0 0.95 0.55 1.0 0.3 0.35 1.0 0.85 0.35 0.8 0.8 0.6 0.4 0.3 1.0 0.5 0.8 0.2 0.5 0.65 0.45 0.05 0.5 0.1 1.0 0.35 0.3 0.85 1.0 0.4 0.15 0.75 0.85 0.25 0.35 0.4 
-0.02530709829680533 0.5048585477753237 0.6325735758396056 0.7 0.35 0.2 1.0 1.0 0.5 0.75 0.4 0.35 0.5 0.4 0.9 1.0 0.45 0.35 1.0 0.35 0.3 1.0 0.65 0.15 0.35 0.7 0.15 1.0 0.95 0.6 0.9 1.0 0.15 0.05 0.0 0.3 0.95 0.5 0.7 
-0.020677714723727165 0.535714203825885 0.6150989368348682 0.7 0.4 0.25 1.0 0.95 0.5 0.8 0.15 0.7 1.0 0.8 1.0 1.0 0.45 0.35 1.0 0.3 0.3 0.55 0.55 0.8 0.05 0.75 0.6 0.95 0.95 0.6 0.65 0.0 0.15 0.75 0.15 0.3 0.0 0.15 0.95 
-0.005326948100555863 0.3710147546661018 0.49309584413236246 0.15 0.55 0.45 0.85 0.75 0.5 0.55 0.05 0.45 0.6 0.0 0.55 0.9 0.35 0.9 0.5 1.0 1.0 0.4 1.0 0.95 0.5 0.5 0.8 0.05 0.55 0.35 1.0 0.3 0.25 0.75 0.25 0.9 0.9 0.65 0.15 
-0.005479696387638405 0.37276042138794807 0.5871212792286025 0.4 0.7 0.45 0.9 0.25 0.65 0.75 0.65 0.0 0.8 0.8 0.6 1.0 0.65 0.35 0.5 0.9 0.2 0.8 0.4 0.55 0.55 0.55 0.9 1.0 0.35 0.65 0.85 0.9 0.35 0.7 0.9 0.95 0.25 0.8 0.35 
-0.0013175976418104607 0.3920179901146172 0.4549252630649999 0.55 0.5 0.45 0.75 0.85 0.5 0.65 0.85 0.55 0.45 0.0 0.55 0.9 0.5 0.95 0.45 0.8 1.0 0.95 0.15 0.05 0.5 0.5 1.0 0.35 0.4 0.45 1.0 0.3 0.2 1.0 0.25 0.75 0.85 0.5 0.45 
-0.01102497200680591 0.4289815588371846 0.5766355602539245 0.45 0.3 0.35 0.95 0.2 0.3 0.6 0.95 0.4 0.8 0.8 0.45 0.7 0.65 0.3 1.0 0.7 0.2 0.9 0.95 0.65 0.6 0.6 0.65 1.0 0.35 0.4 0.85 0.9 0.15 0.95 1.0 0.8 0.25 0.35 0.6 
-0.007535289980536586 0.5482082676448287 0.6173573460888078 0.7 0.4 0.25 1.0 0.95 0.5 0.8 0.15 0.65 1.0 0.8 1.0 1.0 0.45 0.35 1.0 0.3 0.3 0.55 0.55 0.8 0.05 0.75 0.6 0.95 0.95 0.6 0.65 0.0 0.15 0.85 0.15 0.3 0.0 0.15 0.95 
-0.004466755237936073 0.46314832671783573 0.4348920679863815 1.0 0.65 0.45 0.7 0.85 0.5 0.8 1.0 0.45 0.6 1.0 0.55 0.95 0.4 0.35 0.55 0.2 0.75 0.4 0.5 0.95 0.2 0.2 0.1 0.95 0.55 0.9 1.0 0.25 0.95 0.55 0.5 0.95 1.0 0.5 0.0 
-0.2156295668368281 0.49004112629720414 0.6036879036968488 1.0 0.95 0.5 1.0 0.2 0.3 0.85 1.0 0.05 0.2 0.0 0.8 1.0 0.65 1.0 0.5 0.75 0.2 0.5 0.9 0.65 0.05 0.8 0.1 0.8 0.35 0.65 0.9 1.0 0.4 0.15 0.2 0.45 0.1 0.7 0.6 
-0.011839972786686479 0.408747474875468 0.5932179290723634 1.0 0.95 0.55 1.0 0.2 0.35 1.0 0.5 0.4 0.8 0.8 0.8 0.95 0.3 1.0 0.5 0.8 0.2 0.5 0.2 0.45 0.25 0.5 0.1 0.8 0.35 0.3 0.9 1.0 0.15 0.45 0.2 0.95 0.15 0.35 0.4 
-0.041847724858237956 0.5685308000392248 0.4239672336958371 0.0 0.15 1.0 0.65 0.05 0.7 0.6 0.75 0.55 0.75 0.0 0.35 0.8 0.05 0.7 0.85 0.85 0.3 0.0 0.7 0.5 0.95 0.65 0.4 0.4 0.95 0.2 0.95 0.35 0.45 0.0 0.45 0.85 0.0 0.3 0.75 
-0.0035745615332010575 0.38924224030924587 0.568982145125257 0.4 0.4 0.5 0.75 0.25 0.35 0.7 0.65 0.0 0.8 0.8 0.2 1.0 0.65 0.3 0.5 0.75 0.1 0.8 0.3 0.0 0.55 0.15 0.6 0.85 0.35 0.75 0.85 0.9 0.45 0.15 0.05 0.6 0.15 0.1 0.4 
-0.006815948110775379 0.42203002723657945 0.43580107828506326 0.85 1.0 0.65 0.4 1.0 0.6 0.9 0.8 0.8 0.95 0.95 0.7 0.05 0.75 0.15 0.95 0.4 0.8 0.9 0.25 0.85 0.05 0.5 0.2 0.7 0.15 0.55 0.05 0.8 0.55 0.75 0.55 0.85 0.4 1.0 0.15 
-0.032921690446116876 0.545970861348041 0.3963018794793376 0.0 0.35 0.85 1.0 0.75 0.4 0.85 0.45 0.3 0.05 0.7 0.4 0.85 0.75 0.2 0.9 0.5 0.3 0.6 1.0 0.1 0.8 0.15 0.95 1.0 0.65 0.9 1.0 0.95 0.2 0.1 0.2 0.25 0.4 0.15 0.45 
-0.0037072302838224323 0.5825908763619478 0.5448251368568094 1.0 0.0 0.8 0.85 0.85 0.4 0.5 0.95 0.6 0.05 0.35 0.1 0.65 0.7 0.5 0.75 0.5 0.4 0.7 0.75 0.3 0.05 0.75 0.65 0.95 0.8 0.8 0.7 1.0 0.05 0.55 0.4 0.95 0.6 0.0 0.9 
-0.001426580142427406 0.5426176127156008 0.5996166557856848 0.85 0.0 0.25 0.95 0.85 0.4 0.8 0.1 0.6 0.35 0.35 0.8 0.1 0.3 0.6 0.75 0.45 0.4 0.7 0.75 0.8 0.15 0.45 0.65 1.0 0.7 0.8 0.7 0.95 0.05 0.55 0.25 0.95 0.4 0.0 0.3 
-0.012558502062791002 0.38144363716256025 0.5692070705237475 0.15 0.55 0.45 0.85 0.75 0.5 0.55 0.05 0.45 0.6 0.0 0.5 0.5 0.2 0.9 0.5 0.8 1.0 0.8 1.0 0.75 0.5 0.5 0.05 1.0 0.55 0.6 1.0 0.15 0.25 0.65 0.25 0.9 0.9 0.65 0.6 
-0.004018100608817313 0.6289166248062943 0.49574130594708277 1.0 0.0 0.25 0.95 0.85 0.45 0.6 0.95 0.6 0.25 0.35 0.1 0.65 1.0 0.5 0.75 0.5 0.4 0.7 0.75 0.2 0.05 0.5 0.45 0.95 0.6 0.8 0.7 0.6 0.05 0.55 0.4 0.7 0.65 0.35 0.9 
-0.008196363391316044 0.548780123908846 0.4136643664119007 0.25 0.5 1.0 0.65 0.0 0.65 0.7 0.75 0.6 0.65 0.0 0.35 1.0 0.05 0.7 0.85 0.9 0.3 0.0 0.7 0.5 0.95 0.5 0.4 0.4 0.2 0.05 0.95 0.35 0.3 0.0 0.85 0.85 0.25 1.0 0.75 
-0.03337071076211759 0.41050091729024457 0.6227082380666612 1.0 0.95 0.55 1.0 0.2 0.35 0.55 0.3 0.05 0.35 0.8 0.6 0.95 0.3 1.0 0.5 0.8 0.2 0.5 0.65 0.8 0.9 0.9 0.1 0.8 0.35 0.3 0.9 1.0 0.15 0.6 0.35 0.95 1.0 0.45 0.4 
-0.0023440160712443546 0.5184724227143455 0.5972879160447929 0.85 0.0 0.15 0.95 0.85 0.4 0.75 0.25 0.6 0.35 0.4 0.8 0.5 0.5 0.5 0.95 0.45 0.3 0.35 0.75 1.0 0.8 0.35 0.8 0.95 0.7 0.8 0.7 0.95 0.05 0.55 0.4 0.95 0.4 0.35 0.9 
-0.008136219351784326 0.3378668252317666 0.5388266157493223 0.8 0.0 0.4 0.9 0.25 0.65 0.5 0.65 0.25 0.95 0.8 0.4 0.95 0.65 0.3 0.3 0.9 0.2 0.8 0.4 0.55 0.55 0.95 0.9 1.0 0.35 0.65 0.85 0.9 0.3 0.7 0.9 0.95 0.5 0.8 0.2 
-0.015904387164953532 0.6143986387627121 0.5277109723642771 0.15 0.55 0.45 0.85 0.0 0.5 0.55 0.05 0.45 0.6 0.0 0.5 0.5 0.2 0.9 0.5 0.8 1.0 0.8 1.0 0.75 0.5 0.5 0.05 1.0 0.15 0.6 1.0 0.15 0.25 0.65 0.25 0.9 0.9 0.65 0.6 
-0.007614860331721892 0.5885102624362486 0.4132071999622068 0.65 0.0 0.85 0.95 0.75 0.4 0.95 0.45 0.15 0.05 0.35 0.45 0.95 0.75 0.15 0.75 0.45 0.65 0.7 1.0 0.65 0.0 0.15 0.65 0.85 0.7 0.45 1.0 0.95 0.0 0.1 0.15 0.25 0.4 0.35 0.45 
-0.02214483198030763 0.5365425148735449 0.4118201636219938 0.65 0.5 0.85 0.95 0.75 1.0 0.5 0.25 0.15 0.05 0.05 0.05 0.95 0.75 0.75 0.8 0.45 0.65 0.7 1.0 0.65 0.0 0.15 0.65 0.85 0.55 0.95 1.0 0.95 0.2 0.4 0.25 0.25 0.3 0.15 0.45 
-0.0049356951353339215 0.37878942352977096 0.474982161522803 1.0 0.65 0.45 0.85 0.85 0.7 0.8 0.95 0.1 0.6 0.0 0.55 0.15 0.3 0.6 0.45 0.8 1.0 0.8 1.0 0.95 0.2 0.5 1.0 0.25 0.55 0.35 1.0 0.3 0.25 0.55 0.25 0.95 1.0 0.5 0.15 
-0.12359042829820005 0.5350173219217976 0.6418235769050235 0.8 0.4 0.25 1.0 1.0 0.5 0.85 0.9 0.5 0.6 0.8 1.0 1.0 0.45 0.35 1.0 0.3 0.3 0.55 0.55 0.8 0.75 0.7 0.6 0.95 0.95 0.6 0.6 1.0 0.25 0.75 0.4 0.3 0.0 0.15 0.95 
-0.014917407320974047 0.4035692729951146 0.6044111602223597 1.0 0.95 0.95 1.0 0.2 0.35 0.15 0.85 0.1 0.8 0.8 0.6 0.95 0.6 1.0 0.5 0.8 0.2 0.15 0.65 0.45 0.05 0.5 0.1 1.0 0.35 0.3 0.9 1.0 0.15 0.15 0.2 0.95 0.15 0.35 0.4 
-0.0024706951053073333 0.6383480210331426 0.49082334672272626 0.0 0.6 0.85 1.0 0.75 0.4 0.5 0.45 0.1 0.15 0.75 0.2 1.0 0.75 0.2 0.95 0.4 0.65 0.55 1.0 0.75 0.25 0.35 0.6 1.0 0.6 0.9 1.0 0.95 0.2 1.0 0.2 0.25 0.4 0.15 0.45 
-0.014432152732568287 0.5818129204976028 0.576270820954133 0.05 0.6 0.75 0.95 0.85 0.4 0.3 0.95 0.55 0.25 0.7 0.1 0.4 0.95 0.25 0.85 0.45 0.45 0.7 0.15 0.2 0.5 0.9 0.0 0.9 0.7 0.8 0.75 0.95 0.05 0.1 0.4 0.95 0.2 0.05 0.7 
-0.006559656329851775 0.6331297137769161 0.47541721310882035 0.4 0.0 0.6 0.95 0.75 0.4 0.35 0.45 0.6 0.05 0.3 0.1 0.95 0.65 0.2 0.75 0.45 0.4 0.7 1.0 0.2 0.05 0.35 0.65 0.5 0.7 0.8 0.7 0.9 0.05 0.8 0.15 0.25 0.4 0.15 0.9 
-0.00783779371970991 0.3576338554675644 0.544194213461356 0.7 0.3 1.0 0.95 0.2 0.3 0.55 0.65 0.4 0.85 0.9 0.75 0.7 0.65 0.3 0.0 0.7 0.2 0.3 0.0 0.65 0.6 0.6 0.75 1.0 0.35 0.4 0.85 0.9 0.15 0.9 1.0 0.8 0.25 0.35 0.6 
-0.008548686011699561 0.5777659111332433 0.6108148891071528 0.8 0.0 0.1 0.75 0.85 0.4 0.25 0.7 0.8 0.35 0.35 0.75 0.05 0.25 0.65 0.85 0.45 0.4 0.7 0.35 0.2 0.8 1.0 0.65 1.0 0.7 0.8 0.7 0.95 0.05 0.55 0.95 0.15 0.45 0.75 0.4 
-0.012836577172431307 0.5961026674672938 0.5651487850131972 0.05 0.35 0.05 0.95 0.85 0.4 0.3 0.9 0.4 0.25 0.35 0.1 0.6 0.0 0.7 0.85 0.45 0.45 0.7 0.15 0.2 0.5 0.75 0.3 0.95 0.7 0.8 0.75 0.95 0.05 0.3 0.9 0.95 0.15 0.05 0.6 
-0.001701419864214222 0.5994952529480104 0.58993552856319 0.05 0.6 0.75 0.95 0.85 0.4 0.3 0.95 0.55 0.25 0.7 0.1 0.4 0.95 0.25 1.0 0.45 0.45 0.7 0.15 0.2 0.5 0.9 0.0 0.9 0.7 0.8 0.75 0.95 0.05 0.1 0.4 0.95 0.2 0.75 0.7 
-0.0005376998371225224 0.6233560908133204 0.5616108381826831 0.05 0.35 0.25 0.95 0.85 0.4 0.3 0.9 0.55 0.25 0.35 0.1 0.6 0.0 0.7 0.85 0.45 0.45 0.7 0.15 0.2 0.5 0.75 0.3 0.9 0.7 0.8 0.75 0.95 0.05 0.3 0.4 0.95 0.15 0.05 0.6 
-0.010674504043365254 0.35223382238084633 0.434042361054783 0.2 0.7 0.0 0.95 0.85 0.5 0.35 0.3 0.35 0.55 0.0 0.6 0.9 0.5 0.8 0.45 0.5 1.0 0.8 0.55 0.3 0.9 0.5 1.0 0.6 0.55 0.35 1.0 0.3 0.25 0.55 0.4 0.45 0.45 0.5 0.95 
-0.04278743397603871 0.45109458989311774 0.5869709252277022 0.8 0.0 0.6 1.0 0.4 0.75 0.35 0.65 0.4 0.9 0.5 0.5 0.6 0.2 0.7 0.65 0.1 0.15 0.95 0.8 0.75 0.95 0.9 0.4 0.7 0.7 0.35 0.8 0.4 0.5 0.6 0.35 0.05 0.75 0.05 0.55 
-0.007593699149703006 0.3495970540471558 0.4836633104973652 1.0 0.3 0.5 0.6 0.3 0.7 0.15 0.1 0.45 0.7 0.0 0.5 1.0 0.6 0.25 0.7 0.75 0.2 0.0 0.0 0.6 0.05 0.3 0.25 0.85 0.35 0.65 1.0 0.0 0.4 0.1 0.0 0.45 0.25 0.35 0.9 
-0.0032671221266637874 0.4841657170680391 0.42619084956447395 0.9 0.5 0.45 0.95 0.95 0.55 0.7 0.9 0.5 0.6 0.0 0.55 0.85 0.55 0.7 0.9 0.9 1.0 0.45 0.35 0.75 0.6 0.95 0.1 0.0 0.65 0.35 0.9 0.3 0.3 0.55 0.2 0.45 0.8 0.5 0.95 
-0.00527647323784112 0.36039226892628495 0.4644901773771508 1.0 0.3 0.5 0.75 0.25 0.25 0.05 0.3 0.8 0.7 0.9 0.6 1.0 0.6 0.8 0.5 0.75 0.05 0.3 0.65 0.0 0.05 0.3 0.25 0.85 0.35 0.75 1.0 0.0 0.4 0.1 0.55 0.45 0.25 0.35 0.4 
-0.0015475654758890947 0.5642302127358764 0.5652531307773804 0.7 0.0 0.25 0.95 0.85 0.4 0.95 0.25 0.6 0.05 0.35 0.1 0.65 1.0 0.5 0.75 0.45 0.4 0.7 0.75 0.2 0.0 0.35 0.05 0.95 0.7 0.8 0.7 0.95 0.05 0.55 0.4 0.95 0.4 1.0 0.25 
-0.0015866312230359276 0.39351717675741354 0.42684011162356345 0.55 0.5 0.45 0.75 0.85 0.5 0.2 0.85 0.5 0.4 0.0 0.55 0.9 0.5 0.95 0.45 0.8 1.0 0.95 0.15 0.95 0.5 0.5 1.0 0.1 0.4 0.45 1.0 0.3 0.25 1.0 0.25 0.75 0.85 0.5 0.45 
-0.019022251358515763 0.45881394873144493 0.43670356868110705 1.0 0.65 0.45 0.7 0.85 0.5 0.8 1.0 0.45 0.6 1.0 0.55 0.95 0.4 0.35 0.55 0.2 0.75 0.4 0.5 0.95 0.2 0.2 0.1 0.75 0.55 0.35 1.0 0.25 0.95 0.55 0.5 0.95 1.0 0.45 0.0 
-0.007678009476282568 0.360960623075654 0.517362573973083 1.0 0.3 0.5 0.8 0.25 0.25 0.05 0.3 0.45 0.35 0.05 0.6 1.0 0.6 0.8 0.5 0.75 0.2 0.3 0.65 0.0 0.05 0.3 0.25 0.85 0.35 0.3 1.0 0.0 0.4 0.1 0.2 0.45 0.25 0.35 0.4 
-0.050206438725444995 0.4071676068368403 0.6399981112670841 0.6 0.95 0.55 1.0 0.2 0.35 0.55 0.85 0.1 0.75 0.8 0.6 0.95 0.5 1.0 0.5 0.8 0.25 0.4 0.65 0.45 0.15 0.5 0.1 1.0 0.35 0.3 0.9 1.0 0.15 0.15 0.2 0.95 0.15 0.35 0.4 
-0.02173546043340907 0.4257559905611249 0.42341027979883433 0.9 0.65 0.4 1.0 0.85 0.5 0.8 0.85 0.45 0.6 0.0 0.55 0.15 0.5 0.7 0.9 0.8 0.75 0.45 0.0 0.25 0.6 0.5 0.1 0.85 0.65 0.4 0.2 0.3 0.3 0.55 0.65 0.55 0.15 0.5 0.2 
-0.00033410378413928116 0.328681108567188 0.4621450901514837 0.55 0.65 0.0 0.5 0.85 0.5 0.9 1.0 0.45 0.6 0.0 0.55 0.55 0.2 0.65 0.45 0.2 0.9 0.35 0.5 0.25 0.15 0.2 0.1 1.0 0.55 0.35 0.95 0.25 0.2 0.55 0.6 0.0 1.0 0.7 0.15 
-0.04844974392671396 0.35814720482642515 0.4150886214242363 0.2 0.7 0.3 0.95 0.85 0.5 0.35 0.3 0.35 0.55 0.0 0.6 0.9 0.5 0.8 0.45 0.5 1.0 0.8 0.55 0.3 0.4 0.5 1.0 0.6 0.55 0.35 1.0 0.3 0.25 0.55 0.4 0.45 0.45 0.5 0.95 
-0.023544179815336495 0.4197380544707099 0.4458853723235395 0.9 0.65 0.45 0.85 0.75 0.5 0.55 0.95 0.45 0.6 0.0 0.55 0.9 0.2 0.15 0.45 0.8 1.0 0.05 1.0 0.95 0.5 0.5 0.0 0.1 0.55 0.25 1.0 0.3 0.25 0.65 0.25 0.9 1.0 0.5 0.15 
-0.0007085045631863361 0.6411465097665305 0.515797959396611 0.6 0.0 0.75 0.95 0.85 0.4 0.6 0.0 0.65 0.5 0.45 0.2 0.65 1.0 0.4 0.95 0.5 0.4 0.7 0.75 0.2 0.05 0.8 0.45 0.95 0.6 0.8 0.7 0.0 0.05 0.55 0.3 0.95 0.4 0.65 1.0 
-0.022212848451047932 0.5180641763826477 0.41522735583846476 0.55 0.35 0.85 1.0 0.75 0.4 0.9 0.45 0.1 0.05 0.5 0.45 1.0 0.75 0.2 0.8 0.5 0.65 0.6 1.0 0.75 0.65 0.15 0.05 1.0 0.3 0.9 1.0 0.65 0.1 0.75 0.2 0.25 0.4 0.15 0.45 
-0.02389899417417882 0.6317968562567229 0.5738544699645303 0.6 0.0 0.25 0.95 0.85 0.4 0.3 0.7 0.8 0.35 0.35 0.25 0.1 0.25 0.65 0.75 0.45 0.4 0.7 0.75 0.85 0.15 0.45 0.1 0.95 0.7 0.8 0.7 0.95 0.05 0.55 0.95 0.65 0.4 0.0 0.9 
-0.01706523554242946 0.44025519947475233 0.613618489186114 1.0 0.05 0.6 1.0 0.2 0.35 0.95 0.85 0.5 0.85 0.8 0.55 0.95 0.9 1.0 0.6 0.8 0.2 0.6 1.0 0.45 0.05 0.5 0.25 1.0 0.35 0.3 0.9 1.0 0.15 0.15 0.3 0.25 0.15 0.35 0.4 
-0.001008635553176634 0.40089812033815503 0.39419948952079514 1.0 0.65 0.45 0.85 0.85 0.5 0.8 0.95 0.1 0.6 0.0 0.55 0.15 0.3 0.6 0.65 0.8 1.0 0.8 1.0 0.95 0.2 0.5 0.4 0.25 0.55 0.35 1.0 0.3 0.25 0.55 0.25 0.95 1.0 0.5 0.15 
-0.0015138990938171949 0.6393297570895892 0.4440691095887289 0.65 0.75 0.95 0.9 0.75 0.4 0.55 0.45 0.6 0.25 0.05 0.15 0.95 0.75 0.15 0.75 0.45 0.5 0.7 1.0 0.25 0.05 0.35 0.65 0.5 0.7 0.8 0.95 0.95 0.05 0.0 0.75 0.65 0.1 0.15 0.9 
-0.008905195608233546 0.6456529177290689 0.47524914477439845 0.65 0.95 0.85 0.95 0.75 0.4 0.55 0.9 0.6 0.05 0.05 0.2 0.95 0.75 0.15 0.75 0.45 0.4 0.7 1.0 0.9 0.05 0.35 0.65 0.5 0.7 0.8 0.95 0.95 0.05 0.2 0.15 0.55 0.4 0.15 0.9 
-0.01632760804849138 0.3331619380564451 0.42299292809244077 0.85 0.5 0.3 0.55 0.8 0.5 0.1 0.75 0.0 0.55 0.0 0.6 0.85 0.5 0.8 0.45 1.0 1.0 0.45 0.55 0.4 0.0 0.6 1.0 0.95 0.5 0.35 1.0 0.3 0.25 0.55 0.75 0.65 0.45 0.5 0.55 
-0.0082294372022626 0.6340943728135525 0.5388845747294554 1.0 0.0 0.25 0.95 0.85 0.4 0.6 0.95 0.6 0.05 0.45 0.3 0.2 1.0 0.5 0.75 0.5 0.4 0.7 0.75 0.2 0.05 0.5 0.9 0.95 0.6 0.8 0.7 0.95 0.05 0.15 0.4 0.95 0.4 0.0 0.9 
-0.005204874097834572 0.4624395794305432 0.4163512115624173 0.85 1.0 0.65 0.4 1.0 0.6 0.9 0.8 0.8 0.95 0.95 0.7 0.05 0.75 0.15 0.95 0.4 0.8 0.85 0.25 0.85 0.05 0.5 0.2 0.7 0.15 0.15 0.05 0.6 0.55 0.75 0.55 0.55 0.4 1.0 0.15 
-0.006421586843557535 0.4762861145440215 0.4199523792453346 0.9 0.5 0.45 0.75 0.85 0.5 0.55 0.95 0.45 0.15 0.0 0.55 0.4 0.5 1.0 0.45 0.35 1.0 0.8 1.0 0.95 0.5 0.5 1.0 0.1 0.25 1.0 1.0 0.3 0.25 0.55 0.25 0.9 0.85 0.5 0.3 
-0.03182315331113884 0.4039500893050604 0.42503667023589503 0.55 0.5 0.45 0.75 0.85 0.5 0.2 0.85 0.5 0.4 0.0 0.55 1.0 0.5 0.95 0.45 0.8 1.0 0.95 0.15 0.95 0.5 0.5 1.0 0.1 0.4 0.45 1.0 0.3 0.25 1.0 0.25 0.75 0.85 0.5 0.45 
-0.04064561464774592 0.6268186287819525 0.46024911856434825 0.65 0.0 0.85 0.95 0.75 0.4 0.35 0.45 0.6 0.05 0.05 0.1 0.95 0.65 0.3 0.75 0.45 0.4 0.7 1.0 0.2 0.05 0.35 0.65 0.5 0.7 0.8 0.6 0.95 0.05 0.2 0.15 0.25 0.4 0.15 0.9 
-0.02203194393402658 0.3427131890492034 0.3940378362094619 0.85 0.5 0.3 0.8 0.85 0.5 0.45 0.95 0.05 0.6 0.0 0.6 0.95 0.5 0.85 0.45 0.8 1.0 0.8 0.55 0.05 0.4 0.5 1.0 0.85 0.5 0.35 1.0 0.3 0.3 0.55 0.75 0.45 0.1 0.9 0.95 
-0.012605459338626597 0.36625240642042955 0.3871260810101853 0.85 0.5 0.35 1.0 0.85 0.5 0.2 0.95 0.7 0.55 0.0 0.6 0.75 0.5 0.8 0.45 0.8 1.0 0.8 0.3 0.4 0.4 0.5 1.0 0.45 0.5 0.35 1.0 0.3 0.25 0.55 0.75 0.45 0.45 0.5 0.45 
-0.0006250596923182691 0.5843706137943279 0.4455113226122532 0.65 0.0 0.85 0.95 0.75 0.4 0.9 0.45 0.15 0.05 0.0 0.1 0.35 0.65 0.15 0.55 0.45 0.4 0.0 0.0 0.65 0.0 0.3 0.5 0.85 0.7 0.85 0.65 0.2 0.05 0.1 0.15 0.25 0.4 0.15 0.5 
-0.00791630366397149 0.6761253738596459 0.4864897588124256 0.7 0.0 0.25 0.95 0.85 0.4 0.85 0.75 0.4 0.4 0.4 0.1 0.95 1.0 0.3 1.0 0.45 0.25 0.7 0.75 0.8 1.0 0.35 0.05 0.95 0.7 0.8 0.7 0.95 0.05 0.55 0.55 0.6 1.0 0.45 0.9 
-0.0005651523680321275 0.3444346301178257 0.4538597473083895 0.35 0.65 0.7 0.85 0.85 0.5 0.1 0.95 0.1 0.6 0.0 0.55 0.6 0.3 0.6 0.45 0.35 1.0 0.8 1.0 0.75 0.5 0.5 1.0 0.45 0.55 0.35 1.0 0.3 0.25 0.3 0.5 0.5 1.0 0.8 0.15 
-0.04074111475195423 0.3437794130851137 0.50849228859256 1.0 0.3 0.5 0.8 0.25 0.25 0.05 0.3 0.45 0.35 0.9 0.6 1.0 0.6 0.8 0.5 0.75 0.2 0.3 0.65 0.0 0.05 0.3 0.25 0.85 0.35 0.3 1.0 0.0 0.4 0.1 0.2 0.45 0.25 0.35 0.4 
-0.008740624789724797 0.32706564069550226 0.48532286555734333 0.35 0.3 0.5 0.6 0.3 0.25 0.15 0.1 0.45 0.7 0.9 0.5 1.0 0.6 0.25 0.7 0.75 0.2 0.0 0.0 0.6 0.05 0.3 0.25 0.85 0.35 0.65 1.0 0.0 0.4 0.1 0.0 0.45 0.25 0.35 0.9 
-0.017868969625433665 0.39610382715182607 0.38945878451912425 1.0 0.65 0.45 0.85 0.85 0.5 0.8 0.95 0.1 0.6 0.0 0.55 0.3 0.3 0.6 0.65 0.8 1.0 0.8 1.0 0.75 0.2 0.5 0.4 0.25 0.55 0.35 1.0 0.3 0.25 0.55 0.25 0.95 1.0 0.5 0.15 
-0.0014757094050698851 0.40172906667127967 0.6337143459937895 1.0 0.95 0.55 1.0 0.2 0.35 0.15 0.85 0.1 0.8 0.8 0.6 0.95 0.3 1.0 0.5 0.8 0.2 0.15 0.65 0.45 0.05 0.5 0.1 1.0 0.35 0.3 0.9 1.0 0.15 0.15 0.2 0.95 0.15 0.35 0.4 
-0.014894899423018111 0.39966282740958103 0.3689638685070349 0.85 0.5 0.3 1.0 0.85 0.5 0.2 0.1 0.9 0.45 0.0 0.6 0.9 0.5 0.8 0.55 0.8 1.0 0.8 0.55 0.4 0.4 0.5 1.0 0.45 0.5 0.35 1.0 0.3 0.25 0.55 0.75 0.45 0.45 0.5 0.95 
-0.0018708717189756087 0.4367635143897552 0.40041128507214785 0.9 0.5 0.4 1.0 0.85 0.55 0.85 0.85 0.45 0.75 0.0 0.55 0.55 0.35 0.85 0.9 1.0 1.0 0.05 0.3 0.25 0.6 0.65 0.1 0.85 0.65 0.5 0.4 0.3 0.3 0.55 0.65 0.95 0.15 0.95 0.2 
-0.018106340501665718 0.37022536600691436 0.3764559394309694 0.85 0.5 0.35 1.0 0.85 0.5 0.2 0.95 0.7 0.6 0.0 0.6 0.75 0.5 0.8 0.45 0.8 1.0 0.8 0.3 0.4 0.4 0.5 1.0 0.45 0.5 0.35 1.0 0.3 0.25 1.0 0.75 0.45 0.45 0.5 0.45 
-0.0025021105097404236 0.5834745357624069 0.39982655388743493 1.0 0.0 0.85 0.95 0.75 0.4 0.85 0.45 0.15 0.05 0.1 0.4 0.8 0.75 0.75 0.8 0.5 0.65 0.4 1.0 0.65 0.7 0.15 0.65 1.0 0.65 0.85 1.0 0.95 0.2 0.1 1.0 0.75 0.4 0.15 0.45 
-0.0061499101401851445 0.36179913559562704 0.5919642338043318 0.15 0.3 0.35 0.85 0.25 0.65 0.9 0.3 0.1 0.8 0.8 0.6 1.0 0.65 0.35 0.5 0.9 0.2 0.8 0.4 0.55 0.55 0.55 0.9 0.9 0.35 0.65 0.85 0.85 0.35 0.4 0.35 0.95 0.9 0.7 0.35 
-0.17989808786983635 0.4354504973587717 0.6496718034673997 1.0 0.95 0.6 1.0 0.2 0.35 1.0 0.85 0.5 0.85 0.8 0.55 0.95 0.9 1.0 0.6 0.8 0.2 0.6 0.65 0.45 0.05 0.5 0.2 1.0 0.35 0.3 0.9 1.0 0.15 0.15 0.3 0.25 0.15 0.35 0.4 
-0.007383772327053757 0.4340954019048376 0.39170146253837995 0.9 0.5 0.4 1.0 0.85 0.55 0.8 0.85 0.2 0.75 0.0 0.55 0.6 0.35 0.85 0.9 1.0 1.0 0.5 0.3 0.25 0.6 0.65 0.45 0.05 0.65 0.35 0.95 0.3 0.3 0.55 0.65 0.6 0.6 0.5 0.2 
-0.0012766651220842595 0.36110623278639764 0.5688566963665384 0.85 1.0 0.4 0.9 0.25 0.65 0.4 0.65 0.0 0.8 0.8 0.65 0.95 0.65 0.35 0.5 0.9 0.2 0.05 0.3 0.7 0.55 0.95 0.9 1.0 0.35 0.65 0.6 0.9 0.3 0.7 0.9 0.75 0.3 0.8 0.2 
-0.035798116386680165 0.3488461786273449 0.36780806973497415 0.85 0.5 0.3 0.8 0.85 0.5 0.0 0.95 0.05 0.55 0.0 0.6 0.95 0.5 0.85 0.45 0.8 1.0 0.8 0.55 0.05 0.4 0.5 0.15 0.85 0.5 0.35 1.0 0.3 0.3 0.55 0.75 0.45 0.45 0.9 0.95 
-0.01209068264908709 0.6585026189714952 0.5263007995020199 1.0 0.0 0.25 0.85 0.85 0.4 0.6 0.95 0.6 0.05 0.35 0.1 0.8 1.0 0.5 0.75 0.5 0.4 0.7 0.75 0.2 0.05 0.5 0.65 0.6 0.8 0.8 0.7 1.0 0.05 0.55 0.4 0.95 0.4 0.0 0.9 
-0.0029120261664199788 0.31491532087193463 0.5474903717899487 0.8 0.0 0.4 0.9 0.25 0.65 0.5 0.65 0.25 0.95 0.8 0.4 0.95 0.65 0.3 0.5 0.9 0.2 0.8 0.4 0.55 0.55 0.95 0.9 1.0 0.35 0.65 0.85 0.9 0.25 0.7 0.9 0.95 0.5 0.8 0.2 
-0.004576354968661703 0.6658464570864866 0.5476874719930189 0.6 0.95 0.25 0.95 0.85 0.5 0.2 0.8 0.6 0.5 0.45 0.4 0.65 0.15 0.3 1.0 0.55 0.4 0.7 0.15 0.2 0.5 0.8 0.4 0.95 0.6 0.8 0.7 0.05 0.1 0.6 0.4 0.4 0.4 0.05 0.25 
-0.030312878000737422 0.32391944771179415 0.40194697278531827 0.85 0.8 0.3 0.95 0.85 0.5 0.8 0.95 0.35 0.5 0.0 0.6 0.9 0.5 0.8 0.45 0.8 1.0 0.8 0.55 0.3 0.4 0.5 0.75 0.85 0.4 0.35 1.0 0.3 0.25 0.55 0.4 0.45 0.45 0.5 0.95 
-0.0058136071303659725 0.6667273932505314 0.5607919241185568 0.55 0.0 0.55 0.95 0.85 0.5 0.2 0.85 0.6 0.5 0.45 0.2 0.65 0.15 0.7 1.0 0.5 0.4 0.95 0.15 0.2 0.05 0.8 0.4 0.95 0.6 0.8 0.7 0.05 0.1 0.75 0.4 0.35 0.4 0.65 0.5 
-0.007036088275583617 0.6652794022709807 0.46146213628183197 0.8 0.55 0.9 0.85 0.75 0.4 0.45 0.5 0.15 0.05 0.05 0.75 0.95 0.75 0.15 0.75 0.45 0.4 0.7 1.0 0.65 0.5 0.7 0.8 0.85 0.7 0.85 1.0 0.95 0.05 0.1 0.15 0.25 0.4 0.35 1.0 
-0.06347374668963275 0.6879339050976185 0.49700017813459535 0.55 0.0 0.25 0.95 0.85 0.4 0.6 0.0 0.65 0.5 0.45 0.2 0.65 1.0 0.6 0.95 0.5 0.4 0.7 0.75 0.2 0.05 0.8 0.45 0.95 0.6 0.8 0.7 1.0 0.05 0.55 0.3 0.95 0.4 0.65 1.0 
-0.0002464686443766197 0.2941311845962089 0.4098706301157148 0.75 0.65 0.35 0.9 0.75 0.5 0.55 1.0 0.45 0.6 0.0 0.55 0.85 0.45 0.1 0.5 0.9 0.55 0.05 1.0 0.95 0.15 0.65 0.95 0.95 0.6 0.25 1.0 0.3 0.15 0.65 0.25 0.2 0.6 0.6 0.1 
-0.008018065828762274 0.44519207238618574 0.39917037519944215 0.9 0.5 0.4 1.0 0.85 0.55 0.8 0.85 0.2 0.75 0.0 0.55 0.6 0.35 0.85 0.9 1.0 1.0 0.5 0.3 0.25 0.6 0.65 0.1 0.05 0.65 0.5 0.95 0.3 0.3 0.55 0.65 0.55 0.15 0.5 0.2 
-0.003933734257489013 0.6010958570106636 0.4129603698303096 0.65 0.0 0.85 0.95 0.75 0.4 0.7 0.45 0.15 0.05 0.35 0.5 0.95 0.75 0.15 0.75 0.45 0.65 0.95 1.0 0.65 0.5 0.15 0.65 0.85 0.7 0.45 1.0 0.8 0.0 0.1 0.15 0.25 0.4 0.35 0.45 
-0.012734667276630805 0.32723680857354653 0.5598506470285662 1.0 0.95 0.55 1.0 0.2 0.35 1.0 0.3 0.05 0.8 0.8 0.6 0.95 0.3 0.75 0.1 0.8 0.2 0.5 0.65 0.45 0.05 0.5 0.1 0.8 0.3 0.3 0.9 1.0 0.15 0.15 0.0 0.95 0.15 0.35 0.4 
-0.03312023074461011 0.2916073258242876 0.442720415042302 0.8 0.65 0.35 0.9 0.75 0.5 0.35 1.0 0.45 0.6 0.0 0.55 0.95 0.45 0.1 0.45 0.9 0.85 0.05 1.0 0.95 0.15 0.7 0.95 0.95 0.6 0.25 0.95 0.3 0.1 0.65 0.25 0.45 1.0 0.6 0.15 
-0.006605040527398076 0.6773250139768818 0.5238440876543589 0.85 0.0 0.25 0.95 0.85 0.4 0.6 0.0 0.65 0.5 0.45 0.1 0.65 1.0 0.4 0.95 0.5 0.4 0.7 0.75 0.2 0.05 0.8 0.45 0.95 0.6 0.8 0.7 0.0 0.05 0.55 0.3 0.95 0.4 0.65 1.0 
-0.0018588493468844301 0.5761615548896857 0.6265697535612335 0.8 0.0 0.1 0.95 0.85 0.4 0.25 0.7 0.8 0.35 0.35 0.75 0.05 0.25 0.65 0.85 0.45 0.4 0.7 0.75 0.2 0.8 0.25 0.65 1.0 0.7 0.8 0.7 0.95 0.05 0.55 0.95 0.65 0.45 0.75 0.4 
-0.12566804180609273 0.5021139081320539 0.6394656236655866 0.5 0.35 0.2 1.0 1.0 0.5 0.85 0.2 0.35 0.2 0.95 0.9 1.0 0.45 0.35 1.0 0.35 0.3 1.0 0.65 0.15 0.35 0.7 0.15 1.0 0.95 0.6 0.9 1.0 0.15 0.75 0.8 0.3 0.95 0.5 0.7 
-0.06104237589268449 0.3085960127762014 0.3889662325408377 0.85 0.65 0.35 0.9 0.75 0.6 1.0 1.0 0.45 0.6 0.0 0.55 0.85 0.45 0.1 0.45 0.9 0.85 0.05 1.0 0.95 0.15 0.7 0.95 0.9 0.6 0.25 1.0 0.3 0.15 0.65 0.25 0.45 1.0 0.0 0.15 
-3.4383294320486386 0.5059236488131461 0.648169752460936 0.7 0.35 0.2 1.0 1.0 0.5 0.55 0.0 0.35 0.45 0.4 0.9 1.0 0.45 0.35 1.0 0.35 0.3 0.55 0.8 0.8 0.75 0.7 0.8 0.85 0.95 0.6 0.9 1.0 0.15 0.15 0.0 0.3 0.95 0.5 0.7 
-0.007794654008684296 0.2909753218783182 0.4699378378603465 0.6 0.4 0.65 0.95 0.2 0.35 1.0 0.95 0.8 0.9 0.9 0.75 0.85 0.65 0.3 0.05 0.7 0.1 0.7 0.05 0.65 0.3 0.6 0.65 1.0 0.35 0.4 0.9 0.8 0.2 0.9 0.25 0.2 0.25 0.75 0.8 
-0.032234737016054886 0.31793683384660354 0.5246868629181759 0.7 0.45 0.55 0.95 0.2 0.3 0.8 0.95 0.4 0.25 0.9 0.05 0.7 0.65 0.3 0.0 0.7 0.1 0.3 0.0 0.65 0.3 0.6 0.65 1.0 0.35 0.4 0.85 0.9 0.15 1.0 1.0 0.05 0.25 0.35 0.6 
-0.0014071865536012225 0.5904297957020801 0.6284055047454962 0.8 0.0 0.25 0.95 0.85 0.4 0.25 0.7 0.85 0.35 0.25 0.75 0.05 0.25 0.8 0.85 0.45 0.4 0.7 0.15 0.2 0.8 0.25 0.65 1.0 0.7 0.8 0.7 0.95 0.05 0.55 0.4 0.3 0.45 0.75 0.4 
-0.0002879926706736664 0.32073987737236764 0.4550687647620869 0.7 0.65 0.0 0.7 0.85 0.5 0.9 1.0 0.45 0.6 0.0 0.55 0.55 0.2 0.65 0.45 0.2 0.9 0.35 0.5 0.95 0.15 0.2 0.1 1.0 0.55 0.35 0.95 0.25 0.2 0.55 0.6 0.0 1.0 0.7 0.15 
-0.054518708983614786 0.44181535946811734 0.6458524643897914 1.0 0.95 0.6 1.0 0.2 0.35 1.0 0.85 0.1 0.8 0.8 0.55 0.9 0.3 1.0 0.5 0.8 0.2 0.6 0.65 0.45 0.05 0.5 0.2 1.0 0.35 0.3 0.9 1.0 0.15 0.15 0.3 0.25 0.15 0.35 0.4 
-0.0028395917217861762 0.4279558585336297 0.3483425867615093 0.9 0.5 0.4 1.0 0.85 0.55 0.9 0.85 0.45 0.75 0.0 0.55 0.3 0.35 0.85 0.9 1.0 1.0 0.05 0.3 0.25 0.6 0.45 0.1 0.85 0.65 0.5 0.95 0.3 0.3 0.55 0.65 0.55 0.15 0.5 0.2 
-0.004750854199811693 0.44562536530710367 0.3711426263768087 0.9 0.45 0.4 1.0 0.85 0.5 0.8 0.85 0.45 0.75 0.0 0.55 0.55 0.65 0.45 0.9 1.0 1.0 0.05 0.3 0.8 0.6 0.65 0.1 0.85 0.65 0.6 0.95 0.3 0.2 0.55 0.65 0.55 0.15 0.5 0.2 
-0.04468642153255139 0.40318440709431086 0.6410393499371669 0.6 0.95 0.55 1.0 0.2 0.35 0.55 0.85 0.0 0.75 0.8 0.6 0.95 0.5 1.0 0.5 0.8 0.25 0.4 0.65 0.45 0.15 0.5 0.1 1.0 0.35 0.3 0.9 1.0 0.15 0.15 0.2 0.95 0.15 0.35 0.1 
-0.03185565304873172 0.3173906998152056 0.5011250644571178 0.9 0.65 0.45 0.85 0.75 0.5 0.55 0.95 0.45 0.6 0.0 0.55 0.9 0.2 0.15 0.45 0.8 1.0 0.05 1.0 0.95 0.5 0.7 0.0 0.95 0.6 0.25 1.0 0.3 0.25 0.65 0.25 0.55 1.0 0.5 0.15 
-0.002288427144264598 0.28946573216231775 0.5009368009855466 0.6 0.4 0.65 0.95 0.2 0.45 1.0 0.95 0.8 0.9 0.9 0.85 0.9 0.65 0.3 0.0 0.7 0.1 0.75 0.05 0.65 0.3 0.6 0.65 1.0 0.35 0.4 0.95 0.9 0.2 0.9 0.25 0.1 0.25 0.3 0.8 
-0.0039104124829850715 0.31360636626898253 0.5730595727517768 0.8 0.0 0.4 0.9 0.25 0.65 0.5 0.65 0.25 0.95 0.8 0.4 0.95 0.65 0.3 0.5 0.9 0.2 0.8 0.4 0.55 0.55 0.95 0.9 1.0 0.35 0.65 0.85 0.9 0.3 0.7 0.9 0.95 0.5 0.8 0.2 
-0.019943302157452596 0.29580844460626055 0.5482828966408814 0.35 0.4 0.55 0.95 0.2 0.3 0.9 0.95 0.8 0.6 0.9 0.75 0.5 0.65 0.3 0.0 0.7 0.1 0.3 0.0 0.65 0.85 0.6 0.65 1.0 0.35 0.4 0.95 0.9 0.2 0.9 0.95 0.9 0.25 0.3 0.65 
-0.006738868817718973 0.32261833075596247 0.5973996336976933 0.8 1.0 0.35 0.9 0.25 0.65 0.5 0.6 0.05 0.8 0.8 0.65 0.95 0.65 0.3 0.55 0.9 0.2 0.8 0.2 0.55 0.55 0.95 0.9 1.0 0.35 0.65 0.85 0.9 0.3 0.7 0.9 0.95 0.05 0.8 0.2 
-0.017013325038968068 0.6106864883793152 0.42144892290105473 0.2 0.0 0.85 0.95 0.75 0.4 0.5 0.45 0.15 0.05 0.05 0.1 0.95 0.75 0.15 0.55 0.45 0.4 0.55 1.0 0.1 0.0 0.8 0.1 0.3 0.7 0.85 1.0 0.55 0.05 0.1 0.15 0.25 0.1 0.15 0.35 
-0.06094408727172256 0.2970113972454552 0.40312601042373436 0.75 0.65 0.35 0.9 0.75 0.5 0.55 1.0 0.45 0.6 0.0 0.55 0.85 0.45 0.1 0.5 0.9 0.85 0.05 1.0 0.95 0.15 0.7 0.95 0.95 0.6 0.25 1.0 0.3 0.15 0.65 0.25 0.45 0.6 0.6 0.1 
-0.00845491870222797 0.32563868985608724 0.5894866196866229 0.85 1.0 0.4 0.9 0.25 0.65 0.4 0.65 0.0 0.8 0.8 0.65 0.95 0.65 0.35 0.5 0.9 0.2 0.05 0.3 0.7 0.55 0.95 0.9 1.0 0.35 0.65 0.85 0.9 0.3 0.7 0.9 0.75 0.3 0.8 0.2 
-4.147528249435635 0.31709985923888717 0.36402695774238947 0.75 0.65 0.35 0.9 0.75 0.6 1.0 1.0 0.45 0.6 0.0 0.55 0.8 0.95 0.1 0.45 0.9 0.9 0.3 0.1 0.95 0.05 0.5 0.05 0.95 0.6 0.25 1.0 0.3 0.15 0.65 0.4 0.45 1.0 0.2 0.15 
-0.08831878176912199 0.46135703611449697 0.6309125041116898 1.0 0.95 0.5 1.0 0.2 0.35 0.9 0.9 0.2 0.6 0.8 0.6 1.0 0.0 1.0 0.5 0.75 0.2 1.0 1.0 0.05 0.7 0.9 0.1 0.9 0.35 0.35 0.8 1.0 0.4 0.15 0.2 0.25 0.15 0.35 0.4 
-0.050114375367451544 0.2893180529692393 0.44930741773087113 0.8 0.65 0.35 0.9 0.75 0.5 0.55 1.0 0.45 0.6 0.0 0.55 0.85 0.2 0.1 0.45 0.9 0.85 0.05 1.0 0.95 0.15 0.95 0.95 0.95 0.6 0.25 1.0 0.3 0.2 0.65 0.25 0.45 1.0 0.6 0.15 
-0.06152650249705442 0.32339425403240574 0.3656356999531418 0.85 0.5 0.3 0.8 0.85 0.5 0.45 0.95 0.05 0.6 0.05 0.6 0.95 0.5 0.85 0.45 0.8 1.0 0.8 0.55 0.05 0.4 0.5 1.0 0.85 0.5 0.35 1.0 0.3 0.3 0.55 0.75 0.45 0.85 0.9 0.95 
-0.01773416205102243 0.6727165705841904 0.5688628185441374 0.55 0.0 0.55 0.95 0.85 0.5 0.2 0.85 0.6 0.5 0.45 0.2 0.65 0.15 0.25 1.0 0.5 0.4 0.95 0.15 0.2 0.05 0.8 0.4 0.95 0.6 0.8 0.7 0.05 0.1 0.45 0.4 0.35 0.4 0.65 0.5 
-0.00961376047596489 0.6154341303162179 0.605744708301922 0.85 0.0 0.25 0.95 0.85 0.4 0.8 0.8 0.6 0.35 0.35 0.8 0.1 0.3 0.6 0.75 0.45 0.4 0.7 0.75 0.2 0.15 0.4 0.65 1.0 0.7 0.8 0.7 0.95 0.05 0.55 0.25 0.95 0.4 0.0 0.9 
-0.004078737819193378 0.6890633752463385 0.5524970933345192 0.55 0.0 0.85 0.95 0.85 0.5 0.2 0.85 0.6 0.5 0.45 0.2 0.65 0.15 0.25 1.0 0.5 0.4 0.95 0.15 0.4 0.05 0.8 0.4 0.95 0.6 0.8 0.7 0.05 0.1 0.45 0.4 0.35 0.4 0.65 0.5 
-0.007116022653119244 0.5567436242551138 0.3897760592753265 0.0 0.35 0.85 1.0 0.75 0.4 0.85 0.45 0.1 0.05 0.7 0.4 0.85 0.75 0.2 0.9 0.5 0.3 0.6 1.0 0.1 0.8 0.15 0.95 1.0 0.65 0.9 1.0 0.95 0.2 0.1 0.2 0.25 0.4 0.15 0.45 
-0.005093241627723824 0.6187803406043538 0.4142964606473919 0.7 0.0 0.25 0.95 0.85 0.4 0.85 0.6 0.6 0.25 0.35 0.1 0.65 1.0 0.5 0.75 0.45 0.4 0.7 0.75 0.2 0.0 0.35 0.15 1.0 0.7 0.8 0.7 0.95 0.05 0.4 0.4 0.95 1.0 0.1 0.55 
-0.02514782115443373 0.37544491076483777 0.3544167442745966 0.85 0.5 0.3 1.0 0.85 0.5 0.2 0.95 0.7 0.55 0.0 0.6 0.9 0.5 0.8 0.45 0.8 1.0 0.8 0.55 0.4 0.4 0.5 1.0 0.45 0.5 0.35 1.0 0.3 0.25 0.55 0.75 0.45 0.45 0.5 0.95 
-0.016825108097280196 0.3197112212587867 0.5911361942529934 0.8 1.0 0.15 0.9 0.25 0.65 0.5 0.6 0.05 0.8 0.8 0.65 0.95 0.65 0.3 0.55 0.9 0.2 0.8 0.2 0.55 0.55 0.95 0.9 1.0 0.35 0.65 0.85 0.9 0.3 0.7 0.9 0.95 0.05 0.8 0.2 
-0.004681352782057202 0.6133566995383517 0.599229849847365 0.85 0.0 0.25 0.95 0.85 0.4 0.9 0.7 0.6 0.35 0.35 0.8 0.3 0.0 0.6 0.75 0.45 0.4 0.7 0.75 0.2 0.15 0.45 0.65 0.95 0.7 0.8 0.7 0.95 0.05 0.55 0.25 0.5 0.4 0.0 0.9 
-0.04710961044566873 0.4547738531481246 0.37957648594532584 0.9 0.5 0.45 0.95 0.85 0.5 0.55 0.95 0.45 0.6 0.0 0.55 0.75 0.5 0.05 0.9 0.8 1.0 0.45 1.0 0.95 0.5 0.5 0.55 0.55 0.65 0.35 0.95 0.3 0.25 0.55 0.25 0.55 0.85 0.5 0.6 
-0.05022089265786249 0.35215448657782944 0.5973849523183162 0.15 0.3 0.45 0.85 0.25 0.65 0.9 0.3 0.1 0.8 0.8 0.6 1.0 0.65 0.35 0.5 0.9 0.2 0.8 0.4 0.55 0.55 0.55 0.9 0.95 0.35 0.65 0.85 0.85 0.35 0.4 0.35 0.95 0.9 0.7 0.35 
-0.015704018381347336 0.65299691127869 0.582123139078826 0.45 0.95 0.25 0.9 0.85 0.5 0.2 0.85 0.6 0.5 0.45 0.2 0.65 0.15 0.15 1.0 0.85 0.7 0.8 0.15 0.2 0.05 0.8 0.4 0.95 0.6 0.8 0.7 0.05 0.1 0.6 0.4 0.95 0.4 1.0 0.25 
-0.005384093198926123 0.6972699769014024 0.5175147588364978 1.0 0.0 0.25 0.9 0.85 0.4 0.65 0.95 0.7 0.25 0.35 0.1 0.8 1.0 0.45 0.75 0.5 0.4 0.7 0.75 0.2 0.3 0.5 0.15 0.95 0.6 0.8 0.7 0.0 0.05 0.45 0.4 0.7 0.65 0.0 0.9 
-0.018768475467492694 0.6387895069394388 0.5996604935105169 0.1 0.0 0.3 0.95 0.85 0.5 0.2 0.3 0.6 0.3 0.45 0.2 0.65 0.15 0.15 1.0 0.5 0.4 0.95 0.15 0.2 0.95 0.8 0.95 0.9 0.6 0.8 0.7 0.05 0.1 0.55 0.4 0.95 0.4 0.65 0.25 
-0.01155078881063213 0.6881828203116508 0.4698771081918055 0.7 0.0 0.25 0.95 0.85 0.4 0.85 0.75 0.6 0.35 0.35 0.1 0.65 1.0 0.5 0.75 0.45 0.4 0.7 0.75 0.2 0.0 0.35 0.15 1.0 0.7 0.8 0.7 0.95 0.05 0.65 0.4 0.95 1.0 0.1 0.55 
-0.03308073808854444 0.4812040622361955 0.37797130254826244 0.9 0.5 0.45 0.9 0.85 0.6 0.55 0.95 0.5 0.6 0.0 0.55 0.55 0.3 0.0 0.95 0.8 1.0 0.45 0.3 0.95 0.5 0.5 0.55 0.8 0.4 0.35 0.95 0.3 0.25 0.8 0.9 0.55 0.85 0.75 0.1 
-0.0925329045120312 0.6622813930135932 0.600669472051278 0.45 0.0 0.55 0.95 0.85 0.5 0.2 0.85 0.6 0.5 0.45 0.2 0.65 0.15 0.15 1.0 0.5 0.4 0.95 0.15 0.65 0.45 0.8 0.4 1.0 0.6 0.8 0.7 0.05 0.1 0.45 0.4 0.35 0.4 0.65 0.25 
-0.005774748861657714 0.6677706424782431 0.43870290368650333 0.6 0.55 0.9 0.85 0.75 0.4 0.45 0.5 0.15 0.05 0.05 0.9 0.95 0.75 0.15 0.65 0.45 0.4 0.7 1.0 0.65 0.15 0.15 0.25 0.85 0.7 0.85 1.0 0.95 0.05 0.1 0.15 0.25 0.4 0.15 0.3 
-0.6757943401304878 0.278859860113742 0.41696959625429514 0.8 0.65 0.35 0.9 0.75 0.5 0.55 1.0 0.45 0.6 0.0 0.55 0.95 0.45 0.1 0.45 0.9 0.85 0.05 1.0 0.95 0.15 0.7 0.95 0.95 0.6 0.25 0.95 0.3 0.1 0.65 0.25 0.45 1.0 0.6 0.15 
-0.03818116038527211 0.30231626654769084 0.5834104480752332 0.8 1.0 0.15 0.9 0.25 0.65 1.0 0.6 0.05 0.8 0.8 0.65 0.95 0.65 0.3 0.55 0.9 0.2 0.8 0.2 0.55 0.55 0.95 0.0 1.0 0.35 0.65 0.85 0.9 0.3 0.7 0.9 0.95 0.05 0.8 0.2 
-0.1972893355648056 0.2567566629925878 0.4530057159180138 0.7 0.4 0.55 1.0 0.2 0.3 1.0 0.95 0.75 0.6 0.9 0.75 0.95 0.65 0.3 0.05 0.85 1.0 0.4 0.05 0.65 0.0 0.85 0.25 1.0 0.35 0.4 0.95 0.95 0.2 0.1 0.25 0.1 0.25 0.3 0.65 
-0.11101746959206278 0.2713494012122417 0.5104636542711082 1.0 0.4 0.65 0.95 0.15 0.45 1.0 0.95 0.8 0.6 0.9 0.75 0.9 0.65 0.3 0.0 0.7 0.1 0.75 0.05 0.65 0.3 0.6 0.65 1.0 0.35 0.4 0.95 0.9 0.2 0.9 0.25 0.1 0.25 0.3 0.8 
-0.0002455426882671343 0.6673746758570889 0.425794620171568 0.65 0.75 0.95 0.9 0.75 0.4 0.55 0.45 0.6 0.25 0.05 0.15 0.95 0.75 0.15 0.75 0.45 0.4 0.7 1.0 0.25 0.05 0.35 0.65 0.5 0.7 0.8 0.95 0.95 0.05 0.0 0.65 0.55 0.4 0.15 0.9 
-0.11138106805262978 0.5486834034619944 0.6424704202155138 0.7 0.4 0.25 1.0 1.0 0.5 0.8 0.15 0.65 0.6 0.8 1.0 1.0 0.45 0.35 1.0 0.3 0.3 0.55 0.55 0.8 0.05 0.85 0.6 0.95 0.95 0.6 0.65 0.0 0.15 0.75 0.15 0.3 0.0 0.15 0.95 
-2.1253388768496273 0.5275190759761342 0.6482446214304938 0.8 0.4 0.25 1.0 1.0 0.5 0.7 0.9 0.5 0.6 0.8 1.0 1.0 0.45 0.35 1.0 0.3 0.3 0.55 0.55 0.8 0.75 0.7 0.6 0.95 0.95 0.6 0.6 1.0 0.25 0.75 0.4 0.3 0.0 0.15 0.95 
-0.027091134051463652 0.3706958598640152 0.36041004225705264 0.85 0.5 0.3 1.0 0.85 0.5 0.2 0.95 0.7 0.55 0.0 0.6 0.75 0.5 0.8 0.45 0.8 1.0 0.8 0.3 0.4 0.4 0.5 1.0 0.45 0.5 0.35 1.0 0.3 0.25 0.55 0.75 0.45 0.45 0.5 0.45 
-0.029685576715661417 0.2855331124061783 0.48469075138235795 1.0 0.4 0.6 0.95 0.2 0.3 1.0 0.95 0.8 0.95 0.85 0.75 0.15 0.65 0.25 0.0 0.7 0.1 0.3 0.0 0.65 0.3 0.6 0.65 1.0 0.35 0.4 0.95 0.9 0.2 0.9 0.95 0.9 0.25 0.3 0.65 
-0.0024448186646513345 0.6426052255661883 0.4156362454895064 0.7 0.0 0.85 0.95 0.75 0.4 0.65 0.45 0.15 0.05 0.05 0.15 0.95 0.75 0.15 0.55 0.45 0.4 0.7 1.0 0.65 0.0 0.15 0.65 0.85 0.65 0.85 1.0 0.55 0.05 0.1 0.15 0.25 0.1 0.15 0.45 
-0.09093879066356972 0.7101987191655316 0.46373795102721027 1.0 0.0 0.25 0.95 0.85 0.4 0.65 0.75 0.6 0.4 0.1 0.1 1.0 1.0 0.5 0.75 0.45 0.4 0.7 0.75 0.2 0.75 0.35 0.05 0.95 0.7 0.85 0.7 0.95 0.05 0.55 0.4 0.65 1.0 1.0 0.9 
-0.042384993168403266 0.29082138620224374 0.5451520578366258 0.35 0.4 0.55 0.95 0.2 0.3 0.9 0.95 0.8 0.75 0.9 0.75 0.5 0.65 0.3 0.0 0.7 0.1 0.3 0.0 0.65 0.85 0.6 0.65 1.0 0.35 0.4 0.95 0.9 0.2 0.9 0.95 0.9 0.25 0.3 0.65 
-0.0014035854382418794 0.6272804319438086 0.4032042696686456 0.7 0.0 0.85 0.95 0.75 0.4 0.65 0.45 0.15 0.05 0.05 0.05 0.95 0.75 0.15 0.55 0.45 0.4 0.7 1.0 0.8 0.0 0.15 0.65 0.45 0.65 0.85 1.0 0.55 0.05 0.1 0.15 0.3 0.1 0.15 0.45 
-0.0394979144388491 0.6954831027979258 0.4967784571091307 0.9 0.0 0.25 0.9 0.85 0.4 0.7 0.75 0.6 0.4 0.55 0.1 1.0 0.9 0.5 0.75 0.45 0.4 0.7 0.75 0.2 0.25 0.35 0.05 0.7 0.7 0.85 0.7 0.95 0.05 0.55 0.1 0.05 1.0 1.0 0.25 
-0.028405354723487944 0.2829808751169819 0.5521067007950913 0.35 0.4 0.55 0.95 0.2 0.3 0.9 0.95 0.8 0.85 0.9 0.75 0.5 0.65 0.3 0.0 0.7 0.1 0.3 0.0 0.65 0.85 0.6 0.65 1.0 0.35 0.4 0.95 0.9 0.2 0.9 0.95 0.9 0.25 0.3 0.65 
-0.008152774858275834 0.6682450404794069 0.4093835010676513 0.7 0.0 0.25 0.95 0.85 0.4 1.0 0.75 0.1 0.4 0.4 0.1 0.95 1.0 0.2 0.75 0.45 0.25 0.7 0.4 0.3 1.0 0.35 0.05 1.0 0.7 0.8 0.6 0.0 0.05 0.55 0.55 0.2 0.95 0.45 0.9 
-0.05308229368317617 0.6354104368408434 0.3740546449780794 0.7 0.0 0.25 0.95 0.85 0.4 1.0 0.75 0.4 0.4 0.4 0.1 0.95 0.0 0.2 0.55 0.35 0.25 0.7 0.75 0.25 1.0 0.35 0.05 1.0 0.7 0.8 0.95 0.45 0.05 0.55 0.55 0.2 0.35 0.45 0.9 
-0.22437948951470932 0.36757055525019605 0.637060986180602 1.0 0.95 0.55 1.0 0.2 0.35 0.75 0.3 0.05 0.95 0.8 0.6 0.95 0.3 1.0 0.5 0.8 0.2 0.5 0.65 0.15 0.05 0.9 0.1 0.8 0.35 0.3 0.9 1.0 0.15 0.15 0.35 0.95 0.8 0.4 0.4 
-0.003514930628218887 0.2707046444106528 0.5392840641285399 0.6 0.4 0.65 0.95 0.2 0.45 1.0 0.95 0.8 0.9 0.9 0.75 0.9 0.65 0.3 0.0 0.7 0.1 0.75 0.05 0.65 0.3 0.5 0.65 1.0 0.35 0.4 0.95 0.95 0.2 0.65 0.25 0.1 0.25 0.45 0.8 
-4.775793352665827e-05 0.6192683269413044 0.38091301205950684 0.65 0.0 0.85 0.95 0.75 0.4 0.55 0.45 0.15 0.05 0.05 0.45 0.95 0.75 0.15 0.75 0.45 0.65 0.7 1.0 0.65 0.0 0.15 0.65 0.85 0.8 0.95 1.0 0.95 0.2 0.1 0.15 0.25 0.4 0.15 0.45 
-0.12975510741528898 0.4436769098402701 0.35270945612074267 0.9 0.5 0.4 1.0 0.85 0.55 0.8 0.85 0.45 0.75 0.0 0.55 0.6 0.35 0.85 0.9 1.0 1.0 0.05 0.3 0.25 0.6 0.65 0.1 0.85 0.65 0.5 0.95 0.3 0.3 0.55 0.65 0.55 0.15 0.5 0.2 
-0.007031665553009488 0.6495761770515242 0.3983769356099926 0.65 0.0 0.85 0.95 0.75 0.4 0.5 0.45 0.15 0.05 0.05 0.45 0.95 0.75 0.15 0.8 0.45 0.65 0.7 1.0 0.65 0.0 0.15 0.65 0.9 0.55 0.95 1.0 0.95 0.2 0.1 0.15 0.25 0.4 0.15 0.45 
-0.07410496704103141 0.3429527574172663 0.36316575660314987 0.85 0.5 0.3 0.8 0.85 0.5 0.2 0.95 0.05 0.55 0.0 0.6 0.95 0.5 0.85 0.45 0.8 1.0 0.8 0.55 0.05 0.4 0.5 0.15 0.85 0.5 0.35 1.0 0.3 0.3 0.55 0.75 0.45 0.45 0.9 0.95 
-0.048742718181642254 0.6547773499287666 0.393570705668533 0.45 0.0 0.85 0.95 0.75 0.4 0.5 0.45 0.15 0.05 0.05 0.45 0.95 0.75 0.15 0.8 0.45 0.65 0.7 1.0 0.65 0.0 0.15 0.65 0.85 0.55 0.95 1.0 0.95 0.2 0.1 0.15 0.25 0.4 0.15 0.45 
-7.991707999811933 0.32476733181578155 0.34539279435799647 1.0 0.65 0.45 0.7 0.85 0.5 0.9 1.0 0.45 0.6 0.0 0.55 0.45 0.2 0.6 0.5 0.2 0.75 0.35 0.5 0.95 0.15 0.2 0.1 1.0 0.55 0.5 0.95 0.25 0.2 0.55 0.6 0.0 1.0 0.5 0.15 
-0.003236606797071921 0.6058412740331057 0.38656035993698173 0.4 0.0 0.85 0.95 0.75 0.4 0.85 0.45 0.25 0.05 0.05 0.0 1.0 0.75 0.15 0.55 0.45 0.4 0.3 1.0 0.25 0.0 0.3 0.65 0.15 0.7 0.85 1.0 0.5 0.05 0.1 0.9 0.25 0.4 0.4 0.0 
-0.006070899002986164 0.6712400423392649 0.4112752241727879 0.7 0.0 0.25 0.95 0.85 0.4 1.0 0.75 0.1 0.4 0.4 0.1 0.95 1.0 0.2 0.75 0.45 0.25 0.7 0.4 0.3 1.0 0.35 0.05 1.0 0.7 0.8 0.6 0.0 0.05 0.55 0.55 0.2 0.95 0.3 0.9 
-0.13073525142080256 0.5024637535494213 0.3656507857244259 0.0 0.35 0.85 1.0 0.75 0.4 0.9 0.45 0.1 0.05 0.75 0.45 1.0 0.75 0.2 0.8 0.5 0.65 0.6 1.0 0.75 0.65 0.5 0.05 1.0 0.3 0.9 1.0 0.95 0.2 0.75 0.2 0.25 0.4 0.15 0.45 
-0.007953818117915316 0.37069243035367994 0.628298484453297 1.0 0.95 0.55 1.0 0.2 0.35 1.0 0.5 0.05 0.8 0.8 0.6 0.95 0.3 1.0 0.5 0.8 0.2 0.5 0.2 0.45 0.05 0.5 0.1 0.8 0.35 0.3 0.9 1.0 0.15 0.15 0.2 0.95 0.15 0.35 0.4 
-0.0031287317799463797 0.6804911442902913 0.43839908927223 1.0 0.0 0.25 0.95 0.85 0.4 0.45 0.75 0.6 0.4 0.35 0.1 0.65 1.0 0.5 0.75 0.45 0.4 0.7 0.75 0.2 0.0 0.35 0.05 0.95 0.7 0.8 0.7 0.65 0.05 0.55 0.4 0.95 1.0 1.0 0.9 
-0.003093631106470425 0.5261109658061159 0.39180500486658143 0.1 0.45 0.85 0.65 0.0 0.35 0.6 0.75 0.6 0.75 0.0 0.35 1.0 0.05 0.7 0.85 0.9 0.3 0.0 0.15 0.5 0.95 0.1 0.95 0.4 0.6 0.6 0.95 0.35 0.3 0.75 0.85 0.85 0.25 0.4 0.1 
-0.0025599740414918907 0.6002737720608 0.3317385058495538 0.0 0.6 0.85 1.0 0.75 0.4 0.5 0.45 0.1 0.05 0.75 0.2 1.0 0.75 0.2 0.95 0.5 0.65 0.6 0.65 0.75 0.25 0.35 0.6 1.0 0.6 0.9 1.0 0.95 0.2 1.0 0.2 0.25 0.4 0.15 0.45 
-0.021994417869167813 0.5811024096035885 0.3371390788377907 0.0 0.35 0.85 1.0 0.75 0.4 0.6 0.45 0.1 0.05 0.7 0.4 1.0 0.75 0.2 0.9 0.5 0.65 0.6 1.0 0.75 0.65 0.15 0.05 1.0 0.65 0.9 1.0 0.95 0.2 0.1 0.2 0.25 0.4 0.15 0.45 
-0.031118366672716526 0.5917838210826813 0.3630711425218234 1.0 0.0 0.85 0.95 0.75 0.4 0.85 0.45 0.15 0.05 0.05 0.45 0.95 0.75 0.55 0.75 0.45 0.65 0.2 1.0 0.65 0.0 0.15 0.65 0.85 0.7 0.85 1.0 0.95 0.2 0.1 0.15 0.25 0.4 0.15 0.45 
-0.005563750570161954 0.40577547455147756 0.3582611663350709 0.9 0.5 0.4 1.0 0.85 0.5 0.8 0.85 0.45 0.6 0.0 0.55 0.55 0.5 0.7 0.9 0.8 1.0 0.45 0.0 0.25 0.6 0.5 0.1 0.85 0.65 0.4 0.95 0.3 0.3 0.55 0.65 0.55 0.15 0.5 0.2 
-0.026889375314537476 0.6146568912878966 0.3650092676881954 0.65 0.0 0.85 0.95 0.75 0.4 0.8 0.45 0.15 0.05 0.3 0.45 0.8 0.75 0.15 0.75 0.45 0.65 0.05 1.0 0.65 0.0 0.15 0.65 0.85 0.7 0.75 1.0 0.95 0.2 0.1 0.1 0.95 0.4 0.15 0.45 
-0.45667985629130237 0.36289604298867045 0.3434973119603041 1.0 0.65 0.45 0.7 0.85 0.5 0.55 1.0 0.9 0.6 0.0 0.55 0.95 0.3 0.6 0.45 0.1 0.75 0.55 0.05 0.3 0.65 0.2 0.1 0.75 0.55 0.35 1.0 0.25 0.2 0.55 0.5 0.45 1.0 0.5 0.0 
-0.0761095840049054 0.5744673709773446 0.36922729620868855 0.65 0.0 0.85 0.95 0.75 0.4 0.95 0.45 0.15 0.05 0.35 0.45 0.95 0.75 0.15 0.75 0.45 0.65 0.7 1.0 0.65 0.0 0.15 0.65 0.85 0.7 0.75 1.0 0.95 0.0 0.1 0.15 0.25 0.4 0.35 0.45 
-3.3257375309424226 0.2707259627791869 0.44215497391973335 0.75 0.65 0.35 0.9 0.75 0.55 1.0 1.0 0.45 0.6 0.0 0.55 0.8 0.45 0.1 0.45 0.25 0.9 0.3 0.1 0.95 0.05 0.5 0.05 0.95 0.6 0.25 0.95 0.3 0.15 0.65 0.4 0.45 1.0 0.2 0.15 
-9.273354457829852 0.24867986460925123 0.4449010829777481 1.0 0.4 0.65 1.0 0.2 0.45 1.0 0.95 0.4 0.85 0.9 0.75 1.0 0.65 0.3 0.0 0.2 0.1 0.75 0.05 0.65 0.3 0.6 1.0 0.9 0.35 0.4 0.95 0.9 0.2 0.9 0.25 0.1 0.25 0.3 0.8 
-0.016357038405484123 0.2537562640947665 0.5118149332249664 0.4 0.4 0.65 0.95 0.2 0.35 1.0 0.95 0.8 0.9 0.9 0.75 0.9 0.65 0.3 0.0 0.7 0.1 0.7 0.05 0.65 0.3 0.6 0.65 1.0 0.35 0.4 0.9 0.9 0.2 0.9 0.25 0.1 0.25 0.3 0.8 
-0.03285331406187924 0.2632563511355628 0.49564825038465277 0.95 0.4 0.65 0.95 0.2 0.45 1.0 0.95 0.8 0.7 0.9 0.75 0.7 0.65 0.3 0.0 0.7 0.7 0.75 0.5 0.65 0.3 0.6 0.65 1.0 0.35 0.4 1.0 0.9 0.2 0.9 0.25 0.1 0.5 0.3 0.95 
-0.002011849799877821 0.7103343026483036 0.4352041026131823 0.7 0.0 0.25 0.95 0.85 0.4 0.85 0.75 0.4 0.4 0.4 0.1 0.95 1.0 0.2 1.0 0.45 0.25 0.7 0.75 0.8 1.0 0.35 0.05 0.95 0.7 0.8 0.7 0.95 0.05 0.55 0.55 0.6 1.0 0.45 0.9 
-0.018083924201749296 0.7193511222759974 0.5132532002827114 0.6 0.95 0.25 0.95 0.85 0.5 0.2 0.8 0.6 0.5 0.45 0.2 0.65 0.15 0.4 1.0 0.55 0.4 0.7 0.15 0.2 0.5 0.8 0.4 0.95 0.6 0.8 0.7 0.05 0.1 0.05 0.4 0.4 0.4 0.05 0.25 
-8.644689321411265 0.4726911070291864 0.6554220553785104 1.0 0.95 0.55 1.0 0.3 0.45 0.95 0.85 0.35 0.8 0.8 0.6 0.95 0.3 1.0 0.5 0.8 0.2 0.5 0.65 0.45 0.05 0.85 0.4 1.0 0.35 0.3 0.9 1.0 0.4 0.15 0.75 0.85 0.25 0.35 0.1 
-0.008146823338074904 0.7065225417509852 0.4260123575642928 0.7 0.4 0.75 0.95 0.85 0.4 0.85 0.75 0.4 0.6 0.4 0.1 0.95 1.0 0.2 1.0 0.45 0.25 0.7 0.75 0.8 1.0 0.35 0.05 1.0 0.7 0.8 0.7 0.95 0.05 0.55 0.55 0.6 1.0 0.45 0.9 
-15.559651015869427 0.32419706191586906 0.32343547018288277 1.0 0.65 0.45 0.7 0.85 0.5 0.9 1.0 0.45 0.6 0.0 0.55 0.45 0.2 0.4 0.45 0.2 0.75 0.35 0.5 0.95 0.15 0.2 0.1 1.0 0.55 0.5 0.95 0.25 0.2 0.55 0.6 0.0 1.0 0.5 0.15 
-0.0325389767053721 0.6037935885785861 0.6365247578651505 0.8 0.0 0.25 0.95 0.85 0.4 0.25 0.7 0.8 0.35 0.35 0.75 0.05 0.4 0.95 0.85 0.45 0.4 0.7 0.15 0.2 0.8 0.25 0.65 1.0 0.7 0.8 0.7 0.95 0.05 0.55 0.95 0.65 0.45 0.75 0.4 
-0.03132050620076004 0.5954372346771158 0.6346928466153824 0.8 0.0 0.25 0.95 0.85 0.4 0.25 0.7 0.8 0.35 0.35 0.75 0.05 0.25 0.3 0.85 0.45 0.4 0.7 0.15 0.2 0.8 0.25 0.65 1.0 0.7 0.8 0.7 0.95 0.05 0.55 0.95 0.65 0.45 0.75 0.4 
-0.46936910238712587 0.46338588342602915 0.3674096556056813 0.9 0.5 0.4 1.0 0.95 0.55 0.85 0.85 0.45 0.75 0.0 0.55 0.25 0.35 0.45 0.8 1.0 0.9 0.05 0.3 0.7 0.6 0.65 0.1 0.95 0.65 0.1 0.95 0.3 0.3 0.0 0.65 0.55 0.15 0.65 1.0 
-0.11550733620134249 0.4022342325612724 0.3317172727111195 0.95 0.5 0.15 1.0 0.95 0.5 0.9 0.9 0.5 0.6 0.0 0.55 1.0 0.5 0.7 0.9 0.75 1.0 1.0 0.0 0.75 0.6 0.5 0.1 1.0 0.65 0.35 0.95 0.3 0.25 0.55 0.2 0.0 0.15 0.5 0.6 
-0.01784209759005412 0.6919160773748069 0.4090414316898299 0.7 0.0 0.4 0.95 0.85 0.4 0.85 0.75 0.4 0.6 0.4 0.1 0.8 1.0 0.2 1.0 0.45 0.25 0.7 0.75 0.8 1.0 0.35 0.05 0.9 0.7 0.8 0.7 0.95 0.05 0.55 0.55 0.6 1.0 0.45 0.9 
-0.10686771564868121 0.7144286376792544 0.45335553962397845 1.0 0.0 0.25 0.95 0.85 0.4 0.7 0.75 0.6 0.4 0.1 0.1 1.0 1.0 0.5 0.75 0.45 0.4 0.7 0.75 0.2 0.0 0.35 0.05 0.95 0.7 0.85 0.7 0.95 0.05 0.55 0.4 0.65 1.0 1.0 0.9 
-6.479978007670386 0.34343339986535437 0.3217512154691048 1.0 0.65 0.45 0.7 0.85 0.5 0.55 1.0 0.45 0.6 0.0 0.55 0.8 0.3 0.6 0.45 0.1 0.75 0.55 0.05 0.3 0.65 0.2 0.35 0.75 0.55 0.4 1.0 0.25 0.2 0.55 0.5 0.6 1.0 0.5 0.0 
-3.049417574450679 0.24993887241417062 0.4559541155825626 1.0 0.4 0.65 0.95 0.2 0.45 1.0 0.95 0.4 0.9 0.9 0.75 0.9 0.65 0.3 0.0 0.7 0.8 0.75 0.05 0.65 0.8 0.6 0.65 0.9 0.35 0.4 0.95 0.9 0.2 0.9 0.25 0.4 0.25 0.3 0.8 
-0.15685323021934985 0.25409158164741086 0.529389396628017 0.6 0.4 0.65 1.0 0.3 0.45 1.0 0.95 0.8 0.9 0.9 0.75 0.75 0.65 0.3 0.0 0.7 0.1 0.55 0.05 0.65 0.3 0.95 0.65 1.0 0.35 0.4 0.95 0.95 0.2 0.9 0.25 0.1 0.25 0.3 0.8 
-0.18606809679201197 0.28650630798337795 0.37109503237329067 0.75 0.65 0.35 0.9 0.75 0.55 1.0 1.0 0.45 0.6 0.0 0.55 0.8 0.45 0.1 0.45 0.9 0.9 0.3 0.1 0.95 0.05 0.5 0.05 0.95 0.6 0.25 1.0 0.3 0.15 0.65 0.4 0.45 1.0 0.2 0.15 
-0.18214195545678197 0.6258621633245532 0.6355062284220799 0.75 0.3 0.15 0.8 1.0 0.45 0.95 0.9 0.35 0.6 0.5 1.0 0.85 0.3 0.25 1.0 0.35 0.6 0.95 0.9 0.8 0.1 0.8 0.6 0.85 0.95 0.65 0.9 1.0 0.15 0.65 0.55 0.65 0.25 0.3 0.65 
-0.07604715844747899 0.7107220252326907 0.5332809513492047 0.6 0.95 0.25 0.95 0.85 0.5 0.2 0.8 0.95 0.5 0.45 0.2 0.65 0.15 0.3 1.0 0.55 0.4 0.7 0.15 0.2 0.5 0.8 0.4 0.95 0.6 0.8 0.7 0.05 0.1 0.15 0.4 0.4 0.4 0.05 0.25 
-0.008840399218574517 0.5608878113240225 0.35657360506773916 1.0 0.0 0.8 0.95 0.75 0.4 0.85 0.45 0.15 0.1 0.1 0.15 0.95 0.75 0.2 0.85 0.5 0.65 0.7 1.0 0.65 0.0 0.15 0.65 0.9 0.65 0.85 1.0 0.95 0.2 0.1 0.15 0.25 0.4 0.15 0.45 
-3.4915195240798793 0.42983915235513037 0.3329379650258876 1.0 0.45 0.4 0.9 0.95 0.7 0.85 0.9 0.6 0.6 0.0 0.55 1.0 0.5 0.7 0.9 0.75 0.95 1.0 0.7 0.75 0.6 0.5 1.0 1.0 0.65 0.45 0.8 0.3 0.3 0.75 0.2 1.0 0.15 0.5 0.6 
-5.096457243985131 0.6582804394094222 0.6290411588409217 0.75 0.3 0.15 0.8 1.0 0.45 0.95 0.9 0.35 0.65 0.5 1.0 0.8 0.3 0.35 1.0 0.35 0.6 0.95 0.9 0.8 0.1 0.4 0.6 0.85 0.95 0.65 0.9 1.0 0.15 0.65 0.55 0.65 0.95 0.65 0.65 
-0.17393334159554275 0.4228872678666832 0.3473411726745519 0.9 0.5 0.4 1.0 0.85 0.5 0.8 0.85 0.45 0.75 0.0 0.55 0.5 0.5 0.85 0.9 1.0 1.0 0.05 0.3 0.25 0.6 0.65 0.1 0.85 0.65 0.5 0.95 0.3 0.3 0.55 0.65 0.55 0.15 0.5 0.2 
-0.041714036081415926 0.6392963921364078 0.6153134778148726 0.2 0.0 0.3 0.95 0.85 0.5 0.2 0.3 0.6 0.3 0.45 0.2 0.65 0.15 0.15 1.0 0.5 0.4 0.95 0.15 0.2 0.05 0.8 0.95 1.0 0.6 0.8 0.7 0.05 0.1 0.55 0.4 0.95 0.4 0.65 0.25 
-11.015296882280605 0.5687486691890207 0.657083997042363 0.7 0.9 0.25 1.0 1.0 0.5 0.85 0.9 0.35 0.6 0.8 1.0 0.4 0.45 0.4 1.0 0.35 0.6 0.8 0.55 0.8 0.75 0.7 0.6 0.95 0.95 0.6 0.9 1.0 0.15 0.05 0.15 0.95 0.0 0.15 0.15 
-10.50629579554212 0.6047275177930673 0.654306491156107 0.7 0.25 0.05 0.8 1.0 0.45 0.8 0.9 0.35 0.6 0.5 1.0 0.4 0.45 0.45 1.0 0.35 0.6 0.55 0.55 1.0 0.8 0.8 0.45 0.95 0.95 0.65 0.9 1.0 0.15 0.65 0.55 0.3 0.0 0.15 0.95 
-0.06765799540798755 0.6658234675904089 0.6048249414088485 0.45 0.0 0.55 0.95 0.85 0.5 0.2 0.85 0.6 0.5 0.45 0.2 0.8 0.15 0.15 0.95 0.5 0.4 0.95 0.15 0.65 0.45 0.8 0.4 1.0 0.6 0.8 0.7 0.05 0.1 0.45 0.4 0.35 0.4 0.65 0.25 
-13.716452514709232 0.22622884716132613 0.4554802912466432 0.6 0.4 0.65 0.95 0.2 0.35 1.0 0.95 0.8 0.9 0.9 0.75 0.85 0.65 0.3 0.0 0.7 0.1 0.7 0.05 0.65 0.3 0.6 0.65 1.0 0.35 0.4 0.9 0.9 0.2 0.9 0.25 0.1 0.25 0.3 0.8 
-5.0326773663476 0.6303528372974582 0.6505418705799431 0.75 0.3 0.15 0.8 1.0 0.45 0.95 0.9 0.35 0.6 0.5 1.0 0.2 0.3 0.25 1.0 0.35 0.6 0.95 0.9 0.8 0.1 0.8 0.6 0.85 0.95 0.65 0.9 1.0 0.15 0.65 0.55 0.65 0.2 0.65 0.65 
-0.004577150352177594 0.7059442978579579 0.3950602136464512 0.7 0.0 0.25 0.95 0.85 0.4 1.0 0.75 0.4 0.4 0.4 0.1 0.95 1.0 0.2 0.75 0.45 0.25 0.7 0.75 0.3 1.0 0.35 0.05 1.0 0.7 0.8 0.7 0.95 0.05 0.55 0.55 0.2 1.0 0.45 0.9 
-0.02276800983368789 0.3978029284402263 0.33670893811813707 0.9 0.5 0.15 1.0 0.95 0.5 0.9 0.9 0.5 0.6 0.0 0.55 1.0 0.5 0.7 0.9 0.75 1.0 1.0 0.6 0.75 0.6 0.5 0.1 1.0 0.65 0.35 0.95 0.3 0.25 0.55 0.2 0.0 0.15 0.5 0.6 
-0.5055561544354586 0.6875473038303714 0.393857187237163 0.7 0.0 0.25 0.95 0.85 0.4 1.0 0.75 0.4 0.4 0.4 0.1 0.95 0.0 0.2 0.55 0.35 0.25 0.7 0.75 0.25 1.0 0.35 0.05 1.0 0.7 0.8 0.7 0.95 0.05 0.55 0.55 0.2 1.0 0.45 0.9 
-0.050971197715806126 0.5476533358852818 0.3305423675566661 0.0 0.35 0.85 1.0 0.75 0.4 0.9 0.45 0.1 0.05 0.7 0.4 1.0 0.75 0.2 0.75 0.5 0.65 0.6 1.0 0.75 0.9 0.15 0.05 1.0 0.65 0.9 1.0 0.95 0.2 0.1 0.2 0.25 0.4 0.15 0.45 
-0.12849908896360954 0.281992872274598 0.38078342394456893 0.75 0.65 0.35 0.9 0.75 0.55 1.0 1.0 0.45 0.6 0.0 0.55 0.8 0.45 0.1 0.45 0.9 0.9 0.3 0.1 0.95 0.05 0.5 0.05 0.95 0.6 0.25 0.95 0.3 0.15 0.65 0.4 0.45 1.0 0.2 0.15 
-0.01282518981175161 0.5456022482785642 0.366121115014623 1.0 0.0 0.85 0.95 0.75 0.4 0.85 0.45 0.15 0.05 0.1 0.4 0.8 0.75 0.65 0.8 0.5 0.65 0.4 1.0 0.65 0.7 0.15 0.65 1.0 0.65 0.85 1.0 0.95 0.2 0.1 1.0 0.75 0.4 0.15 0.45 
-0.15523760802270492 0.720816422861225 0.4572788442697396 0.9 0.0 0.25 0.95 0.85 0.4 0.95 0.75 0.6 0.4 0.1 0.1 0.65 0.05 0.45 0.75 0.45 0.4 0.7 0.4 0.6 0.0 0.35 0.05 0.95 0.7 0.85 0.7 0.95 0.05 0.45 0.4 0.05 1.0 0.25 0.9 
-0.019558839380740618 0.43549366629545644 0.34623200678069 0.9 0.5 0.4 1.0 0.85 0.55 0.9 0.85 0.45 0.75 0.0 0.55 0.55 0.0 0.85 0.9 1.0 1.0 0.05 0.3 0.25 0.6 0.45 0.1 0.85 0.65 0.5 0.95 0.3 0.3 0.55 0.0 0.55 0.15 0.5 0.2 
-0.09938099108859773 0.6838019311324885 0.5963021535860328 0.55 0.0 0.45 0.95 0.85 0.5 0.2 0.8 0.6 0.5 0.45 0.2 0.65 0.15 0.1 1.0 0.5 0.4 0.35 0.75 0.65 0.45 0.15 0.8 1.0 0.6 0.8 0.7 0.05 0.1 0.45 0.4 0.35 0.3 0.75 0.25 
-8.820300592350138 0.5393084204494277 0.6554303301625759 0.75 0.4 0.25 1.0 1.0 0.5 0.8 0.9 0.4 0.6 0.8 1.0 0.75 0.45 0.35 1.0 0.35 0.3 0.55 0.55 0.8 0.55 0.7 0.6 1.0 0.95 0.6 0.55 1.0 0.15 0.75 0.15 0.3 0.0 0.8 0.3 
-0.1753083287895748 0.28073714870013133 0.5781059209703263 0.6 0.5 0.85 0.95 0.2 0.45 1.0 0.95 0.8 0.9 0.9 0.75 0.9 0.65 0.3 0.25 0.7 0.1 0.75 0.05 0.65 0.3 0.5 0.65 1.0 0.35 0.4 0.8 0.95 0.2 0.65 0.1 0.1 0.25 0.45 0.8 
-0.3058483861489262 0.7196786855809042 0.42303979331160985 0.7 0.0 0.25 0.95 0.85 0.4 0.85 0.75 0.4 0.6 0.4 0.1 0.95 1.0 0.2 1.0 0.45 0.25 0.7 0.75 0.8 1.0 0.35 0.05 1.0 0.7 0.8 0.7 0.95 0.05 0.55 0.55 0.6 1.0 0.45 0.9 
-0.22115402481126228 0.515464393642147 0.35213260095134713 0.0 0.35 0.85 1.0 0.75 0.4 0.95 0.45 0.65 0.05 0.7 0.4 1.0 0.75 0.2 0.75 0.5 0.65 0.6 0.5 0.75 0.9 0.15 0.05 1.0 0.65 0.9 1.0 0.95 0.2 0.1 0.2 0.25 0.4 0.15 0.45 
-9.538594083309796 0.3596581153447501 0.3157731447754739 1.0 0.65 0.45 0.7 0.85 0.5 0.55 1.0 0.45 0.6 0.0 0.55 0.95 0.3 0.6 0.45 0.1 0.75 0.55 0.05 0.3 0.65 0.2 0.1 0.75 0.55 0.35 1.0 0.25 0.2 0.55 0.5 0.45 1.0 0.5 0.0 
-0.0680963158363309 0.3202459563925396 0.6174630734285856 0.6 0.5 0.65 0.95 0.2 0.45 1.0 0.95 0.15 1.0 0.9 0.75 0.6 0.65 0.3 0.25 0.7 0.1 0.75 0.05 0.65 0.35 0.5 0.65 1.0 0.35 0.4 0.8 0.95 0.2 0.65 0.25 0.65 0.25 0.15 0.8 
-0.08332099853578061 0.6910843938301462 0.5834929881364939 0.1 0.0 0.45 0.95 0.85 0.5 0.2 0.8 0.6 0.5 0.45 0.2 0.65 0.15 0.1 1.0 0.5 0.4 0.35 0.1 0.65 0.45 0.15 0.8 1.0 0.6 0.8 0.7 0.05 0.1 0.45 0.4 0.35 0.4 0.75 0.25 
-11.530587601368362 0.6858917557554957 0.6206241304076275 0.7 0.3 0.2 0.85 1.0 0.4 0.95 0.9 0.4 0.6 0.1 1.0 0.45 0.1 0.45 1.0 0.35 0.6 0.0 0.85 0.3 0.65 0.8 0.6 1.0 0.95 0.65 0.9 1.0 0.15 0.65 0.55 0.65 0.2 0.8 0.65 
-1.7533872665567367 0.24657001709648046 0.515871393737498 0.6 0.4 0.65 0.95 0.2 0.45 1.0 0.95 0.8 1.0 0.9 0.75 0.9 0.65 0.3 0.0 0.05 0.1 0.7 0.05 0.45 0.3 0.6 0.65 1.0 0.35 0.4 0.9 0.9 0.25 0.9 0.65 0.1 0.25 0.3 0.8 
-19.164839439844854 0.7015475475853518 0.6091241892702255 0.7 0.3 0.2 0.85 1.0 0.45 1.0 0.9 0.4 0.6 0.5 1.0 0.8 0.1 0.3 1.0 0.35 0.6 0.0 0.85 0.8 0.65 0.8 0.6 0.85 0.95 0.65 0.9 1.0 0.15 0.65 0.55 0.65 0.2 0.8 0.65 
-7.0749557418288775 0.23619204715650316 0.48218786482462384 0.6 0.4 0.65 1.0 0.3 0.45 1.0 0.95 0.8 0.9 0.9 0.75 0.75 0.65 0.3 0.0 0.7 0.1 0.75 0.05 0.65 0.3 0.95 0.65 1.0 0.35 0.4 0.95 0.9 0.2 0.9 0.25 0.1 0.25 0.3 0.8 
-0.04582642129968757 0.6938621106065785 0.5681836439042589 0.45 0.95 0.25 0.9 0.85 0.5 0.2 0.85 0.6 0.5 0.45 0.2 0.65 0.15 0.15 1.0 0.55 0.4 0.7 0.15 0.2 0.05 0.8 0.4 0.95 0.6 0.8 0.7 0.05 0.1 0.6 0.4 0.95 0.4 1.0 0.25 
-8.882749079452703 0.7060039174708184 0.585693587549336 0.55 0.0 0.45 0.95 0.85 0.5 0.2 0.8 0.85 0.5 0.45 0.2 0.65 0.15 0.1 1.0 0.5 0.4 0.35 0.75 0.65 0.1 0.15 0.8 1.0 0.6 0.8 0.7 0.05 0.1 0.45 0.4 0.35 0.3 0.75 0.25 
-0.04546653587028521 0.3173109772604711 0.6284692805288615 0.95 0.5 0.65 1.0 0.2 0.45 0.8 0.95 0.15 0.9 0.9 0.75 0.6 0.65 0.3 0.35 0.7 0.1 0.75 0.05 0.65 0.3 0.45 0.65 1.0 0.35 0.4 0.8 0.95 0.2 0.05 0.9 0.3 0.25 0.45 0.8 
-0.38966647273717575 0.31327037006899405 0.6278854828864378 0.9 0.5 0.65 1.0 0.2 0.45 1.0 0.95 0.15 0.9 0.9 0.75 0.7 0.65 0.3 0.35 0.7 0.1 0.75 0.05 0.65 0.3 0.5 0.65 1.0 0.35 0.4 0.8 0.95 0.2 0.05 0.9 0.1 0.25 0.45 0.8 
-0.04515493914726698 0.3389362977479875 0.6334999523804391 0.6 0.5 0.65 0.95 0.2 0.45 1.0 0.95 0.15 1.0 0.9 0.75 0.35 0.65 0.3 0.25 0.7 0.1 0.75 0.05 0.65 0.35 0.5 0.65 1.0 0.35 0.4 0.8 0.95 0.2 0.65 0.25 0.65 0.25 0.45 0.8 
-2.8528657587527637 0.7038474271821195 0.37292377171810076 0.7 0.0 0.25 0.95 0.85 0.4 1.0 0.75 0.4 0.4 0.4 0.1 0.95 1.0 0.2 0.75 0.45 0.25 0.7 0.75 0.3 1.0 0.35 0.05 1.0 0.7 0.8 0.7 0.0 0.05 0.55 0.55 0.2 1.0 0.45 0.9 
-14.868160194905274 0.39363131471803653 0.6541799926322053 0.6 0.95 0.1 1.0 0.2 0.35 0.55 0.85 0.1 0.75 0.8 0.6 0.95 0.5 1.0 0.5 0.8 0.25 0.4 0.65 0.45 0.15 0.5 0.1 1.0 0.35 0.3 0.9 1.0 0.15 0.15 0.2 0.95 0.15 0.95 0.4 
-0.15928845032344474 0.7118795204708027 0.559601909677213 0.45 0.95 0.25 0.95 0.85 0.5 0.2 0.8 0.6 0.5 0.45 0.2 0.6 0.15 0.15 1.0 0.55 0.4 0.7 0.15 0.2 0.05 0.8 0.4 0.95 0.6 0.8 0.7 0.05 0.1 0.6 0.4 0.95 0.4 0.05 0.25 
-0.6035560463103393 0.508868753220572 0.3403783124226639 1.0 0.35 0.85 1.0 0.75 0.4 0.85 0.45 0.35 0.1 0.65 0.55 1.0 0.75 0.2 0.85 0.5 0.65 0.4 1.0 0.2 0.1 0.05 0.65 1.0 0.65 0.25 1.0 0.95 0.2 0.8 0.2 0.25 0.4 0.5 0.45 
-16.346432495235728 0.24092354905805846 0.40786672373462857 0.95 0.4 0.6 0.95 0.15 0.3 1.0 0.95 0.55 0.85 0.9 0.75 1.0 0.65 0.3 0.0 0.7 0.1 0.3 0.0 0.65 0.3 0.6 0.65 1.0 0.35 0.4 0.95 0.9 0.2 0.9 0.95 0.9 0.1 0.3 0.65 
-1.1342586535698216 0.30726033813685805 0.6107043287936247 0.6 0.5 0.65 0.95 0.2 0.45 1.0 0.95 0.15 1.0 0.9 0.75 0.8 0.65 0.3 0.25 0.7 0.1 0.75 0.05 0.65 0.45 0.5 0.65 1.0 0.35 0.4 0.8 0.95 0.2 0.65 0.25 0.65 0.25 0.15 0.8 
-14.259853004546049 0.363460282836793 0.6543095289122313 0.45 0.3 0.35 0.95 0.2 0.3 0.7 0.95 0.4 0.05 0.9 0.3 0.7 0.65 0.3 1.0 0.7 0.2 0.95 0.25 0.85 0.6 0.6 0.65 1.0 0.35 0.4 0.85 0.9 0.15 0.95 1.0 0.8 0.0 0.35 0.6 
-0.18016551412781703 0.5265245276730313 0.3337790014870562 0.7 0.9 0.95 1.0 0.75 0.4 1.0 0.45 0.1 0.05 0.5 0.4 1.0 0.75 0.2 0.85 0.5 0.65 0.45 1.0 0.75 0.65 0.15 0.05 1.0 0.65 0.9 1.0 0.95 0.2 0.1 0.2 0.25 0.4 0.15 0.45 
-0.036041688784519785 0.5599804536792323 0.32559954552580495 0.0 0.35 0.85 1.0 0.75 0.4 0.85 0.45 0.1 0.05 0.7 0.4 0.9 0.75 0.2 0.9 0.5 0.65 0.6 1.0 0.1 0.5 0.15 0.05 1.0 0.65 0.9 1.0 0.95 0.2 0.1 0.2 0.25 0.4 0.15 0.45 
-0.7954857258778474 0.5027689692777545 0.36560662406826294 0.0 0.35 0.85 1.0 0.75 0.4 0.9 0.45 0.1 0.05 0.75 0.45 1.0 0.75 0.2 0.8 0.5 0.65 0.6 1.0 0.75 0.65 0.15 0.05 1.0 0.3 0.9 1.0 0.95 0.2 0.75 0.2 0.25 0.4 0.15 0.45 
-0.2963670004448619 0.5416681431851608 0.32385278172691434 0.0 0.35 0.85 1.0 0.75 0.4 0.95 0.45 0.1 0.05 0.7 0.4 1.0 0.75 0.2 0.75 0.5 0.65 0.6 0.5 0.75 0.9 0.15 0.05 1.0 0.65 0.9 1.0 0.95 0.2 0.1 0.2 0.25 0.4 0.15 0.45 
-12.827405773894869 0.2583061237999349 0.4010228564431769 1.0 0.4 0.55 1.0 0.2 0.3 1.0 0.95 0.75 0.6 0.9 0.75 0.95 0.65 0.3 0.05 0.6 0.2 0.75 0.05 0.05 0.3 0.85 0.25 1.0 0.35 0.4 0.95 0.95 0.2 0.85 0.55 0.1 0.25 0.7 0.65 
-0.23736818927913908 0.6754229028365025 0.36506439482819997 0.7 0.0 0.25 0.95 0.85 0.4 1.0 0.75 0.4 0.4 0.4 0.1 0.8 1.0 0.2 0.75 0.45 0.25 0.7 0.75 0.3 1.0 0.35 0.05 1.0 0.7 0.8 0.7 0.0 0.05 0.55 0.55 0.2 0.5 0.45 0.9 
-17.18084906877605 0.41174902580796624 0.29830894538373 1.0 0.45 0.4 1.0 0.95 0.5 0.85 0.9 0.5 0.6 0.0 0.55 1.0 0.5 0.7 0.9 0.75 0.95 1.0 0.0 0.75 0.6 0.5 1.0 1.0 0.65 0.35 0.8 0.3 0.3 0.55 0.2 0.65 0.15 0.5 0.6 
-1.5173890627948743 0.2658566249379347 0.3769240896646996 0.75 0.65 0.35 1.0 0.75 0.55 1.0 1.0 0.45 0.6 0.0 0.55 0.8 0.45 0.1 0.45 0.9 0.9 0.3 0.1 0.95 0.05 0.5 0.05 0.95 0.6 0.25 0.95 0.3 0.15 0.65 0.4 0.45 1.0 0.2 0.15 
-9.55140206363604 0.3822783646199632 0.31446477092864056 1.0 0.45 0.4 0.9 0.95 0.7 0.6 0.9 0.45 0.6 0.0 0.55 1.0 0.5 0.7 0.9 0.75 0.95 1.0 0.65 0.75 0.9 0.4 1.0 1.0 0.65 0.45 0.8 0.3 0.3 0.75 0.2 1.0 0.15 0.5 0.6 
-0.0176383348307541 0.6392864156903765 0.33568209916285385 0.0 0.6 0.85 1.0 0.75 0.4 1.0 0.45 0.1 0.1 0.4 0.2 1.0 0.75 0.2 0.95 0.5 0.65 0.6 0.65 0.75 0.25 0.5 0.6 1.0 0.55 0.9 1.0 0.95 0.2 1.0 0.2 0.25 0.4 0.15 0.45 
-18.201867793880865 0.6811959097910648 0.6317530042076045 0.7 0.3 0.2 0.85 1.0 0.45 1.0 0.9 0.4 0.6 0.1 1.0 0.45 0.1 0.3 1.0 0.35 0.6 0.05 0.85 0.3 0.65 0.8 0.6 1.0 0.95 0.65 0.9 1.0 0.15 0.65 0.55 0.65 0.2 0.8 0.65 
-15.060540017649053 0.23617874373408126 0.4258532706664852 0.75 0.4 0.6 0.95 0.15 0.3 1.0 0.95 0.8 0.85 0.9 0.75 0.9 0.65 0.3 0.0 0.7 0.1 0.3 0.0 0.65 0.3 0.6 0.65 1.0 0.35 0.4 0.95 0.9 0.2 0.9 0.95 0.9 0.1 0.3 0.65 
-8.81091302037985 0.2365419954863705 0.48915983179438244 0.45 0.4 0.65 0.95 0.2 0.35 1.0 0.95 0.8 0.9 0.9 0.75 0.9 0.65 0.3 0.0 0.7 0.9 0.7 0.05 0.65 0.3 0.8 0.65 1.0 0.35 0.4 0.9 0.9 0.2 0.9 0.25 0.1 0.25 0.3 0.8 
-0.1972910997795359 0.6524222064719233 0.3606835074796664 0.2 0.35 0.8 1.0 0.75 0.4 0.35 0.45 0.35 0.0 0.7 0.35 1.0 0.75 0.2 1.0 0.5 0.65 0.7 0.65 0.25 0.7 0.1 0.65 0.5 0.5 0.85 1.0 0.95 0.2 0.95 0.2 0.25 0.75 0.4 0.45 
-27.355880635997526 0.34214658735062575 0.6465674800803246 0.7 0.3 0.35 0.9 0.2 0.3 0.4 0.95 0.4 0.8 0.9 0.75 0.7 0.55 0.15 1.0 0.7 0.2 0.3 0.0 0.65 0.6 0.8 0.65 1.0 0.35 0.4 0.85 0.9 0.15 0.9 0.45 0.8 0.25 0.35 0.6 
-0.026562700882725443 0.7211818095930085 0.5228939857239879 0.6 0.95 0.25 0.95 0.85 0.5 0.2 0.8 0.6 0.5 0.45 0.2 0.65 0.15 0.3 1.0 0.55 0.4 0.7 0.15 0.2 0.5 0.8 0.4 0.95 0.6 0.8 0.7 0.05 0.1 0.6 0.4 0.4 0.4 0.05 0.25 
-0.015167291561266815 0.5825810970844025 0.3156172408460961 0.0 0.6 0.85 1.0 0.75 0.4 1.0 0.45 0.1 0.05 0.75 0.2 1.0 0.75 0.2 0.8 0.5 0.65 0.6 0.65 0.75 0.25 0.35 0.6 1.0 0.6 0.9 1.0 0.95 0.2 0.75 0.2 0.25 0.4 0.15 0.45 
-0.058062535397944655 0.6332275012122083 0.33376145730642026 0.0 0.6 0.85 1.0 0.75 0.4 1.0 0.45 0.1 0.1 0.75 0.2 1.0 0.75 0.6 0.95 0.5 0.65 0.6 0.85 0.75 0.25 0.35 0.6 1.0 0.55 0.9 1.0 0.95 0.2 1.0 0.2 0.25 0.4 0.15 0.45 
-0.12041473562591698 0.624870120907245 0.32199303967346515 0.8 0.35 0.85 1.0 0.75 0.4 1.0 0.45 0.35 0.1 0.4 0.2 1.0 0.75 0.15 0.95 0.5 0.65 0.5 1.0 0.65 0.55 0.0 0.85 0.8 0.65 0.95 1.0 0.95 0.2 0.05 0.25 0.25 0.4 0.2 0.45 
-9.639026168837074 0.7255014496226664 0.4120745878808615 0.45 0.4 0.75 0.95 0.85 0.4 0.9 0.75 0.85 0.6 0.4 0.1 0.55 0.85 0.4 1.0 0.45 0.25 0.7 0.75 0.8 1.0 0.35 0.3 0.8 0.7 0.8 0.7 0.95 0.05 0.55 0.55 0.6 1.0 0.45 0.9 
-8.63219854151815 0.46829442668378013 0.3442508353725303 0.95 0.5 0.4 0.8 0.95 0.5 0.85 0.9 0.5 0.6 0.0 0.55 1.0 0.5 0.7 0.9 0.75 0.95 1.0 0.0 0.75 0.6 0.5 0.1 1.0 0.65 0.35 0.95 0.3 0.3 0.55 0.2 0.65 0.15 0.5 0.6 
-8.265393935238537 0.533297087667283 0.30255612687401034 0.7 0.35 0.95 1.0 0.75 0.4 1.0 0.45 0.1 0.05 0.85 0.15 1.0 0.75 0.2 0.85 0.5 0.65 0.45 1.0 0.75 0.65 0.15 0.05 1.0 0.65 0.9 1.0 0.95 0.2 0.1 0.2 0.25 0.4 0.15 0.45 
-10.712365954578512 0.7288913169696383 0.3948167169361032 0.7 0.4 0.75 0.95 0.85 0.4 0.95 0.75 0.85 0.6 0.4 0.1 0.8 0.85 0.2 1.0 0.45 0.25 0.7 0.75 0.8 1.0 0.35 0.4 0.8 0.7 0.8 0.7 0.95 0.05 0.55 0.55 0.6 1.0 0.45 0.9 
-3.941063233932966 0.28520940150762186 0.6065983311951021 0.9 0.5 0.65 1.0 0.2 0.45 1.0 0.95 0.25 0.95 0.9 0.75 0.7 0.65 0.3 0.35 0.7 0.1 0.75 0.05 0.65 0.3 0.5 0.65 1.0 0.35 0.4 0.8 0.95 0.2 0.05 0.9 0.1 0.25 0.45 0.8 
-36.10729329477216 0.24543417428371467 0.3482691425124306 1.0 0.4 0.6 0.95 0.2 0.3 1.0 0.95 0.8 0.95 0.9 0.75 1.0 0.65 0.25 0.0 0.7 0.1 0.3 0.0 0.65 0.3 0.6 0.65 1.0 0.35 0.4 0.95 0.9 0.2 0.9 0.95 0.9 0.25 0.3 0.65 
-23.068997913190923 0.2826151947346651 0.3439395541740169 0.95 0.4 0.6 0.9 0.2 0.3 1.0 0.95 0.8 0.85 0.9 0.75 0.9 0.65 0.3 0.0 0.7 0.1 0.3 0.0 0.4 0.3 0.6 0.65 1.0 0.35 0.35 0.95 0.9 0.2 0.9 0.95 0.9 0.25 0.3 0.75 
-21.758185976299295 0.23017845934827286 0.4118768053316978 1.0 0.4 0.6 0.95 0.2 0.3 1.0 0.95 0.8 0.85 0.9 0.75 0.7 0.65 0.3 0.0 0.7 0.1 0.3 0.0 0.65 0.3 0.6 0.65 1.0 0.35 0.4 0.95 0.9 0.2 0.9 0.95 0.9 0.25 0.3 0.65 
-1.6388477118026974 0.2610585370314009 0.5630588622175385 0.6 0.5 0.75 1.0 0.2 0.45 1.0 0.95 0.8 0.9 0.9 0.75 0.9 0.65 0.3 0.25 0.7 0.1 0.75 0.05 0.65 0.4 0.5 0.65 1.0 0.35 0.4 0.8 0.95 0.2 0.65 0.25 0.1 0.25 0.45 0.8 
-2.728441833969567 0.45168750550565967 0.3288142037786388 0.95 0.5 0.4 0.8 0.95 0.5 0.85 0.9 0.5 0.6 0.0 0.55 1.0 0.45 0.7 0.9 0.75 0.95 1.0 0.0 0.75 0.6 0.55 0.1 1.0 0.65 0.35 0.95 0.3 0.3 0.55 0.2 0.65 0.15 0.5 0.6 
-12.919445401573274 0.5576779393615634 0.30407879700939144 0.7 0.35 0.85 1.0 0.75 0.4 0.9 0.45 0.1 0.05 0.5 0.2 1.0 0.75 0.2 1.0 0.5 0.65 0.4 0.5 0.75 0.85 0.15 0.05 1.0 0.65 0.9 1.0 0.95 0.2 0.1 0.2 0.55 0.4 0.15 0.45 
-20.603147955736958 0.21897536937403367 0.42704316834308187 0.85 0.4 0.65 0.95 0.2 0.4 1.0 0.95 0.8 0.9 0.9 0.75 0.9 0.65 0.3 0.0 0.7 0.1 0.75 0.05 0.65 0.3 0.6 0.65 1.0 0.35 0.4 0.95 0.9 0.2 0.75 0.25 0.1 0.25 0.3 0.8 
-5.888717441086084 0.26406329761345837 0.5852581365974039 0.6 0.5 0.65 0.95 0.2 0.45 1.0 0.95 0.8 0.9 0.9 0.75 0.9 0.65 0.3 0.25 0.7 0.1 0.75 0.05 0.65 0.3 0.5 0.65 1.0 0.35 0.4 0.8 0.95 0.2 0.65 0.25 0.1 0.25 0.45 0.8 
-11.912247023776075 0.4589758482772348 0.33249571238691245 0.95 0.5 0.4 0.75 0.95 0.5 0.85 0.9 0.5 0.6 0.0 0.55 1.0 0.5 0.7 0.9 0.75 0.95 1.0 0.0 0.75 0.6 0.5 0.1 1.0 0.65 0.35 0.95 0.3 0.3 0.85 0.2 0.65 0.15 0.5 0.6 
-15.073224957580521 0.39877231571517424 0.2948540290613063 1.0 0.45 0.4 1.0 0.95 0.55 0.85 0.9 0.5 0.6 0.0 0.55 1.0 0.5 0.7 0.9 0.75 0.95 1.0 0.0 0.75 0.6 0.5 1.0 1.0 0.65 0.35 0.8 0.3 0.3 0.55 0.2 0.65 0.7 0.5 0.6 
-0.7278227982096788 0.6453455671659037 0.324672838783611 0.0 0.6 0.85 1.0 0.75 0.4 1.0 0.45 0.1 0.1 0.75 0.2 1.0 0.75 0.2 0.95 0.5 0.65 0.6 0.65 0.75 0.25 0.35 0.6 1.0 0.55 0.9 1.0 0.95 0.2 1.0 0.2 0.25 0.4 0.15 0.45 
-27.84318253985984 0.5621813976586977 0.668532828670268 0.7 0.9 0.25 1.0 1.0 0.5 0.95 0.9 0.35 0.6 0.8 1.0 0.4 0.45 0.9 1.0 0.35 0.6 0.8 0.55 0.8 0.75 0.7 0.6 0.95 0.95 0.6 0.9 1.0 0.15 0.05 0.15 0.95 0.0 0.15 0.15 
-1.801276589627765 0.6062835230787011 0.3144520188007064 0.0 0.6 0.85 1.0 0.75 0.4 1.0 0.45 0.1 0.05 0.75 0.2 1.0 0.75 0.2 0.95 0.5 0.65 0.6 0.65 0.75 0.25 0.35 0.6 1.0 0.6 0.9 1.0 0.95 0.2 1.0 0.2 0.25 0.4 0.15 0.45 
-25.12989959811932 0.23450323247327737 0.3729370856741695 0.95 0.4 0.6 0.95 0.15 0.3 1.0 0.95 0.8 0.85 0.9 0.75 1.0 0.65 0.3 0.0 0.7 0.1 0.3 0.0 0.65 0.3 0.6 0.65 1.0 0.35 0.4 0.95 0.9 0.2 0.9 0.95 0.9 0.1 0.3 0.65 
-15.842431033590053 0.37724365119785747 0.29754820977388696 1.0 0.45 0.4 1.0 0.95 0.7 0.85 0.9 0.45 0.6 0.0 0.55 1.0 0.5 0.7 0.9 0.75 0.95 1.0 0.3 0.75 0.6 0.5 1.0 1.0 0.65 0.45 0.8 0.3 0.3 0.75 0.2 1.0 0.15 0.5 0.6 
-14.193039107666198 0.3830823977911739 0.2969772208457193 1.0 0.45 0.4 1.0 0.95 0.7 0.75 0.9 0.45 0.6 0.0 0.55 1.0 0.5 0.7 0.9 0.75 0.95 1.0 0.3 0.75 0.6 0.5 1.0 1.0 0.65 0.45 0.8 0.3 0.3 0.75 0.2 1.0 0.15 0.5 0.6 
-16.8553013718801 0.4404079973830976 0.30940679650763336 1.0 0.45 0.4 0.7 0.95 0.7 0.75 0.9 0.5 0.6 0.0 0.55 1.0 0.5 0.7 0.9 0.75 0.95 1.0 0.3 0.75 0.6 0.5 1.0 1.0 0.65 0.45 0.8 0.3 0.3 0.75 0.2 1.0 0.15 0.5 0.6 
-10.433601065463945 0.7420865842051413 0.4469312833903554 0.3 0.4 0.55 0.95 0.85 0.4 0.9 0.75 0.85 0.6 0.4 0.1 0.55 0.85 0.2 1.0 0.45 0.3 0.5 0.75 0.8 1.0 0.35 0.4 0.8 0.7 0.8 0.7 0.95 0.05 0.55 0.55 0.55 1.0 0.2 0.9 
-15.531359491612806 0.5195128608411493 0.2919942615348934 0.7 0.35 0.85 1.0 0.75 0.4 1.0 0.45 0.1 0.05 0.95 0.4 1.0 0.75 0.2 0.85 0.5 0.65 0.45 1.0 0.75 0.65 0.15 0.05 1.0 0.65 0.9 1.0 0.95 0.2 0.1 0.2 0.25 0.55 0.5 0.45 
-151.5015080313043 0.49679024480046297 0.3111489766569576 0.7 0.35 0.85 1.0 0.75 0.4 1.0 0.45 0.2 0.1 0.5 0.5 1.0 0.75 0.2 0.9 0.5 0.65 0.4 1.0 0.6 0.65 0.15 0.05 1.0 0.65 0.9 1.0 0.95 0.2 0.1 1.0 0.25 0.4 0.05 0.45 
-28.266739051550125 0.3068471530418233 0.31997789645122543 1.0 0.4 0.6 0.95 0.2 0.3 1.0 0.95 0.8 0.85 0.9 0.75 1.0 0.65 0.3 0.0 0.7 0.1 0.3 0.0 0.65 0.3 0.6 0.65 0.75 0.35 0.35 0.95 0.9 0.2 0.9 0.95 0.9 0.25 0.3 0.65 
-22.976325162340984 0.6198923406646567 0.669059587634463 0.75 0.9 0.15 0.8 1.0 0.45 0.95 0.9 0.35 0.6 0.5 1.0 0.2 0.3 0.25 1.0 0.35 0.6 0.95 0.9 0.8 0.1 0.8 0.6 0.85 0.95 0.65 0.9 1.0 0.15 0.65 0.55 0.65 0.2 0.65 0.65 
-23.08948958992004 0.2368085620319782 0.3769612810355577 0.95 0.4 0.6 0.95 0.15 0.3 1.0 0.95 0.8 0.85 0.9 0.75 0.9 0.65 0.3 0.0 0.7 0.1 0.3 0.0 0.65 0.3 0.6 0.65 1.0 0.35 0.4 0.95 0.9 0.2 0.9 0.95 0.9 0.1 0.3 0.65 
-24.91812263943321 0.39660166407250896 0.2773560887153911 1.0 0.45 0.4 1.0 0.95 0.7 0.85 0.9 0.45 0.6 0.0 0.55 1.0 0.5 0.7 0.9 0.75 0.95 1.0 0.65 0.75 0.6 0.4 1.0 1.0 0.65 0.4 0.8 0.3 0.3 0.75 0.2 1.0 0.15 0.5 0.6 
-16.061166048844953 0.511342110156797 0.30809936927230064 0.6 0.35 0.85 1.0 0.75 0.4 1.0 0.45 0.1 0.05 0.5 0.95 1.0 0.75 0.2 0.85 0.5 0.65 0.45 1.0 0.75 0.65 0.15 0.05 1.0 0.65 0.9 1.0 0.95 0.2 0.1 0.2 0.25 0.4 0.15 0.25 
-2.0293808272637097 0.7307082094942406 0.4881633391229548 0.3 0.4 0.55 0.95 0.85 0.4 0.9 0.75 0.65 0.6 0.4 0.1 0.55 0.85 0.2 1.0 0.45 0.3 0.5 0.75 0.8 1.0 0.35 0.4 0.8 0.7 0.8 0.7 0.95 0.05 0.55 0.55 0.55 0.25 0.2 0.9 
-32.883745284770974 0.46373133956736395 0.3077514116469805 1.0 0.45 0.4 0.9 0.95 0.7 0.85 0.9 0.45 0.6 0.0 0.55 1.0 0.5 0.7 0.9 0.75 0.95 1.0 0.65 0.75 0.6 0.4 1.0 1.0 0.65 0.4 0.8 0.3 0.3 0.75 0.2 1.0 0.15 0.5 0.6 
-22.570063718126733 0.37170102523336157 0.6683189479395423 0.45 0.3 0.35 0.95 0.2 0.3 0.7 0.95 0.4 0.05 0.9 1.0 0.7 0.65 0.3 1.0 0.7 0.2 0.95 0.25 0.85 0.6 0.6 0.65 1.0 0.35 0.4 0.85 0.9 0.15 0.95 1.0 0.8 0.0 0.35 0.6 
-10.451528268364932 0.7261178172892179 0.499131448813798 0.2 0.4 0.55 0.95 0.85 0.4 0.9 0.75 0.85 0.8 0.4 0.1 0.3 0.9 0.2 1.0 0.45 0.3 0.5 0.75 0.8 1.0 0.35 0.4 0.8 0.7 0.8 0.7 0.95 0.05 0.55 0.55 0.55 0.5 0.2 0.75 
-21.696788799764523 0.6516276671305142 0.6586759423148887 0.4 0.3 0.2 0.85 1.0 0.45 1.0 0.9 0.4 0.6 0.1 1.0 0.45 0.7 0.95 1.0 0.35 0.6 0.05 0.85 0.3 0.65 0.8 0.6 1.0 0.95 0.65 0.9 1.0 0.15 0.6 0.4 0.65 0.2 0.8 0.65 
