-0.0029005437691214404 0.48174097142262634 0.49731894081705663 0.05 0.15 0.35 0.85 0.5 0.25 1.0 0.85 0.25 0.95 0.85 0.3 0.3 0.45 0.35 0.25 0.8 0.65 0.35 1.0 0.65 0.75 0.3 0.35 0.45 0.8 0.0 0.65 0.4 0.55 0.6 0.4 0.45 0.25 0.7 0.15 
-0.004112480896065711 0.507836212803355 0.50793886163941 0.9 0.6 0.95 0.95 0.55 0.9 0.7 0.7 0.5 0.4 0.8 0.75 0.85 0.05 0.2 0.75 0.75 0.5 0.95 0.55 0.3 0.35 0.9 0.8 0.95 0.95 0.35 0.8 0.4 0.05 0.45 0.9 0.15 0.2 0.65 1.0 
-0.00683449558476916 0.5021743027578726 0.5000636116859339 0.9 0.6 0.75 0.75 0.55 0.45 1.0 0.85 0.7 0.6 0.6 0.65 0.1 0.95 0.2 0.6 0.65 0.5 0.4 0.1 0.3 0.4 0.45 0.8 0.45 0.7 0.35 0.65 0.05 0.0 0.95 0.9 0.0 0.2 0.1 0.6 
-0.00033757544912459153 0.5281422936038614 0.4735951714474492 0.65 0.95 0.4 0.25 0.85 0.1 0.9 0.05 0.45 0.4 0.0 0.25 0.85 0.75 0.7 0.8 0.15 0.25 0.45 0.85 0.05 0.1 0.45 0.9 0.25 0.95 0.35 0.9 0.35 0.8 0.8 0.95 0.5 1.0 0.05 0.2 
-0.0005920315423909938 0.5201137297786834 0.5210477129044572 0.65 0.1 0.15 0.85 0.55 0.1 1.0 0.05 0.05 0.55 0.95 0.85 0.65 0.2 0.7 1.0 1.0 0.2 0.55 0.4 0.4 0.75 0.25 0.25 0.75 0.0 0.7 0.85 0.2 0.35 0.15 0.65 0.3 0.3 0.5 0.2 
-0.0023844523855199597 0.5232664906206788 0.5010377147255021 0.45 0.15 0.1 0.15 0.0 0.25 0.25 0.1 0.95 0.6 0.35 0.25 0.3 0.0 0.85 0.45 0.6 0.65 0.55 0.85 0.7 0.4 0.65 0.7 0.75 0.75 0.25 0.9 0.95 0.65 0.95 0.1 0.1 0.75 0.3 0.7 
-0.0010673379453315542 0.4524593179894322 0.44815831132202083 0.5 0.15 0.15 0.5 0.95 1.0 1.0 0.85 0.25 0.8 0.95 0.3 0.4 0.45 0.35 0.45 0.8 0.95 0.35 0.2 0.45 0.75 0.3 0.8 0.45 0.8 0.7 0.65 0.5 0.55 0.6 0.4 0.45 0.25 0.7 0.2 
-0.01836512901062929 0.47721148736946 0.5344808892580906 0.25 0.15 0.2 1.0 0.65 0.25 0.65 0.5 0.65 0.6 0.65 1.0 0.45 0.7 0.4 0.8 1.0 0.25 0.9 1.0 0.4 0.8 0.45 0.4 1.0 0.1 0.25 0.5 0.85 0.4 0.8 0.5 0.35 0.5 0.15 0.9 
-0.00039645262183877485 0.5087324319687312 0.5540196038706258 0.5 0.45 1.0 0.2 0.6 0.1 0.45 0.75 0.7 0.65 0.2 0.7 0.95 0.25 0.5 0.75 0.5 0.8 0.2 0.2 0.1 0.2 0.75 0.9 1.0 0.95 0.65 0.6 0.9 0.1 0.3 0.35 0.9 0.8 1.0 0.85 
-0.017894733064724524 0.5085962009769138 0.5430816947555812 0.5 0.45 1.0 0.25 0.7 0.1 0.45 0.75 0.7 0.65 0.2 0.7 0.95 0.25 0.05 0.75 0.5 0.8 0.05 0.05 0.1 0.2 0.75 0.9 1.0 0.95 0.65 0.55 0.9 0.1 0.3 0.35 0.9 0.8 1.0 0.35 
-0.0013030202652531068 0.47693713137909066 0.5022377170725104 1.0 0.7 0.2 0.0 0.85 0.15 0.1 0.9 0.5 0.15 0.45 0.5 0.35 0.6 0.15 0.5 1.0 0.8 0.55 0.05 0.1 0.7 0.05 0.55 0.8 1.0 0.25 0.7 0.7 0.2 0.05 0.15 0.45 0.1 0.3 0.05 
-0.004804457411563656 0.4342132341631665 0.5064315344156739 1.0 0.95 0.2 0.4 0.85 0.1 0.25 0.8 0.05 0.15 0.65 0.55 0.5 0.6 0.45 0.65 1.0 0.8 0.55 0.05 0.1 0.5 0.55 0.55 1.0 0.9 0.35 0.65 0.7 0.2 0.05 0.15 0.45 0.05 0.95 0.75 
-0.00790357121172138 0.5137606845923641 0.48020412351449326 0.5 0.45 0.85 0.4 0.05 0.95 0.75 0.65 0.55 1.0 0.5 0.7 0.65 0.85 0.4 0.15 0.25 0.95 0.7 0.8 0.85 0.2 0.1 0.8 0.4 0.2 0.65 0.7 0.35 0.35 0.75 0.3 0.25 0.2 0.1 0.35 
-0.0020391494807868666 0.5318654105175262 0.48405854868046017 0.9 0.6 0.75 0.95 0.55 0.9 1.0 0.7 0.5 0.65 0.15 0.65 0.45 0.1 0.6 0.85 0.85 0.45 0.3 0.1 0.3 0.05 1.0 0.8 0.25 0.25 0.8 0.65 0.2 0.0 0.0 0.3 0.5 0.2 0.85 0.1 
-0.004838432427583268 0.47318415741136377 0.5334499442674672 0.7 0.4 0.6 1.0 0.45 0.8 0.8 0.65 0.05 1.0 0.45 0.55 0.8 0.05 0.5 0.3 0.1 0.3 0.3 1.0 0.3 0.45 0.85 0.2 1.0 1.0 0.35 1.0 0.65 0.2 0.45 0.95 0.1 0.8 0.5 0.0 
-0.0024314241319754646 0.4698034373495425 0.487606712811941 0.45 0.4 0.75 1.0 0.45 0.8 0.9 0.65 0.25 0.95 0.45 0.55 1.0 0.95 0.75 0.95 0.1 0.65 0.4 0.6 0.3 0.35 0.85 0.25 0.9 0.1 0.35 1.0 0.65 0.95 0.45 0.7 0.3 0.9 0.85 0.1 
-0.004098164551112573 0.45453360872961196 0.47144702713966163 0.3 0.25 0.15 0.55 0.25 0.75 1.0 0.85 0.25 0.95 0.05 0.3 1.0 0.45 0.55 0.5 0.75 0.75 0.5 0.4 0.25 0.3 0.6 0.7 0.75 0.8 0.4 0.65 0.4 0.2 0.6 0.65 0.4 0.25 0.25 0.5 
-0.003016848170982242 0.39938991754894976 0.4508551814138346 1.0 0.6 0.2 0.4 0.85 0.0 0.25 0.8 0.05 0.15 0.65 0.75 0.7 0.6 0.45 0.65 1.0 0.8 0.55 0.05 0.1 0.5 0.55 0.55 0.65 0.0 0.35 0.65 0.7 0.2 0.05 0.15 0.45 0.05 0.25 0.95 
-0.0006478257549761291 0.5627624711266728 0.494711107703347 0.2 0.15 0.25 0.1 0.85 0.25 0.5 0.45 0.95 0.55 0.35 0.25 0.9 0.0 0.85 0.95 0.6 0.65 0.55 0.35 0.25 0.4 0.8 0.5 0.9 0.75 0.0 0.9 0.95 0.3 0.95 0.1 0.1 0.55 0.7 0.7 
-0.0025598530237279133 0.43071685237230145 0.5026435084592216 1.0 0.95 0.2 0.4 0.15 0.1 0.25 0.8 0.05 0.15 0.65 0.55 0.5 0.6 0.45 0.65 1.0 0.8 0.55 0.05 0.1 0.5 0.55 0.55 1.0 0.9 0.35 0.65 0.7 0.2 0.05 0.15 0.45 0.05 0.95 0.75 
-0.0020904659497999172 0.4819992970367732 0.5482134445074877 0.4 0.05 0.25 0.7 0.85 0.9 0.55 0.2 0.5 0.85 0.8 0.5 0.55 1.0 0.95 0.75 0.35 0.15 0.9 0.15 0.85 0.1 0.0 0.2 0.85 0.1 0.15 0.25 0.0 0.3 0.5 0.25 1.0 0.0 0.15 0.2 
-0.002794362407438781 0.5058001458696864 0.4395835826431557 0.75 0.45 0.85 0.4 0.5 0.95 0.85 0.65 0.55 1.0 0.5 0.7 0.75 0.3 0.85 0.3 0.55 0.9 0.7 0.0 0.75 0.15 0.65 0.85 0.4 0.2 0.8 0.85 0.35 0.35 0.75 0.65 0.6 0.25 0.1 0.9 
-0.007212692704248711 0.5603776800142669 0.5166922215526893 0.2 0.1 0.3 0.85 0.55 0.1 0.7 0.05 0.05 0.55 0.95 0.85 0.65 0.2 0.3 1.0 1.0 0.2 0.55 0.4 0.4 0.75 0.25 0.25 0.75 0.0 0.7 0.85 0.2 0.35 0.15 0.75 0.3 0.3 0.5 0.2 
-0.0005597194428241388 0.5366586643310421 0.4616941900376992 0.75 0.95 0.15 0.25 0.15 0.95 0.9 0.65 0.45 0.4 0.0 0.25 0.85 0.75 0.7 0.95 0.15 0.25 0.45 0.85 0.05 0.1 0.45 0.9 0.2 0.95 0.35 0.9 0.35 0.8 0.9 0.8 0.5 0.65 0.05 0.2 
-0.023957789287002613 0.5541472460333914 0.5427231614037208 0.9 0.6 0.15 0.95 0.3 0.9 0.2 0.55 0.5 0.5 0.6 0.65 0.55 0.05 0.6 0.75 0.75 0.5 0.95 0.1 0.3 0.55 0.9 0.8 0.95 0.95 0.35 0.8 0.4 0.05 0.75 0.8 0.15 0.2 0.8 0.3 
-0.0051290363524831495 0.481054019307488 0.4521888581414797 0.05 0.15 0.35 0.85 0.95 0.55 1.0 0.85 0.25 0.95 0.95 0.3 0.75 0.45 0.35 0.25 0.8 0.55 0.35 1.0 0.65 0.75 0.3 0.05 0.45 0.8 0.0 0.65 0.4 0.55 0.6 0.4 0.45 0.25 0.7 0.15 
-0.010853017777324456 0.5333433040706654 0.5518092270190379 0.45 0.15 0.3 0.15 0.85 0.2 0.2 0.1 0.05 0.6 0.85 0.25 0.9 0.0 0.3 0.5 0.6 0.65 0.55 0.85 0.65 0.4 0.1 0.7 0.75 0.75 0.25 0.9 0.95 0.3 0.95 0.1 0.1 0.55 0.25 0.7 
-0.0015537453600595864 0.5713520105360058 0.46165077700825513 0.6 0.6 0.45 1.0 0.55 0.9 0.9 0.7 0.5 0.3 0.6 0.0 0.85 0.7 0.2 0.7 0.7 0.5 0.25 0.1 0.3 0.35 0.75 0.8 0.0 0.95 0.35 0.75 0.4 0.05 0.75 0.75 0.3 0.2 0.95 0.8 
-0.008944354521426306 0.5185858209851111 0.5554832735166414 0.5 0.45 1.0 0.25 0.25 0.1 0.45 0.75 0.7 0.65 0.2 0.7 0.95 0.25 0.5 0.75 0.5 0.8 0.05 0.05 0.1 0.2 0.75 0.9 1.0 0.95 0.65 0.6 0.9 0.1 0.3 0.35 0.9 0.8 1.0 0.35 
-0.0011078488667574601 0.42285250062579516 0.5362873461687034 0.5 0.05 0.05 0.9 1.0 0.65 0.7 0.0 0.35 0.1 0.1 0.65 0.2 1.0 0.95 0.95 0.65 0.75 0.35 0.8 0.55 0.4 0.85 0.3 0.65 0.65 0.45 0.95 0.4 0.55 0.8 0.05 0.0 0.45 0.9 0.1 
-0.002385629349532925 0.408470041897234 0.5934441734625083 0.25 0.15 0.2 1.0 0.4 0.25 0.9 0.5 0.05 0.55 0.55 1.0 0.5 0.7 0.6 0.8 1.0 0.25 0.65 1.0 0.4 0.8 0.45 0.05 1.0 0.1 0.25 0.5 0.7 0.2 0.8 0.25 0.35 0.55 0.15 0.9 
-0.005716724573948838 0.509519242897628 0.4346453451878729 1.0 0.6 0.7 0.95 0.55 0.9 0.95 0.7 0.5 0.25 0.6 0.35 1.0 0.15 0.2 0.8 0.75 0.45 0.95 0.1 0.75 0.05 0.9 0.75 0.95 0.7 0.35 0.9 1.0 0.9 0.6 0.9 0.25 0.2 0.65 0.5 
-0.0104370497056814 0.5290482614311977 0.5441163016587138 0.45 0.5 0.1 0.15 0.85 0.15 0.5 0.1 0.05 0.45 0.35 0.25 0.9 0.0 0.45 0.95 0.85 0.45 0.55 0.35 0.45 0.4 0.8 0.7 0.9 0.75 0.25 0.9 0.95 0.3 0.95 0.1 0.1 0.55 0.15 0.7 
-0.016017553114092312 0.5671638355408058 0.5261197982462069 0.95 0.6 0.2 0.95 0.55 0.9 0.9 0.7 0.0 0.45 0.6 0.75 0.15 0.8 0.2 0.75 0.7 0.45 0.05 0.95 0.35 0.35 0.9 0.8 1.0 0.9 0.35 0.8 0.05 0.05 0.7 0.15 0.15 0.2 0.3 1.0 
-0.031806622523102984 0.43395098919947384 0.46362591282955135 0.1 0.4 0.5 0.7 0.95 1.0 0.75 0.85 0.25 0.95 0.95 0.3 0.8 0.25 0.15 0.2 0.1 0.65 0.0 1.0 0.1 0.5 0.6 0.8 0.6 0.2 0.7 0.65 0.4 0.05 0.55 0.95 0.65 0.05 0.9 0.5 
-0.016343257795853324 0.5700338030162287 0.49238252556288065 0.25 0.85 0.75 0.65 0.4 0.8 0.6 0.15 1.0 0.45 0.65 0.95 1.0 0.3 0.25 0.75 0.0 0.65 0.0 0.95 0.55 0.45 0.6 0.6 0.45 0.35 0.45 0.85 0.65 0.3 0.9 0.8 0.7 0.8 1.0 0.0 
-0.005627776946024515 0.5838143463333352 0.48464718270514484 0.2 0.25 0.45 0.1 0.7 0.05 0.5 0.1 0.95 0.65 0.35 0.25 0.75 0.95 0.5 0.95 0.6 0.65 0.55 0.35 0.25 0.8 0.05 0.55 0.9 0.6 0.2 1.0 0.95 0.3 0.95 0.95 0.1 0.35 0.7 0.8 
-0.01601282452736227 0.5682042010074545 0.41128007023131047 1.0 0.6 0.75 0.95 0.55 0.9 0.9 0.7 0.7 0.6 0.6 0.65 0.35 0.95 0.2 0.85 0.6 0.5 0.4 0.1 0.3 0.35 0.0 0.8 0.7 0.55 0.35 0.25 0.05 0.0 0.95 0.6 0.3 0.2 0.1 0.6 
-0.013618144778310488 0.4504723632306961 0.435596027475613 0.15 0.0 0.0 0.55 0.95 1.0 1.0 0.85 0.6 0.95 0.95 0.3 0.8 0.1 0.35 0.5 0.6 0.75 0.0 1.0 0.1 0.3 0.6 0.05 0.6 0.8 0.7 0.65 0.4 0.55 0.6 0.85 0.45 0.25 0.7 0.2 
-0.0018623703716182788 0.5416237987608704 0.5781986771605527 0.55 0.35 0.85 0.25 0.35 0.35 0.5 0.9 0.9 0.45 0.45 0.2 0.9 0.0 0.55 0.95 0.6 0.65 0.55 0.35 0.25 0.2 0.15 0.7 0.95 0.75 0.35 1.0 0.95 0.25 0.55 0.7 0.1 0.55 0.15 0.3 
-0.00016276652131718967 0.5318470719546342 0.43113772195148914 0.75 0.95 0.15 0.25 0.85 0.95 0.9 0.65 0.45 0.4 0.0 0.25 0.85 0.75 0.7 0.8 0.15 0.25 0.45 0.85 0.05 0.1 0.45 0.9 0.2 0.95 0.35 0.9 0.35 0.8 0.6 0.8 0.5 1.0 0.05 0.2 
-0.02606122298988088 0.45090008118381664 0.5373506720166042 0.7 0.25 0.85 1.0 0.4 0.25 0.7 0.5 0.85 0.6 0.55 1.0 0.4 0.7 0.4 0.8 1.0 0.25 0.65 1.0 0.25 0.9 0.45 0.05 1.0 0.1 0.25 0.95 0.95 0.75 0.75 0.25 0.35 0.25 1.0 0.9 
-0.005496538308817256 0.6214986494635413 0.5563644598615478 0.2 0.05 0.1 0.1 0.85 0.3 0.5 0.1 0.95 0.45 0.8 0.25 0.9 0.0 0.85 0.95 0.6 0.65 0.55 0.35 0.25 0.4 0.8 0.7 1.0 0.75 0.25 0.9 0.95 0.3 0.95 0.1 0.1 0.55 0.7 0.4 
-0.004599111742936599 0.4076506167445996 0.48563601458405403 0.1 0.15 0.5 0.8 0.1 1.0 0.75 0.85 0.25 0.95 0.95 0.3 0.9 0.2 0.35 0.25 0.1 0.8 0.0 0.7 0.1 0.5 0.6 0.15 0.85 0.65 0.7 0.65 0.95 0.05 0.55 0.85 0.5 0.25 0.9 0.7 
-0.0017882015400102482 0.5852113192470498 0.5321795128277791 0.3 0.05 0.6 0.15 0.35 0.0 0.4 0.6 0.85 0.65 0.35 0.15 0.95 0.1 0.1 0.95 0.6 0.65 0.1 0.55 0.25 0.2 0.15 0.7 0.95 0.75 0.25 0.05 0.95 0.3 0.6 0.4 0.1 0.05 0.9 0.7 
-0.0014693109586745683 0.420886539972025 0.5104334267853715 0.15 0.4 0.75 0.95 0.5 0.8 0.3 0.5 0.05 0.6 0.35 0.65 0.95 0.95 0.9 0.8 0.0 0.5 0.7 0.6 0.35 0.95 0.4 0.85 0.7 1.0 0.35 1.0 0.65 0.25 0.65 1.0 0.5 0.75 1.0 0.55 
-0.0001902498128652265 0.5771618693004819 0.572939829807441 0.45 0.15 0.3 0.15 0.85 0.2 0.2 0.1 0.05 0.7 0.35 0.25 0.9 0.0 0.85 0.5 0.6 0.65 0.55 0.85 0.65 0.4 0.1 0.7 0.75 0.75 0.25 0.9 0.95 0.3 0.95 0.1 0.1 0.55 0.25 0.7 
-0.004413271762561435 0.42017487841304674 0.5466166247450275 0.7 0.4 0.75 1.0 0.45 0.8 0.3 0.65 0.05 0.7 0.45 0.65 0.95 0.95 0.9 0.8 0.9 0.5 0.7 0.6 0.75 0.45 0.85 0.85 0.8 1.0 0.35 1.0 0.65 0.25 0.45 1.0 0.5 0.75 1.0 0.45 
-0.0007390055772792722 0.5584424158626216 0.45267638259368204 0.65 0.6 0.75 0.95 0.55 0.9 0.9 0.7 0.5 0.6 0.6 0.65 0.35 0.5 0.2 0.6 0.6 0.5 0.4 0.15 0.9 0.35 0.1 0.8 0.7 0.95 0.95 0.65 0.05 0.25 0.75 0.4 0.3 0.55 0.1 0.8 
-0.004516313136630825 0.4210680275395557 0.4915181104163498 0.6 0.45 0.9 0.4 0.75 0.95 1.0 0.15 0.3 1.0 0.55 0.55 0.95 0.4 0.95 0.85 1.0 0.5 0.5 0.0 0.45 0.05 0.8 0.45 0.85 1.0 0.35 0.75 0.65 0.25 0.4 0.7 0.25 0.3 0.15 0.75 
-0.003266335790430466 0.6050846851821313 0.49267335444598565 0.9 0.5 0.4 0.95 0.75 0.9 0.9 0.7 0.45 0.4 0.6 0.45 0.6 0.2 0.2 0.75 0.75 0.5 0.75 0.1 0.55 0.35 0.9 0.8 0.85 0.95 0.3 0.8 0.4 0.05 0.45 0.9 0.05 0.2 0.8 0.5 
-0.00023410996474217894 0.43345970056946337 0.4475302706678232 0.4 0.45 0.35 0.4 0.1 0.8 0.9 0.15 0.45 1.0 0.55 0.55 0.95 0.0 0.95 0.85 1.0 0.5 0.5 0.6 0.35 0.05 0.8 0.85 0.85 1.0 0.8 0.0 0.65 0.6 0.0 0.7 0.1 0.1 0.85 0.8 
-0.003288827291156334 0.42700636249475243 0.3952854829286163 0.05 0.2 0.5 0.1 0.95 1.0 1.0 0.85 0.25 0.95 0.95 0.3 1.0 0.1 0.35 0.5 0.8 0.75 0.35 1.0 0.1 0.75 0.15 0.05 0.6 0.8 0.7 0.65 0.4 0.55 0.6 0.3 0.45 0.25 0.7 0.2 
-0.022050618011449228 0.44477077897991657 0.5763896279906348 0.25 0.15 0.2 1.0 0.4 0.25 0.65 0.5 0.65 0.6 0.65 1.0 0.45 0.7 0.4 0.8 1.0 0.25 0.9 1.0 0.4 0.8 0.45 0.4 1.0 0.1 0.25 0.5 0.85 0.4 0.8 0.5 0.35 0.5 0.15 0.9 
-0.0018951442309892389 0.6004046455125414 0.47060479271686284 0.65 0.6 0.15 0.95 0.55 0.9 0.95 0.55 0.5 0.5 0.6 0.65 0.55 0.05 0.5 0.75 0.75 0.45 0.95 0.1 0.3 0.55 0.9 0.8 0.95 0.95 0.15 0.8 0.4 0.05 0.75 0.8 0.15 0.2 0.8 0.3 
-0.007909792944266454 0.5877864065039698 0.5386242488590509 0.2 0.1 0.1 0.85 0.55 0.1 0.0 0.05 0.05 0.55 0.95 0.85 0.65 0.2 0.45 1.0 1.0 0.3 0.15 0.4 0.65 0.75 0.25 0.25 0.85 0.0 0.7 0.85 0.2 0.35 0.7 0.65 0.7 0.3 0.5 0.5 
-0.021152338386703617 0.44489573903840757 0.5713741646271665 0.25 0.15 0.6 1.0 0.4 0.25 0.65 0.5 0.65 0.6 0.65 1.0 0.45 0.7 0.4 0.8 1.0 0.25 0.9 1.0 0.4 0.8 0.45 0.4 1.0 0.1 0.25 0.5 0.85 0.4 0.8 0.5 0.35 0.5 0.15 0.9 
-0.12549077840878034 0.505212883384683 0.5841665859163945 0.25 0.15 0.5 0.65 0.65 0.15 0.5 0.15 0.05 0.7 0.35 0.25 0.75 0.0 0.05 0.95 0.6 0.65 0.55 0.75 0.25 0.4 0.8 0.7 0.9 0.75 0.25 0.85 0.95 0.3 0.95 0.1 0.95 0.55 0.2 0.45 
-0.0076117210186440395 0.5459979195250565 0.4381172879299636 1.0 0.6 0.75 0.95 0.55 0.9 0.9 0.7 0.7 0.6 0.6 0.65 0.5 0.95 0.35 0.1 0.6 0.3 0.4 0.1 0.3 0.45 0.0 0.8 0.7 0.55 0.35 0.65 0.05 0.0 0.95 0.9 0.3 0.2 0.3 0.6 
-0.00537780736052929 0.46441134565197423 0.5781137061898977 0.15 0.2 0.15 1.0 0.4 0.25 0.9 0.5 0.85 0.75 0.35 0.95 0.4 0.7 0.4 0.8 1.0 0.25 0.35 1.0 0.2 0.8 0.45 0.05 1.0 0.1 0.25 0.95 0.95 0.2 0.8 0.45 0.35 0.25 0.15 0.9 
-0.01148060624043981 0.5581779741702252 0.5757157771830753 0.5 0.45 1.0 0.25 0.25 0.1 0.45 0.75 0.7 0.65 0.9 0.7 0.95 0.25 0.5 0.75 0.5 0.8 0.05 0.05 0.1 0.2 0.75 0.9 1.0 0.95 0.85 0.6 0.9 0.1 0.3 0.35 0.9 0.8 1.0 0.35 
-0.01950545826312632 0.38120766918949944 0.4805483627521343 0.45 0.4 0.75 1.0 0.45 0.8 0.9 0.65 0.15 0.15 0.45 0.55 0.8 0.95 0.75 0.75 0.1 0.65 0.9 0.6 0.0 0.55 0.85 0.85 0.9 0.1 0.35 1.0 0.65 0.2 0.45 0.7 0.3 0.8 0.85 0.1 
-0.0006220331360350653 0.5061961617434294 0.40484838341263185 0.9 0.6 0.75 0.95 0.55 0.9 1.0 0.7 0.4 0.85 0.6 0.6 0.45 0.25 0.45 0.1 0.85 0.6 1.0 0.8 0.45 0.4 1.0 0.8 0.25 0.25 0.85 0.7 0.2 0.0 0.95 0.85 0.1 0.2 0.85 0.6 
-0.00023569874699954794 0.37654585063167423 0.5140203592492509 0.6 0.45 0.9 0.4 0.75 0.95 0.9 0.15 0.05 1.0 0.55 0.55 0.95 0.4 0.95 0.85 1.0 0.5 0.5 0.0 0.45 0.05 0.8 0.45 0.85 1.0 0.35 0.75 0.65 0.25 0.4 0.7 0.25 0.3 0.15 0.75 
-0.0032316190788508527 0.4647984528568035 0.426481739795876 1.0 0.5 0.2 0.3 0.95 0.45 1.0 0.85 0.25 0.95 0.95 0.3 0.8 0.25 0.15 0.2 0.85 0.6 0.0 1.0 0.1 0.3 0.6 0.05 0.9 0.65 0.0 0.65 0.4 0.05 0.6 0.6 0.1 0.25 0.7 0.5 
-0.011815369285419266 0.42150767511722953 0.5634691147833456 0.6 0.45 0.25 0.4 0.1 0.8 0.9 0.15 0.05 0.75 0.55 0.55 0.95 0.75 0.05 0.85 1.0 0.5 0.5 0.6 0.35 0.05 0.8 0.85 0.85 1.0 0.35 0.75 0.65 0.25 0.4 0.7 0.1 0.3 0.2 0.8 
-0.016300127489360588 0.38827034972285335 0.5675152839825496 0.7 0.4 0.75 1.0 0.45 0.8 0.8 0.65 0.05 1.0 0.45 0.55 0.8 0.05 0.5 0.75 0.1 0.3 0.3 0.45 0.3 0.45 0.85 0.85 1.0 1.0 0.35 1.0 0.65 0.2 0.45 0.95 0.1 0.8 0.5 0.0 
-0.0005442055287343207 0.6183862042347492 0.5147045947767026 0.2 1.0 0.2 0.1 0.45 0.05 0.8 0.1 0.95 0.65 0.35 0.25 0.9 0.95 0.5 0.95 0.6 0.65 0.55 0.35 0.25 0.0 0.8 0.55 0.9 0.75 0.2 0.85 0.95 0.3 0.95 0.55 0.8 0.35 0.7 0.4 
-0.00951618665612546 0.5166391483550746 0.40127544402474935 0.9 0.6 0.75 0.95 0.55 0.9 1.0 0.7 0.4 0.35 0.6 0.65 0.45 0.25 0.25 0.0 0.85 0.6 1.0 0.8 0.3 0.4 1.0 0.8 0.25 0.25 0.85 0.7 0.2 0.0 0.95 0.85 0.1 0.2 0.85 0.6 
-0.006500997469653813 0.39975792603182936 0.5358540344065001 0.65 0.4 0.75 1.0 0.45 0.8 0.9 0.65 0.05 0.2 0.45 0.55 0.7 0.95 0.9 0.75 0.1 0.45 0.9 0.65 0.3 0.65 0.85 0.85 1.0 1.0 0.35 1.0 0.65 0.2 0.9 0.7 0.1 0.8 0.5 0.0 
-0.006488379595367894 0.40497390448034315 0.4700088015585864 1.0 0.6 0.2 0.4 0.85 0.1 0.25 0.8 0.05 0.15 0.65 0.55 0.5 0.6 0.45 0.65 1.0 0.8 0.55 0.05 0.1 0.5 0.55 0.55 1.0 0.9 0.35 0.65 0.7 0.2 0.05 0.15 0.45 0.05 0.95 0.75 
-0.018980092141887034 0.5702568645310746 0.5843964865248656 0.3 0.5 0.6 0.15 0.35 0.0 0.4 0.6 0.75 0.55 0.35 0.15 0.65 0.1 0.1 0.95 0.6 0.3 0.1 0.55 0.0 0.2 0.15 0.7 1.0 0.75 0.25 1.0 0.95 0.3 0.6 0.4 0.1 0.05 0.9 0.7 
-0.06070198917622052 0.5033839773300224 0.43689023485563994 0.75 0.45 0.85 0.4 0.5 0.95 0.85 0.65 0.55 1.0 0.5 0.7 0.75 0.3 0.85 0.25 0.55 0.95 0.7 0.0 0.75 0.15 0.65 0.85 0.4 0.2 0.8 0.85 0.35 0.35 0.75 0.7 0.6 0.25 0.1 0.9 
-0.010305927549331047 0.4378536739167678 0.4057961912987473 0.05 0.0 0.0 0.55 0.95 0.85 1.0 0.85 0.25 0.95 0.95 0.3 0.8 0.1 0.35 0.5 0.8 0.75 0.0 1.0 0.1 0.3 0.6 0.05 0.6 0.8 0.7 0.65 0.4 0.55 0.6 0.85 0.45 0.25 0.4 0.2 
-0.02039682230575904 0.3870818012099578 0.4634122012211117 0.45 0.4 0.75 0.65 0.45 0.8 0.6 0.65 0.25 0.95 0.45 0.55 1.0 0.95 0.75 0.95 0.1 0.65 0.4 0.6 0.3 0.55 0.85 0.85 0.9 0.1 0.35 1.0 0.65 0.2 0.45 0.7 0.3 0.8 0.85 0.1 
-0.006190527083194604 0.5566013306891726 0.4141794358930974 1.0 0.6 0.7 0.95 0.55 0.9 1.0 0.7 0.7 0.6 0.6 0.5 0.5 0.95 0.35 0.6 0.6 0.5 0.4 0.1 0.3 0.35 0.0 0.8 0.7 0.55 0.35 0.65 0.05 0.0 0.95 0.9 0.3 0.2 0.1 0.6 
-0.030670814073469627 0.5522269370768906 0.6079064902917055 0.45 0.15 0.05 0.2 0.65 0.15 0.85 0.15 0.05 0.9 0.35 0.25 0.7 0.45 0.05 0.95 0.6 0.65 0.55 0.35 0.25 0.4 0.0 0.7 0.8 0.8 0.25 0.8 0.95 0.3 0.95 0.6 0.3 0.05 0.2 0.8 
-0.0014630437191903236 0.5231718986204065 0.5857402121842982 0.5 0.15 0.5 0.65 0.65 0.15 0.5 0.15 0.05 0.7 0.35 0.25 0.75 0.95 0.05 0.95 0.6 0.65 0.55 0.35 0.45 0.4 0.8 0.7 0.9 0.75 0.25 0.8 0.95 0.4 0.95 0.15 0.85 0.9 0.2 0.45 
-0.025217169821141232 0.47661706969294443 0.5952119690557516 0.5 0.2 0.45 1.0 0.4 0.25 0.9 0.5 0.65 0.6 0.5 1.0 0.5 0.7 0.45 0.7 0.95 0.25 0.65 0.55 0.1 0.9 0.45 0.05 1.0 0.1 0.25 0.65 0.85 0.2 0.15 0.6 0.65 0.7 0.15 0.3 
-0.00028953754159889516 0.549607449815264 0.6024619088926279 0.5 0.15 0.5 0.65 0.65 0.15 0.5 0.15 0.05 0.7 0.35 0.25 0.75 0.95 0.5 0.95 0.6 0.65 0.55 0.35 0.45 0.4 0.8 0.7 0.9 0.75 0.25 0.8 0.95 0.4 0.95 0.15 0.85 0.9 0.2 0.45 
-0.0049726395304462035 0.43077317357872263 0.43238209397931876 0.95 0.8 0.2 0.4 0.95 0.25 1.0 0.85 0.25 0.95 0.95 0.3 0.8 1.0 0.05 0.5 0.65 0.75 0.8 0.5 1.0 0.3 0.6 0.7 0.6 0.8 0.4 0.65 0.4 0.2 0.6 0.0 0.45 0.25 0.7 0.2 
-0.011903448970684972 0.38360527428189556 0.43116923072806423 1.0 0.75 0.2 0.4 0.85 0.15 0.1 0.55 0.0 0.15 0.45 0.7 0.35 0.6 0.45 0.7 1.0 0.8 0.55 0.05 0.1 0.7 0.05 0.55 0.8 1.0 0.35 0.75 0.7 0.2 0.05 0.15 0.45 0.1 0.35 0.05 
-0.014671203127090832 0.47658621412393826 0.4149718478900801 0.95 0.0 0.2 0.55 0.95 0.45 1.0 0.85 0.25 0.95 0.95 0.3 0.8 1.0 0.85 0.5 0.75 0.75 0.8 0.5 0.1 0.3 0.2 0.7 0.6 0.8 0.7 0.65 0.4 0.2 0.6 0.85 0.45 0.25 0.75 0.3 
-0.000705143640666296 0.46709020563056525 0.4124823995558346 0.95 0.0 0.2 0.55 0.95 0.45 1.0 0.85 0.25 0.95 0.95 0.3 0.8 1.0 0.85 0.5 0.75 0.75 0.8 0.5 0.1 0.3 0.2 0.7 0.35 0.8 0.7 0.65 0.4 0.2 0.6 0.85 0.45 0.25 0.75 0.3 
-0.0010559330114401474 0.46846011375502444 0.620334987790798 0.35 0.2 0.45 1.0 0.4 0.25 0.9 0.5 0.65 0.6 0.65 1.0 0.5 0.7 0.65 0.7 0.95 0.25 0.65 0.55 0.1 0.9 0.45 0.05 1.0 0.1 0.25 0.65 0.85 0.2 0.15 0.5 0.65 0.7 0.15 0.9 
-0.000629872049993905 0.3655817859640438 0.5007758126889343 0.5 1.0 0.9 0.4 0.75 0.8 0.9 0.7 0.05 1.0 0.55 0.55 0.8 0.0 0.7 0.8 1.0 0.5 0.5 0.0 0.6 0.05 0.8 0.55 0.7 0.05 0.4 0.75 0.65 0.25 0.95 0.7 0.7 0.3 0.2 0.0 
-0.015850001139941887 0.3540241358261532 0.5529585097843183 0.9 0.4 0.75 0.7 0.45 0.8 0.9 0.65 0.05 1.0 0.45 0.55 0.95 0.95 1.0 0.8 1.0 0.35 0.7 0.6 0.35 0.45 0.85 0.25 0.7 1.0 0.35 0.8 0.65 0.25 0.45 0.7 0.1 0.3 1.0 0.55 
-0.006153203001103775 0.46338595583001074 0.5946133045770063 0.35 0.2 0.45 0.9 0.4 0.25 0.9 0.5 0.65 0.45 0.65 1.0 0.5 0.7 0.85 0.7 0.95 0.25 0.65 0.55 0.1 0.9 0.45 0.75 1.0 0.1 0.3 0.65 0.85 0.35 0.15 0.5 0.65 0.7 0.15 0.9 
-0.015702402067038188 0.40457190496475637 0.3932999356981742 1.0 0.7 0.2 0.4 0.85 0.2 0.1 0.85 0.5 0.15 0.45 0.5 0.35 0.6 0.45 0.5 1.0 0.8 0.55 0.05 0.35 0.7 0.05 0.3 0.8 1.0 0.25 0.7 0.7 0.2 0.05 0.15 0.45 0.1 0.3 0.05 
-0.01359936040330479 0.3510970315270752 0.5243143922243558 0.6 0.4 0.75 0.7 0.45 0.8 0.9 0.65 0.05 1.0 0.45 0.55 0.65 0.95 0.9 0.8 1.0 0.35 0.7 0.6 0.35 0.2 0.85 0.85 0.7 1.0 0.35 0.8 0.65 0.25 0.45 0.7 0.1 0.3 1.0 0.55 
-0.036275959633819035 0.48735893165203104 0.6059090848464549 0.5 0.2 0.45 1.0 0.4 0.25 0.9 0.5 0.65 0.6 0.5 1.0 0.5 0.7 0.45 0.8 0.95 0.25 0.65 0.55 0.1 0.9 0.45 0.0 1.0 0.1 0.25 0.65 0.85 0.2 0.85 0.6 0.65 0.7 0.15 0.3 
-0.00012657752197751447 0.4147092930860942 0.4135361171195938 0.95 0.3 0.45 0.75 0.25 0.35 0.6 0.85 0.25 0.95 0.95 0.3 0.85 0.05 0.1 0.6 0.75 0.7 0.8 0.9 0.35 0.6 0.6 0.95 0.5 0.8 0.4 0.65 0.4 0.2 0.9 0.75 0.45 0.25 0.25 0.5 
-0.006285577261658877 0.39761656492050795 0.4373343967663294 1.0 0.6 0.2 0.4 0.85 0.0 0.25 0.8 0.05 0.15 0.6 0.75 0.7 0.6 0.45 0.65 1.0 0.8 0.55 0.05 0.1 0.5 0.55 0.55 0.65 0.0 0.35 0.65 0.7 0.2 0.05 0.15 0.4 0.05 0.25 1.0 
-0.0071288079052144 0.5851626717756416 0.5614404752896355 0.45 0.15 0.3 0.15 0.95 0.25 0.2 0.0 0.05 0.7 0.35 0.25 0.9 0.0 0.85 0.5 0.6 0.65 0.55 0.85 0.65 0.4 0.1 0.7 0.75 0.75 0.25 0.9 0.95 0.3 0.95 0.1 0.1 0.55 0.25 0.1 
-0.003971419040397187 0.4212033337624234 0.39141812834766604 0.05 0.2 0.5 0.1 0.95 0.8 1.0 0.85 0.25 0.95 0.95 0.3 1.0 0.1 0.35 0.5 0.8 0.75 0.35 1.0 0.1 0.75 0.15 0.05 0.8 0.8 0.7 0.65 0.4 0.55 0.6 0.3 0.45 0.25 0.7 0.2 
-0.01313092773924761 0.6186935001374732 0.3728206595848314 0.85 0.6 0.2 0.95 0.55 0.9 0.9 0.7 0.5 0.65 0.6 0.75 0.85 0.05 0.2 0.75 0.75 0.6 0.95 0.95 0.05 0.35 0.9 0.8 0.75 1.0 0.8 0.8 0.05 0.05 0.45 0.85 0.15 0.2 0.3 1.0 
-0.003614557590780416 0.5281285455277955 0.6063548186222031 0.45 0.15 0.5 0.25 0.65 0.15 0.85 0.15 0.05 0.7 0.35 0.25 0.7 0.45 0.05 0.95 0.6 0.65 0.55 0.35 0.25 0.4 0.0 0.7 0.8 0.8 0.25 0.8 0.95 0.3 0.95 0.6 0.3 0.55 0.2 0.8 
-0.004403735005049624 0.44824648124275707 0.3961831101375945 0.65 0.35 0.2 0.4 0.95 0.65 1.0 0.85 0.25 0.6 0.95 0.3 0.8 1.0 0.05 0.5 0.75 0.75 0.8 0.5 1.0 0.3 0.6 0.7 0.6 0.8 0.4 0.65 0.4 0.2 0.6 0.9 0.45 0.25 0.7 0.2 
-0.03030470335942749 0.6286559428158967 0.5160290440811781 0.6 0.6 0.8 1.0 0.55 0.9 0.25 0.7 0.5 0.4 0.5 0.65 0.85 0.7 0.2 0.7 0.7 0.5 0.25 0.1 0.3 0.35 0.6 0.8 0.85 0.95 0.25 0.75 0.4 0.05 0.75 0.75 0.3 0.2 0.95 0.8 
-0.01305922713943635 0.3845519146500822 0.5765835738459782 0.75 0.4 0.75 1.0 0.45 0.8 1.0 0.65 0.05 0.95 0.5 0.55 0.65 0.95 0.9 0.2 0.1 0.35 1.0 0.85 0.65 0.45 0.85 0.1 1.0 1.0 0.35 0.75 0.65 0.2 0.55 0.7 0.1 0.35 0.35 0.2 
-1.7161065907495443 0.4857795738280783 0.6273643292881386 0.5 0.2 0.45 1.0 0.4 0.25 0.9 0.5 0.65 0.6 0.5 1.0 0.5 0.7 0.85 0.7 0.95 0.25 0.65 0.55 0.1 0.9 0.45 0.05 1.0 0.1 0.25 0.65 0.85 0.2 0.15 0.6 0.65 0.7 0.15 0.9 
-0.03213995766268206 0.5093646600979289 0.6246072344193645 0.45 0.15 0.5 0.5 0.65 0.15 0.9 0.15 0.05 0.85 0.35 0.25 0.85 0.0 0.05 0.95 0.6 0.65 0.55 0.25 0.25 0.4 0.4 0.25 0.9 0.75 0.25 0.9 0.95 0.3 0.95 0.2 0.45 0.55 0.2 0.8 
-0.04230554124019517 0.5824367544575503 0.3833942289922695 0.9 0.6 0.75 0.95 0.55 0.9 1.0 0.7 0.4 0.35 0.6 0.65 0.45 0.25 0.25 0.85 0.85 0.6 1.0 0.8 0.3 0.4 1.0 0.8 0.25 0.25 0.85 0.7 0.2 0.0 0.95 0.85 0.1 0.2 0.85 0.6 
-0.023122366650768462 0.6322039965417008 0.5004646833545526 0.9 0.75 0.55 0.5 0.5 0.9 0.95 0.7 0.5 0.25 0.6 0.05 1.0 0.15 0.2 0.8 0.75 0.5 0.5 0.1 0.75 0.25 0.9 0.45 0.95 0.95 0.35 1.0 1.0 0.05 0.6 0.9 0.2 0.9 0.65 0.6 
-0.0008400807301835761 0.3756690465319299 0.564052525949378 0.45 0.4 0.75 1.0 0.45 0.8 0.9 0.65 0.05 0.95 0.4 0.55 0.8 0.95 0.9 0.2 0.1 0.3 0.9 0.6 0.3 0.55 0.85 0.85 0.9 0.1 0.35 1.0 0.65 0.2 0.45 0.7 0.3 0.8 0.85 0.55 
-3.078324659199975e-06 0.4501266990549994 0.6181216409823798 0.4 0.2 0.45 1.0 0.4 0.25 0.9 0.5 0.5 0.6 0.65 1.0 0.5 0.5 0.85 0.7 0.95 0.25 0.65 0.55 0.1 0.5 0.45 0.05 1.0 0.1 0.25 0.65 0.85 0.2 0.15 0.5 0.65 0.7 0.15 0.9 
-0.020894637135000508 0.6550802150961089 0.49073415958458255 0.9 0.6 0.2 0.8 0.55 0.9 0.5 0.7 0.5 0.05 0.4 0.65 0.55 0.8 0.05 0.7 0.65 0.5 0.35 0.1 0.3 0.35 0.0 0.8 0.95 0.95 0.45 0.8 0.4 0.05 0.75 0.9 0.45 0.2 0.05 0.8 
-0.007957398669868663 0.5464768404078169 0.3731077946945559 0.85 0.6 0.45 0.95 0.55 0.9 0.9 0.7 0.5 0.45 0.55 0.3 0.85 0.05 0.7 0.75 0.75 0.45 0.95 0.9 0.5 0.35 0.9 0.8 0.65 0.95 0.35 0.85 0.05 0.1 0.65 0.85 0.15 0.2 0.3 1.0 
-0.002835698474321901 0.526913371974295 0.6134431529755395 0.45 0.15 0.5 0.25 0.65 0.15 0.95 0.15 0.05 0.7 0.35 0.25 0.7 0.45 0.05 0.95 0.6 0.65 0.55 0.35 0.25 0.4 0.0 0.7 0.8 0.8 0.25 0.8 0.95 0.3 0.95 0.6 0.3 0.55 0.2 0.8 
-0.004461049656465247 0.5856064292533603 0.42409053585698075 0.9 0.6 0.75 0.75 0.55 0.9 1.0 0.85 0.7 0.6 0.6 0.65 0.1 0.1 0.6 0.6 0.65 0.5 0.4 0.1 0.3 0.4 0.55 0.8 0.45 0.7 0.35 0.65 0.05 0.0 0.95 0.9 0.0 0.2 0.1 0.6 
-0.01660904723066999 0.39055516556922265 0.3987700061278569 1.0 0.75 0.2 0.4 0.85 0.15 0.2 0.55 0.0 0.15 0.45 0.7 0.35 0.6 0.45 0.5 1.0 0.8 0.55 0.05 0.1 0.7 0.05 0.55 0.8 1.0 0.35 0.75 0.7 0.2 0.05 0.15 0.45 0.1 0.25 0.05 
-0.0005281768381923766 0.6315451266041111 0.5413240573806343 0.55 0.35 0.75 0.15 0.35 0.15 0.5 0.1 0.9 0.45 0.45 0.2 0.9 0.0 0.55 0.95 0.6 0.65 0.55 0.35 0.25 0.2 0.15 0.7 0.95 0.75 0.35 1.0 0.95 0.25 0.55 0.7 0.1 0.55 0.15 0.7 
-0.0016414599367505507 0.5837048420963675 0.4154379920849188 1.0 0.6 0.75 1.0 0.55 0.9 0.9 0.7 0.7 0.6 0.6 0.65 0.5 0.95 0.35 0.6 0.6 0.5 0.4 0.1 0.3 0.35 0.0 0.8 0.4 0.55 0.35 0.65 0.05 0.0 0.95 0.9 0.3 0.5 0.1 0.6 
-1.5519765993920818 0.46326872283325715 0.6303659285215011 0.5 0.2 0.45 1.0 0.4 0.25 0.75 0.5 0.25 0.6 0.65 0.9 0.3 0.65 0.85 0.7 0.95 0.25 0.65 0.5 0.1 0.9 0.45 0.05 1.0 0.1 0.25 0.65 0.85 0.2 0.15 0.5 0.65 0.7 0.15 0.9 
-0.006977150081587081 0.6220078960671211 0.4883452818586745 0.85 0.6 0.2 1.0 0.55 0.9 0.9 0.7 0.5 0.3 0.35 0.75 0.85 0.75 0.2 0.75 0.75 0.5 0.05 0.95 0.5 0.2 0.55 0.8 0.65 0.9 0.65 0.8 0.05 0.0 0.45 0.85 0.15 0.45 0.3 1.0 
-0.0033903346122542127 0.5944176903670713 0.39667902279714057 1.0 0.6 0.75 0.95 0.55 0.9 0.9 0.7 0.7 0.6 0.6 0.65 0.35 0.95 0.2 0.85 0.6 0.5 0.4 0.1 0.3 0.35 0.0 0.8 0.7 0.55 0.35 0.65 0.05 0.0 0.95 0.6 0.3 0.2 0.1 0.6 
-0.0025273593449343925 0.636372607847008 0.47179496165412743 1.0 0.6 0.1 0.95 0.55 0.9 0.35 0.55 0.5 0.6 0.6 0.65 0.6 0.05 0.3 0.75 0.75 0.0 0.9 0.85 0.55 0.55 0.8 0.8 0.95 0.95 0.35 0.8 0.4 0.05 0.75 0.8 0.15 0.2 0.75 0.8 
-0.0006889604189676126 0.6186635749786972 0.44281517951991045 0.65 0.6 0.75 0.95 0.55 0.9 0.9 0.7 0.5 0.6 0.6 0.65 0.35 0.7 0.2 0.6 0.6 0.5 0.4 0.1 0.3 0.35 0.0 0.8 0.7 0.95 0.35 0.65 0.05 0.25 0.75 0.9 0.3 0.2 0.1 0.8 
-0.0048280078389185445 0.6064939281396227 0.43311033900740187 0.9 0.6 0.4 0.95 0.75 0.9 0.9 0.7 0.5 0.45 0.6 0.75 0.85 0.2 0.2 0.35 0.75 0.5 0.95 0.1 0.55 0.35 0.9 0.8 0.95 0.95 0.35 0.8 0.4 0.05 0.45 0.9 0.05 0.2 0.8 0.5 
-0.0016325547477039424 0.5989387975712274 0.5794050779605342 0.45 0.15 0.1 0.15 0.85 0.15 0.2 0.6 0.05 0.6 0.35 0.25 0.9 0.0 0.85 0.95 0.6 0.65 0.55 0.35 0.65 0.4 0.1 0.7 0.75 0.75 0.25 0.9 0.95 0.3 0.95 0.1 0.1 0.55 0.15 0.7 
-0.0010236984559842998 0.4317933398758323 0.609948016197347 0.25 0.15 0.75 1.0 0.4 0.25 0.9 0.5 0.65 0.6 0.65 1.0 0.5 0.7 0.6 0.8 1.0 0.25 0.65 1.0 0.55 0.8 0.45 0.05 1.0 0.1 0.25 0.5 0.85 0.3 0.8 0.5 0.35 0.5 0.15 0.9 
-0.021873316493381315 0.40213356710167986 0.3620388766160775 0.3 0.75 0.0 0.25 0.2 0.8 1.0 0.85 0.25 0.95 0.95 0.3 0.6 1.0 0.05 0.5 0.75 0.75 0.05 0.9 0.35 0.1 0.6 0.85 1.0 0.8 0.4 0.65 0.4 0.2 0.6 0.0 0.6 0.25 0.1 0.1 
-0.022738891644114224 0.6423107745545874 0.4292994717298909 0.9 0.6 0.7 0.55 0.55 0.9 0.9 0.7 0.5 0.25 0.6 0.35 1.0 0.15 0.2 0.8 0.75 0.5 0.2 0.1 0.75 0.45 0.9 0.2 0.7 0.95 0.35 0.95 1.0 0.05 0.6 0.9 0.25 0.2 0.65 0.6 
-0.024305409036690904 0.6163666089053892 0.6024192534890542 0.45 0.15 0.3 0.15 0.85 0.2 0.2 0.1 0.05 0.6 0.35 0.25 0.9 0.0 0.85 0.5 0.6 0.65 0.55 0.85 0.65 0.4 0.1 0.7 0.75 0.75 0.25 0.9 0.95 0.3 0.95 0.1 0.1 0.55 0.25 0.7 
-0.003987121100589923 0.6443566788111488 0.5502184476603361 0.2 0.95 0.25 0.1 0.45 0.95 0.25 0.3 0.95 0.45 0.35 0.25 0.9 0.0 0.45 0.95 0.6 0.65 0.55 0.35 0.9 0.95 0.85 0.5 0.6 0.75 0.25 0.9 0.95 0.3 0.65 0.5 0.1 0.95 0.8 0.7 
-0.012630295346602113 0.3719169185810346 0.4426953394895985 0.75 0.75 0.2 0.2 0.85 0.0 0.05 0.8 0.85 0.15 0.65 0.7 0.35 0.6 0.45 0.5 1.0 0.8 0.55 0.05 0.1 0.5 0.55 0.55 1.0 0.9 0.35 0.8 0.7 0.2 0.05 0.15 0.45 0.05 0.25 1.0 
-0.009101800474472843 0.6386480936194119 0.5587569057751518 0.2 0.95 0.25 0.1 0.45 0.45 0.5 0.3 0.95 0.45 0.35 0.25 0.9 0.0 0.5 0.95 0.6 0.65 0.55 0.35 0.9 0.95 0.85 0.5 0.6 0.75 0.25 0.9 0.95 0.3 0.65 0.5 0.1 0.95 0.8 0.7 
-0.0032756304130496655 0.6701648213913695 0.5279699252875392 0.55 0.35 0.3 0.15 0.35 0.15 0.45 0.1 0.9 0.45 0.45 0.2 0.9 0.0 0.55 0.95 0.6 0.65 0.55 0.35 0.25 0.2 0.15 0.1 0.95 0.75 0.35 1.0 0.95 0.25 0.55 0.7 0.1 0.55 0.15 0.7 
-0.002053746782984108 0.6269228806402594 0.44217493958425036 0.9 0.6 0.15 0.95 0.75 0.9 0.9 0.7 0.5 0.45 0.6 0.75 0.85 0.0 0.2 0.75 0.75 0.65 0.95 0.1 0.3 0.35 0.9 0.8 0.95 0.95 0.35 0.8 0.4 0.05 0.45 0.9 0.15 0.2 0.65 0.35 
-0.007532302440365616 0.621912469376642 0.6214146143477353 0.45 0.15 0.3 0.15 0.85 0.2 0.15 0.55 0.05 0.6 0.35 0.25 0.9 0.0 0.85 0.5 0.6 0.65 0.55 0.85 0.65 0.4 0.1 0.7 1.0 0.75 0.25 0.9 0.95 0.3 0.95 0.1 0.1 0.55 0.25 0.7 
-0.007745305356470889 0.7023275414030669 0.4778386215565386 0.9 0.6 0.2 0.7 0.55 0.9 0.4 0.7 0.5 0.05 0.4 0.65 0.55 0.7 0.1 0.55 0.65 0.5 0.95 0.1 0.3 0.35 0.0 0.8 0.95 0.95 0.35 0.8 0.4 0.05 0.75 0.9 0.15 0.2 0.65 0.8 
-0.018524474680842153 0.6925337283361661 0.5003387640813307 0.9 0.6 0.2 0.7 0.55 0.9 0.4 0.7 0.5 0.05 0.4 0.65 0.55 0.7 0.45 0.75 0.65 0.5 0.95 0.1 0.3 0.35 0.0 0.8 1.0 0.95 0.35 0.8 0.4 0.05 0.75 0.9 0.15 0.2 0.65 0.8 
-0.009708414288192553 0.41344083964503103 0.3625349488470081 0.3 0.75 0.0 0.55 0.2 0.8 1.0 0.85 0.25 0.65 0.95 0.3 0.6 1.0 0.05 0.5 0.75 0.75 0.05 0.9 0.35 0.1 0.6 0.7 1.0 0.8 0.4 0.65 0.4 0.2 0.6 0.0 0.6 0.25 0.45 0.1 
-0.01649977534539269 0.3425725756027703 0.5650861902683991 0.6 0.45 0.9 0.8 0.3 0.8 0.9 0.15 0.05 1.0 0.55 0.55 0.85 0.0 0.7 0.85 1.0 0.5 0.5 0.0 0.45 0.05 0.8 0.85 1.0 0.05 0.4 0.85 0.65 0.25 0.2 0.7 0.1 0.2 0.9 0.45 
-0.014375456875384898 0.6816435968187953 0.5199616523365849 0.9 0.6 0.2 0.65 0.55 0.9 0.4 0.7 0.5 0.05 0.4 0.65 0.55 0.65 0.1 0.75 0.65 0.5 0.95 0.1 0.3 0.35 1.0 0.8 0.95 0.95 0.35 0.8 0.4 0.05 0.75 0.9 0.15 0.2 0.65 0.8 
-0.016652606533022942 0.3990333232067694 0.6062342974630117 0.1 0.2 1.0 1.0 0.4 0.25 0.9 0.5 0.95 0.6 0.25 1.0 0.9 0.7 0.6 0.8 1.0 0.25 0.65 0.95 0.4 0.9 0.45 0.1 0.95 0.1 0.25 0.7 0.85 0.2 0.95 0.2 1.0 0.5 0.15 0.7 
-0.004504371722377202 0.6465571970769997 0.5551377984693564 0.2 0.95 0.25 0.1 0.45 0.95 0.25 0.3 0.95 0.45 0.35 0.25 0.9 0.0 0.5 0.95 0.6 0.65 0.55 0.35 0.9 0.95 0.85 0.5 0.6 0.75 0.25 0.9 0.95 0.3 0.65 0.5 0.1 0.95 0.8 0.7 
-19.108034487756246 0.5122941153938625 0.6506417741576305 0.85 0.8 0.55 0.95 0.45 0.35 0.65 0.35 0.3 0.7 1.0 0.95 0.9 0.95 0.45 0.9 0.85 0.4 0.1 1.0 0.25 0.45 0.45 0.3 0.9 0.05 0.25 0.4 0.0 0.15 0.35 0.75 0.0 0.85 0.65 0.35 
-0.0365247096512693 0.4746464796945495 0.3720353220339 0.95 0.0 0.05 0.7 0.95 0.45 1.0 0.85 0.25 0.95 0.95 0.3 0.6 0.25 0.1 0.55 0.8 0.75 0.0 0.85 0.1 0.95 0.45 0.65 0.6 0.8 0.7 0.65 0.3 0.05 0.6 0.85 0.15 0.95 0.25 0.2 
-0.010201080007721014 0.5995914152536824 0.6022492761907453 0.55 0.35 0.85 0.15 0.35 0.35 0.5 0.9 0.9 0.45 0.45 0.2 0.9 0.0 0.55 0.95 0.6 0.65 0.55 0.35 0.25 0.2 0.15 0.7 0.95 0.75 0.35 1.0 0.95 0.25 0.55 0.7 0.1 0.55 0.15 0.7 
-0.004416036957825112 0.598247621547941 0.6132984066371248 0.3 0.6 0.6 0.15 0.35 0.0 0.4 0.6 0.75 0.55 0.35 0.15 0.65 0.1 0.1 0.95 0.6 0.65 0.1 0.55 0.0 0.2 0.15 0.7 1.0 0.75 0.25 1.0 0.95 0.3 0.6 0.4 0.1 0.05 0.9 0.7 
-0.0554853630367466 0.6875146266461664 0.5413675835640431 0.4 0.85 0.3 0.15 0.35 0.0 0.7 0.6 0.75 0.55 0.35 0.15 0.7 0.0 0.75 0.95 0.6 0.65 0.55 0.55 0.25 0.2 0.15 0.7 1.0 0.75 0.25 1.0 0.95 0.3 0.6 0.85 0.1 0.9 0.15 0.7 
-0.016141045761316815 0.6455627471269826 0.5868757246290097 0.2 0.25 0.45 0.1 0.7 0.05 0.5 0.1 0.95 0.65 0.35 0.25 0.75 0.95 0.4 0.95 0.6 0.8 0.55 0.35 0.25 0.8 0.05 0.55 0.9 0.75 0.2 1.0 0.95 0.3 0.95 0.95 0.1 0.35 0.7 0.8 
-0.021077158593189368 0.6563308356433207 0.5819928353834004 0.2 0.25 0.45 0.1 0.7 0.75 0.5 0.1 0.9 0.65 0.35 0.25 0.75 0.95 0.5 0.95 0.6 0.8 0.55 0.65 0.25 0.8 0.3 0.55 0.9 0.75 0.2 1.0 0.95 0.3 0.95 0.8 0.45 0.95 0.7 0.4 
-0.0020502042217674164 0.3828036000402749 0.37338275817866284 0.6 0.8 0.0 0.15 0.1 0.5 1.0 0.85 0.25 0.95 0.95 0.3 0.55 1.0 0.05 0.5 0.75 0.75 0.8 0.9 0.7 0.3 0.6 0.75 1.0 0.8 0.4 0.6 0.4 0.2 0.6 0.0 0.6 0.15 0.7 0.1 
-0.018195816936658168 0.6623507039542628 0.5961438447530463 0.2 0.15 0.4 0.1 0.65 0.15 0.5 0.25 0.95 0.45 0.35 0.25 0.8 0.0 0.6 0.95 0.6 0.65 0.55 0.35 0.25 0.95 0.0 0.5 0.9 0.75 0.25 1.0 0.95 0.3 0.95 0.1 0.05 0.95 0.8 0.7 
-0.003997576544678045 0.6890050805492558 0.5796596140870458 0.2 1.0 0.2 0.1 0.45 0.05 0.5 0.1 0.95 0.65 0.35 0.25 0.9 0.95 0.5 0.95 0.6 0.65 0.55 0.35 0.25 0.0 0.8 0.55 0.9 0.75 0.2 0.85 0.95 0.3 0.95 0.55 0.8 0.35 0.7 0.7 
-33.597887456427536 0.4724200387918347 0.6553013346324797 0.5 0.05 0.2 0.9 0.4 0.35 0.5 0.05 0.9 0.15 0.25 1.0 1.0 0.7 0.75 1.0 1.0 0.4 0.9 0.25 1.0 0.95 0.4 0.6 0.7 0.45 0.25 0.8 0.0 0.1 0.4 0.25 0.8 0.85 0.7 0.75 
-0.000832915157546671 0.3565602482525806 0.3989298910016119 0.3 0.75 0.45 0.55 0.25 0.5 1.0 0.85 0.25 0.95 0.95 0.3 0.95 0.45 0.55 0.5 0.75 0.75 0.8 0.9 0.35 0.3 0.6 0.7 1.0 0.8 0.4 0.65 0.4 0.2 0.6 0.0 0.45 0.25 0.7 0.5 
-0.0032339091846395104 0.361870750337903 0.42133855071229653 0.75 0.75 0.25 0.35 0.85 0.3 0.05 0.8 0.2 0.3 0.65 0.7 0.35 0.6 0.45 0.5 1.0 0.8 0.55 0.05 0.1 0.5 0.55 0.55 1.0 0.9 0.35 0.8 0.7 0.2 0.7 0.15 0.45 0.05 0.25 0.3 
-0.04610093406227589 0.6891368491538915 0.5734751724753451 0.2 0.25 0.45 0.1 0.7 0.05 0.5 0.1 0.95 0.65 0.35 0.25 0.75 0.95 0.4 0.95 0.6 0.65 0.55 0.35 0.25 0.8 0.05 0.55 0.9 0.75 0.2 1.0 0.95 0.3 0.95 0.95 0.1 0.35 0.7 0.8 
-0.005118448489995498 0.7078925540292671 0.5781415647592577 0.2 0.25 0.45 0.1 0.7 0.05 0.5 0.1 0.95 0.7 0.35 0.25 0.75 0.95 0.5 0.95 0.6 0.65 0.55 0.35 0.25 0.8 0.05 0.55 0.9 0.75 0.2 1.0 0.95 0.3 0.95 0.95 0.1 0.35 0.7 0.8 
-0.029607560605091086 0.6894471473450802 0.5202992247808751 0.9 0.6 0.2 0.65 0.55 0.9 0.4 0.7 0.5 0.05 0.4 0.65 0.55 0.65 0.15 0.75 0.65 0.5 0.95 0.1 0.3 0.35 0.8 0.8 0.95 0.95 0.35 0.8 0.4 0.05 0.75 0.9 0.55 0.2 0.65 0.8 
-0.00010014659331034584 0.5420735015515507 0.6333677646000813 0.45 0.15 0.5 0.35 0.65 0.15 0.95 0.15 0.05 1.0 0.35 0.25 0.3 1.0 0.45 0.95 0.6 0.65 0.55 0.35 0.25 0.4 0.85 0.7 1.0 0.8 0.25 0.8 0.9 0.3 0.6 0.4 0.55 0.55 0.2 0.8 
-0.021177153884841822 0.6400244641142754 0.6222712732288351 0.2 0.15 0.6 0.1 0.45 0.15 0.5 0.25 0.95 0.45 0.35 0.25 0.8 0.0 0.6 0.95 0.6 0.65 0.55 0.35 0.25 0.95 0.6 0.5 1.0 0.75 0.25 1.0 0.95 0.3 0.95 0.1 0.05 0.95 0.3 0.7 
-0.008917715727930826 0.6191024563745731 0.6380279435028426 0.5 0.5 0.3 0.15 0.65 0.25 0.4 0.55 0.75 0.55 0.35 0.15 1.0 0.1 0.1 0.9 0.6 0.65 0.1 0.55 0.0 1.0 0.15 0.5 1.0 0.75 0.25 1.0 0.95 0.3 0.45 0.4 0.1 0.7 0.05 0.7 
-72.93401917669247 0.4727091663430745 0.6800487355537368 0.25 0.8 0.45 0.95 0.4 0.35 0.25 0.95 0.0 0.65 0.4 1.0 1.0 0.6 0.65 0.95 0.85 0.4 0.1 1.0 0.0 0.8 0.95 0.85 1.0 0.05 0.25 0.5 0.0 0.15 0.65 0.6 0.35 0.4 0.15 0.15 
-0.007161936405342738 0.5172847225849752 0.6277269068783617 0.45 0.15 0.5 0.5 0.65 0.15 0.9 0.15 0.05 0.85 0.35 0.25 0.85 0.2 0.05 0.95 0.6 0.65 0.55 0.25 0.25 0.4 0.4 0.25 0.9 0.75 0.25 0.9 0.95 0.3 0.95 0.2 0.45 0.55 0.2 0.8 
-0.09462548716623131 0.6962775139041858 0.4905970652280832 0.9 0.6 0.15 0.95 0.55 0.9 0.2 0.55 0.5 0.5 0.6 0.65 0.55 0.05 0.6 0.75 0.75 0.45 0.95 0.1 0.3 0.55 0.9 0.8 0.95 0.95 0.35 0.8 0.4 0.05 0.75 0.8 0.15 0.95 0.8 0.3 
-19.137492252566265 0.5421663125378992 0.6608242788247677 0.85 0.8 0.5 1.0 0.45 0.35 0.5 0.35 0.35 0.85 0.45 0.95 0.9 0.95 0.45 0.9 0.85 0.4 0.1 1.0 0.25 0.45 0.45 0.3 1.0 0.05 0.25 0.45 0.0 0.15 0.35 0.95 0.4 0.85 0.65 0.35 
-0.021075214233604884 0.6731553244420581 0.49448375201367084 0.65 0.6 0.15 0.95 0.55 0.9 0.2 0.55 0.5 0.5 0.6 0.65 0.55 0.05 0.6 0.75 0.75 0.5 0.95 0.1 0.3 0.05 0.9 0.8 0.95 0.95 0.35 0.8 0.4 0.05 0.05 0.8 0.15 0.2 0.8 0.3 
-0.005281886310804195 0.3572541136311067 0.467015667511515 1.0 0.5 0.2 0.3 0.95 0.55 1.0 0.85 0.25 0.95 0.95 0.3 0.8 0.25 0.15 0.2 0.85 0.6 0.0 1.0 0.1 0.3 0.6 0.05 0.9 0.65 0.7 0.65 0.4 0.05 0.6 0.6 0.1 0.25 0.7 0.5 
-33.9763076071712 0.5262598027886596 0.6748407757645072 0.8 0.8 0.5 0.95 0.45 0.2 0.9 0.35 0.55 0.7 1.0 0.95 0.65 0.95 0.45 0.85 0.85 0.4 0.1 0.65 0.25 0.65 0.35 0.2 0.9 0.05 0.25 0.35 0.0 0.15 0.35 0.95 0.4 0.85 0.65 0.35 
-0.004299455908189246 0.4183291512785807 0.6275561362651667 0.7 0.2 0.35 1.0 0.4 0.25 0.8 0.5 0.45 0.75 0.65 1.0 0.5 0.7 0.85 0.6 0.95 0.25 0.65 0.55 0.1 0.9 0.85 0.05 1.0 0.1 0.35 0.65 0.85 0.2 0.55 0.95 0.65 0.7 0.15 0.9 
-0.089133663350584 0.7061648536141603 0.516575207463378 0.9 0.6 0.2 0.7 0.55 0.9 0.4 0.7 0.5 0.05 0.4 0.65 0.6 0.7 0.1 0.7 0.65 0.5 0.95 0.1 0.3 0.35 0.0 0.8 0.95 0.95 0.35 0.8 0.4 0.05 0.75 0.9 0.15 0.2 0.65 0.8 
-0.04426361123420222 0.5522743165701476 0.6399972996538335 0.3 0.6 1.0 0.15 0.45 0.0 0.3 0.45 0.75 0.7 0.35 0.15 0.65 0.1 0.1 0.95 0.6 0.65 0.1 0.55 0.0 0.2 0.15 0.7 1.0 0.75 0.25 1.0 0.95 0.3 0.6 0.4 0.1 0.05 1.0 0.7 
-39.50524845258861 0.5038600615752653 0.6714538552589839 0.45 0.8 0.5 0.95 0.45 0.2 0.9 0.35 0.55 0.7 1.0 0.95 0.65 0.95 0.45 0.85 0.85 0.4 0.1 0.65 0.25 0.65 0.35 0.2 0.9 0.05 0.25 0.35 0.0 0.15 0.35 0.95 0.4 0.85 0.65 0.35 
-0.01987347878214908 0.3461779143826863 0.39993428282730553 0.3 0.8 0.25 0.5 0.25 0.5 1.0 0.85 0.25 0.95 0.95 0.3 0.35 1.0 0.05 0.5 0.75 0.75 0.8 0.9 0.35 0.3 0.6 0.7 1.0 0.8 0.4 0.65 0.4 0.2 0.6 0.0 0.45 0.25 0.7 0.5 
-0.07629834174791786 0.4727069778879853 0.3948600797987457 0.95 0.1 0.8 0.55 0.1 0.6 1.0 0.85 0.25 0.95 0.95 0.3 0.8 1.0 0.05 0.5 0.75 0.75 0.8 0.5 0.35 0.3 0.6 0.7 0.7 0.8 0.4 0.65 0.4 0.2 0.6 0.0 0.45 0.25 0.7 0.2 
-0.0742608068902439 0.5949894630140181 0.6347749895050726 0.45 0.15 0.5 0.0 0.65 0.15 0.9 0.15 0.05 0.7 0.35 0.25 0.65 0.2 0.05 0.95 0.6 0.65 0.55 0.25 0.25 0.4 0.8 0.7 0.9 0.75 0.25 0.9 0.95 0.3 0.95 0.1 0.85 0.55 0.2 0.8 
-7.4793965498454416 0.5146162656136549 0.6519828233719185 1.0 0.5 0.35 0.6 0.75 0.25 0.4 0.35 0.65 1.0 0.4 0.15 0.9 0.1 0.1 0.95 0.6 0.65 0.1 0.25 0.1 1.0 0.15 0.7 1.0 0.75 0.2 1.0 0.95 0.3 0.4 0.0 0.1 0.85 0.7 0.25 
-0.0016886108192013128 0.3558225224512712 0.49145537683823454 0.45 0.4 0.75 1.0 0.45 0.8 0.9 0.65 0.05 0.4 0.45 0.55 0.9 0.95 0.75 0.7 0.1 0.65 0.9 0.6 0.3 0.55 0.85 0.85 1.0 0.1 0.35 1.0 0.65 0.2 0.45 0.7 0.3 0.8 0.85 0.1 
-0.014363287127667487 0.5683418699397431 0.6189427997507186 0.45 0.15 0.6 0.5 0.65 0.15 0.9 0.6 0.05 0.85 0.35 0.25 0.65 0.45 0.05 0.95 0.6 0.65 0.55 0.25 0.25 0.4 0.4 0.7 0.9 0.75 0.25 0.9 0.95 0.3 0.95 0.1 0.85 0.55 0.2 0.8 
-0.02464373239848699 0.6747105199672181 0.4750985109947522 0.9 0.6 0.4 0.95 0.55 0.9 0.55 0.55 0.55 0.5 0.6 0.65 0.55 0.05 0.6 0.75 0.75 0.5 0.95 0.1 0.0 0.55 0.15 0.8 0.95 0.95 0.35 0.8 0.4 0.05 0.75 0.8 0.15 0.2 0.8 0.3 
-0.32018900406212475 0.4853743553626004 0.36553057293854807 0.95 0.0 0.1 0.75 0.95 0.45 1.0 0.85 0.25 0.95 0.95 0.3 0.55 0.25 0.1 0.55 0.8 0.75 0.0 0.85 0.1 0.95 0.45 0.65 0.6 0.8 0.7 0.65 0.3 0.05 0.6 0.85 0.15 0.95 0.25 0.2 
-3.263582075860037 0.4447254166534769 0.6422769433280583 0.75 0.2 0.45 1.0 0.4 0.3 0.9 0.5 0.65 0.55 0.5 1.0 0.5 0.7 0.95 0.7 0.95 0.25 0.65 0.55 0.1 0.9 0.45 0.05 1.0 0.1 0.25 0.65 0.85 0.2 0.15 0.6 0.65 0.7 0.15 0.7 
-0.006120010651659101 0.5762369610054766 0.37545859588531305 0.9 0.6 0.75 0.95 0.55 0.9 1.0 0.7 0.4 0.1 0.6 0.6 0.45 0.25 0.6 0.65 0.85 0.6 1.0 0.8 0.45 0.4 1.0 0.8 0.25 0.25 0.85 0.7 0.2 0.0 0.95 0.85 0.1 0.2 0.85 0.6 
-0.0005952547578481458 0.33029078318746186 0.5164920247791533 0.9 0.4 0.75 0.7 0.45 0.8 0.9 0.65 0.05 1.0 0.45 0.55 0.95 0.95 0.9 0.8 1.0 0.35 0.7 0.6 0.35 0.45 0.85 0.85 0.7 1.0 0.35 0.8 0.65 0.25 0.45 0.7 0.1 0.3 1.0 0.55 
-0.021909604136934508 0.3412896053057365 0.5263719961420698 0.6 0.4 0.75 0.7 0.45 0.8 0.9 0.65 0.05 1.0 0.45 0.55 0.95 0.95 0.9 0.8 1.0 0.35 0.7 0.6 0.35 0.45 0.85 0.85 0.7 1.0 0.35 0.8 0.65 0.25 0.45 0.7 0.1 0.3 1.0 0.55 
-0.07623206173997422 0.3227195055763816 0.49076596953858026 0.7 0.4 0.75 1.0 0.45 0.8 0.3 0.65 0.05 0.7 0.45 0.65 0.95 0.95 0.9 0.8 1.0 0.5 0.7 0.6 0.35 0.45 0.85 0.85 0.7 1.0 0.35 1.0 0.65 0.25 0.45 1.0 0.5 0.75 1.0 0.55 
-0.06297237900003372 0.5026586828055719 0.38759798547095725 0.7 0.6 0.75 0.95 0.45 0.9 1.0 0.7 0.5 0.55 0.6 0.65 0.75 0.25 0.6 0.9 0.85 0.45 0.0 0.1 0.1 0.05 1.0 0.8 0.25 0.25 0.8 0.65 0.2 0.0 0.2 0.3 0.5 0.2 0.95 0.1 
-0.042404316242000736 0.3360868569917156 0.5568054162138594 0.7 0.4 0.75 1.0 0.45 0.8 0.55 0.65 0.05 0.7 0.45 0.65 1.0 0.55 0.9 0.8 1.0 0.5 0.7 0.6 0.35 0.45 0.0 0.85 0.95 1.0 0.35 1.0 0.65 0.25 0.45 1.0 0.5 0.75 1.0 0.55 
-0.01115489019133596 0.6020760555746157 0.3572571830004477 0.95 0.6 0.2 0.95 0.55 0.9 1.0 0.7 0.8 0.45 0.6 0.75 0.95 0.05 0.2 0.75 0.75 0.5 1.0 0.7 0.5 0.35 0.9 0.8 0.65 0.9 0.35 0.8 0.05 0.05 0.45 0.15 0.55 0.2 0.3 1.0 
-0.0008430071230099413 0.4368057762353974 0.38105382144100225 0.65 0.8 0.2 0.4 0.95 0.65 1.0 0.85 0.25 0.95 0.95 0.3 0.8 1.0 0.05 0.5 0.75 0.75 0.8 0.5 1.0 0.3 0.6 0.7 0.6 0.8 0.4 0.65 0.4 0.2 0.6 0.9 0.45 0.25 0.7 0.2 
-0.02600956046096128 0.6466839446125845 0.4034530570251004 0.95 0.6 0.2 0.95 0.55 0.9 1.0 0.7 0.8 0.45 0.6 0.7 0.95 0.05 0.2 0.75 0.75 0.5 1.0 0.7 0.5 0.35 0.9 0.8 0.65 0.9 0.35 0.8 0.05 0.05 0.45 0.15 0.55 0.2 0.3 1.0 
-0.0033915427094389425 0.47040002054995156 0.3693726285889366 0.95 0.0 0.05 0.7 0.05 0.45 1.0 0.85 0.25 0.95 0.95 0.3 0.6 0.25 0.1 0.55 0.8 0.75 0.0 0.85 0.1 0.95 0.45 0.65 0.6 0.8 0.7 0.65 0.3 0.05 0.6 0.85 0.15 0.5 0.25 0.2 
-0.007051655713870467 0.6322509851197078 0.39506353115891285 0.85 0.6 0.45 0.95 0.55 0.9 0.4 0.7 0.5 0.45 0.6 0.75 0.85 0.05 0.2 0.75 0.75 0.45 0.15 0.45 0.5 0.35 0.9 0.8 0.65 0.95 0.35 0.85 0.05 0.05 0.65 0.85 0.15 0.2 0.3 1.0 
-0.0021565832208259024 0.620462072318829 0.37832838032611615 0.85 0.6 0.2 0.95 0.55 0.9 0.9 0.7 0.5 0.45 0.6 0.75 0.85 0.05 0.2 0.75 0.75 0.6 0.95 0.95 0.05 0.35 0.9 0.8 0.75 1.0 0.8 0.8 0.05 0.05 0.45 0.85 0.15 0.2 0.3 1.0 
-0.0479408988758385 0.3108617378559574 0.489903454402633 0.75 0.4 0.75 1.0 0.45 0.8 0.9 0.65 0.05 1.0 0.45 0.6 0.55 0.95 0.9 1.0 0.05 0.5 0.7 0.6 0.35 0.85 0.85 0.85 0.75 0.05 0.35 1.0 0.65 0.2 0.45 0.5 0.95 0.7 1.0 0.4 
-0.03053077354856658 0.42222831141485545 0.3532303405038496 0.3 0.75 0.0 0.55 0.2 0.8 1.0 0.85 0.25 0.95 0.95 0.3 0.6 1.0 0.05 0.5 0.75 0.75 0.05 0.9 0.35 0.1 0.6 0.7 1.0 0.8 0.4 0.65 0.4 0.2 0.6 0.0 0.6 0.25 0.1 0.1 
-0.01092534399572521 0.532328615036675 0.37100718717561554 0.9 0.6 0.75 0.95 0.55 0.9 1.0 0.7 0.4 0.35 0.6 0.6 0.45 0.25 0.45 0.1 0.85 0.6 1.0 0.8 0.45 0.4 1.0 0.8 0.25 0.25 0.85 0.7 0.2 0.0 0.95 0.85 0.1 0.2 0.85 0.6 
-0.003437325570240542 0.6548036726155224 0.43939756592369755 0.55 0.6 0.8 1.0 0.55 0.9 0.9 0.7 0.5 0.25 0.6 0.65 0.85 0.7 0.2 0.7 0.7 0.5 0.75 0.3 0.3 0.35 0.75 0.8 0.85 0.9 0.35 0.75 0.4 0.05 0.75 0.75 0.3 0.2 0.95 0.8 
-0.010118363550264601 0.5114534720141533 0.3616035351848771 0.9 0.6 0.75 0.95 0.55 0.9 1.0 0.7 0.5 0.65 0.6 0.65 0.45 0.25 0.6 0.85 0.85 0.45 0.4 0.1 0.3 0.05 1.0 0.15 0.25 0.25 0.8 0.65 0.2 0.0 0.0 0.3 0.5 0.2 0.85 0.1 
-31.924666778824207 0.4328909730514206 0.6520322528605302 0.1 0.9 0.0 0.95 0.4 0.35 0.65 0.05 0.9 0.15 0.8 1.0 0.8 0.7 0.65 1.0 1.0 0.4 0.9 0.05 0.8 0.3 0.4 0.45 1.0 0.1 0.3 0.8 0.0 0.15 0.15 0.25 0.15 0.15 0.4 0.75 
-0.0792336429609227 0.5404764119194794 0.35193541131923234 0.9 0.6 0.75 0.95 0.55 0.9 1.0 0.7 0.4 0.35 0.6 0.65 0.45 0.25 0.7 0.85 0.85 0.6 1.0 0.8 0.3 0.4 1.0 0.8 0.25 0.25 0.85 0.7 0.2 0.0 0.95 0.85 0.1 0.2 0.85 0.6 
-0.0015350904767290098 0.6361900077429369 0.3855914240905395 0.9 0.6 0.15 0.95 0.55 0.9 0.8 0.75 0.5 0.65 0.6 0.75 0.15 0.1 0.4 0.75 0.75 0.5 0.95 0.1 0.3 0.0 0.5 0.8 1.0 0.95 0.35 0.8 0.4 0.05 0.55 0.9 0.95 0.2 0.65 0.8 
-0.14342774913784734 0.4566206781769918 0.3658706308535902 0.2 0.6 0.8 0.55 0.1 0.6 1.0 0.85 0.25 0.95 0.95 0.3 0.8 0.55 0.05 0.5 0.85 0.75 0.8 0.4 0.35 0.3 0.6 0.7 0.7 0.8 0.45 0.7 0.4 0.2 0.6 1.0 0.5 0.25 0.7 0.2 
-0.02531366865684143 0.6796838390822386 0.6167758470314691 0.2 0.25 0.45 0.1 0.7 0.95 0.5 0.1 0.9 0.65 0.35 0.25 0.4 0.95 0.5 0.95 0.6 0.8 0.55 0.65 0.65 0.8 0.8 0.55 0.9 0.75 0.2 1.0 0.95 0.3 0.95 0.8 0.45 0.95 0.7 0.8 
-0.038221400238041416 0.32314162822399506 0.5369032432734132 0.7 0.4 0.75 0.6 0.45 0.8 0.75 0.7 0.05 0.85 0.45 0.55 0.95 0.95 0.9 0.8 1.0 0.5 0.7 0.6 0.35 0.45 0.75 0.85 1.0 1.0 0.35 0.9 0.65 0.25 0.45 0.9 0.1 0.2 1.0 0.65 
-0.044842920884903305 0.6164727574081393 0.3628341722873726 0.95 0.6 0.2 0.95 0.55 0.9 0.9 0.7 0.4 0.45 0.6 0.75 0.95 0.05 0.2 0.75 0.75 0.5 0.55 0.95 0.5 0.35 0.9 0.8 0.75 0.9 0.35 0.7 0.55 0.05 0.45 0.15 0.15 0.2 0.3 1.0 
-0.0038839292077124483 0.630478264225939 0.3725013997134816 0.85 0.6 0.45 0.95 0.55 0.9 0.9 0.7 0.5 0.45 0.55 0.75 0.85 0.05 0.2 0.75 0.75 0.45 0.95 0.9 0.5 0.35 0.9 0.8 0.65 0.95 0.35 0.85 0.05 0.05 0.65 0.85 0.15 0.2 0.3 1.0 
-39.18613059184195 0.4538995309129191 0.6642114508893125 0.1 0.05 0.2 0.95 0.4 0.35 0.65 0.05 0.9 0.15 0.8 1.0 1.0 0.7 0.75 1.0 1.0 0.4 0.9 0.25 1.0 0.95 0.4 0.05 0.65 0.1 0.25 0.8 0.0 0.1 0.4 0.25 0.35 0.85 0.7 0.75 
-0.0018581006005633691 0.5742565740501101 0.3717570448585378 0.9 0.6 0.75 0.95 0.55 0.9 1.0 0.7 0.4 0.45 0.6 0.7 0.05 0.25 0.6 0.85 0.85 0.6 0.85 0.8 0.3 0.4 1.0 0.8 0.15 0.1 0.85 0.65 0.2 0.0 0.0 0.3 0.1 0.2 0.2 1.0 
-0.010847183406250106 0.7091959747356397 0.44951106736242563 1.0 0.6 0.2 0.7 0.55 0.9 0.4 0.7 0.5 0.05 0.45 0.65 0.55 0.7 0.1 0.75 0.75 0.5 0.9 0.2 0.3 0.35 0.0 0.5 0.95 0.95 0.35 0.8 0.4 0.05 0.75 0.9 0.15 0.2 0.65 0.8 
-0.0022768003010148747 0.3189043221504503 0.5121342464973999 0.45 0.8 0.75 1.0 0.45 0.8 0.95 0.6 0.05 0.95 0.45 0.55 0.7 0.95 0.9 0.75 0.1 0.65 0.9 0.6 0.0 0.55 0.85 0.85 1.0 0.1 0.35 1.0 0.65 0.2 0.3 0.7 0.45 0.8 0.3 0.55 
-0.023209107519049938 0.687739592367433 0.41760563388438676 0.55 0.6 0.8 1.0 0.55 0.9 0.9 0.7 0.5 0.25 0.45 0.65 0.85 0.7 0.2 0.7 0.7 0.5 0.75 0.3 0.3 0.35 0.75 0.8 0.85 0.9 0.35 0.75 0.4 0.05 0.75 0.75 0.3 0.2 0.95 0.8 
-0.034169868816966785 0.6842719240203813 0.4493296349610703 1.0 0.6 0.1 0.95 0.55 0.9 0.55 0.55 0.5 0.6 0.6 0.65 0.6 0.05 0.3 0.75 0.75 0.5 0.9 0.1 0.55 0.55 0.8 0.8 0.95 0.95 0.35 0.8 0.4 0.05 0.75 0.8 0.15 0.2 0.75 0.8 
-0.01839686328474966 0.66586745880354 0.40439606641386394 0.85 0.6 0.2 0.95 0.55 0.9 0.9 0.7 0.5 0.5 0.6 0.65 0.55 0.7 0.2 0.75 0.65 0.5 0.95 0.1 0.8 0.35 0.0 0.55 0.95 0.95 0.35 0.8 0.4 0.05 0.75 0.9 0.15 0.2 0.65 0.8 
-0.03496362689689426 0.33879720732354024 0.4734155695958461 0.7 0.4 0.75 0.65 0.45 0.8 0.3 0.5 0.05 0.6 0.45 0.65 0.95 0.95 0.9 0.8 0.0 0.5 0.7 0.6 0.35 0.45 0.4 0.85 0.7 1.0 0.35 1.0 0.65 0.25 0.65 1.0 0.5 0.75 1.0 0.55 
-0.055763580875866296 0.28575757623625375 0.4968540614683334 0.45 0.4 0.75 1.0 0.45 0.8 0.9 0.65 0.05 0.95 0.45 0.55 0.9 0.95 0.75 0.95 0.05 0.45 0.9 0.6 0.3 0.55 0.85 0.85 1.0 0.1 0.35 1.0 0.65 0.2 0.45 0.7 0.3 0.8 0.85 0.1 
-0.008397834642244757 0.5528274300719652 0.3415150636040032 0.9 0.6 0.75 0.95 0.55 0.9 1.0 0.7 0.4 0.35 0.6 0.65 0.45 0.25 0.45 0.85 0.85 0.6 1.0 0.8 0.3 0.4 1.0 0.8 0.25 0.25 0.85 0.7 0.2 0.0 0.95 0.85 0.1 0.2 0.85 0.6 
-0.004285362946688149 0.38497190401404724 0.6097940318455664 0.1 0.2 1.0 1.0 0.4 0.25 0.9 0.5 0.45 0.35 0.25 1.0 0.9 0.7 0.6 0.75 1.0 0.25 0.65 1.0 0.4 0.9 0.45 0.1 1.0 0.1 0.25 0.7 0.85 0.2 0.95 0.2 1.0 0.5 0.15 0.7 
-0.0009683362790376443 0.3349470637153309 0.43386668923428756 0.7 0.0 0.2 0.3 0.95 0.45 1.0 0.85 0.25 0.95 0.95 0.3 0.8 0.25 0.15 0.2 0.85 0.65 0.0 1.0 0.1 0.3 0.6 0.05 0.9 0.65 0.7 0.65 0.4 0.05 0.6 0.6 0.1 0.25 0.7 0.5 
-0.0006903186275643954 0.34019373705638845 0.45076734717521016 0.9 0.0 0.2 0.3 0.9 0.65 1.0 0.85 0.25 0.95 0.95 0.3 0.8 0.25 0.15 0.2 0.85 0.6 0.0 1.0 0.1 0.3 0.6 0.05 0.9 0.65 0.7 0.65 0.4 0.05 0.6 0.6 0.1 0.25 0.7 0.5 
-0.06367738229174892 0.29456218491435615 0.4627002231609366 0.45 0.4 0.75 1.0 0.45 0.8 0.9 0.65 0.15 0.95 0.45 0.55 0.8 0.95 0.75 0.75 0.1 0.65 0.9 0.6 0.3 0.55 0.85 0.85 0.9 0.1 0.35 1.0 0.65 0.2 0.45 0.7 0.3 0.8 0.85 0.1 
-0.015061759809735287 0.6975902541210773 0.582299246346485 0.2 0.25 0.45 0.1 0.9 0.05 0.5 0.1 0.95 0.7 0.35 0.25 0.55 0.95 0.5 0.95 0.6 0.65 0.55 0.35 0.25 0.8 0.05 0.55 0.9 0.75 0.2 1.0 0.95 0.3 0.95 0.95 0.1 0.35 0.7 0.8 
-0.05050634645020751 0.695780989170497 0.42896176989130863 0.85 0.6 0.15 0.95 0.55 0.9 0.7 0.7 0.5 0.45 0.6 0.75 0.85 0.05 0.05 0.75 0.75 0.5 0.05 0.95 0.5 0.35 0.9 0.8 0.75 0.9 0.35 0.7 0.05 0.0 0.45 0.85 0.15 0.2 0.3 1.0 
-0.02327647341728985 0.7103820811267463 0.38787304363505015 0.95 0.6 0.15 0.95 0.55 0.9 0.9 0.7 0.65 0.35 0.6 0.75 0.5 0.7 0.2 0.75 0.8 0.5 0.95 0.1 0.8 0.35 0.4 0.8 0.95 0.95 0.35 0.8 0.4 0.05 0.75 0.55 0.15 0.2 0.5 1.0 
-0.0036573845409123345 0.6960320224124951 0.3983412613065101 0.9 0.6 0.15 0.95 0.55 0.9 0.4 0.7 0.5 0.5 0.6 0.65 0.7 0.05 0.2 0.75 0.75 0.5 0.95 0.1 0.3 0.35 0.9 0.8 0.95 0.95 0.35 0.8 0.75 0.05 0.9 0.8 0.15 0.2 0.65 0.8 
-0.055405396745704216 0.6692641606693919 0.42736933069329064 0.85 0.6 0.15 0.95 0.55 0.9 0.2 0.7 0.5 0.45 0.6 0.75 0.8 0.05 0.2 0.6 0.75 0.5 0.05 0.95 0.5 0.4 0.9 0.8 0.75 0.9 0.35 0.7 0.05 0.0 0.45 0.85 0.0 0.3 0.75 1.0 
-0.04538222163454054 0.504907471531498 0.3450303678056605 1.0 0.6 0.45 0.95 0.55 0.9 0.9 0.7 0.5 0.4 0.6 0.75 0.85 0.05 0.2 0.75 0.65 0.5 0.5 0.9 0.5 0.35 0.75 0.8 0.5 0.95 0.35 0.8 0.05 0.05 0.45 0.85 0.7 0.2 0.3 1.0 
-0.01891578745705102 0.31062340448258396 0.441106367856663 0.45 0.4 0.75 1.0 0.45 0.8 0.9 0.65 0.15 0.95 0.45 0.6 0.8 0.95 0.75 0.75 0.1 0.65 0.9 0.6 0.3 0.55 0.85 0.85 0.9 0.1 0.35 1.0 0.65 0.2 0.45 0.7 0.3 0.8 0.85 0.1 
-0.0020773833970725783 0.37912921166370184 0.5991262757384698 0.7 0.4 0.7 1.0 0.45 0.8 0.9 0.65 0.05 0.55 0.5 0.55 0.65 0.95 0.9 0.75 0.1 0.25 0.9 0.6 0.3 0.45 0.85 0.85 1.0 1.0 0.35 1.0 0.65 0.2 0.55 0.7 0.8 0.35 0.5 0.55 
-0.020601880471721835 0.6767827197557765 0.3794935728784863 0.95 0.6 0.2 0.95 0.55 0.9 0.9 0.7 0.5 0.45 0.6 0.75 0.9 0.05 0.2 0.75 0.7 0.45 0.05 0.95 0.35 0.35 0.9 0.8 1.0 0.9 0.35 0.8 0.1 0.25 0.7 0.15 0.15 0.2 0.9 1.0 
-0.04326137875718658 0.7052538223997739 0.5403417029085201 0.4 0.85 0.3 0.15 0.35 0.15 0.65 0.6 0.75 0.55 0.35 0.15 0.7 0.0 0.75 0.95 0.6 0.65 0.55 0.55 0.25 0.2 0.15 0.7 1.0 0.75 0.25 1.0 0.95 0.3 0.6 0.85 0.1 0.05 0.15 0.7 
-40.03873249903579 0.40010542497174156 0.6469945687270734 0.1 0.1 0.25 0.95 0.4 0.35 0.65 0.05 0.9 0.15 0.8 1.0 0.8 0.7 0.65 1.0 1.0 0.4 0.9 0.25 0.8 0.3 0.4 0.45 1.0 0.1 0.25 0.8 0.0 0.15 0.65 0.25 0.35 0.15 0.4 0.75 
-0.020791021147598916 0.7505239341553503 0.42160697181800644 1.0 0.6 0.1 0.95 0.55 0.9 0.35 0.75 0.75 0.6 0.6 0.65 0.6 0.05 0.3 0.75 0.75 0.5 0.55 0.1 0.55 0.55 0.8 0.8 0.95 0.95 0.35 0.8 0.4 0.05 0.75 0.8 0.15 0.2 0.75 0.8 
-0.007543422878381744 0.6278846977419185 0.33359577135043034 0.9 0.6 0.7 0.95 0.55 0.9 0.9 0.7 0.5 0.25 0.6 0.35 1.0 0.15 0.2 0.8 0.75 0.45 0.95 0.1 0.75 0.25 0.6 0.75 0.95 0.95 0.35 0.9 1.0 0.05 0.6 0.9 0.45 0.2 0.65 0.8 
-0.007948671214839869 0.7456186375173742 0.3961155913220382 0.95 0.6 0.15 0.95 0.55 0.9 0.35 0.7 0.5 0.5 0.6 0.65 0.55 0.05 0.55 0.75 0.75 0.5 0.95 0.1 0.3 0.35 0.9 0.8 0.95 0.95 0.35 0.8 0.4 0.05 0.75 0.9 0.15 0.2 0.65 0.8 
-0.009304094361944031 0.6575250782997176 0.362721970089403 0.95 0.15 0.2 0.95 0.55 0.9 0.9 0.7 0.4 0.45 0.6 0.75 0.95 0.05 0.2 0.65 0.75 0.45 0.8 0.2 0.5 0.35 0.9 0.8 0.95 0.9 0.35 0.8 0.05 0.05 0.25 0.25 0.75 0.4 0.3 1.0 
-0.060885647227422374 0.7270398923178705 0.42149669169620196 1.0 0.6 0.15 0.95 0.55 0.9 0.7 0.7 0.5 0.45 0.6 0.75 0.85 0.7 0.2 0.75 0.75 0.5 0.95 0.1 0.3 0.0 0.9 0.15 0.95 0.95 0.35 0.8 0.4 0.05 0.45 0.9 0.15 0.2 0.65 1.0 
-0.011510151006611222 0.5250344466405265 0.32928447069025435 1.0 0.6 0.15 0.95 0.55 0.9 0.9 0.7 0.15 0.45 0.6 0.75 0.9 0.05 0.2 0.75 0.65 0.35 0.5 0.9 0.5 0.35 0.75 0.8 0.65 0.95 0.35 0.8 0.05 0.05 0.45 0.0 0.3 0.2 0.3 1.0 
-0.0013189957323198607 0.5989303299774977 0.33966599525404517 0.9 0.6 0.15 0.85 0.55 0.9 0.95 0.75 0.55 0.55 0.6 0.65 0.15 0.1 0.55 0.75 0.75 0.55 0.55 0.1 0.05 0.55 0.5 0.75 1.0 0.95 0.35 0.8 0.2 0.05 0.75 0.9 0.15 0.2 0.65 0.8 
-3.533037595548821 0.7327090905084616 0.36998943103073406 0.9 0.6 0.2 0.95 0.55 0.9 0.9 0.7 0.6 0.1 0.6 0.65 1.0 0.15 0.2 0.6 0.75 0.5 0.95 0.1 0.4 0.1 0.85 0.65 0.95 0.95 0.35 0.8 0.4 0.05 0.6 0.9 0.15 0.2 0.7 0.8 
-0.00032783907484847097 0.7233514374099033 0.4766343351000306 1.0 0.6 0.1 0.95 0.55 0.9 0.35 0.55 0.5 0.5 0.6 0.65 0.55 0.05 0.2 0.75 0.75 0.5 0.9 0.1 0.3 0.55 0.8 0.8 0.95 0.95 0.35 0.8 0.4 0.05 0.75 0.8 0.15 0.2 0.65 0.8 
-0.18791155189080494 0.7160831392608847 0.3626767188519737 0.95 0.6 0.15 0.95 0.55 0.9 0.9 0.7 0.5 0.15 0.6 0.65 1.0 0.15 0.2 0.6 0.75 0.5 0.95 0.1 0.55 0.1 0.85 0.65 0.95 0.95 0.6 0.8 0.4 0.05 0.6 0.9 0.15 0.2 0.9 0.8 
-0.028610270639417748 0.5750940755625501 0.3250048195417151 1.0 0.6 0.7 0.95 0.55 0.9 0.95 0.7 0.5 0.25 0.6 0.35 0.65 0.15 0.2 0.8 0.75 0.45 0.95 0.5 0.75 0.25 0.9 0.75 0.65 0.95 0.35 0.9 1.0 0.05 0.6 0.9 0.25 0.9 0.65 0.35 
-0.02828553555454918 0.38993571078727784 0.35828546654720983 0.4 0.3 0.45 0.75 0.25 0.45 1.0 0.85 0.3 0.9 0.95 0.3 0.45 0.05 0.1 0.6 0.75 0.7 0.8 0.35 0.8 0.3 0.6 0.7 1.0 0.8 0.4 0.65 0.4 0.2 0.9 0.75 0.75 0.25 0.25 0.5 
-0.0003751069842287474 0.6915174869870174 0.337998549020037 0.85 0.6 0.15 0.95 0.55 0.9 0.9 0.7 0.5 0.45 0.6 0.75 0.85 0.05 0.2 0.75 0.75 0.55 0.05 0.95 0.5 0.45 1.0 0.8 0.75 0.9 0.35 0.8 0.05 0.0 0.45 0.85 0.15 0.2 0.3 1.0 
-0.061416169871416654 0.6955309312743119 0.3721827338831297 0.85 0.6 0.15 0.8 0.55 0.9 0.9 0.7 0.5 0.45 0.6 0.75 0.85 0.05 0.2 0.75 0.75 0.55 0.05 0.95 0.5 0.45 1.0 0.8 0.75 0.9 0.35 0.8 0.05 0.0 0.45 0.85 0.15 0.2 0.3 1.0 
-0.008498928482668805 0.6796604797936892 0.3513869580176612 0.85 0.6 0.2 1.0 0.55 0.9 0.9 0.7 0.5 0.3 0.6 0.75 0.85 0.05 0.2 0.75 0.75 0.5 0.05 0.95 0.5 0.2 0.55 0.8 0.75 0.9 0.35 0.8 0.05 0.0 0.45 0.85 0.15 0.45 0.3 1.0 
-0.03418484714039225 0.6562184623140026 0.3551425094738304 0.95 0.15 0.2 0.95 0.55 0.9 0.9 0.7 0.4 0.45 0.6 0.75 0.95 0.05 0.2 0.65 0.75 0.5 1.0 0.2 0.5 0.35 0.9 0.8 0.95 0.9 0.35 0.8 0.05 0.05 0.25 0.25 0.55 0.4 0.3 1.0 
-0.0045679943621637 0.3476224717286479 0.5922599094794989 0.85 0.4 0.9 1.0 0.45 0.8 1.0 0.65 0.05 0.95 0.45 0.55 0.7 0.95 0.9 0.75 0.1 0.35 1.0 0.85 0.95 0.45 0.85 0.1 0.85 1.0 0.3 0.75 0.65 0.2 0.55 0.7 0.1 0.35 0.35 0.95 
-0.0046159738639536966 0.6464607831985976 0.3453791902435428 0.85 0.6 0.45 0.95 0.55 0.9 0.9 0.8 0.5 0.45 0.6 0.75 0.85 0.05 0.2 0.75 0.75 0.45 0.95 0.9 0.5 0.35 0.9 0.8 0.65 0.95 0.35 0.9 0.05 0.05 0.65 0.85 0.15 0.2 0.3 1.0 
-0.016064293184008527 0.628116488730193 0.6396081365181656 0.1 0.5 0.6 0.15 0.35 0.0 0.4 0.6 0.75 0.75 0.35 0.15 0.65 0.1 0.1 0.95 0.6 0.6 0.1 0.55 0.0 0.2 0.6 0.75 1.0 0.75 0.25 1.0 0.95 0.3 0.8 0.4 0.1 0.05 0.9 0.7 
-0.03965542030370199 0.33764156499013875 0.38587354581358146 0.4 0.25 0.15 0.6 0.25 0.5 1.0 0.85 0.25 0.95 0.95 0.3 1.0 0.45 0.55 0.5 0.75 0.75 0.45 0.4 0.25 0.3 0.6 0.7 1.0 0.8 0.4 0.65 0.4 0.2 0.6 0.65 0.45 0.25 0.25 0.5 
-11.126021399454501 0.4675604408988782 0.3459977033385105 0.75 0.6 0.8 0.7 1.0 0.6 1.0 0.85 0.25 0.95 0.95 0.3 0.8 0.55 0.05 0.5 0.75 0.8 0.9 0.15 0.35 0.3 0.6 0.7 0.7 0.8 0.45 0.7 0.4 0.2 0.2 1.0 0.3 0.25 0.7 0.2 
-0.09589838268812956 0.5458894360370796 0.3259381264481014 0.9 0.6 0.7 1.0 0.55 0.9 0.95 0.7 0.5 0.25 0.6 0.35 1.0 0.15 0.2 0.8 0.75 0.5 0.95 0.1 0.75 0.8 0.9 0.75 0.3 0.95 0.35 0.9 1.0 0.05 0.6 0.9 0.25 0.2 0.65 0.8 
-0.011003817431014716 0.7238658187207885 0.4534051479723689 0.9 0.6 0.2 0.8 0.55 0.9 0.5 0.7 0.5 0.05 0.4 0.65 0.55 0.8 0.1 0.7 0.65 0.5 0.95 0.1 0.3 0.35 0.0 0.8 0.95 0.95 0.35 0.8 0.4 0.05 0.75 0.9 0.45 0.2 0.65 0.8 
-0.0923899571462876 0.33472831903825584 0.6154164952680777 0.85 0.4 0.75 1.0 0.45 0.8 1.0 0.65 0.05 0.95 0.45 0.55 0.7 0.95 0.9 0.75 0.1 0.35 1.0 0.85 0.95 0.45 0.85 0.1 0.85 1.0 0.3 0.75 0.65 0.2 0.55 0.7 0.1 0.35 0.35 0.95 
-0.21629495405742097 0.3991425559882675 0.3449410744968143 0.95 0.35 0.45 0.75 0.25 0.45 0.75 0.85 0.3 0.95 0.95 0.3 0.9 0.05 0.1 0.6 0.75 0.7 0.8 0.9 0.8 0.3 0.6 0.7 1.0 0.8 0.4 0.6 0.3 0.2 0.9 0.1 0.75 0.35 0.25 0.5 
-0.15332864366005045 0.3295598907946915 0.36367209827248204 0.95 0.3 0.45 0.75 0.25 0.45 0.75 0.85 0.25 0.95 0.95 0.3 0.75 0.05 0.1 0.6 0.75 0.7 0.8 0.9 0.8 0.3 0.6 0.7 1.0 0.8 0.4 0.65 0.4 0.2 0.9 0.75 0.45 0.25 0.25 0.5 
-0.0309909323425046 0.3139644063270992 0.3832345317389701 0.45 0.4 0.75 1.0 0.45 0.8 0.9 0.65 0.1 0.95 0.45 0.6 1.0 0.75 0.6 1.0 0.1 0.65 0.15 0.05 0.9 0.55 0.85 0.35 0.95 0.1 0.35 1.0 0.65 0.2 0.45 0.7 0.3 0.8 0.9 0.1 
-0.013346097665647786 0.607592209854389 0.3223672383496399 1.0 0.6 0.7 0.9 0.55 0.9 0.95 0.7 0.5 0.35 0.6 0.35 0.65 0.15 0.2 0.8 0.75 0.45 0.95 0.5 0.75 0.25 0.2 0.75 0.95 0.95 0.35 0.9 1.0 0.05 0.6 0.9 0.25 0.3 0.65 0.35 
-0.018028016157109732 0.676511325808868 0.3292575755995707 0.95 0.6 0.5 0.95 0.55 0.9 0.9 0.7 0.5 0.45 0.6 0.75 0.85 0.05 0.2 0.95 0.75 0.45 0.3 0.95 0.35 0.35 0.9 0.7 0.9 0.9 0.35 0.8 0.05 0.05 0.7 0.15 0.15 0.2 0.3 1.0 
-0.36673447274414667 0.5683108717030003 0.6528421196995932 0.3 0.05 0.6 0.15 0.35 0.0 0.4 0.6 0.75 0.65 0.35 0.15 0.95 0.1 0.1 0.95 0.6 0.65 0.1 0.55 0.25 0.2 0.15 0.7 0.95 0.75 0.25 1.0 0.95 0.3 0.6 0.4 0.1 0.05 0.9 0.7 
-0.010617628592609958 0.7576578074922138 0.4109744998238983 0.9 0.6 0.15 0.95 0.55 0.9 0.4 0.7 0.5 0.5 0.6 0.65 0.55 0.05 0.2 0.75 0.75 0.5 0.95 0.1 0.3 0.35 0.9 0.8 0.95 0.95 0.35 0.8 0.4 0.05 0.9 0.8 0.15 0.2 0.65 0.8 
-0.0031095462962196746 0.6555460653171247 0.31929474111346245 0.95 0.6 0.2 0.95 0.55 0.9 0.9 0.7 0.4 0.45 0.6 0.75 0.95 0.05 0.2 0.75 0.75 0.5 0.05 0.95 0.5 0.35 0.9 0.8 0.75 0.9 0.35 0.7 0.05 0.05 0.45 0.15 0.15 0.2 0.3 1.0 
-0.007288853086724829 0.34855420248494917 0.596700316525605 0.85 0.4 0.9 1.0 0.45 0.8 1.0 0.65 0.1 0.95 0.45 0.55 0.7 0.95 0.9 0.75 0.1 0.35 1.0 0.85 0.95 0.45 0.85 0.1 0.85 1.0 0.3 0.75 0.65 0.2 0.55 0.7 0.1 0.35 0.35 0.95 
-22.634261716758093 0.5628668404295407 0.6708097312804774 0.85 0.8 0.5 0.95 0.45 0.35 0.9 0.35 0.55 0.7 1.0 0.95 0.65 0.95 0.45 0.85 0.85 0.4 0.1 0.65 0.25 0.65 0.35 0.2 0.9 0.05 0.25 0.35 0.0 0.15 0.35 0.95 0.4 0.85 0.65 0.35 
-0.03372047711605638 0.5958196071485428 0.3223133118795761 1.0 0.6 0.1 0.95 0.55 0.9 0.9 0.7 0.5 0.45 0.6 0.75 1.0 0.05 0.2 0.75 0.65 0.35 0.5 0.85 0.5 0.35 0.75 0.8 0.65 0.95 0.35 0.8 0.05 0.05 0.45 0.0 0.3 0.2 0.3 1.0 
-0.03798734538944937 0.7054887268445688 0.32448514238992376 0.95 0.6 0.2 0.95 0.55 0.9 0.9 0.7 0.5 0.45 0.6 0.75 0.9 0.05 0.2 0.75 0.7 0.45 0.05 0.95 0.35 0.35 0.9 0.8 1.0 0.9 0.35 0.8 0.05 0.05 0.7 0.15 0.15 0.2 0.3 1.0 
-0.03179204358196234 0.29493988973843954 0.5289910562302194 0.45 0.4 0.75 1.0 0.45 0.8 0.9 0.65 0.05 0.95 0.45 0.55 0.8 0.95 0.9 0.75 0.1 0.3 0.9 0.6 0.3 0.55 0.85 0.85 1.0 0.1 0.35 1.0 0.65 0.2 0.45 0.7 0.3 0.8 0.85 0.55 
-0.08652630854281942 0.3696913824975251 0.6185807133843716 0.75 0.4 0.75 1.0 0.45 0.8 1.0 0.65 0.05 0.95 0.5 0.55 0.65 0.95 0.9 0.95 0.1 0.35 1.0 0.45 0.65 0.45 0.85 0.65 1.0 1.0 0.35 1.0 0.65 0.2 0.55 0.7 0.1 0.35 0.05 0.2 
-1.2202381180340303 0.7203573002295182 0.5290382431566204 0.4 0.1 0.05 0.15 0.35 0.15 0.7 0.6 0.75 0.55 0.4 0.25 0.65 0.0 0.75 0.85 0.6 0.65 0.55 0.55 0.25 1.0 0.15 0.7 1.0 0.75 0.25 1.0 0.95 0.3 0.35 0.85 0.9 0.05 0.15 0.7 
-5.360729315479925 0.5874282491458545 0.29297836914613806 0.95 0.6 0.2 0.95 0.55 0.9 1.0 0.7 0.4 0.45 0.6 0.75 0.95 0.05 0.2 0.75 0.75 0.5 1.0 0.7 0.5 0.35 0.9 0.8 0.65 0.9 0.25 0.8 0.05 0.05 0.45 0.15 0.05 0.2 0.3 1.0 
-0.0410936138465225 0.4033291199088391 0.3449819258648381 0.45 0.3 0.45 0.75 0.25 0.45 1.0 0.85 0.3 0.65 0.95 0.3 0.45 0.05 0.75 0.7 0.75 0.7 0.8 0.65 0.8 0.3 0.6 0.7 1.0 0.8 0.6 0.65 0.4 0.35 0.9 0.75 0.75 0.25 0.05 0.5 
-0.04786716231647861 0.6858109547882275 0.31722810881785446 1.0 0.6 0.2 0.95 0.55 0.9 0.9 0.7 0.5 0.45 0.6 0.75 0.85 0.05 0.2 0.95 0.75 0.45 0.3 0.95 0.35 0.35 0.9 0.7 0.9 0.9 0.35 0.8 0.05 0.05 0.7 0.15 0.15 0.2 0.3 1.0 
-0.1758764396666819 0.6203097825193632 0.3037800458947373 0.95 0.6 0.2 0.95 0.55 0.9 0.9 0.7 0.4 0.45 0.6 0.75 0.95 0.05 0.2 0.75 0.75 0.5 1.0 0.7 0.5 0.35 0.9 0.8 0.6 0.9 0.3 0.8 0.05 0.05 0.45 0.15 0.55 0.2 0.3 1.0 
-0.11396605095241746 0.28638123038343055 0.4820988508009884 0.45 0.4 0.75 1.0 0.45 0.8 0.9 0.65 0.05 1.0 0.45 0.55 0.8 0.95 0.75 0.75 0.1 0.65 0.9 0.6 0.3 0.55 0.85 0.85 0.85 0.1 0.35 1.0 0.6 0.2 0.45 0.15 0.3 0.0 0.85 0.65 
-0.07852278904005995 0.28662833756136885 0.5189210627903241 0.45 0.4 0.75 1.0 0.45 0.8 0.9 0.65 0.05 0.95 0.45 0.55 0.65 0.95 0.75 0.75 0.1 0.55 0.9 0.6 0.3 0.55 0.85 0.85 0.9 0.1 0.35 1.0 0.65 0.2 0.45 0.7 0.3 0.8 0.85 0.1 
-0.07560061532184977 0.7303191798308944 0.47006236725388295 0.9 0.6 0.15 0.95 0.55 0.9 0.6 0.7 0.5 0.45 0.6 0.75 0.85 0.7 0.2 0.8 0.75 0.6 0.95 0.1 0.3 0.3 0.65 0.8 0.95 0.95 0.35 0.7 0.4 0.05 0.45 0.7 0.55 0.2 0.55 1.0 
-0.009773502368492422 0.3553894333935035 0.36296234225301954 0.7 0.3 0.45 0.75 0.25 0.5 1.0 0.85 0.25 0.95 0.95 0.3 0.95 0.05 0.1 0.6 0.75 0.8 0.8 0.9 0.35 0.3 0.6 0.65 1.0 0.8 0.4 0.65 0.4 0.2 0.6 0.75 0.45 0.25 0.25 0.5 
-0.008301748518669173 0.5567641605423739 0.30912896404028023 1.0 0.6 0.1 0.95 0.55 0.9 0.9 0.7 0.5 0.45 0.6 0.75 0.85 0.05 0.2 0.75 0.65 0.35 0.5 0.7 0.5 0.35 0.75 0.8 0.65 0.95 0.35 0.8 0.05 0.05 0.45 0.0 0.3 0.2 0.3 1.0 
-0.9499484736038797 0.5633324983007623 0.29737017061500803 0.9 0.6 0.65 0.95 0.5 0.9 0.95 0.7 0.5 0.25 0.6 0.35 1.0 0.15 0.2 0.7 0.75 0.5 0.5 0.1 0.75 0.25 0.9 0.45 0.95 0.95 0.45 1.0 1.0 0.05 0.6 0.9 0.25 0.9 0.65 0.6 
-0.27824214101524214 0.6721751254976024 0.295982540386192 0.95 0.6 0.2 0.95 0.55 0.9 0.9 0.7 0.4 0.45 0.6 0.75 0.95 0.05 0.2 0.75 0.75 0.5 0.05 0.95 0.5 0.35 0.9 0.8 0.75 0.9 0.35 0.8 0.05 0.05 0.45 0.15 0.15 0.2 0.3 1.0 
-0.0011571411275694355 0.3017172316077372 0.5514811363570589 0.45 0.4 0.75 1.0 0.45 0.8 0.9 0.65 0.05 0.95 0.45 0.55 0.65 0.95 1.0 0.75 0.1 0.55 0.9 0.6 0.3 0.55 0.85 0.85 0.9 0.1 0.35 1.0 0.65 0.2 0.45 0.7 0.3 0.8 0.85 0.1 
-5.105541231407148 0.5808230818038936 0.2924555491138342 0.9 0.6 0.7 0.95 0.55 0.9 0.95 0.7 0.5 0.25 0.6 0.35 1.0 0.15 0.2 0.8 0.75 0.5 0.95 0.1 0.75 0.45 0.9 0.75 0.7 0.95 0.35 0.9 1.0 0.05 0.6 0.9 0.25 0.2 0.65 0.6 
-0.10298979990926597 0.7114931825498888 0.5716647938816164 0.15 0.5 0.45 0.15 0.4 0.25 0.9 0.6 0.85 0.6 0.35 0.15 0.5 0.1 0.05 0.8 0.6 0.65 0.95 0.55 1.0 0.55 0.15 0.85 1.0 0.75 0.25 1.0 0.95 0.3 0.6 1.0 0.1 0.05 0.9 0.7 
-3.195441398196569 0.6380650074821546 0.2894925704812952 0.95 0.6 0.2 0.95 0.55 0.9 1.0 0.7 0.4 0.45 0.6 0.75 0.95 0.05 0.2 0.7 0.75 0.5 1.0 0.7 0.5 0.35 0.9 0.8 0.65 0.9 0.35 0.8 0.05 0.05 0.45 0.15 0.55 0.2 0.3 1.0 
-0.10741968051540768 0.30482238289507324 0.5749757512832812 0.7 0.4 0.75 0.95 0.45 0.8 0.9 0.65 0.05 1.0 0.45 0.5 0.9 0.95 0.9 1.0 0.05 0.5 0.7 0.6 0.35 0.0 0.85 0.85 0.75 0.05 0.35 1.0 0.65 0.2 0.45 0.7 0.1 0.7 1.0 0.4 
-0.134345579903268 0.7322217376549116 0.47333986436020004 0.9 0.6 0.15 0.95 0.55 0.9 0.6 0.7 0.6 0.45 0.6 0.75 0.85 0.7 0.2 0.8 0.75 0.6 0.45 0.1 0.3 0.3 0.65 0.8 0.95 0.95 0.35 0.7 0.4 0.05 0.45 0.9 0.55 0.2 0.55 1.0 
-0.14351466632885568 0.35368178489807445 0.34675446532899507 0.95 0.3 0.45 0.75 0.25 0.5 1.0 0.85 0.25 0.95 0.95 0.3 0.95 0.05 0.1 0.6 0.75 0.7 0.8 0.9 0.35 0.3 0.6 0.7 1.0 0.8 0.4 0.65 0.4 0.2 0.6 0.75 0.45 0.25 0.25 0.5 
-0.0898781562816731 0.5482886451604011 0.3136102810650403 0.9 0.6 0.55 0.95 0.5 0.9 0.95 0.7 0.5 0.25 0.6 0.35 1.0 0.15 0.2 0.8 0.75 0.5 0.5 0.1 0.75 0.25 0.9 0.45 0.95 0.95 0.45 1.0 1.0 0.05 0.6 0.9 0.2 0.9 0.65 0.6 
-0.09439879677296843 0.7430672639740892 0.4630244099038316 1.0 0.6 0.1 0.95 0.55 0.9 0.55 0.55 0.5 0.5 0.6 0.65 0.55 0.05 0.2 0.75 0.75 0.5 0.9 0.1 0.3 0.55 0.9 0.8 0.95 0.95 0.35 0.8 0.4 0.05 0.75 0.8 0.15 0.2 0.65 0.8 
-1.9060857903371007 0.7310614935071917 0.3487306195285147 0.95 0.6 0.1 0.95 0.55 0.9 0.9 0.7 0.6 0.15 0.6 0.65 0.9 0.15 0.2 0.7 0.75 0.5 0.95 0.1 0.75 0.1 0.85 0.65 1.0 0.95 0.35 0.8 0.4 0.05 0.6 0.9 0.85 0.0 0.9 0.8 
-0.17090794799230663 0.5141691809924982 0.30444403415063526 0.9 0.6 0.8 0.85 0.55 0.9 0.95 0.75 0.5 0.3 0.6 0.35 1.0 0.15 0.35 0.7 0.75 0.5 0.95 0.1 0.75 0.25 0.0 0.75 0.5 0.95 0.35 1.0 1.0 0.05 0.4 0.9 0.25 0.2 0.8 0.2 
-0.11662194864803316 0.7051786586963825 0.5826571039391724 0.2 0.25 0.45 0.1 0.7 0.05 0.5 0.1 0.95 0.65 0.35 0.25 0.75 0.95 0.5 0.95 0.6 0.65 0.55 0.35 0.25 0.8 0.05 0.55 0.9 0.75 0.2 1.0 0.95 0.3 0.95 0.95 0.1 0.35 0.7 0.8 
-0.1832349859719367 0.7298755724988004 0.4903834451108797 1.0 0.6 0.2 0.7 0.55 0.9 0.4 0.7 0.5 0.05 0.45 0.65 0.55 0.7 0.1 0.7 0.65 0.5 0.95 0.2 0.3 0.35 0.0 0.5 0.95 0.95 0.35 0.8 0.4 0.05 0.75 0.9 0.15 0.2 0.65 0.8 
-0.019962408920249256 0.6546245333424603 0.2976870360594367 0.95 0.6 0.5 0.95 0.55 0.9 1.0 0.7 0.4 0.5 0.6 0.75 0.95 0.05 0.2 0.7 0.75 0.5 1.0 0.7 0.8 0.75 0.55 0.0 0.65 0.9 0.35 0.9 0.05 0.05 0.45 0.15 0.8 0.2 0.9 1.0 
-0.6976031084895327 0.44108328787846585 0.3480045795540787 0.4 0.25 0.15 0.6 0.25 0.7 1.0 0.85 0.25 0.95 0.95 0.3 1.0 0.45 0.55 0.5 0.75 0.75 0.45 0.4 0.25 0.3 0.6 0.55 1.0 0.8 0.4 0.65 0.4 0.2 0.6 0.65 0.45 0.25 0.25 0.5 
-4.941819387230915 0.500573994427335 0.31646957643486306 1.0 0.6 0.45 0.95 0.55 0.9 0.9 0.7 0.5 0.45 0.6 0.75 0.85 0.05 0.2 0.75 0.65 0.5 0.5 0.9 0.5 0.35 0.75 0.8 0.5 0.95 0.35 0.8 0.05 0.05 0.45 0.85 0.7 0.2 0.3 1.0 
-38.680270677114514 0.5288092757844235 0.6823225969902897 0.85 0.8 0.5 1.0 0.45 0.25 0.5 0.35 0.35 0.85 1.0 0.95 0.9 0.95 0.45 0.9 0.85 0.4 0.1 1.0 0.25 0.45 0.45 0.3 1.0 0.05 0.25 0.45 0.0 0.15 0.35 0.95 0.4 0.85 0.65 0.65 
-0.053562316659020615 0.3230684054273749 0.5918727708966204 0.7 0.4 0.75 1.0 0.45 0.8 0.9 0.65 0.05 0.9 0.45 0.55 0.7 0.95 0.9 0.75 0.05 0.3 0.3 0.6 0.2 0.65 0.85 0.85 1.0 1.0 0.35 1.0 0.65 0.2 0.45 0.7 0.1 0.8 0.5 0.55 
-0.9836396588033438 0.2976619992655569 0.583042332914592 0.7 0.4 0.75 1.0 0.45 0.8 0.9 0.65 0.05 1.0 0.45 0.55 0.8 0.95 0.9 0.75 0.1 0.3 0.9 0.95 0.3 0.65 0.85 0.85 1.0 1.0 0.3 1.0 0.65 0.1 0.45 0.7 0.1 0.4 0.5 0.75 
-0.011396199112301985 0.7462140250877952 0.4408777806285441 1.0 0.6 0.1 0.95 0.55 0.9 0.35 0.55 0.5 0.6 0.6 0.65 0.6 0.05 0.3 0.75 0.75 0.5 0.9 0.1 0.55 0.55 0.8 0.8 0.95 0.95 0.35 0.8 0.4 0.05 0.75 0.8 0.15 0.2 0.75 0.8 
-0.09209445284408324 0.529216693080804 0.30047929903899995 0.9 0.6 0.55 0.95 0.5 0.9 0.95 0.7 0.5 0.25 0.6 0.35 1.0 0.15 0.25 0.8 0.75 0.5 0.5 0.1 0.75 0.25 0.9 0.45 0.95 0.95 0.45 1.0 1.0 0.05 0.6 0.9 0.2 0.9 0.65 0.6 
-0.0396106576982849 0.36496598983980744 0.6347328985677542 0.75 0.4 0.75 1.0 0.45 0.8 1.0 0.65 0.05 0.95 0.5 0.55 0.75 0.95 0.9 0.75 0.1 0.35 1.0 0.85 0.65 0.45 0.85 0.1 1.0 1.0 0.35 0.75 0.65 0.2 0.55 0.7 0.1 0.25 0.35 0.2 
-0.09074511868333407 0.2869420464862763 0.4475108769570145 0.45 0.4 0.75 1.0 0.45 0.8 0.9 0.65 0.05 1.0 0.45 0.55 0.8 0.95 0.75 0.8 0.1 0.65 0.2 0.6 0.3 0.55 0.85 0.9 0.85 0.1 0.35 1.0 0.6 0.2 0.45 0.15 0.3 0.0 0.85 0.65 
-11.193237744397532 0.4607294247404019 0.3372694196531385 0.95 0.6 0.8 0.55 0.1 0.6 1.0 0.85 0.25 0.95 0.95 0.3 0.8 0.55 0.05 0.45 0.75 0.65 0.8 0.4 0.35 0.9 0.6 0.7 0.55 0.8 0.45 0.7 0.4 0.2 0.6 1.0 0.45 0.25 0.7 0.2 
-11.392238216401182 0.440311206848349 0.3304127787439781 0.95 0.6 0.8 0.55 0.1 0.6 1.0 0.85 0.25 0.95 0.95 0.3 0.8 0.55 0.05 0.5 0.75 0.65 0.8 0.4 0.35 0.0 0.6 0.7 0.75 0.8 0.45 0.7 0.4 0.2 0.6 1.0 0.45 0.25 0.7 0.2 
-6.871448251982964 0.2837808678168189 0.5552904379953174 0.7 0.4 0.75 1.0 0.45 0.8 0.8 0.65 0.05 1.0 0.45 0.55 0.8 0.95 0.65 0.75 0.1 0.3 0.3 0.75 0.3 0.45 0.85 0.85 1.0 1.0 0.35 1.0 0.65 0.2 0.45 0.95 0.1 0.8 0.5 0.0 
-0.42352002809631345 0.30703226968041564 0.39351608464800597 0.45 0.4 0.75 1.0 0.45 0.8 0.9 0.65 0.1 0.95 0.45 0.6 0.8 0.95 0.65 0.95 0.1 0.65 0.4 0.3 0.9 0.55 0.35 0.35 0.9 0.1 0.35 1.0 0.65 0.2 0.45 0.7 0.3 0.8 0.15 0.1 
-3.300998401575649 0.729371022370148 0.5433878591707737 0.15 0.5 0.45 0.15 0.4 0.2 0.9 0.6 0.85 0.6 0.35 0.15 0.05 0.1 0.65 0.8 0.6 0.65 0.1 0.55 0.65 0.1 0.15 0.85 1.0 0.75 0.25 1.0 0.95 0.3 0.6 1.0 0.1 0.05 0.9 0.7 
-0.06140556876691649 0.6387431843834122 0.31172475562735324 0.95 0.6 0.5 0.95 0.5 0.9 1.0 0.7 0.4 0.45 0.6 0.75 0.95 0.05 0.2 0.7 0.75 0.5 1.0 0.7 0.8 0.75 0.55 0.0 0.65 0.9 0.35 0.9 0.05 0.05 0.45 0.15 0.8 0.2 0.3 1.0 
-6.71223936326152 0.7420127476015262 0.5294882262134286 0.15 0.5 0.45 0.15 0.4 0.2 0.9 0.6 0.85 0.6 0.35 0.15 0.4 0.1 0.9 0.8 0.6 0.65 0.1 0.55 0.0 0.1 0.15 0.85 1.0 0.75 0.25 1.0 0.95 0.3 0.6 1.0 0.1 0.05 0.9 0.85 
-0.1200637409132582 0.6851269137807315 0.6173210944865325 0.2 0.25 0.45 0.1 0.7 0.95 0.5 0.1 0.9 0.65 0.35 0.25 0.5 0.95 0.5 0.95 0.6 0.8 0.55 0.65 0.25 0.8 0.8 0.55 0.9 0.75 0.2 1.0 0.95 0.3 0.95 0.8 0.45 0.95 0.7 0.8 
-0.2169957974495713 0.35240840948067736 0.6283709609967106 0.75 0.4 0.75 0.9 0.45 0.8 1.0 0.65 0.05 0.95 0.5 0.55 0.9 0.95 0.9 0.75 0.1 0.35 1.0 0.45 0.65 0.45 0.65 0.1 1.0 1.0 0.35 1.0 0.65 0.2 0.55 0.7 0.1 0.35 0.45 0.2 
-1.277390660150359 0.2756317344724286 0.5407036407449073 0.45 0.4 0.75 1.0 0.45 0.8 0.9 0.65 0.05 0.95 0.45 0.55 0.9 0.9 0.75 0.6 0.1 0.65 0.9 0.6 0.3 0.55 0.05 0.85 1.0 0.1 0.35 1.0 0.65 0.2 0.45 0.7 0.3 0.8 0.85 0.1 
-0.23120266531193162 0.31996615808052353 0.6067012197497874 0.85 0.4 0.75 1.0 0.45 0.8 0.9 0.65 0.05 1.0 0.45 0.55 0.55 0.95 0.9 0.75 0.1 0.3 0.9 0.95 0.3 0.65 0.85 0.85 1.0 1.0 0.3 1.0 0.65 0.15 0.45 0.7 0.1 0.4 0.5 0.75 
-1.0984523696268442 0.6871945181748904 0.30284789708512383 0.95 0.6 0.2 0.95 0.55 0.9 1.0 0.7 0.45 0.45 0.6 0.75 0.95 0.05 0.2 0.7 0.75 0.5 1.0 0.7 0.5 0.35 0.9 0.8 1.0 0.9 0.35 0.8 0.05 0.05 0.45 0.15 0.15 0.2 0.4 1.0 
-16.46353441165077 0.7299423339818685 0.5772814309376988 0.3 0.5 0.6 0.15 0.35 0.0 0.9 0.6 0.85 0.6 0.35 0.15 0.8 0.1 0.2 0.6 0.6 0.65 0.1 0.55 0.0 0.35 0.55 0.1 1.0 0.75 0.25 0.95 0.95 0.3 0.6 0.4 0.1 0.05 0.7 0.7 
-10.407199258282143 0.28503514169888367 0.5791685833280227 0.65 0.4 0.75 1.0 0.45 0.8 0.9 0.65 0.05 1.0 0.45 0.55 0.7 0.95 0.9 0.75 0.1 0.45 0.9 0.65 0.3 0.65 0.85 0.85 1.0 1.0 0.35 1.0 0.65 0.2 0.45 0.7 0.1 0.8 0.5 0.0 
-9.04616341238871 0.7026421074050042 0.6100573260208364 0.25 0.5 0.6 0.1 0.35 0.0 0.75 0.6 0.75 0.6 0.35 0.15 0.35 0.1 0.9 0.95 0.6 0.65 0.3 0.4 0.85 0.6 0.9 0.7 1.0 0.75 0.25 1.0 0.95 0.3 0.6 0.4 0.1 0.05 0.9 0.7 
-4.652504978502308 0.7471201392976408 0.34510266829849423 0.95 0.6 0.1 0.95 0.55 0.9 0.9 0.7 0.55 0.15 0.6 0.65 1.0 0.15 0.2 0.6 0.75 0.5 0.95 0.1 0.75 0.1 0.85 0.65 1.0 0.95 0.35 0.8 0.4 0.05 0.6 0.9 0.85 1.0 0.9 0.8 
-14.088344796761469 0.501190348441428 0.2880940976371025 0.9 0.6 0.8 0.95 0.55 0.9 0.95 0.7 0.5 0.3 0.6 0.35 1.0 0.15 0.35 0.7 0.75 0.5 0.95 0.1 0.75 0.25 0.0 0.75 0.7 0.95 0.35 0.9 1.0 0.05 0.4 0.9 0.25 0.2 0.8 0.2 
-0.17671828974950407 0.2972463943396759 0.43974393870140444 0.45 0.4 0.75 1.0 0.45 0.8 0.6 0.65 0.25 0.95 0.45 0.55 1.0 0.95 0.75 0.95 0.1 0.65 0.4 0.6 0.3 0.55 0.85 0.85 0.9 0.1 0.35 1.0 0.65 0.2 0.45 0.7 0.3 0.8 0.85 0.1 
-0.16405746274188235 0.6579126867244941 0.6352634626120457 0.2 0.25 0.45 0.1 0.45 0.95 0.5 0.1 0.5 0.65 0.35 0.25 0.4 0.95 0.5 0.95 0.6 0.8 0.55 0.65 0.65 0.8 0.8 0.55 0.9 0.75 0.2 1.0 0.95 0.3 0.95 0.8 0.45 0.95 0.7 0.8 
-17.12340990984832 0.7405724748268496 0.32618456259921047 1.0 0.6 0.2 0.95 0.55 0.9 0.9 0.7 0.55 0.15 0.6 0.65 1.0 0.15 0.2 0.6 0.75 0.5 0.95 0.1 0.75 0.1 0.85 0.65 0.95 0.95 0.35 0.8 0.4 0.05 0.85 0.9 0.85 0.2 0.9 0.8 
-18.176008486609952 0.735163835251287 0.571202133976328 0.25 0.5 0.6 0.15 0.9 0.0 0.9 0.6 0.85 0.6 0.35 0.15 0.75 0.1 0.2 0.65 0.6 0.65 0.1 0.55 1.0 0.35 0.15 0.1 1.0 0.75 0.25 1.0 0.95 0.3 0.6 0.4 0.1 0.05 0.7 0.7 
-7.0450720785886345 0.7429093579085247 0.5341524826138099 0.15 0.5 0.6 0.15 0.4 0.2 0.9 0.6 0.85 0.6 0.35 0.15 0.45 0.1 0.9 0.8 0.6 0.65 0.1 0.65 0.35 0.1 0.15 0.85 1.0 0.75 0.25 1.0 0.95 0.3 0.6 1.0 0.1 0.05 0.9 0.7 
-0.4703037868986647 0.7542088404409404 0.3939463603003371 0.9 0.6 0.15 0.95 0.55 0.9 0.4 0.7 0.5 0.5 0.6 0.65 0.7 0.05 0.2 0.75 0.75 0.5 0.95 0.1 0.3 0.35 0.9 0.8 0.95 0.95 0.35 0.8 0.4 0.05 0.9 0.8 0.15 0.2 0.65 0.8 
-0.06898150392085153 0.30280979002825525 0.4211092738778136 0.45 0.4 0.75 1.0 0.45 0.8 0.9 0.65 0.1 0.95 0.45 0.55 0.5 0.95 0.75 0.95 0.1 0.65 0.4 0.5 0.3 0.55 0.85 0.85 0.9 0.1 0.35 1.0 0.65 0.2 0.45 0.7 0.3 0.65 0.85 0.1 
-3.8830905259806485 0.2574822713454977 0.480760949354798 0.45 0.4 0.75 1.0 0.45 0.8 0.9 0.65 0.05 0.95 0.45 0.55 0.9 0.9 0.75 0.8 0.1 0.65 0.9 0.6 0.55 0.55 0.05 0.85 1.0 0.1 0.35 1.0 0.65 0.2 0.45 0.7 0.3 0.8 0.85 0.1 
-13.70037117665812 0.2582902609230151 0.5110741613414145 0.45 0.4 0.75 1.0 0.45 0.8 0.9 0.65 0.05 0.95 0.45 0.55 0.9 0.95 0.75 0.95 0.1 0.65 0.9 0.6 0.3 0.55 0.85 0.85 1.0 0.1 0.35 1.0 0.65 0.2 0.45 0.7 0.3 0.8 0.85 0.1 
-6.566577938711184 0.6610480169114356 0.6519946290381435 0.7 0.5 0.35 0.15 0.75 0.25 0.4 0.55 0.75 0.55 0.35 0.15 0.55 0.1 0.1 0.9 0.6 0.65 0.1 0.25 0.8 1.0 0.15 0.5 1.0 0.75 0.25 1.0 0.95 0.3 0.4 0.0 0.1 0.05 0.7 0.7 
-0.8749555260635099 0.6108712707009288 0.6608662303917924 1.0 0.5 0.85 0.6 0.75 0.25 0.4 0.55 0.65 1.0 0.4 0.15 0.9 0.1 0.1 0.9 0.6 0.65 0.1 0.25 0.1 1.0 0.9 0.7 1.0 0.75 0.2 1.0 0.95 0.3 0.4 0.0 0.1 0.05 0.7 0.25 
-2.5735847669765497 0.6753028552264697 0.6334801795920695 0.2 0.25 0.45 0.1 0.7 0.1 0.5 0.1 0.95 0.65 0.35 0.25 0.5 0.95 0.5 0.95 0.6 0.8 0.55 0.65 0.25 0.8 0.8 0.55 0.9 0.75 0.2 1.0 0.95 0.3 0.95 0.8 0.45 0.95 0.7 0.8 
-12.684298598675518 0.7544565635441844 0.5170469173828619 0.15 0.5 0.45 0.15 0.4 0.2 0.9 0.6 0.85 0.6 0.35 0.15 0.65 0.1 0.9 0.8 0.6 0.65 0.1 0.55 0.0 0.1 0.15 0.85 1.0 0.75 0.25 1.0 0.95 0.3 0.6 1.0 0.1 0.05 0.9 0.7 
-14.048824572293013 0.7575077131773069 0.49198535387997533 0.3 0.5 0.5 0.15 0.4 0.1 0.9 0.6 0.85 0.6 0.35 0.15 0.65 0.1 0.9 0.8 0.6 0.65 0.1 0.05 0.0 0.1 0.0 0.85 1.0 0.75 0.25 1.0 0.95 0.3 0.6 1.0 0.1 0.55 0.9 0.7 
-0.6159371036138591 0.2737521581581669 0.4310272359220575 0.45 0.4 0.75 1.0 0.45 0.8 0.9 0.65 0.1 0.95 0.45 0.55 1.0 0.95 0.75 0.95 0.1 0.65 0.4 0.6 0.3 0.55 0.85 0.85 0.9 0.1 0.35 1.0 0.65 0.2 0.45 0.7 0.3 0.8 0.85 0.1 
-0.14236850432156464 0.29514473928912544 0.4050471468311629 0.45 0.4 0.75 1.0 0.45 0.8 0.9 0.65 0.1 0.95 0.45 0.6 0.8 0.95 0.65 0.95 0.1 0.65 0.4 0.3 0.9 0.55 0.35 0.35 0.95 0.1 0.35 1.0 0.65 0.2 0.45 0.7 0.3 0.8 0.25 0.1 
-0.0030524167893568256 0.33796689120757595 0.6259029868914133 0.7 0.4 0.75 1.0 0.45 0.8 0.9 0.65 0.05 1.0 0.45 0.55 0.8 0.95 1.0 0.75 0.1 0.3 0.9 0.95 0.3 0.5 0.85 0.85 1.0 1.0 0.3 1.0 0.65 0.15 0.45 0.7 0.1 0.4 0.5 0.75 
-3.5210150843342114 0.63328047196907 0.6536103017971565 0.5 0.5 0.35 0.15 0.75 0.25 0.25 0.55 0.75 0.55 0.35 0.15 0.55 0.1 0.1 0.9 0.6 0.65 0.1 0.25 0.8 1.0 0.15 0.5 1.0 0.75 0.25 1.0 0.95 0.3 0.4 1.0 0.1 0.05 0.35 0.7 
-46.97153216186897 0.42631308647570004 0.6743493379607467 0.5 0.05 0.2 0.9 0.4 0.35 0.5 0.05 0.9 0.15 0.25 1.0 1.0 0.7 0.75 1.0 1.0 0.4 0.9 0.25 1.0 0.95 0.4 0.6 0.7 0.1 0.25 0.8 0.0 0.1 0.4 0.25 0.8 0.85 0.7 0.75 
-0.03884715669783632 0.4036766752144404 0.33247505484432927 0.45 0.3 0.45 0.75 0.25 0.45 1.0 0.85 0.3 0.9 0.95 0.3 0.45 0.05 0.75 0.7 0.75 0.7 0.8 0.35 0.8 0.3 0.6 0.7 1.0 0.8 0.5 0.65 0.4 0.35 0.9 0.75 0.75 0.25 0.05 0.5 
-4.257117083342508 0.2866728466036985 0.6027587199803144 0.85 0.4 0.75 1.0 0.45 0.8 0.9 0.65 0.05 1.0 0.45 0.55 0.8 0.95 0.9 0.75 0.1 0.3 0.9 0.95 0.3 0.65 0.85 0.85 1.0 1.0 0.3 1.0 0.65 0.15 0.45 0.7 0.1 0.4 0.5 0.75 
-0.362561529939945 0.42707930779812453 0.3325691401244555 0.45 0.3 0.45 0.75 0.25 0.45 0.95 0.85 0.3 0.75 0.95 0.3 0.45 0.05 0.65 0.7 0.75 0.7 0.8 0.35 0.8 0.3 0.6 0.7 1.0 0.8 0.7 0.65 0.4 0.35 0.9 0.75 0.75 0.25 0.05 0.5 
-0.3410894503337479 0.2714878963370374 0.4549493128249474 0.45 0.4 0.75 1.0 0.45 0.8 0.6 0.65 0.05 0.95 0.45 0.55 0.9 0.9 0.75 0.8 0.1 0.65 0.9 0.6 0.3 0.55 0.05 0.85 1.0 0.1 0.35 1.0 0.65 0.2 0.45 0.7 0.3 0.8 0.85 0.1 
-22.870317917937026 0.7628776062113509 0.457186019163013 0.75 0.5 0.45 0.15 0.4 0.1 0.9 0.6 0.85 0.6 0.35 0.15 0.65 0.1 0.9 0.8 0.6 0.65 0.1 0.55 0.0 0.1 0.15 0.85 1.0 0.75 0.25 1.0 0.95 0.3 0.6 1.0 0.1 0.05 0.9 0.7 
-1.6099779284883837 0.2989330492561215 0.6065987225323491 0.7 0.4 0.75 1.0 0.45 0.8 0.9 0.65 0.05 1.0 0.45 0.55 0.8 0.95 0.9 0.75 0.1 0.3 0.9 0.95 0.3 0.65 0.85 0.85 1.0 1.0 0.3 1.0 0.65 0.15 0.45 0.7 0.1 0.4 0.5 0.75 
-55.11622547576502 0.3930416827316954 0.6603108036468543 0.55 0.05 0.2 0.95 0.4 0.35 0.65 0.05 0.9 0.15 0.2 1.0 1.0 0.7 0.6 1.0 1.0 0.4 0.9 0.9 0.7 0.95 0.4 0.05 0.65 0.1 0.25 0.8 0.0 0.1 0.4 0.25 0.35 0.85 0.4 0.75 
-13.625711387097642 0.259571781000689 0.5225824314722919 0.45 0.4 0.75 1.0 0.45 0.8 0.9 0.65 0.05 0.95 0.45 0.55 0.85 0.95 0.75 0.95 0.1 0.65 0.9 0.6 0.3 0.55 0.85 0.85 1.0 0.1 0.35 1.0 0.65 0.2 0.15 0.7 0.3 0.8 0.85 0.1 
-1.4795768412870711 0.30579109172015007 0.3873676779617994 0.45 0.4 0.75 1.0 0.45 0.8 0.85 0.65 0.6 0.95 0.45 0.6 0.8 0.95 0.6 0.95 0.1 0.65 0.4 0.3 0.9 0.55 0.15 0.35 0.9 0.1 0.35 1.0 0.65 0.2 0.45 0.7 0.6 0.8 0.15 0.1 
-4.5854946128537835 0.6526144899091195 0.6566073962954262 1.0 0.5 0.35 0.15 0.75 0.25 0.4 0.55 0.6 0.55 0.35 0.15 0.65 0.1 0.1 0.9 0.6 0.65 0.1 0.25 0.95 1.0 0.15 0.5 1.0 0.75 0.25 1.0 0.95 0.3 0.4 0.0 0.1 0.05 0.7 0.7 
-14.119217918334295 0.6314596493900697 0.6784029203753678 1.0 0.5 0.35 0.6 0.75 0.25 0.4 0.55 0.65 0.55 0.4 0.15 0.9 0.1 0.1 0.9 0.6 0.65 0.1 0.25 0.1 1.0 0.15 0.7 1.0 0.75 0.2 1.0 0.95 0.3 0.4 0.0 0.1 0.05 0.7 0.25 
-19.2346798485639 0.7013309001885226 0.6353204877300748 1.0 0.5 0.9 0.6 0.75 0.25 0.4 0.55 0.7 0.55 0.35 0.15 0.9 0.15 0.1 0.9 0.55 0.65 0.1 0.25 0.95 1.0 0.15 0.45 1.0 0.75 0.25 1.0 0.95 0.3 0.4 0.0 0.1 0.05 0.7 0.7 
-5.227056304184149 0.6205166649021499 0.6654707013836136 0.5 0.5 0.35 0.15 0.75 0.25 0.25 0.55 0.75 0.55 0.35 0.15 0.95 0.1 0.1 0.9 0.6 0.65 0.1 0.25 0.8 1.0 0.15 0.5 1.0 0.75 0.25 1.0 0.95 0.3 0.4 1.0 0.1 0.05 0.35 0.7 
-0.1053632443967077 0.6267271279703764 0.2881853776665434 1.0 0.6 0.2 0.95 0.55 0.9 1.0 0.7 0.4 0.45 0.6 0.75 0.95 0.05 0.2 0.75 0.75 0.5 1.0 0.7 0.5 0.25 0.85 0.8 0.65 0.9 0.35 0.8 0.05 0.05 0.45 0.15 0.55 0.2 0.3 1.0 
-1.796772797015058 0.2763800873474801 0.4197888297770493 0.45 0.4 0.75 1.0 0.45 0.8 0.9 0.65 0.1 0.95 0.45 0.6 0.8 0.95 0.75 0.95 0.1 0.65 0.4 0.3 0.9 0.55 0.35 0.35 0.95 0.1 0.35 1.0 0.65 0.2 0.45 0.7 0.3 0.8 0.85 0.1 
-29.61097078685285 0.7343657690888639 0.611144862865263 1.0 0.5 0.9 0.6 0.75 0.25 0.4 0.55 0.7 0.55 0.35 0.15 0.9 0.1 0.1 0.9 0.55 0.65 0.1 0.25 0.95 1.0 0.15 0.45 1.0 0.75 0.25 1.0 0.95 0.3 0.4 0.0 0.1 0.05 0.7 0.7 
-7.202191656778592 0.5820014566403748 0.688384250769011 1.0 0.5 0.35 0.6 0.75 0.25 0.4 0.55 0.65 0.95 0.4 0.15 0.9 0.1 0.1 0.95 0.6 0.65 0.1 0.25 0.35 1.0 0.15 0.7 1.0 0.75 0.2 1.0 0.95 0.3 0.4 0.0 0.1 0.85 0.7 0.25 
-29.84266794871338 0.7372765956648673 0.6063263259410149 1.0 0.5 0.9 0.3 0.75 0.25 0.75 0.55 0.7 0.55 0.35 0.15 0.9 0.1 0.1 0.9 0.6 0.65 0.1 0.65 0.95 1.0 0.5 0.45 1.0 0.75 0.25 1.0 0.95 0.3 0.4 0.0 0.1 0.05 0.7 0.7 
-23.367001731646134 0.7598103467375725 0.5801211466616453 1.0 0.5 0.7 0.3 0.75 0.25 0.75 0.55 0.7 0.55 0.35 0.15 0.6 0.1 0.1 0.9 0.6 0.65 0.1 0.65 0.95 1.0 0.5 0.45 1.0 0.75 0.25 1.0 0.95 0.3 0.25 0.0 0.1 0.65 0.7 0.7 
-7.933661483095019 0.288032997357333 0.38656447850902065 0.45 0.4 0.75 1.0 0.45 0.8 0.85 0.65 0.1 0.95 0.45 0.6 0.8 0.95 0.6 0.95 0.1 0.65 0.4 0.3 0.9 0.55 0.35 0.35 0.9 0.1 0.35 1.0 0.65 0.2 0.45 0.7 0.6 0.8 0.15 0.1 
-22.29927345087193 0.697737362039207 0.6524832632324511 1.0 0.5 0.9 0.8 0.75 0.25 0.4 0.55 0.7 0.55 0.35 0.15 0.9 0.1 0.1 0.9 0.55 0.65 0.1 0.25 0.95 1.0 0.15 0.45 1.0 0.75 0.25 1.0 0.95 0.3 0.4 0.0 0.1 0.05 0.7 0.7 
-1.064117621175075 0.526983556131078 0.28885147159895497 0.9 0.6 0.85 0.95 0.55 0.9 0.95 0.75 0.5 0.3 0.6 0.35 1.0 0.15 0.35 0.55 0.75 0.5 0.3 0.1 0.75 0.25 0.0 0.75 0.8 0.95 0.35 1.0 1.0 0.05 0.4 0.9 0.25 0.2 0.4 0.2 
-18.137019668769806 0.3160720193731541 0.34419531985186297 0.45 0.4 0.75 1.0 0.45 0.8 0.9 0.65 0.65 0.95 0.45 0.55 0.95 0.95 0.55 0.75 0.1 0.65 0.95 0.6 0.25 0.55 0.85 1.0 0.95 0.1 0.35 1.0 0.65 0.2 0.45 0.4 0.3 0.8 0.7 0.1 
-16.856182396757692 0.2990057786625503 0.34827331742664025 0.4 0.4 0.75 1.0 0.45 0.8 0.9 0.65 0.65 0.95 0.45 0.55 0.9 0.95 0.55 0.75 0.1 0.65 0.95 0.6 0.25 0.55 0.85 1.0 0.95 0.1 0.35 1.0 0.65 0.2 0.45 0.4 0.3 0.8 0.7 0.1 
-13.651374341367825 0.5039918442822282 0.27408846986441715 0.9 0.6 0.85 0.95 0.55 0.9 0.95 0.75 0.55 0.3 0.6 0.35 1.0 0.15 0.35 0.55 0.75 0.5 0.3 0.1 0.75 0.25 0.0 0.8 0.8 0.95 0.35 1.0 1.0 0.05 0.4 0.9 0.25 0.2 0.4 0.2 
-11.575208125578545 0.5998807503408463 0.6913029637641465 1.0 0.5 0.35 0.6 0.75 0.25 0.4 0.5 0.65 0.55 0.35 0.15 0.9 0.1 0.1 0.9 0.6 0.65 0.35 0.25 0.95 1.0 0.15 0.5 1.0 0.75 0.25 1.0 0.95 0.3 0.4 0.0 0.1 0.05 0.7 0.7 
-3.284325298165075 0.5484048576902061 0.2971234742467057 0.9 0.6 0.85 1.0 0.55 0.9 0.95 0.75 0.5 0.3 0.6 0.35 1.0 0.15 0.35 0.55 0.75 0.5 0.3 0.1 0.75 0.25 0.0 0.75 0.8 0.95 0.4 1.0 1.0 0.05 0.4 0.9 0.25 0.2 0.4 0.2 
-160.38342465337277 0.4621099274812168 0.2998399186563442 0.95 0.6 0.85 0.95 0.55 0.9 0.95 0.75 0.55 0.3 0.6 0.35 1.0 0.15 0.35 0.55 0.75 0.5 0.3 0.6 0.15 0.25 0.0 0.75 0.8 0.95 0.25 1.0 1.0 0.05 0.4 0.9 0.25 0.2 0.4 0.2 
-25.890765358115978 0.7337827216814329 0.31766001107598985 1.0 0.6 0.2 0.95 0.55 0.9 0.9 0.7 0.55 0.15 0.6 0.65 1.0 0.15 0.2 0.6 0.75 0.55 0.95 0.1 0.75 0.1 0.85 0.65 0.95 0.95 0.35 0.8 0.4 0.05 0.85 0.9 0.85 0.2 0.9 0.8 
-25.29543367255114 0.7566550446753885 0.5717635702565267 1.0 0.5 0.5 0.3 0.75 0.25 0.75 0.55 0.7 0.55 0.35 0.15 0.9 0.1 0.1 0.9 0.6 0.65 0.1 0.65 0.95 1.0 0.5 0.45 1.0 0.75 0.25 1.0 0.95 0.3 0.4 0.0 0.1 0.05 0.7 0.7 
-9.951967640007132 0.6180974286592085 0.6969678583081197 1.0 0.5 0.35 0.6 0.75 0.25 0.6 0.55 0.65 1.0 0.4 0.15 0.9 0.1 0.1 0.95 0.6 0.65 0.1 0.25 0.1 1.0 0.15 0.7 1.0 0.75 0.2 1.0 0.95 0.3 0.4 0.65 0.1 0.85 0.7 0.25 
-163.50154896263254 0.47731161259992727 0.2791482389330264 0.9 0.6 0.85 0.95 0.55 0.9 0.95 0.75 0.55 0.3 0.6 0.35 1.0 0.15 0.35 0.55 0.75 0.5 0.3 0.1 0.75 0.25 0.0 0.8 0.8 0.95 0.3 1.0 1.0 0.05 0.4 0.9 0.25 0.2 0.4 0.2 
