-0.04676118217267008 0.49016501366281495 0.5094604928898482 0.1 0.95 0.0 0.15 0.1 0.15 0.6 0.1 0.0 0.0 0.85 0.1 0.65 0.8 0.65 1.0 1.0 0.15 0.85 0.55 0.55 0.55 0.5 0.6 0.6 0.75 0.3 0.8 0.7 0.25 0.3 0.6 0.5 0.25 0.0 1.0 
-0.005982859628893945 0.5196955705009081 0.5017629329414991 0.3 0.45 0.25 0.85 0.4 0.65 0.35 0.15 0.7 1.0 0.65 0.85 0.1 0.65 0.75 1.0 0.55 0.75 0.85 0.2 0.3 0.5 0.05 0.1 1.0 1.0 0.8 0.4 0.7 0.85 0.8 0.3 0.3 0.75 0.55 0.2 
-0.004866754227833574 0.48278953970987615 0.495375144963444 0.3 0.4 0.0 0.35 0.75 0.9 0.8 0.85 0.3 0.2 0.15 0.5 0.9 0.1 0.5 0.9 0.25 0.8 0.95 0.2 0.2 0.45 0.45 0.8 0.95 0.9 0.75 0.05 0.6 0.55 0.9 0.45 0.4 0.05 1.0 0.3 
-0.01572792045859091 0.4945998803707153 0.46492500812035936 0.6 0.55 0.6 0.95 0.15 0.1 0.65 0.2 0.1 0.2 0.6 0.65 0.95 0.05 0.7 0.95 1.0 0.55 0.8 0.15 0.2 1.0 0.75 0.55 0.95 0.55 0.0 1.0 0.85 0.8 1.0 0.55 0.65 0.9 0.45 0.35 
-0.000470719720386736 0.4771617648178744 0.5257085996177835 0.4 0.15 0.05 0.65 0.1 0.95 0.45 0.45 0.65 1.0 0.75 0.35 0.95 0.9 0.05 0.95 0.4 0.7 0.85 0.15 0.35 1.0 0.75 0.6 0.8 0.55 0.0 0.7 0.75 0.4 0.85 0.55 0.4 1.0 0.25 0.35 
-0.0020291652818151848 0.47103905795272805 0.464756642991444 0.9 0.5 0.7 0.65 0.55 0.95 0.1 0.05 0.0 0.05 0.65 0.7 0.95 0.0 0.75 0.6 0.2 0.7 0.55 0.25 0.35 0.4 0.8 0.75 0.0 0.1 0.25 0.95 0.95 0.6 0.65 0.3 0.2 0.8 0.25 0.2 
-0.006560372368120216 0.5647994978222134 0.480671196024368 0.9 0.65 0.55 0.6 0.85 0.95 0.45 0.0 0.75 0.05 0.6 0.8 0.6 0.1 0.65 0.85 0.0 0.9 0.65 0.65 0.4 0.05 0.7 1.0 0.5 0.55 0.35 0.75 0.1 0.75 0.7 0.8 0.85 0.75 0.5 0.05 
-0.008787849431663794 0.4640068806252463 0.5324648327217183 0.35 0.95 0.6 0.15 0.3 0.15 0.35 0.4 0.3 0.0 1.0 0.5 0.25 0.55 0.6 1.0 1.0 0.8 0.85 0.55 0.4 0.95 0.8 0.45 0.45 0.75 0.3 1.0 0.7 0.25 0.4 0.35 0.25 0.0 0.0 0.75 
-0.006981380093044443 0.5296787951965745 0.5001136467514331 0.3 0.45 0.25 0.85 0.4 0.95 0.35 0.15 0.7 1.0 0.65 0.85 0.15 0.65 0.75 1.0 0.55 0.75 0.85 0.2 0.0 0.5 0.05 0.1 1.0 1.0 0.8 0.2 0.7 0.85 0.8 0.3 0.3 0.75 0.55 0.2 
-0.03541591458719398 0.5340437309695776 0.5359178305981591 0.75 0.4 0.2 0.85 0.25 0.55 0.05 0.8 0.85 0.65 0.75 0.3 0.5 0.05 0.95 0.5 1.0 0.25 0.85 0.25 0.35 0.85 0.0 0.05 1.0 0.75 0.45 0.25 0.55 0.55 0.8 0.9 0.7 0.65 0.6 0.25 
-0.0027952143674741937 0.5623532310942385 0.5076092006772038 0.6 0.65 0.1 0.15 0.75 0.95 0.95 0.95 0.25 0.95 0.6 0.05 0.7 0.35 0.8 1.0 0.25 0.75 0.6 0.4 0.75 0.4 0.55 0.8 0.0 0.5 0.8 0.65 0.65 0.3 0.2 0.85 0.5 0.25 0.6 0.9 
-0.05205574276289726 0.5096008868967757 0.5375553822625821 0.75 0.0 0.85 0.3 0.6 0.85 0.05 0.8 0.85 0.85 0.75 0.3 1.0 0.75 0.5 0.65 1.0 0.25 0.7 0.25 0.35 0.5 0.05 0.1 0.75 0.9 0.45 0.6 0.0 0.5 0.95 0.85 0.6 0.4 0.6 1.0 
-0.0008517062917170997 0.47119096719393266 0.5126158386487807 0.95 0.8 0.4 0.15 0.3 0.35 0.1 0.4 0.3 0.0 0.4 0.5 0.25 0.55 0.65 1.0 1.0 0.8 0.85 0.55 0.1 0.95 0.05 0.95 0.25 0.75 0.3 0.75 0.7 0.25 0.55 0.1 0.05 0.55 0.0 0.8 
-0.001726141349077721 0.422570053986347 0.4648929412672868 0.1 0.2 0.75 0.6 0.2 0.95 0.1 0.05 0.8 0.05 0.35 0.3 0.95 0.05 0.85 0.85 0.2 0.7 0.8 0.15 0.35 0.7 0.75 0.7 0.1 0.15 0.7 0.05 0.95 0.15 0.3 0.65 0.35 0.45 0.2 0.35 
-0.026380764521104275 0.5384902690738819 0.47721254636221444 0.55 0.8 0.2 0.3 0.6 0.45 0.05 0.8 0.85 0.85 0.7 0.3 1.0 0.75 0.4 0.65 1.0 0.25 1.0 0.25 0.35 0.4 0.05 0.85 0.75 0.7 0.45 0.65 0.05 0.5 0.7 0.85 0.3 0.65 0.6 0.25 
-0.015417689409238093 0.43828695731075357 0.5082481220524698 0.35 0.5 0.7 0.65 0.9 0.95 0.1 0.05 0.0 0.05 0.65 0.7 0.95 0.0 0.75 0.6 0.2 0.7 0.55 0.25 0.35 0.4 0.15 0.75 0.9 0.1 0.25 0.95 0.95 0.6 0.55 0.3 0.2 0.3 0.25 0.2 
-0.0008110260963633793 0.5187503047374217 0.4757265084636483 0.0 0.4 0.7 0.7 0.6 0.05 0.4 0.5 0.35 0.0 0.1 0.3 0.75 0.5 0.85 0.55 0.95 0.45 0.0 0.35 0.5 0.45 1.0 0.85 0.45 0.75 0.85 0.05 0.4 0.1 0.85 0.1 0.75 0.75 0.75 0.1 
-0.016718796115045537 0.4447948581584821 0.5358763351168511 0.95 0.15 1.0 0.9 0.8 1.0 0.3 0.35 0.65 0.85 0.35 0.15 0.95 1.0 0.7 0.7 0.2 0.15 1.0 0.15 0.3 0.5 0.9 0.75 0.75 0.25 0.05 0.55 0.85 0.75 0.95 0.9 0.75 0.8 0.25 0.3 
-0.01968857090023514 0.4660995816196487 0.4633534944649283 0.1 0.7 0.65 0.8 0.95 0.95 0.45 0.05 0.8 0.2 0.35 0.3 0.95 0.95 0.5 0.9 0.5 0.7 0.65 0.15 0.1 0.45 0.8 0.65 0.0 0.7 0.25 0.65 0.85 0.65 0.75 0.5 0.05 0.6 0.25 0.35 
-0.003758020944203509 0.4330489162845659 0.45290385335371697 0.1 0.15 0.05 0.65 0.65 0.95 0.45 0.45 0.4 0.9 0.35 0.6 0.95 1.0 0.7 0.75 0.2 0.7 0.85 0.9 0.35 1.0 0.75 0.65 0.65 1.0 0.95 0.7 0.85 0.8 0.75 0.55 0.4 0.45 0.8 0.35 
-0.010777236189843177 0.465504605653733 0.5548820067290872 0.35 0.95 0.6 0.15 0.3 0.15 0.25 0.4 0.3 0.0 1.0 0.5 0.25 0.55 0.6 1.0 1.0 0.8 0.85 0.55 0.3 0.95 0.8 0.45 1.0 0.75 0.3 1.0 0.7 0.25 0.4 0.35 0.25 0.05 0.0 0.75 
-0.006793926901936329 0.4127272218127929 0.5268842085790335 0.3 1.0 0.0 0.35 0.6 0.3 0.8 0.85 0.95 0.2 0.15 0.95 0.45 0.6 0.5 0.9 0.0 0.8 0.3 0.2 0.2 0.2 0.6 0.35 0.95 0.0 0.6 0.7 0.7 0.3 0.4 0.7 0.05 0.7 0.1 0.3 
-0.004983885653672842 0.49448778435533425 0.42220334220407774 0.1 0.5 0.75 0.55 0.1 0.95 0.1 0.05 0.8 0.05 0.35 0.3 0.95 1.0 0.75 0.85 0.2 0.7 0.65 0.15 0.65 0.45 0.75 0.7 0.05 0.1 0.25 0.05 0.05 0.75 0.55 0.15 0.35 0.95 0.25 0.35 
-0.011738779008764673 0.4615903164204868 0.47970888459732197 0.3 0.4 0.0 0.35 0.8 0.3 0.8 0.85 0.95 0.2 0.15 0.75 0.9 0.6 0.5 0.0 0.0 0.8 0.75 0.2 0.1 0.2 0.45 0.6 0.4 0.05 0.3 0.55 0.7 0.55 0.9 0.7 0.4 0.8 0.1 0.3 
-0.000468754388664121 0.537042769290139 0.545819568880102 1.0 0.7 0.9 1.0 0.25 0.55 0.5 0.3 0.85 0.95 0.8 0.1 0.6 0.25 0.05 0.45 1.0 0.95 0.5 0.35 0.1 0.25 0.05 0.85 0.85 1.0 0.6 0.85 0.05 0.5 0.9 0.85 0.65 0.35 0.6 0.2 
-0.001660868457067372 0.5330646287400443 0.5220379498646193 0.35 0.65 0.4 0.5 0.85 0.45 0.45 0.35 0.75 0.4 0.05 0.2 1.0 0.8 1.0 0.85 0.0 0.9 0.2 0.25 0.7 0.45 0.65 0.6 0.35 0.7 0.45 0.0 0.1 0.75 0.75 0.8 0.85 0.1 0.5 0.1 
-0.0023398163287755252 0.5402648718208243 0.46788535412021137 0.0 0.4 0.7 0.7 0.6 0.05 0.4 0.5 0.35 0.9 0.0 0.25 0.95 0.5 0.85 0.55 0.95 0.45 0.35 0.45 1.0 0.25 0.4 0.85 0.45 0.3 0.5 0.05 0.4 0.2 0.35 0.1 0.75 0.75 0.8 0.1 
-0.0038415861861890934 0.44503218591398114 0.5573899150500423 0.9 0.85 1.0 0.5 0.75 1.0 0.15 0.65 0.3 0.75 0.45 0.15 1.0 1.0 0.45 0.65 0.65 0.65 1.0 0.15 0.3 0.4 0.85 0.65 0.95 0.25 0.15 0.1 0.95 0.1 1.0 0.9 0.2 0.85 0.25 0.3 
-0.005355602925449843 0.43950424602662597 0.504886561080835 0.35 0.5 0.7 0.65 0.9 0.95 0.1 0.05 0.0 0.05 0.65 0.7 0.95 0.0 0.75 0.65 0.2 0.7 0.55 0.25 0.35 0.4 0.15 0.75 0.9 0.1 0.25 0.95 0.95 0.6 0.55 0.3 0.2 0.3 0.25 0.2 
-0.0020630148332605666 0.5176602035231633 0.4528566054290457 0.35 0.5 0.4 0.35 0.85 0.45 0.45 0.35 0.75 0.05 0.6 0.2 1.0 0.1 0.65 0.75 0.0 0.9 0.0 0.25 0.65 0.05 0.7 0.75 0.15 0.2 0.45 0.85 0.1 0.75 0.65 0.05 0.85 0.75 0.5 0.1 
-0.0012727944009933278 0.5791498649906736 0.5070961121879315 0.65 0.25 0.75 0.35 0.5 0.7 0.85 0.2 0.95 0.25 0.65 0.65 0.95 0.9 0.5 0.35 0.1 0.5 0.65 0.0 0.45 0.75 0.2 0.6 0.1 0.6 0.85 0.2 0.45 0.55 0.4 0.25 0.2 0.75 0.8 0.6 
-0.012385797184082867 0.4921021892982242 0.5517637183190046 0.5 0.1 0.6 0.15 0.9 0.15 0.4 0.1 0.25 0.0 1.0 0.1 0.55 0.8 0.65 1.0 0.3 0.8 0.85 0.55 0.55 0.95 0.5 0.95 0.55 0.75 0.3 0.0 0.7 0.25 0.7 1.0 0.5 0.25 0.0 0.25 
-0.005614135056393088 0.5665993895734298 0.5748589685245393 0.7 0.4 0.2 0.85 0.25 0.55 0.05 0.8 0.85 0.65 0.75 0.3 0.5 0.8 0.95 0.65 1.0 0.25 1.0 0.25 0.35 0.85 0.1 0.15 0.35 0.95 0.45 0.05 0.05 0.25 0.8 0.85 0.6 0.65 0.7 0.1 
-0.005411646801172769 0.5509814078284627 0.5363139235076261 0.65 0.25 0.5 0.35 0.2 0.0 0.85 0.2 0.35 0.3 0.8 0.65 0.95 0.1 0.5 0.35 0.1 0.5 0.65 0.0 0.45 0.75 0.2 0.6 0.95 0.6 0.85 0.2 0.45 0.75 0.3 0.35 0.2 0.95 0.8 0.6 
-0.0032723277226290926 0.403317202075963 0.49882393006924425 0.3 1.0 0.0 0.35 0.6 0.6 0.8 0.7 0.95 0.2 0.15 0.95 0.9 0.65 0.5 0.9 0.0 0.4 0.85 0.45 0.65 0.5 0.6 0.35 0.95 0.0 0.6 0.6 0.7 0.3 0.4 0.7 0.05 0.7 0.1 0.3 
-0.028177466015729683 0.3982403382071159 0.5111588890267851 0.3 0.95 0.0 0.35 1.0 0.9 0.45 0.85 0.6 0.2 0.45 0.75 0.9 0.6 0.5 0.1 0.0 0.8 0.95 0.2 0.2 0.7 0.45 0.3 0.95 0.95 0.65 0.55 0.7 0.55 0.05 0.45 0.4 0.8 0.1 0.45 
-0.006697119396206786 0.4726925783732602 0.44518245437385484 0.1 0.5 0.75 0.55 0.1 0.95 0.1 1.0 0.8 0.05 0.3 0.3 0.95 1.0 0.75 0.85 0.2 0.7 0.65 0.15 0.5 0.45 0.75 0.7 0.5 0.1 0.25 0.05 0.05 0.75 0.55 0.15 0.35 0.95 0.25 0.35 
-0.08735900444088371 0.48773744604819635 0.5757918578872401 0.95 0.65 0.4 0.15 0.3 0.15 0.1 0.4 0.3 0.0 0.45 0.5 0.25 0.55 0.65 1.0 1.0 0.8 0.85 0.55 0.1 0.95 0.05 0.95 1.0 0.75 0.3 0.75 0.7 0.25 0.35 0.1 0.25 0.55 0.0 0.8 
-0.0030814355107353203 0.4216964696363686 0.43393981151422867 0.1 0.5 1.0 0.65 0.95 0.85 0.95 0.05 0.8 0.45 0.35 0.6 0.95 1.0 0.7 0.8 0.2 0.7 0.1 0.15 0.1 1.0 0.8 0.65 0.35 0.55 0.85 0.7 0.8 0.2 0.9 0.4 0.4 1.0 0.25 0.35 
-0.0604353343717611 0.5198310456847732 0.5813199442339588 0.75 0.4 0.2 0.85 0.25 0.55 0.05 0.8 0.85 0.65 0.75 0.3 0.5 0.05 0.95 0.5 1.0 0.25 1.0 0.25 0.35 0.85 0.0 0.05 0.8 0.75 1.0 0.25 0.05 0.55 0.8 0.85 0.6 0.65 0.6 0.25 
-0.024168893976436304 0.4580912660632662 0.5820729760543704 0.35 0.9 0.6 0.15 0.3 0.15 0.35 0.4 0.3 0.0 1.0 0.5 0.25 0.75 0.6 1.0 1.0 0.8 0.85 0.55 0.3 0.2 0.6 0.45 1.0 0.75 0.15 1.0 0.65 0.25 0.35 0.35 0.6 0.0 0.0 0.15 
-0.0008415510453223034 0.4148116551919413 0.4874058237209892 0.3 0.95 0.0 0.35 0.75 0.9 0.8 0.85 0.6 0.2 0.45 0.75 0.9 0.6 0.5 0.9 0.0 0.8 0.95 0.2 0.2 0.7 0.45 0.8 0.95 0.95 0.3 0.55 0.7 0.55 0.05 0.45 0.4 0.8 0.1 0.45 
-0.0032076495188179213 0.4938633016437665 0.5954910266217677 0.35 0.65 0.4 0.15 0.3 0.15 0.1 0.4 0.3 0.0 1.0 0.5 0.2 0.55 0.65 1.0 1.0 0.8 0.85 0.55 0.3 0.95 0.8 0.95 1.0 0.75 0.3 0.75 0.7 0.25 0.35 0.1 0.25 0.55 0.0 0.75 
-0.000827040091353389 0.5558383018872685 0.5835555334183165 0.55 0.95 0.6 0.9 0.85 0.55 0.8 0.95 0.4 0.75 0.75 0.2 1.0 0.7 0.7 0.75 1.0 0.25 1.0 0.35 0.35 0.4 0.8 0.1 1.0 1.0 0.45 0.45 0.05 0.35 1.0 0.65 0.6 1.0 0.6 0.95 
-0.002441857705448524 0.4097384148013665 0.5361912013773525 0.3 1.0 0.0 0.35 0.6 0.3 0.8 0.85 0.95 0.2 0.15 0.95 0.45 0.6 0.5 0.9 0.0 0.8 0.45 0.2 0.2 0.2 0.6 0.35 0.95 0.0 0.6 0.6 0.7 0.3 0.4 0.7 0.05 0.7 0.1 0.3 
-0.02531978743139685 0.49602294856970475 0.4402323171518807 0.1 0.5 0.9 0.8 0.95 0.95 0.45 0.05 0.8 0.2 0.6 0.3 0.95 1.0 0.7 0.9 0.2 0.7 0.65 0.15 0.0 0.45 0.8 0.65 0.15 0.1 0.25 0.05 0.95 0.65 0.25 0.15 0.75 0.8 0.25 0.35 
-0.0012187124618490612 0.5706250826441246 0.5579221662631594 0.75 0.45 0.2 0.85 0.5 0.1 0.05 0.35 0.85 0.9 0.75 0.3 1.0 0.7 0.95 0.75 1.0 0.25 0.6 0.25 0.55 0.85 0.2 0.1 0.75 0.95 0.45 0.3 0.75 0.55 0.95 0.85 0.6 0.65 0.6 0.25 
-0.01694191792079085 0.5222617747799249 0.6414203092787096 0.75 0.45 0.2 0.85 0.5 1.0 0.05 0.8 0.85 0.9 0.75 0.3 1.0 0.7 0.95 0.75 1.0 0.25 0.6 0.25 0.35 0.85 0.2 0.1 0.75 0.95 0.45 0.3 0.75 0.15 0.95 0.85 0.6 0.65 0.6 0.25 
-0.00012813148619821675 0.5375888643277957 0.5656063735912074 0.75 0.4 0.2 0.85 0.25 0.55 0.05 0.8 0.85 0.65 0.6 0.3 0.5 0.05 0.95 0.5 1.0 0.25 0.85 0.25 0.35 0.85 0.0 0.05 1.0 0.65 0.45 0.25 0.65 0.55 0.8 0.85 0.6 0.65 0.6 0.25 
-0.0019786098797261896 0.40808802226919166 0.4308894417367131 0.1 0.5 0.75 0.65 0.4 0.95 0.1 0.05 0.8 0.05 0.35 0.3 0.95 0.05 0.75 0.85 0.2 0.5 0.65 0.15 0.35 0.45 0.8 0.7 0.0 1.0 0.25 0.05 0.45 0.35 0.1 0.25 0.05 0.85 0.25 0.35 
-0.03448711724914558 0.4963332107258829 0.5976129000988832 0.35 0.65 0.4 0.15 0.3 0.15 0.1 0.4 0.3 0.9 1.0 0.0 0.25 0.55 0.65 1.0 1.0 0.8 0.85 0.55 0.3 0.95 0.8 0.95 1.0 0.75 0.3 0.75 0.7 0.25 0.75 0.1 0.25 0.55 0.0 0.75 
-0.007881030537685244 0.39378182041491255 0.5143880764974715 0.3 0.95 0.0 0.35 1.0 0.9 0.8 0.85 0.6 0.2 0.45 0.75 0.9 0.6 0.5 0.1 0.0 0.8 0.95 0.2 0.2 0.7 0.45 0.3 0.95 0.95 0.3 0.55 0.7 0.55 0.05 0.45 0.4 0.8 0.1 0.45 
-0.0067855065030698394 0.5201990325352218 0.6103215214406128 1.0 0.7 0.9 1.0 0.25 0.55 0.5 0.3 0.85 0.95 0.8 0.1 0.6 0.25 0.05 0.6 1.0 0.95 0.5 0.35 0.95 0.25 0.05 0.85 0.85 1.0 0.6 0.85 0.05 0.5 0.9 0.85 0.65 0.9 0.6 0.2 
-0.006385523331311464 0.45205286079187695 0.4436693578862203 0.1 0.5 0.75 0.8 0.95 0.95 0.45 0.05 0.35 0.2 0.35 0.3 0.95 1.0 0.7 0.95 0.2 0.7 0.65 0.15 0.35 0.85 0.7 0.65 0.0 0.1 0.25 0.05 0.95 0.8 0.75 0.5 0.05 0.6 0.25 0.35 
-0.03407590665004943 0.45252217874893674 0.4160444228531946 0.1 0.5 0.65 0.8 0.95 0.95 0.45 0.05 0.8 0.2 0.35 0.3 0.95 0.95 0.7 0.9 0.2 0.7 0.65 0.15 0.1 0.45 0.8 0.65 0.0 0.7 0.25 0.65 0.85 0.65 0.75 0.5 0.05 0.6 0.25 0.35 
-0.017003923767098732 0.4366902963004425 0.5789435725250991 0.35 1.0 1.0 0.35 0.35 0.3 0.65 0.65 0.95 0.7 0.1 0.1 0.7 0.8 0.5 0.65 0.0 0.8 0.95 0.3 0.35 0.2 0.6 0.35 0.45 0.05 0.6 0.6 0.65 0.35 0.15 0.1 0.45 0.9 0.05 0.15 
-0.013110503744804231 0.4207962995122893 0.539191294195369 0.8 0.4 0.5 0.35 0.75 0.3 0.8 0.85 0.95 0.2 0.15 0.75 0.9 0.6 0.5 0.7 0.85 0.8 0.75 0.2 0.1 0.2 0.45 0.7 0.95 0.05 0.3 0.55 0.7 0.55 0.9 0.7 0.4 0.25 0.1 0.3 
-0.008188986836426139 0.599949358299311 0.5264090437542938 0.35 0.65 0.4 0.5 0.85 0.45 0.95 0.35 0.75 0.4 0.05 0.2 1.0 0.1 0.65 0.85 0.0 0.9 0.2 0.25 0.7 0.45 0.3 0.6 0.35 0.7 0.45 0.0 0.1 0.75 0.95 0.8 0.25 0.1 0.5 0.1 
-0.0030883402710916875 0.39222116228151 0.43457372094690205 0.1 0.5 0.75 0.65 0.4 0.95 0.1 0.05 0.8 0.05 0.35 0.3 0.95 0.05 0.75 0.85 0.2 0.5 0.65 0.15 0.35 0.45 0.8 0.7 0.0 1.0 0.25 0.05 0.4 0.35 0.1 0.25 0.05 0.85 0.25 0.35 
-0.012232050242062895 0.4434974239112617 0.4188508369055818 0.1 0.5 0.9 0.8 0.95 0.95 0.45 0.05 0.8 0.2 0.6 0.3 0.95 1.0 0.7 0.9 0.2 0.7 0.65 0.15 0.75 0.45 0.8 0.65 0.0 0.1 0.25 0.05 0.95 0.65 0.25 0.15 0.75 0.8 0.25 0.35 
-0.015402231595250448 0.4349733211567307 0.5781604183595971 0.35 1.0 1.0 0.35 0.35 0.3 0.65 0.65 0.95 0.7 0.1 0.1 0.7 0.8 0.5 0.65 0.0 0.8 0.95 0.3 0.35 0.2 0.6 0.35 0.45 0.05 0.45 0.6 0.65 0.35 0.15 0.4 0.45 0.9 0.05 0.15 
-0.001998882860142402 0.39832664618386776 0.47611265662425634 0.3 0.4 0.0 0.3 0.7 0.3 0.8 0.85 0.95 0.2 0.15 0.1 0.8 0.6 0.5 0.9 0.0 0.8 0.45 0.2 0.75 0.45 0.6 0.6 0.95 0.05 0.6 0.6 0.7 0.55 0.9 0.7 0.8 0.6 0.1 0.15 
-0.0035481163573038315 0.5849425523253164 0.5020608567569081 0.25 0.65 0.75 0.15 0.6 0.0 0.85 0.2 0.25 0.25 0.8 0.65 0.95 0.85 0.5 0.35 0.1 0.5 1.0 0.7 0.45 1.0 0.2 0.6 0.7 0.6 0.85 0.25 0.95 0.55 0.3 0.35 0.2 0.7 0.8 0.6 
-0.013144905513345578 0.4151211851723082 0.44994925922194257 0.9 0.4 0.0 0.3 0.35 0.3 0.05 0.85 0.2 0.2 0.15 0.55 0.9 0.6 0.5 1.0 0.0 0.7 0.25 0.2 0.55 0.2 0.6 0.45 0.4 0.05 0.6 0.6 0.7 0.55 0.9 0.7 0.8 0.9 0.1 0.3 
-0.0162015560120009 0.3620302960012808 0.5169998284084499 0.9 0.85 0.55 0.5 0.75 1.0 0.15 0.65 0.6 0.75 0.1 0.15 1.0 1.0 0.45 0.65 0.25 0.65 0.4 0.15 0.7 0.4 0.8 0.65 0.95 0.25 0.15 0.1 0.95 0.05 1.0 0.9 0.6 0.95 0.25 0.3 
-0.008403671975809185 0.575840439467656 0.4652573915743545 0.55 0.95 0.95 0.1 0.5 0.8 0.7 0.8 1.0 0.3 0.75 0.2 1.0 0.7 0.8 0.75 1.0 0.25 0.6 0.25 1.0 0.65 0.8 0.2 0.8 0.95 0.45 0.2 0.25 0.4 0.7 0.7 0.6 0.7 0.6 0.45 
-0.0020474978433358882 0.5706562106836527 0.5916890475034822 0.75 0.0 0.0 0.3 0.6 0.85 0.05 0.8 0.85 0.85 0.75 0.3 1.0 0.75 0.85 0.65 1.0 0.25 0.8 0.25 0.25 0.55 0.05 0.1 0.75 0.9 0.6 0.6 0.0 0.5 0.95 0.85 0.6 0.65 0.6 0.25 
-0.004653682616125845 0.40713979919838533 0.554771994333936 0.1 0.95 0.6 0.15 0.1 0.15 0.4 0.1 1.0 0.0 1.0 0.1 0.65 0.8 0.65 1.0 1.0 0.8 0.85 0.55 0.55 0.2 0.5 0.95 0.6 0.75 0.3 0.55 0.7 0.25 0.3 0.75 0.85 0.25 0.0 0.25 
-0.03887157701224576 0.5799336826351821 0.5647263453385353 0.75 0.8 0.2 0.3 0.6 0.45 0.05 0.8 0.85 0.85 0.7 0.3 1.0 0.75 0.4 0.65 1.0 0.25 1.0 0.25 0.35 0.4 0.05 0.15 0.75 0.7 0.45 0.65 0.05 0.5 0.7 0.85 0.6 0.65 0.6 0.25 
-0.003947863004357262 0.6009198933631599 0.5449971375380007 0.65 0.25 0.5 0.35 0.2 0.0 0.85 0.2 0.95 0.25 0.8 0.65 0.95 0.9 0.5 0.35 0.1 0.9 0.75 0.0 0.45 1.0 0.2 0.6 0.95 0.6 0.85 0.2 0.0 0.85 0.3 0.3 0.2 1.0 0.8 0.6 
-0.007683075225619175 0.3927834301915192 0.47239148990152036 0.3 0.4 0.0 0.3 0.7 0.3 0.8 0.85 0.95 0.2 0.15 0.1 0.9 0.6 0.5 0.9 0.0 0.8 0.45 0.2 0.75 0.45 0.6 0.6 0.95 0.05 0.6 0.6 0.7 0.55 0.9 0.7 0.8 0.6 0.1 0.15 
-0.010966683220543418 0.40622537313795415 0.590061856430451 0.1 0.95 0.8 0.15 0.1 0.15 0.6 0.6 0.0 0.0 0.85 0.1 0.65 0.8 0.65 1.0 1.0 0.8 0.85 0.55 0.35 0.55 0.5 0.95 0.6 0.75 0.3 0.7 0.7 0.25 0.3 0.1 0.5 0.4 0.6 1.0 
-0.0013329315302896528 0.36216788174135595 0.5013716117121385 0.3 0.8 0.0 0.45 0.6 0.3 0.8 0.6 0.95 0.2 0.1 0.4 0.9 0.6 0.5 1.0 0.0 0.8 0.0 0.2 0.75 0.2 0.9 0.6 0.95 0.05 0.35 0.6 0.7 0.55 0.8 0.7 0.8 0.05 0.1 0.3 
-0.01943588689595729 0.371750193776888 0.5654324008860774 0.8 0.25 0.0 0.35 0.75 0.9 0.8 0.85 0.3 0.2 0.15 0.5 0.9 0.6 0.5 0.6 0.0 0.8 0.95 0.2 0.2 0.45 0.45 0.8 0.95 0.9 0.3 0.55 0.65 0.5 0.05 0.45 0.4 0.7 0.25 0.3 
-0.00693686196519605 0.5318651096642232 0.596493393273986 1.0 0.7 0.9 1.0 0.25 0.55 0.5 0.3 0.85 0.95 0.8 0.1 0.6 0.65 0.95 0.6 1.0 0.95 0.5 0.35 0.95 0.25 0.05 0.85 0.85 1.0 0.6 0.85 0.05 0.5 0.9 0.85 0.65 0.9 0.6 0.2 
-0.0013489307494988446 0.3590426361789225 0.5291730704481188 0.3 0.05 0.0 0.35 0.6 0.65 0.8 0.85 0.95 0.2 0.15 0.1 0.9 0.6 0.5 0.9 0.0 0.8 0.95 0.2 0.9 0.2 0.25 0.35 0.95 0.85 0.6 0.6 0.7 0.55 0.9 0.7 0.5 0.7 0.1 0.15 
-0.013342561756916099 0.47372039901548635 0.6147378585158222 0.1 1.0 0.25 0.5 0.1 0.15 0.4 0.95 0.1 0.7 1.0 0.25 0.2 0.8 0.65 0.95 1.0 0.8 0.85 0.55 0.55 0.95 0.5 0.95 0.5 0.75 0.8 0.25 0.5 0.35 0.9 0.35 0.8 0.25 0.35 0.15 
-0.01583003097829111 0.4341586006523745 0.6063579630758041 0.1 0.95 0.6 0.15 0.1 0.15 0.4 0.1 0.0 0.55 0.6 0.1 0.65 0.8 0.6 1.0 1.0 0.8 0.8 0.55 0.55 0.95 0.5 0.95 0.6 0.75 0.3 0.8 0.7 0.25 0.3 0.1 0.75 0.15 0.0 0.25 
-0.0060979745594122205 0.5118673519374234 0.6250181384318159 1.0 0.7 0.9 1.0 0.75 0.55 0.5 0.3 0.85 0.95 0.8 0.1 0.6 0.65 0.95 0.6 1.0 0.95 0.5 0.35 0.95 0.25 0.05 0.85 0.85 0.05 0.6 0.85 0.05 0.5 0.9 0.85 0.65 0.9 0.6 0.2 
-0.010933302557333073 0.38453335079308126 0.6025677503353111 0.3 0.4 0.0 1.0 0.25 0.9 0.3 0.85 0.1 0.2 0.0 0.5 0.9 0.6 0.5 0.9 0.0 0.8 0.95 0.2 0.2 0.85 0.45 0.8 0.95 0.9 0.25 0.6 0.7 0.55 0.75 0.45 0.45 0.8 0.2 0.4 
-0.00410242608125011 0.5580414219198737 0.4462718172380927 0.0 0.4 0.7 0.7 0.6 0.05 0.4 0.5 0.35 0.0 0.0 0.25 0.95 0.5 0.85 0.55 0.95 0.45 0.35 0.35 0.4 0.25 0.5 0.85 0.45 0.75 0.5 0.05 0.4 0.75 0.85 0.1 0.75 0.75 0.8 0.1 
-0.011057276896414918 0.5318646231701539 0.6173390629341293 0.75 0.45 0.2 0.85 0.5 1.0 0.05 0.8 0.85 0.65 0.75 0.3 0.85 0.7 0.95 0.75 1.0 0.25 0.6 0.25 0.9 0.85 0.2 0.1 0.75 0.95 0.45 0.3 1.0 0.15 0.95 0.85 0.6 0.65 0.6 0.25 
-0.014009247380350549 0.46683453491308 0.4277098476905016 0.1 0.5 0.75 0.55 0.1 0.95 0.1 0.05 0.8 0.05 0.35 0.3 0.95 1.0 0.75 0.85 0.2 0.7 0.65 0.15 0.35 0.45 0.75 0.7 0.0 0.1 0.25 0.05 0.05 0.75 0.55 0.15 0.35 0.95 0.25 0.35 
-0.00559067594835988 0.4277253818986734 0.39680650787872895 0.1 0.5 0.65 0.8 0.95 0.5 0.45 0.05 0.8 0.2 0.35 0.3 0.95 0.95 0.65 0.5 0.2 0.7 0.65 0.15 0.1 0.45 0.8 0.65 0.0 0.7 0.25 0.8 0.85 0.65 0.75 0.15 0.05 0.8 0.25 0.85 
-0.0492750381445371 0.4695897867792044 0.6433760635787243 0.1 0.75 0.6 0.15 0.1 0.15 0.4 0.1 1.0 0.0 1.0 0.1 0.65 0.8 0.65 1.0 0.0 0.8 0.85 0.55 0.7 1.0 0.5 0.95 0.6 0.75 0.3 0.0 0.7 0.25 0.3 0.1 0.85 0.25 0.0 0.25 
-0.03950757016512235 0.48648776565219637 0.6504904859378622 0.1 0.95 0.5 0.35 0.1 0.15 0.4 0.1 0.3 0.0 1.0 0.1 0.65 0.8 0.65 0.75 1.0 0.7 1.0 0.55 0.3 0.95 0.5 0.95 0.6 0.75 0.3 1.0 0.7 0.25 0.3 0.1 0.5 0.25 0.65 0.25 
-0.01814817148200176 0.5546466079299434 0.4345223029392569 0.0 0.4 0.7 0.7 0.6 0.05 0.4 0.5 0.35 0.9 0.0 0.25 0.95 0.5 0.85 0.15 0.95 0.45 0.35 0.35 1.0 0.25 0.4 0.85 0.45 0.75 0.5 0.05 0.4 0.75 0.9 0.1 0.75 0.75 0.8 0.1 
-0.0034438505981695274 0.6021248066078159 0.4941066226536647 0.25 0.25 0.75 0.35 0.2 0.0 0.05 0.2 0.0 0.25 0.95 0.65 0.8 0.9 0.5 0.45 0.1 0.2 0.85 0.0 0.45 1.0 0.2 0.6 0.7 0.6 0.85 0.2 1.0 0.65 0.3 0.35 0.2 0.7 0.8 0.6 
-0.020550770983546685 0.6076342651810909 0.598609333663722 0.4 0.95 0.3 0.3 0.5 0.3 0.05 0.9 0.85 0.85 0.9 0.3 1.0 0.75 0.35 0.3 1.0 0.25 0.75 0.25 0.35 0.4 1.0 0.15 0.75 0.9 0.45 0.6 0.1 0.5 0.95 0.85 0.6 0.65 0.6 0.25 
-0.005233520263775075 0.47832505685801135 0.41283965636306796 0.1 0.15 0.05 0.65 0.65 0.95 0.45 0.45 0.4 0.9 0.15 0.6 0.95 1.0 0.7 0.75 0.2 0.7 0.2 0.9 0.35 1.0 0.75 0.65 0.65 1.0 0.95 0.7 0.85 0.8 0.75 0.55 0.4 0.45 0.8 0.35 
-0.007221654472651989 0.5898673727682939 0.566880988000664 0.55 0.4 0.2 0.1 0.5 0.55 0.05 0.8 0.95 0.6 0.75 0.3 1.0 0.7 0.8 0.9 1.0 0.25 1.0 0.25 0.35 0.4 0.05 0.15 0.45 0.95 1.0 0.85 1.0 0.4 0.95 0.75 0.6 0.65 0.6 0.25 
-0.031231690971229166 0.439873832763059 0.6585535765929693 0.1 1.0 0.25 0.5 0.1 0.15 0.4 0.95 0.1 0.7 1.0 0.25 0.75 0.8 0.65 0.95 1.0 0.8 0.85 0.55 0.55 0.95 0.5 0.95 0.5 0.75 0.8 0.25 0.7 0.35 0.9 0.35 0.8 0.25 0.35 0.15 
-0.005082427389978131 0.4242636683208829 0.6146493689193319 0.1 0.95 0.6 0.15 0.1 0.15 0.4 0.1 0.0 0.0 0.6 0.1 0.65 0.8 0.65 1.0 1.0 0.8 0.85 0.55 0.55 0.95 0.5 0.95 0.6 0.75 0.3 0.8 0.7 0.25 0.3 0.1 0.75 0.25 0.0 0.25 
-0.06447187024414386 0.619465688730811 0.5618525445320897 0.55 0.8 0.2 0.1 0.25 0.55 0.05 0.5 0.1 0.6 0.75 0.3 1.0 0.7 0.8 1.0 1.0 0.15 1.0 0.25 0.35 0.25 0.05 0.15 0.8 0.95 0.5 0.7 1.0 0.45 0.6 0.6 0.6 0.75 0.6 0.25 
-8.72020177977635e-05 0.6210469517687749 0.5203267874881407 0.35 0.65 0.4 0.8 0.85 0.45 0.45 0.35 0.75 0.4 0.05 0.2 1.0 0.1 0.15 0.85 0.0 0.9 0.2 0.25 0.65 0.75 0.3 0.45 1.0 0.35 0.45 0.95 0.1 0.75 0.95 0.8 0.5 0.75 0.2 0.1 
-0.003042575452032456 0.4580557657466865 0.3985187227316108 0.1 0.0 0.75 0.6 0.1 0.95 0.25 0.05 0.3 0.35 0.35 0.3 0.95 0.05 0.75 0.55 0.2 0.7 0.65 0.15 0.75 0.45 0.8 0.7 0.05 0.1 0.2 0.05 0.05 0.35 0.55 0.25 0.35 0.8 0.25 0.3 
-0.010875504549056595 0.5580829949138248 0.6301785355820773 0.55 0.4 0.2 0.1 0.25 0.55 0.05 0.8 0.95 0.0 0.4 0.3 1.0 0.7 0.95 1.0 1.0 0.25 1.0 0.25 0.35 0.4 0.6 0.15 0.55 0.95 0.45 0.85 1.0 0.4 0.95 0.85 0.6 0.65 0.6 0.25 
-0.0006829986395802231 0.6019114158365162 0.4375383256305167 0.8 0.65 0.4 0.35 0.85 0.45 0.45 0.35 0.75 0.4 0.05 0.2 1.0 0.1 0.65 0.85 0.0 0.9 0.2 0.25 0.65 0.75 0.3 0.7 1.0 0.7 0.45 0.95 0.65 0.75 0.95 0.8 0.85 0.75 0.5 0.1 
-0.011539899390208223 0.5747931959751109 0.6122991661104229 0.45 0.4 0.7 0.1 0.1 0.55 0.05 0.8 0.95 0.6 0.75 0.65 0.5 0.7 0.8 0.9 1.0 0.25 1.0 0.25 0.35 0.4 0.05 0.15 0.8 0.95 0.3 0.15 1.0 0.4 0.95 0.85 0.6 0.65 0.6 0.25 
-0.011425469079723596 0.5691633576564865 0.6278255356880862 0.55 0.4 0.2 0.1 0.9 0.55 0.05 0.8 0.95 0.6 0.75 0.3 0.1 0.7 0.8 0.9 1.0 0.25 1.0 0.25 0.35 0.4 0.05 0.15 0.45 0.95 0.45 0.35 1.0 0.4 0.95 0.85 0.6 0.65 0.6 0.25 
-0.0029408915800808954 0.4191490826590933 0.3742857624104261 0.1 0.5 1.0 0.65 0.7 1.0 0.95 0.05 0.8 0.9 0.35 0.6 0.95 1.0 0.7 0.9 0.2 0.7 0.85 0.15 0.7 0.4 0.8 0.85 0.35 0.45 0.25 0.5 0.6 0.95 0.2 0.4 0.65 1.0 0.25 0.3 
-0.0005088705803057226 0.5967505600966527 0.45877818659582004 0.35 0.65 0.4 0.35 0.85 0.45 0.45 0.35 0.75 0.4 0.05 0.2 1.0 0.1 0.65 0.35 0.0 0.9 0.2 0.25 0.2 0.75 0.3 0.6 0.35 0.7 0.45 0.95 0.1 0.75 0.95 0.8 0.85 0.45 0.5 0.1 
-0.00089645582360765 0.33138575109434243 0.5322798392535371 0.3 0.4 0.0 1.0 0.25 0.9 0.3 0.85 0.1 0.7 0.0 0.5 0.9 0.6 0.5 0.9 0.0 0.8 0.7 0.2 0.2 0.4 0.45 0.8 0.95 0.9 0.55 0.6 0.7 0.55 0.75 0.45 0.45 0.8 0.2 0.4 
-0.018126642764442594 0.37732558942766947 0.47510744802687777 0.3 1.0 0.0 0.35 0.6 0.3 0.8 0.85 0.95 0.9 0.15 0.05 0.9 0.6 0.5 0.9 0.0 0.8 0.95 0.2 0.2 0.2 0.6 0.55 0.95 0.0 0.6 0.6 0.7 0.3 0.4 0.7 0.05 0.7 0.1 0.3 
-0.0020949644709844836 0.5299168803589103 0.6308922506541413 0.75 0.45 0.2 0.85 0.5 1.0 0.05 0.8 0.85 0.9 0.75 0.3 1.0 0.7 0.95 0.75 1.0 0.25 0.6 0.25 0.35 0.85 0.2 0.1 0.75 0.95 0.45 0.3 1.0 0.15 0.95 0.85 0.6 0.65 0.6 0.25 
-0.004879264326512092 0.44292181770434486 0.615163657789028 0.1 0.95 0.6 0.15 0.1 0.15 0.4 0.1 0.0 0.55 0.6 0.1 0.65 0.8 0.6 1.0 1.0 0.8 0.8 0.55 0.55 0.95 0.5 0.95 0.6 0.75 0.3 0.8 0.7 0.25 0.3 0.25 0.75 0.15 0.0 0.25 
-0.030241850158458424 0.5462499627883383 0.6467893993503306 0.4 0.0 0.2 0.3 0.05 0.3 0.65 0.8 0.85 0.85 0.75 0.3 0.75 0.75 0.2 0.65 1.0 0.25 0.9 0.25 0.35 0.45 0.05 0.15 0.7 0.9 0.45 0.0 0.6 0.5 0.95 0.85 0.6 0.55 0.6 0.25 
-0.011872226444697266 0.6127302944184401 0.4560725175300824 0.35 0.65 0.4 0.35 0.85 0.45 0.45 0.35 0.75 0.4 0.05 0.2 1.0 0.1 0.65 0.85 0.0 0.9 0.2 0.25 0.2 0.75 0.3 0.6 0.35 0.7 0.45 0.95 0.1 0.75 0.95 0.8 0.85 0.75 0.5 0.1 
-0.0019725319961350087 0.4626462752482213 0.37542933288394376 0.1 0.5 0.5 0.15 0.95 0.95 0.45 0.05 0.8 0.9 0.6 0.3 0.95 1.0 0.7 0.9 0.2 0.7 0.1 0.15 0.65 0.45 0.8 0.65 0.2 0.35 0.55 0.05 0.3 0.3 0.25 0.8 0.15 0.8 0.25 0.35 
-0.06187508463812124 0.4694213690039064 0.6615190652537533 0.1 0.95 0.6 0.5 0.1 0.15 0.2 0.1 0.1 0.7 1.0 0.25 0.75 0.8 0.65 0.85 0.05 0.8 0.85 0.55 0.55 0.95 0.5 0.95 0.45 0.75 0.3 0.25 0.7 0.35 0.9 0.35 0.75 0.25 0.35 0.15 
-0.047996173212818884 0.6322226562512866 0.5742376232467747 0.3 0.4 0.2 0.1 0.5 0.55 0.05 0.8 0.95 0.3 0.0 0.2 0.75 0.7 0.8 0.9 1.0 0.25 1.0 0.25 0.35 0.05 0.3 0.1 0.6 0.95 0.45 0.75 1.0 0.4 0.95 0.7 0.6 0.6 0.6 0.25 
-0.0046833115825693685 0.44738557117552974 0.37049144977050696 0.1 0.5 0.5 0.8 0.45 0.95 0.05 0.05 0.8 0.35 0.6 0.3 0.95 1.0 0.7 0.75 0.2 0.7 0.5 0.15 0.65 0.45 0.8 0.8 0.2 0.8 0.25 0.05 0.85 0.3 0.2 0.8 0.6 0.8 0.25 0.4 
-0.006443882149422748 0.4493293389893235 0.6537195412850852 0.1 0.95 0.6 0.5 0.1 0.15 0.4 0.1 0.1 0.7 1.0 0.25 0.75 0.8 0.65 0.95 1.0 0.8 0.85 0.55 0.55 0.95 0.5 0.95 0.45 0.75 0.3 0.25 0.7 0.35 0.9 0.35 0.75 0.25 0.35 0.15 
-0.24333891844764188 0.4996032234607005 0.40287134806294217 0.1 0.5 0.65 0.8 0.95 0.95 0.45 0.05 0.8 0.2 0.35 0.3 0.95 0.95 0.7 0.9 0.2 0.7 0.65 0.15 0.1 0.45 0.8 0.65 0.0 0.7 0.25 0.05 0.85 0.65 0.75 0.5 0.05 0.8 0.25 0.35 
-0.008330448679473842 0.3951611455250857 0.3976885620059651 0.1 0.5 0.75 0.65 0.1 0.95 0.1 0.05 0.75 0.45 0.35 0.85 0.95 0.05 0.75 0.85 0.2 0.7 0.65 0.15 0.35 0.45 0.8 0.6 0.0 0.1 0.25 0.05 0.95 0.35 0.55 0.4 0.05 0.8 0.25 0.35 
-0.0053351996151705765 0.5098368016822684 0.6707648175828187 0.75 0.0 0.0 0.3 0.6 0.85 0.05 0.8 0.85 0.85 0.75 0.3 1.0 0.75 0.5 0.65 1.0 0.25 0.7 0.25 0.35 0.55 0.05 0.1 0.75 0.9 0.45 0.6 0.0 0.5 0.95 0.85 0.6 0.65 0.6 0.25 
-0.062216615265490514 0.5348446872594141 0.4328369515587362 0.0 0.4 0.55 0.7 0.6 0.05 0.4 0.5 0.35 1.0 0.0 0.25 0.95 0.5 0.85 0.55 0.95 0.45 0.35 0.35 1.0 0.3 0.4 0.85 0.55 0.75 0.3 0.05 0.05 0.75 0.9 0.1 0.75 0.75 0.8 0.15 
-0.0004124875522128539 0.35584086776221024 0.5795109873177721 0.95 0.15 1.0 0.9 0.5 1.0 0.3 0.35 0.75 0.85 0.3 0.15 0.9 1.0 0.7 0.15 0.2 0.3 1.0 0.15 0.3 0.5 0.9 0.75 1.0 0.25 0.05 0.55 0.65 0.85 0.95 0.9 0.75 0.65 0.25 0.4 
-0.005314614630966374 0.6255727501016907 0.47878887549536664 0.35 0.65 0.4 0.5 0.85 0.6 0.45 0.35 0.75 0.4 0.05 0.2 1.0 0.1 0.65 0.85 0.0 0.9 0.2 0.1 0.8 0.45 0.3 0.65 0.35 0.7 0.45 0.95 0.1 0.75 0.95 0.8 0.85 0.1 0.85 0.1 
-0.030749949302824046 0.520398169430217 0.6488269414976284 0.75 0.4 0.6 0.85 0.1 0.6 0.25 0.8 0.85 0.0 0.45 0.75 0.9 0.7 0.75 0.7 1.0 0.4 1.0 0.25 0.35 0.85 0.2 0.4 0.45 0.05 0.65 0.75 0.05 0.3 1.0 0.85 0.65 0.5 0.6 0.25 
-0.07033543216677905 0.44358115330335596 0.6682489421873165 0.1 1.0 0.25 0.5 0.1 0.15 0.35 0.1 0.5 0.7 1.0 0.25 0.75 0.8 0.65 0.95 1.0 0.75 0.85 0.55 0.55 0.95 0.5 0.95 0.6 0.75 0.8 0.2 0.7 0.35 0.95 0.35 0.8 0.25 0.35 0.15 
-0.13443826818751453 0.5037218628726474 0.6825477530288896 0.75 0.0 0.2 0.75 0.6 0.85 0.05 0.8 0.85 0.85 0.75 0.3 1.0 0.75 0.5 0.65 1.0 0.25 0.7 0.25 0.35 0.65 0.05 0.15 0.75 0.9 0.45 0.6 0.0 0.5 0.95 0.85 0.6 0.65 0.6 0.25 
-0.04636151487481752 0.5022327830609782 0.660224465026639 0.75 0.0 0.0 0.3 0.6 0.85 0.05 0.8 0.85 0.85 0.75 0.3 1.0 0.75 0.5 0.65 1.0 0.25 0.7 0.25 0.35 0.5 0.05 0.1 0.75 0.9 0.45 0.6 0.0 0.5 0.95 0.85 0.6 0.4 0.6 0.25 
-0.0055204092901254805 0.39736751491476435 0.37023289086463473 0.6 0.1 0.05 0.65 0.1 0.25 0.45 0.45 0.4 0.9 0.35 0.4 0.95 1.0 0.7 0.95 0.15 0.7 0.9 0.15 0.7 0.95 0.75 0.6 0.05 0.55 0.0 0.7 0.85 0.8 0.85 0.55 0.45 0.65 0.25 0.35 
-0.0664294318019653 0.41371446853116406 0.6479086374365348 0.1 1.0 0.25 0.5 0.1 0.15 0.35 0.1 0.1 0.7 1.0 0.25 0.75 0.8 0.65 0.95 1.0 0.75 0.85 0.55 0.55 0.95 0.5 0.95 0.6 0.75 0.8 0.25 0.7 0.35 0.95 0.35 0.8 0.25 0.35 0.15 
-0.01023604070111704 0.490031699677668 0.3890330045798784 0.1 0.5 0.65 0.8 0.95 0.95 0.45 0.05 0.8 0.2 0.35 0.3 0.95 0.95 0.7 0.9 0.2 0.7 0.65 0.15 0.1 0.45 0.8 0.65 0.0 0.7 0.25 0.05 0.85 0.75 0.75 0.15 0.05 0.8 0.25 0.35 
-0.008901148625670126 0.32491726928972786 0.5113586855203418 0.5 0.4 0.15 0.35 0.8 0.35 0.5 0.55 0.95 1.0 0.5 0.75 0.95 0.6 0.5 0.9 0.0 0.85 0.95 0.2 0.2 0.2 0.95 0.95 0.95 0.05 0.3 0.55 0.7 0.5 1.0 0.7 0.4 1.0 0.95 0.2 
-0.041255030590514295 0.38263969350468235 0.4338788430523717 0.1 0.5 0.75 0.65 0.4 0.95 0.1 0.05 0.8 0.05 0.35 0.3 0.95 0.05 0.75 0.85 0.2 0.5 0.65 0.15 0.35 0.45 0.8 0.7 0.0 1.0 0.25 0.05 0.45 0.35 0.55 0.4 0.05 0.8 0.25 0.35 
-0.011613269273626343 0.4211889398558179 0.6387450459749295 0.1 1.0 0.25 0.5 0.1 0.15 0.4 0.95 0.1 0.7 1.0 0.25 0.75 0.8 0.65 0.95 1.0 0.8 0.85 0.55 0.55 0.95 0.5 0.95 0.5 0.75 0.8 0.25 0.7 0.35 0.9 0.35 0.6 0.25 0.35 0.15 
-0.010321969519005856 0.4007276456555934 0.5893542778728952 0.1 0.95 0.8 0.15 0.1 0.6 0.6 0.1 0.0 0.0 0.85 0.1 0.65 0.8 0.65 1.0 1.0 0.8 0.85 0.55 0.55 0.55 0.5 0.95 0.6 0.75 0.3 0.8 0.7 0.25 0.3 0.1 0.05 0.15 0.0 1.0 
-0.016445494231103815 0.5354006543200179 0.40941307765683127 0.35 0.45 0.4 0.35 0.85 0.45 0.45 0.35 0.45 0.4 0.05 0.2 1.0 0.1 0.65 0.85 0.65 0.55 0.7 0.05 0.9 0.75 0.3 0.6 0.7 0.75 0.0 0.95 0.1 0.75 0.85 0.6 0.95 0.85 0.95 0.1 
-0.03079616780385815 0.33140198246234376 0.5571938515500595 0.3 1.0 0.0 0.35 0.05 0.3 0.8 0.85 0.95 0.2 0.15 0.1 0.9 0.6 0.5 0.9 0.0 0.8 0.95 0.2 0.9 0.2 0.6 0.35 0.85 0.0 0.6 0.6 0.7 0.3 0.9 0.7 0.8 0.7 0.0 0.3 
-0.004940135510698618 0.3579002433669968 0.45965421815277185 0.3 0.4 0.0 0.35 0.95 0.3 0.8 0.85 0.95 0.2 0.15 0.1 0.9 0.6 0.5 0.9 0.0 0.8 0.95 0.65 0.2 0.2 0.45 0.75 0.95 0.05 0.3 0.4 0.7 0.55 0.9 0.7 0.4 0.45 0.1 0.3 
-0.00011393960377847213 0.5809868652138676 0.6517208957600521 0.55 0.8 0.2 0.1 0.25 0.55 0.05 0.8 0.1 0.6 0.75 0.3 1.0 0.7 0.8 0.8 1.0 0.25 1.0 0.25 0.35 0.25 0.05 0.15 0.8 0.95 0.5 0.7 1.0 0.45 0.6 0.85 0.6 0.75 0.6 0.25 
-0.06294971737792192 0.6348339554578399 0.5880609734619631 0.75 0.4 0.6 0.5 0.3 0.6 0.25 0.8 0.85 0.0 0.7 0.75 0.9 0.7 0.75 0.7 1.0 0.3 1.0 0.25 0.35 0.85 0.2 0.4 0.45 0.05 0.65 0.75 0.05 0.3 1.0 0.85 0.65 0.5 0.75 0.25 
-0.00399874792577117 0.3594368448166022 0.46263775471125584 0.3 0.4 0.0 0.35 0.95 0.3 0.8 0.85 0.95 0.2 0.15 0.75 0.9 0.6 0.5 0.9 0.0 0.8 0.95 0.65 0.15 0.2 0.45 0.75 0.95 0.05 0.3 0.4 0.7 0.55 0.9 0.7 0.4 0.45 0.1 0.3 
-0.01222841523009551 0.6098258978278687 0.6271424127649503 0.55 0.4 0.4 0.1 0.5 0.55 0.05 0.8 0.5 0.05 0.75 0.3 1.0 0.7 0.85 0.9 1.0 0.25 1.0 0.25 0.35 0.4 0.05 0.2 0.4 0.95 0.45 0.85 1.0 0.4 0.95 0.85 0.6 0.65 0.6 0.25 
-0.05455802640027665 0.4899677491581527 0.37745600413139785 0.1 0.5 1.0 0.65 0.95 0.95 0.95 0.05 0.8 0.45 0.35 0.6 0.95 1.0 0.7 0.8 0.2 0.7 0.1 0.15 0.1 1.0 0.8 0.65 0.35 0.55 0.85 0.7 0.8 0.8 0.9 0.4 0.4 1.0 0.25 0.35 
-0.007776898224307262 0.6169588005252398 0.5011293481232765 0.85 0.65 0.55 0.9 0.05 0.55 0.05 0.15 1.0 0.9 0.75 0.2 1.0 0.7 0.8 0.75 1.0 0.25 0.3 0.25 0.35 0.2 0.8 0.35 0.95 0.95 0.4 0.65 1.0 0.3 0.6 0.7 0.55 0.95 0.6 0.25 
-0.001372890057609626 0.3447224561090192 0.4579254743224131 0.3 0.4 0.0 0.35 0.6 0.3 0.15 0.6 0.95 0.35 0.15 0.1 0.9 0.6 0.5 0.9 0.0 0.8 0.95 0.8 0.0 0.2 0.6 0.0 0.95 0.05 0.4 0.6 0.7 0.55 0.9 0.7 0.8 0.85 0.1 0.3 
-0.017200534295971102 0.3177503186417059 0.5293493525445199 0.3 0.4 0.0 0.35 0.8 0.3 0.8 0.85 0.2 0.2 0.15 0.75 0.9 0.6 0.5 0.7 0.0 0.8 0.75 0.2 0.1 0.2 0.45 0.6 0.95 0.05 0.3 0.55 0.7 0.55 0.9 0.7 0.65 0.8 0.1 0.3 
-0.10865658101438491 0.3116551402313772 0.5164546628238064 0.5 0.4 0.15 0.35 0.8 0.35 0.55 0.55 0.95 0.2 0.5 0.75 0.95 0.6 0.5 0.9 0.0 0.8 0.95 0.2 0.15 0.2 0.45 0.95 0.95 0.05 0.3 0.55 0.7 0.5 0.9 0.7 0.4 0.7 1.0 0.2 
-0.012589959220324572 0.32987817843212996 0.49805405795450025 0.3 0.4 0.0 0.35 0.8 0.3 0.8 0.85 0.2 0.2 0.15 0.75 0.9 0.6 0.5 0.7 0.0 0.6 0.75 0.2 0.1 0.2 0.45 0.6 0.95 0.05 0.3 0.55 0.7 0.55 0.9 0.7 0.65 0.8 0.1 0.3 
-0.02356497728298891 0.6292164158361282 0.5271601237558331 0.35 0.65 0.4 0.8 0.85 0.45 0.45 0.35 0.75 0.4 0.05 0.2 1.0 0.1 0.65 0.85 0.0 0.9 0.2 0.25 0.65 0.75 0.3 0.45 1.0 0.35 0.45 0.95 0.1 0.75 0.95 0.8 0.5 0.75 0.5 0.1 
-0.015143544243023598 0.37560501796579987 0.6108639465241037 0.9 0.85 1.0 0.5 0.6 1.0 0.7 0.65 0.3 0.75 0.3 0.15 0.6 1.0 0.55 0.45 0.2 0.65 1.0 0.15 0.3 0.4 0.8 0.65 0.35 0.25 0.15 0.1 0.95 0.35 0.95 0.9 0.75 0.7 0.25 0.3 
-0.0010842804299593363 0.407358955086114 0.35656674104303576 0.2 0.85 1.0 0.8 0.7 1.0 0.3 0.75 0.15 0.85 0.6 0.15 0.95 1.0 0.7 0.7 0.2 0.85 1.0 0.15 0.7 0.4 0.4 0.5 0.95 0.4 0.1 0.55 0.85 0.95 0.95 0.95 0.75 0.65 0.25 0.4 
-0.01857502471458697 0.3511434832208127 0.4230541409520265 0.2 0.85 1.0 0.5 0.7 1.0 0.3 0.75 0.15 0.85 0.6 0.15 0.95 1.0 0.7 0.7 0.2 0.85 1.0 0.15 0.7 0.4 0.4 0.9 0.95 0.4 0.1 0.55 0.95 0.95 0.95 0.95 0.75 0.65 0.25 0.3 
-0.0037583518361537153 0.3821809020757635 0.3827284591323759 0.1 0.5 1.0 0.65 0.7 1.0 0.95 0.05 0.1 0.9 0.35 0.6 0.95 1.0 0.7 0.7 0.2 0.7 0.85 0.15 0.7 0.4 0.8 0.65 0.35 0.9 0.25 0.5 0.6 0.95 0.2 0.4 0.05 1.0 0.25 0.05 
-0.3465883912593407 0.4397983697062695 0.6924780061962575 0.1 1.0 0.25 0.5 0.1 0.15 0.1 0.1 0.1 0.7 1.0 0.8 0.75 0.8 0.65 0.95 1.0 0.8 0.85 0.55 0.55 0.95 0.5 0.95 0.6 0.75 0.8 0.25 0.7 0.35 0.95 0.35 0.8 0.25 0.35 0.0 
-0.00932046859528207 0.29036148848710985 0.5490508634759984 0.5 0.4 0.15 0.35 0.05 0.75 0.85 0.55 0.95 0.2 0.5 0.75 0.95 0.6 0.5 0.9 0.0 0.8 0.95 0.2 0.2 0.2 0.5 0.95 0.6 0.05 0.3 0.55 0.7 0.5 1.0 0.7 0.4 1.0 0.95 0.2 
-0.023838970060395124 0.5513677193594355 0.6690426832264823 0.55 0.4 0.2 0.1 0.5 0.55 0.05 0.8 0.95 0.6 0.75 0.55 1.0 0.7 0.8 0.5 1.0 0.25 1.0 0.25 0.35 0.4 0.05 0.15 0.45 0.95 0.45 0.85 1.0 0.4 0.95 0.85 0.55 0.65 0.65 0.25 
-26.373655343545764 0.5278009716769465 0.3873759140770421 0.5 0.95 0.95 0.8 0.5 0.55 0.85 0.8 0.3 0.3 0.75 0.2 1.0 0.7 0.8 0.75 1.0 0.25 0.7 0.05 1.0 0.65 0.8 0.2 0.8 0.95 0.45 0.2 1.0 0.5 0.95 0.85 0.0 1.0 0.6 0.7 
-0.06283949286682729 0.3104545829866374 0.6102344018664578 0.9 0.85 1.0 0.5 0.2 1.0 0.15 0.75 0.3 0.75 0.9 0.15 0.9 1.0 0.55 0.45 0.2 0.65 1.0 0.1 0.7 0.4 0.8 0.65 0.75 0.25 0.5 0.1 0.95 0.1 0.95 0.9 0.65 0.85 0.25 0.3 
-0.020817198315426794 0.4390983887089532 0.34910837633488734 0.1 0.5 0.05 0.65 0.95 0.95 0.95 0.65 0.8 0.8 0.35 0.6 0.95 1.0 0.7 0.9 0.2 0.7 0.6 0.15 0.35 1.0 0.8 0.65 0.95 0.1 0.25 0.7 0.8 0.8 0.8 0.4 0.4 0.55 0.25 0.35 
-0.008133837996527017 0.3299912168191367 0.5749514877177687 0.3 0.4 0.0 0.35 0.75 0.9 0.8 0.85 0.3 0.2 0.15 0.5 0.9 0.6 0.5 0.9 0.0 0.8 0.95 0.2 0.2 0.45 0.45 0.8 0.95 0.9 0.3 0.05 0.6 0.55 0.9 0.45 0.4 0.05 1.0 0.3 
-0.0023935782855252553 0.359813802218419 0.49438907759209194 0.3 0.4 0.7 0.0 0.6 0.3 0.7 0.9 0.6 0.2 0.15 0.1 0.9 0.6 0.5 0.9 0.0 0.8 0.05 0.7 0.75 0.2 0.85 0.25 0.95 0.05 0.6 0.6 0.75 0.55 0.9 0.7 0.8 0.75 0.1 0.3 
-0.0006542173921687033 0.3261013044193416 0.5832081651256255 0.3 0.4 0.0 0.35 0.75 0.9 0.8 0.85 0.2 0.2 0.15 0.5 0.9 0.6 0.5 0.9 0.0 0.8 0.95 0.2 0.2 0.45 0.45 0.8 0.95 0.9 0.3 0.05 0.8 0.55 0.9 0.45 0.4 0.05 0.25 0.3 
-0.03969324298422242 0.3944422890953221 0.613981363962386 0.1 0.95 0.5 0.15 0.1 0.15 0.4 0.15 0.3 0.0 1.0 0.65 0.65 0.8 0.65 0.75 1.0 0.8 1.0 0.55 0.55 0.95 0.5 0.95 0.6 0.75 0.3 1.0 0.7 0.25 0.3 0.1 0.5 0.25 0.65 0.25 
-0.021818620061375086 0.5774242710393074 0.657756153817313 0.75 0.4 0.2 0.3 0.6 0.3 0.05 0.8 0.85 0.85 0.75 0.3 1.0 0.75 0.5 0.65 1.0 0.25 1.0 0.25 0.35 0.4 0.0 0.15 0.4 0.9 0.45 0.6 0.1 0.5 0.95 0.85 0.6 0.65 0.6 0.25 
-0.0020150112580141514 0.573579084243256 0.42618365082326415 0.35 0.45 0.4 0.35 0.85 0.45 0.45 0.35 0.45 0.4 0.05 0.2 1.0 0.1 0.65 0.85 0.65 0.55 0.7 0.25 0.9 0.75 0.3 0.6 0.7 0.75 0.0 0.95 0.1 0.75 0.85 0.6 0.85 0.85 0.95 0.1 
-0.022715355708991695 0.3719070230420143 0.6237340341491776 0.3 0.4 0.15 0.35 0.75 0.9 0.8 0.85 0.3 0.2 0.15 0.5 0.9 0.6 0.5 0.9 0.0 0.8 0.95 0.2 0.2 0.45 0.45 0.8 1.0 0.8 0.3 0.55 0.7 0.55 0.9 0.45 0.4 0.2 0.25 0.3 
-0.019056375292909402 0.47105154727626525 0.367398362507692 0.1 0.85 0.05 0.95 0.95 0.2 0.0 0.65 0.8 0.85 0.35 0.0 0.95 1.0 0.7 0.9 0.2 0.7 0.6 0.7 0.2 1.0 0.8 0.65 0.5 0.1 0.25 0.7 0.85 0.8 0.6 0.4 0.05 1.0 0.25 0.35 
-0.0015553389268273374 0.3476387710806915 0.6126937721097492 0.3 0.4 0.0 0.35 0.75 0.9 0.8 0.85 0.3 0.2 0.0 0.5 0.9 0.6 0.5 0.9 0.0 0.8 0.95 0.2 0.2 0.4 0.45 0.8 0.95 0.9 0.3 0.55 0.7 0.55 0.75 0.45 0.5 0.8 0.25 0.1 
-0.05197736457122004 0.3249780085106234 0.6307210618415667 0.9 0.85 1.0 0.6 0.2 1.0 0.15 0.75 0.3 0.75 0.9 0.15 0.75 1.0 0.55 0.45 0.2 0.65 1.0 0.1 0.7 0.4 0.8 0.65 0.75 0.25 0.7 0.1 0.6 0.3 0.95 0.9 0.65 0.85 0.25 0.3 
-0.014131896379437715 0.4213091597667573 0.3662814917802997 0.1 0.5 0.5 0.8 0.95 0.95 0.45 0.05 0.8 0.9 0.6 0.3 0.95 1.0 0.7 0.9 0.2 0.7 0.5 0.15 0.65 0.45 0.8 0.65 0.2 0.35 0.55 0.05 0.3 0.3 0.25 0.8 0.15 0.8 0.25 0.35 
-0.04582577078243742 0.3424781265375534 0.5942701714140823 0.3 1.0 0.0 0.35 0.6 0.3 0.8 0.85 0.95 0.2 0.15 0.95 0.9 0.6 0.5 0.9 0.0 0.8 0.95 0.2 0.2 0.2 0.6 0.35 0.95 0.0 0.6 0.6 0.7 0.3 0.4 0.7 0.05 0.7 0.1 0.3 
-0.11933094997723823 0.30367799671143614 0.6031189928255614 0.5 0.4 0.0 0.35 0.8 0.3 0.4 0.7 0.2 0.2 0.5 0.75 0.95 0.6 0.5 0.9 0.0 0.8 0.95 0.2 0.2 0.2 0.45 0.1 0.95 0.0 0.3 0.4 0.7 0.5 0.9 0.75 0.4 0.7 0.1 0.3 
-0.030470598906498208 0.3111006440118672 0.5899272397552312 0.9 0.85 1.0 0.5 0.7 1.0 0.15 0.75 0.3 0.85 0.1 0.45 0.95 1.0 0.45 0.45 0.2 0.65 1.0 0.15 0.7 0.4 0.8 0.6 0.95 0.25 0.7 0.15 0.95 0.1 0.95 0.9 0.75 0.85 0.25 0.3 
-0.62966619551317 0.4603361684770573 0.696121332040474 0.1 1.0 0.25 0.5 0.1 0.15 0.4 0.1 0.1 0.7 1.0 0.25 0.75 0.8 0.65 0.95 1.0 0.8 0.85 0.55 0.65 0.95 0.5 0.95 0.6 0.75 0.8 0.25 0.7 0.35 0.95 0.35 0.8 0.25 0.35 0.15 
-0.015508839974359565 0.43330001160173165 0.34125901374751466 0.65 0.15 0.05 0.65 0.95 0.95 0.45 0.45 0.4 0.9 0.35 0.6 0.95 1.0 0.7 0.9 0.2 0.7 0.85 0.15 0.35 1.0 0.75 0.65 0.5 1.0 0.05 0.7 0.85 0.8 0.15 0.55 0.4 0.55 0.25 0.35 
-0.05232722825747611 0.28549554080437833 0.5688607768056465 0.25 0.4 0.15 0.35 0.8 0.25 0.5 0.55 0.95 0.2 0.95 0.75 0.95 0.6 0.5 0.9 0.0 0.8 0.95 0.2 0.45 0.2 0.45 0.95 0.95 0.05 0.3 0.55 0.7 0.5 0.9 0.7 0.4 0.7 0.95 0.2 
-5.579920544407276 0.5405254239936828 0.3995208598189858 0.35 0.45 0.4 0.35 0.85 0.45 0.45 0.35 0.45 0.4 0.05 0.2 1.0 0.1 0.65 0.85 0.65 0.55 0.7 0.25 0.9 0.75 0.3 0.6 0.7 0.75 0.0 0.95 0.1 0.75 0.85 0.6 0.95 0.85 0.95 0.1 
-0.46523235661346823 0.33451282581301434 0.6508278044114925 0.9 0.05 0.9 0.5 0.6 1.0 0.7 0.65 0.3 0.75 0.65 0.15 0.6 1.0 0.55 0.45 0.2 0.7 0.85 0.15 0.3 0.4 0.8 0.65 0.95 0.25 0.15 0.1 0.95 0.35 0.95 0.9 0.75 0.7 0.25 0.3 
-0.041904417090695596 0.48778837630499267 0.35878982942310056 0.1 0.5 1.0 0.9 0.95 0.95 0.95 0.05 0.8 0.45 0.35 0.6 0.95 1.0 0.7 0.8 0.2 0.7 0.1 0.15 0.35 1.0 0.8 0.65 0.35 0.55 0.85 0.7 0.8 0.75 0.9 0.4 0.4 1.0 0.25 0.35 
-0.02490312043827168 0.2869925109276108 0.6218694241249968 0.9 0.85 0.55 0.5 0.75 1.0 0.15 0.65 0.6 0.75 0.1 0.15 1.0 1.0 0.45 0.65 0.25 0.65 1.0 0.15 0.7 0.4 0.8 0.65 0.95 0.25 0.15 0.1 0.95 0.05 1.0 0.9 0.6 0.95 0.25 0.3 
-0.0026303592459403476 0.311502824785134 0.4897237035822844 0.3 0.4 0.0 0.35 0.95 0.3 0.8 0.85 0.95 0.2 0.15 0.75 0.9 0.6 0.5 0.9 0.0 0.8 0.6 0.65 0.15 0.2 0.45 0.75 0.95 0.05 0.3 0.4 0.7 0.55 0.9 0.7 0.4 0.45 0.1 0.3 
-0.02426763379725538 0.32399888577947455 0.46964560815766254 0.3 0.4 0.0 0.35 0.8 0.3 0.8 0.85 0.95 0.2 0.15 0.1 0.9 0.6 0.5 0.9 0.0 0.8 0.95 0.65 0.65 0.2 0.45 0.75 0.8 0.05 0.3 0.4 0.7 0.55 0.9 0.7 0.4 0.8 0.1 0.3 
-0.004757394920523126 0.5348374170123368 0.6970760326298947 0.75 0.0 0.2 0.3 0.6 0.3 0.05 0.8 0.15 0.9 0.75 0.65 1.0 0.75 0.85 0.65 1.0 0.25 0.9 0.25 0.35 0.35 0.05 0.15 0.65 0.9 0.45 0.15 0.0 0.5 0.9 0.85 0.6 0.7 0.6 0.25 
-0.0029947203249116898 0.6353574205235639 0.610542296854313 0.75 0.4 0.6 0.85 0.3 0.7 0.3 0.8 0.85 0.0 0.7 0.75 0.9 0.7 0.75 0.7 1.0 0.3 1.0 0.25 0.35 0.85 0.2 0.4 0.9 0.95 0.65 0.75 0.05 0.3 1.0 0.85 0.65 0.5 0.6 0.25 
-0.007769594625987049 0.5472841724729185 0.4111407788997188 0.35 0.45 0.4 0.35 0.85 0.45 0.45 0.35 0.45 0.4 0.05 0.2 1.0 0.1 0.65 0.85 0.65 0.55 0.1 0.05 0.9 0.75 0.3 0.6 0.7 0.75 0.0 0.95 0.1 0.75 0.85 0.6 0.95 0.85 0.95 0.1 
-0.019599996210882237 0.3909166272274496 0.6588707748373523 0.3 0.4 0.7 0.4 0.75 0.9 0.8 0.85 0.3 0.2 0.15 0.5 0.9 0.6 0.5 0.9 0.0 0.8 0.95 0.2 0.2 0.45 0.45 0.8 0.95 0.9 0.3 0.55 0.7 0.5 0.9 0.45 0.45 0.8 1.0 0.2 
-0.22284708531069236 0.42577042050144837 0.6843240819981012 0.1 1.0 0.25 0.5 0.1 0.15 0.4 0.1 0.1 0.7 1.0 0.25 0.75 0.8 0.65 0.95 1.0 0.8 0.85 0.55 0.55 0.95 0.5 0.95 0.6 0.75 0.8 0.25 0.7 0.35 0.95 0.35 0.8 0.25 0.35 0.15 
-0.06645492926604098 0.31176574996858186 0.6371664462522727 0.9 0.85 1.0 0.5 0.7 1.0 0.15 0.65 0.3 0.75 0.3 0.15 1.0 1.0 0.55 0.45 0.2 0.85 1.0 0.15 0.7 0.4 0.8 0.65 0.95 0.25 0.15 0.1 0.95 0.55 0.95 0.9 0.75 0.85 0.25 0.3 
-0.07229816011857272 0.2900680417482091 0.5769774192692841 0.5 0.4 0.15 0.35 0.8 0.35 0.55 0.55 0.95 0.2 0.5 0.75 0.95 0.6 0.5 0.9 0.0 0.8 0.95 0.2 0.15 0.2 0.45 0.95 0.95 0.05 0.3 0.55 0.7 0.5 0.9 0.7 0.4 0.8 1.0 0.2 
-0.4016247012186159 0.5445982733128367 0.7230420696733736 0.55 0.8 0.2 0.1 0.25 0.55 0.05 0.8 0.95 0.6 0.75 0.3 0.85 0.7 0.8 0.8 1.0 0.25 1.0 0.25 0.35 0.25 0.05 0.15 0.8 0.95 0.5 0.1 1.0 0.45 0.95 0.85 0.6 0.75 0.6 0.25 
-0.08440385119989065 0.34026370926012617 0.6312995276709383 1.0 0.85 1.0 0.6 0.2 1.0 0.15 0.75 0.3 0.75 0.9 0.15 0.75 1.0 0.55 0.45 0.2 0.65 1.0 0.1 0.7 0.4 0.8 0.65 0.7 0.25 0.7 0.1 0.6 0.3 0.95 0.9 0.65 0.85 0.25 0.3 
-0.006981978757228124 0.4020246647080264 0.33809141498426226 0.65 0.5 1.0 0.5 0.7 1.0 0.75 0.05 0.8 0.6 0.0 0.85 0.95 1.0 0.7 0.65 0.2 0.85 0.5 0.15 0.7 0.55 0.8 0.65 0.2 0.5 0.05 0.15 0.4 0.95 0.9 0.9 0.75 1.0 0.25 0.3 
-0.011091602883298269 0.27204731052148434 0.5468763228794464 0.5 0.4 0.15 0.35 0.8 0.35 0.5 0.55 0.95 0.2 0.5 0.75 0.95 0.6 0.5 0.9 0.0 0.8 0.95 0.2 0.15 0.2 0.45 0.95 0.95 0.05 0.3 0.55 0.7 0.5 0.9 0.7 0.4 0.65 0.95 0.2 
-0.016040077039242494 0.6266156629038865 0.516760053332654 0.35 0.65 0.4 0.5 0.85 0.45 0.45 0.35 0.75 0.4 0.05 0.2 1.0 0.1 0.65 0.85 0.0 0.9 0.2 0.25 0.6 0.45 0.3 0.6 0.35 0.7 0.45 0.95 0.1 0.75 0.95 0.8 0.85 0.1 0.5 0.1 
-0.12327886544746187 0.5306522556674038 0.7155938918853788 0.55 0.8 0.2 0.1 0.25 0.55 0.05 0.8 0.95 0.85 0.55 0.3 0.55 0.7 0.8 0.8 1.0 0.25 1.0 0.25 0.35 0.25 0.05 0.15 0.8 0.95 0.5 0.1 1.0 0.45 0.95 0.85 0.6 0.75 0.6 0.25 
-0.045288726649404 0.6174883965923338 0.6344799143172719 0.55 0.4 0.2 0.1 0.5 0.55 0.05 0.8 0.95 0.6 0.75 0.3 1.0 0.7 0.8 0.9 1.0 0.25 1.0 0.25 0.35 0.4 0.05 0.15 0.45 0.95 0.45 0.85 1.0 0.4 0.95 0.85 0.6 0.65 0.6 0.25 
-12.600900676324502 0.5620676307640919 0.39471553960079253 0.55 0.85 0.95 0.1 0.55 0.8 0.7 0.25 1.0 0.3 0.75 0.2 1.0 0.7 0.8 0.75 1.0 0.25 0.6 0.85 1.0 0.6 0.85 0.2 0.75 0.95 0.45 0.2 1.0 0.4 0.25 0.7 0.6 1.0 0.6 0.45 
-0.023706394592069063 0.36515616868366174 0.6624226375741084 0.3 0.4 0.0 1.0 0.25 0.9 0.3 0.85 0.1 0.2 0.0 0.5 0.9 0.6 0.5 0.9 0.0 0.8 0.95 0.2 0.2 0.4 0.45 0.8 0.95 0.9 0.55 0.6 0.7 0.55 0.75 0.45 0.45 0.8 0.2 0.4 
-15.69306055817335 0.411162164867845 0.6946697813766288 0.9 0.85 0.1 0.5 0.6 1.0 0.65 0.85 0.3 0.75 0.3 0.15 0.7 1.0 0.9 0.45 0.2 0.65 1.0 0.15 0.3 0.4 0.8 0.65 0.85 0.25 0.15 0.1 0.95 0.35 0.95 0.85 0.75 0.7 0.25 0.3 
-0.01786383196309478 0.5581962469102165 0.6799029825693788 0.55 0.4 0.65 0.1 0.5 0.55 0.05 0.8 0.85 0.6 0.75 0.3 0.35 0.7 0.85 0.9 1.0 0.25 1.0 0.25 0.35 0.4 0.05 0.15 0.8 0.95 0.45 0.85 1.0 0.4 0.95 0.85 0.6 0.65 0.6 0.25 
-0.8049062934588798 0.3879214999388356 0.6821566793456814 0.3 0.4 0.7 0.4 0.75 0.9 0.8 0.85 0.3 0.2 0.15 0.5 0.9 0.6 0.5 0.9 0.0 0.8 0.95 0.2 0.2 0.45 0.45 0.8 0.95 0.9 0.3 0.55 0.7 0.5 0.9 0.45 0.15 0.8 1.0 0.2 
-0.07337386363644652 0.6163065832293677 0.6608504508047665 0.75 0.1 0.55 0.65 0.3 0.1 0.7 0.0 0.0 0.0 0.7 0.75 0.9 0.7 0.75 0.7 1.0 0.3 1.0 0.2 0.35 0.85 0.2 0.4 0.55 1.0 0.65 0.75 0.05 0.25 1.0 0.85 0.65 0.5 0.6 0.3 
-0.010014108919075131 0.2793900119588476 0.5398827577343954 0.5 0.4 0.15 0.35 0.8 0.35 0.5 0.55 0.95 0.2 0.5 0.75 0.95 0.6 0.5 0.9 0.0 0.8 0.95 0.2 0.15 0.2 0.45 0.95 0.95 0.05 0.3 0.55 0.7 0.5 0.9 0.7 0.4 0.7 0.95 0.2 
-0.06257328749419133 0.3086664162991922 0.4398529487274026 0.3 0.55 0.0 0.1 0.3 0.3 0.8 0.85 0.95 0.2 0.15 0.35 0.9 0.6 0.5 0.9 0.0 0.8 1.0 0.65 0.65 0.2 0.45 0.55 0.95 0.05 0.3 0.4 0.7 0.6 0.95 0.7 0.4 0.8 0.1 0.3 
-0.009118286123626649 0.654855378502216 0.5664578648675495 0.55 0.4 0.2 0.75 0.5 0.55 0.05 0.8 0.95 0.3 0.75 0.2 1.0 0.7 0.8 0.9 1.0 0.25 1.0 0.25 0.35 0.05 0.25 0.0 0.8 0.95 0.45 0.85 1.0 0.4 0.95 0.7 0.6 0.6 0.6 0.25 
-0.00015281594301098898 0.4755831870686839 0.34109550939716865 0.1 0.85 0.05 0.95 0.95 0.2 0.0 0.65 0.8 0.85 0.35 0.6 0.95 1.0 0.7 0.9 0.2 0.7 0.6 0.15 0.2 1.0 0.8 0.65 0.5 0.1 0.25 0.7 0.85 0.8 0.6 0.4 0.05 1.0 0.25 0.35 
-0.026282538799836684 0.29478322919099054 0.5085934966051154 0.3 0.4 0.0 0.35 0.1 0.3 0.8 0.85 0.95 0.2 0.15 0.75 0.9 0.6 0.5 0.9 0.0 0.8 0.95 0.2 0.2 0.2 0.45 0.6 0.95 0.05 0.3 0.55 0.7 0.55 0.6 0.4 0.4 0.7 0.1 0.3 
-0.003143486856861452 0.5485220682224838 0.698921692539111 0.75 0.0 0.2 0.3 0.6 0.3 0.05 0.8 0.15 0.9 0.75 0.65 1.0 0.75 0.85 0.65 1.0 0.25 0.9 0.25 0.35 0.35 0.05 0.15 0.75 0.9 0.45 0.15 0.0 0.5 0.9 0.85 0.6 0.7 0.6 0.25 
-0.03850698430584304 0.30072484282731915 0.4713981848329526 0.3 0.4 0.0 0.35 0.8 0.3 0.8 0.85 0.95 0.2 0.15 0.1 0.9 0.6 0.5 0.9 0.0 0.8 0.95 0.65 0.65 0.2 0.45 0.75 0.95 0.05 0.3 0.4 0.7 0.55 0.9 0.7 0.4 0.8 0.1 0.3 
-0.03903891854032625 0.375181920376004 0.38402736483875566 0.1 0.5 0.75 0.6 0.1 0.95 0.1 0.05 0.3 0.35 0.35 0.3 0.95 0.05 0.75 0.85 0.2 0.7 0.65 0.15 0.75 0.45 0.8 0.7 0.05 0.1 0.25 0.05 0.05 0.35 0.55 0.4 0.35 0.8 0.25 0.3 
-0.009312880015694107 0.3875549673720519 0.6460524634908583 0.3 0.4 0.0 0.35 0.7 0.9 0.8 0.85 0.35 0.2 0.15 0.5 0.9 0.6 0.5 0.9 0.0 0.8 0.95 0.2 0.2 0.45 0.45 0.8 1.0 0.9 0.3 0.55 0.7 0.55 0.6 0.45 0.4 0.85 0.25 0.3 
-0.05279057765758703 0.32784829488719247 0.42006105504603825 0.9 0.5 1.0 0.5 0.0 1.0 0.75 0.05 0.8 0.0 0.6 0.6 0.7 1.0 0.7 0.9 0.2 0.85 0.85 0.15 0.7 0.2 0.8 0.65 0.7 0.25 0.25 0.15 0.85 0.95 0.9 0.9 0.75 1.0 0.25 0.3 
-0.16258478467481446 0.260311148597831 0.58196860172075 0.9 0.85 1.0 0.5 0.7 1.0 0.15 0.95 0.3 0.25 0.3 0.35 1.0 1.0 0.5 0.45 0.2 0.65 1.0 0.15 0.25 0.4 0.8 0.65 0.95 0.25 0.15 0.1 0.0 0.1 0.95 0.9 0.75 0.7 0.25 0.3 
-0.010739739185704878 0.2808064164352917 0.517535262438938 0.3 0.4 0.0 0.35 0.8 0.3 0.8 0.85 0.95 0.2 0.15 0.75 0.9 0.6 0.5 0.9 0.0 0.8 0.95 0.2 0.2 0.2 0.45 0.6 0.95 0.05 0.3 0.55 0.7 0.55 1.0 0.4 0.4 0.7 0.1 0.3 
-0.02330402776544756 0.3824718154253918 0.36617803344263666 0.1 0.5 0.05 0.65 0.95 0.95 0.1 0.05 0.8 0.8 0.35 0.2 0.95 1.0 0.7 0.95 0.2 0.8 0.85 0.15 0.35 1.0 0.8 0.65 0.85 0.1 0.25 0.7 0.8 0.8 0.75 0.4 0.1 0.55 0.25 0.35 
-0.060752300831205946 0.3792266564650173 0.6741912438328805 0.75 0.4 0.0 1.0 0.25 0.9 0.3 0.85 0.1 0.2 0.0 0.5 0.9 0.6 0.5 0.9 0.0 0.8 1.0 0.2 0.2 0.4 0.45 0.8 0.95 0.9 0.55 0.6 0.7 0.55 0.75 0.45 0.45 0.8 0.25 0.4 
-0.15021780744114163 0.5283326254710546 0.7293258150051495 0.5 0.95 0.2 0.3 0.6 0.3 0.6 0.8 0.85 0.6 0.9 0.3 1.0 0.75 0.35 0.65 1.0 0.25 0.75 0.2 0.35 0.8 1.0 0.15 0.75 0.9 0.45 0.6 0.1 0.5 1.0 0.85 0.6 0.65 0.6 0.25 
-0.4378255597698957 0.579048721560041 0.4006000171838003 0.55 0.2 0.95 0.0 0.5 0.55 0.7 0.8 1.0 0.3 0.75 0.2 1.0 0.7 0.8 0.7 1.0 0.25 0.2 0.35 1.0 0.65 0.8 0.2 0.8 0.95 0.45 0.2 1.0 0.4 0.7 0.7 0.6 1.0 0.6 0.45 
-0.04963977146155323 0.36929753038161744 0.4119385080651856 0.1 0.5 0.75 0.6 0.1 0.95 0.1 0.05 0.8 0.35 0.35 0.3 0.95 0.05 0.75 0.85 0.2 0.75 0.65 0.15 0.75 0.45 0.8 0.7 0.0 0.1 0.25 0.05 0.05 0.35 0.55 0.4 0.2 0.8 0.25 0.35 
-126.07260701116158 0.44306213512955706 0.7189565680802619 0.65 0.7 0.05 0.85 0.5 1.0 0.1 0.8 0.95 0.65 0.8 0.25 0.6 0.05 0.45 0.65 1.0 0.25 1.0 0.85 0.25 0.25 0.35 0.05 0.85 1.0 0.55 0.85 0.05 0.5 0.8 0.8 0.6 1.0 0.6 0.25 
-0.1302818094365625 0.5807890455379929 0.6914370574371772 0.55 0.8 0.2 0.1 0.25 0.55 0.05 0.8 0.95 0.6 0.75 0.3 1.0 0.7 0.8 0.8 1.0 0.25 1.0 0.25 0.35 0.25 0.05 0.15 0.8 0.95 0.5 0.7 1.0 0.45 0.8 0.85 0.6 0.75 0.6 0.25 
-0.017566470706901607 0.47338433416772574 0.6924971760410373 0.1 0.95 0.15 0.35 0.1 0.15 0.4 0.1 0.6 0.0 1.0 0.1 0.65 0.8 0.5 0.75 1.0 0.7 1.0 0.55 0.3 0.9 0.5 0.95 0.6 0.75 0.3 1.0 0.7 0.25 0.3 0.15 0.5 0.35 0.65 0.25 
-0.21128896554887844 0.5111588663758182 0.7111140496018724 0.55 0.8 0.2 0.1 0.25 0.55 0.05 0.8 0.95 0.85 0.55 0.3 0.55 0.7 0.85 0.8 1.0 0.25 1.0 0.25 0.35 0.25 0.05 0.15 0.8 0.95 0.5 0.1 1.0 0.45 0.95 0.85 0.6 0.75 0.6 0.25 
-0.00032026869179384217 0.3363340990445398 0.3919338879770585 0.9 0.0 1.0 0.5 0.7 0.0 0.15 0.75 0.8 0.85 0.6 0.15 0.95 1.0 0.7 0.7 0.2 0.65 1.0 0.15 0.7 0.4 0.8 0.7 0.95 0.25 0.1 0.15 0.45 0.95 0.2 0.9 0.75 0.85 0.25 0.3 
-103.1595648772201 0.5106216757186451 0.35922655155720495 0.6 0.15 0.05 0.65 0.1 0.25 0.45 0.65 0.25 0.9 0.75 0.35 0.95 0.9 0.65 0.95 0.2 0.7 0.85 0.15 0.35 1.0 0.75 0.6 0.8 0.55 0.0 0.8 0.85 0.4 1.0 0.55 0.4 1.0 0.25 0.25 
-0.021740699397614357 0.578352968406662 0.4022953055607776 0.55 0.2 0.95 0.0 0.5 0.55 0.7 0.8 1.0 0.3 0.75 0.2 1.0 0.7 0.8 0.7 1.0 0.25 0.2 0.35 1.0 0.65 0.8 0.2 0.8 0.95 0.45 0.2 1.0 0.4 0.7 0.7 0.6 1.0 0.6 0.45 
-0.02573270413440953 0.6447268750991212 0.6335345735560867 0.75 0.4 0.6 0.85 0.3 0.6 0.25 0.8 0.85 0.0 0.7 0.75 0.9 0.7 0.75 0.7 1.0 0.3 1.0 0.25 0.35 0.85 0.2 0.4 0.45 0.05 0.65 0.75 0.05 0.3 1.0 0.85 0.65 0.5 0.6 0.25 
-0.01013956533167002 0.6462543339392801 0.5466917314917 0.35 0.65 0.4 0.35 0.85 0.45 0.45 0.8 0.75 0.4 0.05 0.2 1.0 0.1 0.65 1.0 0.0 0.9 1.0 0.25 0.65 0.75 0.3 0.7 1.0 0.5 0.9 0.95 0.1 0.75 0.95 0.8 0.85 0.95 0.5 0.05 
-0.10457228946982222 0.27318983520366347 0.6210598839455249 0.9 0.85 0.55 0.5 0.75 1.0 0.15 0.65 0.6 0.75 0.1 0.15 1.0 1.0 0.45 0.65 0.25 0.65 1.0 0.15 0.7 0.4 0.8 0.65 0.95 0.25 0.15 0.1 0.45 0.05 1.0 0.9 0.6 0.95 0.25 0.3 
-0.005268696871666219 0.3412425970889128 0.37504872720959087 0.2 0.85 1.0 0.5 0.7 1.0 0.3 0.75 0.15 0.85 0.6 0.15 0.95 1.0 0.7 0.7 0.2 0.85 1.0 0.15 0.7 0.4 0.4 0.5 0.95 0.4 0.1 0.55 0.85 0.95 0.95 0.95 0.75 0.65 0.25 0.3 
-0.13954647680456853 0.52026224784259 0.7363374097549549 0.75 0.8 0.2 0.3 0.6 0.7 0.05 0.8 0.85 0.85 0.7 0.6 1.0 0.7 0.5 0.65 1.0 0.25 1.0 0.25 0.35 0.4 0.05 0.15 0.75 0.85 0.45 0.65 0.05 0.5 0.95 0.85 0.6 0.65 0.6 0.25 
-0.004217554620468086 0.6400955011482807 0.5989332494800157 0.75 0.4 0.6 0.85 0.3 0.6 0.25 0.8 0.85 0.0 0.7 0.75 0.9 0.7 0.75 0.7 1.0 0.3 1.0 0.25 0.35 0.85 0.2 0.4 0.45 0.95 0.65 0.75 0.05 0.3 1.0 0.85 0.65 0.5 0.6 0.25 
-0.20747632309583913 0.508874668537641 0.7312142034497824 0.75 0.8 0.2 0.3 0.6 0.85 0.05 0.8 0.85 0.85 0.7 0.6 1.0 0.7 0.45 0.65 1.0 0.25 1.0 0.25 0.35 0.4 0.05 0.15 0.75 0.9 0.45 0.65 0.05 0.5 0.95 0.85 0.6 0.5 0.6 0.25 
-0.07784548195012016 0.6066782440001497 0.6775259294167224 0.55 0.8 0.2 0.1 0.25 0.55 0.05 0.8 0.95 0.6 0.75 0.3 1.0 0.7 0.8 0.8 1.0 0.25 1.0 0.25 0.35 0.25 0.05 0.15 0.8 0.95 0.5 0.45 1.0 0.45 0.8 0.85 0.6 0.75 0.6 0.25 
-0.003860859113342287 0.3334744036963281 0.38346321472132 0.9 0.5 1.0 0.1 0.7 1.0 0.95 0.05 0.8 0.85 0.35 0.6 1.0 1.0 0.7 0.9 0.2 0.7 0.85 0.15 0.7 0.4 0.8 0.65 0.35 0.35 0.45 0.5 0.6 0.95 0.9 0.9 0.85 1.0 0.25 0.3 
-0.00678052641075292 0.24747365347714917 0.5668905874828204 0.9 0.85 1.0 0.5 0.7 1.0 0.15 0.95 0.3 0.25 0.3 0.35 1.0 1.0 0.45 0.45 0.2 0.65 1.0 0.15 0.25 0.4 0.8 0.65 0.95 0.25 0.15 0.1 0.0 0.1 0.95 0.9 0.75 0.7 0.25 0.3 
-0.03839165385417045 0.26041650714683395 0.6031433579238583 0.9 0.85 1.0 0.5 0.75 1.0 0.15 0.65 0.3 0.75 0.3 0.15 1.0 1.0 0.45 0.65 0.25 0.65 1.0 0.15 0.25 0.4 0.8 0.65 0.95 0.25 0.15 0.1 0.95 0.1 0.95 0.9 0.75 0.85 0.25 0.3 
-0.0012635867270990367 0.2885813807363249 0.4800490930507863 0.9 0.85 1.0 0.5 0.7 1.0 0.6 0.75 0.8 0.85 0.6 0.15 0.95 1.0 0.7 0.7 0.2 0.65 1.0 0.15 0.7 0.4 0.8 0.65 0.95 0.25 0.1 0.15 0.45 0.95 0.95 0.9 0.75 0.85 0.25 0.3 
-0.03011925053862498 0.39394898355902214 0.3392255072965675 0.6 0.1 0.05 0.65 0.1 0.1 0.45 0.45 0.4 0.9 0.35 0.4 0.95 1.0 0.7 0.35 0.15 0.7 0.9 0.15 0.35 1.0 0.75 0.6 0.8 0.55 0.0 0.9 0.85 0.8 0.85 0.55 0.4 1.0 0.25 0.35 
-0.25244267909852297 0.6271445183276264 0.6691885669206806 0.75 0.4 0.6 0.85 0.3 0.6 0.25 0.8 0.0 0.0 0.7 0.75 0.9 0.7 0.75 0.7 1.0 0.3 1.0 0.25 0.35 0.85 0.2 0.4 0.55 1.0 0.65 0.75 0.0 0.35 1.0 0.85 0.65 0.5 0.6 0.25 
-0.19782872655866388 0.55241182413207 0.7357270754928149 0.55 0.4 0.5 0.1 0.5 0.55 0.05 0.8 0.85 0.6 0.75 0.3 0.95 0.7 0.85 0.9 1.0 0.25 1.0 0.25 0.35 0.4 0.05 0.15 0.8 0.95 0.45 0.85 1.0 0.4 0.95 0.85 0.6 0.65 0.6 0.25 
-0.0689327764382469 0.3997088832752378 0.3290133874729899 0.1 0.5 0.05 0.65 0.95 0.95 0.95 0.05 0.8 0.8 0.35 0.6 0.95 1.0 0.7 0.85 0.2 0.7 0.85 0.15 0.35 1.0 0.8 0.65 0.35 0.1 0.25 0.7 0.8 0.8 0.75 0.4 0.1 1.0 0.25 0.35 
-0.04000798285809775 0.36350487322577074 0.3480513005232437 0.9 0.5 1.0 0.5 0.7 1.0 0.75 0.05 0.8 0.25 0.6 0.6 0.95 1.0 0.7 0.7 0.2 0.85 0.85 0.15 0.7 0.45 0.8 0.65 0.35 0.25 0.25 0.6 0.85 0.7 0.9 0.9 0.75 1.0 0.25 0.3 
-1.2738170056552651 0.5777517187358572 0.7111243230353036 0.55 0.8 0.2 0.1 0.25 0.55 0.05 0.8 0.95 0.6 0.75 0.3 1.0 0.7 0.8 0.8 1.0 0.25 1.0 0.25 0.35 0.25 0.05 0.15 0.8 0.95 0.5 0.45 1.0 0.45 0.95 0.85 0.6 0.75 0.6 0.25 
-0.07363431652949218 0.6714151483718606 0.5982268956831007 0.55 0.95 0.6 0.9 0.85 0.55 0.0 0.95 0.4 0.75 0.75 0.2 1.0 0.7 0.7 0.75 1.0 0.25 0.95 0.25 0.35 0.05 0.8 0.45 1.0 1.0 0.45 0.0 0.05 0.35 1.0 0.65 0.6 0.95 0.6 0.25 
-122.19256905586758 0.5292009711087654 0.3596836625630758 0.6 0.15 0.05 0.65 0.1 0.25 0.45 0.65 0.25 0.9 0.75 0.35 0.95 0.9 0.65 0.95 0.2 0.7 0.85 0.15 0.35 1.0 0.75 0.6 0.8 0.55 0.0 0.8 0.85 0.4 1.0 0.55 0.4 1.0 0.25 0.35 
-0.03294410214885656 0.6394268224716448 0.5011463551951815 0.35 0.65 0.4 0.5 0.85 0.45 0.45 0.35 0.75 0.4 0.05 0.2 1.0 0.1 0.65 0.85 0.0 0.9 0.2 0.2 0.4 0.45 0.3 0.6 0.35 0.7 0.45 0.95 0.1 0.75 0.95 0.8 0.85 0.1 0.25 0.1 
-0.22529679826280982 0.6008636840973333 0.6937598715332656 0.55 0.8 0.2 0.1 0.25 0.55 0.05 0.8 0.95 0.6 0.25 0.3 1.0 0.7 0.8 0.8 1.0 0.25 1.0 0.25 0.35 0.35 0.05 0.15 0.8 0.95 0.5 0.45 1.0 0.45 0.8 0.85 0.6 0.75 0.6 0.25 
-0.010358491488995024 0.6455540642549044 0.6195110868175306 0.75 0.4 0.25 0.85 0.3 0.55 0.25 0.65 0.8 0.0 0.1 0.75 0.9 0.7 0.7 0.7 1.0 0.3 1.0 0.25 0.35 0.85 0.2 0.4 0.45 0.05 0.65 0.75 1.0 0.3 1.0 0.85 0.65 0.75 0.6 0.25 
-0.00019185226614257955 0.4371278945524619 0.32095204344226114 0.6 0.15 0.05 0.65 0.1 0.75 0.75 0.45 0.4 0.9 0.35 0.35 0.95 1.0 0.7 0.95 0.2 0.6 0.85 0.15 0.35 1.0 0.75 0.6 0.8 0.55 0.0 0.7 0.85 0.7 0.85 0.55 0.4 1.0 0.25 0.4 
-0.022534256376730864 0.36451384647082175 0.3281729665938605 0.1 0.5 0.7 0.65 0.95 0.95 0.1 0.05 0.8 0.8 0.35 0.6 0.95 1.0 0.7 0.85 0.2 0.8 0.85 0.15 0.35 1.0 0.8 0.65 0.9 0.1 0.25 0.7 0.8 0.8 0.75 0.4 0.1 1.0 0.25 0.35 
-0.013492014212479485 0.3111809372688217 0.39097615572111494 0.9 0.5 0.2 0.1 0.7 1.0 0.45 0.05 0.8 0.85 0.35 0.6 1.0 1.0 0.7 0.9 0.2 0.7 0.85 0.15 0.7 0.4 0.8 0.65 0.35 1.0 0.3 0.5 0.95 0.95 0.9 0.9 0.65 1.0 0.25 0.3 
-0.05605522819492634 0.2432983210563212 0.5467373429245028 0.05 0.75 0.4 0.7 0.75 0.3 0.3 0.35 0.6 0.5 0.05 0.75 1.0 0.6 0.5 0.8 0.85 0.7 0.95 0.2 0.2 0.2 0.7 0.7 0.9 0.05 0.2 0.55 0.65 0.55 1.0 0.75 0.4 0.7 0.1 0.3 
-0.05393556878797826 0.6265897754996239 0.45625208092670705 0.35 0.65 0.4 0.5 0.85 0.6 0.45 0.35 0.75 0.4 0.05 0.2 1.0 0.1 0.65 0.85 0.0 0.9 0.2 0.25 0.6 0.6 0.3 0.6 0.35 0.7 0.45 0.95 0.1 0.75 0.95 0.8 0.85 0.75 0.5 0.1 
-0.00858819110608184 0.32303494467506766 0.3526149276607029 0.9 0.5 1.0 0.8 0.2 1.0 0.25 0.05 0.65 0.85 0.6 0.6 0.95 1.0 0.7 0.7 0.2 0.85 0.95 0.15 0.7 0.4 0.8 0.65 0.75 0.8 0.1 0.95 0.85 1.0 0.6 0.8 0.75 1.0 0.25 0.3 
-0.008380047431062406 0.6155904035177467 0.4329626302179254 0.35 0.65 0.4 0.5 0.85 0.45 0.45 0.35 0.75 0.4 0.05 0.2 1.0 0.1 0.65 0.85 0.0 0.9 0.2 0.45 0.6 0.45 0.3 0.6 0.35 0.7 0.95 0.95 0.1 0.75 0.95 0.8 0.85 0.75 0.5 0.1 
-0.0033755226820337053 0.4571950658794138 0.32264647517836365 0.6 0.5 1.0 0.8 0.7 1.0 0.75 0.05 0.8 0.4 0.15 0.75 0.95 1.0 0.7 0.7 0.2 0.85 0.85 0.15 0.7 0.8 0.8 0.75 0.6 0.05 0.35 0.25 0.85 0.95 0.9 0.9 0.75 0.95 0.25 0.05 
-0.0649894421369231 0.6680756152540398 0.5296210438292075 0.55 0.95 0.6 0.1 0.5 0.55 0.05 0.8 1.0 0.75 0.75 0.2 1.0 0.7 0.8 0.75 1.0 0.25 1.0 0.25 0.35 0.05 0.8 0.35 0.8 0.95 0.45 0.65 1.0 0.4 0.95 0.7 0.6 0.7 0.6 0.25 
-0.08200167289311901 0.29758865661108946 0.45703951192725145 0.3 0.4 0.0 0.35 0.8 0.3 0.8 0.85 0.95 0.2 0.15 0.1 0.9 0.6 0.5 0.9 0.0 0.8 0.95 0.65 0.2 0.2 0.45 0.75 0.95 0.05 0.3 0.4 0.7 0.55 0.9 0.7 0.4 0.8 0.1 0.3 
-0.5162021851949282 0.505731878630057 0.7357399808698414 0.75 0.8 0.2 0.3 0.6 0.7 0.05 0.8 0.85 0.85 0.7 0.6 1.0 0.7 0.5 0.65 1.0 0.25 1.0 0.25 0.35 0.4 0.05 0.15 0.75 0.9 0.45 0.65 0.05 0.5 0.95 0.85 0.6 0.5 0.6 0.25 
-0.024225708631512025 0.44445370126073863 0.3275579944329813 0.6 0.5 1.0 0.8 0.7 1.0 0.75 0.05 0.8 0.4 0.15 0.75 0.95 1.0 0.7 0.7 0.2 0.85 0.85 0.15 0.7 0.65 0.8 0.75 0.6 0.05 0.35 0.25 0.85 0.95 0.9 0.9 0.75 0.95 0.25 0.05 
-0.0007122933805415175 0.30436926385111995 0.410219514621556 0.9 0.5 1.0 0.1 0.7 1.0 0.95 0.05 0.8 0.85 0.35 0.6 1.0 1.0 0.7 0.9 0.2 0.7 0.85 0.15 0.7 0.4 0.8 0.65 0.35 1.0 0.45 0.5 0.6 0.95 0.9 0.9 0.85 1.0 0.25 0.3 
-0.008791177522922024 0.2776366138245896 0.401029426472872 0.95 0.15 1.0 0.9 0.9 1.0 0.3 0.75 0.1 0.85 0.6 0.0 0.95 1.0 0.7 0.7 0.2 0.85 1.0 0.15 0.7 0.5 0.95 0.75 0.95 0.25 0.05 0.55 0.85 0.95 0.95 0.95 0.75 0.65 0.25 0.3 
-0.0014176766786274388 0.4398995688490616 0.30608277725947675 0.1 0.15 0.05 0.65 0.65 0.95 0.45 0.45 0.4 0.9 0.35 0.6 0.95 1.0 0.7 0.9 0.15 0.7 0.85 0.15 0.35 1.0 0.75 0.65 0.65 1.0 0.95 0.7 0.85 0.8 0.9 0.55 0.4 1.0 0.25 0.35 
-0.022049591134880527 0.3940399011633446 0.3085057435046177 0.6 0.35 0.05 0.65 0.9 0.1 0.45 0.45 0.4 0.9 0.85 0.4 0.9 1.0 0.7 0.95 0.15 0.7 0.9 0.15 0.35 1.0 0.75 0.6 0.8 0.55 0.0 0.15 0.25 1.0 0.85 0.55 0.4 1.0 0.25 0.35 
-0.06044079100784753 0.5975766578639787 0.3957759731454086 0.55 0.2 0.95 0.0 0.5 0.55 0.55 0.8 1.0 0.3 0.75 0.2 1.0 0.7 0.8 0.7 1.0 0.25 0.85 0.35 1.0 0.65 0.8 0.2 0.8 0.95 0.45 0.2 1.0 0.4 0.7 0.7 0.6 0.95 0.6 0.45 
-0.00803849380017709 0.30874941310964765 0.36992608078220246 0.15 0.5 1.0 0.5 0.7 1.0 0.75 0.05 0.8 0.85 0.6 0.6 0.95 1.0 0.7 0.9 0.2 0.85 0.9 0.15 0.7 0.4 0.8 0.65 0.45 0.25 0.25 0.15 0.85 0.95 0.9 0.9 0.85 1.0 0.25 0.3 
-0.5364253995847234 0.6473404630705408 0.6409663985260146 0.75 0.4 0.25 0.85 0.3 0.6 0.25 0.5 0.85 0.0 0.1 0.75 0.9 0.7 0.7 0.7 1.0 0.3 1.0 0.25 0.35 0.85 0.2 0.4 0.45 0.05 0.7 0.75 1.0 0.3 1.0 0.85 0.65 0.5 0.6 0.25 
-0.03385375283270593 0.656220901482826 0.5778408504974775 0.55 0.4 0.2 0.1 0.5 0.55 0.05 0.8 0.95 0.3 0.75 0.2 1.0 0.7 0.8 0.9 1.0 0.25 1.0 0.25 0.35 0.05 0.85 0.15 1.0 0.95 0.45 0.85 1.0 0.4 0.95 0.7 0.6 0.6 0.6 0.25 
-0.01057463260433184 0.3108707186406473 0.3485398389310149 0.45 0.5 1.0 0.8 0.2 1.0 0.25 0.05 0.8 0.85 0.6 0.6 0.95 1.0 0.7 0.7 0.2 0.85 0.95 0.15 0.7 0.4 0.8 0.65 0.95 0.8 0.1 0.95 0.85 1.0 0.95 0.8 0.75 1.0 0.25 0.3 
-0.010567562136606534 0.2952324295203622 0.4329562770853216 0.9 0.5 1.0 0.5 0.1 1.0 0.75 0.05 0.8 0.0 0.6 0.6 0.7 1.0 0.7 0.9 0.2 0.85 1.0 0.15 0.7 0.2 0.8 0.55 0.7 0.25 0.25 0.15 0.85 0.95 0.9 0.9 0.75 1.0 0.25 0.3 
-0.025996621987340856 0.32137126575103914 0.3482839579425008 0.9 0.5 1.0 0.8 0.2 1.0 0.25 0.05 0.65 0.85 0.6 0.6 0.95 1.0 0.7 0.7 0.2 0.85 0.95 0.15 0.7 0.4 0.8 0.65 0.75 0.8 0.1 0.95 0.85 1.0 0.95 0.8 0.75 1.0 0.25 0.3 
-0.03217703070957204 0.49130927824043297 0.3319450801231514 0.1 0.85 0.05 0.65 0.95 0.95 0.95 0.65 0.8 0.8 0.35 0.6 0.95 1.0 0.7 0.9 0.2 0.7 0.6 0.15 0.2 1.0 0.8 0.65 0.35 0.1 0.25 0.7 0.85 0.8 0.6 0.4 0.4 1.0 0.25 0.35 
-0.02636793559913317 0.3812861654322497 0.31933954795550334 0.1 0.15 0.05 0.65 0.65 0.95 0.45 0.45 0.4 0.9 0.35 0.6 0.95 1.0 0.7 0.75 0.2 0.7 0.85 0.15 0.35 1.0 0.75 0.65 0.65 1.0 0.95 0.7 0.85 0.8 0.75 0.55 0.4 1.0 0.25 0.35 
-0.011654261041734644 0.2933502824627884 0.3609180173422735 0.95 0.15 1.0 0.9 0.9 1.0 0.95 0.3 0.65 0.35 0.6 0.15 0.95 1.0 0.7 0.7 0.2 0.85 1.0 0.15 0.15 0.5 0.9 0.75 0.95 0.25 0.05 0.3 0.85 1.0 0.95 0.9 0.75 0.65 0.25 0.3 
-0.008249053746711298 0.270914175557578 0.4086505175663015 0.95 0.15 1.0 0.9 0.9 1.0 0.3 0.35 0.65 0.85 0.05 0.15 0.95 1.0 0.7 0.7 0.2 0.85 1.0 0.15 0.3 0.5 0.9 0.75 0.05 0.2 0.4 0.75 0.85 0.9 0.95 0.9 0.75 0.85 0.25 0.3 
-0.0397372476346373 0.4246609996395271 0.3019142434520422 0.1 0.15 0.75 0.65 0.95 0.95 0.45 0.45 0.4 0.9 0.35 0.6 0.95 1.0 0.7 1.0 0.2 0.7 0.7 0.15 0.35 1.0 0.75 0.65 0.65 1.0 0.95 0.7 0.85 0.8 0.85 0.55 0.4 1.0 0.25 0.35 
-1.6222823407030398 0.36581856583095473 0.6998953986735623 0.9 0.35 0.35 0.5 0.6 1.0 0.65 0.65 0.3 0.75 0.3 0.15 1.0 1.0 0.9 0.45 0.2 0.6 1.0 0.15 0.3 0.4 0.8 0.65 0.95 0.25 0.3 0.1 0.95 0.35 0.95 0.9 0.75 0.7 0.25 0.3 
-0.025922390087831673 0.28410295218377946 0.3823399180705188 0.95 0.15 0.65 0.4 0.9 1.0 0.3 0.05 0.75 0.85 0.35 0.15 0.95 1.0 0.7 0.7 0.2 0.6 1.0 0.15 0.3 0.95 0.9 0.75 1.0 0.25 0.05 0.55 0.65 0.85 1.0 0.9 0.75 0.65 0.25 0.4 
-0.7557504307438018 0.40417167865018916 0.298598491058808 0.6 0.1 0.05 0.65 0.1 0.1 0.45 0.45 0.4 0.9 0.85 0.4 0.95 1.0 0.7 0.95 0.15 0.7 0.9 0.15 0.35 1.0 0.75 0.6 0.8 0.55 0.0 0.2 0.85 1.0 0.85 0.55 0.4 1.0 0.25 0.35 
-0.0012790600667859546 0.34801310987703815 0.3166370480765315 0.6 0.5 0.6 0.8 0.7 1.0 0.75 0.05 0.8 0.9 0.15 0.85 0.95 1.0 0.7 0.7 0.2 0.85 0.85 0.15 0.7 0.65 0.8 0.65 0.6 0.05 0.65 0.45 0.0 0.95 0.9 0.9 0.75 1.0 0.25 0.3 
-2.9630453949279363 0.5036977616380719 0.7489251529885033 0.5 0.95 0.2 0.75 0.6 0.3 0.05 0.8 0.85 0.85 0.9 0.3 1.0 0.75 0.35 0.8 1.0 0.25 0.75 0.25 0.35 0.8 1.0 0.15 0.75 0.9 0.45 0.7 0.1 0.5 0.95 0.85 0.6 0.65 0.6 0.25 
-0.10311830956068584 0.6609169529515883 0.605854056350317 0.55 0.95 0.6 0.9 0.85 0.55 1.0 0.95 0.4 0.75 0.75 0.2 1.0 0.7 0.7 0.75 1.0 0.25 0.95 0.25 0.35 0.05 0.1 0.55 1.0 1.0 0.45 0.0 0.05 0.35 1.0 0.65 0.6 0.7 0.6 0.25 
-125.66875482699791 0.5751499087219736 0.3588571015740862 0.6 0.15 0.05 0.65 0.1 0.25 0.45 0.65 0.25 0.9 0.75 0.35 0.95 0.9 0.65 0.95 0.2 0.7 0.9 0.15 0.35 1.0 0.75 0.6 0.8 0.55 0.0 0.8 0.85 0.4 1.0 0.55 0.4 1.0 0.25 0.35 
-0.008887169641680931 0.33676015987144636 0.3221242634503618 0.6 0.5 1.0 0.8 0.7 1.0 0.75 0.05 0.8 0.4 0.15 0.6 0.95 1.0 0.7 0.7 0.2 0.85 0.85 0.15 0.7 0.65 0.8 0.65 0.6 0.05 0.35 0.25 0.85 0.95 0.9 0.9 0.75 1.0 0.25 0.3 
-0.23657774033758164 0.25275066775169786 0.5168444092981508 0.05 0.75 0.4 0.7 0.75 0.3 0.3 0.35 0.6 0.5 0.05 0.75 1.0 0.6 0.5 0.8 0.85 0.7 0.95 0.2 0.2 0.2 0.7 0.7 0.9 0.05 0.2 0.55 0.65 0.55 1.0 0.75 0.4 0.85 0.1 0.3 
-0.06249862209286807 0.6449733919105506 0.47953115198824947 0.35 0.65 0.4 0.35 0.85 0.45 0.45 0.8 0.75 0.4 0.05 0.2 1.0 0.1 0.65 1.0 0.0 0.9 0.2 0.25 0.65 0.75 0.3 0.7 1.0 0.5 0.9 0.95 0.1 0.75 0.95 0.8 0.85 0.95 0.5 0.05 
-0.6896077949549023 0.38779637114995547 0.3018927555066522 0.6 0.1 0.05 0.65 0.1 0.1 0.45 0.0 0.4 0.9 0.3 0.4 0.95 1.0 0.7 0.85 0.15 0.7 0.9 0.15 0.35 1.0 0.75 0.6 0.8 0.55 0.0 0.05 0.85 0.8 0.85 0.55 0.4 1.0 0.25 0.35 
-0.008049771903106689 0.29218033172567703 0.6451571374151371 0.9 0.45 0.55 0.5 0.75 1.0 0.15 0.65 0.15 0.75 0.1 0.15 1.0 1.0 0.45 0.65 0.25 0.65 1.0 0.15 0.7 0.4 0.8 0.65 0.95 0.25 0.15 0.1 0.35 0.05 1.0 0.9 0.75 0.85 0.25 0.3 
-0.01955673568194596 0.6652264017990913 0.43838304895784735 0.55 0.35 0.6 0.6 0.5 0.55 0.35 0.05 0.4 0.05 0.75 0.7 1.0 0.7 0.8 0.75 0.95 0.2 0.3 0.2 0.3 0.2 0.8 0.45 1.0 1.0 0.45 0.7 0.05 0.35 1.0 0.7 0.6 1.0 0.6 0.25 
-0.039430611305111586 0.6405085542903548 0.4190034241398953 1.0 0.4 0.45 0.0 0.5 0.55 0.15 0.35 0.95 0.3 0.05 0.6 1.0 0.7 0.7 0.9 1.0 0.25 0.4 0.35 0.5 0.7 0.8 0.2 0.9 0.95 0.45 0.45 1.0 0.4 0.55 0.7 0.6 0.8 0.6 0.35 
-129.22395734435892 0.5200327362364289 0.3295410062740324 0.6 0.55 0.6 0.8 0.1 0.5 0.65 0.2 0.1 0.2 0.6 0.35 0.95 0.05 0.7 0.95 1.0 0.55 0.8 0.15 0.2 1.0 0.75 0.5 0.9 0.55 0.0 0.85 0.85 0.8 1.0 0.55 0.1 0.9 0.2 0.35 
-4.451512014201325 0.4310257486260429 0.2841291300067633 0.6 0.1 0.05 0.65 0.1 0.1 0.45 0.0 0.4 0.9 0.3 0.4 0.95 1.0 0.7 0.85 0.15 0.7 0.9 0.15 0.35 1.0 0.75 0.6 0.8 0.55 0.0 0.2 0.85 0.8 0.85 0.55 0.4 1.0 0.25 0.35 
-0.01885006602631762 0.4631228147293112 0.2961829083488391 0.6 0.1 0.05 0.65 0.1 0.1 0.45 0.45 0.4 0.9 0.35 0.4 0.95 1.0 0.7 0.95 0.15 0.7 0.9 0.15 0.35 1.0 0.75 0.6 0.8 0.55 0.0 0.2 0.85 0.8 0.85 0.55 0.4 1.0 0.25 0.35 
-0.012130290638018171 0.2645962127212782 0.38199333410026065 0.45 0.5 1.0 0.5 0.2 1.0 0.3 0.05 0.8 0.85 0.6 0.6 0.95 1.0 0.7 0.7 0.2 0.85 0.95 0.15 0.7 0.4 0.8 0.65 0.95 0.25 0.1 0.95 0.85 1.0 0.95 0.9 0.75 1.0 0.25 0.3 
-0.0012854103107744637 0.4932687483347804 0.3093145499957809 0.6 0.15 0.05 0.65 0.1 0.1 0.75 0.45 0.4 0.9 0.35 0.6 0.95 1.0 0.7 0.9 0.2 0.7 0.85 0.15 0.8 1.0 0.75 0.6 0.65 0.55 0.0 0.7 0.85 0.8 0.8 0.55 0.4 0.9 0.25 0.35 
-0.017777087833871198 0.2618068695844672 0.44654302028614407 0.95 0.15 1.0 0.9 0.9 1.0 0.3 0.35 0.65 0.85 0.35 0.15 0.95 1.0 0.7 0.7 0.2 0.85 1.0 0.15 0.3 0.5 0.9 0.75 0.5 0.55 0.05 0.55 0.85 0.95 0.95 0.9 0.75 0.65 0.25 0.3 
-1.572652257962805 0.3744415141369109 0.3028769247506419 0.25 0.15 1.0 0.9 0.9 0.3 0.3 0.35 0.15 0.85 0.6 0.15 0.95 1.0 0.7 0.7 0.2 0.85 1.0 0.15 0.15 0.5 0.9 0.75 1.0 0.25 0.05 0.55 0.45 0.95 0.95 0.9 0.75 0.75 0.25 0.4 
-4.034895645673685 0.4980339088312246 0.3002805674056078 0.6 0.15 0.05 0.65 0.1 0.25 0.75 0.45 0.4 0.9 0.35 0.35 0.95 1.0 0.7 0.95 0.2 0.7 0.85 0.15 0.35 1.0 0.75 0.6 0.8 0.55 0.0 0.7 0.85 0.7 0.35 0.55 0.4 1.0 0.25 0.4 
-0.057891341398958455 0.6797950480174437 0.48418148591448795 0.55 0.95 0.6 0.75 0.5 0.7 0.8 0.95 0.7 0.75 0.75 0.55 1.0 0.7 0.8 0.75 1.0 0.25 1.0 0.25 0.35 0.0 0.8 0.9 1.0 1.0 0.45 0.0 0.95 0.35 1.0 0.7 0.45 0.95 0.6 0.25 
-0.10880074443508343 0.2371942573232591 0.4571034728081461 0.95 0.15 1.0 0.9 0.5 1.0 0.3 0.35 0.75 0.85 0.35 0.15 0.9 1.0 0.7 0.7 0.2 0.85 1.0 0.15 0.3 0.5 0.9 0.75 1.0 0.25 0.05 0.55 0.65 0.85 0.95 0.9 0.75 0.65 0.25 0.4 
-0.05396539196211953 0.6844789806572162 0.552353397280994 0.55 0.95 0.6 0.6 0.5 0.55 0.05 0.8 1.0 0.75 0.75 0.75 1.0 0.7 0.8 0.8 1.0 0.25 1.0 0.25 0.35 0.3 0.8 0.35 0.95 0.95 0.45 0.65 1.0 0.4 0.95 0.7 0.55 0.95 0.65 0.3 
-0.011710242266027302 0.25896569520093693 0.4348109517519534 0.65 0.15 1.0 0.9 0.9 1.0 0.3 0.35 0.75 0.85 0.35 0.15 0.95 1.0 0.7 0.7 0.2 0.85 1.0 0.15 0.3 0.5 0.9 0.75 1.0 0.25 0.45 0.9 0.65 0.85 0.95 0.9 0.75 0.65 0.25 0.4 
-0.01813758556199448 0.24792306959982063 0.4408330445920937 0.95 0.15 1.0 0.4 0.1 1.0 0.3 0.35 0.65 0.85 0.9 0.15 0.95 1.0 0.7 0.7 0.2 0.85 1.0 0.15 0.3 0.5 0.9 0.7 1.0 0.25 0.05 0.9 1.0 0.95 0.95 0.9 0.75 0.65 0.25 0.4 
-0.2421872866241061 0.457285426080718 0.2790016480700416 0.6 0.1 0.05 0.65 0.1 0.1 0.45 0.45 0.4 0.9 0.05 0.4 0.95 1.0 0.7 0.95 0.15 0.7 0.9 0.15 0.35 1.0 0.75 0.6 0.8 0.55 0.0 0.7 0.85 0.8 0.85 0.5 0.4 1.0 0.25 0.35 
-0.057531463130898804 0.6794220645776473 0.5119526336753573 0.35 0.4 0.2 0.05 0.5 0.3 0.8 0.8 0.05 0.3 0.75 0.2 1.0 0.7 0.8 0.9 1.0 0.25 1.0 0.25 0.35 0.05 0.85 0.8 0.8 0.95 0.45 0.4 1.0 0.4 0.95 0.7 0.5 0.85 0.6 0.25 
-130.8214727157097 0.5315896929835369 0.3195568495452763 0.6 0.55 0.6 0.8 0.1 0.1 0.65 0.2 0.1 0.2 0.6 0.35 0.95 0.05 0.7 0.95 1.0 0.55 0.8 0.15 0.2 1.0 0.75 0.5 0.95 0.55 0.0 0.85 0.85 0.8 1.0 0.55 0.1 0.9 0.2 0.35 
-0.02517995985916178 0.24790184640665375 0.40743594464619387 0.95 0.15 1.0 0.9 0.9 1.0 0.3 0.35 0.65 0.85 0.05 0.15 0.95 1.0 0.7 0.7 0.2 0.85 1.0 0.15 0.3 0.5 0.9 0.75 0.05 0.25 0.4 0.75 0.85 0.95 0.95 0.9 0.75 0.85 0.25 0.3 
-127.6305683636014 0.5357703888799094 0.3331707596010257 0.6 0.55 0.6 0.8 0.1 0.1 0.65 0.2 0.1 0.2 0.35 0.35 0.95 1.0 0.7 1.0 1.0 0.55 0.8 0.15 0.2 1.0 0.75 0.55 0.95 0.55 0.0 0.9 0.85 0.8 1.0 0.55 0.15 0.95 0.2 0.35 
-138.52867445819098 0.5309442423217308 0.3149145386205877 0.6 0.55 0.6 0.8 0.1 0.1 0.65 0.2 0.1 0.2 0.6 0.35 0.95 0.05 0.7 0.95 1.0 0.55 0.8 0.15 0.2 1.0 0.75 0.5 0.95 0.55 0.0 0.85 0.85 0.8 1.0 0.55 0.1 0.9 0.25 0.35 
-0.6595850104983428 0.48359184417451784 0.2940045661608637 0.6 0.15 0.05 0.65 0.1 0.25 0.75 0.45 0.4 0.9 0.35 0.35 0.95 1.0 0.7 0.95 0.2 0.7 0.85 0.15 0.35 1.0 0.75 0.6 0.8 0.55 0.0 0.7 0.85 0.7 0.85 0.55 0.4 1.0 0.25 0.4 
-135.6988711282206 0.552611399919481 0.3505755043361518 0.4 0.55 0.6 0.15 0.1 0.1 0.65 0.2 0.1 0.2 0.6 0.35 0.95 0.05 0.7 0.95 1.0 0.55 0.8 0.15 0.2 1.0 0.75 0.5 0.95 0.55 0.45 0.85 0.85 0.8 0.3 0.55 0.85 0.9 0.25 0.35 
-0.09315189035110079 0.24505458149376663 0.4179218969257243 0.95 0.15 1.0 0.9 0.9 1.0 0.3 0.35 0.65 0.85 0.35 0.15 0.95 1.0 0.7 0.7 0.2 0.85 1.0 0.15 0.3 0.5 0.9 0.75 0.05 0.25 0.05 0.55 0.85 1.0 0.95 0.9 0.75 0.85 0.25 0.3 
-0.14032184750683752 0.2477415047705535 0.47074603639193474 0.95 0.15 1.0 0.9 0.9 1.0 0.3 0.35 0.75 0.85 0.35 0.15 0.95 1.0 0.7 0.7 0.2 0.85 1.0 0.15 0.3 0.5 0.9 0.75 1.0 0.25 0.05 0.55 0.65 0.85 1.0 0.9 0.75 0.65 0.25 0.4 
-0.014857749822071232 0.6812919384931055 0.5054216386387429 0.55 0.95 0.55 0.9 0.05 0.55 0.05 0.8 1.0 0.75 0.75 0.2 1.0 0.7 0.9 0.75 1.0 0.25 1.0 0.25 0.35 0.25 0.8 0.2 0.95 0.9 0.45 0.65 1.0 0.4 0.95 0.7 0.55 0.9 0.6 0.25 
-0.04216390419021416 0.6752128459461003 0.5556670656078342 0.55 0.95 0.6 0.9 0.85 0.55 0.8 0.95 0.4 0.75 0.35 0.2 1.0 0.7 0.7 0.75 1.0 0.25 0.45 0.25 0.35 0.85 0.8 0.55 1.0 1.0 0.45 0.0 0.05 0.35 1.0 0.65 0.6 0.4 0.6 0.25 
-1.7210310674799705 0.47228329640746763 0.26941266913382766 0.6 0.1 0.05 0.65 0.1 0.1 0.45 0.45 0.4 0.9 0.35 0.4 0.95 1.0 0.7 0.95 0.15 0.7 0.9 0.15 0.35 1.0 0.75 0.6 0.8 0.55 0.0 0.7 0.85 0.8 0.85 0.55 0.4 1.0 0.25 0.35 
-140.11148770447622 0.5254977217993194 0.27934924943957584 0.8 0.45 0.6 0.15 0.1 0.25 0.65 0.2 0.1 0.2 0.6 0.35 0.95 0.05 0.7 0.8 1.0 0.55 0.8 0.1 0.2 1.0 0.75 0.5 0.95 0.95 0.7 0.85 0.85 0.8 1.0 0.55 0.1 0.9 0.25 0.35 
-0.09060048957500384 0.7189888714373877 0.4992191347788833 0.55 0.95 0.65 0.9 0.85 0.55 0.05 0.55 0.4 0.75 0.75 0.2 1.0 0.7 0.7 0.75 1.0 0.25 0.3 0.25 0.35 0.4 0.8 0.55 1.0 1.0 0.45 0.45 0.05 0.35 1.0 0.65 0.4 1.0 0.6 0.15 
-0.0290973144271669 0.6976068704948708 0.5253309095695422 0.0 0.35 0.6 0.6 0.5 0.55 0.8 0.05 0.4 0.05 0.15 0.7 1.0 0.7 0.8 0.75 0.95 0.2 1.0 0.25 0.35 0.7 0.8 0.45 1.0 1.0 0.45 0.7 0.05 0.35 0.9 0.7 0.6 0.4 0.6 0.25 
-0.13267581518014482 0.24431408343346123 0.597882337123872 0.9 0.85 0.55 0.5 0.75 1.0 0.15 0.65 0.3 0.75 0.1 0.15 1.0 1.0 0.45 0.65 0.25 0.65 1.0 0.15 0.3 0.4 0.8 0.65 0.95 0.25 0.15 0.1 0.95 0.1 1.0 0.9 0.65 0.9 0.25 0.3 
-0.13060947512435955 0.7011361924475468 0.44818779704346506 0.55 0.95 0.65 0.9 0.85 0.55 0.85 0.9 0.4 0.75 0.75 0.2 1.0 0.7 0.7 0.75 1.0 0.25 1.0 0.25 0.35 0.4 0.8 0.55 1.0 1.0 0.45 0.45 0.05 0.35 0.55 0.65 0.4 1.0 0.6 0.25 
-0.10221707757031048 0.2665894330828502 0.3695472839722017 0.45 0.6 0.4 0.5 0.2 0.45 0.3 0.05 0.8 0.85 0.1 0.75 0.95 1.0 0.7 0.7 0.2 0.85 0.95 0.15 0.7 0.4 0.8 0.65 0.2 0.25 0.15 0.75 0.85 1.0 1.0 0.9 0.75 0.95 0.25 0.3 
-1.530481314370138 0.6180884912810495 0.6931239375973669 0.55 0.4 0.65 0.1 0.5 0.55 0.05 0.8 0.5 0.6 0.75 0.3 1.0 0.7 0.85 0.9 1.0 0.25 1.0 0.25 0.35 0.4 0.05 0.2 0.8 0.95 0.45 0.85 1.0 0.4 0.95 0.85 0.6 0.65 0.6 0.25 
-0.00144113071564678 0.5450450423055107 0.7521303502140781 0.5 0.95 0.2 0.3 0.6 0.3 0.05 0.8 0.85 0.85 0.9 0.3 1.0 0.75 0.35 0.65 1.0 0.25 0.75 0.25 0.35 0.8 1.0 0.15 0.75 0.9 0.45 0.6 0.1 0.5 0.95 0.85 0.6 0.65 0.6 0.25 
-0.10960473914978795 0.6978429630236513 0.49973025605745947 0.55 0.95 0.6 0.75 0.5 0.7 0.8 0.95 0.75 0.75 0.75 0.55 1.0 0.7 0.8 0.75 1.0 0.25 1.0 0.25 0.35 0.2 0.8 0.8 1.0 1.0 0.45 0.0 0.95 0.35 0.85 0.7 0.4 0.95 0.6 0.25 
-0.04029632081246075 0.6960927776708965 0.4799688876324898 0.55 0.95 0.6 0.75 0.5 0.7 0.8 0.95 0.7 0.75 0.75 0.55 1.0 0.7 0.8 0.75 1.0 0.25 1.0 0.25 0.35 0.2 0.8 0.9 1.0 1.0 0.45 0.0 0.95 0.35 1.0 0.7 0.4 0.95 0.6 0.25 
-3.7481354026924554 0.5153642289167603 0.763350381612866 0.7 0.8 0.2 0.3 0.6 0.7 0.05 0.8 0.85 0.85 0.7 0.6 1.0 0.7 0.5 0.65 1.0 0.25 1.0 0.25 0.35 0.45 1.0 0.15 0.75 0.9 0.45 0.65 0.05 0.5 0.95 0.85 0.6 0.65 0.6 0.25 
-0.43405631191316557 0.6975736536291808 0.4206673762570468 1.0 0.35 0.6 0.6 0.5 0.55 0.8 0.05 0.4 0.05 0.85 0.7 1.0 0.7 0.8 0.75 0.95 0.2 0.95 0.2 0.3 0.2 0.8 0.85 1.0 1.0 0.45 0.7 0.05 0.35 1.0 0.7 0.6 1.0 0.6 0.25 
-0.05931523410146943 0.6783526077285666 0.4462666460608827 0.55 0.35 0.6 0.6 0.8 0.55 0.35 0.05 0.4 0.05 0.75 0.7 1.0 0.7 0.8 0.75 0.95 0.2 0.3 0.1 0.3 0.2 0.8 0.45 1.0 1.0 0.45 0.7 0.05 0.35 1.0 0.7 0.6 1.0 0.6 0.25 
-0.11088545463818136 0.6773908724276336 0.4267635610716797 0.55 0.35 0.55 0.6 0.5 0.65 0.8 0.05 0.4 0.05 0.75 0.7 1.0 0.7 0.8 0.75 0.95 0.2 1.0 0.25 0.35 0.2 0.8 0.85 1.0 1.0 0.45 0.7 0.05 0.35 0.7 0.7 0.6 1.0 0.6 0.25 
-0.10905072325824414 0.642686461773473 0.4072448372358001 1.0 0.4 0.45 0.0 0.5 0.55 0.15 0.35 0.95 0.3 0.05 0.6 1.0 0.7 0.8 0.9 1.0 0.25 0.4 0.35 0.5 0.7 0.8 0.2 0.9 0.95 0.45 0.45 1.0 0.4 0.55 0.7 0.6 0.8 0.6 0.35 
-0.02786557790028126 0.665740873359079 0.4725091350918265 0.55 0.35 0.6 0.6 0.8 0.55 0.35 0.05 0.4 0.05 0.75 0.7 1.0 0.7 0.8 0.75 0.95 0.2 0.3 0.1 0.3 0.2 0.8 0.45 1.0 1.0 0.45 0.7 0.05 0.35 1.0 0.7 0.6 0.6 0.6 0.25 
-137.6357826035803 0.46519260408877466 0.7225330855936102 0.5 0.7 0.9 0.85 0.3 1.0 0.05 0.8 0.95 0.65 0.8 0.3 0.0 0.05 0.25 0.65 1.0 0.25 1.0 0.85 0.25 0.45 0.15 0.15 0.85 1.0 0.55 0.85 0.05 0.5 0.8 0.75 0.5 0.65 0.6 0.25 
-0.07949558705409435 0.7199898563603345 0.4773971534784646 0.55 0.95 0.6 0.75 0.5 0.7 0.8 0.95 0.7 0.75 0.75 0.55 1.0 0.7 0.8 0.75 1.0 0.25 1.0 0.25 0.35 0.2 0.8 0.8 1.0 1.0 0.45 0.0 0.95 0.35 1.0 0.7 0.4 0.95 0.6 0.25 
-138.9725546240787 0.5610456807539317 0.3272509153341463 0.6 0.55 0.6 0.15 0.1 0.1 0.65 0.2 0.1 0.2 0.6 0.35 0.95 0.05 0.7 0.95 1.0 0.55 0.8 0.1 0.2 1.0 0.75 0.5 0.95 0.6 0.45 0.85 0.85 0.8 1.0 0.55 0.1 0.9 0.25 0.35 
-0.08987718499493119 0.6694233371813497 0.43311060076179875 0.55 0.95 0.6 0.75 0.5 0.55 0.2 0.95 0.4 0.75 0.75 0.2 1.0 0.7 0.8 0.75 1.0 0.25 0.85 0.25 0.35 0.2 0.45 0.85 1.0 1.0 0.45 0.15 0.05 0.35 1.0 0.7 0.4 0.95 0.6 0.25 
-0.06244474327350559 0.7269733089690082 0.43983656602834204 0.55 0.95 0.6 0.75 0.5 0.55 0.8 0.95 0.4 0.75 0.75 0.2 1.0 0.7 0.8 0.75 1.0 0.25 1.0 0.25 0.35 0.2 0.8 0.85 1.0 1.0 0.45 0.0 0.05 0.35 1.0 0.7 0.4 0.95 0.6 0.25 
-0.0362819148889312 0.6285434975476787 0.41145164433801895 1.0 0.4 0.45 0.0 0.35 0.55 0.15 0.35 0.95 0.3 0.05 0.6 1.0 0.7 0.7 0.9 1.0 0.25 0.2 0.35 0.5 0.7 0.8 0.2 0.85 0.95 0.45 0.45 1.0 0.4 0.55 0.7 0.6 0.9 0.6 0.35 
-0.022432507554641858 0.7017104732613306 0.5473892523260457 0.55 0.95 0.6 0.9 0.5 0.55 0.3 0.8 1.0 0.75 0.6 0.2 1.0 0.7 0.55 0.75 1.0 0.25 1.0 0.25 0.35 0.25 0.85 0.9 0.95 0.95 0.35 0.65 0.05 0.35 0.95 0.7 0.6 0.8 0.6 0.05 
-0.18917584711550134 0.2958919678112516 0.3425320270761004 0.95 0.15 1.0 0.9 0.9 0.3 0.3 0.35 0.65 0.85 0.35 0.15 0.95 1.0 0.7 0.7 0.2 0.85 1.0 0.15 0.15 0.5 0.9 0.75 1.0 0.25 0.05 0.55 0.65 0.95 0.95 0.9 0.75 0.75 0.25 0.3 
-0.03849334599885007 0.6684452346706157 0.3964981868717272 0.55 0.95 0.6 0.75 0.5 0.55 0.8 0.95 0.4 0.75 0.75 0.2 1.0 0.7 0.8 0.75 1.0 0.25 1.0 0.5 0.35 0.2 0.8 0.45 1.0 1.0 0.45 0.0 0.95 0.35 1.0 0.7 0.4 0.95 0.6 0.25 
-0.34484287853453205 0.2365106001062353 0.5365346219062063 0.05 0.75 0.4 0.7 0.75 0.3 0.3 0.35 0.6 0.5 0.05 0.75 1.0 0.6 0.5 0.8 0.85 0.7 0.95 0.2 0.2 0.3 0.65 0.7 0.95 0.05 0.2 0.55 0.65 0.55 1.0 0.75 0.4 0.85 0.1 0.3 
-15.6799885851414 0.5108319752894097 0.7825216668308907 0.75 0.8 0.2 0.3 0.6 0.7 0.05 0.8 0.85 0.85 0.7 0.6 1.0 0.7 0.5 0.65 1.0 0.25 1.0 0.25 0.35 0.4 0.05 0.15 0.75 0.9 0.45 0.65 0.05 0.5 0.95 0.85 0.6 0.65 0.6 0.25 
-0.8948942295176201 0.6315546505720998 0.39056254871802065 0.55 0.85 0.65 0.1 0.5 0.55 0.55 0.8 0.7 0.55 0.35 0.4 1.0 0.7 0.8 0.75 1.0 0.25 1.0 0.7 1.0 0.65 0.8 0.2 0.95 0.95 0.45 0.15 1.0 0.4 0.85 0.7 0.6 1.0 0.6 0.4 
-141.2185518414461 0.5781117978900687 0.3366674676923014 0.6 0.45 0.6 0.15 0.1 0.25 0.65 0.2 0.1 0.2 0.6 0.35 0.95 0.05 0.7 0.8 1.0 0.55 0.8 0.1 0.2 1.0 0.75 0.5 0.95 0.6 0.45 0.85 0.85 0.8 1.0 0.55 0.1 0.9 0.25 0.35 
-1.186498272255143 0.39290474353587124 0.7070159568319482 0.9 0.85 0.1 0.5 0.1 1.0 0.65 0.85 0.3 0.75 0.3 0.15 0.7 1.0 0.9 0.45 0.2 0.65 1.0 0.15 0.3 0.4 0.8 0.65 0.6 0.25 0.15 0.1 0.95 0.35 0.95 0.9 0.75 0.8 0.25 0.3 
-0.7833140111385739 0.6276910233586891 0.6837366580342816 0.75 0.1 0.55 0.65 0.3 0.1 0.7 0.0 0.0 0.0 0.7 0.75 0.9 0.7 0.75 0.7 1.0 0.3 1.0 0.2 0.35 0.85 0.2 0.4 0.95 1.0 0.65 0.75 0.05 0.25 1.0 0.85 0.65 0.5 0.6 0.3 
-0.2918835163895529 0.5938187569155363 0.38348490286490344 0.55 0.05 0.95 0.1 0.5 0.8 0.7 0.25 1.0 0.3 0.75 0.45 1.0 0.7 0.8 0.75 1.0 0.25 0.85 0.85 1.0 0.55 0.8 0.2 0.8 0.95 0.45 0.15 1.0 0.4 0.7 0.7 0.6 1.0 0.6 0.45 
-0.8107899992620662 0.7004254633594386 0.5789575984281811 0.55 0.95 0.6 0.9 0.85 0.55 0.8 0.95 0.4 0.75 0.75 0.2 1.0 0.7 0.7 0.75 1.0 0.25 1.0 0.25 0.35 0.4 0.8 0.55 1.0 1.0 0.45 0.45 0.05 0.5 1.0 0.65 0.6 1.0 0.6 0.3 
-0.01582012617751873 0.26584958887641985 0.6259473643139413 0.9 0.85 1.0 0.5 0.75 1.0 0.15 0.65 0.3 0.75 0.1 0.15 1.0 1.0 0.45 0.65 0.25 0.65 1.0 0.15 0.3 0.4 0.8 0.65 0.95 0.25 0.15 0.1 0.95 0.1 1.0 0.9 0.75 0.85 0.25 0.3 
-100.52222494219316 0.42813054692415364 0.7348107657006454 1.0 0.7 0.9 0.0 0.3 1.0 0.05 0.8 0.95 0.65 0.8 0.3 0.1 0.9 0.25 0.7 1.0 0.25 1.0 0.85 0.25 0.6 0.15 0.0 0.85 1.0 0.55 0.9 0.05 0.5 0.8 0.75 0.85 0.65 0.6 0.25 
-1.1376228196731792 0.3571260338401221 0.6899897366787138 0.6 0.85 0.55 0.5 0.75 1.0 0.15 0.65 0.15 1.0 0.1 0.15 1.0 1.0 0.45 0.65 0.25 0.65 1.0 0.15 0.65 0.4 0.8 0.65 0.95 0.25 0.25 0.1 0.95 0.05 1.0 0.9 0.75 0.6 0.25 0.3 
-156.5281847740555 0.5366712783371569 0.2888751312116177 0.6 0.55 0.6 0.65 0.8 0.1 0.65 0.2 0.1 0.2 0.35 0.35 0.95 1.0 0.7 1.0 0.15 0.7 1.0 0.15 0.2 1.0 0.75 0.55 0.9 0.55 0.0 0.85 0.85 0.8 0.85 0.55 0.1 1.0 0.25 0.35 
-0.10145462627093421 0.6200114233643166 0.3969163020925968 0.55 0.95 0.95 0.1 0.5 0.55 0.15 0.8 1.0 0.3 0.75 0.2 1.0 0.7 0.8 0.75 1.0 0.25 0.9 0.25 0.95 0.65 0.8 0.2 0.8 0.95 0.45 0.2 1.0 0.4 0.7 0.7 0.6 1.0 0.6 0.4 
-0.15945064176026696 0.6769929407101776 0.5952884827230203 0.55 0.95 0.6 0.9 0.85 0.55 0.0 0.95 0.4 0.75 0.75 0.2 1.0 0.7 0.7 0.75 1.0 0.25 0.95 0.25 0.35 0.05 0.8 0.55 1.0 1.0 0.45 0.0 0.05 0.35 1.0 0.65 0.6 0.95 0.6 0.25 
-0.5025081337431441 0.23601886063810734 0.5236633890046521 0.05 0.75 0.4 0.7 0.75 0.3 0.3 0.35 0.6 0.5 0.05 0.75 1.0 0.6 0.5 0.75 0.85 0.7 0.95 0.2 0.2 0.3 0.65 0.7 0.95 0.05 0.2 0.55 0.65 0.55 1.0 0.75 0.4 0.95 0.1 0.3 
-1.024312329390809 0.6566744078404765 0.3816501586828921 0.55 0.95 0.95 0.1 0.5 0.55 0.5 0.8 1.0 0.3 0.75 1.0 1.0 0.7 0.8 0.75 1.0 0.25 0.75 1.0 1.0 0.65 0.8 0.2 0.95 0.95 0.45 0.2 1.0 0.4 0.95 0.7 0.6 1.0 0.6 0.4 
-0.12510046992048385 0.7257306497977865 0.48427553705958987 0.25 0.95 0.65 0.9 0.85 0.55 0.85 0.55 0.4 0.75 0.75 0.2 1.0 0.7 0.75 0.75 1.0 0.25 0.3 0.25 0.35 0.4 0.8 0.55 1.0 1.0 0.45 0.45 0.05 0.35 1.0 0.65 0.4 0.95 0.6 0.15 
-0.24855806357791396 0.2383015900499984 0.46860702073468685 0.95 0.15 0.35 0.9 0.9 1.0 0.3 0.9 0.75 0.85 0.35 0.3 1.0 1.0 0.7 0.7 0.2 0.6 1.0 0.15 0.3 0.5 0.9 0.75 0.75 0.25 0.05 0.55 0.65 0.85 1.0 0.9 0.75 0.65 0.25 0.4 
-2.181285096115884 0.6502021802891792 0.6625555523436741 0.75 0.4 0.25 0.85 0.3 0.6 0.25 0.5 0.85 0.0 0.1 0.75 0.9 0.7 0.7 0.7 1.0 0.3 1.0 0.25 0.35 0.85 0.2 0.4 0.7 0.05 0.7 0.75 1.0 0.3 1.0 0.85 0.65 0.5 0.6 0.25 
-0.10893012863810894 0.7308545744403667 0.5255524226896137 0.55 0.95 0.6 0.9 0.5 0.55 0.8 0.95 0.95 0.75 0.75 0.2 1.0 0.7 0.8 0.75 1.0 0.25 1.0 0.25 0.35 0.2 0.8 0.85 1.0 1.0 0.45 0.0 0.05 0.35 1.0 0.7 0.6 0.95 0.6 0.25 
-0.43667836729064874 0.7199548282929966 0.456794530439729 0.55 0.95 0.6 0.75 0.5 0.55 0.8 0.95 0.4 0.75 0.75 0.2 1.0 0.7 0.8 0.75 1.0 0.25 1.0 0.25 0.35 0.2 0.8 0.85 1.0 1.0 0.45 0.0 0.05 0.35 1.0 0.7 0.4 0.95 0.6 0.25 
-28.655716548771746 0.5890503563107896 0.37395624031411756 0.1 0.95 0.6 0.6 0.5 0.15 0.8 0.95 0.4 0.3 0.75 0.7 1.0 0.7 0.8 0.75 0.95 0.2 1.0 0.25 0.35 0.2 0.8 0.85 1.0 1.0 0.45 0.0 0.05 0.35 0.95 0.7 0.4 1.0 0.6 0.55 
-114.41086793443502 0.40320389257911043 0.7379219259165652 1.0 0.7 0.9 0.85 0.3 1.0 0.05 0.8 0.95 0.65 0.65 1.0 0.1 0.25 0.5 0.65 1.0 0.25 1.0 0.85 0.25 0.6 0.15 0.15 0.85 1.0 0.55 0.85 0.05 0.5 0.95 0.75 0.4 0.65 0.6 0.25 
-0.10279919705570978 0.7095764848521867 0.5571946983422733 0.55 0.95 0.6 0.9 0.5 0.55 0.3 0.75 1.0 0.75 0.75 0.4 1.0 0.7 0.8 0.75 1.0 0.25 1.0 0.25 0.35 0.25 0.8 0.35 0.95 0.95 0.45 0.65 0.05 0.35 0.95 0.65 0.6 0.95 0.6 0.25 
-1.552672449889127 0.23340065572060947 0.4427151358822579 0.95 0.15 1.0 0.9 0.1 1.0 0.3 0.35 0.65 0.85 0.9 0.15 0.95 1.0 0.7 0.7 0.2 0.85 1.0 0.15 0.3 0.5 0.9 0.75 1.0 0.65 0.05 0.9 1.0 0.95 0.95 0.9 0.75 0.65 0.25 0.4 
-0.09377046533377299 0.307905924758778 0.32355332390099756 0.45 0.15 1.0 0.9 0.9 0.3 0.3 0.35 0.9 0.85 0.3 0.15 0.95 1.0 0.7 0.7 0.2 0.85 1.0 0.15 0.15 0.5 0.9 0.75 0.75 0.25 0.7 0.55 0.45 0.95 0.95 0.9 0.75 0.75 0.25 0.3 
-0.07858761448045525 0.7487212617032535 0.49682673304347874 0.25 0.25 0.65 0.9 0.85 0.55 0.85 0.55 0.4 0.75 0.75 0.95 1.0 0.7 0.75 0.75 1.0 0.25 0.6 0.25 0.35 0.4 0.8 0.55 1.0 1.0 0.45 0.45 0.05 0.35 1.0 0.65 0.4 1.0 0.6 0.15 
-8.822383105152486 0.22481057632814777 0.5011104339399519 0.9 0.85 0.55 0.5 0.75 1.0 0.6 0.65 0.15 0.75 0.1 0.15 1.0 1.0 0.45 0.65 0.25 0.65 1.0 0.15 0.2 0.4 0.8 0.65 0.95 0.25 0.15 0.1 0.95 0.05 1.0 0.9 0.75 0.95 0.25 0.3 
-0.00242712111034976 0.31228827347870447 0.6594904002877541 0.9 0.05 0.9 0.5 0.6 1.0 0.7 0.65 0.3 0.75 0.65 0.15 0.6 1.0 0.55 0.45 0.2 0.7 1.0 0.15 0.3 0.4 0.8 0.65 0.95 0.25 0.15 0.1 0.95 0.35 0.95 0.9 0.75 0.7 0.25 0.3 
-113.58259822793362 0.3888044734998783 0.7354302602110326 0.0 0.0 0.9 0.85 0.0 1.0 0.05 0.8 0.95 0.7 0.8 0.3 0.1 0.05 0.45 0.65 1.0 0.25 1.0 0.85 0.25 0.75 0.15 0.15 0.85 1.0 0.55 0.6 0.05 0.5 0.6 0.75 0.4 0.65 0.6 0.25 
-0.05386493192112715 0.3169669526050619 0.6581474586222078 0.9 0.85 1.0 0.5 0.6 1.0 0.7 0.65 0.3 0.75 0.3 0.15 0.6 1.0 0.55 0.45 0.2 0.65 1.0 0.15 0.3 0.4 0.8 0.65 0.95 0.25 0.15 0.1 0.95 0.35 0.95 0.9 0.75 0.7 0.25 0.3 
-122.02425192648218 0.39200259970666346 0.74084141561659 1.0 0.7 0.9 0.85 0.3 1.0 0.05 0.8 0.95 0.65 0.8 0.3 0.1 0.9 0.25 0.65 1.0 0.25 1.0 0.85 0.25 0.6 0.15 0.15 0.85 1.0 0.55 0.85 0.05 0.5 0.8 0.75 0.4 0.65 0.6 0.25 
-0.09086864622593097 0.7546552100724044 0.5204154187392518 0.25 0.95 0.65 0.9 0.85 0.55 0.85 0.55 0.4 0.75 0.75 0.2 1.0 0.7 0.75 0.75 1.0 0.25 0.9 0.25 0.35 0.4 0.8 0.55 1.0 1.0 0.45 0.45 0.05 0.35 1.0 0.65 0.4 1.0 0.6 0.15 
-121.8285611055383 0.4018721753266401 0.7689539515240991 0.0 0.7 0.9 0.85 0.0 1.0 0.05 0.8 0.95 0.7 0.8 0.3 0.1 0.05 0.45 0.65 1.0 0.25 1.0 0.85 0.25 0.75 0.15 0.15 0.85 1.0 0.55 0.6 0.05 0.5 0.8 0.75 0.4 0.65 0.6 0.25 
-3.514581386874253 0.7429906185187509 0.46987940232311753 0.0 0.35 0.6 0.6 0.5 0.55 0.8 0.05 0.4 0.05 0.15 0.7 1.0 0.7 0.8 0.75 0.95 0.2 1.0 0.25 0.35 0.7 0.8 0.45 1.0 1.0 0.45 0.7 0.05 0.35 1.0 0.7 0.6 1.0 0.6 0.25 
-0.8623629282747993 0.7610249744481616 0.5131250453708358 0.25 0.95 0.65 0.9 0.85 0.55 0.85 0.55 0.4 0.75 0.75 1.0 1.0 0.7 0.75 0.75 1.0 0.25 0.9 0.25 0.35 0.65 0.8 0.55 1.0 1.0 0.45 0.45 0.05 0.35 1.0 0.65 0.4 1.0 0.6 0.15 
-1.3347420576992617 0.732480923422556 0.4330067498547201 0.55 0.95 0.6 0.75 0.5 0.7 0.8 0.95 0.7 0.75 0.75 0.55 1.0 0.7 0.8 0.7 1.0 0.25 1.0 0.25 0.35 0.2 0.8 0.8 1.0 1.0 0.45 0.0 0.95 0.35 1.0 0.7 0.4 0.95 0.6 0.25 
-157.38848715087406 0.5399793201523254 0.2896041787167949 0.75 0.55 0.6 0.65 0.15 0.1 0.65 0.2 0.1 0.2 0.35 0.35 0.85 1.0 0.7 1.0 0.15 0.7 1.0 0.15 0.2 1.0 0.75 0.55 0.65 0.55 0.0 0.85 0.85 0.8 0.95 0.55 0.1 1.0 0.25 0.35 
-126.54270970392514 0.39622588640090844 0.7739893681461683 1.0 0.7 0.9 0.85 0.3 1.0 0.05 0.8 0.95 0.65 0.8 0.3 0.1 0.05 0.25 0.65 1.0 0.25 1.0 0.85 0.25 0.6 0.15 0.15 0.85 1.0 0.55 0.85 0.05 0.5 0.95 0.75 0.4 0.65 0.6 0.25 
-0.27344783268329315 0.7328177394165375 0.5610442554232418 0.55 0.95 0.6 0.9 0.85 0.55 0.8 0.95 0.4 0.75 0.75 0.2 1.0 0.7 0.8 0.75 1.0 0.25 1.0 0.25 0.35 0.4 0.8 0.55 1.0 1.0 0.45 0.45 0.05 0.35 1.0 0.65 0.6 1.0 0.6 0.25 
-144.945768577129 0.5542635616913479 0.30074514558973475 0.6 0.55 0.6 0.8 0.1 0.1 0.65 0.2 0.1 0.9 0.35 0.35 0.95 1.0 0.7 1.0 1.0 0.55 0.8 0.15 0.2 1.0 0.75 0.55 0.95 0.55 0.0 0.95 0.85 0.8 0.9 0.55 0.15 0.9 0.2 0.35 
-1.3244309938645389 0.6775123132772807 0.3840392430243461 0.95 0.95 0.6 0.6 0.5 0.15 0.8 0.95 0.4 0.05 0.75 0.7 1.0 0.7 0.8 0.75 0.95 0.2 1.0 0.25 0.1 0.2 0.8 0.85 1.0 1.0 0.45 0.0 0.05 0.35 0.95 0.7 0.4 1.0 0.6 0.25 
-128.46635534576438 0.4168364262861705 0.7799349416712096 1.0 0.7 0.9 0.85 0.3 1.0 0.05 0.8 0.95 0.65 0.65 1.0 0.1 0.25 0.35 0.65 1.0 0.25 1.0 0.85 0.25 0.6 0.15 0.15 0.85 1.0 0.55 0.85 0.05 0.5 0.95 0.75 0.4 0.65 0.6 0.25 
-116.32191437369302 0.3833381284424179 0.7211920267875972 1.0 0.7 0.9 0.85 0.3 1.0 0.05 0.8 0.95 0.65 0.8 0.3 0.1 0.05 0.3 0.65 1.0 0.25 1.0 0.85 0.25 0.75 0.15 0.15 0.85 1.0 0.55 0.6 0.05 0.5 0.8 0.75 0.4 0.65 0.6 0.25 
-2.8910180866562687 0.28907649680921466 0.6645174113342768 0.9 0.85 1.0 0.5 0.75 1.0 0.15 0.65 0.3 0.75 0.3 0.15 1.0 1.0 0.45 0.65 0.25 0.65 1.0 0.15 0.65 0.4 0.8 0.65 0.95 0.25 0.15 0.1 0.95 0.1 0.95 0.9 0.75 0.85 0.25 0.3 
-104.57241310239219 0.4281592036128743 0.741934805681162 0.95 0.7 0.9 0.0 0.3 1.0 0.05 0.8 0.95 0.65 0.8 0.3 0.1 0.15 0.25 0.7 1.0 0.25 1.0 0.85 0.25 0.6 0.15 0.0 0.85 1.0 0.55 0.9 0.05 0.5 0.8 0.75 0.85 0.65 0.6 0.25 
-6.686950191203605 0.7048469239056452 0.38900811926625734 0.95 0.95 0.6 0.6 0.5 0.15 0.8 0.95 0.4 0.05 0.75 0.7 1.0 0.7 0.8 0.75 0.95 0.2 1.0 0.25 0.35 0.2 0.8 0.85 1.0 1.0 0.45 0.0 0.05 0.35 0.95 0.7 0.4 1.0 0.6 0.25 
-0.06413169884965286 0.6992661848572557 0.581493886310594 0.55 0.95 0.6 0.9 0.85 0.55 0.9 0.95 0.4 0.75 0.75 0.2 1.0 0.7 0.7 0.75 1.0 0.25 1.0 0.25 0.35 0.4 0.8 0.55 1.0 0.95 0.45 0.45 0.05 0.5 1.0 0.65 0.6 1.0 0.6 0.3 
-0.47442634038746856 0.6930631598831621 0.40690199098051394 1.0 0.35 0.6 0.6 0.5 0.55 0.8 0.05 0.4 0.05 0.85 0.7 1.0 0.7 0.8 0.9 0.95 0.2 0.95 0.2 0.0 0.2 0.8 0.85 1.0 1.0 0.45 0.7 0.05 0.35 1.0 0.7 0.6 1.0 0.6 0.25 
-1.013943125010099 0.7014801270657178 0.6164410700609366 0.55 0.95 0.6 0.1 0.85 0.55 0.8 0.95 0.4 0.75 0.75 0.85 0.55 0.7 0.7 0.85 1.0 0.25 1.0 0.25 0.35 0.4 0.8 0.55 1.0 1.0 0.45 0.45 0.05 0.5 1.0 0.65 0.6 1.0 0.6 0.3 
-0.01690131196070546 0.7370703743263418 0.5862636955339274 0.55 0.95 0.6 0.7 1.0 0.55 0.8 0.95 0.4 0.75 0.75 0.2 1.0 0.7 0.7 0.75 1.0 0.25 1.0 0.25 0.35 0.4 0.8 0.2 1.0 1.0 0.45 0.45 0.05 0.35 1.0 0.65 0.6 1.0 0.6 0.25 
-0.4453991571607881 0.3348360109898254 0.6663935134442396 0.9 0.05 0.9 0.5 0.6 1.0 0.7 0.65 0.3 0.75 0.65 0.15 0.5 1.0 0.55 0.45 0.2 0.7 1.0 0.15 0.3 0.4 0.8 0.65 0.95 0.25 0.15 0.1 0.95 0.35 0.8 0.9 0.75 0.7 0.25 0.3 
-5.106040629569873 0.23421675882541976 0.5707163116978231 0.9 0.85 1.0 0.5 0.75 1.0 0.15 0.65 0.3 0.75 0.1 0.15 1.0 1.0 0.45 0.65 0.25 0.65 1.0 0.15 0.3 0.65 0.8 0.65 0.95 0.25 0.15 0.1 0.95 0.1 1.0 0.9 0.35 0.85 0.25 0.3 
-3.32156563742899 0.2942601733797999 0.6854023537804681 0.9 0.85 1.0 0.5 0.75 1.0 0.15 0.65 0.3 0.75 0.3 0.15 1.0 1.0 0.45 0.65 0.25 0.65 1.0 0.15 0.65 0.4 0.8 0.65 0.95 0.25 0.15 0.1 0.95 0.1 0.95 0.9 0.8 0.85 0.25 0.3 
-6.1727901107097125 0.7428985164316678 0.44874715524128717 0.0 0.35 0.6 0.6 0.5 0.55 0.8 0.05 0.4 0.05 0.15 0.7 1.0 0.7 0.8 0.75 0.95 0.2 1.0 0.25 0.35 0.7 0.8 0.45 1.0 1.0 0.45 0.7 0.05 0.35 0.9 0.7 0.6 1.0 0.6 0.25 
-0.9131721992564955 0.7230309460824969 0.5872378796896001 0.25 0.95 0.65 0.9 0.85 0.55 0.85 0.55 0.4 0.75 0.75 0.2 1.0 0.7 0.15 0.75 1.0 0.25 0.9 0.25 0.35 0.4 0.8 0.55 1.0 1.0 0.45 0.45 0.05 0.35 1.0 0.65 0.4 0.95 0.6 0.15 
-19.971284432971125 0.22349518149273395 0.5165904091435174 0.9 0.85 1.0 0.5 0.7 1.0 0.15 0.65 0.3 0.75 0.4 0.15 1.0 1.0 0.45 0.4 0.2 0.65 1.0 0.15 0.25 0.4 0.8 0.65 0.95 0.25 0.15 0.1 0.95 0.1 1.0 0.9 0.75 0.85 0.25 0.3 
-22.692883706152557 0.4907181466017555 0.27132266866166166 0.6 0.55 0.6 0.65 0.8 0.1 0.65 0.2 0.1 0.2 0.35 0.35 0.95 1.0 0.7 1.0 0.15 0.7 1.0 0.15 0.2 1.0 0.75 0.55 0.9 0.55 0.0 0.85 0.85 0.8 0.85 0.25 0.1 1.0 0.25 0.35 
-6.007787385852477 0.69379332882956 0.638506584950353 0.55 0.95 0.6 0.9 0.85 0.8 0.8 0.95 0.4 0.75 0.4 0.85 1.0 0.7 0.7 0.75 1.0 0.25 1.0 0.25 0.35 0.2 0.8 0.55 1.0 1.0 0.45 0.0 0.05 0.35 1.0 0.65 0.6 0.95 0.65 0.25 
-6.866103044967047 0.7116376603379776 0.6114745639163847 0.55 0.95 0.6 0.9 0.85 0.55 0.8 0.95 0.4 0.75 0.75 0.2 1.0 0.7 0.7 0.75 1.0 0.25 1.0 0.25 0.35 0.4 0.8 0.1 1.0 1.0 0.45 0.45 0.05 0.35 1.0 0.65 0.6 1.0 0.6 0.25 
-2.7211982785840023 0.25322918717087617 0.6481891965538055 0.9 0.85 1.0 0.5 0.75 1.0 0.15 0.65 0.3 0.75 0.1 0.15 1.0 1.0 0.45 0.65 0.25 0.65 1.0 0.15 0.3 0.35 0.8 0.65 0.95 0.25 0.15 0.1 0.95 0.1 1.0 0.9 0.75 0.85 0.25 0.3 
-1.645259799427532 0.7588065074793022 0.5249188245483369 0.25 0.95 0.65 0.9 0.85 0.55 0.85 0.55 0.4 0.75 0.75 0.2 1.0 0.7 0.75 0.75 1.0 0.25 0.9 0.25 0.35 0.4 0.8 0.55 1.0 1.0 0.45 0.45 0.05 0.35 1.0 0.65 0.4 0.95 0.6 0.15 
-2.0508019691330666 0.31328046852445357 0.6933627378587406 0.9 0.85 1.0 0.5 0.75 1.0 0.15 0.65 0.3 0.75 0.3 0.15 0.9 1.0 0.45 0.65 0.25 0.65 1.0 0.15 0.65 0.4 0.8 0.65 0.95 0.25 0.15 0.1 0.95 0.1 0.95 0.9 0.8 0.85 0.25 0.3 
-9.369965523813777 0.6554459401839031 0.654323010371848 0.55 0.95 0.6 0.9 0.85 0.8 0.8 0.95 0.4 0.75 0.4 0.85 1.0 0.7 0.7 0.7 1.0 0.25 1.0 0.25 0.35 0.2 0.6 0.55 1.0 1.0 0.45 0.0 0.05 0.35 1.0 0.65 0.6 0.95 0.65 0.25 
-0.5468239254424644 0.7450420357644305 0.5743986560877421 0.55 0.95 0.6 0.9 0.85 0.55 0.8 0.95 0.4 0.55 0.75 0.2 1.0 0.7 0.7 0.75 1.0 0.25 1.0 0.25 0.35 0.4 0.8 0.25 1.0 1.0 0.45 0.45 0.05 0.35 1.0 0.65 0.6 1.0 0.6 0.25 
-129.27886322486776 0.41932050731952153 0.767599745148235 1.0 0.7 0.9 0.8 0.3 0.95 0.05 0.8 0.95 0.65 0.65 1.0 0.1 0.25 0.25 0.65 1.0 0.25 1.0 0.85 0.25 0.6 0.15 0.15 0.85 1.0 0.55 0.8 0.05 0.5 0.95 0.75 0.4 0.65 0.6 0.25 
-5.798742736879248 0.3486723715651876 0.7044464397992787 0.9 0.25 0.35 0.5 0.6 1.0 0.65 0.65 0.3 0.75 0.3 0.15 1.0 1.0 0.9 0.45 0.2 0.65 1.0 0.15 0.3 0.4 0.8 0.65 0.95 0.25 0.3 0.1 0.95 0.35 0.95 0.9 0.75 0.7 0.25 0.3 
-5.763571492804717 0.332148811099517 0.7011380334430407 0.9 0.85 0.55 0.5 0.75 1.0 0.15 0.65 0.15 0.3 0.1 0.15 1.0 1.0 0.45 0.65 0.25 0.65 1.0 0.15 0.7 0.4 0.8 0.65 0.95 0.25 0.25 0.1 0.95 0.05 1.0 0.9 0.75 0.6 0.25 0.3 
-1.872534634401498 0.7672359769971153 0.5243906265279117 0.25 0.95 0.65 0.9 0.85 0.55 0.85 0.55 0.4 0.75 0.75 0.2 1.0 0.7 0.75 0.75 1.0 0.25 0.9 0.25 0.35 0.4 0.8 0.65 1.0 1.0 0.45 0.45 0.05 0.35 1.0 0.65 0.4 0.95 0.6 0.15 
-1.2967462069223918 0.24986056545217267 0.6403648454999074 0.9 0.85 1.0 0.5 0.75 1.0 0.15 0.65 0.3 0.75 0.9 0.15 1.0 1.0 0.6 0.65 0.25 0.65 1.0 0.15 0.3 0.4 0.8 0.65 0.95 0.25 0.15 0.1 0.95 0.1 1.0 0.9 0.75 0.85 0.25 0.3 
