1.0 0.5000232221462049 0.5000367147420371 0.18841414499969433 0.006013927649818007 
1.0 0.41197556170065514 0.5192047753596554 0.47057867081381366 0.8557153153058731 
1.0 0.40467146835663526 0.48460879132546975 0.5384994397184687 0.9192975563363428 
1.0 0.50431577177188 0.5657844345154062 0.25227505601346445 0.8461418194839834 
1.0 0.5134971870672085 0.45881349968824947 0.7467456710087277 0.44170812415871097 
1.0 0.49282221451404656 0.5333454446037477 0.27682764213822 0.9039306862605976 
1.0 0.6516960551040301 0.4613386174101334 0.9815740618682196 0.5261741801602923 
1.0 0.5429952526771553 0.5184952478726845 0.10895304727330613 0.7015964767332803 
1.0 0.4845571140856769 0.5133290861289118 0.39121032611946205 0.7236438515115363 
1.0 0.47730936701239424 0.46044232125539664 0.6351593374737187 0.046005016044444624 
1.0 0.5159599731831264 0.5372715046264253 0.21600747040656132 0.5520986488812599 
1.0 0.35332761601359386 0.4663289986672544 0.5336513465816539 0.9590288667780995 
1.0 0.3524769912293073 0.48997984778374837 0.5031990281945357 0.9312864820295672 
1.0 0.5401279137259787 0.37526218811265294 0.7966500491263904 0.4040295034477315 
1.0 0.5153117564683111 0.5312700769681608 0.21287649880734272 0.5432580140345968 
1.0 0.47638659207082185 0.6067490657080413 0.3040087641096323 0.6678049364648239 
1.0 0.3450787949315841 0.5171865271290436 0.4932166083181576 0.0411041744806786 
1.0 0.5273832687175051 0.489623971745038 0.9298007539937171 0.31041266541289014 
1.0 0.44628274005173113 0.6632655919078998 0.29003914951252285 0.7249996455784932 
1.0 0.42772122943788365 0.6618750971898555 0.29810872434271096 0.7438547532676179 
1.0 0.4748650086969303 0.3418594272713771 0.7177884388595023 0.316085519511203 
1.0 0.32475335613419953 0.41990966318180223 0.5642842310680753 0.12206360289895701 
1.0 0.44895057070889666 0.6282137144955313 0.3344078860613715 0.7076875789688503 
1.0 0.5694398961434554 0.5349862586892463 0.060186298466631594 0.4642157593264037 
1.0 0.30900877350078926 0.4052662270975823 0.5627921010048573 0.0951511617566293 
1.0 0.5005011439686002 0.28227986192698773 0.7324474895757166 0.2580612160211193 
1.0 0.40890287116513263 0.2937933869702024 0.6433500382875491 0.18569049734110132 
1.0 0.3107685862365104 0.5963562335088521 0.4374269256512121 0.9395902317518791 
1.0 0.46583857414886254 0.48057462668445367 0.553107171565312 0.21092296594674476 
1.0 0.4507241377039886 0.5115740313940451 0.5162964025940882 0.84425474405728 
1.0 0.5328331588336488 0.28718309726686764 0.7583475180207747 0.29355461509284964 
1.0 0.622073450574133 0.3740920559802978 0.9057313880113341 0.43410466750399157 
1.0 0.311252599429213 0.5288747790789119 0.46626810321677414 0.9426953732458283 
1.0 0.4990318106728559 0.49910095448288316 0.6236037064676785 0.9690978180590613 
1.0 0.47883266978049155 0.5166270391104286 0.40646722435922766 0.7433382997518966 
1.0 0.5942752878857427 0.5142459917315126 0.982113966852685 0.42137819970965806 
1.0 0.48157961258493465 0.6127562648805529 0.28738702180119335 0.6637055982212808 
1.0 0.4880874586393095 0.54825854196207 0.31417819219831444 0.9124265063805699 
1.0 0.5767935149351265 0.3080204365537217 0.793605326197428 0.2714336115685585 
1.0 0.5848745075658041 0.3945080599966231 0.8812428702763522 0.4526344234214298 
1.0 0.49720799404702015 0.3822261199735876 0.7147662124406403 0.16173564387956585 
1.0 0.5086080582152002 0.30061480892412473 0.7441898322336764 0.3082971138701799 
1.0 0.46932144212070637 0.42970029941921173 0.6303085133702598 0.0737682689377307 
1.0 0.49405031984605347 0.33269818456579825 0.7374760594603775 0.33082735352415826 
1.0 0.7132801785273359 0.5171660787906931 0.9960079297480623 0.5034471494344019 
1.0 0.4027656807549787 0.6491003621067776 0.35037009372746897 0.765490182791482 
1.0 0.7104212242179749 0.5355259297849801 0.00016762859742969205 0.5076811521567918 
1.0 0.42256116428103485 0.6272540951094685 0.41146244773974716 0.9186481158498022 
1.0 0.4361374094161145 0.5258197775290999 0.43757724077130145 0.8134885191513027 
1.0 0.5048703221550929 0.4942687198076926 0.7631534516726447 0.49472187712693527 
1.0 0.4571530815473517 0.6034145369682937 0.34316523966574053 0.9021940072526256 
1.0 0.5738127042757131 0.41461200569387013 0.8983523350188244 0.47174465616479955 
1.0 0.493393431590179 0.283091566264142 0.7470865519477708 0.2433797863484214 
1.0 0.4978953457362144 0.3978741946309388 0.7218097818438399 0.1559151425388382 
1.0 0.49882324823878477 0.5969331398754861 0.25825948538309085 0.6342412167217192 
1.0 0.4760812926949217 0.5652087269009837 0.34322438865830684 0.9215808158780973 
1.0 0.310460287236352 0.4443864316135447 0.5508885154047009 0.022186441598037843 
1.0 0.5320756432436132 0.4428453496818159 0.8503821670114722 0.4731512458033783 
1.0 0.5493533030216107 0.4990682315901593 0.9927063100415019 0.3781981197769042 
1.0 0.48356767416537977 0.4569753249234302 0.7027984033916866 0.08719971400775695 
1.0 0.6298510993417236 0.6452679111804085 0.15749741266024886 0.6792218262732852 
1.0 0.433177724726153 0.499579097593042 0.4712221803276514 0.09662293519653675 
1.0 0.3849933570303002 0.5313322605337528 0.4474327361245176 0.8591908675799127 
1.0 0.6412655514955613 0.39872366388230873 0.9210338562300484 0.4603797304669657 
1.0 0.4697418933662587 0.35535593044653246 0.7066950973222699 0.31476018177504517 
1.0 0.5997967734512691 0.5477562446799052 0.047083220793408764 0.47772768063049287 
1.0 0.6567656219670376 0.6301931919666158 0.10273106072364724 0.5623317021830074 
1.0 0.46391582686297705 0.6751558554250624 0.293976833756032 0.8374449594485147 
1.0 0.5311500038857423 0.5974543018823086 0.13498028422172903 0.5876646811877526 
1.0 0.5104140125742763 0.6237924689782985 0.2009202354977977 0.6327391104010458 
1.0 0.4257576538321972 0.4451686518787409 0.6059853956120348 0.2147025572535719 
1.0 0.45036633819370303 0.46789912398841393 0.5965981879618534 0.2262287204732667 
1.0 0.409145443879937 0.30270002079577685 0.6606789479986863 0.2269054692964586 
1.0 0.43378085008107925 0.47131784353636486 0.5566035486554717 0.17612202561953694 
1.0 0.5066032143000057 0.7101161708386824 0.2489934486977835 0.7776514430107634 
1.0 0.530940922619186 0.2870279196349872 0.7568387622413847 0.29187772722081706 
1.0 0.3673904134246424 0.5425896220514295 0.4625914720167782 0.01817848555275503 
1.0 0.6237617683585969 0.3201003222868465 0.8379537755904125 0.35522124346997275 
1.0 0.6373675277713228 0.35097828798555997 0.8884564578331959 0.4054412059184852 
1.0 0.378590198196623 0.4564230359469491 0.5572225374060038 0.9619411235989291 
1.0 0.6897642032021166 0.6044579612124622 0.052973372410729525 0.5729554541442672 
1.0 0.5204961816860646 0.5737566172415131 0.1690377147131895 0.576907922512025 
1.0 0.4425274449744582 0.3456203577783994 0.688384301771884 0.283420634202343 
1.0 0.33516104142593384 0.5353340060883996 0.4795834106761444 0.017867916790599958 
1.0 0.47447616323139813 0.29580287228520563 0.7219445151673382 0.27892407114333306 
1.0 0.5843121819824787 0.4606071252527218 0.951949314497224 0.5350853455694486 
1.0 0.44676126539913186 0.7050798641367311 0.2637594549995437 0.7681089086128764 
1.0 0.5966445555785956 0.5564923283661227 0.11935911626862683 0.6751024923508537 
1.0 0.6974000747326754 0.5896073114075293 0.06422441951716018 0.5519532386359641 
1.0 0.3574946931471725 0.4303331684931397 0.57343036308377 0.1467941793416656 
1.0 0.489634137972306 0.6641070349561298 0.21733099553242685 0.6815294485955138 
1.0 0.4588836291896409 0.5891150732048813 0.3553266955572444 0.9177744686609729 
1.0 0.37088274128402776 0.530393004586404 0.45223827110515047 0.8715783652951791 
1.0 0.548652734928009 0.5273233544159888 0.13392696195564135 0.7150636499305318 
1.0 0.31335080627664225 0.46870409662832446 0.5159390945555141 0.9913462005870075 
1.0 0.34979759809038335 0.39528823896348514 0.5962265583512308 0.029579088214799265 
1.0 0.538204324959646 0.6284789219557588 0.22358641362434828 0.7809007240511496 
1.0 0.6751177201090595 0.5420689418600219 0.0018294406586598644 0.4785207655239607 
1.0 0.3152788679663062 0.38061961065983646 0.5887208235304431 0.10359302212261012 
1.0 0.4872276778128757 0.41136546556605325 0.6945256619045371 0.12761579512976917 
1.0 0.5434368668022171 0.44878861743632503 0.8897209224731086 0.4975832377723768 
1.0 0.3251875072213505 0.3790265898649344 0.5876992620587266 0.05972107218908784 
1.0 0.3703824131499589 0.6693169534225676 0.37043625156647947 0.8106553416733657 
1.0 0.45284831059156094 0.2967085242941435 0.7022252803839987 0.263527170329964 
1.0 0.6100942976087725 0.4368665414343794 0.8677738108129377 0.3322491510070521 
1.0 0.48623329961960454 0.655617528209509 0.2390682050908049 0.6787965609948441 
1.0 0.4615566758984303 0.35369195056992925 0.7021561773283619 0.30536518820634484 
1.0 0.681826397431841 0.4092899901085567 0.9433859561163368 0.46986393412395 
1.0 0.6174130332985126 0.5758985186983878 0.12967112359851404 0.6700811370822478 
1.0 0.678288680459206 0.4546952949964874 0.9800687379211647 0.5138790579145188 
1.0 0.3135792499611466 0.5370290660707367 0.45869932640115685 0.9276950348487812 
1.0 0.5880151419956284 0.3241824219737969 0.8124323284876867 0.27467340766023596 
1.0 0.49085678682628275 0.4234892862968401 0.7132351469366216 0.12943092570252407 
1.0 0.34649631152720195 0.558228383661157 0.4635144263989562 0.0 
1.0 0.46978902422383717 0.3178542081090855 0.7179839523819073 0.30067830704502085 
1.0 0.628910307142373 0.4106215864735391 0.9246363253701383 0.4731287860378815 
1.0 0.5439649174172427 0.3185354120291194 0.7774058601838197 0.3497402855647418 
1.0 0.4112553120102632 0.5501099312006111 0.39818928045072377 0.8107748155821611 
1.0 0.4707431150085965 0.6180656687308757 0.3036106079744373 0.6789832192208989 
1.0 0.3803121490696758 0.5543724418686247 0.41968364259144963 0.8411631927486495 
1.0 0.6102226193656901 0.3537279837395576 0.8746365481480369 0.40858787902783406 
1.0 0.44855948705488186 0.6216618240980385 0.3438755077484032 0.7070458900237016 
1.0 0.37566778122256755 0.44095088737816046 0.5639613673682873 0.15270342431747574 
1.0 0.4476099586581726 0.5165497591274983 0.4890246650868299 0.8314719609712046 
1.0 0.5079556150009611 0.4337800986137051 0.7334479267133769 0.40364625203945154 
1.0 0.3909586584177091 0.5157499724618065 0.47740253174040714 0.057038384306328814 
1.0 0.6236751480499635 0.5632996919083205 0.04484033112239143 0.49391267228512337 
1.0 0.6752176125976889 0.4745225317756641 0.9978087602595382 0.5346488965982313 
1.0 0.6561769472584507 0.4929636861299157 0.01478706583561934 0.5587715658337356 
1.0 0.571500091809033 0.5119903424624859 1.0 0.4139210062103523 
1.0 0.5041811299677779 0.7168732096995037 0.24428812503105474 0.7694255810474572 
1.0 0.3710975618673985 0.4183008231136395 0.5933193496527457 0.17034841861304786 
1.0 0.6195873428933427 0.509104764923161 0.9684472335726505 0.4241110156117609 
1.0 0.692453345058085 0.4814490200869022 1.0 0.5335581208945912 
1.0 0.548870319380947 0.3046152522304135 0.8032153141693147 0.33343688643188624 
1.0 0.5014536475951412 0.3534213718045207 0.720301543099552 0.17936782781496838 
1.0 0.3937123400313431 0.4961264496160861 0.509506463171406 0.905378382741994 
1.0 0.6871386031553818 0.5615224076784145 0.020676205935909405 0.5031038121112699 
1.0 0.708032710796623 0.5542247010910476 0.021227917710689187 0.5324366666597159 
1.0 0.5329164386172662 0.6622135052730855 0.16781876798575965 0.6492597700289735 
1.0 0.4699230320794095 0.43358778670332015 0.6299116432848245 0.06969851365908988 
1.0 0.434601476327742 0.32159175408147234 0.6277246630558858 0.14230132306892057 
1.0 0.38844993597953614 0.5515636241749561 0.41702504595225476 0.8354297334928342 
1.0 0.5661585150451391 0.48202264089950814 0.9585262465270865 0.5725332835237988 
1.0 0.5018024462745828 0.3214534960881794 0.7239096514485319 0.19342458031967585 
1.0 0.6480296754407516 0.4076905347021418 0.9420442999645328 0.4707723114012475 
1.0 0.6393130183679018 0.5067974061370816 0.030207185844169756 0.5806055210436364 
1.0 0.3803710354103496 0.4708605162907524 0.5383375367483763 0.9456782702748855 
1.0 0.3129819717428506 0.599022938968293 0.432233180316315 0.940205815172492 
1.0 0.4178848665609971 0.491088527695801 0.5423101294522759 0.905074551050722 
1.0 0.5398260317657847 0.5209815357392782 0.1318064591398157 0.721786609396711 
1.0 0.5400607043518888 0.3167672693092224 0.7770733304995644 0.3461015940877444 
1.0 0.4025710317054197 0.6435701300574526 0.3786391000197561 0.7623626259453928 
1.0 0.4842172290791215 0.6270211619138811 0.27312889523959377 0.6666482556507641 
1.0 0.3975734862522793 0.6754535745860707 0.2973043314144874 0.7857023769624649 
1.0 0.3754680311548411 0.3902498421885244 0.6275237783414604 0.19144125138389823 
1.0 0.6339171310656452 0.66196647836574 0.1585172267585888 0.6745824769658886 
1.0 0.5367235261532974 0.6109036687602702 0.1366013174292687 0.5965434248809347 
1.0 0.6546870993865525 0.4603451273109663 0.914453190417182 0.3910535373483311 
1.0 0.46655566929899944 0.3814558071484683 0.6475768231116864 0.1160769544591278 
1.0 0.35469271630129595 0.42532900281470937 0.5834262595182937 0.1489469527257445 
1.0 0.41085602665908033 0.38007867465622797 0.6073518375939086 0.07007296342236988 
1.0 0.7023294942823409 0.5687695311693901 0.02954790995379454 0.5287136616777712 
1.0 0.3135093555510994 0.5181949312676306 0.4723369847394928 0.9473117511130195 
1.0 0.5905269010196139 0.37282590426634366 0.8681838546407487 0.42938744035211956 
1.0 0.3481264355588769 0.47659085840346466 0.5166425773248466 0.949701407986862 
1.0 0.5711825824517595 0.44877932657986214 0.927830939688542 0.511449108998692 
1.0 0.3620915520507063 0.6628661012985363 0.39553193101543777 0.8903330896083799 
1.0 0.5886079945531407 0.41670049287514704 0.9121400543696224 0.4783389123480161 
1.0 0.43006661262978163 0.6781320253963052 0.27516159556050296 0.7536569626054747 
1.0 0.43114338280216313 0.4315352561384997 0.5954687861966327 0.026612568069499097 
1.0 0.58568967960845 0.3175057677963379 0.8044404287329892 0.2742117212590422 
1.0 0.7060085817615327 0.42919069952153255 0.9604879783342964 0.47713559789148957 
1.0 0.6786608183876297 0.4022789083986942 0.9377497958303903 0.46419399636144526 
1.0 0.6097046456244316 0.31440052627153536 0.8304653316308657 0.3468429671709908 
1.0 0.6056370418684925 0.4090643952049277 0.9203065857237945 0.4730088974385949 
1.0 0.4318477365963573 0.7013260740475501 0.29535909429238305 0.8319119386394344 
1.0 0.6021959939384056 0.35731036189325505 0.8713538799066677 0.41201055405225123 
1.0 0.5088234561652575 0.373006515428728 0.7337577766446248 0.18211695552431506 
1.0 0.6355208173664469 0.5266850193257829 0.9893757858294915 0.44949740102982066 
1.0 0.6183491017078624 0.46046260496017793 0.9688033993219209 0.5302439788675505 
1.0 0.44868031721504564 0.5872319324278275 0.39901340260862495 0.9413729535080172 
1.0 0.5005456419043288 0.39192330889594557 0.7233824189028479 0.1617459471507794 
1.0 0.40103195693938726 0.687411234444562 0.3000594377454144 0.7927865408824081 
1.0 0.44201595271111466 0.4392127923444538 0.5963030552319423 0.02420867345981155 
1.0 0.5138168093651289 0.4721964872920542 0.7625673822431895 0.46721724689454247 
1.0 0.33414506382392295 0.4799526704780776 0.5107075898316317 0.9537251033420078 
1.0 0.5537562602436366 0.690990247994514 0.22451705832865612 0.7512983146468329 
1.0 0.6699122485140903 0.6445803060410605 0.10781601109324498 0.5945034891870905 
1.0 0.5783238537048538 0.7118216615880633 0.1902511506117213 0.6984644132926163 
1.0 0.6981451776311672 0.5000393189180592 0.9678313248860921 0.455774603815829 
1.0 0.6520887775426953 0.503270699593602 0.9594485702741149 0.43041855708518983 
1.0 0.3386290280191848 0.3906101127618135 0.5929023481890405 0.03832163184779308 
1.0 0.47369588813054714 0.7177040949632134 0.2427138540527666 0.7622860047343272 
1.0 0.6500120150676931 0.4499980999565667 0.9720717937169708 0.5145800174077872 
1.0 0.598623880637118 0.3098618864443915 0.8141717999126398 0.2931124135213643 
1.0 0.6444221815250608 0.3360025998902727 0.8726476280935789 0.3764092884130272 
1.0 0.34844890725751 0.38180516126209524 0.612935980959217 0.16157801291287727 
1.0 0.3900111859310364 0.652420494211034 0.35002721978588175 0.784331576476858 
1.0 0.42944681877136814 0.397539890043072 0.6061243845141058 0.06481300146252703 
1.0 0.32151133173284496 0.48712141941169407 0.5046623107172363 0.9594368089897802 
1.0 0.5693507105458973 0.4240848550608559 0.8999381318167562 0.48062243906400876 
1.0 0.49224245949264234 0.7070804857226142 0.2603642858538101 0.7921172205194025 
1.0 0.706751418510354 0.4133107311482375 0.9423623935964516 0.4517222798879379 
1.0 0.6002934383202758 0.459530619401103 0.9657055962378563 0.5328099273296071 
1.0 0.5312533633158667 0.4102748618558105 0.7983960978863994 0.42563361068746236 
1.0 0.7127052794182355 0.4870471187368735 0.9761562921852037 0.4771600481887226 
1.0 0.6557057665805004 0.5793841901894061 0.0934444964677878 0.6354064764816486 
1.0 0.456143975272435 0.2837666257651188 0.7042143901837368 0.24591884540741504 
1.0 0.4274395762534434 0.2917164871152579 0.6643282060263196 0.19191656866089304 
1.0 0.5936159816753891 0.4856924447774632 1.0 0.5716990052810821 
1.0 0.6868382392053786 0.41934128765470624 0.9536711484320091 0.4783378046789267 
1.0 0.6501056618389875 0.5828443056754786 0.04746213673901284 0.5130936937896396 
1.0 0.5462724206151002 0.6372627539837534 0.22032025934036337 0.7710015614884312 
1.0 0.593902031717039 0.3922212265119703 0.8982626588246264 0.4526456635707908 
1.0 0.43858355452221287 0.35836089608995336 0.6549451913175185 0.27437196386085 
1.0 0.3992311496254392 0.40287501311666657 0.6352827839985101 0.21315442773681187 
1.0 0.6025380567502722 0.6300111131080423 0.17344490091738063 0.7110926642232276 
1.0 0.7143931281565131 0.4479986213120716 0.964390396250003 0.4793433224154541 
1.0 0.6189943070657743 0.5594948823257834 0.03505249979791849 0.4883661315715093 
1.0 0.7041681468067301 0.4544260060536471 0.9441539967657767 0.44254863250015575 
1.0 0.6469872834581192 0.3770306578566366 0.9210838915027808 0.4412275434362081 
1.0 0.36528763654548924 0.6369634020073381 0.37953008262113647 0.8108875303106317 
1.0 0.6551341992279339 0.6397744133605441 0.09753636102095548 0.5685718077166371 
1.0 0.5565051940444448 0.34109350028104657 0.8235874402454545 0.3837828264193739 
1.0 0.6240626117867819 0.42211206398311574 0.9428665725567805 0.48676710899452574 
1.0 0.682486808700664 0.5402208718512851 1.0 0.4795814357482355 
1.0 0.6016677131127753 0.6404280501946906 0.175497361590087 0.711687903316695 
1.0 0.5845107484209469 0.563659254949218 0.1529186269655668 0.6998212890381605 
1.0 0.5742768622014772 0.5072758239556514 0.9894138112182589 0.4058133434570079 
1.0 0.5461589834540231 0.7160942700735892 0.19909838137189964 0.7075200695115818 
1.0 0.587987656465476 0.6329334610475034 0.18304774067328042 0.7256097363825638 
1.0 0.5121087131478371 0.3070211923430698 0.7427270703783131 0.3204903939101682 
1.0 0.5189081044962097 0.6487384093826383 0.25104884953869705 0.7975762883535269 
1.0 0.5614995781083623 0.7155620881375304 0.19790585327279148 0.707610618819069 
1.0 0.6388368348812237 0.6268434646477965 0.14703611785326376 0.671581668803053 
1.0 0.5342158114421675 0.6840319536196953 0.23768256445710406 0.7710978234290053 
1.0 0.4623228476410064 0.4037788183915793 0.6254853699214895 0.09051047744495924 
1.0 0.5268518738223512 0.6651185450788428 0.2456203705381103 0.7838718094915103 
1.0 0.5758100845996404 0.35646574293633004 0.8144144782743352 0.25891309621853276 
1.0 0.608021787817798 0.3062281377650512 0.8252122090790879 0.3261422969045133 
1.0 0.5184301675927937 0.6790665061241582 0.2500943535132979 0.7870262814752915 
1.0 0.5313707210727693 0.3124275506883153 0.7587825633322854 0.3367653281682594 
1.0 0.6676411030072357 0.4081447120673188 0.9412341924781402 0.47144394883420143 
1.0 0.6833865611370191 0.5106996060577009 0.9743612786707678 0.45333878625856716 
1.0 0.6141514440786088 0.6929570156280559 0.17446702886405682 0.6828745607399419 
1.0 0.5970482457731912 0.6164619998100243 0.16875399121544823 0.714999682382242 
1.0 0.4790274946402205 0.2832048774875022 0.7224258465063137 0.23425003908778985 
1.0 0.5039712882666516 0.35077089964282904 0.7234312477114933 0.18255104702949773 
1.0 0.3351255339450636 0.5771194976255978 0.41913787755162546 0.8712142193272615 
1.0 0.6831116382570112 0.5087575124953764 0.02200798120537363 0.5611739780909597 
1.0 0.6922342104684891 0.38099747637681125 0.9069643743210853 0.4173994526798238 
1.0 0.6562166659396836 0.5356798387268111 1.0 0.4683396936548278 
1.0 0.7080640010391185 0.4626525877779917 0.9526933572757619 0.453964524517074 
1.0 0.31028358641960463 0.4416525068418692 0.5492397274092247 0.02642301591188766 
1.0 0.6379666443096771 0.6696720382700156 0.15841787709817332 0.6685762436647952 
1.0 0.5517792702979905 0.5876819512231316 0.18185060840645248 0.7603847208393718 
1.0 0.30502946846207146 0.5601927545810726 0.45403984690394866 0.928356757298727 
1.0 0.5943807332233181 0.6715981328538422 0.18947586285517146 0.7151222278457284 
1.0 0.30322717734818816 0.5742191556140065 0.4457619356310008 0.9132341619191189 
1.0 0.3393806718536152 0.5756710655145586 0.41484795614447206 0.8674640577248508 
1.0 0.47490513613148894 0.6865063112584199 0.23215371407822202 0.7168715052280195 
1.0 0.3930851367030596 0.6816430194905073 0.3452401945963292 0.7958833514475312 
1.0 0.48148754076410105 0.7204070816417986 0.24448327830637862 0.766503326699392 
1.0 0.3097494981765867 0.4320645152153978 0.5365122536646592 0.04081151430994756 
1.0 0.5801312603048734 0.5563940379547935 0.1435112938986191 0.6980592820982046 
1.0 0.36665132819979557 0.3849130412487833 0.6297422766893334 0.18326399168350152 
1.0 0.6043038521020314 0.5070343658449795 0.9721872846431829 0.41631288799971305 
1.0 0.5174969541984069 0.6993443900110452 0.19727324369125773 0.6970444822555155 
1.0 0.4634703323926773 0.5667654536715272 0.3990199225391938 0.9570298149937858 
1.0 0.5447037617953714 0.3455613221501562 0.7877303248457638 0.3820371915364808 
1.0 0.40217818090328633 0.3189305497582382 0.6505187032341196 0.2329569250562169 
1.0 0.3259418424100512 0.5112336003078716 0.4843089586952204 0.9283389827344988 
1.0 0.4426695533544575 0.711910937853149 0.26019320894607767 0.7831453624665337 
1.0 0.5973612518492851 0.7039208885195333 0.1801185897994243 0.6896376436638462 
1.0 0.6864640640772853 0.4355439736041503 0.9146557804543153 0.40475778001607515 
1.0 0.5685915481724461 0.6560297895540091 0.20453283263756966 0.7450693114819479 
1.0 0.6218016497355409 0.6154789559566965 0.09974359610247327 0.5510064408618384 
1.0 0.3988093808937349 0.29745353135712616 0.6370231616947748 0.19367743329284512 
1.0 0.3989895535809343 0.4320038333163921 0.5993115752439445 0.19109119164784663 
1.0 0.5874737803612173 0.6110340931657801 0.17070146624477686 0.7224257462311795 
1.0 0.5569312788697925 0.6614244527977561 0.2191574521787598 0.7557777091097315 
1.0 0.623255450067278 0.3155547658457549 0.845454819797556 0.34428014659821027 
1.0 0.5380006367000638 0.4727300013067106 0.9247128620377321 0.534958526291693 
1.0 0.6307547393092917 0.6047341328670416 0.14284528779899616 0.6724033763470771 
1.0 0.42348603085084346 0.5414593278777879 0.41031136422074155 0.8057787288833621 
1.0 0.3450984214891135 0.5978432745298107 0.42834695594438493 0.9598288292281592 
1.0 0.5939782011937109 0.6800710124678798 0.19076349421065975 0.7144679081483183 
1.0 0.566327672501258 0.5915270726368691 0.17196477710026636 0.7410072560588262 
1.0 0.6983382310422844 0.39491750649107454 0.9261013739089613 0.43750664763700897 
1.0 0.6481763369426892 0.43265889488801623 0.9591382433005147 0.496217571248634 
1.0 0.5355974854559211 0.4173608981373916 0.8151861030897173 0.4400693942412834 
1.0 0.6590486713971084 0.6169735906806902 0.11216950115707151 0.6457171820926617 
1.0 0.4252250194349313 0.32258613806147196 0.6841208005706135 0.26146832113565 
1.0 0.30531276712181166 0.4493097708529956 0.525659429723762 0.0626794148151559 
1.0 0.54084329858099 0.39559385745575143 0.8151652729390185 0.42433681352143354 
1.0 0.6181521308911326 0.674617491754329 0.1708472423531738 0.6896159856176827 
1.0 0.6313717647393877 0.5447919917889484 0.008654164201792047 0.4698442849250628 
1.0 0.5554406290818056 0.37802488308852 0.8154650784009452 0.23812438847676845 
1.0 0.5443193362473362 0.39201488478267194 0.8237618632749981 0.42471156021790774 
1.0 0.43043359720755164 0.537535249170682 0.413937700167023 0.8021009113618311 
1.0 0.6805896075328465 0.36225847237599273 0.8950118023189285 0.399715018798133 
1.0 0.5700991902871171 0.6109783194960288 0.18206978932404846 0.7417113930088135 
1.0 0.6960322509538864 0.5928359530175307 0.059248969845241445 0.5551653176407082 
1.0 0.3048972695325871 0.4851608165869289 0.495263320170494 0.0 
1.0 0.6623369515988117 0.34744002628395987 0.8958180135930579 0.40453640741929064 
1.0 0.41869339161380503 0.3437644746220714 0.6487405817817327 0.25339588636308724 
1.0 0.4509040111144864 0.5734771543535515 0.42147926157533483 0.9614062725649488 
1.0 0.3151203644398324 0.36932109006314773 0.6052506951627453 0.09883535964718504 
1.0 0.35000872006951467 0.5902360240419254 0.42999262243866754 0.9673734559725982 
1.0 0.4537543396431875 0.7145155939041875 0.25375606956720737 0.7758406191861237 
1.0 0.5299406285119281 0.5634657699821317 0.11030219183267848 0.5487167798176615 
1.0 0.4512544541196766 0.37328259257170315 0.6181481550543166 0.10607498961780923 
1.0 0.4013001741275716 0.3694955021604217 0.6064230364137321 0.0769769072097289 
1.0 0.40204455567989666 0.32559404872321007 0.6438228385899782 0.23427749780757823 
1.0 0.3706777162828375 0.6379501358256991 0.3810734432784105 0.8037596449646673 
1.0 0.3504556883171176 0.6591787857727703 0.39548140652649894 0.8753574600508996 
1.0 0.3057655716890356 0.6048501253315983 0.4182363155356511 0.9206497791281547 
1.0 0.6853828623804193 0.6180131679345787 0.073125281861195 0.5719074932707217 
