0.7807875463479724 0.2002583003462699 
0.510689792274709 0.6580763348588305 
0.18439882831915339 0.38093888628510325 
0.8054449982481771 0.7017364315764016 
0.27886986631341404 0.8745096258656799 
0.12988484366303749 0.11429079790580271 
0.4134304750375635 0.16309477248295307 
0.17068005547302378 0.6929195492988571 
0.7039700640978427 0.4672879696745743 
0.7674850613644333 0.911237357052905 
0.5224987206597773 0.881811577076229 
0.9003877138949692 0.5127072862396994 
0.4630054039673464 0.44128859343949633 
0.9414710501852325 0.055339514981558646 
0.15364446184375363 0.9096710707643135 
0.6386212447126147 0.2664514315597658 
0.7610042042288552 0.03726404077347639 
0.05711124263037709 0.4492315351701077 
0.8981100939540769 0.9588194231603339 
0.6475867271888947 0.05382109544020802 
0.3014731804350132 0.4591226570670016 
0.3761068837072431 0.039275558987367676 
0.9247594505775952 0.3369052693159482 
0.029454879615970986 0.2524456480730859 
0.3864168937722353 0.2652087430065663 
0.3447326016676703 0.7129854074561447 
0.9379932929340756 0.8223123974546844 
0.25352990702395434 0.26211797422607863 
0.5820755988172465 0.749481676945675 
0.3395731976501628 0.9553923280725118 
0.010239255692799154 0.774642888311405 
0.1243828908670338 0.5224242089793995 
0.9069792787267146 0.6392787840309422 
0.8034216344570215 0.41937525541387166 
0.5365335600422707 0.23684872854268518 
0.5390557940810903 0.09173088552552816 
0.6533457939718674 0.5173224961675118 
0.6325231366944474 0.8961277439273121 
0.33695373505772674 0.6269889674664301 
0.6349414830010082 0.6238583912116692 
0.2099260316701959 0.05813121789978526 
0.6032941920868584 0.39720401500871705 
0.030569437544434974 0.9100720967728633 
0.08500409705682593 0.6137069112902556 
0.9730887205394266 0.1528594223176568 
0.430058951732885 0.8441302579246437 
0.8141372579772557 0.6025664374628521 
0.46436972263352894 0.5593173287637205 
0.7334285982018014 0.7715257433352423 
0.13382749726915177 0.8183746623934172 
0.9047471656696339 0.23148104970022332 
0.14828349097406907 0.1917459568654587 
0.05082572801777552 0.0788581713704038 
0.7847059443779503 0.333352745269189 
0.3025712109740557 0.3632479221275827 
0.44662181942641993 0.3362443595371038 
0.20563494089763434 0.51384392362094 
0.729732236594937 0.9643205711778928 
0.458106569902626 0.7508344149002949 
0.6532852989562394 0.15840671593007477 
0.7044245744388203 0.6631952063491076 
0.07724777802615485 0.9714789028880704 
0.9490014285969769 0.7403526190490054 
0.5751981204727195 0.540154197337252 
0.31472649413515297 0.15529095701860052 
0.593958997652989 0.9866461173118519 
0.9585873115157306 0.9100867184893566 
0.2231885562726333 0.6410375566756561 
0.06365173195568158 0.3212072332459076 
0.8457933441750694 0.8515111373478741 
0.8474029294385759 0.07942145562673864 
0.15547791367749936 0.9867744605312982 
0.6859484726392452 0.3323717153747502 
0.3080769986927705 0.8049314236120988 
0.7841547398189275 0.4992219786253789 
0.461816496298536 0.9923134572628411 
0.9256283147156594 0.3962313194807798 
0.3662708602737683 0.5156543050456909 
0.45301817801821215 0.10153326859435097 
0.3231995614574208 0.08471439524412677 
0.06257263768455018 0.6838633697156129 
0.014577078458803572 0.595991897207747 
0.04458432361595577 0.1771047941819216 
0.43134664075505164 0.645287100907393 
0.9705893043786736 0.25351144824932514 
0.8694908932993164 0.7656162348266338 
0.528098487188239 0.14966307250606925 
0.8117331151113492 0.2796685522560134 
0.566057815055023 0.3434283335093293 
0.6487912160242394 0.8405884907525498 
0.9373438169301399 0.5663622491894537 
0.9858793583058965 0.45656876330618257 
0.15238418470567128 0.4310579940716617 
0.10007604946297621 0.2284894485689925 
0.37844446057191805 0.36039389543919953 
0.24093963076307107 0.9937524880797075 
0.24343406316814087 0.6979131253105123 
0.7353101112935392 0.12824436249639531 
0.43769982626354426 0.9394265968641377 
0.9644720924825927 0.652227070901889 
0.21334131801078549 0.8298688255999456 
0.5346361900959151 0.7877597296562249 
0.23140454931406546 0.1347998735412797 
0.07332542387106022 0.04043656436333448 
0.5112497674552929 0.43317417161652894 
0.7642499571570788 0.6088461242469587 
0.7002669953830197 0.22477783461803696 
0.5740748541916909 0.04351935209259111 
0.9111122626735255 0.12509730768258925 
0.5111558635266248 0.03219162290615174 
0.10600350778402984 0.2880049714304167 
0.8196554902155901 0.19159227749603658 
0.29567172319138 0.0314013331319733 
0.2619812061503815 0.6128114381684064 
0.6913735267206458 0.5541428573287248 
0.7972663181364409 0.9599810872404527 
0.45820723192296214 0.26097056354624604 
0.7737999121658171 0.810640569121467 
0.2619984481657983 0.4699854123525477 
0.5872848278818822 0.1558984290556895 
0.14922293444280282 0.6181712220558502 
0.6367224318601261 0.6993693040557264 
0.23964641316882845 0.3336047658028422 
0.5499454932536345 0.9281320102939041 
0.8632613232141588 0.3059693136922653 
0.33841330944530323 0.8346588869376681 
0.15852750892058204 0.0417770826304984 
0.6435181154294185 0.4139476018937019 
0.22643593406146567 0.7764351374119494 
0.838678383551932 0.5094310510308534 
0.7069040514197853 0.03170042561437464 
0.5362729457999187 0.7172232951257382 
0.6911490126758979 0.842446428025907 
0.03914824413403267 0.5212482323046959 
0.36589464332809485 0.7763300352691647 
0.03175421500848197 0.8297033434062276 
0.4068978934186134 0.471314898640808 
0.49641123032198387 0.1964949860902766 
0.07161197607114722 0.38802672018150297 
0.8714464732794096 0.9076159066513902 
0.15887684127547713 0.3053450549249963 
0.36450044363372447 0.19464688672300456 
0.992308123806031 0.39017357224420207 
0.23760665724832553 0.19723134588727614 
0.10290663085331436 0.730780578359116 
0.24692271141315392 0.41831792531218936 
0.710809971952704 0.38979402354745735 
0.8606924083738993 0.39633747589684537 
0.9604086975249777 0.983775907118712 
0.33738134140123444 0.5368816971392991 
0.39508945443085897 0.5642790770434669 
0.5071802263570515 0.5899679658823342 
0.18307719499692693 0.2508183980922899 
0.21259274516511512 0.923544957630807 
0.5410674172084952 0.29575797972872264 
0.17095056458119362 0.7630273962241991 
0.8777139096611913 0.18333914569581528 
0.6245117933476014 0.9576910321050811 
0.31541014497572617 0.28373579672125127 
0.3548937900982372 0.8785322598866676 
0.6574752710911266 0.0992885076383162 
0.9732238345173372 0.0869259282359024 
0.35529140443858065 0.41834000905493973 
0.8794296521371157 0.051447301658387734 
0.422511182258112 0.050355026809831394 
0.8983368082237133 0.721912593138359 
0.8686122555345465 0.5533387627319063 
0.9572404350438056 0.017309106716910216 
0.9935805758413742 0.529407419439184 
0.6078055819347785 0.8274965277963098 
0.7628220591526225 0.5563885500619529 
0.47038163277717954 0.38292925113441845 
0.620352519878948 0.47204955038841195 
0.6072228689602666 0.32004571977413526 
0.6804845265054185 0.9434195454368061 
0.7119654564167799 0.29849840531886374 
0.5205540039702093 0.9585384142674535 
0.8844800030058132 0.45599492502336725 
0.26935652014044403 0.5483583744269451 
0.7820103307257054 0.6613267951597885 
0.9945375732828021 0.8509137665576885 
0.4058844352543066 0.11679829601347841 
0.3121151043248165 0.9460219188193892 
0.08245950016069337 0.8860281964303542 
0.5503252919923912 0.4690662945766345 
0.6861231488491722 0.6031270799375652 
0.5889835558239174 0.6219152265401444 
0.1765092730055543 0.5420306086161963 
0.007877708806622197 0.9541441901561372 
0.09099529502976617 0.17315558237976186 
0.6106850139793261 0.11173149498820145 
0.41253246715969377 0.7817005375408494 
0.48071771507528926 0.8316371886082001 
0.5457411458122045 0.41080507462378085 
0.6488165431819277 0.7186904499429073 
0.818590655059484 0.7764189524979116 
0.737189669521468 0.6972885920896682 
0.6627490577201502 0.7507076635133653 
0.036410173488757525 0.7151492869201294 
0.7213774217633208 0.1863106366394297 
0.8377108212043087 0.6907003144737934 
0.11694690135025487 0.6985612668737403 
0.019697383822043002 0.035738871368507785 
0.008220517315867037 0.41820542063646715 
0.4608791679038635 0.8978874329227571 
0.9929833397232035 0.601743852433283 
0.4154373240253325 0.7116490820649904 
0.06265422095262213 0.12726756771988462 
0.8104932332392977 0.03799341094333136 
0.6207757954333919 0.2053622764267462 
0.19010425487809363 0.5920129164646628 
0.9172084101048512 0.45978998383802905 
0.39456255255783285 0.9907783352773084 
0.9345695099122278 0.2769250059549845 
0.6370677487074934 0.5545453100642335 
0.20664000877341698 0.15669003625370825 
0.5469356909815639 0.8621781230696852 
0.11956574342293091 0.5563399878299685 
0.49131567847902613 0.14487406747303394 
0.06846639758457235 0.8151608556288099 
0.9758969618200057 0.32807854079941096 
0.809483627260215 0.14445488051832717 
0.5631239347245939 0.6740639626251472 
0.30067680291547966 0.6777783365520342 
0.1206691116090694 0.36996595641098173 
0.2820060260704593 0.7731343529996475 
0.4958742851562883 0.31294375187013723 
0.5494996018476349 0.5823641835633613 
0.5228142349769923 0.5414101083593339 
0.11846528623392744 0.4690171241873081 
0.33446562032884875 0.2291155067293037 
0.3677190920169378 0.11644775636669208 
0.373792616796485 0.3204827942600021 
0.01428160282730051 0.4661688881072129 
0.02338857665333921 0.6661167911004606 
0.7648908242067 0.4425922656050989 
0.39046420548656924 0.8662183876237284 
0.5595939014490462 0.2007614350083567 
0.20373111437261177 0.024796443774957766 
0.9456090671669967 0.687571203207687 
0.6449461387202461 0.37143605155347664 
0.5810217581001861 0.2373204608358283 
0.6961449306353811 0.8029493946919942 
0.19072410667490947 0.8588119521010413 
0.8878315931798071 0.8590284426785749 
0.4668607060317726 0.21147221871923194 
0.4347023864096847 0.4033845549560325 
0.8438184717558688 0.9671623551530204 
0.458431455271823 0.6088453344055691 
0.4317057678651346 0.49957451582535356 
0.28314895287395986 0.294183256839911 
0.01117742504581204 0.297322974636873 
0.2182135720329046 0.45266432486611197 
0.2606212568296358 0.07876852411100699 
0.163880551471922 0.14399595249206815 
0.6539060158713772 0.99057978786441 
0.9517987804014203 0.18113341260210986 
0.7823869968182372 0.8684509363896438 
0.48628122746170777 0.7858684392322044 
0.3092198422346695 0.40978394818415703 
0.7642214904536849 0.10216693032687008 
0.6433058886997239 0.00408413863021484 
0.7553794913237861 0.7675461584080989 
0.006381393404307878 0.1171656451956476 
0.5095856233400693 0.7490259085546751 
0.8566393535918246 0.5996799881185199 
0.8869275931410046 0.02533274336779978 
0.9688963377696422 0.813386404022855 
0.46934255099917144 0.7085818085062562 
0.8528462280482175 0.252066705944603 
0.8353301400578176 0.9303669984606464 
0.8312187291103192 0.5542216506129272 
0.8469424641765045 0.43453300223068214 
0.1196605886084271 0.04949174803384665 
0.434386953884972 0.2322820332550924 
0.1342510957558844 0.8594208734065616 
0.7622036319039882 0.2506245066754133 
0.2518385038881803 0.8428400341910733 
0.24353843801897335 0.5609936540753141 
0.3040534176608217 0.9646673352908115 
0.4902893674438591 0.06508238803417549 
0.5736160116897095 0.7092631213350101 
0.038413790304558604 0.5516435520799013 
0.4510349339909632 0.01019473350144312 
0.41627537653903296 0.5781649215037872 
0.9343355342226117 0.5234624269518857 
0.41147713484894655 0.3025899469971681 
0.6929391856108232 0.13303564644219146 
0.7967818334705087 0.0685247967083002 
0.20829213006238823 0.7427027239808559 
0.0686184364269033 0.7475711968423782 
0.7808518899615433 0.3754523115400123 
0.6842636812726489 0.2714628209090102 
0.3635281827090156 0.5886826526338899 
0.5935504371250666 0.9169396914551042 
0.6962061243359567 0.08453768244461257 
0.017726605062631018 0.34705141463916916 
0.019585681270056554 0.9901109428398108 
0.31748860665646267 0.20589662945084763 
0.11008188427424681 0.3358160828675703 
0.17289987875197016 0.43423899739531874 
0.6934693935830047 0.8896448309511098 
0.7380478747662605 0.5325358096103361 
0.6104490066256685 0.7638455754663875 
0.3764703958613224 0.6260873050068243 
0.7023366934351829 0.7027044103748352 
0.9389334653639363 0.42369626298229035 
0.85059086028289 0.1524673109540467 
0.3433061406461985 0.34110918253777733 
0.1488712629835955 0.6617811109739834 
0.826481306630786 0.6629077361545911 
0.08857860033155568 0.9239636723017728 
0.719887850380054 0.44570161098816824 
0.9257058480999347 0.960667358822724 
0.31780265283473674 0.4946438364105541 
0.2735802663538046 0.02348341711111196 
0.4773431469193156 0.40796476004416427 
0.5947471737230057 0.4751456166298085 
0.2375451241638148 0.8938101751453521 
0.8379807862486919 0.7474097067133826 
0.19715283469117068 0.9901352904279486 
0.5334259036262083 0.3906741481303482 
0.12817447580444247 0.7507927916301269 
0.2795779939866697 0.7392236829984034 
0.746098670198181 0.8508303744140706 
0.16455039674287747 0.48999495899075596 
0.4074765554408334 0.901243035203289 
0.4668194941242339 0.6607090334418975 
0.27767015791016514 0.18403817872003841 
0.986261861265249 0.7767319904780501 
0.9469151066781107 0.47843296858269446 
0.13073361625725216 0.9528691503556309 
0.04454594043190213 0.9661850970927939 
0.19661096829167374 0.20729484295909073 
0.876689807459888 0.1003223337365115 
0.590785939820277 0.017431600895991994 
0.7257401593899017 0.3397899402186948 
0.8517376681950708 0.8297234642073952 
0.3105458163218221 0.5746195241046013 
0.8415310326668426 0.4685120645158832 
0.9064177949377255 0.7643415310076805 
0.6323160481514233 0.6733251653133445 
0.29437627130514765 0.24114180618007558 
0.10674301753376003 0.6631653038609064 
0.8149001933506044 0.3434490587770611 
0.19621995324456215 0.10012628362152404 
0.2109583794627079 0.33554413288618246 
0.7602129327442797 0.9422312093021687 
0.5086777957722145 0.28060980085153536 
0.37735208917268015 0.6674887559083352 
0.6508945424188144 0.5872737365530575 
0.511466100031655 0.5042505883508847 
0.5019285125750322 0.9401716086423562 
0.43931653534056775 0.1370477304017657 
0.6783413470298553 0.43713547915660156 
0.7669772479634684 0.9905890352794857 
0.08788611538025809 0.42986176602799053 
0.7678522231125269 0.1861684795594874 
0.533595159317034 0.6229572722019959 
0.3200616396186742 0.893824233535556 
0.8145761420976507 0.9141498657843667 
0.3875114105699252 0.9335438400246626 
0.11986252324136693 0.15924211229404328 
0.9200324337140184 0.35853042897887033 
0.8525637926920528 0.22805387853906856 
0.39972645060569073 0.36605213992468144 
0.9787921376597605 0.9391567743883806 
0.9347333271625697 0.6171469728039892 
0.4069206285065208 0.08247167759743046 
0.3372972204380169 0.022391669429036698 
0.5701419893847968 0.27633769590320884 
0.370448517115904 0.8153766080910538 
0.2758867311936044 0.927706539412888 
0.3450084980353476 0.4818059683479758 
0.594737744353809 0.8612112181082231 
0.3091676284697348 0.12910675484296702 
0.13709016155208642 0.26512705863400676 
0.9765426991137958 0.8924818601317703 
0.8946470927384289 0.5773059203533795 
0.20875709406195098 0.29814281977387874 
0.9742875960642874 0.27842752603963083 
0.6618791065564263 0.17311500840253902 
0.9225510769240801 0.8972173449368388 
0.6116782192737663 0.4372971208658454 
0.9847084692551626 0.6911020863228475 
0.6885492536715008 0.5186206890095081 
0.09285623064286624 0.7716389895518908 
0.13614543549118036 0.08672066017815011 
0.2538428336746186 0.3515361514893268 
0.18626577513474296 0.6446047174853735 
0.8789783883210618 0.6615189824885618 
0.4084393912064671 0.5441923520677444 
0.9109325510460918 0.7911008649631519 
0.8597963484336848 0.8020995664582111 
0.2088041436624246 0.233665352123215 
0.10857684897710712 0.6170252996111981 
0.2886213122088099 0.656096667841134 
0.1440831985718226 0.005288703618731294 
0.4039878484117086 0.21829278564332544 
0.331386913381988 0.7343105952329829 
0.5364239271112564 0.3292828627061499 
0.421814402757545 0.7414464886844011 
0.00734038352810934 0.5435516696904742 
0.6517487002778911 0.3068914294726951 
0.48952932921508857 0.510380360476485 
0.6314455814446485 0.8026510370044408 
0.15848752918991027 0.574099133509388 
0.3549537193337106 0.16907341315580954 
0.9146365417019371 0.31716902573382755 
0.8736221760962837 0.3394655377507193 
0.024026578581449742 0.6207972203331829 
0.4646299179513389 0.045005667333466504 
0.2983318636426936 0.9959554199910281 
0.1736850302837849 0.941914888257573 
0.5069656511090421 0.8198763254455492 
0.3051199293401096 0.3262507480128816 
0.13058642302050705 0.4427167203537211 
0.7205375978716997 0.6503468307341134 
0.9867962496616778 0.48579933294335453 
0.7980253912097685 0.5612940790533727 
0.739846350363641 0.2794120376479007 
0.5420815443355906 0.5116270444638911 
0.41004616304172214 0.031150000148859547 
0.5315182676272087 0.00910095193334759 
0.43171249093734543 0.456881015200775 
0.04770498507869936 0.42378960948213695 
0.5822509883204292 0.10738367187062692 
0.26645448768467744 0.5027875223288029 
0.19232312435334226 0.8162976417424059 
0.9870491495044351 0.023505778926672105 
0.0643527700238713 0.009869532283160898 
0.06200791202351508 0.6543962414357627 
0.7418871247792305 0.5832340114817061 
0.02912554919499616 0.851405415744348 
0.7419853801164024 0.5046525078402627 
0.0742419463729651 0.278403249366715 
0.0407942304779797 0.5794271528758423 
0.7235727706899744 0.9020577394427349 
0.15188420934444247 0.866367305588475 
0.9510819399675841 0.14490860229385916 
0.6156256295180497 0.06550858402007159 
0.057958222383305835 0.2242492688432125 
0.8576544848558016 0.016831475978505983 
0.006634311640328072 0.21714682237233646 
0.9156258472094524 0.20139111445247848 
0.7678971651690479 0.12804250968885872 
0.46155615220210094 0.8190368100998271 
0.48832436805294716 0.3497264210259202 
0.9818239883069957 0.21795726895001327 
0.7327802270408872 0.40232843350060676 
0.6552533671504279 0.6515007623027139 
0.5752204952689028 0.2981877276892108 
0.9207952209803725 0.170972022472977 
0.4120683211226005 0.979441207146241 
0.3528899134418383 0.9755505647770115 
0.27537303314559225 0.8067118881798833 
0.8036157551952418 0.38629952822249375 
0.7623840858932793 0.008488093988960166 
0.5928516440436608 0.7862858760986609 
0.6151520209975878 0.3486382136328144 
0.9302355803786599 0.11277212271175585 
0.5452853435315981 0.7381721991526 
0.08428122502237845 0.58635784219901 
0.024843612018070615 0.7519859894166647 
0.5951951897236563 0.5201995632769757 
0.48979885241198723 0.24112809928350626 
0.5033657511991754 0.12861761300229296 
0.6751153386561684 0.008925007040054889 
0.09885108498802575 0.8591428971450752 
0.008637961215901713 0.1791825571488126 
0.8692140567820804 0.7234996203476924 
0.1966227870957794 0.8949674132076387 
0.35303222226045106 0.08891652901383068 
0.34238322117559683 0.4555919182380575 
0.014432473781202826 0.06881418638043119 
0.6668433461350034 0.4774781823512266 
0.14533844554607606 0.3928604334468603 
0.8087927075423244 0.23524017853408297 
0.5494190079640857 0.5415374217106078 
0.6729001944312543 0.7756596002492863 
0.7800397640511006 0.16249891678055123 
0.0964196573809008 0.5239211488027964 
0.9351244509305757 0.8584438552660361 
0.2609503010760391 0.590124243525431 
0.2725922634961604 0.4462160936417353 
0.9643562951588245 0.3973327924218051 
0.4221867620283607 0.2670314564116697 
0.026816487356056573 0.877033725676685 
0.22095290717313543 0.6782752306471858 
0.6134882071937353 0.6945331718864116 
0.14134684177596024 0.7341348166538556 
0.32920999489490277 0.37409192504190375 
0.6939487023250014 0.4079147117458709 
0.7301147947915181 0.085714426409713 
0.5114664658880145 0.9951080390394049 
0.23375873850751766 0.9618213882163996 
0.23437145974996976 0.7333858507080709 
0.8252023307739942 0.9912505180751887 
0.2763164072862252 0.966009280315549 
0.8570567658142264 0.6186343219796251 
0.35720114203844056 0.7470952476628897 
0.34810029400841436 0.8015599885477362 
0.6632938213852938 0.22190999220773244 
0.77611133579091 0.7273362159061253 
0.04755111775311499 0.8004769386554654 
0.2952557213223975 0.8358009419401504 
0.8133101707460606 0.821389736735998 
0.8791112449820676 0.4794332732097889 
0.5855997015716088 0.42305705517698183 
0.7887170019555636 0.7536077762616973 
0.5606283211473116 0.8201053914513542 
0.24550275910343267 0.39866742750054596 
0.17016803692429788 0.3353880231709071 
0.5703729310370699 0.9698323373762197 
0.10795862228086894 0.9719007218381597 
0.4457223618808239 0.1924410003926088 
0.30607468592959935 0.6221639303139408 
0.6023272158607813 0.5659595479105977 
0.2760156578993901 0.15826107813612966 
0.24747873065782233 0.22423349653986396 
0.2985401072872803 0.052548196222944654 
0.48160321909019593 0.9669225312254609 
0.7036182861923124 0.7250193911178069 
0.42365476136050645 0.5521553395418263 
0.14172205265815402 0.21657128492093686 
0.6278249133107148 0.02766823285370401 
0.24967524901541022 0.6551589467689183 
0.3356338979097684 0.5879343592191388 
0.4837804922603899 0.7546354878220208 
0.6997383934253746 0.9899201513187734 
0.2949258906125403 0.09935388666909223 
0.7796411906346403 0.4547573445640568 
0.09388376674957938 0.36139853679543843 
0.4446129606442237 0.30272524212517293 
0.21506838089594976 0.47998979821775173 
0.6057642179199898 0.17522013037472156 
0.9691706176994724 0.3499468530101038 
0.9495745175735162 0.10946673766117387 
0.6954650757415468 0.18210399214426204 
0.2582600908660542 0.09791273217129143 
0.3723962581855019 0.4395413719735104 
0.4642265220029028 0.5073004593302455 
0.9037266108327552 0.6697813840804475 
0.4547095892419511 0.8566781298180806 
0.8560873489389624 0.5242080055236678 
0.804047784880775 0.6287542848661466 
0.713035778916499 0.8469734617849002 
0.15104779766374865 0.781456136562519 
0.6698563116428073 0.37149884859095106 
0.9076525797953231 0.2670811599390259 
0.5518949329640248 0.2639712797320227 
0.41175761017625967 0.622498524692404 
0.991117577951875 0.7124738420360681 
0.47934017380595134 0.9240701877879272 
0.2624748730545011 0.31148828612993584 
0.4917091927964086 0.6292592129963404 
0.4292679999512575 0.35233558909570306 
0.6757907682177251 0.04806085376403607 
0.9066824173149709 0.5478613615792262 
0.7367456699661259 0.6319558119907358 
0.8191850456216174 0.5304018809181967 
0.10967052204017569 0.0069401530750638485 
0.9237636399615696 0.03141982230097484 
0.1058394318982227 0.9000489480824094 
0.8685752856857019 0.933886377974358 
0.7794798850830557 0.29147848776146623 
0.3582080518521183 0.26937216571660855 
0.1395650244502873 0.3049478648775746 
0.1355517464837412 0.5772839062557567 
0.19597674518427693 0.4194846840313161 
0.4077656211205076 0.6705535167135391 
0.9723372310430412 0.05961074777117442 
0.299188397906722 0.5487864904134918 
0.4414584849778779 0.781332795440986 
0.8625522707168187 0.16851818296770776 
0.17593379362902467 0.0719844516015874 
0.32041000770309624 0.853237973601414 
0.03780814945449251 0.366715715603645 
0.8938553212842035 0.611683269867523 
0.3426841729020299 0.9143135771120556 
0.8404706444723233 0.8778929295215738 
0.5613009319111085 0.15139451122315417 
0.009794198880444693 0.8211206423039492 
0.8250736290914045 0.3971505593813665 
0.06920559897686834 0.1609043067414354 
0.038837337724732635 0.15828037863146882 
0.3298227140179074 0.7653502624242879 
0.26973872522599446 0.6913495063002566 
0.9939360362541825 0.11011474821212236 
0.663955645850796 0.4000838563867948 
0.8267522965463177 0.10740331032958461 
0.5997948692758445 0.6643677972663189 
0.9778681310567409 0.3034248019482829 
0.08732640131597647 0.07313798830014195 
0.7261781238070419 0.15760220434949407 
0.14052353934467254 0.5441902809598828 
0.9641599880212901 0.49971096179766317 
0.09586950672640532 0.13809278884008924 
0.041278730994265544 0.30923889214481987 
0.823079405393788 0.2922132644759632 
0.35373749917260544 0.13396878053413136 
0.7570657251070269 0.8948634789627536 
0.6296527277511025 0.12675259613801254 
0.725681338221566 0.26010895861861627 
0.7784880273065877 0.42846039286315346 
0.5934119441290451 0.19451908541708673 
0.6232859156725667 0.8732754632217136 
0.8363561559251191 0.05075484007260772 
0.2298652102350523 0.3861912595275661 
0.18125976144283817 0.12760702399120882 
0.7816554169249479 0.5965575641909694 
0.28420283336091 0.3824801875609465 
0.7672233378106605 0.5240744724742754 
0.2283726867338648 0.6146634858903619 
0.32663028520896414 0.31184747257571555 
0.5037307430633364 0.8405430568412795 
0.5763317396662386 0.8950925001606023 
0.5584629233216837 0.6439551079682284 
0.2076301374012554 0.5443668904674331 
0.6853518769376014 0.7020521838105009 
0.5867003434521332 0.0795548053340292 
0.12274285896294723 0.4947409874600605 
0.9629958452555409 0.7840831965209678 
0.0808629519543505 0.5587655670155449 
0.5277171982778682 0.19996870078204654 
0.0719357349538321 0.4820881717127341 
0.09638907987466994 0.40765819209161697 
0.5490360365822923 0.05129799324228845 
0.39248120467173336 0.14628888615822216 
0.6533285245826352 0.935884986019226 
0.04098522273829863 0.9918766567261039 
0.5739640185551178 0.5186541099039682 
0.605051476791982 0.7247273396387406 
0.3444314044410582 0.04523795581972245 
0.5580915037481304 0.17357197415342357 
0.9106573921728809 0.7311456583190902 
0.3492553778541872 0.008380257493700805 
0.8128652673314707 0.007199209214789504 
0.23316092830649965 0.5761529778023825 
0.2455902768746151 0.28617464654788416 
0.24257663142615576 0.024688876611378863 
0.536073647281057 0.911506108111381 
0.6553609830877085 0.8770148290798856 
0.7168129433257372 0.48698502896394963 
0.5091630767165933 0.69646876287411 
0.07654726246704163 0.20626560097398194 
0.9927935970717068 0.9373956495642645 
0.293170855435135 0.4841640243663346 
0.49770229477823663 0.3787454526331878 
0.8492857280016257 0.6550414691520193 
0.015929972186715435 0.7025884595299139 
0.6455129145595726 0.288938573193702 
0.739406340176878 0.028055902929619403 
0.7249402814209034 0.220655964478905 
0.9143974362213263 0.9855503511651846 
0.27907109216959247 0.0446078146363354 
0.6518096530575297 0.8195618502450153 
0.43272259247664296 0.9048476869598331 
0.6396090125352137 0.4563442601775448 
0.9930057160067285 0.5609397925071776 
0.8992357223660801 0.36951307342695344 
0.8947421108170701 0.34371741882862716 
0.6619953904709422 0.25033600009555335 
0.07535301957000423 0.8618596494682039 
0.11532614515935374 0.8262275371176946 
0.9481594489741048 0.9498584512459967 
0.4431713784409413 0.9803369548261718 
0.02870790511872151 0.1075512019333783 
0.8192381125144621 0.48014916939995994 
0.1320355495332421 0.7114627146374661 
0.18508856547637975 0.45978585816041734 
0.2776971504562778 0.25520682304085734 
0.8985259865643436 0.8184173036888096 
0.9022599295374378 0.06671410963632168 
0.7357564939136676 0.470766201054681 
0.6336179945063372 0.9818641536732007 
0.935471996530385 0.657258851617965 
0.3688878069340368 0.6982418393911779 
0.9329124338867956 0.7154050905019852 
0.22003872258938395 0.8778156257868992 
0.5005038019620363 0.4105462701537193 
0.19891798240979414 0.18257987191713476 
0.24150498998240288 0.8089805232190628 
0.3393525492130088 0.6539084926772052 
0.0050525908665829955 0.7274231519119702 
0.8466422086714829 0.19059498015204607 
0.5601974374837919 0.7776030737527007 
0.411226432127195 0.8209753590909125 
0.15937638993277425 0.8233366702221747 
0.7159298746599225 0.921821961865704 
0.741613080181112 0.9832442945927848 
0.8961477128656035 0.8765955638323875 
0.8463388623675936 0.36413075991709487 
0.5663212805961488 0.41072114388073966 
0.014570873376480498 0.010334018965718339 
0.45491394109782735 0.48181112257119557 
0.8787429202619523 0.22714354536027387 
0.3597386835875924 0.5446370993285659 
0.18221367716631853 0.9674214597872914 
0.33425814584216174 0.5119961852760428 
0.185376373892292 0.7349128690587312 
0.10652182999508936 0.9335278773213318 
0.19249904433813314 0.5696272172341291 
0.5610651453997759 0.38040258547690153 
0.30002635568725544 0.4264477455928206 
0.09252826608635839 0.7954978020215727 
0.5611559261203074 0.9842352479561425 
0.760758585478883 0.4119508623252268 
0.13634676691581238 0.6858529899670657 
0.17345481040465638 0.166213301538488 
0.9419926277435715 0.9209140223424552 
0.14884236044476545 0.33733684642035167 
0.04844665014755978 0.49902616503946984 
0.3178855062103887 0.712908939318667 
0.5973097613267487 0.4979611251389999 
0.4764843042821543 0.17886188619641397 
0.8198988145105623 0.8756448295110095 
0.7313939913088046 0.06086267301727488 
0.47326537842774674 0.5953521967008633 
0.7422901349327868 0.8173131416404661 
0.44012670634556006 0.5928495545151955 
0.47933511680694774 0.46640986471758755 
0.6985908315978208 0.6167683153793084 
0.9942046083715594 0.17932458683779995 
0.24611478097706901 0.0559052795203796 
0.38131974869863805 0.4086540324946183 
0.8455678474658794 0.7257907995261669 
0.6698166793577263 0.1315600908431886 
0.6107395413924304 0.8872736559798986 
0.9520682460975536 0.23885733371694612 
0.3617163254012986 0.9054761072166514 
0.19416841444105082 0.7715583405764914 
0.6224892784950293 0.641312600811507 
0.6223801032457159 0.5863731866353844 
0.6559081565899311 0.6099873815796678 
0.9195854982838343 0.9377289934641662 
0.8512174576814784 0.7677631994936653 
0.881932983830121 0.008853988564525073 
0.4350101023644082 0.7209771207624367 
0.4518046029805571 0.5328049256046804 
0.5600821121766717 0.45058378759533646 
0.572309052714098 0.597135760419927 
0.2013076788553428 0.2747500458580405 
0.5103213541830417 0.7247287805679852 
0.6207352226381903 0.39919317028252377 
0.12207108195109329 0.9925958578244167 
0.7588876192948886 0.3657798755842728 
0.8665313659930405 0.8505618658631224 
0.18146977813194148 0.6160642310695517 
0.17969120981181042 0.27129040908688673 
0.30232720339492014 0.7435452565115291 
0.39724672418970014 0.33341874050076137 
0.5226961269109629 0.06852953192660666 
0.41209618127161873 0.8735671822963691 
0.7878846027197679 0.8406547142884647 
0.45918489534915097 0.0845017588475237 
0.013387794810669873 0.9310640219493647 
0.7871694861891392 0.9119688063789184 
0.550439947261914 0.10846883633913451 
0.04870866876169555 0.8795213839128826 
0.5084646117109421 0.10174820502223109 
0.6877818340856423 0.11552320445384712 
0.4696533872133875 0.2808208265050628 
0.00817829039976703 0.48978325791741856 
0.7195988587478596 0.792105114718678 
0.02677384495022861 0.4288852509300349 
0.0669968833290508 0.9272969177124222 
0.8292605478757462 0.43515844667131387 
0.6739714176658715 0.30745767056638706 
0.26125091914025383 0.5210994305094154 
0.8387740172324223 0.27132457258642173 
0.29796075012606066 0.5890511818210727 
0.04828267768617478 0.03166519572861776 
0.38489058065202986 0.5840057143756683 
0.6394426489303103 0.7643514770619166 
0.972787747262055 0.12284738625954345 
0.6954130469269463 0.060142520447490744 
0.38694027124081315 0.22686364103008105 
0.5564158699471992 0.6967137921268753 
0.08499460107957968 0.45211142348386063 
0.5074183575713698 0.23281674785557016 
0.9588450773165789 0.8708845366604671 
0.4405900499354423 0.37624072772467326 
0.326694851249661 0.4292314860226285 
0.2725189494470423 0.899535816962542 
0.7557853825755352 0.0567682109919444 
0.38876422543637307 0.1742054682800236 
0.257498818977652 0.7638219422611852 
0.0741111827814947 0.24528349442453945 
0.15119753359519927 0.10413468305736606 
0.43103783245132943 0.6814544690434167 
0.5925168683532586 0.35499116778357126 
0.46988762218881236 0.10998456040691384 
0.07529943563308261 0.6666671285602842 
0.6497525991869677 0.0787274356512851 
0.23711273887846013 0.10431362047608561 
0.5920069459901436 0.9522569820214903 
0.42846334381910006 0.06866611343941736 
0.31343533746811825 0.5126964591925591 
0.8297573266280932 0.3250825311302111 
0.13791748529545378 0.8866691036613263 
0.15138629401204534 0.47620610787671047 
0.4774618148132872 0.6835313143692064 
0.677190849232282 0.6780873226853195 
0.46946841111537424 0.13883543667599002 
0.8759775350931351 0.2837012531833548 
0.3002643673646957 0.9002015991988924 
0.16466638987364757 0.8801806261062659 
0.04502806804555287 0.3352597385490227 
0.995487618301844 0.6270330606750252 
0.12133776878017788 0.9245116021973696 
0.9057814651039681 0.15000223537557156 
0.7664403932434154 0.22125663022439074 
0.9244997205860991 0.5877376799851898 
0.9369481863650952 0.07598052612316492 
0.5009617681812365 0.010275887032876296 
0.8023047058923294 0.9314603048909073 
0.39709271067296836 0.7551576167404389 
0.3630029993129092 0.29507772586993175 
0.7226298713982335 0.3592568564327506 
0.962071768207408 0.700580148011914 
0.097992459263253 0.05109719712782668 
0.8651987270980555 0.07619978648901943 
0.648176135519801 0.21005020422830817 
0.8171890192722606 0.9508397619354111 
0.619626282636925 0.09735353876220715 
0.6212392638124072 0.25059510587862804 
0.8230650315477621 0.15966573576122467 
0.3714569666232358 0.8324570190589649 
0.4654432375759887 0.9397443870180598 
0.9555845703968326 0.21331825105634145 
0.6364660010839849 0.5088302474040938 
0.036195768420481944 0.38601960144254743 
0.5262840047292694 0.5741110183862301 
0.3822582276750145 0.08101251709524421 
0.35106515751776846 0.5623320517635274 
0.01884368545631071 0.14845706019196436 
0.3164203950880854 0.018755571942080718 
0.16722105313321617 0.2389981101532595 
0.9853725498941557 0.4277101233271099 
0.08553995726289876 0.3103450963088422 
0.1425172290933186 0.6390462027597659 
0.40035977544532053 0.6341702307410791 
0.5094820003725358 0.48355504897661133 
0.7556448109514007 0.6865395798022211 
0.28572462361971807 0.5134302762472438 
0.24193444884581555 0.44190492395526404 
0.23515076136908003 0.917167243321958 
0.25811852872377916 0.8635722791189389 
0.6782701914364896 0.6417412168174432 
0.4677721119711076 0.6265136486265779 
0.947385753335915 0.37267051632350795 
0.8203303053239062 0.7980931509732236 
0.6092643396029149 0.012012827865080233 
0.1141360973485348 0.7903638448593691 
0.3721962335106495 0.9792741641123607 
0.11873834224587537 0.26307885485406113 
0.8267108492743391 0.5853518198719095 
0.541159028522428 0.7685624927075374 
0.9368238245337519 0.3040136358981181 
0.6875266946357264 0.5857700607324986 
0.011283558365845936 0.31834911472969885 
0.3601106556604782 0.8545879966985289 
0.7342262373343961 0.6723443795228035 
0.939193968847877 0.008196570779549106 
0.3755221029163037 0.010771528098077465 
0.7319586034175193 0.9256788360649444 
0.5662193863901318 0.06533155158262721 
0.9271499395981362 0.4439995071538289 
0.4908635116187201 0.906690045730816 
0.2695504106413399 0.6712184387988811 
0.48809484725418517 0.04135892510441619 
0.19963595084501845 0.7227084919990199 
0.9907783697499679 0.9144785786993108 
0.4280533358720673 0.09725381403706646 
0.13502235320573058 0.17967857956758326 
0.49092653585557744 0.9880184647804449 
0.045953859301021305 0.6075380555998993 
0.7395822491294994 0.7191810997631524 
0.7874824620065849 0.31734075597892786 
0.5093191702572846 0.7785062202548971 
0.37146308141735696 0.4729438592376229 
0.7558527534247523 0.3901730780455795 
0.6878691401469366 0.7585916146959709 
0.6711075009655134 0.5331736297331757 
0.4835867312683262 0.7313919585833477 
0.612956936451452 0.5491506851254289 
0.8085300799543189 0.503139315225541 
0.18942005162456377 0.6753937263020533 
0.8855755333841235 0.7417193121485484 
0.10748203777846083 0.4438376067011325 
0.7323378164621597 0.3016266612595969 
0.02078184698472535 0.5567332572913141 
0.3269673379101691 0.111764461533435 
0.935573940214271 0.7330778573222161 
0.03173171209411979 0.6398396129869324 
0.1432857745038138 0.838376951747932 
0.9496672677758488 0.8964802290973917 
0.26724430963363305 0.20336624457724412 
0.4188235135354338 0.3240235010741242 
0.519040934641225 0.6387120133901346 
0.5115194862707448 0.2562146405427047 
0.5375778415055418 0.4337195007547991 
0.571736441031048 0.3192619380746001 
0.9581460000354076 0.44519299934446743 
0.7190374594188002 0.5757659428389844 
0.25494244978865366 0.9496469426058187 
0.794613038786579 0.6806008240488982 
0.23640739760048862 0.24466747502831315 
0.05344292242814963 0.7708402074040015 
0.9883544886837101 0.5785101867718075 
0.6067772141912808 0.05197500278326761 
0.6613755911244203 0.7056810487099685 
0.009673363050971828 0.2732069045725962 
0.8858147584012058 0.43875515450952607 
0.20409366647966426 0.3800069050762811 
0.32007571244345745 0.9363931471100628 
0.6266200015017142 0.8372727814183528 
0.03567799020155288 0.29136357829977977 
0.982044928956942 0.9880993330943311 
0.1439292877082105 0.1304729570698358 
0.29330349872195094 0.07228611295538923 
0.2281588839016334 0.7595002383246998 
0.6302419929443794 0.2290109302206687 
0.5668675411090168 0.011906797848458217 
0.25354330016219173 0.7446925295926454 
0.8003955783855347 0.3378117877572113 
0.9930244467212674 0.87598589552294 
0.7072331328726981 0.009284609477656525 
0.7825545447294582 0.6265283560227108 
0.3930422562366414 0.7067902316803016 
0.7637934744186237 0.4870133479086277 
0.7051372959239837 0.10441261881406222 
0.6198818124858543 0.3747447642877647 
0.9261895132682199 0.7587332518432917 
0.7582942120397673 0.6502721489571198 
0.0810311721961845 0.7177572603633942 
0.4022818704549493 0.055913635083044866 
0.10541984255661774 0.11383527084055761 
0.836123846048362 0.24192726109067475 
0.70600709998284 0.9554864236655838 
0.8365293280916668 0.017368218990956696 
0.7073512065725924 0.3242793882679751 
0.3293783365998121 0.40178382231340765 
0.33048165664981055 0.48180929405739364 
0.505299866622338 0.16741586599580927 
0.6806465096423762 0.9588849453776833 
0.17565543549970158 0.02447549317788167 
0.8885448257295091 0.9863980661236629 
0.3215869797433657 0.4506123232877912 
0.9560982147126864 0.5364758267067247 
0.7977953760375689 0.04467001804082765 
0.8188213982425838 0.860472062643656 
0.44556322510381013 0.667918080275123 
0.19821338111251163 0.07700884009799064 
0.8536744034032513 0.9024617027462679 
0.6128390919475778 0.9748256821796522 
0.4065627299069222 0.949550181840479 
0.7642456818634558 0.7464159787544495 
0.6941737695249269 0.16263411168811637 
0.527572581330807 0.8322855632726011 
0.2838920585153536 0.3136006053271039 
0.9230219253021098 0.5062614040602404 
0.3260057829357962 0.17932046781527905 
0.9851593913032282 0.3567444762469879 
0.552630522820964 0.21971733718547282 
0.5887303822527667 0.6844973209891694 
0.6559574227256212 0.33403851399343126 
0.7581165214914098 0.34009113926207857 
0.7922229181781971 0.12441201828307769 
0.9887823792625345 0.8247324832651501 
0.18828230573437738 0.14178057051845605 
0.8648280877987818 0.6893389105157166 
0.20937274964184088 0.7993668888503721 
0.3785434516264697 0.5055421382828761 
0.4957027542127831 0.43699484913087844 
0.7855489153027513 0.9881377174509498 
0.20231471198179984 0.6258345587959793 
0.5661564080802458 0.5635551468283254 
0.6566898129544178 0.03346537315574921 
0.2537221179516811 0.13317359020265696 
0.8639052906643931 0.8735621184672504 
0.4243350779702297 0.43215525191083703 
0.6106595615197834 0.9150796192238482 
0.762051313971613 0.28165232699712583 
0.8791753793980908 0.15938563796380673 
0.842151189282687 0.09644467740031376 
0.4279661977310698 0.2846508518573948 
0.9064325209649586 0.1839536158290726 
0.941015661122509 0.9905648956437452 
0.6111781464676187 0.2946225424850795 
0.5285698759283565 0.8628915516454825 
0.19248776153289876 0.008684798802777116 
0.4609868891145583 0.5830457346489237 
0.8969361960437714 0.4002518657894297 
0.14924673871446054 0.5260340313195914 
0.38099742524373703 0.8827120913525355 
0.5839482513573322 0.13524147802211023 
0.15996479440450656 0.9600584496113214 
0.9931566710190352 0.757822449521976 
0.8940526946852105 0.30689658700174705 
0.8393241914931189 0.6368857675867371 
0.024472095692973872 0.22893041034085482 
0.7996983142558558 0.7799924935532255 
0.20034703111686486 0.9626560686382634 
0.7513309571958537 0.16747674324273126 
0.7979233627259125 0.4401627861544224 
0.7657604865283463 0.9276073303125145 
0.26021741680828686 0.008643078382510605 
0.9009595511599182 0.0420743847858302 
0.17515874711896046 0.2898200705456094 
0.05797758946568898 0.7162650445381391 
0.864237292460651 0.42339292505676135 
0.6830266717254174 0.8662614862724842 
0.032955247072504246 0.7992057674671591 
0.7341639904088443 0.8866102647847445 
0.7905539936349313 0.539566826819727 
0.11397381557721964 0.6758044043815594 
0.06254369512088609 0.5468926527882749 
0.341746821770511 0.25040816261298754 
0.6744412246881888 0.4190738428380385 
0.4679517876259274 0.30165472162704365 
0.7847028899047375 0.3998440247067574 
0.6305005362071486 0.3272294817194429 
0.4791841242682333 0.09079873381945486 
0.3742721582065127 0.7938955740906786 
0.16442454424066355 0.7421048328088453 
0.27914926064184936 0.3601581801488458 
0.007645449953872174 0.6555396025608419 
0.4632048317838131 0.33938486750586716 
0.9884411553553503 0.2870290272412178 
0.26409149275811294 0.40366554586026676 
0.6014899410157368 0.21769079537486086 
0.8566759003698319 0.10653625170558428 
0.9308738069273019 0.5442482139894305 
0.9503564474178909 0.8025852675774987 
0.774287568362751 0.7894172820910025 
0.7925186487084962 0.25266071941307444 
0.31585483923976915 0.6443951181435456 
0.7793549139014098 0.07782648703041761 
0.16871175841561176 0.36102375009731347 
0.6472923329527757 0.9625414279826171 
0.11274801913844917 0.3000812440792961 
0.635796202664607 0.15163284389811832 
0.7277274973591821 0.6036288953471111 
0.8497890817052749 0.9911100797973501 
0.4498854394710014 0.20704903853666878 
0.36926117556230076 0.9270716609783328 
0.06490768779405393 0.7865277307640817 
0.11865085903388245 0.2294774467079005 
0.6920476329476727 0.30045748732991606 
0.1045395954833655 0.590572672507104 
0.47711516449073266 0.36775611520422713 
0.6283098807014035 0.5332369362967202 
0.28478877614398024 0.4589489575266549 
0.8263887850569792 0.08201841463087567 
0.24859055158805965 0.6299917587341496 
0.518233330373057 0.3684182918286844 
0.3949644246390916 0.8455326825729816 
0.9761023655911185 0.6392942776083971 
0.8808328876044691 0.8310145195226624 
0.8827258611065112 0.38476630844096643 
0.22209382875488548 0.04027750326136553 
0.882218518931137 0.7081101117007886 
0.302387419325469 0.30542023776450894 
0.8424977339761656 0.40216732407292866 
0.1343263487770996 0.04096559412765982 
0.2731866477624345 0.8286379911904145 
0.031085444039939125 0.2027325915304507 
0.8128147368622789 0.3107264053954043 
0.9011410460302847 0.47021462643931233 
0.07999642822873665 0.6368402135012629 
0.4371401846306766 0.8646017886702495 
0.14994917503847333 0.7005539003436034 
0.9358271667529106 0.22852684920049232 
0.8594110524622577 0.48877097990316687 
0.06023613981983311 0.10506043608223165 
0.06796755834503493 0.17951881969188987 
0.23473230526732286 0.1755284001389127 
0.8802546131797124 0.7960747313879939 
0.1738674662144879 0.9208646049858633 
0.4250076740544026 0.5234222273161239 
0.005008725307157957 0.609731050091152 
0.5405418648639645 0.6530170846821718 
0.5619588516820143 0.853096978870237 
0.1653432859570012 0.20598282819975827 
0.8639270055705379 0.20548719842607133 
0.0077559192520896825 0.8374823829244429 
0.35867009969466873 0.04636476163509223 
0.5900120919063407 0.8106263951011818 
0.3382411871425128 0.1501171745727337 
0.41692273917147854 0.008255029402573055 
0.7469430556489235 0.9604066100566528 
0.696485729249893 0.24492534773655522 
0.543245767462081 0.9898658478358802 
0.9902471182136301 0.6517929408269849 
0.7281124283380803 0.862085069637568 
0.5679801662722886 0.9488263554126033 
0.39826733786206747 0.7297049031014835 
0.5504773196965668 0.3265516078326839 
0.6600999314087682 0.7979893239372357 
0.29180075392491334 0.6992946441864993 
0.06639657006210037 0.6231887189321215 
0.9722605708583113 0.843032657809504 
0.12648868589817652 0.39367634240363536 
0.1982992584357805 0.43786866362895877 
0.8436460848911822 0.5801932310227648 
0.6691063350220767 0.893857371147065 
0.09736644455794913 0.3878051302143056 
0.5139145365090584 0.922602783673854 
0.6734896883918684 0.9209489091554519 
0.6597070227601691 0.44471446080078225 
0.5915442196094325 0.3324842861021863 
0.3093428812476961 0.22797416452388714 
0.6019015690434303 0.12111752388809516 
0.6456383032620319 0.4835095379245822 
0.48358483442048805 0.5758897557561897 
0.6875855602323935 0.20674372981638195 
0.9901176743123674 0.5041454945485243 
0.8769066736841222 0.5259798567274444 
0.710064957918247 0.4119132447654918 
0.9756677882918101 0.00647744511039311 
0.34038743927541515 0.20279938403753173 
0.4200365963215392 0.18246669341178173 
0.1269612666666607 0.90067430743204 
0.8953553678853567 0.09975281512152867 
0.12155315151026236 0.6009660889471307 
0.15055228330618953 0.9363211055332288 
0.48782743011118007 0.8820081173937878 
0.6999908438997456 0.5352767738200156 
0.3298052428844509 0.973517144936994 
0.4453091390745932 0.43168668217882644 
0.2349264008695479 0.46095247076382884 
0.4455620618825985 0.04895054322418946 
0.5536768847139396 0.7975958610781839 
0.7017692140084849 0.3537782639491265 
0.04032072163774841 0.0924650896854819 
0.09676049192204988 0.24942134795018384 
0.5440099153721225 0.1399130385163705 
0.2929883195869786 0.9817431319347445 
0.17181075191903644 0.9926390683144579 
0.14124164846764964 0.1504158204046555 
0.17265122346742584 0.8041524963819981 
0.5259606727579732 0.22397191206330153 
0.4701742781417623 0.802266608858704 
0.34195538936205777 0.6901985423512378 
0.7188270562917547 0.7316741398737711 
0.8890186261830111 0.9176097188685899 
0.2198586930423373 0.4934853844487641 
0.22852873482754776 0.8207120661392683 
0.377632664806606 0.28126996611053345 
0.21206143322684734 0.252534227766281 
0.9058120619501642 0.285873909287109 
0.8832884956527493 0.24611129156819783 
0.922383826563146 0.8399263521666637 
0.7881113401858763 0.5739993946406353 
0.33120607804665575 0.5658299823775076 
0.3324316875045471 0.8816851702405155 
0.7520691685069827 0.5377127139019591 
0.44541292828445345 0.27574937328235816 
0.26548916878498297 0.3288870779218692 
0.6305995919662106 0.09135419294296354 
0.9115336635532656 0.704796377925939 
0.5092937253266303 0.6818945670363218 
0.9652564302566198 0.6245240785872107 
0.21696100335186136 0.09528086658933299 
0.1865233598885067 0.8394546384638091 
0.0838127166026027 0.7537146950042286 
0.7170942605735767 0.24285199270761992 
0.8377352039245712 0.21145653209553805 
0.6658756409475557 0.2803221599295884 
0.18558545374297375 0.22615742840454728 
0.7111446689531786 0.14054265300263086 
0.029339414924137053 0.05877283543842343 
0.28650942286862047 0.2759812714776113 
0.5306556911363552 0.27527640909906226 
0.653043066120656 0.686202743167205 
0.9501070875414587 0.8473213750168942 
0.9258382605270852 0.24760406483785397 
0.3554957379385256 0.3533431012693084 
0.024818135774739347 0.5377428617447582 
0.9487094769875629 0.5829228365205987 
0.429075823309493 0.9924874603025606 
0.17993276604852887 0.5008160347718522 
0.8965059948268121 0.1993366303487205 
0.30397328333909734 0.7845832085173687 
0.45068443106070954 0.9185208349367813 
0.8016908166502584 0.9824951990036053 
0.37819076038257565 0.3908037525589001 
0.7991075211264377 0.7318951575952125 
0.06511415634670459 0.952107985805047 
0.6527082584658392 0.5438043785024737 
0.9671543657924255 0.3728896339658222 
0.06936120244746175 0.5085446322820291 
0.7679947950794181 0.3155717778246099 
0.6171412198993694 0.789105846515475 
0.7087806375157075 0.81668025261184 
0.1403917493993297 0.37335670665537996 
0.5345951799638896 0.9492953173318226 
0.12596638770789736 0.7728149822549611 
0.07769537676434674 0.9908591734806274 
0.9734080418549939 0.17396147258921352 
0.008810428836959816 0.38526152465186647 
0.8583502027899433 0.4626305641228786 
0.06784079777618601 0.4075835013897075 
0.04910909211695541 0.6477987738483697 
0.5764255052006366 0.18183293306778664 
0.6850420240894098 0.4556807717550635 
0.5520006005128197 0.8892671310982303 
0.5450575581735007 0.06981845455016489 
0.5713022630865082 0.25415780022457823 
0.12015435773120786 0.07499445810132843 
0.4920060838213649 0.2918733288998637 
0.5561826639935373 0.23881600027409794 
0.6993340281342117 0.49632265122689434 
0.42108170870345785 0.14302526533184684 
0.30860334632600805 0.8260574645073284 
0.7993555429077264 0.18871502956289077 
0.23957860901049638 0.8623708643463946 
0.01896035947788044 0.7318632589774127 
0.17356340575646467 0.4703643103240903 
0.6574425099104366 0.011431950928603052 
0.9948175925176476 0.23895110451851592 
0.8373892428378951 0.5327144332826668 
0.9598307944614424 0.12621764812716835 
0.9081293701548692 0.4428680863333898 
0.38813876651387996 0.4868777528824012 
0.08788350375630205 0.3345175703796732 
0.19961830252201052 0.8758855209681009 
0.4129829958832228 0.44707714527607345 
0.12822485243210568 0.20701836590691247 
0.8309191713397177 0.9044168098941607 
0.4159392177260309 0.24523383906466245 
0.6876786674976311 0.020813816462563917 
0.8261943102135744 0.36737556712646935 
0.04031762727140836 0.011240819058040696 
0.09477420630380012 0.6794753383433577 
0.05868843093214787 0.14592756526764455 
0.3224412678872104 0.06111643591521948 
0.8762439809129459 0.3209152857166585 
0.4487525731592595 0.7657179809068263 
0.19632321722205587 0.04429188467303752 
0.48959086588877315 0.5493122727863115 
0.07052810649625307 0.07926024076563598 
0.13117774221731276 0.9767753144903821 
0.8915173956193929 0.4975227655416703 
0.6795575954040483 0.3901572707982984 
0.9407553588272903 0.3506734864316894 
0.9621237034379868 0.9272187526895856 
0.9235352826722902 0.6724438088350748 
0.1679180176130134 0.6307509235643382 
0.6022669289809433 0.41429248817482467 
0.9135614826084892 0.6228320743825652 
0.13523990676401798 0.5067304154852629 
0.45607728700336936 0.1541661137633169 
0.7441724630356343 0.4300058267454947 
0.5164924133348571 0.34413097690561845 
0.6168396444233836 0.501742728583596 
0.011915757127829996 0.9014368064225406 
0.15954984897922775 0.38378239053939633 
0.5342027252112803 0.48712846498067364 
0.7462286113024452 0.2079914558486865 
0.34971436285436036 0.6065678997120292 
0.9593558052120885 0.6772188181760854 
0.21150082304231815 0.3515751142556216 
0.6002138237246097 0.7417689603988562 
0.321611574927492 0.35087153554515893 
0.35117001714292806 0.3726625325032189 
0.8286161505236481 0.13049712702875016 
0.29544673602027527 0.775720925124864 
0.9555762801219964 0.8245112989943136 
0.8590603903773268 0.0571301930742511 
0.5381895738220835 0.3485269168182213 
0.5431930101497442 0.6116785308315732 
0.6039747421605258 0.6411247031175719 
0.2663687253127892 0.6497211206526448 
0.7173999464637626 0.6228922831462367 
0.050607511869928845 0.9279482039240036 
0.3702399508815055 0.5675685266267183 
0.2528860725793449 0.6791643412219526 
0.27635860714337174 0.09277919058103762 
0.7416050130744896 0.32545159944542656 
0.6384602356946858 0.6053451076811383 
0.8418804308032842 0.4870648184501901 
0.04465315684452664 0.11743768851871267 
0.43656598230092125 0.6180859596615871 
0.2503403780234488 0.9755044751210676 
0.10227953459354672 0.5020099514532542 
0.6030291488267245 0.08019236039236188 
0.32315040501338227 0.7904372903705454 
0.06085256762174879 0.9838753315892073 
0.4804175454293265 0.5251558851857386 
0.16832089720579568 0.8582254841294745 
0.3068169944153617 0.2647338425107638 
0.28113365411377167 0.13541606951142515 
0.7263098803239219 0.10761054327208519 
0.3706342376770689 0.2496231033050213 
0.12599693554360403 0.33517900478500606 
0.45207624064765783 0.6988754251624761 
0.7073655414165264 0.8682854774664035 
0.4634432598660097 0.24305799498529695 
0.629675317309934 0.5702992039818835 
0.025601329546018403 0.9544810809957474 
0.9707921186714589 0.9635874209670363 
0.596534313997858 0.6064194300119998 
0.4796359226117299 0.8524301117412749 
0.7123966599847606 0.5509710452576468 
0.003340131660114931 0.6864564616329987 
0.07615970996810734 0.30016510947262787 
0.3914881256436982 0.37852483149326727 
0.03825039111179701 0.4523119744424364 
0.21683615989967575 0.6995986264234446 
0.3872949395243411 0.5370577946134518 
0.9465107573260425 0.4374622429123936 
0.3524496130055577 0.43408984297165043 
0.4966999006422909 0.8074306561238218 
0.4240190434460752 0.48410451052792003 
0.144532172784261 0.06431149799512287 
0.13169764296095182 0.2807573095514335 
0.7813938918604902 0.9471581726880398 
0.8195769661183143 0.058977205904670205 
0.4065823465238371 0.5076337158081833 
0.9674478791848365 0.46623566872854205 
0.9434405045125234 0.32501492842227 
0.46797089210401815 0.879126801926212 
0.6701852596581647 0.847448993667923 
0.09688422571198191 0.5404418152501274 
0.848146547334399 0.2916095637073395 
0.22413310945466353 0.07210092763527592 
0.18008104607494463 0.8932085228513036 
0.9766462964342173 0.1050154692448963 
0.7673636906787555 0.86779972075891 
0.856993831218099 0.7048366521825641 
0.5413084425027421 0.45984802033379224 
0.20716801005311253 0.13201441954235404 
0.28232902905313184 0.6296889060268576 
0.11454148476738985 0.4203812813559093 
0.5826822821696058 0.4522683990988369 
0.05010094417348493 0.20050109008800654 
0.27428075990170003 0.8517437906375607 
0.39126705962048136 0.8166141309553308 
0.6595929398166562 0.5740798226554014 
0.5812128987734639 0.6384280589194329 
0.16913373455066105 0.5575293344208896 
0.20834093765354794 0.8558522694308919 
0.29696237010224596 0.8855930921578156 
0.1730678915545133 0.19084944994799002 
0.49837336330404053 0.33587248899748334 
0.6433545682214629 0.3960650162138675 
0.31205339883936356 0.003958785211904126 
0.8316722038293146 0.7134339938624101 
0.8314583031809666 0.7676966294694467 
0.13304770760995005 0.47621622142404546 
0.6084185015640708 0.9403357114147408 
0.4848331930773535 0.21711656315128675 
0.09196336763348573 0.8172737915093906 
0.28505124014396205 0.9122080960798038 
0.8350480308129274 0.17010887199842784 
0.26665279611817416 0.28265286551422786 
0.9556350467974108 0.26361443180776145 
0.15868424649020507 0.4110667655832749 
0.5906179665277156 0.9673378692242448 
0.20549723970530348 0.6567337994899733 
0.46039610187414154 0.9702990977708272 
0.26923372896167747 0.22564622773199194 
0.9890523800077016 0.1982764194988476 
0.5145167546262527 0.18749097381232938 
0.3047954543729677 0.920772838070591 
0.21343881925985791 0.11077856172388295 
0.1979186483645352 0.4899458426850744 
0.7773207343423316 0.7074610642930712 
0.43871657754608945 0.02238609200555769 
0.6243808222531454 0.43319698918355465 
0.4080660608621807 0.2867530283515977 
0.4509938972209494 0.3597075970490401 
0.23234746676934748 0.5369498985544265 
0.4067967720685833 0.6545672493585895 
0.4190115805815654 0.3802945898949287 
0.5971923734191795 0.37460759450283837 
0.21360831454607648 0.9470068924698898 
0.7148893997898825 0.5101995845793555 
0.06898733071981494 0.3410069470351522 
0.32645023951046326 0.2911917269959308 
0.6475683205167769 0.9161588387556391 
0.30697337950135795 0.11183910642957162 
0.12179187850184842 0.7315482646467183 
0.9503286928649789 0.6114178306920313 
0.8068137644612723 0.7519829052862659 
0.8150481112118959 0.2566017757868924 
0.7395061607944802 0.5593848496149477 
0.5352721863575164 0.16878677025423133 
0.3240802605609291 0.6034651801330583 
0.04639599094502128 0.9008638742425521 
0.9604892469772535 0.41633191638477474 
0.7789314896802602 0.8941238222296974 
0.8607508194942476 0.5704254412339635 
0.7381542595812721 0.7497746174061004 
0.5639356729597186 0.08593807301717477 
0.24493954590637285 0.5121469504343745 
0.8052979625209733 0.1057763556991978 
0.0790514363952618 0.6928166498259694 
0.8139277114675343 0.02490244441374556 
0.6426117235467461 0.11785306800851969 
0.7892145271966038 0.6451118788190454 
0.25652425207061447 0.5720633453314559 
0.16226327250401995 0.6133280509610296 
0.005679912329320358 0.5658185829322095 
0.30507799442811534 0.3825868224856408 
0.7734511720175686 0.5449005142452098 
0.7461126437917212 0.9207684385424537 
0.37474783774275705 0.9518733392640029 
0.31031804576382443 0.7617817566262852 
0.9592884363587171 0.04798624589681744 
0.10170035762872343 0.15728317036238337 
0.273599167115465 0.989906485826818 
0.1230555700327195 0.654682069349981 
0.6843254445242661 0.7218208489310083 
0.732610822777144 0.01099866484971701 
0.03904041397666319 0.6947985161668851 
0.5786502809917244 0.4976066015256587 
0.8012271537962536 0.36475216232361907 
0.10525817884735433 0.6353121194831606 
0.24784349569444386 0.8822977681460553 
0.5934126729816305 0.27196360170536255 
0.3180170933401768 0.5434810350623701 
0.38424344128436333 0.6875600375502535 
0.4668879692780496 0.778621411831635 
0.2118901896186715 0.901663109008749 
0.765747595680852 0.5933785684622168 
0.06349108234309359 0.8420929039463392 
0.8543393629418471 0.5439170913075015 
0.9722225055933071 0.5883081443828977 
0.5489364323882452 0.18799533145088348 
0.4910969882232958 0.4894574192433158 
0.8377693657420036 0.786125459913583 
0.06782896694872792 0.26642037576689914 
0.45354277010236554 0.3932471160117601 
0.9461523181180727 0.6408610365035515 
0.5781617528353695 0.5775328536075857 
0.38339688188532584 0.9023105764179719 
0.060565708503848126 0.5856116208023475 
0.5033834456455056 0.07480361575335542 
0.5739007514289287 0.9327285157927478 
0.7479876798935187 0.09667329069756281 
0.1662274427565396 0.4522641497429234 
0.9345573936547034 0.20189337312115163 
0.9159964122270965 0.09844575987044124 
0.3564049818245018 0.6412655429312272 
0.5949496882083096 0.305297461691694 
0.19963122011710022 0.3967533377409961 
0.12021217811632096 0.8468137412227043 
0.3499621782294778 0.182705947661283 
0.011007870410647436 0.8703377128568566 
0.40202781655158537 0.9176106936030303 
0.9815380641086482 0.798531813922571 
0.739232405248283 0.7908586719888103 
0.8178504355954466 0.21514081223248038 
0.020031948417225054 0.4022868709758702 
0.638398760693404 0.2043610796823952 
0.6255943528557466 0.9317227681711513 
0.6226423874596873 0.1760536829295803 
0.9286086932630234 0.37660906571595215 
0.6255130407759203 0.04253058842539659 
0.7853689768555905 0.47484974635721994 
0.642453628562207 0.24780333153941475 
0.6974762748725346 0.6347884011186258 
0.40984512163140746 0.5995525882369321 
0.1836488865740285 0.5265464965273562 
0.8378323000805973 0.3464675554741704 
0.007427792101914965 0.6281059422198568 
0.5617786415249938 0.7437998785357198 
0.39770308397901233 0.013656819029335132 
0.2380352851799385 0.14990368281054273 
0.15202444977871205 0.7180581403831378 
0.2651630209225564 0.4285899063520707 
0.21455876064637242 0.0047984205680408065 
0.6735997119753117 0.07558949106639318 
0.4837240650543255 0.6466245612140059 
0.616520351283673 0.6690547342256713 
0.44127116580062653 0.8137925559962914 
0.8870371894659885 0.13147591842015977 
0.8352742013426205 0.8095702661229451 
0.5407227274868486 0.9671789903222408 
0.892822414397429 0.5423984531892154 
0.5722997618155756 0.6159009678989908 
0.2266906461479899 0.2788730154614567 
0.36316551509646433 0.7252197570025676 
0.12781454026715866 0.6225382363623194 
0.9020253864516408 0.8989357642695182 
0.43091330214739243 0.11537325482195487 
0.9926303994658592 0.3069837220522342 
0.31855667241117647 0.24853483385773556 
0.5514435227291244 0.3959690258215979 
0.5277831245878982 0.7441354491404002 
0.2357593960054125 0.48535822829662545 
0.5715441299997148 0.8006200251352886 
0.6228144630363657 0.27437404617864125 
0.04690417484350867 0.8601703005445924 
0.2740142088885891 0.06951225544719808 
0.33927637051763737 0.0706274124671481 
0.8198205048456026 0.9753566493406736 
0.3231161483063422 0.9140301747725705 
0.7978026088688777 0.30056793069228116 
0.9176144342853256 0.5647143928692995 
0.9933713198514966 0.9604721386706853 
0.05988035055817764 0.29726215937207784 
0.7135341799682486 0.940701942881257 
0.3871188568583814 0.20161832339685587 
0.632594658100504 0.06876091058465816 
0.9016707871369285 0.8463410715416462 
0.47392031482524544 0.02342089856301388 
0.8526704052875096 0.9461018025278349 
0.25779883166139883 0.04080983944932659 
0.6480774120526429 0.18754911437974736 
0.6108029489661735 0.9942579707163475 
0.43417484992167066 0.25285533604790833 
0.3779088185511016 0.7565112314391551 
0.4873814307263936 0.45095011298185583 
0.29591195968169914 0.15715056002413758 
0.9206206878238186 0.48458836634808083 
0.22153858975133572 0.40395142050988764 
0.27105693434738876 0.9455509473072886 
0.3904308634746906 0.09605198790386232 
0.5173727303498736 0.5219744293035431 
0.3252567114367456 0.6963299912645824 
0.7571361727022714 0.6306361755967379 
0.677716868117851 0.49924669237299685 
0.2649423658991451 0.7299957116050805 
0.7411726729532666 0.4515536148294977 
0.027295280548165712 0.12629842035930172 
0.0038211669213377153 0.027297675410843547 
0.6320750573951133 0.858039026214158 
0.959163207952809 0.5619079935099854 
0.41428428993190713 0.40109825308495295 
0.33809890715440927 0.988605509932338 
0.3551622698185456 0.23741482938807124 
0.28877734875758576 0.012788721587561891 
0.7950333436445973 0.013814740292105665 
0.3797875925121421 0.3453030981124545 
0.1556953597202541 0.2708420269928864 
0.14928314842466928 0.5576915159588411 
0.6329233469610014 0.01010101853340667 
0.9940855523413942 0.33685632552030254 
0.3447645136221661 0.7761879564701495 
0.515709736522655 0.2938905340993373 
0.9573479446722187 0.09171165559363315 
0.5872998426776014 0.060176222196622775 
0.4958116412842059 0.26950180318222144 
0.785201572989807 0.6119659634747098 
0.8165930667047703 0.5670933587543951 
0.4732683593914815 0.0038067199225488846 
0.7912288179182027 0.21987691881923277 
0.7914822746208747 0.27774009635296604 
0.6348978064913767 0.35181611931514245 
0.15360399134403435 0.25013198184075747 
0.6741709125841968 0.80979086943861 
0.4578436697623855 0.4600676383416966 
0.6131520044160795 0.8588631385843175 
0.6881603953538579 0.7859312017940525 
0.3593992187718761 0.9952840680904711 
0.744829659487783 0.8316530072284771 
0.007595965194735765 0.9770860223167462 
0.5991300940324313 0.4497453667305406 
0.8812404507891183 0.5932356555862687 
0.7595031963669326 0.8028049651263451 
0.20746356516970293 0.6020636770949381 
0.24209812671828673 0.5943640593705717 
0.21731640506566696 0.579003984905393 
0.8031984641429456 0.5196220236530987 
0.27428494648357643 0.7852080397530008 
0.588627128468917 0.8898566251935147 
0.8851483508938649 0.9381205264224952 
0.0831294176869784 0.03002059860418077 
0.15877509753968477 0.07786429273955509 
0.09883681171390163 0.09106097370027738 
0.220492923309623 0.21339706947225673 
0.11659830119341091 0.14034076001407092 
0.9898534918549932 0.13805655364467412 
0.6011078074518401 0.841838213433871 
0.39434865891870574 0.45476924815587205 
0.5292426090039097 0.032994965526744635 
0.8913966685559982 0.6290339463216609 
0.5962932883944565 0.7065327985432084 
0.6657532440861024 0.9745885697086345 
0.22927687176408407 0.01231335838966352 
0.9360635931480887 0.4619619612079128 
0.16437131794580612 0.6756057076180362 
0.5199524792088196 0.899365262991495 
0.3552170764146316 0.4979633060862013 
0.7169279909621191 0.9815451628830985 
0.7290431130697752 0.375295377334837 
0.5101028859781473 0.3916371351454016 
0.8092810164529145 0.08840184607207868 
0.32607502463991467 0.668997169824195 
0.029461012659131314 0.3249365796738093 
0.7161752179479224 0.27502354514341765 
0.1644279799084875 0.5148703171224269 
0.023555104331501042 0.18162768508271587 
0.3938294909287525 0.24112598071130031 
0.7711462901459525 0.14662751896677978 
0.5745113187888355 0.2100365793592604 
0.9893658138979962 0.07143118457774567 
0.04267251314213644 0.7512648810147657 
0.008769085240881713 0.5148199928652909 
0.17661711210915365 0.10349520515832006 
0.31993778948866863 0.8181444656217742 
0.07994103185996926 0.9058341191782846 
0.8349804650939836 0.6122217142208697 
0.320443552625565 0.03894204090122899 
0.42292832455486223 0.9655571039777489 
0.7107331474466657 0.7628044427169844 
0.6686373999696581 0.19518640721227315 
0.12865387412967977 0.19379947378289514 
0.4633288722812753 0.4191720707224516 
0.30231677117555755 0.18432345782120252 
0.25855122200796565 0.9112704760304752 
0.9180340253631363 0.08208153600942791 
0.2165517560530581 0.986444000994077 
0.9324203864591954 0.8010214332697362 
0.36982126548657157 0.06257395435238561 
0.17187264785895678 0.7126886147721996 
0.5510247168839573 0.028785774484589244 
0.2879609039597727 0.8184177840927447 
0.5922880048718511 0.5453160041636177 
0.9883192284982592 0.732608648738918 
0.6422713718713313 0.7889583397088178 
0.2210706860343455 0.519748105815377 
0.05226484097510331 0.3524888037283224 
0.7042869256315025 0.6001111030457298 
0.7145311782161035 0.45928028301677776 
0.7269955575105864 0.4245184302035298 
0.17283783259128532 0.3188575052854665 
0.7749586762891063 0.024770287658011425 
0.6949643353564097 0.9684297653375862 
0.8202038314376054 0.6816214257747639 
0.3860917243943378 0.7790833239449695 
0.8873858174095053 0.27173113088287054 
0.16495948914294306 0.005473944436219236 
0.7947470724084393 0.8171230813742714 
0.02125713544200375 0.5820719074549038 
0.9071648752841668 0.39015464876096806 
0.9229079530597755 0.29231730571456804 
0.02909287651044723 0.47880660505654665 
0.25768126165983907 0.2456474849430031 
0.009699414247002325 0.09210785759408513 
0.7138741476011984 0.08112684136832782 
0.10080587104927086 0.7108143726139468 
0.8734475853608754 0.9548720492715184 
0.9878915662372194 0.4073563343292085 
0.962343066967498 0.7325375704550577 
0.29170718822327973 0.6113097007237664 
0.3280515226394787 0.32685019716545627 
0.2411753166407316 0.07481308174178614 
0.3278646357724566 0.9515197051518343 
0.6989734933335249 0.5676128943875971 
0.763192603476586 0.9664020358060869 
0.4384056983220431 0.5682318991838239 
0.3713683710654603 0.3743747844542803 
0.07717848119429793 0.10926591712048106 
0.12679059182449265 0.35104696646685685 
0.32368012127496126 0.13762714545030114 
0.39246479013894986 0.13117983314728532 
0.671535905767166 0.6166249994498676 
0.5399168015782759 0.8131492269302767 
0.19754886091486085 0.3190494402290388 
0.007816227402910658 0.7501867968312759 
0.47479894948929063 0.3234620421136427 
0.522046408247389 0.596766409040177 
0.6596541224164735 0.7718159802741911 
0.2878076740833124 0.21331444736669003 
0.3605136316599795 0.023872172875828213 
0.4796170449720846 0.25929962547111335 
0.034369786574915406 0.7309942530555698 
0.8070062520013102 0.4683746988759901 
0.5621018164295294 0.49712949311761506 
0.6125422971600692 0.6260489665922403 
0.5086485989139031 0.8631127367586151 
0.5399825664263066 0.5604348575868164 
0.9771974034999205 0.5421137079687337 
0.2922278970874135 0.3463771080304863 
0.9635682204103905 0.31231465886472265 
0.5630741781576973 0.12451248387381186 
0.5739447293366235 0.9117680842373219 
0.2798540073574257 0.5909115199906394 
0.34825785188803127 0.31461295167711845 
0.11668297806031769 0.807108922146586 
0.3556838853859253 0.9545708971899556 
0.25050630968471577 0.7756850253501195 
0.4436126819230596 0.9614625724417298 
0.8207889475045996 0.623187661041193 
0.27402594275423675 0.7095260250735445 
0.1173822363867838 0.8800487527945183 
0.45601963721614286 0.7294527952352976 
0.6797921601376342 0.15294936184223973 
0.3970043370431823 0.9674241784558928 
0.10861505634961299 0.9537206052149476 
0.43780171677245444 0.8870240752891764 
0.4140269794829475 0.353132590933947 
0.9478400716645894 0.7592570223093323 
0.5658935172042365 0.4328310340772604 
0.2741190425869068 0.4830024788383631 
0.2544718458511829 0.8177129795353316 
0.21339016991058968 0.17079081739838503 
0.777837712991569 0.7684071898327229 
0.5195937760716767 0.4101563718520106 
0.7752189133648428 0.2661109587003029 
0.8605846200100753 0.7433884797295692 
0.719178588086165 0.12504089256650336 
0.20294447054047443 0.46433159817082725 
0.9704811658100712 0.5218741759073422 
0.6503339859171079 0.8586311510349942 
0.7008278998904945 0.9051073965207267 
0.8880909568360953 0.7718563243774298 
0.7502409135043046 0.3030355145357941 
0.18097469241694397 0.7872837311354446 
0.5291490049217564 0.2527392479255709 
0.6765298287006585 0.24454396109609217 
0.7821002784146864 0.10370423651051208 
0.9883055559868061 0.26312856439578247 
0.28029542599453827 0.7551857408210259 
0.11125408683417726 0.17940049446510975 
0.1889806148306133 0.7558861666305962 
0.08954591042755994 0.6529706208549066 
0.09712956895570313 0.8807334945076116 
0.77417494690681 0.3506163814333926 
0.05763788480525467 0.3925089006617722 
0.6432308848374952 0.6614597065552044 
0.18828692138712388 0.349892676064548 
0.387529761459372 0.30261643421693024 
0.5248007371597803 0.321458475905664 
0.5056787919924058 0.6222477880033517 
0.7462797790868917 0.18828217692953675 
0.7487684364267606 0.13256762922254323 
0.10940428147494946 0.32013526086177524 
0.9162733933441596 0.8685707749127753 
0.31653334770380315 0.47543458598265337 
0.4498313605337013 0.8365263101167899 
0.9170173126810639 0.42297721987006076 
0.9427421941505746 0.1595716666660844 
0.6105706843683207 0.14332643066270928 
0.4912144125282668 0.7045883975602455 
0.4023489275472749 0.7991699628717079 
0.9222537438468834 0.6004984000375503 
0.9215199152241884 0.05165802210189424 
0.7831699244650446 0.5155779906263555 
0.1522505071895069 0.5994142649757653 
0.5031748528517546 0.4721333395723141 
0.920668156362311 0.9212679257430176 
0.056088666796040354 0.5670158397286094 
0.23989220229660896 0.9333213772235573 
0.969818247398883 0.7548674110951756 
0.22494777602550886 0.5583779793596386 
0.8821529048418972 0.8822786836115852 
0.47228134413943473 0.07237570451598363 
0.2189366716396139 0.7180787569883404 
0.8816728896163358 0.08226396955736909 
0.24510133090099484 0.30986137194701374 
0.2522891194590625 0.18573284390981398 
0.57876905795989 0.7673312418392098 
0.522830065340913 0.4518117490652962 
0.5969968779986755 0.9036432384354802 
0.45023488492268227 0.2233215323590057 
0.7659532730227905 0.504731586605406 
0.013487433112665759 0.8026654678912519 
0.14189425482506285 0.9923730038109788 
0.9398730747807866 0.7825506434259916 
0.5793337063838407 0.8721866475478889 
0.6814854697651735 0.7409460868093973 
0.07046230076355309 0.06286797521549092 
0.7135115011814649 0.2089179186357873 
0.9352100032653776 0.4121164043581044 
0.26392380071470445 0.11669249825729444 
0.03995540541288706 0.6712759970805917 
0.162945490691219 0.1232899945564856 
0.9197411789983091 0.8183572743069578 
0.09643286567479137 0.023382631035540113 
0.04849181229441146 0.5315069585571643 
0.7291263782067025 0.044917794711137826 
0.2818076092735907 0.4069529496466646 
0.3514080676223535 0.28631409609736547 
0.7525558841225355 0.07929727065194891 
0.4255750258767841 0.21119870837882854 
0.22769877122699866 0.6545179906162985 
0.8785711695431067 0.5648075506456299 
0.5069551692452189 0.14650073328993862 
0.4215754777546797 0.76182922274407 
0.22942460486334737 0.43022174165278304 
0.21882803912491777 0.31094945340153557 
0.8084374068356571 0.5491288189293662 
0.008921833756639241 0.24177746967832037 
0.002564224996270126 0.14427187738813657 
0.06528960210626378 0.8820024398004089 
0.05597274062154278 0.05593711992920719 
0.7119928765031611 0.051999518835642966 
0.4559954485935035 0.6417193779920216 
0.06678468689854283 0.36961277658873326 
0.8004825913256907 0.8925365434743846 
0.5423370007838895 0.3666702019464986 
0.25804350888712974 0.3759289130564808 
0.588464336991168 0.7259120541067235 
0.09169068215065457 0.4753511933157464 
0.39593023975576713 0.42639789364030667 
0.09204226214480105 0.5693778659018249 
0.6886720292210949 0.09814982754070906 
0.007331832780738012 0.4477568232730261 
0.1871822899917736 0.19095924056220076 
0.7120460376106286 0.6869666718304672 
0.14831800114539523 0.02242748316792853 
0.08628114801610559 0.9523360422858731 
0.8539534323164215 0.673643661031605 
0.15068401823040362 0.7597634673137311 
0.855167761155365 0.12081954438806047 
0.5691999503823085 0.4725383437979042 
0.43717366182481576 0.7974068087590829 
0.34353851553896 0.1062840605350141 
0.8518597928597275 0.03762637986830192 
0.951892348956765 0.5103811413884028 
0.20928681879454925 0.7728289701433937 
0.5832404154992832 0.6559022830043799 
0.37099032726380465 0.14639263865168284 
0.40508344543553887 0.3160034593888935 
0.26573903481023975 0.8843042123016285 
0.30082875992366737 0.7154908191780254 
0.3737926158258157 0.17870273505825846 
0.9781992001980644 0.38427008442109034 
0.6110822791257312 0.8022274369228946 
0.7016357188811928 0.43368368701089066 
0.7440942583373739 0.34693152410394956 
0.8742683088257371 0.6139300223920122 
0.561503473821259 0.87306737845761 
0.8046697057972916 0.6569278112781863 
0.383084525923511 0.6481866409778669 
0.4411435894066296 0.08291278449101996 
0.5767873964015698 0.9877764651866293 
0.4935527725676229 0.11812589558271408 
0.34762282870159356 0.9363977053623713 
0.9887810330638882 0.0420997244071602 
0.026469596044361554 0.7756179729716868 
0.5965030735522777 0.03576423089836833 
0.2888460036621364 0.3295503012205854 
0.5319534682238094 0.685729208764661 
0.8037482977195702 0.5853842991110944 
0.11731208425384315 0.5743921435266375 
0.6660172551225133 0.4597001469485351 
0.5288753706893541 0.11938217895426545 
0.5675735272965674 0.726823261062423 
0.6438845264236142 0.7365853245780647 
0.36194552021185156 0.21499054337549056 
0.9847419852660082 0.6717774779671817 
0.2595592490162869 0.7997496366888186 
0.2593616737843335 0.1615433226132995 
0.1159938088781784 0.03240420124761639 
0.7941123901178011 0.46038203727841875 
0.4878498866605825 0.1608902359855347 
0.8964706558061812 0.17270958645988893 
0.851057595661326 0.3221073952849388 
0.21868535350314927 0.37059329708174127 
0.9748900396173702 0.6102704452466531 
0.8657747744916888 0.1457407088345687 
0.5812989509089855 0.39755254162219406 
0.7691521096418166 0.5735055921661815 
0.1551592619458499 0.22719506589908683 
0.3904543382231784 0.041853497446316335 
0.2367064833222708 0.3660579608861121 
0.698062878142947 0.3744872556477315 
0.5730584653812086 0.8282650290707445 
0.08257467410941255 0.12905143088870435 
0.8016701807628379 0.8538455984094133 
0.09225917923698207 0.27121544808845877 
0.12621470463415319 0.31587991056599074 
0.794837241393906 0.152008565575859 
0.146101174399557 0.16442327685829067 
0.020339333008094818 0.9688905166715516 
0.5310647813326079 0.5245253419120639 
0.010151285270997512 0.3635851871028696 
0.7638828141689786 0.6740955924874816 
0.031205608113939465 0.6026062788315633 
0.33594575552752964 0.2665811951295469 
0.740978036666676 0.9961269116603992 
0.6779014178257247 0.5517672019932959 
0.7766602361789554 0.059996145327234296 
0.505070956111728 0.5403526761690924 
0.5770540927780623 0.3676573703144282 
0.19191773788342037 0.9231664002703589 
0.6185861578349786 0.602031144883046 
0.40335645807749115 0.6910530748598598 
0.8732315218497331 0.2623927104968066 
0.14428055003431356 0.7989650719398935 
0.3177270176656066 0.9919306136113788 
0.5961235909185348 0.25176113737818384 
0.09463178276378531 0.8382773941100933 
0.5560093767676775 0.3027948907321854 
0.25149811610170436 0.4908943686288223 
0.6125296564850045 0.22911917470453202 
0.9318646726245883 0.6906672719506539 
0.6887164593481314 0.47473942106296674 
0.8553133721567853 0.35157606729998503 
0.6710605220351162 0.3512397038262823 
0.6243408209961976 0.7449607793118291 
0.3002239771721207 0.2923237604716375 
0.4069166317347349 0.19895243839934074 
0.43659501721999355 0.32012563171530495 
0.8881319365643026 0.20814994803994463 
0.4586475970413363 0.12183621270834138 
0.5050271714387412 0.9545220088558548 
0.352502635692625 0.6723158569738646 
0.30362228783233336 0.5249734833028367 
0.8609704197420044 0.9212568818204713 
0.24084159017406076 0.7884871913657174 
0.1374799747928463 0.4124175471876323 
0.1913203717852599 0.699502336607634 
0.7519548484996683 0.8796055548671143 
0.4991158385309305 0.7566989966866384 
0.7971079521572446 0.48529649156115523 
0.6944677684046788 0.9329776315301258 
0.9649372552263773 0.19365032962279116 
0.9211803905791279 0.21789379807838216 
0.5232568646186428 0.9816425236063817 
0.8924742217651904 0.6910494171701207 
0.8653943018414236 0.503617013671353 
0.7572799616997545 0.7129317951862748 
0.11443824703850913 0.5394937078789274 
0.7694545164329984 0.839697345618221 
0.9417921521433881 0.971049975307756 
0.7843454897817852 0.23612661750500824 
0.3815033675314769 0.7348346876826615 
0.6773376534688611 0.9915798227791632 
0.5418321044847112 0.8407912134464062 
0.17343740037397815 0.0512147456328666 
0.8260881520451258 0.460954648668345 
0.7462054623076027 0.614085575295646 
0.7212849742250751 0.8352969097758128 
0.37100786907831773 0.599611671074267 
0.5798942280731061 0.8551920273098328 
0.8891342378912515 0.4218588348163091 
0.4472879713335133 0.17437806584657095 
0.9362504073040192 0.13257453673219216 
0.22471630431876233 0.8502297310583433 
0.8155609014907172 0.7188071193622159 
0.052793912781065155 0.24973045645967185 
0.673366761532972 0.10643375354380441 
0.8015634408489585 0.16935302403866864 
0.047847771590139476 0.9450532729833273 
0.9528467879159868 0.06993749224919621 
0.03390687024847855 0.2724452124771325 
0.5071350758255346 0.5662855905956435 
0.09360386853361491 0.2028592378474957 
0.5223817256717725 0.7055635448846533 
0.8860260310646002 0.11208384700034735 
0.35434823797794146 0.5237587327642849 
0.8723583870435966 0.3639884047846176 
0.9042667946331738 0.00912567340724707 
0.0455678432591512 0.4077250663042335 
0.38996776413233336 0.605235193951212 
0.8754848669851978 0.9710727985420551 
0.29457861772341365 0.8607494749695583 
0.488752779136869 0.6053559073909294 
0.2509142778727387 0.4559055755531076 
0.10907836329127618 0.7522115147649749 
0.3207585770419973 0.8715648047585827 
0.6253286821156994 0.305648105277917 
0.6679105633317699 0.9532246806704081 
0.21290928115118946 0.1901601774620808 
0.8301739511483001 0.41712006936586554 
0.8129766554152604 0.1245985413407385 
0.2415774478225597 0.7172293943083823 
0.6240888420566572 0.7184011739280677 
0.9501756633179865 0.709489091088501 
0.7363209196369845 0.2326318023455649 
0.8208406006616278 0.8387843991182815 
0.29126063856968054 0.9380582815565099 
0.8149644713469543 0.6425529459880276 
0.5056409375121299 0.9690673519011141 
0.6823456826170741 0.22467948222084794 
0.6442090507347693 0.43091377652840734 
0.8497746681343215 0.7872898374965128 
0.4049521438210364 0.26412503145516497 
0.44138741054313985 0.5452083067423725 
0.05299698246158069 0.4732206212855584 
0.08066461487735105 0.5265942589966396 
0.9763007338350589 0.23590737945209128 
0.04932294944209559 0.8164077327474641 
0.3566065474781831 0.39561312559594286 
0.7594028269885682 0.46534642432712253 
0.05274638618330535 0.7367174667464325 
0.9786651345183222 0.8609782265616239 
0.9089996379619214 0.5256776313212241 
0.42567899358711025 0.9177286110467686 
0.29644441797669263 0.44273764019842066 
0.9545719013635363 0.28777795772885073 
0.9382952539058826 0.8803833404042652 
0.10263248913069067 0.9902678196534562 
0.8397397999075681 0.3788487414736247 
0.5197495847938498 0.8011231812236776 
0.06682184960717819 0.4257286958553179 
0.5960455995689135 0.2886101416533059 
0.9203894007174676 0.6487462257342819 
0.48859418229133933 0.6676882559936461 
0.5170812674380804 0.31080755785184006 
0.16677829410840544 0.6503637618755327 
