-0.013857883473339676 0.4909219767969405 0.4367052924852083 0.8 0.5 0.25 0.95 0.5 0.65 0.3 0.45 0.95 0.75 0.85 0.95 1.0 0.15 0.55 0.3 0.1 0.3 0.15 0.55 0.0 0.3 0.1 1.0 0.8 0.4 0.4 1.0 0.45 0.25 0.05 0.0 0.05 0.6 0.95 0.5 
-8.950789610096689e-05 0.5121048309274543 0.5001824611194333 0.55 0.5 0.95 0.2 0.95 0.85 0.45 0.7 0.9 0.4 0.35 0.6 0.75 0.0 0.7 0.25 0.55 0.7 0.85 0.85 0.1 0.1 0.05 0.2 0.9 0.8 0.05 0.75 0.65 0.8 0.2 0.7 0.6 0.1 0.8 0.75 
-0.0038159315466051572 0.5357987940388261 0.45085975997912653 1.0 0.55 0.3 0.2 0.8 0.1 0.1 1.0 0.95 0.2 0.3 1.0 0.9 0.9 0.85 0.45 0.15 0.25 0.0 0.3 0.9 0.2 0.4 0.65 0.4 1.0 0.1 0.35 0.45 0.8 0.15 0.3 0.15 0.85 0.8 0.8 
-0.001988478962739573 0.480640126219975 0.4993128917028292 0.2 0.4 0.45 0.3 0.55 0.4 0.35 0.1 0.2 0.05 0.4 0.15 0.6 0.25 0.3 0.7 0.45 0.25 0.65 0.65 0.0 0.25 0.4 0.85 0.45 0.1 0.7 0.3 0.0 0.95 0.3 0.6 0.25 0.75 0.65 0.9 
-0.00814284143990604 0.5146429808654737 0.47824851480475467 1.0 0.55 0.6 0.2 1.0 0.7 0.25 1.0 0.8 0.2 0.3 1.0 0.9 0.35 0.3 0.6 0.15 0.25 0.7 0.7 0.9 0.2 0.15 0.65 0.4 0.55 0.65 0.35 0.45 0.9 0.8 0.5 0.35 0.85 0.8 0.85 
-0.0045097283319920954 0.53824433034636 0.5661939853570063 0.0 0.75 1.0 0.75 0.9 0.35 0.95 0.85 0.3 0.8 0.55 0.25 0.65 0.9 0.35 0.4 0.75 0.1 0.2 0.65 0.1 0.45 0.75 0.75 0.95 0.65 0.45 0.2 0.1 0.3 0.35 0.85 0.2 0.25 0.95 0.95 
-0.0017433932424703428 0.5058615385596409 0.5102790075900804 1.0 0.2 0.55 0.45 0.4 0.85 0.15 0.95 0.8 0.2 0.3 1.0 0.3 0.1 0.9 0.6 0.5 0.0 0.7 0.65 0.3 0.2 0.15 0.45 0.95 0.45 0.75 0.05 0.65 0.7 0.8 0.35 0.9 0.85 0.8 0.3 
-0.014673090191900957 0.46641744585834877 0.514958815666786 0.25 0.05 0.7 0.95 0.1 0.55 0.7 0.2 0.0 0.5 0.6 0.45 0.1 0.95 0.5 0.1 0.9 0.95 0.8 0.2 0.7 0.65 1.0 0.4 0.6 0.1 0.8 0.85 0.75 0.45 0.85 0.2 0.85 0.35 0.4 0.95 
-0.0029615202517426524 0.5414382869362249 0.47924959959446517 1.0 0.4 0.7 0.65 0.2 0.2 0.35 1.0 0.95 0.55 0.2 0.45 0.25 0.9 0.65 1.0 0.6 0.55 0.35 0.5 0.0 0.3 0.1 0.7 0.05 0.45 0.1 0.95 0.7 0.35 1.0 0.45 0.35 0.2 0.75 0.45 
-0.0031075212145786437 0.569354989401511 0.5321922097273916 0.85 0.05 0.2 0.65 0.45 0.35 0.4 0.1 0.5 0.4 0.05 0.3 0.9 0.5 0.55 0.2 0.2 0.4 0.85 0.1 0.4 0.1 0.45 0.0 1.0 0.3 0.95 0.7 0.45 0.65 0.85 0.8 0.55 0.3 1.0 0.35 
-0.00032900763166955274 0.5237965898321516 0.5159305274094581 0.4 0.9 0.05 0.45 0.0 0.45 0.55 0.4 0.25 0.45 0.8 0.75 0.05 0.8 0.15 0.65 0.2 0.0 1.0 0.5 0.9 0.4 0.4 0.55 0.95 0.7 0.4 0.75 0.3 0.5 0.65 0.3 0.1 0.55 0.45 0.5 
-0.012299519176948923 0.46850390571491096 0.5156169678574123 0.25 0.05 0.7 0.95 0.1 0.55 0.7 0.2 0.0 0.5 0.6 0.45 0.1 0.95 0.5 0.1 0.9 0.95 0.8 0.2 0.7 0.65 1.0 0.4 0.6 0.1 0.8 0.85 0.75 0.45 0.55 0.2 0.85 0.35 0.4 0.95 
-0.0230162948110194 0.5556754084791972 0.49182658701813664 0.9 0.55 0.4 0.35 0.3 0.35 0.2 0.45 0.8 0.2 0.05 1.0 0.75 0.45 0.7 0.7 0.55 0.95 0.3 0.15 0.3 0.1 0.5 0.45 0.95 0.3 0.7 0.3 0.65 0.4 0.8 0.3 0.9 0.85 0.8 0.35 
-0.009266663734140219 0.5290508690933462 0.47469435945542604 0.9 0.55 0.6 0.55 0.35 0.7 0.25 1.0 0.2 0.6 0.3 1.0 0.7 0.35 0.7 0.75 0.55 0.9 0.0 0.9 0.9 0.55 0.45 0.25 0.95 0.4 0.8 0.25 0.55 0.2 0.8 0.3 0.9 0.85 0.8 0.1 
-0.020943660262956843 0.512955852473233 0.458898050213014 1.0 0.55 0.55 0.2 0.25 0.7 0.25 1.0 0.8 0.2 0.3 1.0 0.9 0.35 0.85 0.6 0.15 0.25 0.0 0.9 0.75 0.2 0.15 0.65 0.4 0.55 0.7 0.35 0.45 0.9 0.8 0.6 0.35 0.85 0.8 0.85 
-0.0005133785731936182 0.46921153418127265 0.468184010048407 0.5 0.3 0.3 0.5 0.85 0.65 0.9 0.2 0.95 0.65 0.85 0.95 0.8 0.15 0.35 0.1 0.1 0.3 0.7 0.15 0.3 0.3 0.65 1.0 0.8 0.55 0.05 1.0 0.8 0.9 0.05 0.8 0.8 0.6 0.95 0.9 
-0.0075452558930680595 0.40913441368279196 0.49663712564403995 0.45 0.3 0.35 0.15 0.15 0.4 0.6 0.85 0.9 1.0 0.0 0.9 0.7 0.85 0.55 0.5 0.1 0.05 0.05 0.85 0.35 0.25 0.7 1.0 0.95 0.0 0.6 0.9 0.55 0.45 0.25 0.2 1.0 0.65 0.15 0.2 
-0.04096484436962819 0.5348490609190324 0.5454658532976739 0.4 0.9 0.05 0.45 0.0 0.45 0.55 0.4 0.25 0.3 0.8 0.75 0.05 0.8 0.15 0.65 0.2 0.0 0.7 0.5 0.9 0.4 0.4 0.55 0.95 0.7 0.4 0.75 0.3 0.5 0.55 0.3 0.6 0.55 0.45 0.5 
-0.009946957251690829 0.4572350575728489 0.4539558830968407 0.25 0.05 0.35 0.5 0.4 0.65 0.5 0.3 0.5 0.85 1.0 0.4 0.95 0.85 0.4 0.0 1.0 0.2 0.1 0.25 0.2 0.2 0.6 0.55 0.25 0.85 0.15 0.75 0.4 0.8 1.0 0.1 0.75 0.6 0.05 0.45 
-0.004825164589157401 0.41764272011101183 0.46702914729406114 0.3 0.05 0.35 1.0 0.4 0.65 0.55 0.3 0.85 0.85 1.0 0.4 0.9 0.85 0.55 0.25 1.0 0.5 0.1 0.1 0.15 0.2 0.6 0.55 0.4 0.85 0.15 0.2 0.2 0.8 1.0 0.25 0.75 0.95 0.9 0.7 
-0.0008331474786633734 0.5464234093257422 0.5153113236025152 0.8 0.5 0.25 0.95 0.5 0.65 0.3 0.45 0.95 0.75 0.85 0.95 1.0 0.65 0.55 0.3 0.1 0.3 0.15 0.55 0.0 0.3 0.1 1.0 0.8 0.4 0.4 1.0 0.45 0.25 0.05 0.0 0.05 0.6 0.95 0.5 
-0.00040279933134144545 0.4487266761101856 0.5156604640176323 0.6 0.55 0.6 0.2 0.8 0.7 0.25 1.0 0.95 0.2 0.3 1.0 0.9 0.9 0.85 1.0 0.8 0.25 0.0 0.9 0.9 0.2 0.4 0.65 0.4 0.35 0.35 0.35 0.45 0.1 0.15 0.3 0.15 0.9 0.8 0.5 
-0.0019556657744079714 0.4793488407142235 0.5180578353631404 0.35 1.0 0.5 1.0 0.0 0.45 0.15 0.7 0.7 0.4 0.1 0.65 1.0 0.4 0.7 0.7 0.55 1.0 0.6 1.0 0.8 0.2 0.25 0.55 1.0 0.7 0.75 1.0 0.3 0.45 0.25 0.3 0.45 0.9 0.85 0.5 
-0.00014262620325566105 0.5219187903322425 0.5320881998546997 0.85 0.65 0.2 0.9 0.45 0.35 0.4 0.15 0.2 0.4 0.05 0.5 0.5 0.7 0.25 0.2 0.15 0.0 0.9 0.1 0.0 0.05 0.15 0.15 0.95 0.8 0.6 0.7 0.45 0.65 1.0 0.65 0.55 0.65 0.6 0.5 
-0.015357799859943587 0.46072629691565586 0.4735894589163976 0.8 0.3 0.4 0.95 0.5 0.65 0.4 0.5 0.95 0.75 0.85 0.95 0.95 0.15 0.55 0.3 0.1 0.3 0.8 0.55 0.25 0.3 0.1 0.65 0.8 0.4 0.4 0.05 0.95 0.9 0.05 0.35 0.4 0.6 0.2 0.9 
-0.027662668060013492 0.4931484133821955 0.4510056497542221 0.8 0.5 0.25 0.95 0.5 0.65 0.3 0.45 0.95 0.75 0.85 0.95 1.0 0.15 0.55 0.3 0.1 0.3 0.15 0.55 0.0 0.3 0.1 1.0 0.8 0.4 0.4 1.0 0.45 0.25 0.2 0.0 0.05 0.6 0.95 0.5 
-0.02361041449752635 0.5124341107803948 0.5250108924371956 1.0 0.4 0.6 0.55 0.65 0.85 0.15 0.7 0.8 0.15 0.5 0.3 0.75 0.2 0.7 1.0 0.7 0.2 0.7 0.65 0.3 0.5 0.15 0.0 0.95 0.4 0.75 0.15 0.2 0.5 0.8 0.3 0.9 0.85 0.8 0.3 
-0.004609867295837188 0.5711547974671954 0.5020720480986434 0.9 0.55 0.4 0.35 0.3 0.35 0.2 0.45 0.8 0.2 0.3 1.0 0.75 0.45 0.7 0.7 0.55 0.95 0.3 0.15 0.3 0.1 0.15 0.45 0.95 0.4 0.7 0.3 0.65 0.4 0.8 0.3 0.9 0.85 0.8 0.35 
-0.006746503149769038 0.5721079550377978 0.46724233477950183 1.0 0.55 0.55 0.45 0.4 0.8 0.15 0.85 0.8 0.2 0.3 1.0 0.3 0.1 0.9 0.6 0.5 0.0 0.65 0.65 0.3 0.7 0.15 0.45 0.95 0.45 0.4 0.05 0.65 0.7 0.8 0.35 0.25 0.85 0.4 0.3 
-0.007606894415323516 0.4441550087791362 0.4987743162696109 0.95 0.05 0.35 0.5 0.4 0.65 0.5 0.3 0.5 0.55 0.15 0.4 0.1 0.85 0.4 0.0 1.0 0.2 0.1 0.25 0.2 0.2 0.6 0.55 0.95 0.85 0.15 0.75 0.4 0.8 1.0 0.25 0.75 0.6 0.05 0.35 
-0.01258865263345242 0.464493400858219 0.5534491787048008 0.2 0.6 0.65 1.0 1.0 0.8 0.95 0.45 0.2 0.75 0.25 0.0 0.05 0.6 0.15 0.85 0.55 0.05 0.6 0.55 0.0 0.05 0.9 0.75 0.75 0.05 0.4 0.4 1.0 0.4 0.8 0.8 0.8 0.7 0.5 0.8 
-0.004429070009145943 0.48150444860498326 0.44296869778741155 0.45 0.35 0.4 0.95 0.5 0.65 0.6 0.45 0.95 0.75 0.8 0.45 0.95 0.15 0.55 0.15 0.45 0.4 0.15 0.4 1.0 0.45 0.0 1.0 0.8 0.4 0.4 0.25 0.45 0.05 0.65 0.95 0.7 0.35 1.0 0.65 
-0.011448402251902096 0.4567503677558278 0.5411706897538333 0.2 0.6 0.65 1.0 1.0 0.8 0.95 0.45 0.2 0.75 0.25 0.55 0.05 0.05 1.0 0.85 0.55 0.05 0.6 0.55 0.0 0.05 0.9 0.25 0.65 0.05 0.4 0.4 1.0 0.05 0.8 0.8 0.8 0.8 0.5 0.55 
-0.004533259492479286 0.5529708353212437 0.4740558665582717 0.9 0.55 0.4 0.35 0.3 0.35 0.2 0.45 0.8 0.2 0.3 1.0 0.75 0.45 0.7 0.7 0.55 0.2 0.3 0.15 0.3 0.1 0.15 0.45 0.95 0.4 0.35 0.3 0.65 0.4 0.8 0.3 0.9 0.85 0.8 0.35 
-0.006152654609518802 0.4319488920018903 0.4835860252418143 0.45 0.3 0.15 0.45 0.45 0.8 0.6 0.8 0.5 1.0 0.35 0.9 0.7 0.75 0.55 0.35 0.2 0.05 0.05 0.95 0.85 0.25 0.7 0.25 0.95 0.0 0.7 0.05 0.55 0.45 0.8 0.95 0.85 0.65 0.1 0.4 
-0.004486948407756796 0.44292921890612275 0.4415806508823513 0.35 0.65 1.0 1.0 0.0 0.45 0.15 0.4 0.25 0.85 0.8 0.3 1.0 0.6 0.75 0.05 0.15 0.0 0.9 0.35 0.85 0.4 0.4 0.55 0.95 0.7 1.0 0.3 0.3 0.45 0.25 0.3 0.55 0.9 0.85 0.5 
-0.0073779124723681085 0.4449018091148997 0.4516217652248497 0.8 0.3 0.4 0.95 0.5 0.65 0.4 0.5 0.95 0.75 0.85 0.95 0.95 0.15 0.55 0.3 0.1 0.3 0.8 0.55 0.25 0.3 0.1 0.65 0.8 0.4 0.4 0.05 0.95 0.1 0.05 0.35 0.4 0.6 0.2 0.9 
-0.016993346408807484 0.4653615798004738 0.4113305520421272 0.45 0.35 0.4 0.95 0.5 0.65 0.6 0.45 0.95 0.75 0.8 0.45 0.95 0.15 0.55 0.15 0.45 0.3 0.15 0.55 1.0 0.45 0.1 1.0 0.8 0.4 0.4 1.0 0.45 0.05 0.65 0.55 0.7 0.35 1.0 0.65 
-0.0035921281000359274 0.5609620403686636 0.5531459430457891 0.0 0.55 0.6 0.45 0.9 0.65 0.3 0.95 0.65 0.2 0.3 0.5 0.3 0.2 0.9 0.6 0.5 0.9 0.9 0.65 0.3 0.9 0.15 0.45 0.95 0.45 0.75 0.05 0.65 0.95 0.95 0.35 0.9 1.0 0.8 0.3 
-0.005875267837116434 0.5863200125577487 0.47174575400477986 1.0 0.55 0.55 0.45 0.4 0.85 1.0 0.95 0.7 0.15 0.3 1.0 0.0 0.2 0.9 0.6 0.8 0.3 0.7 0.15 0.9 0.0 0.15 0.45 0.95 0.45 0.75 0.15 0.6 0.3 0.05 0.35 0.9 0.85 0.8 0.15 
-0.022509297917848864 0.5325314576519025 0.43802947310223955 1.0 0.55 0.6 0.2 0.8 0.7 0.25 1.0 0.8 0.2 0.3 1.0 0.9 0.35 0.85 0.6 0.15 0.25 0.0 0.7 0.9 0.2 0.15 0.65 0.4 0.55 0.65 0.35 0.45 0.9 0.8 0.5 0.35 0.85 0.8 0.85 
-0.001548843052807468 0.5938457033915334 0.5144120086410415 0.95 0.65 0.2 0.0 0.45 0.35 0.3 0.15 0.75 0.6 0.55 0.25 0.85 0.5 0.55 0.2 0.6 0.05 0.85 0.1 0.4 0.6 0.9 0.05 0.9 0.3 0.7 0.7 0.45 0.65 0.6 0.9 0.55 0.1 0.5 0.35 
-0.011026398140545998 0.4094254826876186 0.5443692080531383 1.0 0.3 0.4 0.95 0.5 0.65 0.7 0.5 0.95 0.75 0.45 0.95 0.3 0.15 0.55 0.3 0.1 0.4 0.8 0.55 0.95 0.3 0.1 0.65 0.8 0.4 0.5 1.0 0.95 0.1 0.05 0.35 0.4 0.6 0.2 0.9 
-0.0014328339051573387 0.5558439041340781 0.42334016908173877 1.0 0.55 0.6 0.2 0.8 0.7 0.25 1.0 0.8 0.2 0.3 1.0 0.9 0.35 0.85 0.6 0.15 0.25 0.0 0.9 0.9 0.2 0.15 0.65 0.4 0.55 0.65 0.35 0.45 0.9 0.8 0.3 0.35 0.85 0.8 0.85 
-0.004046992813732838 0.4714503795162076 0.43241251328376834 0.5 0.3 0.3 0.5 0.8 0.65 0.3 0.75 0.05 0.65 0.85 0.95 0.95 0.15 0.35 0.3 0.1 0.3 0.7 0.15 0.95 0.3 0.65 1.0 0.8 0.55 0.4 1.0 0.0 0.9 0.05 0.8 0.8 0.6 0.95 0.9 
-0.0018112185624492992 0.5988963993048779 0.5362105079081768 0.85 0.65 0.2 0.9 0.45 0.5 0.4 0.15 0.4 0.4 0.05 0.5 0.65 0.5 1.0 0.2 0.95 0.15 0.85 0.7 0.4 0.1 0.3 0.3 0.95 0.3 0.6 0.75 0.45 0.65 0.85 0.9 0.5 0.3 0.5 0.15 
-0.13711054438953638 0.5084876006113481 0.5545090815841845 0.4 0.9 0.0 1.0 0.0 0.45 0.55 0.4 0.25 0.45 0.8 0.05 0.15 0.8 0.2 0.65 0.2 0.0 1.0 0.5 0.9 0.4 0.4 0.55 0.95 0.7 0.4 0.75 0.3 0.5 0.65 0.3 0.6 0.55 0.45 0.5 
-0.005512690292349337 0.4230841225519916 0.5120686250791365 0.45 0.3 0.15 0.45 0.4 0.8 0.6 0.8 0.5 1.0 0.35 0.9 0.7 0.75 0.55 0.35 0.2 0.05 0.05 0.95 0.85 0.25 0.7 0.25 0.95 0.0 0.6 0.05 0.55 0.45 0.5 0.2 0.85 0.65 0.1 0.4 
-0.0008347391701724502 0.587896470131695 0.49118628673236214 1.0 0.55 0.55 0.45 0.4 0.85 1.0 0.95 0.7 0.15 0.3 1.0 0.0 0.2 0.9 0.6 0.8 0.85 0.7 0.15 0.9 0.0 0.15 0.45 0.95 0.45 0.75 0.15 0.6 0.3 0.05 0.35 0.9 0.85 0.8 0.15 
-0.007423275871581501 0.553040462412115 0.44416518596647625 1.0 0.4 0.7 0.65 0.2 0.2 0.35 1.0 0.95 0.55 0.2 0.45 0.25 0.9 0.65 1.0 0.6 0.55 0.35 0.5 0.0 0.3 0.1 0.7 0.05 0.45 0.1 0.55 0.7 0.15 1.0 0.45 0.35 0.2 0.75 0.45 
-0.00941426836610431 0.5065383133172683 0.4042936021514192 1.0 0.55 0.6 0.2 0.8 0.7 0.25 1.0 0.95 0.2 0.3 1.0 0.9 0.9 0.85 1.0 0.15 0.25 0.0 0.9 0.9 0.2 0.4 0.65 0.4 0.8 0.35 0.35 0.45 0.8 0.15 0.3 0.15 0.9 0.8 0.5 
-0.020329758745846645 0.5564830694166889 0.56877675118406 0.85 0.4 0.2 0.9 0.45 0.35 0.4 0.1 0.4 0.4 0.05 0.5 0.75 0.5 0.15 0.2 0.1 0.05 0.85 0.1 0.4 0.1 0.45 0.2 0.35 0.3 0.6 0.7 0.45 0.65 0.85 0.85 0.55 0.3 0.5 0.35 
-0.008990724552778658 0.55256988369405 0.44766918904877645 1.0 0.4 0.7 0.65 0.2 0.2 0.35 1.0 0.95 0.55 0.2 0.45 0.25 0.9 0.65 1.0 0.6 0.55 0.35 0.5 0.0 0.3 0.1 0.7 0.05 0.45 0.1 0.55 0.7 0.15 1.0 0.35 0.35 0.2 0.75 0.45 
-0.001878985692490203 0.5194772989748941 0.3947707758983479 1.0 0.55 0.3 0.2 0.8 0.7 0.25 1.0 0.95 0.2 0.3 1.0 0.9 0.9 0.85 0.45 0.15 0.25 0.0 0.3 0.9 0.2 0.4 0.65 0.4 1.0 0.65 0.35 0.45 0.8 0.15 0.3 0.15 0.85 0.8 0.8 
-0.008373873734237168 0.6208910555950647 0.47865365808452653 1.0 0.55 0.6 0.45 0.9 0.65 0.3 0.95 0.65 0.2 0.3 0.5 0.3 0.2 0.9 0.6 0.5 0.9 0.9 0.65 0.3 0.9 0.15 0.45 0.95 0.45 0.75 0.05 0.65 0.95 0.95 0.35 0.9 1.0 0.8 0.3 
-0.003917667714900277 0.39764826724966595 0.4872836437137703 0.3 0.05 0.35 1.0 0.4 0.65 0.55 0.3 0.85 0.85 1.0 0.4 0.9 0.85 0.55 0.25 1.0 0.5 0.1 0.1 0.15 0.2 0.6 0.55 0.4 0.1 0.15 0.2 0.2 0.8 1.0 0.25 0.75 0.95 0.9 0.7 
-0.021105300352070845 0.42236371289585595 0.5092322027583065 0.45 0.3 0.15 0.45 0.75 0.8 0.6 0.85 0.5 1.0 0.0 0.9 0.7 0.85 0.55 0.55 0.1 0.05 0.05 0.35 0.85 0.25 0.7 1.0 0.55 0.0 0.6 0.9 0.55 0.45 0.3 0.2 0.5 0.65 0.1 0.4 
-0.003930005322521354 0.6042945645420017 0.4855485823591181 0.9 0.55 0.4 0.15 0.3 0.35 0.2 0.45 0.8 0.2 0.3 1.0 0.75 0.45 0.7 0.7 0.55 0.95 0.3 0.15 0.3 0.1 0.15 0.45 0.95 0.4 0.35 0.3 0.65 0.4 0.8 0.3 0.9 0.85 0.8 0.35 
-0.002922916242373528 0.6093092606375575 0.5274578559269946 0.85 0.65 0.2 0.9 0.45 0.35 0.4 0.15 0.4 0.4 0.05 0.5 0.3 0.5 0.5 0.2 0.15 0.95 0.85 0.1 0.4 0.1 0.8 0.9 0.35 0.3 0.6 0.7 0.45 0.65 0.85 0.9 0.55 0.3 0.5 0.5 
-0.021039734459975385 0.5661707268809214 0.5928349178981239 0.85 0.65 0.55 0.9 0.45 0.35 0.4 0.15 0.4 0.4 0.05 0.5 0.65 0.5 0.55 0.2 0.95 0.15 0.85 0.7 0.4 0.1 0.3 0.3 0.95 0.3 0.6 0.75 0.45 0.65 0.85 0.9 0.8 0.3 0.5 0.15 
-0.039425201253623365 0.4481440315326716 0.4080538124728947 0.75 0.6 1.0 1.0 0.95 0.45 0.15 0.85 0.25 0.05 0.8 0.3 1.0 0.65 0.75 0.05 0.55 0.0 0.7 0.5 0.8 0.05 0.4 0.75 0.95 0.7 0.0 0.95 0.3 0.45 0.85 0.3 0.55 0.9 0.85 0.5 
-0.0054304643768675375 0.6084790387758576 0.5513848757149467 0.85 0.65 0.2 0.9 0.45 0.35 0.4 0.15 0.2 0.4 0.05 0.5 0.5 0.5 0.25 0.2 0.15 0.0 0.9 0.1 0.0 0.05 0.15 0.6 0.95 0.8 0.6 0.7 0.45 0.65 1.0 0.65 0.55 0.65 0.6 0.5 
-0.011691868359645165 0.6034058682387948 0.5745407296356798 0.85 0.35 0.55 0.45 0.45 0.1 0.85 0.95 0.8 0.1 0.7 1.0 0.8 0.2 0.6 0.9 0.5 0.25 0.5 0.65 0.5 0.6 0.15 0.45 0.95 0.4 0.75 0.0 0.65 0.7 0.8 0.35 0.9 0.7 0.8 0.3 
-0.017505870993417477 0.5796022264010758 0.5697010566296521 0.85 0.65 0.2 0.9 0.45 0.35 0.4 0.15 0.4 0.4 0.05 0.5 0.85 0.5 0.05 0.2 0.75 0.05 0.85 0.1 0.4 0.25 0.8 0.9 0.95 0.3 0.6 0.65 0.45 0.65 0.3 0.9 0.55 0.3 0.0 0.25 
-0.011788668658859297 0.5414204786972966 0.5673693444245294 0.15 0.95 0.75 0.75 0.9 0.35 0.95 0.5 0.95 0.8 0.4 0.0 0.25 0.4 0.9 0.45 0.15 0.0 1.0 0.9 0.1 0.2 0.75 0.75 0.45 0.65 0.45 0.1 0.6 0.3 0.85 0.85 0.2 0.5 0.0 0.65 
-0.034572382435198876 0.5044657930299188 0.5759710477754363 0.4 0.9 0.0 1.0 0.0 0.45 0.9 0.4 0.25 0.95 0.8 0.75 0.05 0.8 0.3 0.65 0.2 0.0 1.0 0.5 0.9 0.4 0.4 0.55 0.95 0.7 0.4 0.75 0.3 0.5 0.65 0.3 0.75 0.35 0.45 0.5 
-0.013824648383937509 0.5313069508508522 0.5990473768679638 0.85 0.4 0.2 0.9 0.45 0.35 0.4 0.1 0.4 0.4 0.05 0.5 0.85 0.5 0.05 0.9 0.1 0.05 0.85 0.1 0.4 0.1 0.45 0.9 0.95 0.3 0.6 0.7 0.45 0.65 0.85 0.9 0.55 0.3 0.5 0.35 
-0.009248676101389611 0.4107392203874207 0.5642848563692694 0.15 0.9 0.0 1.0 0.0 0.45 0.9 0.4 0.25 0.2 0.8 0.75 0.75 0.8 0.75 0.65 0.2 0.0 0.45 0.5 0.4 0.4 0.4 0.7 0.95 0.7 0.55 0.9 0.3 0.5 0.65 0.95 0.6 1.0 0.8 0.5 
-0.0016439408787865559 0.6143585038657717 0.5046662041602787 0.9 0.65 0.4 0.8 0.4 0.35 0.3 0.15 0.0 0.6 0.9 0.45 0.85 0.5 0.55 0.2 0.6 0.05 0.85 0.1 0.85 0.6 0.0 0.8 0.05 0.5 0.45 0.8 0.45 0.65 1.0 0.75 0.55 0.1 0.5 0.35 
-0.013030027945796625 0.46522880662082106 0.5572211472767532 0.2 0.6 0.65 1.0 1.0 0.8 0.95 0.45 0.2 0.75 0.25 0.0 0.05 0.6 0.15 0.85 0.55 0.05 0.6 0.55 0.0 0.05 0.9 0.75 0.75 0.05 0.4 0.4 1.0 0.35 0.8 0.8 0.8 0.7 0.5 0.8 
-0.047253829610212066 0.5132548520368011 0.592719893927957 0.85 0.4 0.2 0.9 0.45 0.35 0.4 0.1 0.4 0.4 0.05 0.5 1.0 0.7 0.55 0.2 0.1 0.05 0.85 0.1 0.4 0.1 0.45 0.9 0.8 0.3 0.6 0.7 0.45 0.65 0.85 0.9 0.55 0.3 0.5 0.45 
-0.017651276703534977 0.6367927864128096 0.48966434614149257 1.0 0.55 0.55 0.45 0.4 0.85 0.15 0.35 0.7 0.15 0.3 1.0 0.0 0.8 0.4 0.6 0.8 0.85 0.7 0.6 0.9 0.6 0.45 0.45 0.95 0.45 0.75 0.1 0.6 0.7 0.8 0.35 0.75 0.2 0.8 0.3 
-0.003924017612514074 0.3967225301190248 0.4596179962906161 0.3 0.4 0.4 0.95 0.5 0.65 0.15 0.45 0.95 0.75 0.85 0.95 0.95 0.15 0.55 0.3 0.1 0.15 0.15 0.55 0.25 0.5 0.1 0.35 0.8 0.4 0.4 1.0 0.95 0.0 0.05 0.7 0.4 0.6 0.95 0.9 
-0.003955324692331436 0.6255512513082029 0.5382609927460374 0.85 0.65 0.2 0.9 0.45 0.35 0.4 0.15 0.4 0.4 0.05 0.5 0.85 0.5 0.55 0.2 0.75 0.05 0.85 0.1 0.4 0.25 0.8 0.9 0.95 0.3 0.6 0.65 0.45 0.65 0.3 0.9 0.55 0.3 0.0 0.25 
-0.0012115568476294737 0.6427536953575218 0.5078097231081904 0.85 0.65 0.5 0.95 0.45 0.35 0.4 0.15 0.4 0.4 0.05 0.5 0.85 0.5 0.55 0.2 0.15 0.05 0.85 0.1 0.4 0.25 0.8 0.9 0.95 0.3 0.6 0.65 0.45 0.65 0.85 0.9 0.55 0.3 0.35 0.5 
-0.0014127578040262832 0.4861435679896459 0.40192166051709194 0.45 0.35 0.4 0.95 0.5 0.65 0.6 0.45 0.95 0.75 0.8 0.45 0.95 1.0 0.55 0.15 0.45 0.3 0.15 0.55 1.0 0.45 0.1 1.0 0.8 0.4 0.4 1.0 0.45 0.05 0.65 0.55 0.7 0.35 1.0 0.65 
-0.000514555005177958 0.5443856202196571 0.3734939321602838 1.0 0.55 0.6 0.2 0.8 0.7 0.25 1.0 0.95 0.2 0.3 1.0 0.9 0.9 0.85 0.45 0.15 0.25 0.0 0.9 0.9 0.2 0.4 0.65 0.4 1.0 0.65 0.35 0.45 0.8 0.15 0.3 0.35 0.85 0.8 0.8 
-0.04131770127884134 0.5029594856348181 0.6039196792677306 0.35 0.1 0.85 0.75 0.9 0.35 0.95 0.5 0.95 0.8 0.4 0.0 0.25 0.6 0.9 0.45 0.85 0.0 0.5 0.9 0.5 0.2 0.75 0.75 0.45 0.65 0.45 0.1 0.6 0.05 1.0 0.85 0.2 0.15 0.0 0.65 
-0.008395036535287918 0.43725120443550436 0.4357365424820182 0.35 0.65 1.0 1.0 0.0 0.45 0.15 0.4 0.25 0.85 0.8 0.3 1.0 0.6 0.75 0.4 0.15 0.0 0.9 0.35 0.8 0.4 0.4 0.55 0.95 0.7 1.0 0.3 0.3 0.45 0.25 0.3 0.55 0.9 0.85 0.5 
-0.01500538029983272 0.580503481753548 0.4299357697259273 1.0 0.55 0.6 0.2 0.25 0.7 0.25 1.0 0.8 0.2 0.3 1.0 0.9 0.35 0.85 0.6 0.6 0.25 0.0 0.9 0.9 0.2 0.15 0.65 0.4 0.55 0.7 0.35 0.45 0.9 0.8 0.3 0.35 0.85 0.8 0.85 
-0.013372621084455511 0.6415641252802271 0.45348489534632974 0.85 0.65 0.2 0.9 0.45 0.35 0.9 0.15 0.0 0.4 0.05 0.5 0.85 0.5 0.55 0.2 0.85 0.05 0.9 0.1 0.7 0.25 0.15 0.6 0.95 0.3 0.6 0.45 0.45 0.8 0.85 0.9 0.55 0.05 0.6 0.7 
-0.0008447209015169974 0.5715004870631856 0.4080331560442924 1.0 0.55 0.2 0.7 0.2 0.7 0.1 0.9 0.6 0.45 0.9 0.7 0.95 0.2 0.9 0.15 1.0 0.0 0.9 0.7 0.85 0.75 0.8 0.6 0.9 0.2 0.75 1.0 0.2 0.25 0.65 0.3 0.85 0.4 0.05 0.7 
-0.04127450473233732 0.39112548639731953 0.5241579397157723 0.35 0.7 0.6 1.0 0.0 0.45 1.0 0.7 0.7 0.4 0.1 0.3 1.0 0.6 0.2 0.5 0.55 0.7 0.9 0.5 0.8 0.2 0.6 0.55 1.0 0.75 0.7 1.0 0.3 0.45 1.0 0.4 0.55 1.0 0.85 0.5 
-0.19198764275491062 0.6870626519210888 0.5258092818740665 1.0 0.55 0.55 0.45 0.9 0.45 0.3 0.8 0.45 0.2 0.3 1.0 0.3 0.2 0.55 0.75 0.5 0.55 0.7 0.65 0.3 0.2 0.15 0.95 0.95 0.45 0.75 0.05 0.65 0.1 0.95 0.35 0.9 1.0 0.8 0.3 
-0.08737312256934257 0.573709185715544 0.611423816645743 1.0 0.35 0.55 0.45 0.45 0.1 0.85 0.95 0.8 0.1 0.7 0.0 0.8 0.4 0.6 0.7 0.0 0.0 0.25 0.65 0.5 0.6 0.15 0.45 0.95 0.4 0.75 0.05 0.65 0.05 0.8 0.35 0.9 0.7 0.8 0.3 
-0.11110444732154152 0.4523576360670796 0.3825796568676838 0.3 0.3 0.4 0.95 0.5 0.6 0.3 0.45 0.1 0.75 0.85 0.95 0.95 0.15 0.55 0.3 0.1 0.3 0.15 0.55 0.25 0.3 0.25 0.75 0.8 0.05 0.4 1.0 0.6 0.05 0.1 0.0 0.25 0.65 0.05 0.9 
-0.010694148889828897 0.4742123216831178 0.5865298258592441 0.0 0.2 0.35 0.35 0.45 0.55 0.45 0.4 0.25 0.45 0.8 0.7 0.3 0.4 0.6 0.95 0.75 0.1 0.4 0.4 0.9 0.05 0.4 0.75 1.0 0.7 0.4 0.7 0.65 0.5 0.85 0.3 0.55 0.9 0.85 0.55 
-0.032257680660829124 0.49549157719217296 0.3941996793493508 0.45 0.35 0.4 0.95 0.5 0.65 0.6 0.45 0.95 0.75 0.8 0.45 0.95 0.15 0.55 0.15 0.45 0.3 0.15 0.55 1.0 0.45 0.1 1.0 0.8 0.4 0.4 1.0 0.45 0.05 0.65 0.65 0.7 0.35 0.3 0.65 
-0.0003871654037274883 0.6778453539084526 0.5468866080926912 0.95 0.65 0.2 0.8 0.45 0.35 0.3 0.15 0.75 0.6 0.15 0.25 0.85 0.5 0.55 0.2 0.3 0.05 0.85 0.1 0.65 0.6 0.9 0.8 1.0 0.3 0.7 0.4 0.45 0.65 0.6 0.85 0.55 0.1 0.5 0.35 
-0.004014312403394897 0.41845903526923933 0.5841215253365128 0.35 0.1 0.05 0.35 0.0 0.55 0.25 0.4 0.25 0.85 0.8 0.35 0.75 0.7 1.0 0.95 0.85 0.25 0.5 0.5 0.9 0.85 0.4 0.75 0.95 0.7 0.4 0.85 0.3 0.5 0.85 0.3 0.95 0.9 0.85 0.55 
-0.004382430273416845 0.36619036967563834 0.49544487369550194 0.25 0.9 0.0 1.0 0.0 0.45 0.15 0.4 0.25 0.85 0.8 0.3 0.7 0.8 0.75 0.4 0.2 0.65 0.85 0.5 0.9 0.4 0.4 0.75 1.0 0.7 0.4 0.45 0.3 0.5 0.65 0.3 0.65 0.9 0.85 0.5 
-0.0014692191767699968 0.398805638636944 0.4514369421106046 0.35 0.7 0.6 1.0 0.0 0.45 1.0 0.7 0.1 0.4 0.1 0.3 1.0 0.6 0.75 0.5 0.55 0.4 0.9 0.5 0.8 0.2 0.45 0.55 0.75 0.6 0.7 1.0 0.3 0.45 1.0 0.4 0.55 0.55 0.85 0.5 
-0.0030173923698921337 0.5770427183519952 0.3832734478443832 1.0 0.55 0.55 0.45 0.4 0.85 0.15 0.35 0.7 0.15 0.3 1.0 0.3 0.8 0.4 0.6 0.8 0.85 0.7 0.6 0.9 0.6 0.15 0.45 0.95 0.45 0.75 0.1 0.6 0.7 0.8 0.35 0.75 0.85 0.8 0.3 
-0.00899289148610374 0.5199187470252461 0.38086390951376237 0.95 0.55 0.55 0.45 0.4 0.85 0.1 0.5 0.8 0.65 0.3 1.0 0.65 0.45 0.9 0.55 0.5 0.05 0.7 0.65 0.45 0.9 0.85 0.15 0.95 0.45 0.0 0.0 0.3 0.35 0.8 0.35 0.9 0.85 0.8 0.3 
-0.0053662450926063735 0.40047697079800726 0.547587029895097 0.4 0.9 0.0 1.0 0.0 0.45 0.9 0.4 0.25 0.2 0.8 0.75 0.75 0.8 0.75 0.65 0.2 0.0 1.0 0.5 0.4 0.4 0.4 0.7 0.95 0.7 0.55 0.9 0.3 0.5 0.65 0.95 0.6 1.0 0.8 0.5 
-0.005783264800917962 0.6368537840555765 0.4631915657985988 0.9 0.65 0.4 0.8 0.4 0.35 0.3 0.15 0.0 0.6 0.9 0.45 0.85 0.5 0.55 0.2 0.6 0.05 0.85 0.1 0.85 0.6 1.0 0.8 0.05 0.5 0.25 0.8 0.45 0.65 1.0 0.9 0.55 0.1 0.5 0.35 
-0.16369183485455951 0.5055882353235708 0.38010207048421707 1.0 0.55 0.5 0.25 0.4 0.85 0.25 0.95 0.8 0.3 0.65 0.85 0.75 0.35 0.95 0.6 0.15 0.0 0.7 0.1 0.9 0.5 0.15 0.45 0.05 0.4 0.65 0.65 0.35 0.5 0.8 0.3 0.9 0.8 0.8 0.3 
-0.0023865928601786357 0.5850227206176067 0.437735940711386 1.0 0.55 0.55 0.45 0.9 0.85 0.3 0.95 0.8 0.2 0.3 1.0 0.3 0.2 0.9 0.6 0.5 0.55 0.7 0.65 0.45 0.9 0.15 0.45 0.95 0.45 0.75 0.05 0.65 0.1 0.95 0.35 0.2 1.0 0.8 0.3 
-0.008931646985763856 0.37772646554563555 0.47404701132487137 0.8 0.9 1.0 1.0 0.95 0.45 0.7 0.4 0.25 0.85 0.8 0.3 0.65 0.8 0.75 0.4 0.7 0.4 0.5 0.5 0.9 0.4 0.4 0.75 0.95 0.7 0.4 0.95 0.3 0.3 0.2 0.3 0.55 0.9 0.85 0.5 
-0.0005002756601170082 0.6670553151414413 0.5922896343508612 0.85 0.65 0.2 1.0 0.45 0.35 0.4 0.5 0.4 0.4 0.05 0.5 0.85 0.5 0.3 0.2 0.15 0.05 0.85 0.1 0.4 0.25 0.8 0.9 0.95 0.3 0.6 0.65 0.45 0.65 0.85 0.9 0.55 0.3 0.55 0.5 
-0.007121822717259035 0.5964576607105564 0.4228141798602764 1.0 0.55 0.55 0.45 0.9 0.65 0.3 0.4 0.45 0.2 0.95 1.0 0.9 1.0 0.7 0.75 0.5 0.55 0.1 0.65 0.3 0.0 0.15 0.45 0.95 0.45 0.75 0.15 0.85 0.0 0.95 0.25 0.65 1.0 0.8 0.3 
-0.00021517806107379465 0.6405442204257396 0.5588690885836386 0.85 0.65 0.2 0.9 0.45 0.35 0.4 0.15 0.4 0.4 0.05 0.5 0.65 0.5 0.55 0.2 0.95 0.15 0.85 0.7 0.4 0.1 0.3 0.3 0.95 0.3 0.6 0.75 0.45 0.65 0.85 0.9 0.5 0.3 0.5 0.15 
-0.005251453224725134 0.5583911389270454 0.3774168511399186 1.0 0.55 0.55 0.45 0.4 0.85 0.15 0.9 0.8 0.9 0.3 1.0 1.0 0.2 0.9 0.55 0.5 0.45 0.05 0.65 0.3 0.9 0.4 0.45 0.95 1.0 0.75 0.05 0.25 0.1 0.95 0.35 0.9 0.4 0.8 0.3 
-0.08839915613550228 0.47732771396378015 0.602908926334089 0.9 0.65 0.1 0.15 0.5 0.55 0.25 0.4 0.25 0.85 0.8 0.4 0.5 0.45 0.6 0.95 0.85 0.1 0.1 0.45 0.9 0.85 0.4 0.55 1.0 0.7 0.4 0.85 0.3 0.5 0.95 0.3 0.55 0.9 0.05 0.55 
-0.008454875293541386 0.37450493458466927 0.47944294443609714 0.8 0.9 1.0 1.0 0.95 0.45 0.7 0.4 0.25 0.85 0.8 0.3 0.65 0.8 0.75 0.4 0.7 0.4 0.5 0.5 0.9 0.4 0.4 0.75 0.95 0.7 0.4 0.85 0.3 0.3 0.2 0.3 0.55 0.9 0.85 0.5 
-0.021168010292549198 0.6614293971169237 0.5502775451763615 1.0 0.55 0.3 0.65 0.9 0.7 0.3 0.95 0.65 0.2 0.3 1.0 0.9 1.0 0.75 0.95 0.55 0.55 0.1 0.65 0.3 0.95 0.35 0.45 0.95 0.45 0.75 0.15 0.55 0.6 0.95 0.2 0.9 1.0 0.8 0.3 
-0.013659886403134086 0.6310566265243489 0.6001481377887581 0.85 0.65 0.2 0.9 0.45 0.35 0.4 0.15 0.45 0.4 0.05 0.5 1.0 0.5 0.25 0.2 0.15 0.8 0.9 0.1 0.0 0.05 0.15 0.75 0.95 0.3 0.6 0.65 0.45 0.65 1.0 0.65 0.55 0.4 0.6 0.5 
-0.009645853316838449 0.6183838246656903 0.44368347154088644 1.0 0.55 0.6 0.45 0.9 0.85 0.3 0.95 0.45 0.25 0.3 1.0 0.9 1.0 0.55 0.75 0.55 0.55 0.1 0.05 0.3 0.0 0.15 0.45 0.95 0.45 0.75 0.2 0.85 0.1 0.95 0.25 0.9 0.2 0.8 0.3 
-0.037387040023935815 0.6688017737472244 0.5782000306109824 0.85 0.65 0.2 0.9 0.45 0.35 0.9 0.15 0.0 0.4 0.05 0.5 0.85 0.5 0.55 0.2 0.85 0.05 0.9 0.1 0.4 0.25 0.15 0.6 0.95 0.3 0.6 0.45 0.45 0.65 0.85 0.9 0.55 0.05 0.6 0.7 
-7.16407159388936e-05 0.6559964978704745 0.5499967718681268 0.85 0.65 0.2 0.9 0.45 0.35 0.9 0.0 1.0 0.4 0.05 0.5 0.85 0.5 0.55 0.2 0.15 0.05 0.9 0.1 0.4 0.25 0.15 0.6 0.95 0.3 0.6 0.45 0.45 0.65 0.7 0.9 0.55 0.1 0.6 0.7 
-0.010650425193583534 0.6719078189414922 0.5068580606707697 0.95 0.65 0.2 0.8 0.45 0.35 0.3 0.15 0.75 0.6 0.15 0.25 0.85 0.5 0.55 0.2 0.3 0.05 0.85 0.1 0.65 0.6 0.9 0.8 0.75 0.3 0.7 0.4 0.45 0.65 0.6 0.85 0.55 0.1 0.5 0.35 
-0.015228902038302837 0.4090698984192228 0.4217151257032256 0.95 0.05 0.35 0.3 0.4 0.65 0.5 0.3 0.5 0.85 1.0 0.4 0.95 0.85 0.4 0.0 1.0 0.2 0.1 0.25 1.0 0.2 0.6 0.55 0.4 0.85 0.15 0.75 0.4 0.8 1.0 0.25 0.75 0.6 0.05 0.35 
-0.01792369889999681 0.3820132450234255 0.4426883063843314 0.55 0.9 1.0 1.0 0.0 0.45 0.7 0.4 0.35 0.85 0.8 0.05 1.0 0.8 0.75 0.3 0.05 0.65 0.5 0.5 0.7 0.4 0.4 0.75 0.95 0.7 0.4 0.85 0.3 0.5 0.7 0.3 0.2 0.9 0.85 0.5 
-0.0028044248541570006 0.66836430275097 0.5353315876361606 0.9 0.65 0.2 0.8 0.45 0.15 0.3 0.3 0.4 0.6 0.9 0.25 0.85 0.5 0.25 0.2 0.4 0.05 0.85 0.1 0.4 0.6 1.0 0.8 0.95 0.3 0.7 0.7 0.45 0.65 0.55 0.9 0.55 0.1 0.5 0.35 
-0.05445198437323909 0.46317553025904656 0.3815967526755291 0.3 0.3 0.4 0.95 0.5 0.65 0.3 0.9 0.95 0.75 0.85 0.95 0.85 0.0 0.55 0.3 0.25 0.3 0.15 0.75 0.25 0.3 0.1 1.0 0.8 0.4 0.5 1.0 0.45 0.05 0.1 0.0 0.85 0.5 0.95 0.9 
-0.013690062912132019 0.6053188586577541 0.5802152330101344 0.85 0.65 0.2 0.9 0.45 0.35 0.4 0.15 0.4 0.4 0.05 0.5 0.85 0.5 0.55 0.2 0.15 0.2 0.85 0.1 0.4 0.1 0.8 0.9 0.95 0.3 0.6 0.7 0.45 0.65 0.85 0.9 0.55 0.3 1.0 0.5 
-0.00039487838754674847 0.5619767497163993 0.641030440114311 1.0 0.95 1.0 0.75 0.9 0.35 0.2 0.7 0.45 0.8 0.15 0.85 0.45 0.85 0.35 0.7 0.65 0.3 0.2 0.55 0.1 0.35 0.75 0.75 0.95 0.65 0.45 0.2 0.1 0.3 0.9 0.85 0.2 0.1 0.0 0.35 
-0.002835645649102157 0.5178710477777726 0.6202985025761893 0.85 0.4 0.15 0.65 0.45 0.35 0.4 0.1 0.5 0.4 0.05 0.3 0.9 0.5 0.55 0.2 0.2 0.4 0.85 0.1 0.4 0.1 0.45 0.0 1.0 0.25 0.6 0.7 0.45 0.65 0.85 0.8 0.55 0.3 0.5 0.35 
-0.03089271341006971 0.6830698034756035 0.49347164197308013 1.0 0.55 0.55 0.45 0.9 0.85 0.3 0.8 0.45 0.2 0.3 1.0 0.3 0.2 0.55 0.75 0.5 0.55 0.7 0.65 0.3 0.0 0.15 0.45 0.95 0.45 0.75 0.05 0.65 0.1 0.95 0.35 0.9 1.0 0.8 0.3 
-0.008071593487799329 0.6696026659418356 0.5649674620486697 0.85 0.65 0.2 0.9 0.45 0.35 0.4 0.15 0.4 0.4 0.05 0.5 0.85 0.5 0.55 0.2 0.15 0.2 0.85 0.1 0.15 0.1 0.8 0.9 0.75 0.3 0.6 0.7 0.45 0.65 0.85 0.9 0.55 0.0 0.5 0.5 
-0.0046210508671885525 0.5360641992344707 0.3334004785517073 1.0 0.55 0.5 0.45 0.4 0.85 0.15 0.9 0.8 0.9 0.3 1.0 0.65 0.2 0.9 0.55 0.5 0.45 0.05 0.75 0.3 0.9 0.4 0.45 0.95 1.0 0.75 0.05 0.05 0.1 0.95 0.35 0.9 0.85 0.8 0.3 
-0.04488012174997345 0.5286280357070361 0.6152300992591722 0.95 0.95 1.0 0.75 0.9 0.35 0.2 0.2 0.45 0.8 0.6 0.85 0.65 0.3 0.35 0.7 0.55 0.3 0.2 0.55 0.1 1.0 0.65 0.2 0.9 0.65 0.45 0.2 0.1 0.3 0.9 0.9 0.2 0.1 0.65 1.0 
-0.006347519518051763 0.3410116552498833 0.4933322325774371 0.35 0.9 0.0 1.0 0.0 0.45 0.15 0.4 0.25 0.85 0.8 0.3 1.0 0.8 0.75 0.4 0.55 0.05 0.5 0.5 0.8 0.4 0.4 0.75 0.95 0.7 0.4 0.7 0.3 0.5 0.85 0.3 0.55 0.65 0.85 0.5 
-0.005129894674623344 0.6024497067392302 0.4154472026112963 0.95 0.55 0.8 0.45 0.4 0.85 1.0 0.95 0.75 0.15 0.3 1.0 0.3 0.65 0.9 0.6 0.6 0.85 0.7 0.6 0.85 0.6 0.15 0.45 0.95 0.45 0.35 0.15 0.6 0.3 0.8 0.35 0.9 0.2 0.8 0.3 
-0.020460446009287345 0.5935581817850157 0.6156830297816127 0.85 0.4 0.2 0.9 0.45 0.35 0.4 0.1 0.4 0.4 0.05 0.5 1.0 0.5 0.55 0.2 0.1 0.05 0.85 0.1 0.4 0.1 0.45 0.9 0.95 0.3 0.6 0.7 0.45 0.65 0.85 0.9 0.55 0.3 0.5 0.35 
-0.02500267243624643 0.42522463832958834 0.37041274261604673 1.0 0.7 0.15 0.95 0.05 0.5 0.05 0.9 0.55 0.4 0.7 0.8 1.0 0.6 0.7 0.5 0.55 0.0 0.3 0.2 0.8 0.2 0.6 1.0 1.0 0.7 0.8 1.0 0.3 0.45 1.0 0.3 0.15 0.35 0.85 0.45 
-0.008665846425961321 0.6217255056413107 0.39934449434693126 0.9 0.55 0.4 0.35 0.4 0.85 0.2 0.45 0.8 0.2 0.3 1.0 0.75 0.45 0.7 0.6 0.9 0.95 0.3 0.35 0.3 0.1 0.15 0.45 0.95 0.25 0.7 0.3 0.65 0.4 0.8 0.3 0.9 0.85 0.8 0.35 
-0.006443798157564364 0.6333441316399604 0.6262891427867012 0.85 0.95 0.65 0.9 0.45 0.35 0.4 0.15 0.45 0.4 0.05 0.5 1.0 0.5 0.35 0.2 0.15 0.05 0.9 0.1 0.0 0.65 0.15 0.6 0.95 0.3 0.6 0.65 0.45 0.65 1.0 0.65 0.55 0.45 0.6 0.35 
-0.06934617857303563 0.5002135227962776 0.3529913139101749 1.0 0.55 0.55 0.45 0.4 0.85 0.15 0.95 0.8 0.95 0.9 1.0 0.9 0.2 0.5 0.55 0.5 0.0 0.7 0.65 0.3 0.9 0.8 0.45 0.7 0.95 0.75 0.6 0.45 0.75 0.8 0.15 0.85 0.85 0.8 0.3 
-0.011784464899910568 0.44927229951575787 0.34968933982343775 0.45 0.35 0.4 0.95 0.5 0.65 0.6 0.45 0.95 0.75 0.8 0.45 0.95 0.15 0.55 0.15 0.45 0.3 0.15 0.55 1.0 0.45 0.1 1.0 0.8 0.4 0.4 1.0 0.45 0.05 0.65 0.55 0.7 1.0 1.0 0.9 
-0.014991956528435824 0.3785008039808195 0.5762748499646111 0.65 0.6 0.05 0.35 0.0 0.55 0.55 0.4 0.25 0.35 0.8 0.35 0.75 0.45 0.8 0.95 0.85 0.1 0.75 0.85 0.9 0.6 0.55 0.75 0.8 0.7 0.4 0.85 0.3 0.5 0.45 0.3 0.55 0.9 0.85 0.55 
-0.0450097257347325 0.5680806682236498 0.3390576231501542 1.0 0.55 0.45 0.45 0.4 1.0 0.8 0.5 0.8 0.65 0.3 0.25 1.0 0.4 0.85 0.55 0.9 0.0 0.5 0.55 0.8 0.9 0.8 0.3 0.95 0.45 0.75 0.2 0.45 0.65 0.8 0.35 0.9 0.85 0.8 0.3 
-0.0054233173129929774 0.614220110936362 0.6472841668796057 0.85 0.05 0.2 0.65 0.45 0.35 0.4 0.1 0.5 0.4 0.05 0.05 0.9 0.5 0.55 0.2 0.2 0.4 0.85 0.1 0.4 0.1 0.15 0.0 1.0 0.3 0.6 0.7 0.45 0.65 0.85 0.8 0.55 0.3 1.0 0.85 
-0.03873476693760343 0.5608678378940612 0.6195486059003957 0.85 0.4 0.2 0.65 0.45 0.35 0.4 0.1 0.4 0.4 0.05 0.5 0.85 0.5 0.55 0.2 0.1 0.4 0.85 0.1 0.4 0.1 0.45 0.9 0.95 0.3 0.6 0.7 0.45 0.65 0.85 0.9 0.55 0.3 0.5 0.35 
-0.01643479238529311 0.5824168602101608 0.36700550571391416 1.0 0.55 0.6 0.55 0.15 0.85 0.15 0.7 0.8 0.2 0.5 0.3 0.75 0.2 0.7 0.6 0.7 0.2 0.7 0.65 0.3 0.95 0.15 0.45 0.95 0.4 0.75 0.15 0.3 0.5 0.8 0.35 0.9 0.85 0.8 0.3 
-0.009955763603186459 0.5324113994067704 0.3531203897838878 1.0 0.55 0.6 0.55 0.4 0.7 0.8 0.95 0.8 0.2 0.3 1.0 0.6 0.35 0.75 0.6 0.4 0.05 0.7 0.9 0.85 0.5 0.1 0.45 0.45 0.4 0.0 0.35 0.45 0.5 0.8 0.3 0.9 0.85 0.8 0.3 
-0.0003649100876438688 0.572364787765185 0.35078245532040264 1.0 0.55 0.5 0.55 0.4 0.7 0.25 0.95 0.8 0.2 0.3 0.4 0.75 0.35 0.7 0.5 0.15 0.0 0.7 0.9 0.9 0.5 0.15 0.45 0.95 0.4 0.65 0.35 0.45 0.35 0.8 0.3 0.9 0.85 0.8 0.3 
-0.05505252101245306 0.4627720273046428 0.34638038519712633 0.45 0.35 0.4 0.95 0.5 0.65 0.6 0.45 0.95 0.75 0.8 0.45 0.95 0.15 0.55 0.15 0.45 0.3 0.15 0.55 1.0 0.45 0.1 1.0 0.8 0.4 0.4 1.0 0.45 0.05 0.65 0.7 0.8 1.0 1.0 0.9 
-0.02370365299902637 0.37294762051684327 0.5420057911474045 0.45 0.2 0.35 0.35 0.0 0.65 0.45 0.4 0.25 0.85 0.8 0.05 0.75 0.4 0.6 0.95 0.75 0.1 0.5 0.85 0.9 0.05 0.4 0.75 1.0 0.7 0.4 0.85 0.3 0.5 0.85 0.3 0.55 0.9 0.85 0.55 
-0.0816198191903317 0.46208071653803456 0.34090288678784975 0.45 0.35 0.4 0.95 0.5 0.65 0.3 0.45 0.95 0.75 0.8 0.45 0.95 0.15 0.55 0.15 0.1 0.3 0.15 0.55 1.0 0.45 0.1 1.0 0.8 0.4 0.4 1.0 0.45 0.05 0.5 0.7 0.8 1.0 1.0 0.9 
-0.006020320017157427 0.44134829480708465 0.3836203406387921 0.3 0.3 0.4 0.95 0.5 0.6 0.3 0.45 0.1 0.75 0.85 0.95 0.95 0.15 0.55 0.3 0.1 0.3 0.15 0.6 0.25 0.3 0.25 0.75 0.8 0.05 0.4 1.0 0.6 0.05 0.1 0.95 0.25 0.65 0.05 0.9 
-0.013386723735716043 0.38563417458984184 0.5779308974999618 0.65 0.6 0.0 0.35 0.6 0.55 0.55 0.4 0.25 0.35 0.8 0.95 0.8 0.45 0.8 0.95 0.85 0.1 0.35 0.2 0.85 0.6 0.7 0.75 0.8 0.7 0.4 0.5 0.3 0.5 0.4 0.3 0.55 0.9 0.85 0.55 
-0.03013971682416841 0.5133265645533281 0.3502638559178266 1.0 0.55 0.55 0.45 0.4 0.85 0.15 0.95 0.8 0.95 0.8 1.0 0.7 0.5 0.0 0.55 0.5 0.45 0.7 0.3 0.3 0.55 0.4 0.45 0.9 0.3 0.3 0.15 0.05 0.1 0.95 0.35 0.9 0.85 0.8 0.3 
-0.07047975506551345 0.6746166329193336 0.5924122882973096 0.85 0.65 0.2 0.95 0.45 0.35 0.4 0.15 0.4 0.4 0.05 0.5 0.85 0.5 0.55 0.2 0.15 0.05 0.85 0.1 0.4 0.25 0.8 0.9 0.95 0.3 0.6 0.65 0.45 0.65 0.85 0.9 0.55 0.3 0.55 0.5 
-0.0065094745946493 0.6011995766562883 0.3389763413929302 0.95 0.55 0.55 0.45 0.4 0.85 0.15 0.5 0.8 0.65 0.3 1.0 0.05 0.45 0.55 0.55 0.5 0.05 0.7 0.65 0.45 0.9 1.0 0.15 0.95 0.45 0.75 0.2 0.3 0.35 0.8 0.35 0.9 0.85 0.8 0.3 
-0.000394843312761957 0.5715717475580553 0.3115534928902435 1.0 0.55 0.65 0.45 0.4 0.85 0.15 0.5 0.8 0.65 0.3 1.0 1.0 0.45 0.2 0.55 0.5 0.6 0.7 0.65 0.45 0.9 0.8 0.15 0.65 0.45 0.75 0.2 0.45 0.6 0.8 0.35 0.9 0.85 0.8 0.3 
-0.017889006331297978 0.3265298293503244 0.5352519515395031 0.75 0.2 0.4 0.45 0.4 0.45 0.25 0.4 0.25 0.95 0.8 0.35 0.75 0.45 0.2 0.95 0.85 0.15 0.3 0.5 0.9 0.85 0.4 0.75 1.0 0.7 0.4 0.85 0.3 0.5 0.85 0.3 0.5 0.9 0.85 0.55 
-0.0347757759376921 0.5021893126910767 0.3389522438907647 1.0 0.55 0.55 0.45 0.4 0.85 0.15 0.95 0.85 0.85 0.3 1.0 0.35 0.2 0.9 0.55 0.5 0.0 0.75 0.65 0.3 0.1 0.05 0.45 1.0 0.45 0.1 0.0 0.35 0.7 0.8 0.35 0.9 0.85 0.8 0.3 
-0.01238828216821635 0.5967999981052016 0.37757291749104793 1.0 0.55 0.55 0.45 0.4 0.85 0.15 0.95 0.8 0.2 0.75 1.0 0.3 0.2 0.9 0.6 0.35 0.0 0.7 0.65 0.3 0.9 0.15 0.45 0.95 0.45 0.75 0.05 0.65 0.7 0.95 0.35 0.4 0.85 0.8 0.3 
-0.00018230016726392324 0.6235546924958878 0.42398054600741164 1.0 0.55 0.5 0.25 1.0 0.85 0.25 0.95 0.8 0.3 0.65 0.85 0.75 0.35 0.95 0.3 0.15 0.0 0.7 0.1 0.9 0.5 0.15 0.45 0.95 0.4 0.65 0.65 0.35 0.5 0.8 0.3 0.9 0.8 0.8 0.3 
-0.01498154234694388 0.35687602861598644 0.5051431107767151 0.6 0.7 0.25 1.0 0.0 0.45 1.0 0.7 0.1 0.8 0.1 0.3 0.35 0.6 0.75 0.65 0.55 0.35 0.9 0.5 0.8 0.2 0.6 0.35 1.0 0.7 0.75 1.0 0.3 0.45 1.0 0.4 0.55 1.0 0.85 0.5 
-0.014434279944381428 0.6197748226005088 0.3779826227850144 1.0 0.55 0.55 0.45 0.4 0.85 0.15 0.95 0.7 0.15 0.3 1.0 0.3 0.05 0.9 0.6 0.8 0.35 0.7 0.3 0.3 0.6 0.15 0.45 0.95 0.45 0.75 0.1 0.6 0.7 0.8 0.35 0.9 0.85 0.8 0.3 
-0.0001407561798037552 0.6809383186670692 0.4726353682253843 1.0 0.55 0.55 0.45 0.0 0.75 0.0 0.4 0.55 0.5 0.95 1.0 0.75 1.0 0.7 0.75 0.55 0.55 0.1 0.65 0.3 0.0 0.15 0.45 0.95 0.45 0.75 0.15 0.85 1.0 0.95 0.25 0.9 1.0 0.8 0.3 
-0.020126508281962552 0.6577269193840516 0.5878298613103445 0.95 0.65 0.2 0.9 0.45 0.35 0.9 0.15 0.0 0.4 0.05 0.0 0.85 0.5 0.6 0.2 0.85 0.05 0.9 0.1 0.4 0.25 0.15 0.0 0.95 0.3 0.6 0.85 0.45 0.65 0.85 0.9 0.55 0.05 0.6 0.7 
-0.004462273752819705 0.6319298850687463 0.3452829663271788 1.0 0.55 0.55 0.45 0.4 0.85 1.0 0.95 0.7 0.15 0.3 1.0 0.3 0.2 0.9 0.35 0.85 0.85 0.7 0.6 0.9 0.6 0.15 0.45 0.95 0.45 0.75 0.4 0.6 0.3 0.8 0.35 0.9 0.85 0.8 0.3 
-0.0011695530409649183 0.4400687201778471 0.5787283255614911 0.0 0.2 0.35 0.4 0.0 0.55 0.95 0.4 0.25 0.45 0.8 0.7 0.3 0.4 0.05 0.95 0.75 0.1 0.4 0.4 0.9 0.05 0.4 0.75 1.0 0.7 0.4 0.85 0.65 0.5 0.85 0.3 0.55 0.9 0.85 0.55 
-0.014077911693732043 0.4301456459904496 0.3986740260170362 0.3 0.3 0.4 0.95 0.5 0.6 0.3 0.45 0.1 0.75 0.85 0.95 0.95 0.15 0.55 0.3 0.1 0.3 0.15 0.6 0.25 0.3 0.25 0.75 0.8 0.05 0.4 1.0 0.6 0.05 0.4 0.95 0.25 0.65 0.05 0.9 
-0.010618694270155427 0.5800025206754414 0.6523647904113222 0.8 0.55 0.2 0.9 0.45 0.35 0.5 0.15 0.4 0.4 0.05 0.55 0.85 0.5 0.3 0.2 0.85 0.05 0.85 0.1 1.0 0.25 0.8 0.9 0.95 0.25 0.6 0.65 0.45 0.65 0.85 0.9 0.75 0.3 0.6 0.5 
-0.049868768593676664 0.34501278273369873 0.5755186242552194 0.45 0.7 0.15 0.95 0.85 0.45 0.65 0.9 0.55 0.4 0.1 0.3 1.0 0.55 0.75 0.8 0.55 0.05 0.0 0.95 0.8 0.2 0.6 1.0 1.0 0.7 0.75 1.0 0.3 0.45 1.0 0.3 0.55 0.85 0.85 0.5 
-0.0014370679362919459 0.6744149902984478 0.49176688496638227 1.0 0.55 0.55 0.45 0.9 0.65 0.3 0.95 0.65 0.2 0.3 0.5 0.3 0.2 0.9 0.6 0.5 0.55 0.9 0.65 0.3 0.9 0.15 0.45 0.95 0.45 0.75 0.05 0.65 0.95 0.95 0.35 0.9 1.0 0.8 0.3 
-0.019206806050293852 0.647101557501909 0.38420169093772494 1.0 0.55 0.1 0.4 0.45 0.85 0.25 0.05 0.1 0.2 0.85 1.0 0.0 0.2 0.9 0.6 0.5 0.5 0.4 0.95 0.3 0.9 0.2 0.45 0.95 0.45 0.75 0.05 0.5 0.75 1.0 0.35 0.9 0.5 0.8 0.3 
-0.04391399962947393 0.6673581254740973 0.6380114116791539 1.0 0.35 0.55 0.3 0.45 0.1 0.85 0.0 0.8 0.1 0.7 1.0 0.8 0.2 0.9 0.7 0.4 0.0 0.95 0.65 0.5 0.45 0.15 0.95 0.9 0.4 0.75 0.2 0.2 0.9 0.8 0.35 0.9 0.7 0.8 0.3 
-3.4749792694007247 0.5009694967207481 0.3139558573994623 1.0 0.55 0.55 0.45 0.4 0.85 0.15 0.95 0.8 0.95 0.9 1.0 0.9 0.2 0.9 0.55 0.5 0.0 0.7 0.65 0.3 0.9 0.8 0.45 0.7 0.95 0.75 0.6 0.45 0.75 0.95 0.35 0.9 0.85 0.8 0.3 
-0.0039891433192365214 0.36951441666937856 0.4335913064919074 0.35 0.7 0.6 1.0 0.0 0.45 1.0 0.7 0.1 0.4 0.1 0.3 1.0 0.6 0.75 0.5 0.55 0.4 0.9 0.5 0.8 0.2 0.45 0.55 0.75 0.6 0.7 1.0 0.3 0.45 1.0 0.4 0.55 1.0 0.85 0.5 
-0.005290467216757256 0.6359294435129843 0.3631473833046741 1.0 0.55 0.55 0.45 0.4 0.85 1.0 0.8 0.7 0.15 0.3 1.0 0.3 0.2 0.0 0.35 0.85 0.85 0.7 0.6 0.9 0.6 0.15 0.95 0.95 0.45 0.75 0.4 0.6 0.3 0.8 0.35 0.9 0.8 0.8 0.3 
-0.020180663673655317 0.4690211440837715 0.6125857722653117 0.55 0.65 0.1 0.35 0.5 0.55 0.25 0.4 0.25 0.85 0.8 0.4 0.55 0.45 0.6 0.95 0.85 0.1 0.1 0.45 0.75 0.85 0.4 0.55 0.95 0.7 0.9 0.85 0.3 0.5 0.95 0.3 0.55 0.75 0.85 0.55 
-0.019993339451121146 0.4256102680477136 0.3747137140282708 1.0 0.3 0.4 0.95 0.5 0.65 0.8 0.5 0.95 0.75 0.85 0.95 0.95 0.15 0.55 0.3 0.1 0.3 0.8 0.55 0.25 0.3 0.1 0.65 0.8 0.4 0.4 1.0 0.95 0.1 0.05 0.35 0.4 0.6 0.2 0.9 
-0.010785972137036066 0.45710500850339697 0.5966954849178299 0.55 0.95 0.05 0.35 0.8 0.55 0.05 0.4 0.95 0.85 0.8 0.2 0.75 0.45 0.6 0.5 0.85 0.1 0.1 0.85 0.9 0.85 0.4 0.75 1.0 0.7 0.4 0.85 0.3 0.5 0.95 0.3 0.55 0.9 0.85 0.55 
-0.014337040659120719 0.5203192948335638 0.32008820915270964 1.0 0.55 0.55 0.45 0.4 0.85 0.15 0.5 0.8 0.65 0.3 0.7 1.0 0.45 0.9 0.65 0.5 0.05 0.7 0.65 0.0 0.9 0.8 0.15 0.95 0.45 0.75 0.2 0.65 1.0 0.8 0.35 0.9 0.85 0.85 0.3 
-0.002618007755872595 0.6677648232593963 0.43380202546136815 1.0 0.55 0.6 0.55 0.35 0.7 0.25 1.0 0.2 0.6 0.3 1.0 0.8 0.35 0.7 0.85 0.55 0.9 0.0 0.9 0.9 0.55 0.45 0.95 0.95 0.4 0.8 0.25 0.55 0.2 0.8 0.3 0.9 0.85 0.8 0.3 
-0.011185868607851096 0.3335264424441532 0.5179677271825488 0.45 0.2 0.35 0.5 0.0 0.55 0.7 0.4 0.25 0.85 0.8 0.35 0.75 0.8 0.6 0.95 0.75 0.1 0.5 0.85 0.9 0.05 0.4 0.75 0.7 0.7 0.4 0.85 0.3 0.5 0.75 0.3 0.55 0.9 0.85 0.55 
-0.021582134161257958 0.6754647631422269 0.4389215997972132 0.9 0.55 0.4 0.35 0.4 0.85 0.2 0.45 0.8 0.2 0.3 1.0 0.75 0.45 0.7 0.6 0.55 0.95 0.3 0.35 0.3 0.1 0.15 0.45 0.95 0.4 0.7 0.3 0.65 0.4 0.8 0.3 0.9 0.85 0.8 0.35 
-0.0036677431194281347 0.5954993622253419 0.30661423347479566 0.95 0.55 0.1 0.4 0.4 0.85 0.15 0.5 0.8 0.65 0.3 1.0 0.65 0.45 0.9 0.55 0.5 0.1 0.7 0.65 0.45 0.9 1.0 0.5 0.95 0.45 0.75 0.0 0.3 0.9 0.8 0.35 0.9 0.85 0.8 0.3 
-0.02199212834717749 0.6696299628623773 0.6042960695720856 0.85 0.65 0.2 0.9 0.45 0.35 0.4 0.15 0.4 0.4 0.05 0.5 0.85 0.5 0.55 0.2 0.15 0.05 0.85 0.1 0.4 0.25 0.8 0.9 0.95 0.3 0.6 0.65 0.45 0.65 0.85 0.9 0.55 0.3 0.6 0.5 
-0.0016547364538696144 0.3805062205667692 0.39931174150526016 0.95 0.05 0.35 0.7 0.4 0.65 0.5 0.25 0.95 0.85 1.0 0.15 0.95 0.85 0.4 0.15 1.0 0.5 0.2 0.25 0.2 0.4 0.6 0.55 0.2 0.85 0.6 0.2 0.4 0.4 1.0 0.25 0.75 0.95 0.05 0.7 
-0.02156831528928155 0.36675768133470454 0.435821505572049 0.35 0.7 0.6 1.0 0.0 0.45 1.0 0.7 0.1 0.4 0.1 0.3 1.0 0.6 0.75 0.5 0.55 0.25 0.9 0.5 0.8 0.85 0.45 0.55 0.75 0.6 0.7 1.0 0.3 0.45 1.0 0.4 0.55 1.0 0.85 0.5 
-0.025300640220334788 0.6450343129506375 0.6075586450035035 0.85 0.65 0.2 0.9 0.45 0.35 0.9 0.15 0.0 0.4 0.05 0.0 0.85 0.5 0.55 0.2 0.85 0.05 0.9 0.1 0.4 0.25 0.15 0.6 0.95 0.3 0.6 0.85 0.45 0.65 0.85 0.9 0.55 0.05 0.6 0.7 
-0.0001322908420933546 0.4075627967864508 0.367031130845067 0.8 0.05 0.35 0.75 0.4 0.65 0.5 0.9 0.95 0.85 1.0 0.65 0.95 0.85 0.4 0.25 0.05 0.5 0.2 0.25 0.2 0.2 0.6 0.55 0.75 0.85 0.5 1.0 0.65 0.9 1.0 0.25 0.75 0.95 0.05 0.7 
-0.014282146510330357 0.5034923020924149 0.6249445208134137 0.15 0.45 0.9 0.75 0.9 0.35 0.95 0.15 0.95 0.8 0.35 0.85 0.4 0.4 0.9 0.55 0.65 0.0 1.0 0.5 0.1 0.9 0.75 0.65 0.45 0.65 0.45 0.1 0.1 0.3 0.85 0.85 0.2 0.15 0.85 0.25 
-0.00846787806294038 0.5644633719515503 0.2842429075624855 0.95 0.55 0.55 0.45 0.4 0.85 0.15 0.5 0.8 0.65 0.3 1.0 0.65 0.45 0.9 0.55 0.5 0.05 0.7 0.65 0.45 0.9 1.0 0.15 0.95 0.45 0.75 0.0 0.3 0.35 0.8 0.35 0.9 0.85 0.8 0.3 
-0.006341502313243371 0.4199481938292974 0.3616385671732478 1.0 0.3 0.4 0.95 0.5 0.65 0.7 0.5 0.95 0.75 0.45 0.95 0.95 0.15 0.55 0.3 0.1 0.4 0.8 0.55 0.95 0.3 0.1 0.65 0.8 0.4 0.4 1.0 0.95 0.1 0.05 0.35 0.4 0.6 0.2 0.9 
-0.01413775359473445 0.5921971109258694 0.3327577639110052 1.0 0.55 0.6 0.6 0.4 0.85 0.25 0.95 0.8 0.2 0.3 0.85 0.85 0.35 0.7 0.5 0.15 0.0 0.35 0.9 0.4 0.45 0.95 0.45 0.85 0.4 0.65 0.05 0.45 0.45 1.0 0.3 0.9 0.65 0.8 0.3 
-0.008775096966602664 0.3294959801500428 0.4490120444543775 0.55 0.15 0.3 1.0 0.0 0.45 0.15 0.7 0.6 0.4 0.1 0.3 1.0 0.4 0.25 0.8 0.55 0.0 0.25 0.9 0.45 0.2 0.05 1.0 1.0 0.7 0.75 1.0 0.3 0.45 1.0 0.3 0.5 0.85 0.9 0.5 
-0.012612069486140336 0.32885354276394707 0.5010284505228644 0.55 0.7 0.15 0.8 0.0 0.45 0.9 0.65 0.7 0.6 0.15 0.3 1.0 0.6 0.75 0.8 0.55 0.4 0.9 0.5 0.0 0.2 1.0 0.25 1.0 0.7 0.65 0.8 0.25 0.45 1.0 0.4 0.7 0.8 0.85 0.5 
-0.0029215275900722325 0.3964145761580128 0.4211545333908408 0.55 0.9 1.0 1.0 0.0 0.45 0.7 0.4 0.35 0.85 0.8 0.05 1.0 0.9 0.8 0.3 0.05 0.65 0.5 0.5 0.7 0.4 0.4 0.75 0.95 0.7 0.4 0.85 0.3 0.5 0.7 0.3 0.2 0.9 0.85 0.5 
-0.07429408090122452 0.6479138124875005 0.4046898870548515 1.0 0.55 0.55 0.45 0.9 0.85 0.3 0.0 0.65 0.2 0.3 1.0 0.9 1.0 0.75 0.95 0.55 0.55 0.1 0.65 0.3 0.0 0.15 0.45 0.95 0.45 0.75 0.15 0.55 0.1 0.1 0.25 0.9 1.0 0.8 0.3 
-0.0015322477990825556 0.5457048447048249 0.2783224094499336 1.0 0.55 0.55 0.45 0.4 0.85 0.15 0.95 0.8 0.95 0.9 1.0 0.9 0.2 0.9 0.55 0.5 0.0 0.7 0.65 0.3 0.9 0.8 0.45 0.7 0.45 0.75 0.6 0.45 0.75 0.95 0.35 0.9 0.85 0.8 0.3 
-0.00028285560844449595 0.4250499148568705 0.6008455614642176 0.75 0.2 0.05 0.35 0.4 0.55 0.25 0.4 0.25 0.85 0.8 0.35 0.75 0.45 0.2 0.95 0.85 0.1 0.3 0.5 0.9 0.85 0.4 0.75 1.0 0.7 0.4 0.85 0.3 0.5 0.85 0.0 0.5 0.9 0.85 0.55 
-0.09378639757358394 0.4910785854013037 0.6365977528944062 0.55 0.65 0.1 0.35 0.5 0.55 0.25 0.4 0.25 0.85 0.8 0.2 0.75 0.4 0.6 0.95 0.85 0.15 0.0 0.45 0.9 0.9 0.4 0.75 1.0 0.7 0.4 0.85 0.3 0.5 0.95 0.3 0.55 0.9 0.85 0.55 
-0.011434795314791624 0.32969704178314374 0.469212175207818 0.45 0.05 0.3 1.0 0.0 0.45 0.15 0.7 0.6 0.4 0.1 0.3 0.85 0.4 0.25 0.8 0.55 0.0 0.25 0.55 0.45 0.2 0.6 0.55 1.0 0.7 0.75 1.0 0.3 0.45 1.0 0.3 0.55 0.7 0.85 0.5 
-0.03913760375125607 0.6922430693157617 0.5844975961945788 0.85 0.65 0.2 0.9 0.45 0.35 0.4 0.15 0.45 0.4 0.05 0.5 1.0 0.5 0.55 0.2 0.15 0.05 0.9 0.1 0.8 0.25 0.15 0.6 0.95 0.3 0.6 0.45 0.45 0.65 0.85 0.9 0.55 0.15 0.6 0.5 
-0.004525930199684066 0.31942265151140126 0.4257401280671466 1.0 0.7 0.15 0.95 0.0 0.45 0.65 0.15 0.8 0.85 0.1 0.3 1.0 0.6 0.75 0.5 0.55 0.3 0.65 0.1 0.8 0.2 0.6 1.0 0.05 0.7 0.75 1.0 0.3 0.45 1.0 0.3 0.55 0.75 0.85 0.5 
-0.006695437137028187 0.5446539053465607 0.32206960679461616 1.0 0.55 0.5 0.25 0.4 0.85 0.25 0.95 0.8 0.3 0.65 0.85 0.75 0.35 0.95 0.6 0.15 0.0 0.7 0.1 0.9 0.5 0.15 0.45 0.95 0.4 0.65 0.65 0.35 0.5 0.8 0.3 0.9 0.8 0.8 0.3 
-0.02511055213138594 0.5198182077941889 0.6282179266642849 0.85 0.4 0.15 0.65 0.45 0.35 0.4 0.1 0.5 0.4 0.05 0.3 0.9 0.5 0.55 0.2 0.2 0.4 0.85 0.1 0.4 0.1 0.45 0.0 1.0 0.3 0.6 0.7 0.45 0.65 0.85 0.8 0.55 0.3 0.5 0.35 
-0.010022586122446104 0.6243524112675773 0.29550311091257697 1.0 0.55 0.5 0.4 0.4 0.85 0.55 0.05 0.8 0.2 1.0 1.0 0.3 0.2 0.7 0.6 0.5 0.5 0.4 0.35 0.3 0.9 0.05 0.9 0.95 0.45 0.75 0.05 0.65 0.75 0.95 0.35 0.9 0.85 0.8 0.3 
-0.08291790846327216 0.6264238529242893 0.641764109199798 0.75 0.65 0.2 0.9 0.45 0.35 0.5 0.15 0.4 0.4 0.05 0.55 0.85 0.5 0.3 0.2 0.85 0.05 0.85 0.1 1.0 0.25 0.8 0.9 0.95 0.3 0.6 0.65 0.45 0.65 0.85 0.9 0.75 0.3 0.6 0.5 
-0.005153608354564577 0.5501755513580973 0.6381595248433619 0.8 0.55 0.2 0.9 0.45 0.35 0.5 0.15 0.4 0.4 0.05 0.55 0.6 0.5 0.3 0.2 0.85 0.05 0.85 0.1 1.0 0.25 0.8 0.9 0.95 0.25 0.6 0.65 0.45 0.65 0.85 0.9 0.75 0.3 0.6 0.5 
-0.29048682061705183 0.7095598980854548 0.5508025223881673 1.0 0.35 0.55 0.45 0.45 0.1 0.85 0.95 0.8 0.1 0.7 1.0 0.8 0.2 0.6 0.7 0.5 0.1 0.95 0.65 0.5 0.6 0.15 0.45 0.95 0.4 0.75 0.05 1.0 0.7 0.8 0.35 0.9 0.7 0.8 0.3 
-0.00736005866147119 0.32265971595878773 0.4507302689642162 0.55 0.05 0.3 1.0 0.0 0.45 0.15 0.7 0.6 0.4 0.1 0.3 1.0 0.4 0.25 0.8 0.55 0.0 0.25 0.9 0.45 0.2 0.05 1.0 1.0 0.7 0.75 1.0 0.3 0.45 1.0 0.3 0.5 0.85 0.9 0.5 
-0.27669209434436653 0.46271666680517265 0.31496389759527965 0.45 0.35 0.6 0.95 0.5 0.65 0.25 0.45 0.95 0.75 0.8 0.45 0.95 0.15 0.55 0.55 0.95 0.3 0.15 0.5 0.5 0.45 0.1 1.0 0.65 0.4 0.35 1.0 0.45 0.05 0.5 0.45 0.8 1.0 1.0 0.9 
-0.0031113998623023744 0.535854685556221 0.6477532414282969 0.95 0.95 1.0 0.75 0.9 0.35 0.2 0.2 0.45 0.8 0.6 0.85 0.65 0.3 0.35 0.7 0.65 0.3 0.55 0.55 0.1 1.0 0.65 0.75 0.9 0.65 0.45 0.2 0.1 0.3 0.75 0.85 0.15 0.1 0.0 0.35 
-0.013119547982284313 0.6564705608211009 0.3682233793153781 0.95 0.55 0.8 0.45 0.4 0.85 1.0 0.95 0.7 0.15 0.3 1.0 0.3 0.65 0.9 0.6 0.75 0.85 0.7 0.6 0.85 0.6 0.15 0.45 0.95 0.45 0.75 0.15 0.6 0.3 0.8 0.35 0.9 0.85 0.8 0.3 
-0.003910689194834031 0.36932905584889997 0.4029290100984916 1.0 0.7 0.15 0.95 0.0 0.45 0.65 0.9 0.25 0.4 0.1 0.3 0.95 0.6 0.7 0.5 0.55 0.85 0.9 0.1 0.8 0.2 0.6 1.0 1.0 0.7 0.8 1.0 0.3 0.45 1.0 0.3 0.15 1.0 0.85 0.5 
-0.05379489667724801 0.6904144467439136 0.4373667763256209 1.0 0.55 0.4 0.35 0.4 0.85 0.2 0.45 0.8 0.2 0.3 0.75 0.95 0.45 0.7 0.6 0.55 0.95 0.3 0.35 0.3 0.8 0.15 0.45 0.95 0.4 0.7 0.3 0.65 0.4 0.8 0.3 0.9 0.85 0.8 0.35 
-0.025509524002340127 0.41760693846720853 0.346319710321538 0.45 0.35 0.4 0.95 0.5 0.65 0.25 0.45 0.95 0.75 0.8 0.45 0.95 0.15 0.55 0.55 0.0 0.3 0.15 0.85 0.5 0.45 0.1 1.0 0.65 0.4 0.35 1.0 0.45 0.05 0.5 0.45 0.8 1.0 1.0 0.9 
-0.008857358860034399 0.46065737623425557 0.3429844466250567 0.45 0.35 0.4 0.95 0.5 0.65 0.3 0.45 0.95 0.75 0.8 0.45 0.95 0.15 0.55 0.15 0.1 0.3 0.15 0.55 1.0 0.45 0.1 1.0 0.8 0.4 0.4 1.0 0.45 0.05 0.45 0.7 0.8 1.0 1.0 0.9 
-0.017891558094180835 0.6810702332786578 0.4774952872580569 1.0 0.55 0.6 0.55 0.4 0.7 0.25 1.0 0.8 0.2 0.3 1.0 0.8 0.35 0.0 0.85 0.15 0.9 0.1 0.9 0.9 0.55 0.1 0.95 0.95 0.4 0.75 0.35 0.55 0.7 0.8 0.3 0.9 0.85 0.8 0.3 
-0.017676414755062403 0.530748296877623 0.27832340065037753 1.0 0.55 0.65 0.45 0.4 0.85 0.15 0.5 0.8 0.65 0.3 1.0 1.0 0.45 0.9 0.55 0.5 0.05 0.7 0.65 0.45 0.9 0.8 0.15 0.65 0.45 0.75 0.2 0.45 0.6 0.8 0.35 0.9 0.85 0.8 0.3 
-0.06766773893416322 0.6635333818573441 0.39375842003499745 1.0 0.55 0.4 0.35 0.4 0.85 0.2 0.45 0.8 0.2 0.3 0.75 1.0 0.45 0.7 0.6 0.55 0.95 0.3 0.75 0.3 0.8 0.15 0.45 0.95 0.4 0.7 0.3 0.65 0.4 0.8 0.3 0.9 0.85 0.8 0.35 
-0.027566427641105437 0.5078667639694451 0.3162557851862744 1.0 0.55 0.55 0.45 0.45 0.85 0.15 0.95 0.8 0.95 0.9 1.0 0.9 0.2 0.9 0.55 0.5 0.0 0.7 0.65 0.3 0.9 0.8 0.45 0.55 0.45 0.75 0.6 0.45 0.75 0.95 0.35 0.9 0.85 0.8 0.3 
-0.0015172208700789318 0.36269129348799056 0.41737102447896784 0.7 0.05 0.15 1.0 0.95 0.45 0.15 0.7 0.6 0.4 0.1 0.3 1.0 0.4 0.25 0.8 0.55 0.0 0.25 0.55 0.45 0.2 0.6 0.55 1.0 0.7 0.75 1.0 0.3 0.45 0.35 0.3 0.55 1.0 0.85 0.5 
-0.01753137649931556 0.32265453975295155 0.5312026818298553 0.45 0.2 0.35 0.35 0.0 0.55 0.7 0.4 0.25 0.85 0.8 0.35 0.75 0.8 0.6 0.95 0.75 0.1 0.5 0.85 0.9 0.05 0.4 0.75 0.7 0.7 0.4 0.85 0.3 0.5 0.85 0.3 0.55 0.9 0.85 0.55 
-0.0011021738300499592 0.5332022569770266 0.30101277042363805 1.0 0.55 0.45 0.3 0.4 0.8 0.8 0.5 0.8 0.65 0.3 1.0 1.0 0.45 0.9 0.55 0.9 0.0 0.85 0.55 0.5 0.9 0.8 0.15 0.75 0.45 0.75 0.2 0.45 0.25 0.8 0.35 0.9 0.85 0.8 0.3 
-0.04082409895564305 0.44482675663523563 0.32651282885562594 0.45 0.35 0.6 0.95 0.5 0.65 0.25 0.45 0.95 0.75 0.8 0.45 0.9 0.15 0.55 0.55 0.95 0.3 0.15 0.5 0.5 0.45 0.1 1.0 0.65 0.4 0.35 1.0 0.45 0.05 0.5 0.45 0.8 1.0 1.0 0.9 
-0.1776007072750211 0.46975004623917904 0.6340232497108169 0.55 0.65 0.1 0.35 0.5 0.55 0.25 0.4 0.25 0.85 0.8 0.4 0.5 0.45 0.6 0.95 0.85 0.1 0.1 0.45 0.75 0.85 0.4 0.55 0.95 0.7 0.4 0.85 0.3 0.5 0.95 0.3 0.55 0.9 0.85 0.55 
-0.05933951273277857 0.5044982767488214 0.6560294511136786 0.0 0.75 1.0 0.75 0.9 0.35 0.95 0.85 0.3 0.8 0.55 0.25 0.65 0.9 0.35 0.4 0.65 0.1 0.2 0.65 0.1 0.45 0.75 0.75 0.95 0.65 0.45 0.2 0.1 0.3 0.85 0.85 0.2 0.1 0.95 0.95 
-0.03365091944788752 0.40303871065203334 0.5952895804097184 0.8 1.0 0.05 0.35 0.0 0.55 0.25 0.4 0.25 0.2 0.8 0.35 0.75 0.45 0.6 0.95 0.85 0.7 0.1 0.85 0.9 0.85 1.0 0.75 0.95 0.7 0.4 0.5 0.3 0.5 0.95 0.3 0.55 0.95 0.85 0.55 
-0.01748609136568186 0.6345480912758287 0.34143818216809785 1.0 0.55 0.1 0.4 0.4 0.85 0.15 0.05 0.8 0.2 0.85 1.0 0.95 0.15 0.9 0.6 0.5 0.5 0.4 0.95 0.3 0.9 0.2 0.45 0.95 0.45 0.75 0.05 0.65 0.75 1.0 0.35 0.9 0.8 0.8 0.3 
-0.002633035433713097 0.6364594806284465 0.3355325255763735 1.0 0.55 0.35 0.4 0.4 0.85 0.15 0.05 0.8 0.6 0.3 1.0 0.3 0.2 0.9 0.6 0.5 0.1 0.4 0.95 0.3 0.9 0.05 0.45 0.95 0.45 0.75 0.3 0.65 0.5 0.95 0.35 0.9 0.85 0.8 0.3 
-0.056737278992572276 0.6161332751773716 0.31205663326437605 1.0 0.55 0.6 0.6 0.4 0.85 0.25 0.95 0.8 0.2 0.3 0.85 0.85 0.35 0.7 0.6 0.15 0.0 0.7 0.9 0.9 0.5 0.15 0.45 0.95 0.4 0.65 0.65 0.45 0.45 1.0 0.3 0.9 0.65 0.8 0.3 
-0.03999484178017697 0.3696646738314814 0.6264697984563197 0.65 0.6 0.0 0.35 0.0 0.55 0.55 0.4 0.25 0.35 0.8 0.35 0.75 0.45 0.8 0.95 0.85 0.0 0.5 0.85 0.9 0.6 0.2 0.75 0.8 0.7 0.4 0.85 0.3 0.5 0.95 0.3 0.55 0.9 0.85 0.55 
-0.05683102849067147 0.5691828183530492 0.2865651589646345 0.95 0.55 0.55 0.45 0.4 0.85 0.15 0.5 0.8 0.65 0.3 1.0 0.55 0.45 0.9 0.55 0.5 0.05 0.7 0.65 0.45 0.9 1.0 0.15 0.95 0.45 0.75 0.0 0.3 0.35 0.8 0.35 0.9 0.85 0.8 0.3 
-0.018018228010879066 0.3713903819820865 0.3829507250852002 0.35 1.0 0.3 1.0 0.0 0.5 0.15 0.7 0.1 0.4 0.1 0.3 1.0 0.4 0.25 0.7 0.55 0.0 0.9 0.5 0.8 0.2 0.6 0.55 1.0 0.7 0.75 1.0 0.3 0.45 1.0 0.35 0.45 1.0 0.85 0.5 
-0.04158261152332627 0.3035292188061861 0.46174965048413613 0.7 0.05 0.3 1.0 0.0 0.45 0.15 0.7 0.6 0.4 0.1 0.3 1.0 0.4 0.25 0.8 0.55 0.0 0.25 0.55 0.45 0.2 0.6 0.55 1.0 0.7 0.75 1.0 0.3 0.45 1.0 0.3 0.55 1.0 0.85 0.5 
-0.021089506480000957 0.30620193725669775 0.5096754273680345 0.35 0.7 0.15 1.0 1.0 0.45 0.9 0.7 0.1 0.5 0.1 0.3 1.0 0.6 0.75 0.5 0.55 0.35 0.9 0.5 0.8 0.2 1.0 0.55 1.0 0.7 0.75 0.8 0.35 0.45 1.0 0.4 0.55 1.0 0.85 0.5 
-0.04138742865910072 0.4361766989079635 0.6254549206980191 0.8 0.15 0.05 0.15 0.0 0.55 0.25 0.4 0.25 0.2 0.8 0.35 0.75 0.45 0.6 0.9 0.85 0.1 0.65 0.85 0.9 0.85 1.0 0.75 0.95 0.7 0.4 0.85 0.3 0.5 0.95 0.3 0.55 0.95 0.85 0.55 
-0.002194042293967677 0.31062614011885736 0.4946599418093106 0.35 0.75 1.0 1.0 0.0 0.45 0.15 0.4 0.25 0.85 0.8 0.3 1.0 0.6 0.75 0.4 0.55 0.0 0.9 0.5 0.8 0.4 0.4 0.55 1.0 0.7 0.4 0.6 0.3 0.45 0.85 0.3 0.55 0.9 0.85 0.5 
-0.052710340209931233 0.3278994511865616 0.5661100000685844 0.5 1.0 0.05 0.35 0.0 0.55 0.25 0.4 0.25 0.85 0.8 0.35 0.9 0.45 0.6 0.95 0.15 0.1 0.5 0.85 0.85 0.85 0.7 0.75 1.0 0.7 0.4 0.85 0.3 0.5 0.85 0.3 0.55 0.9 0.85 0.55 
-0.01052065091275141 0.42387504027780987 0.6145639294230798 0.8 1.0 0.05 0.35 0.0 0.55 0.25 0.4 0.25 0.0 0.8 0.35 0.75 0.45 0.6 0.95 0.9 0.1 0.1 0.85 0.9 0.85 1.0 0.75 0.95 0.7 0.4 0.85 0.3 0.5 0.95 0.3 0.55 0.95 0.85 0.55 
-149.14661081241204 0.48090036250783363 0.6600894437298852 0.75 0.75 1.0 0.75 0.9 0.35 0.95 0.5 0.45 0.5 0.35 0.25 0.95 0.4 0.35 0.4 0.65 0.3 0.2 0.4 0.1 0.45 0.6 0.75 0.95 0.65 0.45 0.2 0.1 0.3 0.9 0.85 0.2 0.05 0.95 0.25 
-0.018008733242869102 0.5999800418477514 0.2851121047739973 1.0 0.55 0.55 0.4 0.4 0.85 0.15 0.95 0.8 0.2 0.3 1.0 0.3 0.2 0.9 0.6 0.5 0.0 0.7 0.65 0.3 0.9 0.05 0.45 0.95 0.45 0.75 0.05 0.65 0.7 0.95 0.35 0.9 0.85 0.8 0.3 
-0.1582853266707389 0.7105639699314333 0.5066935376078393 1.0 0.55 0.55 0.45 0.95 0.85 0.3 0.95 0.45 0.2 0.3 1.0 0.9 1.0 0.55 0.75 0.55 0.55 0.1 0.65 0.3 0.0 0.15 0.45 0.95 0.45 0.75 0.05 0.65 0.1 0.95 0.25 0.9 0.7 0.8 0.3 
-0.05472199479498168 0.38167699028490953 0.6455403459637903 0.45 0.75 0.0 0.35 0.0 0.55 0.55 0.05 0.5 0.85 0.8 0.35 0.4 0.45 0.8 0.95 0.85 0.1 0.5 0.85 0.9 0.4 0.4 0.75 0.95 0.7 0.4 0.85 0.3 0.5 0.95 0.3 0.55 0.9 0.85 0.55 
-0.05782832258444554 0.7003923488893429 0.5548112201020983 1.0 0.35 0.55 0.45 0.45 0.1 0.85 0.95 0.8 0.1 0.7 1.0 0.8 0.2 0.6 0.7 0.0 0.0 0.25 0.65 0.5 0.6 0.15 0.45 0.95 0.4 0.75 0.05 0.65 0.05 0.8 0.35 0.9 0.7 0.8 0.3 
-0.05434590273687512 0.40775765204732195 0.6340647402378429 0.55 0.65 0.1 0.35 0.5 0.55 0.25 0.4 0.25 0.85 0.8 0.2 0.4 0.45 0.2 0.95 0.85 0.15 0.1 0.45 0.9 0.85 0.4 0.75 1.0 0.7 0.4 0.85 0.3 0.5 0.95 0.3 0.55 0.9 0.85 0.55 
-0.05242278756560532 0.3891134412318643 0.6220515252807811 0.45 0.75 0.0 0.35 0.0 0.55 0.55 0.4 0.5 0.85 0.8 0.35 0.1 0.45 0.8 0.95 0.85 0.1 0.5 0.85 0.9 0.6 0.4 0.5 1.0 0.7 0.4 0.85 0.3 0.2 0.95 0.3 0.55 0.9 0.85 0.55 
-0.030382714347215973 0.5296230770775765 0.6592096248894471 0.95 0.95 1.0 0.75 0.9 0.35 0.2 0.2 0.45 0.8 0.6 0.85 0.65 0.3 0.35 0.7 0.65 0.3 0.2 0.55 0.1 1.0 0.65 0.75 0.9 0.65 0.45 0.2 0.1 0.3 0.75 0.85 0.2 0.1 0.0 0.35 
-0.030053675624590617 0.3546929640374934 0.6504181637264002 0.65 1.0 0.05 0.35 0.0 0.55 0.25 0.4 0.25 0.85 0.8 0.35 0.75 0.45 0.35 0.95 0.85 0.1 0.1 0.85 0.9 0.85 0.4 0.75 1.0 0.7 0.4 0.85 0.3 0.5 0.95 0.3 0.55 0.9 0.85 0.55 
-0.03288115871488018 0.34048399926396805 0.6249718077795305 0.55 0.7 0.15 1.0 0.0 1.0 1.0 0.7 0.05 1.0 0.15 0.3 1.0 0.6 0.75 0.85 0.45 0.4 0.9 0.95 0.8 0.85 1.0 0.05 1.0 0.7 0.65 1.0 0.25 0.45 1.0 0.4 0.7 1.0 0.85 0.5 
-0.06275836735586535 0.3666022530269911 0.6046117665419175 0.35 0.6 0.05 0.35 0.0 0.55 0.55 0.4 0.25 0.35 0.8 0.35 0.75 0.45 0.8 0.95 0.85 0.1 0.5 0.5 0.9 0.6 0.55 0.75 0.9 0.7 0.4 0.95 0.3 0.5 0.6 0.3 0.55 0.9 0.85 0.55 
-0.004707029495049756 0.3130622072094832 0.3922868939519367 0.9 0.7 0.15 0.95 0.0 0.45 0.0 0.9 0.1 0.4 0.85 0.3 1.0 0.6 0.75 0.7 0.55 0.0 0.25 0.1 0.8 0.2 0.6 1.0 1.0 0.7 0.75 1.0 0.3 0.45 0.85 0.3 0.4 1.0 0.85 0.5 
-0.0068120826753613455 0.3755449173817543 0.3593340767819411 1.0 0.7 0.15 1.0 0.0 0.45 0.65 0.7 0.1 0.05 0.35 0.3 1.0 0.6 0.55 0.5 0.55 0.4 0.9 0.1 0.8 0.2 0.6 1.0 1.0 0.7 0.75 1.0 0.3 0.45 0.45 0.3 0.55 1.0 0.85 0.5 
-0.2600611825074125 0.44637148517870706 0.6502952056499347 0.55 0.65 0.1 0.35 0.6 0.55 0.25 0.4 0.25 0.85 0.8 0.3 0.5 0.45 0.6 0.95 0.85 0.1 0.1 0.45 0.75 0.85 0.4 0.55 0.95 0.7 0.4 0.85 0.3 0.5 0.95 0.3 0.55 0.9 0.85 0.55 
-0.0785370551072479 0.34537247125402715 0.6016267545007489 0.75 0.2 0.65 0.45 0.4 0.45 0.25 0.4 0.25 0.85 0.8 0.35 0.75 0.45 0.2 0.95 0.85 0.1 0.3 0.5 0.9 0.85 0.4 0.75 1.0 0.7 0.4 0.85 0.3 0.5 0.85 0.3 0.5 0.9 0.85 0.55 
-0.02200679302785343 0.2886203829884857 0.4661505816007675 0.55 0.05 0.3 1.0 0.0 0.45 0.15 0.7 0.6 0.4 0.1 0.3 1.0 0.4 0.25 0.8 0.55 0.0 0.25 0.9 0.45 0.2 0.6 0.55 1.0 0.7 0.75 1.0 0.3 0.45 1.0 0.3 0.55 1.0 0.85 0.5 
-0.013801915463060933 0.3019438966670607 0.507678150697953 0.35 0.7 0.6 0.6 0.0 0.45 1.0 0.7 0.1 0.4 0.1 0.3 1.0 0.6 0.75 0.5 0.55 0.4 0.9 0.5 0.8 0.45 0.6 0.55 1.0 0.7 0.55 1.0 0.3 0.45 1.0 0.4 0.55 1.0 0.85 0.5 
-0.020023359722937936 0.33837366328419194 0.5802304421687624 0.45 1.0 0.05 0.35 0.0 0.55 0.25 0.4 0.25 0.85 0.8 0.35 0.75 0.45 0.6 0.95 0.15 0.1 0.5 0.85 0.85 0.85 0.4 0.75 1.0 0.7 0.4 0.8 0.3 0.5 0.85 0.3 0.55 0.9 0.85 0.55 
-0.2842748380006713 0.5032684921333892 0.6788279708877337 0.95 0.95 1.0 0.75 0.9 0.35 0.2 0.2 0.45 0.8 0.6 0.85 0.65 0.3 0.35 0.7 0.65 0.3 0.2 0.55 0.1 1.0 0.65 0.75 0.9 0.65 0.45 0.2 0.1 0.3 0.9 0.85 0.2 0.1 0.0 0.35 
-0.015606835109149638 0.6819449582285751 0.42705087818739385 1.0 0.55 0.45 0.35 0.4 0.85 0.2 0.45 0.8 0.2 0.3 0.35 0.75 0.3 0.7 0.6 0.55 0.95 0.85 0.35 0.3 0.1 0.15 0.45 0.95 0.4 0.7 0.3 0.65 0.4 0.8 0.3 0.9 0.85 0.8 0.35 
-0.3108620059684088 0.4320611937480358 0.6501117901694774 0.8 1.0 0.05 0.35 0.0 0.55 0.25 0.4 0.25 0.2 0.8 0.35 0.75 0.4 0.6 0.9 0.85 0.1 0.65 0.85 0.9 0.85 1.0 0.75 0.95 0.7 0.4 0.85 0.3 0.5 0.95 0.3 0.55 0.95 0.85 0.55 
-0.013804395712204848 0.3285773161231196 0.4043034678252469 1.0 0.7 0.95 0.95 0.0 0.45 0.65 0.9 0.55 0.45 0.1 0.3 1.0 0.6 0.75 0.1 0.6 0.7 0.25 0.25 0.8 0.2 0.65 1.0 1.0 0.7 0.8 1.0 0.3 0.45 1.0 0.3 0.6 0.95 0.8 0.5 
-0.012540432645084856 0.5363264849363326 0.6633364129312234 0.95 0.95 1.0 0.75 0.9 0.35 0.2 0.2 0.45 0.8 0.6 0.85 0.95 0.3 0.35 0.7 0.65 0.3 0.15 0.55 0.05 1.0 0.65 0.75 0.9 0.65 0.45 0.2 0.1 0.3 0.9 0.85 0.2 0.1 0.0 0.35 
-0.188214735834196 0.32322721671445864 0.5685287544240747 0.45 0.7 0.15 0.95 0.85 0.45 0.65 0.9 0.55 0.4 0.1 0.3 1.0 0.55 0.75 0.8 0.55 0.05 0.9 0.95 0.8 0.2 0.6 1.0 1.0 0.7 0.75 1.0 0.3 0.45 1.0 0.3 0.55 1.0 0.85 0.5 
-0.005483953022249903 0.3270061163249157 0.3738676053429457 1.0 0.7 0.15 0.95 0.0 0.45 0.65 0.9 0.1 0.4 0.85 0.3 1.0 0.6 0.75 0.5 0.65 0.3 0.9 0.1 0.8 0.2 0.6 1.0 1.0 0.7 0.7 1.0 0.3 0.45 0.7 0.3 0.4 1.0 0.85 0.5 
-0.1271431625922749 0.39921171184393356 0.6438501191785211 0.8 1.0 0.05 0.35 0.0 0.55 0.25 0.4 0.25 0.2 0.8 0.35 0.75 0.45 0.95 0.9 0.85 0.1 0.65 0.85 0.9 0.85 1.0 0.75 0.95 0.7 0.4 0.85 0.3 0.5 0.9 0.3 0.55 0.95 0.85 0.55 
-0.5505374995065633 0.379480067172139 0.6606827721965296 0.45 0.75 0.0 0.35 0.0 0.55 0.55 0.4 0.5 0.85 0.8 0.35 0.4 0.45 0.8 0.95 0.85 0.1 0.5 0.85 0.9 0.6 0.4 0.75 1.0 0.7 0.4 0.85 0.3 0.5 0.95 0.3 0.55 0.9 0.85 0.55 
-0.11361868463579787 0.5542961283040457 0.685287545674361 1.0 0.35 0.55 0.0 0.45 0.1 0.3 0.95 0.8 0.35 0.7 0.15 0.8 1.0 0.5 0.65 0.4 0.85 0.95 0.65 0.5 0.6 0.15 0.45 0.95 0.4 0.75 0.05 0.65 0.9 1.0 0.35 0.9 0.7 0.8 0.3 
-0.04758477417297383 0.6585507830726037 0.356270276239805 1.0 0.55 0.55 0.45 0.4 0.85 0.3 0.9 0.45 0.3 0.3 0.95 0.3 0.2 0.5 0.6 0.8 0.55 0.7 0.65 0.3 0.9 0.15 0.45 0.95 0.45 0.75 0.05 0.65 0.1 0.95 0.35 0.9 0.85 0.8 0.25 
-0.020305422943438987 0.5824597592534905 0.26451628204730193 1.0 0.55 0.55 0.45 0.4 0.85 0.15 0.95 0.8 0.95 0.8 1.0 1.0 0.5 0.9 0.55 0.5 0.45 0.7 0.3 0.3 0.9 0.4 0.45 0.9 0.45 0.75 0.15 0.65 0.1 0.95 0.35 0.9 0.85 0.8 0.3 
-0.008394440869818528 0.5126461499587162 0.6783877030814516 0.95 0.95 1.0 0.75 0.9 0.35 0.2 0.2 0.45 0.8 0.6 0.85 0.5 0.3 0.35 0.7 0.65 0.3 0.2 0.55 0.1 1.0 0.65 0.75 0.9 0.65 0.45 0.2 0.1 0.3 0.9 0.85 0.2 0.1 0.0 0.35 
-0.023443235278500806 0.3496373712057432 0.3812195861566102 1.0 0.7 0.15 0.95 0.0 0.45 0.75 0.9 0.85 0.4 0.1 0.75 0.8 0.6 0.75 0.5 0.55 0.05 0.65 0.1 0.8 0.2 0.25 1.0 1.0 0.75 0.75 1.0 0.3 0.45 0.85 0.3 0.15 1.0 0.85 0.5 
-0.021808118949942872 0.37145620513268773 0.3633999168054459 1.0 0.7 0.15 0.95 0.0 0.45 0.65 0.9 0.85 0.4 0.1 0.3 0.8 0.6 0.75 0.5 0.55 0.05 0.65 0.1 0.8 0.2 0.6 1.0 1.0 0.7 0.75 1.0 0.3 0.45 0.85 0.3 0.15 1.0 0.85 0.5 
-0.0947321611846116 0.704304370614282 0.4811146337781948 1.0 0.55 0.55 0.45 0.9 0.85 0.3 0.95 0.45 0.2 0.3 1.0 0.5 1.0 0.55 0.75 0.55 0.55 0.1 0.65 0.3 0.0 0.15 0.45 0.95 0.45 0.75 0.05 0.5 0.1 0.95 0.25 0.9 1.0 0.8 0.3 
-0.05413696524226918 0.3037947412276306 0.41377811312126245 1.0 0.7 0.15 1.0 0.0 0.45 0.65 0.7 0.1 0.4 0.1 0.3 1.0 0.6 0.65 0.5 0.55 0.4 0.9 0.1 0.8 0.2 0.6 1.0 1.0 0.7 0.75 1.0 0.3 0.45 1.0 0.3 0.55 1.0 0.85 0.45 
-0.017134283141430853 0.34180387304484816 0.6339334919637307 0.95 0.6 0.05 0.35 0.0 0.55 0.55 0.4 0.25 0.35 0.1 0.35 0.75 0.45 0.8 0.95 0.85 0.1 0.75 0.85 0.9 0.5 0.55 0.9 0.8 0.7 0.4 0.85 0.3 0.5 1.0 0.3 0.55 0.9 0.85 0.55 
-1.0716256327580134 0.36837303289241985 0.6684651567415806 0.95 0.6 0.05 0.35 0.0 0.55 0.55 0.4 0.25 0.35 0.1 0.35 0.75 0.45 0.85 0.95 0.85 0.1 0.75 0.85 0.9 0.8 0.55 0.6 1.0 0.7 0.4 0.85 0.3 0.5 1.0 0.3 0.55 1.0 0.85 0.55 
-0.0130186298400932 0.3025715685759629 0.5467779443315676 0.35 1.0 0.5 1.0 0.0 0.45 0.15 0.7 0.7 0.4 0.1 0.65 1.0 0.4 0.7 0.7 0.55 0.0 0.6 1.0 0.8 0.2 0.25 0.55 1.0 0.7 0.75 1.0 0.3 0.45 1.0 0.3 0.45 1.0 0.85 0.5 
-0.020062041822199023 0.5796583807213312 0.6731411736756536 0.85 0.05 0.2 0.9 0.45 0.35 0.4 0.15 0.45 0.4 0.05 0.5 0.8 0.5 0.25 0.2 0.2 0.05 0.9 0.1 0.0 0.05 0.15 0.8 1.0 0.3 0.6 0.85 0.45 0.65 0.95 0.65 0.55 0.4 0.6 0.5 
-0.2209372129219537 0.33618928079132604 0.6343901339331284 0.95 0.6 0.05 0.35 0.0 0.55 0.55 0.4 0.25 0.35 0.1 0.35 0.75 0.45 0.8 0.95 0.85 0.1 0.75 0.85 0.9 0.5 0.55 0.9 0.8 0.7 0.4 0.85 0.3 0.5 1.0 0.3 0.55 1.0 0.85 0.55 
-0.13121064411486252 0.4302222896443204 0.3156016854240894 1.0 0.7 0.25 0.9 0.0 0.45 0.65 0.9 0.55 0.4 0.1 0.3 1.0 0.6 0.7 0.5 0.55 0.3 0.9 0.1 0.8 0.2 0.6 1.0 1.0 0.7 0.8 1.0 0.3 0.45 1.0 0.3 0.15 1.0 0.85 0.5 
-0.003861138526939866 0.2810198967241342 0.4872519708624354 0.5 0.7 0.25 1.0 0.0 0.45 1.0 0.6 0.1 0.7 0.1 0.3 1.0 0.6 0.75 0.65 0.25 0.1 0.9 0.5 0.8 0.3 0.6 0.35 1.0 0.7 0.4 0.95 0.3 0.45 1.0 0.4 0.55 1.0 0.85 0.5 
-0.09183906864861174 0.2803786559868783 0.5404479310458503 0.35 0.7 0.15 1.0 0.0 0.45 0.9 0.7 0.1 0.5 0.1 0.3 1.0 0.6 0.75 0.5 0.55 0.35 0.9 0.5 0.8 0.2 1.0 0.55 1.0 0.7 0.75 0.8 0.25 0.45 1.0 0.4 0.55 1.0 0.85 0.5 
-0.04681202491948719 0.27669965243335726 0.5139299478191101 0.45 0.7 0.15 0.95 0.85 0.3 0.65 0.9 0.55 0.4 0.1 0.3 1.0 0.55 0.75 0.8 0.55 0.05 0.9 0.95 0.8 0.2 0.6 1.0 1.0 0.7 0.75 1.0 0.3 0.45 1.0 0.3 0.55 1.0 0.85 0.5 
-0.02054615781007052 0.3060403838455179 0.5839745874134639 0.55 0.8 0.15 1.0 0.0 0.45 0.9 0.7 0.05 1.0 0.15 0.3 1.0 0.6 0.75 0.8 0.45 0.25 0.9 0.95 0.8 0.85 1.0 0.65 1.0 0.7 0.65 1.0 0.25 0.45 1.0 0.4 0.7 1.0 0.85 0.5 
-0.025193493864776956 0.6775406330967912 0.3527770239516333 1.0 0.55 0.1 0.4 0.4 0.85 0.15 0.05 0.8 0.2 0.85 1.0 0.25 0.2 0.35 0.6 0.5 0.5 0.4 0.95 0.3 0.9 0.2 0.45 0.95 0.45 0.75 0.05 0.65 0.75 1.0 0.35 0.9 0.8 0.8 0.3 
-0.08658569705705955 0.6906029517830937 0.39781292985561006 1.0 0.55 0.55 0.45 0.4 0.85 0.8 0.9 0.75 0.3 0.3 0.95 0.3 0.2 0.75 0.6 0.5 0.55 0.7 0.65 0.3 0.9 0.15 0.45 0.95 0.45 0.75 0.05 0.3 0.1 0.95 0.35 0.9 0.85 0.8 0.25 
-0.03862175686030647 0.3786177373987578 0.3380338211551764 0.95 0.7 0.15 1.0 0.0 0.45 0.65 0.7 0.1 0.05 0.35 0.3 1.0 0.6 0.55 0.5 0.55 0.4 0.5 0.1 0.8 0.2 0.6 1.0 1.0 0.7 0.75 1.0 0.3 0.45 0.45 0.3 0.55 1.0 0.85 0.5 
-0.03597043952607637 0.6898412746157762 0.3667192851934599 1.0 0.55 0.55 0.45 0.4 0.85 0.15 0.95 0.8 0.2 0.3 1.0 0.85 0.2 0.9 0.6 0.8 0.85 0.7 0.6 0.3 0.6 0.15 0.45 0.95 0.45 0.75 0.85 0.6 0.7 0.8 0.35 0.9 0.85 0.8 0.3 
-0.021639689820257362 0.6380948691461329 0.3145561440977245 1.0 0.55 0.35 0.4 0.4 0.85 0.15 0.05 0.8 0.2 0.3 1.0 0.3 0.1 0.9 0.6 0.5 0.1 0.4 0.95 0.3 0.9 0.05 0.45 0.95 0.45 0.75 0.05 0.65 0.5 0.95 0.35 0.9 0.85 0.8 0.3 
-0.0006569010112781922 0.6847169098703324 0.37799880043630607 1.0 0.55 0.55 0.45 0.4 0.85 0.3 0.9 0.75 0.3 0.3 0.95 0.3 0.2 0.5 0.6 0.5 0.55 0.7 0.65 0.3 0.9 0.15 0.45 0.95 0.45 0.75 0.05 0.65 0.1 0.95 0.35 0.9 0.85 0.8 0.25 
-0.17907122557828775 0.2644106166310869 0.5653459182403272 0.45 0.7 0.15 1.0 0.0 0.45 0.9 0.7 0.05 0.8 0.15 0.3 1.0 0.6 0.75 0.5 0.55 0.4 0.9 0.5 0.8 0.5 1.0 0.05 1.0 0.7 0.65 1.0 0.25 0.45 1.0 0.4 0.7 0.85 0.85 0.5 
-0.11529942298604966 0.4062820020610089 0.32092813720718394 0.5 0.7 0.15 0.95 0.05 0.5 0.05 0.9 0.55 0.4 0.55 0.8 0.9 0.6 0.7 0.5 0.55 0.3 0.3 0.2 0.8 0.2 0.35 1.0 1.0 0.7 0.8 1.0 0.3 0.45 1.0 0.3 0.15 1.0 0.85 0.45 
-1.2764090129120964 0.32803094681350076 0.6101710518313656 0.45 1.0 0.05 0.35 0.0 0.55 0.3 0.2 0.25 0.7 0.15 0.35 0.65 0.45 0.3 0.9 0.85 0.15 0.1 0.9 0.9 0.7 0.4 0.75 1.0 0.7 0.4 0.85 0.3 0.5 0.95 0.3 0.75 0.9 0.85 0.55 
-0.02734141975948584 0.2646162914956047 0.4929293054336438 0.45 0.7 0.15 0.95 0.0 0.45 0.65 0.9 0.1 0.4 0.1 0.3 1.0 0.6 0.75 0.5 0.55 0.3 0.9 0.1 0.8 0.2 0.6 1.0 1.0 0.7 0.7 1.0 0.3 0.45 1.0 0.3 0.6 1.0 0.85 0.5 
-0.0044740980527501325 0.5929761490117252 0.259925880089773 1.0 0.55 0.65 0.45 0.4 0.85 0.15 0.5 0.8 0.65 0.3 1.0 1.0 0.45 0.9 0.55 0.5 0.6 0.7 0.65 0.45 0.9 0.8 0.15 0.65 0.45 0.75 0.2 0.45 0.6 0.8 0.35 0.9 0.85 0.8 0.3 
-0.0633342832724439 0.6722025079527469 0.28825066047435355 1.0 0.55 0.1 0.4 0.4 0.85 0.15 0.05 0.8 0.2 0.85 1.0 0.25 0.2 0.9 0.6 0.5 0.2 0.4 0.95 0.3 0.9 0.2 0.45 0.95 0.45 0.75 0.05 0.65 0.75 1.0 0.35 0.9 0.8 0.8 0.3 
-0.030121183869744345 0.726636667688197 0.5571581844733045 1.0 0.35 0.55 0.45 0.45 0.1 0.85 0.95 0.8 0.1 0.7 1.0 0.95 0.2 0.6 0.7 0.5 0.0 0.95 0.65 0.1 0.6 0.15 0.45 0.95 0.4 0.75 0.15 0.65 0.7 0.8 0.35 0.9 0.7 0.8 0.3 
-0.008594943502925207 0.2596476032331587 0.5360127171814629 0.35 0.7 0.0 1.0 0.0 0.45 0.9 0.7 0.1 0.8 0.15 0.3 1.0 0.6 0.75 0.25 0.55 0.35 0.9 0.5 0.4 0.2 1.0 0.05 1.0 0.7 0.55 1.0 0.3 0.45 1.0 0.4 0.7 1.0 0.85 0.5 
-0.6535993575639598 0.28800551278013475 0.40511526865755615 1.0 0.7 0.15 0.95 0.0 0.45 0.65 0.9 0.55 0.45 0.1 0.3 1.0 0.6 0.75 0.1 0.6 0.7 0.3 0.1 0.8 0.2 0.6 1.0 1.0 0.7 0.8 1.0 0.3 0.45 1.0 0.3 0.6 0.95 0.8 0.5 
-0.009512649810584061 0.6182342992775381 0.2813028725944854 1.0 0.55 0.35 0.4 0.4 0.85 0.15 0.05 0.8 0.2 0.3 1.0 0.3 0.2 0.9 0.6 0.5 0.1 0.4 0.95 0.3 0.9 0.05 0.45 0.95 0.45 0.75 0.05 0.65 0.5 0.95 0.35 0.9 0.85 0.8 0.3 
-0.009285570947132822 0.28605378763896927 0.43279180760904157 0.8 0.7 0.6 1.0 0.0 0.45 1.0 0.7 0.1 0.4 0.1 0.3 1.0 0.6 0.75 0.5 0.55 0.4 0.9 0.5 0.8 0.2 0.6 0.55 1.0 0.75 0.7 0.9 0.3 0.45 1.0 0.4 0.55 1.0 0.85 0.5 
-0.0198866864303044 0.6439130119431843 0.3162514714586445 1.0 0.55 0.35 0.4 0.4 0.85 0.15 0.05 0.8 0.2 0.3 1.0 0.3 0.2 0.9 0.6 0.5 0.5 0.4 0.95 0.3 0.9 0.05 0.45 0.95 0.45 0.75 0.05 0.65 0.5 0.95 0.35 0.9 0.85 0.8 0.3 
-0.020985826210471254 0.5573191000321359 0.26834368762037775 1.0 0.55 0.55 0.45 0.4 0.85 0.15 0.95 0.85 0.95 0.3 1.0 1.0 0.2 0.9 0.55 0.5 0.0 0.7 0.65 0.65 0.1 0.05 0.45 1.0 0.45 0.75 0.05 0.9 0.7 0.8 0.35 0.9 0.85 0.8 0.3 
-0.03649173011325472 0.7301884758144134 0.44369226082966173 1.0 0.55 0.55 0.45 0.9 0.65 0.3 0.4 0.45 0.2 0.95 1.0 0.9 1.0 0.45 0.85 0.55 0.55 0.55 0.65 0.3 0.0 0.15 0.45 0.95 0.45 0.75 0.1 0.65 0.35 0.95 0.25 0.9 1.0 0.8 0.3 
-0.26643253938113753 0.5621638730754579 0.25416573101445494 1.0 0.55 0.55 0.45 0.4 0.85 0.15 0.95 0.8 0.65 0.6 1.0 1.0 0.35 0.95 0.55 0.5 0.05 0.7 0.45 0.3 0.9 0.2 0.15 0.95 0.45 0.75 0.05 0.45 0.7 0.95 0.35 0.9 0.85 0.8 0.3 
-0.07262278242336666 0.5228565560854508 0.23728499419887544 1.0 0.55 0.55 0.45 0.4 0.85 0.15 0.95 0.6 0.65 0.3 1.0 1.0 0.45 0.95 0.55 0.5 0.05 0.3 0.45 0.75 0.9 0.2 0.15 1.0 0.45 0.75 0.05 0.75 0.45 0.95 0.35 0.9 0.85 0.8 0.3 
-0.015057292507826399 0.6051689919572613 0.2700351593350142 1.0 0.55 0.35 0.4 0.4 0.85 0.15 0.05 0.8 0.2 0.3 1.0 0.55 0.2 0.9 0.6 0.5 0.1 0.4 0.8 0.3 0.9 0.4 0.45 0.95 0.45 0.75 0.05 0.65 0.5 0.95 0.35 0.9 0.85 0.8 0.3 
-0.049163020815288415 0.7026895864616224 0.41496048001209157 1.0 0.55 0.45 0.4 0.9 1.0 0.3 0.95 0.45 0.2 0.3 1.0 0.9 1.0 0.55 0.75 0.55 0.55 0.1 0.65 0.3 0.0 0.15 0.45 0.95 0.45 0.75 0.15 0.55 0.35 0.95 0.25 0.9 1.0 0.8 0.3 
-0.08913796167432751 0.24932398868363936 0.517284321497447 0.35 0.7 0.6 1.0 0.0 0.45 1.0 0.7 0.1 0.8 0.1 0.3 1.0 0.6 0.75 0.5 0.55 0.2 0.9 0.5 0.8 0.2 0.6 0.1 1.0 0.7 0.75 1.0 0.3 0.45 1.0 0.4 0.55 1.0 0.85 0.5 
-0.035722371069830845 0.6462806915783889 0.2641636280818589 0.95 0.55 0.55 0.45 0.4 0.85 0.15 0.95 0.8 0.95 0.3 1.0 1.0 0.35 0.9 0.55 0.5 0.45 0.7 0.65 0.3 0.9 0.4 0.7 0.95 0.45 0.75 0.15 0.65 0.85 0.95 0.35 0.9 0.85 0.8 0.3 
-0.10150085865328304 0.31363754268765476 0.35706311783529227 0.9 0.7 0.15 0.95 0.0 0.45 0.0 0.9 0.1 0.4 0.85 0.3 1.0 0.6 0.75 0.5 0.55 0.25 0.4 0.1 0.8 0.2 0.6 1.0 0.8 0.7 0.75 1.0 0.3 0.45 1.0 0.3 0.4 1.0 0.85 0.5 
-0.1907038374691046 0.26936712040209654 0.4245947393307766 1.0 0.7 0.15 0.95 0.0 0.45 0.65 0.9 0.25 0.4 0.1 0.3 0.95 0.6 0.7 0.5 0.55 0.1 0.9 0.1 0.8 0.2 0.6 1.0 1.0 0.7 0.8 1.0 0.3 0.45 1.0 0.3 0.6 1.0 0.85 0.5 
-0.019563265171726175 0.6347149303699187 0.2852866227409686 1.0 0.55 0.55 0.4 0.4 0.85 0.55 0.05 0.8 0.2 1.0 1.0 0.3 0.2 0.7 0.6 0.5 0.5 0.4 0.35 0.3 0.9 0.05 0.9 1.0 0.45 0.75 0.05 0.65 0.75 0.95 0.35 0.9 0.85 0.8 0.3 
-0.2199245284203006 0.3355053759529769 0.6474097448937366 0.85 0.6 0.05 0.35 0.0 0.55 0.55 0.4 0.25 0.35 0.8 0.75 0.75 0.45 0.8 0.95 0.85 0.1 0.75 0.85 0.9 0.85 0.55 0.9 0.95 0.7 0.4 0.85 0.3 0.5 1.0 0.3 0.55 0.9 0.85 0.55 
-0.18795786579452894 0.267382888402372 0.4491951786443845 1.0 0.7 0.15 0.95 0.0 0.45 0.65 0.9 0.55 0.4 0.1 0.3 1.0 0.6 0.75 0.5 0.55 0.3 0.9 0.1 0.8 0.2 0.6 1.0 1.0 0.7 0.8 1.0 0.3 0.45 1.0 0.3 0.6 1.0 0.85 0.5 
-0.024115865131495644 0.7043965277980815 0.4538031719948328 1.0 0.55 0.45 0.45 0.9 1.0 0.3 0.95 0.45 0.2 0.3 1.0 0.9 1.0 0.55 0.75 0.55 0.55 0.1 0.65 0.3 0.0 0.15 0.45 0.95 0.45 0.75 0.15 0.55 0.35 0.95 0.25 0.9 1.0 0.8 0.3 
-0.007285661494779328 0.5150882751008381 0.2870427997196108 1.0 0.55 0.55 0.45 0.4 0.85 0.15 0.95 0.8 0.95 0.9 1.0 0.9 0.2 0.9 0.55 0.5 0.0 0.7 0.65 0.3 0.9 0.8 0.45 0.5 0.45 0.75 0.6 0.45 0.75 0.95 0.35 0.9 0.85 0.8 0.3 
-0.011090672657061946 0.5421060741012848 0.6974954070259237 1.0 0.35 0.55 0.0 0.45 0.1 0.85 0.95 0.8 0.1 0.7 0.15 0.6 1.0 0.5 0.35 0.4 0.9 0.95 0.65 0.5 0.6 0.15 0.45 0.95 0.4 0.75 0.05 0.65 0.9 1.0 0.35 0.9 0.7 0.8 0.3 
-0.010658874416863008 0.5413408239597056 0.24630681086422396 1.0 0.55 0.55 0.45 0.4 0.85 0.15 0.95 0.6 0.65 0.3 1.0 1.0 0.45 0.95 0.55 0.5 0.05 0.3 0.45 0.75 0.9 0.2 0.15 1.0 0.45 0.75 0.05 0.75 0.65 0.95 0.35 0.9 0.85 0.8 0.3 
-1.5026355488678562 0.7041838046714167 0.6049490681288783 0.95 0.55 0.55 0.45 0.9 0.65 0.3 0.4 0.45 0.2 0.95 1.0 1.0 1.0 0.7 0.75 0.5 0.55 0.1 0.65 0.3 0.0 0.15 0.45 0.95 0.45 0.75 0.15 0.85 0.0 0.95 0.25 0.9 0.7 0.8 0.3 
-0.017970269884482717 0.6699873589498467 0.3364915224897521 1.0 0.55 0.55 0.45 0.4 0.85 0.3 0.0 0.75 0.05 0.3 0.95 0.65 0.2 0.9 0.6 0.55 0.55 0.7 0.65 0.7 0.9 0.15 0.45 0.95 0.45 0.75 0.05 0.95 0.1 0.95 0.35 0.9 0.85 0.8 0.25 
-0.09497106458884652 0.5803092239714018 0.23393433800305335 1.0 0.55 0.55 0.45 0.4 0.85 0.15 0.95 0.8 0.95 0.8 1.0 1.0 0.5 0.9 0.55 0.5 0.45 0.7 0.3 0.3 0.9 0.4 0.45 0.95 0.45 0.75 0.15 0.65 0.1 0.95 0.35 0.9 0.85 0.8 0.3 
-0.4360722116722211 0.5014677705696559 0.2806622805564195 1.0 0.55 0.55 0.45 0.4 0.85 0.15 0.5 0.8 0.65 0.3 1.0 1.0 0.45 0.9 0.55 0.5 0.05 0.7 0.65 0.45 0.9 0.8 0.15 0.65 0.45 0.75 0.2 0.45 0.35 0.8 0.35 0.9 0.85 0.8 0.3 
-0.08060800335342033 0.5201966979109955 0.26361557433281946 1.0 0.55 0.55 0.45 0.4 0.85 0.15 0.95 0.8 0.65 0.3 1.0 1.0 0.45 0.9 0.2 0.5 0.0 0.7 0.65 0.8 0.9 0.8 0.15 0.95 0.45 0.75 0.2 0.45 0.65 0.95 0.35 0.9 0.85 0.8 0.3 
-0.16170852699686986 0.2885938204555033 0.592386929465862 0.55 0.7 0.15 1.0 0.0 0.45 0.9 0.7 0.05 1.0 0.15 0.3 0.45 0.6 0.75 0.8 0.45 0.35 0.6 0.95 0.8 0.85 1.0 0.05 1.0 0.7 0.65 0.9 0.25 0.45 1.0 0.4 0.7 1.0 0.85 0.5 
-0.010254545587708932 0.5517318651437443 0.23293616505203146 1.0 0.55 0.55 0.45 0.4 0.85 0.15 0.95 0.8 0.65 0.3 1.0 1.0 0.45 0.9 0.2 0.5 0.25 0.7 0.65 0.8 0.9 0.8 0.15 0.95 0.45 0.75 0.2 0.45 0.65 0.95 0.35 0.9 0.85 0.8 0.3 
-0.13273364720341937 0.36736634348544395 0.3287579366254637 1.0 0.95 0.45 0.95 0.0 0.45 0.65 0.95 0.85 0.4 0.1 0.3 1.0 0.6 0.75 0.6 1.0 0.05 0.15 0.1 0.8 0.2 0.6 1.0 1.0 0.7 0.75 1.0 0.3 0.45 1.0 0.3 0.15 0.85 0.85 0.5 
-0.016732838271123887 0.7281148533117664 0.4275879208103952 1.0 0.55 0.55 0.35 0.9 1.0 0.3 0.95 0.45 0.2 0.3 1.0 0.9 1.0 0.55 0.75 0.55 0.55 0.1 0.65 0.3 0.0 0.15 0.45 0.95 0.45 0.75 0.15 0.55 0.35 0.95 0.25 0.9 1.0 0.8 0.3 
-0.10208216507190479 0.33266252211391334 0.34675794440120045 0.75 0.7 0.15 0.95 0.0 0.45 0.65 0.9 0.55 0.4 0.1 0.3 1.0 0.6 0.75 0.5 0.55 0.3 0.65 0.1 0.8 0.2 0.6 1.0 1.0 0.7 0.75 1.0 0.3 0.45 1.0 0.3 0.25 1.0 0.85 0.5 
-0.03899571937276267 0.31228405808629456 0.3782464315664438 0.9 0.7 0.15 0.95 0.0 0.45 0.0 0.9 0.1 0.4 0.85 0.3 1.0 0.6 0.75 0.5 0.55 0.0 0.25 0.1 0.8 0.2 0.6 1.0 1.0 0.7 0.75 1.0 0.3 0.45 0.85 0.3 0.4 1.0 0.85 0.5 
-0.05164788687693265 0.6862964184410396 0.6118033045725138 0.85 0.65 0.2 0.95 0.45 0.35 0.4 0.15 0.45 0.4 0.05 0.5 1.0 0.5 0.25 0.2 0.15 0.0 0.9 0.1 0.0 0.05 0.15 0.6 0.95 0.3 0.6 0.7 0.45 0.65 1.0 0.65 0.35 0.65 0.6 0.55 
-0.12236685583901419 0.619777937453006 0.25651413310203663 0.95 0.55 0.75 0.45 0.4 0.85 0.15 0.95 0.8 0.95 0.3 1.0 1.0 0.35 0.9 0.55 0.5 0.45 0.7 0.65 0.3 0.9 0.4 0.7 0.95 0.45 0.75 0.15 0.65 0.7 0.95 0.35 0.9 0.85 0.8 0.3 
-0.856084764828978 0.3100480252958654 0.633499149006484 0.35 0.7 0.15 0.85 0.0 0.45 0.9 0.7 0.1 0.8 0.2 0.3 1.0 0.6 0.75 1.0 0.55 0.4 0.9 0.5 0.8 0.2 1.0 0.05 1.0 0.7 0.5 1.0 0.25 0.45 1.0 0.4 0.7 1.0 0.85 0.5 
-0.3090848134903857 0.5006514815843376 0.24887742108853944 1.0 0.55 0.55 0.45 0.4 0.85 0.15 0.5 0.8 0.65 0.3 1.0 1.0 0.45 0.9 0.55 0.5 0.05 0.7 0.65 0.45 0.9 0.8 0.15 0.95 0.45 0.75 0.2 0.45 0.35 0.8 0.35 0.9 0.85 0.8 0.3 
-0.10760808260461381 0.4416426064329997 0.2952822011157681 1.0 0.7 0.25 0.95 0.0 0.45 0.65 0.9 0.55 0.4 0.1 0.3 1.0 0.6 0.7 0.5 0.65 0.3 0.9 0.1 0.8 0.2 0.6 1.0 1.0 0.7 0.8 1.0 0.3 0.45 1.0 0.3 0.15 1.0 0.85 0.5 
-0.11478818002348601 0.22914592905528292 0.538043921793557 0.35 0.7 0.25 1.0 0.0 0.45 1.0 0.7 0.1 0.8 0.1 0.3 1.0 0.6 0.75 0.5 0.55 0.35 0.9 0.5 0.8 0.2 0.6 0.55 1.0 0.7 0.75 1.0 0.3 0.45 1.0 0.4 0.55 1.0 0.85 0.5 
-0.24628680681652346 0.7382534043789648 0.5277362287528047 1.0 0.55 0.55 0.65 0.9 0.7 0.3 0.95 0.65 0.2 0.3 1.0 0.9 1.0 0.75 0.95 0.55 0.55 0.1 0.65 0.3 0.0 0.35 0.45 0.95 0.45 0.75 0.15 0.55 0.6 0.95 0.2 0.9 1.0 0.8 0.3 
-0.6359100355189645 0.6023461065534856 0.2273377301902167 1.0 0.55 0.55 0.45 0.4 0.85 0.15 0.95 0.8 0.95 0.8 1.0 1.0 0.5 0.9 0.55 0.5 0.45 0.7 0.3 0.3 0.9 0.4 0.45 0.95 0.45 0.75 0.15 0.65 0.7 0.95 0.35 0.9 0.85 0.8 0.3 
-0.008076109069482114 0.726059925740659 0.47260436954745894 1.0 0.55 0.55 0.45 0.95 0.85 0.3 0.95 0.45 0.2 0.3 1.0 0.9 1.0 0.55 0.75 0.55 0.55 0.1 0.65 0.3 0.0 0.15 0.45 0.95 0.45 0.75 0.05 0.15 0.1 0.95 0.25 0.9 1.0 0.8 0.3 
-0.011035708185263643 0.25677625085777644 0.5456464433457879 0.35 0.7 0.25 1.0 0.0 0.45 1.0 0.7 0.1 0.7 0.1 0.3 1.0 0.6 0.75 0.65 0.25 0.1 0.9 0.5 0.8 0.85 0.6 0.35 1.0 0.7 0.75 0.95 0.3 0.45 1.0 0.4 0.55 1.0 0.85 0.5 
-0.4633812880750902 0.7060605113733658 0.5816879022884489 1.0 0.35 0.55 0.45 0.45 0.1 0.85 0.95 0.8 0.1 0.7 1.0 0.8 0.2 0.6 0.7 0.5 0.25 0.5 0.65 0.5 0.6 0.15 0.45 0.95 0.4 0.75 0.0 0.65 0.7 0.8 0.35 0.9 0.7 0.8 0.3 
-2.5944686563132326 0.642490292834337 0.6727120984352116 0.95 0.35 0.55 0.0 0.05 0.1 0.85 0.95 0.8 0.1 0.7 0.85 0.8 1.0 0.6 0.7 0.4 0.0 0.95 0.0 0.5 0.6 0.6 0.45 0.8 0.4 0.75 0.05 0.65 0.55 1.0 0.35 0.9 0.7 0.8 0.3 
-0.1722439257700354 0.7401404792442507 0.45863395996023393 1.0 0.55 0.55 0.45 0.9 0.65 0.3 0.7 0.45 0.2 0.25 1.0 0.9 1.0 0.75 0.75 0.55 0.55 0.1 0.65 0.3 0.0 0.15 0.45 0.95 0.45 0.75 0.0 0.85 0.0 0.95 0.25 0.9 0.95 0.8 0.3 
-5.661275236231738 0.28677890789703486 0.38849856941487027 0.9 0.7 0.15 0.95 0.0 0.45 0.0 0.9 0.1 0.4 0.7 0.3 1.0 0.6 0.75 0.5 0.55 0.25 0.6 0.1 0.8 0.2 0.6 1.0 1.0 0.7 0.75 1.0 0.3 0.45 1.0 0.3 0.4 0.95 0.85 0.5 
-0.01605904972685034 0.617519078908293 0.6607854434311111 0.85 0.65 0.65 0.9 0.45 0.35 0.4 0.15 0.45 0.4 0.05 0.5 1.0 0.5 0.35 0.2 0.15 0.05 0.9 0.1 0.0 0.05 0.15 0.6 0.95 0.3 0.6 0.85 0.45 0.65 1.0 0.65 0.55 0.65 0.6 0.35 
-0.12036003374063924 0.22787717766715693 0.5269327812217659 0.8 0.7 0.15 1.0 0.0 0.45 0.9 0.7 0.95 0.5 0.1 0.3 1.0 0.6 0.75 0.3 0.55 0.3 0.9 0.5 0.8 0.2 1.0 0.55 1.0 0.7 0.75 0.8 0.25 0.45 1.0 0.4 0.55 1.0 0.85 0.5 
-0.032846820667105106 0.3731123068620701 0.3277287039289638 0.85 0.7 0.15 0.95 0.0 0.5 0.05 0.1 0.55 0.4 0.1 0.4 1.0 0.6 0.7 0.5 0.6 0.5 0.9 0.2 0.8 0.2 0.6 1.0 1.0 0.7 0.8 1.0 0.3 0.45 1.0 0.3 0.15 1.0 0.85 0.5 
-0.02654183783565649 0.6450734033160579 0.6573165867960024 0.85 0.65 0.2 0.9 0.45 0.35 0.4 0.15 0.45 0.4 0.05 0.5 1.0 0.5 0.25 0.2 0.15 0.05 0.9 0.1 0.0 0.05 0.15 0.6 0.95 0.3 0.6 0.85 0.45 0.65 1.0 0.65 0.55 0.4 0.6 0.5 
-4.428243611529344 0.47449237988470744 0.3055860587658239 1.0 0.95 0.4 0.95 0.0 0.45 0.15 0.95 0.05 0.4 0.1 0.3 1.0 0.6 0.75 0.6 0.55 0.0 0.9 0.1 0.75 0.2 0.6 1.0 1.0 0.6 0.75 0.9 0.3 0.45 1.0 0.3 0.15 0.85 0.85 0.5 
-2.193642010663493 0.27856204066925927 0.4219278277916033 1.0 0.7 0.15 0.95 0.0 0.45 0.65 0.9 0.55 0.45 0.1 0.3 1.0 0.6 0.75 0.1 0.6 0.7 0.3 0.1 0.8 0.2 0.6 1.0 1.0 0.7 0.8 1.0 0.3 0.45 1.0 0.3 0.6 0.6 0.8 0.5 
-9.830169847706825 0.2462825540158582 0.46659867460005183 1.0 0.7 0.15 0.95 0.0 0.45 0.65 0.9 0.1 0.4 0.1 0.7 1.0 0.6 0.75 0.5 0.55 0.2 0.9 0.1 0.8 0.2 0.0 1.0 1.0 0.7 0.55 1.0 0.3 0.45 1.0 0.3 0.6 0.95 0.85 0.5 
-0.033849062554967245 0.6869554762280294 0.31546146891589644 1.0 0.55 0.1 0.4 0.4 0.85 0.15 0.05 0.5 0.2 0.85 1.0 0.25 0.2 0.7 0.6 0.5 0.5 0.4 0.95 0.3 0.9 0.2 0.45 0.95 0.45 0.75 0.05 0.5 0.75 1.0 0.35 0.9 0.8 0.8 0.3 
-0.0015230264167249053 0.6913787213301386 0.3418265957065936 1.0 0.55 0.1 0.4 0.4 0.85 0.3 0.05 0.8 0.2 0.85 0.3 0.7 0.05 0.9 0.5 0.5 0.6 0.4 0.45 0.3 0.9 0.2 0.45 0.95 0.45 0.75 0.2 0.6 0.3 1.0 0.35 0.9 0.8 0.8 0.3 
-0.11942890315546349 0.25215496524508085 0.5498951272143471 0.35 0.7 0.0 1.0 0.0 0.45 0.9 0.7 0.1 0.8 0.15 0.3 1.0 0.6 0.75 0.55 0.55 0.35 0.9 0.5 0.8 0.2 1.0 0.05 1.0 0.7 0.55 1.0 0.3 0.45 1.0 0.4 0.7 1.0 0.85 0.5 
-0.08647742905944537 0.6763578946492874 0.6538753080110971 0.85 0.65 0.2 0.9 0.45 0.35 0.4 0.15 0.15 0.4 0.05 0.5 1.0 0.5 0.35 0.2 0.15 0.0 0.9 0.1 0.0 0.05 0.15 0.6 0.95 0.3 0.6 0.7 0.45 0.65 1.0 0.7 0.55 0.65 0.6 0.5 
-0.0953589178399617 0.6762396735395981 0.6277377776672376 0.85 0.65 0.2 0.95 0.45 0.5 0.4 0.15 0.45 0.4 0.05 0.5 1.0 0.5 0.25 0.2 0.15 0.05 0.9 0.1 0.0 0.05 0.15 0.6 0.95 0.3 0.6 0.7 0.45 0.65 0.95 0.65 0.35 0.5 0.6 0.5 
-0.17199182624090795 0.5104798509498357 0.26797606135023067 1.0 0.55 0.55 0.45 0.4 0.85 0.15 0.5 0.8 0.65 0.3 1.0 1.0 0.45 0.9 0.65 0.5 0.05 0.7 0.65 0.0 0.9 0.8 0.15 0.95 0.45 0.75 0.2 0.45 1.0 0.8 0.35 0.9 0.85 0.8 0.3 
-0.13096003771991804 0.33673314946698674 0.30901831534693347 1.0 0.95 0.4 0.95 0.0 0.45 0.15 0.95 0.85 0.4 0.1 0.3 1.0 0.6 0.75 0.6 0.55 0.05 0.9 0.1 0.8 0.2 0.6 1.0 1.0 0.7 0.75 1.0 0.3 0.45 1.0 0.3 0.15 0.85 0.85 0.5 
-0.012168571425505075 0.4015461958522538 0.302839837432173 1.0 0.7 0.15 0.95 0.0 0.5 0.8 0.9 0.55 0.4 0.1 0.9 0.9 0.6 0.65 0.5 0.6 0.3 0.9 0.2 0.8 0.2 1.0 1.0 1.0 0.7 0.8 1.0 0.3 0.45 1.0 0.3 0.15 1.0 0.85 0.5 
-0.12286288587844538 0.6196238852646342 0.666570576337879 0.85 0.65 0.75 0.9 0.45 0.35 0.4 0.15 0.45 0.4 0.05 0.5 1.0 0.5 0.35 0.2 0.15 0.05 0.9 0.1 0.0 0.05 0.15 0.6 0.95 0.3 0.6 0.85 0.45 0.65 1.0 0.65 0.55 0.65 0.6 0.35 
-0.06696993490404542 0.6668122299609596 0.31234739986483817 1.0 0.55 0.1 0.4 0.4 0.85 0.15 0.05 0.5 0.2 0.85 1.0 0.25 0.2 0.7 0.6 0.5 0.5 0.4 0.95 0.3 0.9 0.2 0.45 0.95 0.45 0.75 0.05 0.5 0.0 1.0 0.35 0.9 0.8 0.8 0.3 
-0.12012242022227634 0.7224182097336657 0.39656868637975345 1.0 0.55 0.55 0.45 0.0 0.75 0.0 0.4 0.55 0.2 0.95 1.0 0.9 1.0 0.7 0.75 0.55 0.55 0.1 0.65 0.3 0.0 0.15 0.45 0.95 0.45 0.75 0.15 0.85 1.0 0.95 0.25 0.9 1.0 0.8 0.3 
-0.07753360328889843 0.32847990825081685 0.3402526244155306 0.95 0.7 0.15 0.95 0.0 0.45 0.65 0.95 0.85 0.4 0.1 0.3 1.0 0.6 0.75 0.6 0.55 0.05 0.65 0.1 0.8 0.2 0.6 1.0 1.0 0.7 0.75 1.0 0.3 0.45 1.0 0.3 0.15 0.85 0.85 0.5 
-2.9461788310787953 0.7101948477249608 0.3562506195997911 1.0 0.55 0.1 0.4 0.4 0.85 0.7 0.05 0.1 0.2 0.85 1.0 0.25 0.2 0.9 0.9 0.5 0.35 0.4 0.95 0.3 0.8 0.2 0.45 0.95 0.45 0.75 0.05 0.5 0.75 1.0 0.35 0.9 0.6 0.8 0.3 
-0.058610226605751464 0.39667841725332215 0.2892224124950621 1.0 0.7 0.15 0.95 0.05 0.5 0.05 0.9 0.55 0.4 0.55 0.8 0.9 0.6 0.7 0.5 0.55 0.3 0.3 0.2 0.8 0.2 0.35 1.0 1.0 0.7 0.8 1.0 0.3 0.45 1.0 0.3 0.15 1.0 0.85 0.45 
-0.01112102055649563 0.25563334831376383 0.5821207400150764 0.35 0.7 0.15 1.0 0.0 0.45 0.9 0.7 0.1 0.8 0.15 0.3 1.0 0.6 0.75 0.55 0.55 0.35 0.9 0.5 0.8 0.2 1.0 0.05 0.9 0.7 0.55 1.0 0.25 0.45 1.0 0.4 0.7 1.0 0.85 0.5 
-0.1417755344520798 0.2789159233939251 0.5899730762688762 0.55 0.7 0.15 1.0 0.0 0.45 0.9 0.7 0.05 0.6 0.15 0.3 1.0 0.6 0.75 0.8 0.55 0.4 0.9 0.5 0.0 0.2 1.0 0.05 1.0 0.7 0.65 1.0 0.25 0.45 1.0 0.4 0.7 0.8 0.85 0.5 
-0.15171579488315295 0.24161299117561713 0.6060900127231346 0.35 0.7 0.15 0.85 0.0 0.45 0.9 0.7 0.1 0.8 0.15 0.3 1.0 0.55 0.75 0.55 0.4 0.35 0.9 0.5 0.8 0.2 1.0 0.05 1.0 0.7 0.5 1.0 0.25 0.45 1.0 0.4 0.7 1.0 0.85 0.5 
-0.003599637270955626 0.7462237493473342 0.48915572516372596 1.0 0.55 0.55 0.45 0.9 0.65 0.3 0.4 0.45 0.2 0.95 1.0 0.9 1.0 0.7 0.75 0.55 0.55 0.1 0.65 0.3 0.0 0.15 0.45 0.95 0.45 0.75 0.05 0.85 0.0 0.95 0.25 0.9 1.0 0.8 0.3 
-0.52975756554063 0.7481812040110102 0.47890761663811854 1.0 0.55 0.55 0.45 0.9 0.8 0.3 0.4 0.45 0.2 0.95 1.0 0.9 1.0 0.7 0.85 0.55 0.55 0.55 0.65 0.3 0.0 0.65 0.45 0.95 0.45 0.75 0.1 0.65 0.35 0.95 0.25 0.9 1.0 0.8 0.3 
-0.7132637888094672 0.28697210638258297 0.6220821348729819 0.35 0.7 0.15 1.0 0.0 0.45 0.9 0.7 0.05 0.8 0.15 0.3 0.45 0.6 0.75 0.45 0.6 0.4 0.9 0.7 0.8 0.2 1.0 0.05 1.0 0.7 0.65 1.0 0.25 0.45 1.0 0.4 0.7 1.0 0.85 0.5 
-0.18619964496048966 0.26906032455633355 0.6057608378028096 0.3 0.7 0.15 1.0 0.0 0.45 0.9 0.7 0.05 0.8 0.15 0.3 1.0 0.6 0.75 0.8 0.55 0.4 0.9 0.5 0.8 0.2 1.0 0.05 0.95 0.7 0.65 1.0 0.25 0.45 1.0 0.4 0.7 1.0 0.85 0.5 
-0.410668245850869 0.7092844227515344 0.324369974992885 1.0 0.55 0.2 0.4 0.4 0.85 0.7 0.05 0.0 0.2 0.85 1.0 0.25 0.1 0.9 0.6 0.5 0.5 0.15 0.95 0.3 0.8 0.2 0.0 0.95 0.45 0.75 0.05 0.5 0.75 1.0 0.35 0.9 0.6 0.8 0.3 
-0.00403721599809389 0.5856958174247531 0.6778150471494615 0.85 0.05 0.2 0.9 0.45 0.35 0.4 0.15 0.45 0.4 0.05 0.5 1.0 0.5 0.25 0.2 0.15 0.05 0.9 0.1 0.0 0.05 0.15 0.6 1.0 0.3 0.6 0.85 0.45 0.65 0.95 0.65 0.55 0.4 0.6 0.5 
-0.09500669670598681 0.22715436021465557 0.6065471840013406 0.45 0.7 0.15 1.0 0.0 0.45 0.9 0.7 0.05 0.8 0.15 0.1 1.0 0.6 0.75 0.5 0.55 0.15 0.9 0.5 0.8 0.2 1.0 0.65 1.0 0.7 0.65 1.0 0.25 0.45 1.0 0.4 0.7 1.0 0.85 0.5 
-0.17661875919098788 0.4093406915509878 0.30238917940902377 1.0 0.7 0.15 0.95 0.0 0.5 0.8 0.9 0.55 0.4 0.1 0.9 1.0 0.6 0.65 0.5 0.6 0.3 0.9 0.2 0.8 0.2 1.0 1.0 1.0 0.7 0.8 0.85 0.3 0.45 1.0 0.3 0.15 1.0 0.85 0.5 
-0.16111956545320838 0.23243656615853453 0.5643287378451546 0.8 0.7 0.15 1.0 0.0 0.45 0.9 0.7 0.1 0.5 0.1 0.3 1.0 0.6 0.75 0.5 0.55 0.35 0.9 0.5 0.8 0.2 1.0 0.55 1.0 0.7 0.75 0.8 0.25 0.45 1.0 0.4 0.55 1.0 0.85 0.5 
-0.012486096685905074 0.25410648624694965 0.6283249930422562 0.55 0.7 0.15 1.0 0.0 0.45 0.9 0.7 0.05 0.6 0.15 0.3 1.0 0.6 0.75 0.8 0.55 0.4 0.9 0.5 0.0 0.2 1.0 0.05 1.0 0.7 0.65 1.0 0.25 0.45 1.0 0.4 0.7 1.0 0.85 0.5 
-0.148038642234588 0.21223132053600935 0.5804353581261207 0.35 0.7 0.15 0.85 0.0 0.45 0.9 0.7 0.1 0.8 0.15 0.3 1.0 0.6 0.75 0.55 0.55 0.35 0.9 0.5 0.8 0.2 1.0 0.05 1.0 0.7 0.5 1.0 0.25 0.45 1.0 0.4 0.7 1.0 0.85 0.5 
-0.2901221135694444 0.3705348659403408 0.2959133974900894 1.0 0.7 0.15 0.95 0.0 0.5 0.8 0.9 0.55 0.4 0.1 0.9 1.0 0.6 0.65 0.5 0.6 0.3 0.9 0.2 0.8 0.2 1.0 1.0 1.0 0.7 0.8 1.0 0.3 0.45 1.0 0.3 0.2 1.0 0.85 0.5 
-1.3402713880998485 0.6671490716924864 0.2728221754514518 1.0 0.55 0.1 0.4 0.4 0.85 0.3 0.05 0.8 0.2 0.85 0.3 0.7 0.05 0.9 0.5 0.5 0.5 0.4 0.45 0.3 0.9 0.2 0.45 0.95 0.45 0.75 0.2 0.6 0.3 1.0 0.35 0.9 0.8 0.8 0.3 
-0.20844876815847016 0.25113121082080014 0.6006832799604251 0.35 0.7 0.15 0.85 0.0 0.45 0.9 0.7 0.1 0.8 0.15 0.3 1.0 0.6 0.75 0.55 0.4 0.35 0.9 0.5 0.8 0.2 1.0 0.05 1.0 0.7 0.5 1.0 0.25 0.45 1.0 0.4 0.7 1.0 0.85 0.5 
-7.867226107225256 0.21812287503653388 0.62334645124921 0.45 0.7 0.15 1.0 0.0 0.45 0.9 0.7 0.05 0.8 0.15 0.3 1.0 0.6 0.75 0.5 0.55 0.4 0.9 0.5 0.8 0.2 1.0 0.05 1.0 0.7 0.65 1.0 0.25 0.45 1.0 0.4 0.7 1.0 0.85 0.5 
-1.8436074670582177 0.40167233148774556 0.2925385600899658 1.0 0.7 0.15 0.95 0.0 0.5 0.8 0.9 0.55 0.4 0.1 0.9 1.0 0.6 0.65 0.5 0.6 0.3 0.9 0.2 0.8 0.2 1.0 1.0 1.0 0.7 0.8 1.0 0.3 0.45 1.0 0.3 0.15 1.0 0.85 0.5 
-11.04188449574208 0.25247603711088895 0.4440424018874958 1.0 0.95 0.4 0.95 0.0 0.45 0.15 0.95 0.85 0.65 0.1 0.3 1.0 0.6 0.75 0.6 0.55 0.2 0.9 0.1 0.8 0.2 0.6 1.0 1.0 0.7 0.75 1.0 0.3 0.45 1.0 0.3 0.45 0.85 0.85 0.5 
-171.6980635404576 0.46647764435624406 0.281147576865834 1.0 0.55 0.65 0.45 0.4 0.85 0.15 0.5 0.8 0.65 0.3 1.0 1.0 0.45 0.9 0.8 0.5 0.05 0.7 0.65 0.45 0.9 0.8 0.15 0.65 0.45 0.75 0.2 0.45 0.6 0.8 0.35 0.9 0.7 0.8 0.3 
-0.8435818248997446 0.757088628141163 0.5413891271997907 1.0 0.55 0.55 0.55 0.9 0.7 0.6 0.95 0.65 0.2 0.3 1.0 0.9 1.0 0.75 0.95 0.55 0.55 0.1 0.65 0.95 0.0 0.35 0.45 0.95 0.45 0.75 0.15 0.55 0.15 0.95 0.2 0.9 1.0 0.8 0.3 
-0.4675869166762868 0.6830868894671005 0.30231681445546765 1.0 0.55 0.1 0.4 0.4 0.85 0.15 0.05 0.8 0.2 0.85 1.0 0.25 0.2 0.9 0.6 0.5 0.5 0.4 0.95 0.3 0.9 0.2 0.45 0.95 0.45 0.75 0.05 0.65 0.8 1.0 0.35 0.9 0.8 0.8 0.3 
-0.2902058826464602 0.7586175980370422 0.4479545398934316 1.0 0.55 0.55 0.45 0.9 0.65 0.3 0.4 0.45 0.2 0.25 1.0 0.9 1.0 0.7 0.75 0.55 0.55 0.1 0.65 0.3 0.0 0.15 0.45 0.95 0.45 0.75 0.0 0.85 0.0 0.95 0.25 0.9 1.0 0.8 0.3 
-0.7964212940492637 0.7408381372976511 0.5647839017410284 1.0 0.55 0.55 0.65 0.9 0.7 0.3 0.75 0.65 0.75 0.95 1.0 0.9 1.0 0.8 0.95 0.55 0.55 0.35 0.45 0.3 0.0 0.35 0.45 0.95 0.45 0.75 0.15 0.55 0.2 1.0 0.2 0.9 1.0 0.8 0.3 
-0.23153006632203157 0.7493137411407909 0.4733589841560827 1.0 0.55 0.55 0.45 0.9 0.65 0.3 0.4 0.45 0.2 0.95 1.0 0.9 1.0 0.7 0.8 0.55 0.55 0.55 0.65 0.3 0.0 0.15 0.9 0.95 0.45 0.75 0.15 0.85 0.3 0.95 0.25 0.9 1.0 0.8 0.3 
-0.7191379375672952 0.7394464300606248 0.5119846648927103 1.0 0.55 0.55 0.55 0.9 0.7 0.05 0.95 0.65 0.2 0.3 1.0 0.9 1.0 0.65 0.95 0.55 0.55 0.1 0.65 0.3 0.35 0.35 0.45 0.95 0.45 0.75 0.15 0.55 0.1 0.95 0.2 0.9 1.0 0.8 0.3 
-1.828862736346397 0.6930582171963555 0.2670828785439401 1.0 0.55 0.1 0.45 0.4 0.85 0.3 0.05 0.65 0.2 0.85 0.05 0.7 0.1 0.9 0.55 0.5 0.5 0.4 0.45 0.3 0.9 0.2 0.45 0.95 0.45 0.75 0.2 0.6 0.3 1.0 0.35 0.9 0.8 0.8 0.3 
-0.32078784971957774 0.3846706639674331 0.2770914877061271 1.0 0.7 0.15 0.95 0.05 0.5 0.05 0.9 0.55 0.4 0.7 0.8 1.0 0.6 0.7 0.5 0.55 0.3 0.3 0.2 0.8 0.2 0.35 1.0 1.0 0.7 0.8 1.0 0.3 0.45 1.0 0.3 0.15 1.0 0.85 0.45 
-0.3283517364294521 0.28712156188694204 0.6376851920791323 0.3 0.7 0.15 1.0 0.0 0.45 0.9 0.7 0.05 0.8 0.15 0.3 1.0 0.6 0.75 0.8 0.55 0.4 0.9 0.5 0.45 0.2 0.05 0.05 0.95 0.7 0.65 1.0 0.25 0.45 1.0 0.4 0.65 1.0 0.85 0.5 
-173.93472650332274 0.4885945462914273 0.2522208040815631 1.0 0.55 0.55 0.45 0.4 0.85 0.15 0.5 0.8 0.65 0.3 0.8 1.0 0.45 0.9 0.55 0.5 0.05 1.0 0.65 0.45 0.9 1.0 0.15 0.95 0.45 0.75 0.2 0.6 0.35 0.8 0.35 0.9 0.85 0.8 0.3 
-1.595007791944299 0.7356604878253 0.5789350684921206 1.0 0.55 0.55 0.45 0.9 0.65 0.3 0.4 0.45 0.2 0.95 1.0 0.9 1.0 0.7 0.75 0.5 0.55 0.1 0.65 0.3 0.0 0.15 0.45 0.95 0.45 0.75 0.15 0.85 0.0 0.95 0.25 0.9 1.0 0.8 0.3 
-1.9571001073202912 0.24046036075724841 0.6347851183832872 0.55 0.7 0.15 1.0 0.0 0.45 1.0 0.7 0.55 1.0 0.15 0.3 1.0 0.6 0.75 0.85 0.55 0.4 0.9 0.95 0.8 0.85 1.0 0.05 1.0 0.7 0.65 1.0 0.25 0.45 1.0 0.4 0.7 1.0 0.85 0.5 
-2.108759823566673 0.7490384822294958 0.5082111422111314 1.0 0.55 0.55 0.45 0.9 0.65 0.3 0.4 0.45 0.2 0.95 1.0 0.9 1.0 0.7 0.85 0.55 0.55 0.55 0.65 0.3 0.0 0.15 0.45 0.95 0.45 0.75 0.15 0.65 0.35 0.95 0.25 0.9 1.0 0.8 0.3 
-6.809065852409 0.7202770560652094 0.3372866672259711 1.0 0.55 0.1 0.4 0.4 0.85 0.7 0.05 0.1 0.2 0.85 1.0 0.25 0.2 0.9 0.6 0.5 0.5 0.4 0.95 0.3 0.8 0.2 0.45 0.95 0.45 0.75 0.05 0.5 0.75 1.0 0.35 0.9 0.6 0.8 0.3 
-0.5486618020772663 0.7105149177792243 0.3132139492618805 1.0 0.55 0.1 0.4 0.35 0.85 0.3 0.0 0.8 0.2 0.85 1.0 0.7 0.1 0.9 0.55 0.5 0.5 0.15 0.45 0.9 0.9 0.95 0.45 0.95 0.45 0.75 0.2 0.6 0.25 1.0 0.35 0.9 0.8 0.8 0.3 
-1.8363338732104642 0.3942461801510502 0.2727967922198211 1.0 0.7 0.15 0.95 0.05 0.5 0.05 0.9 0.55 0.4 0.7 0.8 1.0 0.6 0.7 0.5 0.55 0.3 0.3 0.2 0.8 0.2 0.35 1.0 1.0 0.7 0.8 1.0 0.3 0.45 1.0 0.3 0.15 1.0 0.85 0.45 
-3.3224965126633506 0.263430759202817 0.6612832760149514 0.55 0.7 0.15 1.0 0.0 0.45 0.9 0.7 0.05 1.0 0.15 0.3 1.0 0.6 0.75 0.8 0.45 0.4 0.9 0.95 0.8 0.85 1.0 0.05 1.0 0.7 0.65 1.0 0.25 0.45 1.0 0.4 0.7 1.0 0.85 0.5 
-1.6978857008070687 0.30428770693135976 0.643444003798613 0.55 0.7 0.15 1.0 0.0 0.45 0.9 0.95 0.05 1.0 0.15 0.3 0.85 0.6 0.75 0.8 0.4 0.2 0.6 0.95 0.8 0.85 1.0 0.05 1.0 0.7 0.65 0.9 0.25 0.45 1.0 0.4 0.7 1.0 0.85 0.5 
-1.9120810039178242 0.7564452565321105 0.49649852556034535 1.0 0.55 0.55 0.45 0.9 0.65 0.1 0.4 0.3 0.2 0.95 1.0 0.9 1.0 0.75 0.7 0.55 0.55 0.55 0.65 0.3 0.0 0.15 0.45 0.95 0.45 0.75 0.0 0.15 0.35 0.95 0.25 0.9 1.0 0.8 0.3 
-0.45506890535800204 0.7269387456075942 0.4099145024751386 0.95 0.55 0.55 0.45 0.0 0.75 0.0 0.4 0.55 0.2 0.95 1.0 0.9 1.0 0.7 0.75 0.55 0.55 0.1 0.65 0.3 0.0 0.1 0.45 0.95 0.45 0.75 0.15 0.85 1.0 0.95 0.25 0.9 1.0 0.8 0.3 
-10.535963268244018 0.21681362919105718 0.5288512697725241 1.0 0.7 0.15 0.95 0.0 0.45 0.95 0.9 0.55 0.25 0.1 0.3 1.0 0.6 0.75 0.5 0.55 0.3 0.9 0.1 0.8 0.45 0.6 1.0 1.0 0.7 0.8 1.0 0.3 0.5 1.0 0.35 0.65 1.0 0.85 0.8 
-0.27107560532261166 0.6611237764737348 0.2440976339056709 1.0 0.55 0.1 0.4 0.4 0.85 0.3 0.05 0.8 0.2 0.85 1.0 0.7 0.05 0.9 0.55 0.5 0.5 0.4 0.45 0.3 0.9 0.2 0.45 0.95 0.45 0.75 0.2 0.6 0.3 1.0 0.35 0.9 0.75 0.8 0.3 
-0.6650348068569865 0.32497105562020345 0.3123493699800015 1.0 0.95 0.4 0.95 0.0 0.45 0.15 0.95 0.85 0.4 0.1 0.3 1.0 0.6 0.75 0.6 0.45 0.05 0.9 0.1 0.8 0.2 0.6 1.0 1.0 0.7 0.75 1.0 0.3 0.45 1.0 0.3 0.15 0.85 0.85 0.5 
-0.11461249969362426 0.7594320684467077 0.558506212738617 1.0 0.55 0.55 0.55 0.9 0.7 0.3 0.95 0.65 0.2 0.3 1.0 0.9 1.0 0.75 0.95 0.55 0.55 0.1 0.65 0.3 0.0 0.35 0.45 0.95 0.45 0.75 0.15 0.55 0.1 0.95 0.2 0.9 1.0 0.8 0.3 
-5.523485959502978 0.43405766433920884 0.2864339211844361 1.0 0.7 0.15 0.95 0.0 0.45 0.65 0.9 0.25 0.4 0.1 0.3 0.95 0.6 0.7 0.5 0.55 0.1 0.9 0.1 0.8 0.2 0.6 1.0 1.0 0.7 0.8 1.0 0.3 0.45 1.0 0.3 0.15 1.0 0.85 0.5 
-0.3680304714852893 0.6172835097840375 0.2252275041056765 0.95 0.55 0.55 0.45 0.4 0.85 0.15 0.95 0.8 0.95 0.3 1.0 1.0 0.35 0.75 0.55 0.5 0.45 0.7 0.05 0.3 0.9 0.4 0.7 0.95 0.45 0.75 0.15 0.65 0.85 0.95 0.35 0.9 0.85 0.8 0.3 
-2.199368693804573 0.27472826375340753 0.6566862345405424 0.55 0.7 0.15 1.0 0.0 0.45 1.0 0.7 0.05 1.0 0.15 0.3 1.0 0.6 0.75 0.85 0.45 0.4 0.9 0.95 0.8 0.85 1.0 0.05 1.0 0.7 0.65 1.0 0.25 0.45 1.0 0.4 0.7 1.0 0.85 0.5 
-0.5827833584491103 0.7404296535603629 0.39571205993002423 1.0 0.55 0.1 0.4 0.4 0.85 0.15 0.05 0.1 0.8 0.85 1.0 0.25 0.2 0.9 0.95 0.5 0.5 0.4 0.95 0.3 0.9 0.2 0.45 0.95 0.45 0.75 0.05 0.5 0.75 1.0 0.35 0.9 0.6 0.8 0.3 
-4.120510094667521 0.34916273900388517 0.2873268635581251 1.0 0.95 0.4 0.95 0.0 0.45 0.15 0.95 0.85 0.4 0.1 0.3 1.0 0.6 0.75 0.6 0.55 0.2 0.9 0.1 0.8 0.2 0.6 1.0 1.0 0.7 0.75 1.0 0.3 0.45 1.0 0.3 0.15 0.85 0.85 0.5 
-8.478046364397875 0.3572185013649619 0.2890598480968014 1.0 0.95 0.4 0.95 0.0 0.45 0.15 0.95 0.85 0.4 0.1 0.3 1.0 0.6 0.75 0.6 0.55 0.2 0.9 0.1 0.8 0.2 0.6 1.0 1.0 0.7 0.8 1.0 0.3 0.45 1.0 0.3 0.15 0.85 0.85 0.5 
-19.35623211753067 0.28919319000520094 0.35530214054077014 1.0 0.7 0.15 0.95 0.0 0.5 0.8 0.9 0.55 0.4 0.1 0.9 1.0 0.6 0.65 0.5 0.6 0.3 0.9 0.2 0.8 0.2 1.0 1.0 1.0 0.7 0.8 1.0 0.3 0.45 1.0 0.3 0.95 1.0 0.85 0.5 
-1.8945769791650982 0.6360012996064119 0.6799230451528265 0.95 0.35 0.55 0.0 0.45 0.1 0.85 0.95 0.8 0.1 0.7 1.0 0.8 1.0 0.6 0.7 0.4 0.0 0.95 0.0 0.5 0.6 0.6 0.45 0.95 0.4 0.75 0.05 0.2 0.55 1.0 0.35 0.9 0.7 0.8 0.3 
-1.7377785537622104 0.6036744585754853 0.6941891823733063 0.95 0.35 0.55 0.0 0.45 0.1 0.85 0.95 0.8 0.1 0.7 1.0 0.8 1.0 0.6 0.7 0.4 0.0 0.95 0.0 0.5 0.6 0.6 0.45 0.95 0.4 0.75 0.05 0.65 0.55 1.0 0.35 0.9 0.7 0.8 0.3 
-2.354788508763307 0.7455245039697812 0.568442669277778 1.0 0.55 0.55 0.65 0.9 0.7 0.3 0.75 0.65 0.75 0.95 1.0 0.9 1.0 0.75 0.95 0.55 0.55 0.35 0.65 0.3 0.0 0.35 0.45 0.95 0.45 0.75 0.15 0.55 0.2 1.0 0.2 0.9 1.0 0.8 0.3 
-162.44354146077563 0.4826000232649542 0.6816167154029207 1.0 0.35 0.55 0.3 0.45 0.1 0.85 0.0 0.8 0.1 0.7 1.0 0.8 0.2 0.1 0.2 0.4 0.0 0.95 0.65 0.5 0.45 0.15 0.95 0.9 0.4 0.75 0.2 0.2 0.9 0.8 0.35 0.9 0.7 0.8 0.3 
-2.1725233107048227 0.6161984817397719 0.7061389118668894 1.0 0.35 0.45 0.0 0.45 0.1 0.85 0.95 0.8 0.1 0.7 0.15 0.8 1.0 0.5 0.35 0.4 0.9 0.55 0.15 0.05 0.6 0.15 0.45 0.95 0.4 0.75 0.05 0.65 0.9 1.0 0.35 0.9 0.7 0.8 0.3 
-6.820245941089641 0.24759030627381873 0.654800877990129 0.55 0.7 0.15 1.0 0.0 0.45 0.9 0.7 0.05 1.0 0.15 0.3 1.0 0.6 0.75 0.8 0.45 0.25 0.9 0.95 0.8 0.85 1.0 0.65 1.0 0.7 0.65 1.0 0.25 0.45 1.0 0.4 0.7 1.0 0.85 0.5 
-1.420741145203804 0.5245589016861875 0.7061294860566589 0.75 0.35 0.55 0.0 0.45 0.1 0.85 0.95 0.8 0.1 0.7 0.15 0.8 1.0 0.5 0.35 0.4 0.85 0.95 0.65 0.5 0.6 0.15 0.45 0.95 0.4 0.75 0.05 0.85 0.85 1.0 0.35 0.9 0.7 0.8 0.3 
-9.733189853609336 0.2137408749687293 0.615981233951308 0.45 0.7 0.15 1.0 0.0 0.45 0.9 0.7 0.05 0.8 0.15 0.3 1.0 0.6 0.75 0.5 0.55 0.45 0.9 0.5 0.8 0.2 1.0 0.05 1.0 0.7 0.65 1.0 0.25 0.45 1.0 0.4 0.7 1.0 0.85 0.5 
-0.18233752232745742 0.5536489901983741 0.7059766831980514 0.9 0.35 0.55 0.0 0.45 0.1 0.85 0.95 0.8 0.0 0.7 1.0 0.8 1.0 0.6 0.7 0.4 0.85 0.95 0.65 0.5 0.6 0.15 0.45 0.95 0.4 0.75 0.05 0.6 0.9 1.0 0.35 0.9 0.7 0.8 0.3 
-1.4307412393401093 0.20883868398497074 0.5779058480836204 0.35 0.7 0.15 0.85 0.0 0.45 0.9 0.7 0.2 0.8 0.15 0.3 1.0 0.6 0.75 0.55 0.55 0.3 0.9 0.45 0.8 0.2 1.0 0.05 1.0 0.7 0.5 1.0 0.25 0.45 1.0 0.4 0.7 1.0 0.85 0.5 
-176.92868150538877 0.4592456614023559 0.6916578457240444 0.95 0.35 0.55 0.0 0.05 0.1 0.85 0.95 0.8 0.1 0.7 0.85 0.8 1.0 0.0 0.7 0.4 0.0 0.95 0.0 0.5 0.6 0.65 0.45 0.8 0.4 0.75 0.05 0.65 0.55 1.0 0.35 0.9 0.7 0.8 0.3 
-4.64936080720879 0.5448365239568053 0.7341852842738869 1.0 0.35 0.55 0.0 0.45 0.1 0.85 0.95 0.8 0.1 0.7 0.15 0.8 0.15 0.65 0.2 0.05 0.85 0.95 0.4 0.5 0.6 0.15 0.45 0.95 0.4 0.75 0.05 0.0 0.9 1.0 0.35 0.9 0.7 0.8 0.3 
-0.4438706568144828 0.7616089157317805 0.46099688870084155 1.0 0.55 0.55 0.45 0.9 0.65 0.3 0.7 0.45 0.2 0.25 1.0 0.9 1.0 0.7 0.75 0.55 0.55 0.1 0.65 0.3 0.0 0.15 0.45 0.95 0.45 0.75 0.0 0.85 0.0 0.95 0.25 0.9 0.95 0.8 0.3 
-1.8550671071256168 0.5452470786238949 0.72092264124614 1.0 0.35 0.55 0.0 0.45 0.1 0.85 0.95 0.8 0.1 0.7 0.15 0.8 1.0 0.5 0.2 0.05 0.85 0.95 0.4 0.5 0.6 0.15 0.45 0.95 0.4 0.75 0.05 0.0 0.9 1.0 0.35 0.9 0.7 0.8 0.3 
-0.028599369093546885 0.598969922236766 0.7374049063054942 1.0 0.35 0.3 0.0 0.45 0.1 0.85 0.95 0.8 0.1 0.7 0.15 0.8 1.0 0.5 0.3 0.4 0.85 0.95 0.65 0.5 0.6 0.15 0.45 0.95 0.4 0.75 0.05 0.65 0.9 1.0 0.35 0.9 0.7 0.8 0.3 
-2.1014810357445826 0.5800079135677421 0.7116015681478295 1.0 0.35 0.45 0.0 0.45 0.1 0.85 0.95 0.75 0.1 0.7 0.95 0.8 1.0 0.5 0.35 0.4 0.9 0.55 0.75 0.05 0.6 0.15 0.45 0.95 0.4 0.75 0.05 0.15 0.8 1.0 0.35 0.9 0.7 0.8 0.3 
-1.1517092889119847 0.5776637032482008 0.7491654644608579 1.0 0.35 0.45 0.0 0.45 0.1 0.85 0.95 0.75 0.1 0.7 0.95 0.8 1.0 0.5 0.35 0.4 0.9 0.55 0.15 0.05 0.6 0.15 0.45 0.95 0.4 0.75 0.05 0.15 0.9 1.0 0.35 0.9 0.7 0.8 0.3 
-5.496676029932968 0.5095424318238017 0.7324535780814413 1.0 0.35 0.55 0.0 0.45 0.1 0.85 0.95 0.8 0.1 0.7 0.15 0.8 1.0 0.5 0.35 0.4 0.85 0.95 0.65 0.5 0.6 0.15 0.45 0.95 0.4 0.75 0.05 0.85 0.9 1.0 0.35 0.9 0.7 0.8 0.3 
-17.48958565690561 0.545216334682681 0.754154444867732 1.0 0.35 0.55 0.15 0.45 0.1 0.85 0.95 0.8 0.1 0.7 0.15 0.8 1.0 0.5 0.3 0.4 0.85 0.95 0.85 0.5 0.6 0.15 0.45 0.95 0.4 0.75 0.05 0.85 0.9 1.0 0.35 0.9 0.7 0.8 0.3 
-15.719970295447393 0.5585208738648417 0.7371923573899102 1.0 0.35 0.55 0.0 0.45 0.1 0.3 0.95 0.8 0.35 0.7 0.15 0.8 1.0 0.5 0.65 0.4 0.4 0.95 0.65 0.5 0.6 0.15 0.45 0.95 0.4 0.75 0.05 0.65 0.9 1.0 0.35 0.9 0.7 0.8 0.3 
