-0.002584572795079582 0.47414733018768035 0.5135990178864801 0.9 0.3 0.2 0.6 0.4 0.15 0.4 0.65 0.3 0.4 0.0 0.95 0.55 0.65 0.95 1.0 0.55 0.1 0.95 0.55 0.2 0.6 0.1 0.7 0.65 0.8 0.05 0.55 0.15 0.75 0.0 0.1 0.25 0.25 0.9 0.55 
-0.011343675417146367 0.5181455673890095 0.47808601140923646 0.8 0.2 0.5 0.7 0.45 0.2 0.3 0.85 0.65 0.95 0.35 0.25 0.95 1.0 0.9 1.0 0.95 0.65 0.85 0.35 0.45 1.0 0.85 0.45 0.45 0.8 0.15 1.0 0.2 0.2 1.0 0.95 0.3 0.3 0.95 0.2 
-0.0006738567721735149 0.5160922893117196 0.5223256279674845 0.4 0.45 0.45 0.9 0.6 0.4 0.55 0.6 0.85 0.95 0.35 0.4 0.15 0.85 1.0 0.45 0.35 0.9 1.0 0.8 0.15 1.0 1.0 0.45 0.9 0.3 0.55 0.75 0.65 0.2 0.3 0.0 0.2 0.1 0.45 0.1 
-0.011370863897609777 0.5177317466910334 0.5131522369714066 0.95 0.1 0.9 0.8 1.0 0.5 0.9 0.75 0.05 0.3 0.65 0.75 1.0 0.15 0.1 1.0 0.35 0.95 0.85 0.6 0.4 0.85 0.05 0.15 0.85 0.45 0.6 0.65 0.25 0.0 0.4 0.45 0.3 0.95 0.05 0.45 
-0.00038601050669722183 0.47856318822184246 0.5017791861544562 0.15 0.3 0.95 0.6 0.8 0.3 0.35 0.35 0.1 0.45 1.0 0.15 0.8 0.05 0.35 0.6 0.25 0.85 0.95 0.25 0.75 0.75 0.2 0.9 0.7 0.95 1.0 0.2 0.0 0.25 0.2 0.2 0.5 0.15 0.9 1.0 
-0.0003992302536406863 0.5335586097389878 0.4826992999104686 0.9 0.5 0.05 0.35 0.3 0.8 0.65 0.6 0.65 0.55 0.3 0.5 0.45 0.65 0.7 0.05 0.85 0.8 0.15 0.8 0.4 0.1 0.05 0.5 0.4 0.85 0.0 0.15 0.55 0.1 0.0 0.8 0.25 0.5 0.3 0.35 
-0.002957619050143619 0.5512766701246921 0.46675154032942034 0.65 0.75 0.25 0.65 0.9 0.6 0.9 1.0 0.9 0.95 0.9 0.6 0.15 0.9 0.2 0.8 0.95 0.4 0.3 0.8 0.3 0.4 0.55 0.8 0.25 0.2 0.25 0.85 0.15 0.1 0.45 0.0 0.1 0.05 1.0 0.2 
-0.012816698010939164 0.47091156448170274 0.5161581695032065 0.95 0.45 0.65 0.7 0.4 0.85 1.0 1.0 0.0 0.1 0.65 0.9 0.35 0.05 0.85 0.8 0.55 0.65 0.8 0.7 0.55 0.5 0.65 0.9 0.7 1.0 0.2 0.75 0.95 0.3 0.15 0.15 0.35 0.1 0.9 0.8 
-0.03432845079465737 0.46433421040837614 0.4855042263941416 0.5 0.45 0.15 0.7 0.4 0.45 1.0 1.0 0.8 0.1 0.35 0.9 0.35 0.9 0.85 0.45 0.55 0.9 0.85 0.7 0.35 0.5 0.85 0.9 0.7 0.2 0.4 0.9 0.1 0.25 0.0 0.15 0.35 0.1 0.9 0.8 
-0.001462227393882265 0.5070392324867788 0.5006692003178194 0.4 0.45 0.7 0.8 1.0 0.7 0.9 0.75 0.3 0.85 0.05 0.8 1.0 0.85 0.65 0.7 0.5 0.95 0.85 0.55 0.7 0.85 0.45 0.15 0.6 0.55 0.25 0.65 0.25 0.45 0.4 0.1 0.3 0.0 0.6 0.3 
-0.0262400291345789 0.47968747276286144 0.5455659734151587 0.85 0.15 0.15 1.0 0.1 0.35 0.9 1.0 0.6 0.6 0.6 0.65 0.65 1.0 0.3 0.5 0.75 0.9 1.0 0.7 0.1 0.85 0.65 0.9 0.9 0.2 0.4 0.8 0.95 0.7 0.6 0.65 0.85 0.05 0.05 0.65 
-0.013673811179010568 0.5450602100082773 0.5279817308707839 0.0 0.75 0.25 0.95 0.35 0.5 0.75 0.65 0.45 0.95 0.35 0.4 0.95 0.65 0.95 0.8 0.65 0.6 0.35 0.4 1.0 1.0 0.45 0.45 0.9 0.2 0.15 1.0 0.4 0.25 0.55 0.65 1.0 0.5 0.95 0.1 
-0.0219649855500604 0.5116625311310725 0.4702772072669581 0.8 0.2 0.45 0.9 0.35 0.2 0.3 0.85 0.7 0.95 0.35 0.4 0.95 0.9 0.9 0.4 0.95 0.65 0.95 0.45 0.7 1.0 0.85 0.45 0.85 0.45 0.15 0.1 0.1 0.2 0.8 0.95 0.3 0.3 1.0 0.85 
-4.634819367389148e-05 0.5332846886171348 0.556628286410186 0.4 0.45 0.45 0.9 0.6 0.4 0.55 0.6 0.85 0.95 0.35 0.4 0.15 0.85 0.2 0.45 0.35 0.9 1.0 0.8 0.15 1.0 1.0 0.45 0.9 0.3 0.55 0.8 0.65 0.5 0.3 0.0 0.2 0.1 0.45 0.1 
-0.01231497842321538 0.554856262055265 0.499285195165372 0.5 0.1 0.1 0.1 0.2 0.35 0.95 1.0 0.65 0.2 0.65 0.6 1.0 0.75 0.75 0.15 0.55 0.7 0.5 0.85 0.6 0.95 0.45 0.45 0.85 0.8 0.5 0.25 0.1 0.3 0.4 0.95 0.9 0.25 0.05 0.9 
-0.005575882737178376 0.48220866208174534 0.5371265019616016 0.85 0.15 0.15 1.0 0.1 0.35 0.9 1.0 0.8 0.6 0.6 0.65 0.65 1.0 0.75 0.9 0.75 0.9 1.0 0.7 0.1 0.85 0.65 0.9 0.9 0.2 0.4 0.8 0.95 0.7 0.6 0.65 0.85 0.05 0.05 0.65 
-0.039780172506370864 0.5535960457930338 0.4492960020212362 0.95 0.2 0.6 0.9 0.35 0.35 0.5 0.75 0.65 0.95 0.35 0.4 0.5 1.0 0.25 0.7 0.2 0.65 1.0 0.45 1.0 0.8 0.85 0.45 0.85 0.8 0.25 0.95 0.2 0.2 0.95 0.35 0.3 0.3 1.0 1.0 
-0.019738272893190887 0.5072161745151945 0.5301852352399464 0.95 0.1 0.9 0.8 1.0 0.5 0.9 0.75 0.05 0.3 0.25 0.75 1.0 0.15 0.65 1.0 0.35 0.95 0.85 0.6 0.4 0.85 0.05 0.15 0.85 0.45 0.6 0.65 0.25 0.0 0.4 0.45 0.3 0.05 0.05 0.45 
-0.0005493215733517759 0.5241362443775865 0.5350807741262998 0.35 0.1 0.55 0.1 0.2 0.35 0.8 0.1 0.65 0.95 0.65 0.6 1.0 0.5 0.65 0.65 0.05 0.7 0.7 0.15 0.6 0.95 0.45 0.45 0.85 0.8 0.5 0.25 0.1 0.3 0.3 0.9 0.9 0.25 0.05 0.7 
-0.004398718055697768 0.5570501530230506 0.4682994539616795 1.0 0.75 0.25 0.65 0.9 0.6 0.9 1.0 0.9 0.95 0.9 0.6 0.15 0.9 0.2 0.8 0.95 0.4 0.3 0.8 0.3 0.4 0.55 0.9 0.25 0.2 0.25 0.85 0.15 0.1 0.45 0.0 0.1 0.05 1.0 0.2 
-0.02419243009653325 0.46748314957864123 0.4575536757689197 0.95 0.95 0.7 0.05 0.3 1.0 0.9 0.75 0.3 0.85 0.3 0.75 1.0 0.85 0.65 0.7 0.0 0.95 0.2 0.6 0.4 0.8 0.05 0.15 0.8 0.85 0.8 0.4 0.2 0.45 0.4 0.7 0.55 0.65 0.6 0.2 
-0.00010477441172276373 0.4620200746622163 0.47229475496311635 1.0 0.2 0.55 0.9 0.05 0.4 0.95 0.75 0.0 1.0 0.95 0.4 0.1 0.15 0.9 0.25 0.0 0.65 0.95 0.8 0.45 1.0 0.85 0.45 0.2 0.05 0.8 0.9 0.9 0.2 0.35 0.75 0.25 0.05 0.6 0.1 
-0.045828236627664005 0.48587874590581775 0.45168121472323614 0.4 0.95 0.7 0.8 1.0 0.7 0.9 0.75 0.3 0.85 0.3 0.8 1.0 0.85 0.4 0.7 0.5 0.95 0.85 0.55 0.7 0.85 0.05 1.0 0.35 0.05 0.8 0.65 0.25 0.45 0.4 0.8 0.3 0.0 0.6 0.35 
-0.0021367598940651264 0.427358749302156 0.5101976331455478 0.85 0.55 0.9 0.7 0.4 0.2 0.85 1.0 0.0 0.1 0.65 0.8 0.35 0.9 0.85 0.7 0.55 0.45 0.8 0.7 0.55 0.35 0.0 0.9 0.0 0.2 0.4 0.95 0.95 0.3 0.7 0.15 0.35 0.45 0.9 0.8 
-0.06057987043214968 0.42290805075149096 0.44458225174878324 0.5 0.1 0.0 0.6 0.8 0.3 0.9 0.35 0.8 0.25 0.75 0.15 0.95 0.8 0.9 0.0 0.5 0.45 0.65 0.5 0.55 0.65 0.3 0.9 0.75 0.95 0.6 0.95 0.45 0.45 0.4 0.5 0.5 0.85 0.9 0.15 
-0.00019031302101207333 0.437285969300415 0.493919429441842 0.7 0.45 0.65 0.7 0.4 0.3 1.0 1.0 0.8 0.3 0.65 0.9 0.75 0.05 0.85 0.45 1.0 0.65 1.0 0.95 0.05 0.4 0.65 0.4 0.7 0.15 0.4 0.55 0.95 0.2 0.4 0.15 0.85 0.15 0.1 0.4 
-0.034509999354645826 0.5054404983900422 0.4517367352713846 0.55 0.35 0.7 0.4 0.75 0.65 1.0 0.6 0.55 0.0 0.45 0.3 0.4 0.6 0.45 0.8 0.25 0.4 0.85 0.0 0.6 0.15 0.95 0.3 0.7 0.95 0.0 0.85 0.25 0.4 0.3 1.0 0.1 0.9 0.15 0.95 
-0.000838433976406524 0.4955891646189315 0.5674604492314579 0.9 0.3 0.2 0.6 0.4 0.15 0.4 0.95 0.25 0.35 0.0 0.95 0.55 0.65 0.95 1.0 0.6 0.1 0.95 0.55 0.2 0.6 0.4 0.7 0.65 0.8 0.9 0.55 0.15 0.75 0.0 0.1 0.6 0.45 0.9 0.55 
-0.00071366642378394 0.5288435178100821 0.4432195011373654 0.95 0.2 0.6 0.9 0.35 0.2 0.5 0.75 0.65 0.95 0.35 0.4 0.15 1.0 0.25 0.7 0.2 0.65 1.0 0.45 1.0 0.8 0.85 0.45 0.85 0.8 0.25 0.95 0.2 0.2 0.95 0.35 0.3 0.3 1.0 1.0 
-0.0027674229560829414 0.4209681557000948 0.5236437772807441 0.85 0.55 0.9 0.7 0.4 0.2 0.85 1.0 0.0 0.1 0.65 0.7 0.35 0.9 0.85 0.7 0.55 0.45 0.8 0.7 0.55 0.35 0.0 0.9 0.15 0.2 0.4 0.95 0.95 0.3 0.7 0.15 0.35 0.45 0.9 0.8 
-0.0004940878896618973 0.4513640629089105 0.5425680751106084 0.65 0.15 0.15 0.7 0.4 0.45 1.0 0.15 0.8 0.65 0.85 0.9 0.35 0.9 0.85 0.45 0.55 0.15 0.85 0.7 0.75 0.5 0.4 0.95 0.7 0.2 0.4 0.5 0.95 0.25 0.55 0.45 0.35 0.1 0.9 0.55 
-0.0024425523986596597 0.5733085812139587 0.5015497980386566 0.85 1.0 0.9 0.45 0.85 0.5 0.35 0.75 0.25 1.0 1.0 0.3 0.75 1.0 0.15 0.55 0.85 0.8 0.65 0.4 0.75 1.0 0.3 0.35 0.0 1.0 0.4 0.35 0.7 0.8 0.95 0.2 0.15 0.55 0.3 0.55 
-0.007097291072378511 0.4317723122994242 0.46379049503798164 0.95 0.45 0.65 0.7 0.4 0.2 1.0 1.0 0.35 0.1 0.5 0.15 0.05 0.0 0.85 0.35 0.35 0.65 0.8 0.0 0.5 0.5 0.3 0.9 0.7 0.65 0.4 1.0 0.95 0.3 0.7 0.15 0.35 0.8 0.9 0.65 
-0.0018309643134935651 0.4116844436580681 0.4783665758640077 0.65 0.15 0.15 1.0 0.4 0.4 0.9 0.05 0.8 0.1 0.4 1.0 0.85 0.9 0.85 0.9 0.75 0.9 0.6 0.7 0.35 0.9 0.4 0.25 0.9 1.0 0.2 0.8 0.95 0.35 0.15 0.65 0.15 0.05 0.9 0.8 
-0.0028907013095822998 0.4379376693470281 0.5663834394407777 0.6 0.4 0.65 0.7 0.4 0.2 1.0 0.65 0.0 1.0 0.05 0.9 0.35 0.05 0.15 0.05 0.55 0.65 0.75 0.7 0.55 0.5 0.65 0.65 0.7 0.2 0.4 0.3 0.95 0.05 0.7 0.15 0.35 0.1 0.9 0.8 
-9.522925575169045e-05 0.6052883815399285 0.46193252539977203 1.0 0.75 0.25 0.65 0.9 0.35 0.55 1.0 0.9 0.8 0.9 0.25 0.15 0.25 0.9 0.15 0.35 0.4 0.3 0.25 0.25 0.4 0.75 0.9 0.25 0.15 0.7 0.85 0.15 0.2 0.7 0.0 0.3 0.05 1.0 0.45 
-0.0010116738574947736 0.5677096092870163 0.5267200602228063 0.5 0.1 0.1 0.1 0.2 0.35 0.95 1.0 0.65 0.2 0.65 0.6 1.0 0.95 0.75 0.15 0.55 0.7 0.5 0.15 0.6 0.95 0.45 0.45 0.85 0.8 0.5 0.25 0.1 0.3 0.4 0.95 0.9 0.25 0.05 0.9 
-0.06594554776816372 0.4895702967400068 0.4213691522002063 0.95 0.45 0.35 0.8 1.0 0.7 0.9 0.75 0.3 0.85 0.3 0.75 1.0 0.85 0.65 0.25 0.35 0.95 0.8 0.6 0.4 0.85 0.05 0.15 0.5 0.45 0.0 0.65 0.25 0.55 0.75 0.2 0.3 0.45 0.6 0.35 
-0.003087371231217476 0.4666427410897675 0.5843560736969049 0.85 0.3 0.2 0.8 0.4 0.15 0.4 0.6 0.3 0.35 0.15 1.0 0.55 0.65 0.95 1.0 0.55 0.7 0.95 0.55 0.2 0.8 0.4 0.7 0.75 0.95 0.05 0.5 0.15 0.75 0.0 0.15 0.75 0.45 0.9 0.55 
-0.009012598845307083 0.5724723737126609 0.46957990230888635 0.75 0.2 0.6 0.65 0.35 0.2 1.0 0.75 0.7 0.95 0.35 0.4 0.75 0.2 0.25 0.7 0.2 0.15 0.95 0.4 0.9 1.0 0.35 0.45 0.75 0.2 0.25 0.95 0.35 0.2 0.95 0.05 0.0 0.3 0.2 0.85 
-0.0013573057024832311 0.5887993797391152 0.44774273685946575 0.9 0.0 0.45 0.6 0.35 0.4 0.3 0.85 0.85 0.95 0.35 0.4 0.15 0.7 0.65 0.9 0.4 0.0 0.85 0.25 0.7 1.0 0.85 0.45 0.2 0.2 0.15 0.7 0.2 0.2 0.8 0.95 0.45 0.15 1.0 0.05 
-0.01873284505663946 0.5678611513110076 0.5573935511215993 0.75 0.9 0.7 0.05 0.65 0.1 0.7 0.8 0.25 0.5 0.45 0.15 0.0 0.0 1.0 0.25 0.75 0.45 0.6 0.15 0.2 0.65 0.3 0.35 0.75 0.85 0.6 0.35 0.2 0.15 0.65 0.9 0.95 0.35 0.15 0.9 
-0.008285932141508467 0.5166298522147663 0.4256137264024069 0.95 0.2 0.45 0.75 0.9 0.2 0.65 0.75 0.7 0.6 0.35 0.4 0.75 0.35 0.25 0.7 0.2 0.65 0.95 0.4 0.9 1.0 0.85 0.45 0.85 0.35 0.25 0.95 0.35 0.2 0.95 0.35 0.0 0.3 1.0 0.85 
-0.038847453890903307 0.5290264625921559 0.5539933767664644 0.4 0.45 0.45 0.9 0.6 0.4 0.55 0.6 0.85 0.95 0.35 0.4 0.15 0.85 0.2 0.45 0.35 0.9 1.0 0.8 0.15 1.0 1.0 0.45 0.9 0.3 0.55 0.75 0.65 0.5 0.3 0.0 0.2 0.1 0.45 0.1 
-0.017340622058969142 0.595306825897795 0.5043445100018128 0.85 1.0 0.9 0.45 0.85 0.5 0.35 0.75 0.25 1.0 1.0 0.3 0.75 1.0 0.95 0.55 0.85 0.8 0.65 0.4 0.75 1.0 0.3 0.35 0.0 1.0 0.4 0.15 0.7 0.8 0.95 0.2 0.8 0.55 0.3 0.55 
-0.004644010536878618 0.49234547746473245 0.574583176822146 0.9 0.3 0.2 0.6 0.4 0.15 0.4 0.95 0.25 0.9 0.0 0.95 0.55 0.65 0.95 1.0 0.6 0.1 0.95 0.55 0.2 0.6 0.4 0.7 0.85 0.8 0.9 0.55 0.15 0.75 0.0 0.1 0.6 0.45 0.9 0.55 
-0.02225164241768585 0.5390880262853964 0.4371280628665266 0.8 0.2 0.45 0.9 0.35 0.0 0.3 0.85 0.65 0.95 0.35 0.4 0.95 1.0 0.9 1.0 0.95 0.65 0.35 0.45 0.7 1.0 0.85 0.45 0.25 0.45 0.15 0.3 0.2 0.2 0.8 0.95 0.3 0.3 1.0 0.2 
-0.009238544272465305 0.42134113140801494 0.49420791372015793 0.45 0.55 0.75 0.7 0.4 0.2 0.85 1.0 0.5 0.1 0.05 0.9 0.35 0.05 0.85 0.95 0.55 0.7 0.45 0.75 1.0 0.35 0.1 0.9 0.55 0.2 0.4 1.0 0.95 0.3 0.7 0.15 0.0 0.45 0.75 0.8 
-0.010678340807906776 0.37862133693167416 0.49805057061463387 0.8 0.9 0.65 0.8 0.35 0.2 0.55 0.95 0.75 0.3 0.5 0.25 0.35 0.2 0.85 0.2 0.85 0.35 0.8 0.1 0.75 0.5 0.65 0.9 0.4 0.2 0.4 0.75 0.95 0.3 0.7 0.45 0.25 0.1 0.9 0.65 
-0.0006106988642841491 0.4581371689737975 0.40738859758489093 0.4 0.95 0.7 0.8 1.0 0.7 0.9 0.75 0.3 1.0 0.3 0.8 1.0 0.85 0.4 0.7 0.2 0.95 0.2 0.55 0.7 0.85 0.05 0.15 0.35 0.05 0.8 0.65 0.25 0.45 0.4 0.8 0.3 0.0 0.6 0.35 
-0.002961418350707322 0.4115415286189035 0.5409475221650092 0.95 0.45 0.65 0.7 0.35 0.65 0.7 0.95 0.75 0.2 0.7 0.65 0.35 0.45 0.25 0.8 0.85 0.65 0.85 0.95 0.55 0.5 0.65 0.9 0.9 0.2 0.4 1.0 0.95 0.25 0.7 0.9 0.2 0.1 0.7 0.35 
-0.0016274139570237186 0.4195305475017963 0.5104411948055995 0.7 0.45 0.65 0.7 0.4 0.45 1.0 1.0 0.8 0.3 0.65 0.9 0.75 0.05 0.85 0.45 0.55 0.65 1.0 0.95 0.05 0.4 0.65 0.4 0.7 0.15 0.4 0.55 0.95 0.2 0.4 0.15 0.85 0.15 0.1 0.4 
-0.04952275462013531 0.6186815912054499 0.5198054229972447 0.15 0.45 0.9 0.8 0.7 0.4 0.45 0.85 0.8 0.95 0.35 0.4 0.95 0.65 0.9 1.0 0.25 0.65 1.0 0.8 0.7 1.0 0.85 0.45 0.2 0.1 0.5 0.9 0.7 0.2 0.3 0.0 0.3 0.1 1.0 0.1 
-0.0613928279740692 0.558631654322103 0.42801249931894486 0.95 0.2 0.45 0.9 0.35 0.2 0.4 0.85 0.65 0.65 0.35 0.4 0.15 1.0 0.9 0.7 0.65 0.65 0.6 0.25 0.75 1.0 0.9 0.45 0.8 0.95 0.0 1.0 0.2 0.2 0.55 0.45 0.3 0.3 0.95 1.0 
-0.004128778558846068 0.5948967157204978 0.4956155779759759 0.0 0.45 0.9 0.8 0.7 0.4 0.45 0.85 0.5 0.95 0.35 0.4 0.95 0.65 0.9 1.0 0.25 0.65 1.0 0.8 0.4 1.0 0.85 0.45 0.2 1.0 0.5 0.9 0.7 0.2 0.25 0.0 0.3 0.1 1.0 0.1 
-0.003677623118960441 0.4020285895547517 0.44133934758463306 0.9 0.45 0.65 0.7 0.35 0.2 0.35 1.0 0.75 0.1 0.4 0.45 0.95 0.05 0.85 0.8 0.25 0.65 0.4 0.0 0.55 0.5 0.0 0.9 0.35 0.2 0.1 1.0 0.95 0.3 0.7 0.15 0.75 0.1 0.9 0.8 
-0.009064667841520728 0.5604995122266518 0.5787219247946482 0.3 0.2 0.35 0.9 0.7 0.65 0.15 0.65 0.25 0.95 0.05 0.4 0.95 0.65 0.9 1.0 0.35 0.65 1.0 0.8 0.45 1.0 0.85 0.45 0.2 0.3 0.6 0.9 0.7 0.2 0.3 1.0 0.75 0.1 1.0 0.1 
-0.0010663150917078828 0.4386457910376568 0.4598665893567208 0.4 0.95 0.7 0.8 1.0 0.7 0.9 0.75 0.3 0.85 0.3 0.8 1.0 0.85 0.65 0.7 0.5 0.5 0.85 0.3 0.7 0.85 0.05 0.15 0.6 1.0 0.25 0.65 0.9 0.9 0.4 0.8 0.3 0.0 0.6 0.3 
-0.0034923212084853046 0.6020626418771556 0.5640734064990972 0.45 0.2 0.9 0.9 0.55 0.4 0.45 0.6 0.85 0.95 0.35 0.4 0.35 0.65 1.0 1.0 0.35 0.65 1.0 0.8 0.7 0.65 0.85 0.45 0.15 0.35 0.25 0.9 0.7 0.2 0.3 0.0 0.3 0.0 1.0 0.1 
-0.02246884236188047 0.4729821378566488 0.4348759598502495 1.0 0.95 0.7 0.8 1.0 0.7 0.95 0.75 0.3 0.85 0.3 0.8 1.0 0.7 0.95 0.7 0.5 0.95 0.85 0.55 0.55 0.85 0.4 0.15 0.35 0.85 0.8 0.65 0.85 0.45 0.4 0.3 0.3 0.0 0.7 0.35 
-0.02733646494037415 0.5867626382811982 0.5333957585666321 1.0 0.2 0.75 0.9 0.55 0.4 0.95 0.75 0.0 1.0 0.35 0.35 0.0 0.15 0.75 0.05 0.05 0.9 0.95 0.8 0.8 1.0 0.85 0.45 1.0 0.05 0.45 0.4 0.9 0.2 0.8 0.85 0.55 0.35 0.0 0.1 
-0.004829717075435663 0.6133533324109205 0.46777332391330195 0.8 0.2 0.5 0.4 0.4 0.2 0.45 0.8 0.3 0.95 0.35 0.4 0.95 0.65 0.9 0.75 0.1 0.15 0.8 0.8 0.75 1.0 0.75 0.45 0.95 0.3 0.5 0.9 1.0 0.2 0.15 0.05 0.3 0.1 0.7 0.1 
-0.012343333414108997 0.543895961207015 0.5895829876413683 0.8 0.45 0.9 0.9 0.55 0.4 0.4 0.6 0.85 0.95 0.35 0.4 0.95 0.85 0.4 1.0 0.35 0.65 1.0 0.8 0.15 1.0 0.85 0.45 0.95 0.3 0.5 0.75 0.65 0.2 0.3 0.0 0.2 0.1 0.45 0.1 
-0.010091930233408288 0.574473952775745 0.5631112556198892 0.75 0.9 0.7 0.05 0.0 0.1 0.7 0.8 0.25 0.5 0.45 0.15 0.0 0.0 1.0 0.25 0.75 0.45 0.6 0.15 0.2 0.65 0.3 0.35 0.75 0.85 0.6 0.35 0.2 0.15 0.65 0.9 0.95 0.35 0.95 0.9 
-0.011779989079710057 0.6397721512652712 0.5498102615016166 0.8 0.45 0.9 0.8 0.7 0.4 0.45 0.85 0.85 0.95 0.35 0.4 0.95 0.65 0.9 1.0 0.25 0.65 1.0 0.8 0.7 1.0 0.85 0.45 0.2 0.3 0.5 0.9 0.7 0.2 0.3 0.0 0.3 0.1 1.0 0.1 
-0.008230789555885234 0.5451013321055115 0.4098866685830867 0.8 0.2 0.45 0.9 0.35 0.2 0.7 0.1 0.65 0.95 0.35 0.4 0.95 1.0 0.9 1.0 0.95 0.65 0.6 0.45 0.7 1.0 0.85 0.45 0.25 0.45 0.15 1.0 0.2 0.2 0.8 0.95 0.3 0.3 1.0 0.2 
-0.005254274517035393 0.6043060238629476 0.5389696794469399 1.0 0.55 0.9 0.75 0.8 0.3 1.0 0.35 0.2 0.55 1.0 0.15 0.1 0.05 0.35 0.25 0.55 0.45 0.75 0.3 0.8 0.6 0.2 0.9 0.9 0.95 0.4 0.95 0.95 0.35 0.55 0.2 0.5 0.15 0.55 0.15 
-0.005230421808877415 0.40357009365310564 0.4554190537450421 0.4 0.95 0.7 0.8 1.0 0.7 0.9 0.75 0.3 0.85 0.3 0.8 1.0 0.85 0.65 0.7 0.5 0.95 0.85 0.55 0.7 0.85 0.05 0.15 0.6 1.0 0.25 0.65 0.9 0.45 0.4 0.8 0.3 0.0 0.6 0.3 
-0.020942248779174343 0.5074407162832245 0.6005529130566806 0.45 0.45 0.45 0.9 0.6 0.4 0.55 0.6 0.85 0.95 0.35 0.4 0.15 0.85 1.0 0.2 0.35 0.9 1.0 0.8 0.15 1.0 0.85 0.45 0.95 0.3 0.5 0.75 0.65 0.2 0.3 0.0 0.2 0.1 0.45 0.1 
-0.020154625636481863 0.47553561490816665 0.39904970925401423 0.4 0.95 0.7 0.8 1.0 0.7 0.9 0.75 0.3 0.9 0.3 0.8 0.75 0.85 0.55 0.7 0.5 0.95 0.85 0.55 0.7 0.85 0.05 0.15 0.15 0.1 0.8 0.65 0.25 0.45 0.4 0.8 0.85 0.0 0.6 0.7 
-0.006544952318766288 0.6093146305162346 0.4527227581239087 0.8 0.2 0.45 0.6 0.35 0.2 0.3 0.8 0.75 0.95 0.35 0.4 0.95 0.7 0.55 1.0 0.95 0.65 0.35 0.8 0.7 1.0 0.85 0.6 0.5 0.95 0.15 0.7 0.2 0.2 0.8 0.95 0.3 0.15 0.8 0.1 
-0.0010328688784941543 0.43805787041840644 0.4191116272016644 0.8 0.95 0.7 0.55 1.0 0.7 0.9 0.75 0.3 0.85 0.3 0.8 0.8 0.55 0.9 0.7 0.95 0.9 1.0 0.55 0.65 0.8 0.1 0.15 0.85 0.55 0.85 0.1 0.3 0.7 0.4 0.8 0.6 0.0 0.3 0.55 
-0.00613671776110584 0.4428195633772469 0.4413645745164598 0.85 0.9 0.5 0.2 0.2 0.4 0.9 0.75 0.65 0.1 0.95 0.6 1.0 0.35 0.8 0.65 0.25 0.15 0.5 0.7 0.9 0.95 0.0 0.5 0.25 0.65 0.1 0.05 0.05 0.0 0.45 0.5 0.85 0.55 0.6 0.9 
-0.004032542580546093 0.5692120272259844 0.6002483395867804 0.4 0.75 0.35 0.65 0.55 0.4 0.55 0.6 0.9 0.95 0.35 0.4 0.15 0.9 1.0 0.2 0.35 0.65 1.0 0.8 0.15 1.0 0.85 0.45 0.95 0.3 0.5 0.75 0.65 0.2 0.3 0.0 0.2 0.1 0.6 0.5 
-0.005887729354563115 0.4014644094523049 0.42368891688017124 0.85 0.55 0.4 0.6 0.85 0.35 0.55 0.35 0.7 0.45 0.95 0.05 0.1 0.3 0.7 0.2 0.2 0.85 0.2 0.35 0.45 0.4 1.0 0.55 0.85 0.95 0.45 0.4 0.6 0.6 0.3 0.45 0.9 0.75 0.8 0.4 
-0.026648298430784454 0.6465324207886102 0.5117863869012551 0.65 0.2 0.35 0.9 0.7 0.65 0.55 0.85 0.3 0.95 0.35 0.4 0.9 0.65 0.1 1.0 0.35 0.1 0.4 0.15 0.7 1.0 0.85 0.3 0.4 0.3 0.5 0.9 0.7 0.05 0.3 0.0 1.0 0.9 0.85 0.0 
-0.00990144334287711 0.3958938814733758 0.42412388667891066 0.65 0.95 0.7 0.9 1.0 0.7 0.9 0.75 0.25 0.85 0.3 0.8 1.0 0.55 0.9 0.7 0.25 0.9 0.45 0.55 0.65 0.8 0.95 0.15 0.85 0.55 0.75 0.75 0.3 0.7 0.25 0.8 0.6 0.5 0.3 0.55 
-0.0015398360984812203 0.3931114504154181 0.4846629090592557 0.3 0.6 0.65 0.7 0.35 0.2 0.5 0.95 0.75 0.25 0.5 0.25 0.35 0.55 0.85 0.8 0.85 0.75 0.8 0.0 0.55 0.5 0.8 0.9 0.4 0.2 0.4 0.95 0.95 0.3 0.7 0.15 0.25 0.1 0.9 0.8 
-0.006626196676413394 0.6156369532567421 0.5523744979959733 0.95 0.2 0.75 0.9 0.55 0.4 0.65 0.75 0.0 1.0 0.5 0.35 0.0 0.15 0.75 0.25 0.15 0.9 0.9 0.8 0.8 1.0 0.85 0.45 0.7 0.05 0.45 0.9 0.9 0.2 0.8 0.3 0.55 0.4 0.6 0.1 
-0.00023499877282809952 0.3810096710004136 0.5112968204293806 0.7 0.45 0.55 0.7 0.4 0.45 0.4 1.0 0.8 0.3 0.65 0.9 0.75 0.05 0.85 0.45 0.55 0.65 1.0 0.95 0.05 0.4 0.65 0.4 0.7 0.15 0.35 0.55 0.95 0.2 0.4 0.15 0.85 0.15 0.1 0.4 
-0.0025442029202513415 0.632276878740431 0.41655910885524 0.9 0.2 0.45 0.85 0.35 0.2 0.3 0.85 0.75 0.95 0.35 0.4 0.95 0.7 0.65 0.9 0.95 0.65 0.3 0.8 0.7 1.0 0.85 0.45 0.1 0.2 0.15 0.7 0.2 0.2 0.8 0.95 0.45 0.3 1.0 0.1 
-0.001089537276833253 0.4039481382331199 0.5311324839876813 0.2 0.45 0.65 0.7 0.35 0.2 0.55 0.6 0.75 0.25 0.5 0.25 0.35 0.55 0.55 0.6 0.85 0.75 0.15 0.0 0.55 0.5 0.65 0.9 0.4 0.2 0.4 1.0 0.95 0.3 0.7 0.15 0.35 0.1 0.9 0.8 
-0.01899823240337099 0.6095106160214817 0.422482991757225 0.9 0.0 0.45 0.6 0.35 0.4 0.3 0.85 0.85 0.95 0.35 0.4 0.15 0.7 0.65 0.9 0.4 0.0 0.1 0.25 0.7 1.0 0.85 0.45 0.2 0.2 0.15 0.7 0.2 0.2 0.8 0.95 0.45 0.15 1.0 0.1 
-0.01801978833748443 0.5257275885154477 0.4165106127531288 0.8 0.2 0.45 0.9 0.35 0.2 0.6 0.85 0.65 0.8 0.35 0.4 0.95 1.0 0.9 1.0 0.95 0.65 0.95 0.45 0.7 1.0 0.85 0.45 0.25 0.45 0.35 1.0 0.2 0.2 0.8 0.95 0.3 0.8 1.0 0.2 
-0.04134486082117066 0.4859425527726831 0.6029241725568812 0.85 0.25 0.2 0.8 0.4 0.15 0.4 0.95 0.3 0.35 0.05 0.95 0.35 0.65 0.95 1.0 0.0 0.7 1.0 0.55 0.2 0.7 0.4 0.7 0.65 0.95 0.05 0.7 0.15 0.75 0.0 0.1 0.75 0.45 0.65 0.55 
-0.023378929922015058 0.47535104014399404 0.3894999095321471 0.4 0.95 0.7 0.8 1.0 0.7 0.9 0.75 0.3 0.85 0.3 0.8 1.0 0.85 0.4 0.7 0.5 0.95 0.85 0.55 0.7 0.85 0.05 0.15 0.35 0.05 0.8 0.65 0.25 0.45 0.4 0.8 0.3 0.0 0.6 0.35 
-0.011358422833435506 0.4413071003892648 0.39848268638976364 1.0 0.95 0.75 0.8 1.0 0.75 1.0 0.75 0.3 0.75 0.35 0.8 0.0 0.6 0.0 0.7 0.7 0.15 0.95 0.65 0.65 0.2 0.05 0.15 0.65 0.5 0.7 1.0 0.3 0.75 0.25 0.8 0.55 0.0 0.85 0.55 
-0.039225913855868155 0.6136496460154663 0.5020092386209917 0.8 0.2 0.45 0.9 0.35 0.45 0.3 0.85 0.85 0.9 0.35 0.4 0.95 0.05 0.9 1.0 0.7 0.65 0.35 0.8 0.7 1.0 0.85 0.45 0.2 0.45 0.8 0.7 0.2 0.2 0.8 0.95 0.3 0.7 1.0 0.1 
-0.002681927805424506 0.5635232702999817 0.4283449777676868 0.8 0.2 0.45 0.9 0.35 0.05 0.3 0.95 0.65 0.95 0.35 0.4 0.95 1.0 0.9 1.0 0.95 0.65 0.35 0.45 0.7 1.0 0.85 0.45 0.25 0.45 0.15 1.0 0.2 0.2 0.8 0.95 0.3 0.3 1.0 0.2 
-0.006886877735365313 0.3696393555472639 0.4873092745149484 0.3 0.6 0.65 0.7 0.35 0.2 0.5 0.95 0.75 0.25 0.5 0.25 0.35 0.55 0.85 0.8 0.85 0.75 0.8 0.0 0.55 0.5 0.65 0.9 0.4 0.2 0.4 0.95 0.95 0.3 0.7 0.15 0.25 0.1 0.9 0.8 
-0.001033626910217773 0.397704058181394 0.4503476207724892 0.9 0.45 0.65 0.7 0.35 0.2 0.35 1.0 0.75 0.1 0.4 0.8 0.35 0.05 0.25 0.8 0.25 0.4 0.8 0.0 0.55 0.5 0.35 0.9 0.35 0.2 0.1 1.0 0.95 0.3 0.7 0.5 0.75 0.1 0.9 0.8 
-0.0035508817514290202 0.4017358330286196 0.581466683183224 0.5 0.45 0.15 0.7 0.4 0.4 1.0 1.0 0.8 0.1 0.85 0.35 0.35 0.9 0.85 0.95 0.55 0.9 0.85 0.7 0.35 0.5 0.65 0.9 0.7 0.2 0.4 0.9 0.95 0.25 0.55 0.15 0.35 0.95 0.9 0.8 
-0.0072535978951111454 0.3611633482983906 0.5167062471400904 0.85 0.45 0.65 0.7 0.35 0.35 0.55 1.0 0.75 0.25 0.5 0.25 0.35 0.55 0.85 0.8 0.85 0.75 0.9 0.0 0.55 0.5 0.65 0.9 0.9 0.25 0.4 0.6 0.95 0.55 0.7 0.15 1.0 0.0 0.9 0.8 
-0.01379266173431966 0.5935505048122799 0.3921970489018768 0.95 0.2 0.45 0.3 0.75 0.3 0.2 0.55 0.65 0.95 0.35 0.4 0.15 0.3 0.7 0.7 0.05 0.65 0.4 0.45 0.45 1.0 0.85 0.45 0.8 0.45 0.0 1.0 0.2 0.2 0.55 0.95 0.3 0.3 1.0 1.0 
-0.03489100974063688 0.36170961413784025 0.5329925701053733 0.95 0.15 0.15 1.0 0.4 0.4 0.9 0.05 0.9 0.1 0.65 1.0 0.85 0.25 0.85 0.9 0.75 0.2 0.75 0.85 0.35 0.0 0.65 0.9 0.9 0.2 0.2 0.8 0.95 0.35 0.85 0.65 0.15 0.05 0.0 0.8 
-0.04138966017940098 0.5253776354848234 0.3706201880874931 0.95 0.2 0.6 0.9 0.35 0.2 0.5 0.85 0.65 0.75 0.35 0.4 0.15 1.0 0.25 0.7 0.2 0.65 1.0 0.45 0.9 1.0 0.85 0.45 0.85 0.2 0.0 0.95 0.2 0.2 0.75 0.35 0.3 0.3 1.0 1.0 
-0.04038968985180582 0.39375677513524227 0.596583200848839 0.95 0.15 0.15 1.0 0.4 0.4 0.9 0.05 0.8 0.1 0.9 1.0 0.25 0.25 0.35 0.9 0.75 0.9 1.0 0.7 0.25 0.95 0.65 0.9 0.75 0.2 0.75 0.75 0.95 0.35 0.95 0.2 0.15 0.05 0.0 0.8 
-0.0035609259163853764 0.4274762183769304 0.5765538650138788 0.95 0.15 0.15 0.95 0.4 0.4 0.85 1.0 0.5 0.6 0.7 1.0 0.35 0.9 0.85 0.9 0.75 0.9 0.4 0.7 0.35 0.9 0.65 0.9 0.15 0.2 0.3 0.9 0.95 0.25 0.85 0.65 0.35 0.85 0.9 0.8 
-0.021188055700879872 0.6622235402638691 0.500110948017795 0.8 0.2 0.45 0.2 0.4 0.4 0.45 0.95 0.95 0.95 0.35 0.4 0.95 0.0 0.9 0.0 0.55 0.15 1.0 0.8 0.7 1.0 0.85 0.45 0.0 0.3 0.65 0.9 0.05 0.2 0.2 0.0 0.3 0.1 0.7 0.1 
-0.21084425144172061 0.500538798540579 0.5978202226345237 0.45 0.45 0.45 0.9 0.6 0.4 0.55 0.6 0.85 0.95 0.35 0.4 0.15 0.85 1.0 0.5 0.35 0.9 1.0 0.8 0.15 1.0 0.85 0.45 1.0 0.3 0.5 0.75 0.65 0.2 0.3 0.0 0.2 0.1 0.45 0.1 
-0.010301820444351082 0.3765093524020086 0.4517965469194274 0.6 0.1 0.0 0.7 0.8 0.3 0.9 0.35 0.8 0.45 0.75 0.15 0.55 0.05 0.35 0.0 0.5 0.15 0.6 0.25 0.15 0.85 0.3 0.9 0.75 0.95 0.55 0.95 0.45 0.1 0.3 0.15 0.5 0.3 0.9 0.15 
-0.02338210844218338 0.3833551823004827 0.5894562417061634 0.65 0.15 0.15 1.0 0.4 0.4 0.85 0.05 0.0 0.1 0.3 0.05 0.85 0.25 0.85 0.9 0.3 0.9 1.0 0.7 0.2 1.0 0.25 0.9 0.85 0.2 0.4 0.85 0.95 0.5 0.05 0.65 1.0 0.05 0.0 0.55 
-0.0024072645697122167 0.632838154565907 0.43582563862650164 0.9 0.2 0.45 0.6 0.35 0.4 0.3 0.85 0.85 0.95 0.35 0.4 0.95 0.7 0.65 0.9 0.95 0.65 0.35 0.8 0.7 1.0 0.85 0.45 0.35 0.6 0.15 0.7 0.2 0.2 0.8 0.95 0.45 0.15 1.0 0.45 
-0.008513622028413227 0.6439229254715022 0.40320214285129674 0.95 0.2 0.6 0.9 0.35 0.4 0.5 0.85 0.65 0.95 0.35 0.4 0.15 1.0 0.9 0.7 0.65 0.65 0.6 0.45 0.75 1.0 0.8 0.45 0.85 0.45 0.0 1.0 0.2 0.2 0.55 0.75 0.3 0.6 1.0 1.0 
-0.062385418082054674 0.6518630578127693 0.5083463744025849 0.8 0.2 0.5 0.2 0.4 0.4 0.45 0.95 0.95 0.95 0.35 0.4 0.5 0.65 0.9 0.0 0.55 0.9 1.0 0.8 0.7 1.0 0.85 0.45 0.0 0.3 0.65 0.9 0.05 0.05 0.3 0.0 0.3 0.1 0.7 0.1 
-0.0022172688983417674 0.628301104390286 0.5634865685771226 0.35 0.2 0.6 0.55 0.55 0.0 0.45 0.6 0.85 0.95 0.35 0.4 0.35 0.65 0.95 1.0 0.35 0.65 1.0 0.8 0.7 1.0 0.85 0.45 0.2 0.3 0.25 0.95 0.7 0.2 0.3 0.0 0.3 0.0 0.15 0.1 
-0.06579201541778204 0.6873569260417383 0.4871538211796548 0.8 0.2 0.65 0.9 0.7 0.65 0.8 0.85 0.3 1.0 0.35 0.4 0.9 0.65 0.4 1.0 0.35 0.3 0.25 0.15 0.7 1.0 0.85 0.45 0.4 0.3 0.65 0.85 0.0 0.05 0.3 0.0 0.75 0.9 0.75 0.0 
-0.011157702957012754 0.3649584503685308 0.43110163699106874 0.5 0.1 0.0 0.6 0.8 0.3 0.9 0.35 0.8 0.45 0.75 0.15 0.8 0.55 0.9 0.0 0.5 0.45 0.85 0.5 0.55 0.85 0.3 0.9 0.75 0.95 0.55 0.95 0.45 0.45 0.4 0.5 0.5 0.85 0.9 0.15 
-0.004974087096441271 0.6588666867042194 0.4643868914544388 1.0 0.2 0.65 0.5 0.55 0.55 0.25 0.75 0.6 0.95 0.35 0.4 0.05 0.45 0.9 0.25 0.35 0.65 0.7 0.8 0.45 1.0 0.85 0.45 0.2 0.0 0.3 0.95 0.9 0.2 0.3 0.95 0.25 0.1 0.6 0.1 
-0.02276189781262305 0.5833673493052154 0.4179186014822604 0.95 1.0 0.45 0.9 0.35 0.25 0.5 0.45 0.45 1.0 0.35 0.4 0.15 0.65 0.55 0.7 0.2 0.65 0.65 0.4 0.9 1.0 0.85 0.15 0.85 0.2 0.25 0.95 0.35 0.2 0.45 0.35 0.05 0.3 0.7 0.2 
-0.0023619700003351877 0.6535734339250048 0.5186321676942509 0.3 0.2 0.5 0.9 0.7 0.65 0.45 0.85 0.25 0.95 0.35 0.4 0.95 0.65 0.9 1.0 0.35 0.65 1.0 0.8 0.45 1.0 0.85 0.45 0.2 0.3 0.6 0.9 0.7 0.2 0.3 1.0 0.3 0.1 1.0 0.1 
-0.0029863221570523824 0.4343913492831161 0.3758920920404113 1.0 0.95 0.7 0.8 1.0 0.7 1.0 0.75 0.3 0.65 0.3 0.8 0.25 0.1 0.9 0.7 0.65 0.9 1.0 0.6 0.65 0.8 0.05 0.15 0.7 0.65 0.35 0.9 0.3 0.7 0.4 0.8 0.1 0.0 0.85 0.55 
-0.01280015488537561 0.6708019079586459 0.47480368915438276 1.0 0.2 0.25 0.65 0.55 0.75 0.9 0.75 0.5 0.95 0.35 0.35 0.1 0.3 0.9 0.25 0.35 0.65 1.0 0.8 0.45 1.0 0.85 0.45 0.9 0.05 0.9 0.75 0.7 0.2 0.3 0.75 0.25 0.1 0.6 0.1 
-0.007477652576425889 0.5838354097013042 0.39955669840643476 0.8 0.2 0.45 0.9 0.35 0.2 0.3 0.85 0.65 0.95 0.35 0.4 0.95 1.0 0.9 1.0 0.95 0.65 0.35 0.45 0.7 1.0 0.85 0.45 0.25 0.45 0.15 1.0 0.2 0.2 0.8 0.95 0.3 0.3 1.0 0.2 
-0.005554296097351733 0.4391440845512401 0.5945103925938477 0.65 0.15 0.15 0.7 0.4 0.45 1.0 1.0 0.8 0.65 0.85 0.9 0.35 0.9 0.85 0.45 0.55 0.15 0.85 0.7 0.75 0.5 0.65 0.95 0.7 0.2 0.4 0.9 0.95 0.25 0.55 0.45 0.35 0.1 0.9 0.55 
-0.007978240001768354 0.6874713775536172 0.43826432877052707 1.0 0.2 0.65 0.5 0.55 0.55 0.4 0.75 0.0 0.95 0.35 0.4 0.1 0.45 0.9 0.4 0.35 0.65 0.7 0.8 0.45 1.0 0.85 0.45 0.2 0.0 0.3 0.95 0.9 0.2 0.3 0.95 0.25 0.1 0.6 0.1 
-0.001327390144405168 0.41798034387571753 0.5917675240786836 0.6 0.45 0.9 0.7 0.4 0.2 0.85 1.0 0.6 0.1 0.75 0.3 0.35 0.05 0.85 0.7 1.0 0.65 0.8 0.7 0.55 0.5 0.65 0.9 0.7 0.2 0.4 0.9 0.95 0.3 0.7 0.8 0.35 1.0 0.9 0.8 
-0.009815765780654134 0.6771738457894235 0.4505616136204404 1.0 0.2 0.65 0.5 0.55 0.55 0.25 0.75 0.0 0.95 0.35 0.4 0.05 0.45 0.9 0.25 0.35 0.65 0.7 0.8 0.45 1.0 0.85 0.45 0.2 0.0 0.3 0.95 0.9 0.2 0.3 0.95 0.25 0.1 0.6 0.1 
-0.5583749155766037 0.5185040098139522 0.6059525450420727 0.4 0.45 0.45 0.9 0.6 0.4 0.5 0.6 0.85 0.95 0.35 0.4 0.15 0.85 1.0 0.45 0.35 0.9 1.0 0.8 0.15 1.0 0.85 0.45 0.9 0.3 0.5 0.75 0.65 0.2 0.3 0.0 0.2 0.1 0.45 0.1 
-0.006697861604698231 0.6001677114996855 0.5823272606328346 0.8 0.2 0.2 0.9 0.55 0.4 0.45 0.6 0.85 0.95 0.35 0.4 0.95 0.65 1.0 1.0 0.35 0.65 1.0 0.8 0.7 1.0 0.85 0.45 0.5 0.35 0.75 0.9 0.7 0.2 0.3 0.0 0.3 0.0 1.0 0.1 
-0.05215090802396805 0.6475635491225762 0.5321999711340756 0.3 0.2 0.35 0.9 0.7 0.65 0.15 0.85 0.25 0.95 0.35 0.4 0.95 0.65 0.9 1.0 0.35 0.65 1.0 0.8 0.45 1.0 0.85 0.45 0.2 0.3 0.6 0.9 0.7 0.2 0.3 1.0 0.75 0.1 1.0 0.1 
-0.015226551428417553 0.43079829849090706 0.3765467394958943 1.0 0.95 0.7 0.7 1.0 0.7 1.0 0.75 0.3 0.75 0.3 0.8 1.0 0.55 0.9 0.7 0.7 0.65 1.0 0.55 0.65 0.8 0.05 0.15 0.85 0.55 0.5 0.5 0.3 0.7 0.4 0.8 0.0 0.0 0.3 0.55 
-0.00042933101003626996 0.36969964399333444 0.5592010065840469 0.55 0.45 0.15 0.7 0.4 0.45 1.0 1.0 0.8 0.1 0.6 0.9 0.35 0.15 0.85 0.45 0.55 0.65 0.85 0.95 0.7 0.15 0.9 0.9 0.7 0.3 0.4 0.75 0.95 0.2 0.7 0.15 0.75 0.1 0.45 0.0 
-0.014031903340306986 0.5740176094706553 0.3789476818249284 0.8 0.2 0.45 0.9 0.35 0.2 0.7 0.85 0.65 0.95 0.35 0.4 0.95 1.0 0.9 1.0 0.95 0.65 0.35 0.45 0.7 1.0 0.85 0.45 0.25 0.45 0.15 1.0 0.2 0.2 0.8 0.95 0.3 0.3 1.0 0.2 
-0.012067138216383506 0.42734107694282053 0.4052361216104002 1.0 0.95 0.7 0.8 1.0 0.75 1.0 0.75 0.3 0.75 0.35 0.8 0.0 0.6 0.0 0.7 0.7 0.15 0.95 0.65 0.65 0.25 0.05 0.15 0.65 0.5 0.7 1.0 0.3 0.75 0.25 0.8 0.55 0.0 0.85 0.55 
-0.00827200591840557 0.646894064224699 0.5525814379948333 0.3 0.2 0.5 0.9 0.7 0.65 0.45 0.2 0.25 0.95 0.35 0.4 0.95 0.65 0.9 1.0 0.35 0.65 1.0 0.8 0.45 1.0 0.85 0.45 0.2 0.3 0.6 0.9 0.7 0.2 0.3 1.0 0.3 0.1 1.0 0.1 
-0.011073223522557305 0.6926141114782424 0.4612874934777032 1.0 0.2 0.65 0.5 0.55 0.65 0.85 0.75 0.0 0.95 0.35 0.4 0.1 0.45 0.9 0.25 0.35 0.65 0.7 0.8 0.45 1.0 0.85 0.45 0.15 0.0 0.45 0.8 0.9 0.2 0.3 0.75 0.25 0.1 0.6 0.1 
-0.037480076643173266 0.6237631751301247 0.39373186955908424 0.8 0.2 0.5 0.7 0.35 0.2 0.3 0.85 0.65 0.95 0.35 0.4 0.95 1.0 0.9 1.0 0.95 0.65 0.95 0.45 0.45 1.0 0.85 0.45 0.45 0.8 0.15 1.0 0.2 0.2 1.0 0.95 0.3 0.3 0.95 0.2 
-0.012239886611247926 0.6824372607352706 0.528853458420158 1.0 0.2 0.65 0.55 0.55 0.3 0.9 0.35 0.0 0.95 0.35 0.3 0.1 0.15 0.9 0.25 0.35 0.65 1.0 0.45 0.45 1.0 0.85 0.45 0.55 0.05 0.9 0.9 0.7 0.2 0.3 0.75 0.25 0.1 0.6 0.1 
-0.0003608989164360788 0.35040279354560383 0.5883741639854626 0.65 0.45 0.15 0.95 0.4 0.45 0.75 1.0 0.8 0.1 0.85 0.9 0.1 0.9 0.85 0.0 0.55 0.9 0.45 0.7 0.35 0.2 0.65 0.9 0.7 0.2 0.3 0.9 0.95 0.25 0.4 0.15 0.35 0.85 0.9 0.8 
-0.009357158425297163 0.6014996288456393 0.3686628604297969 0.95 0.2 0.5 0.9 0.35 0.2 0.4 0.85 0.65 0.95 0.35 0.4 0.5 1.0 0.9 0.7 0.65 0.3 0.25 0.45 0.65 1.0 0.85 0.45 0.25 0.45 0.0 1.0 0.2 0.2 0.8 0.95 0.3 0.3 1.0 1.0 
-0.014298128963305595 0.45614956245483695 0.5933192914151381 0.15 0.85 0.65 0.7 0.45 0.2 0.4 1.0 0.0 1.0 0.65 1.0 0.35 0.3 0.85 0.8 0.55 0.65 0.8 0.7 0.55 0.5 0.65 0.9 0.7 0.2 0.4 0.55 0.9 0.3 0.65 0.15 0.25 0.1 0.45 0.0 
-0.015629218427482314 0.7147498702636819 0.4890769738685816 1.0 0.2 0.55 0.95 0.55 0.4 0.55 0.75 0.0 0.85 0.35 0.4 0.05 0.15 0.9 0.25 0.0 0.9 0.95 0.8 0.8 0.9 0.85 0.45 0.2 0.05 0.45 0.9 0.9 0.2 0.7 0.85 0.25 0.35 0.6 0.1 
-0.023231582917987114 0.6570776073012372 0.40518695848436664 0.8 0.2 0.45 0.6 0.35 0.2 0.3 0.8 0.75 0.95 0.35 0.4 0.95 0.7 0.55 1.0 0.95 0.65 0.35 0.8 0.7 1.0 0.85 0.45 0.5 0.95 0.15 0.7 0.2 0.2 0.8 0.95 0.3 0.15 1.0 0.1 
-0.01782758170927487 0.6592879568382769 0.5840569601293225 0.35 0.2 0.6 0.55 0.55 0.4 0.45 0.6 0.85 0.95 0.35 0.4 0.35 0.65 0.95 1.0 0.35 0.65 1.0 0.8 0.7 1.0 0.85 0.45 0.2 0.3 0.25 0.95 0.7 0.2 0.3 0.0 0.3 0.0 1.0 0.1 
-0.07683154480394051 0.6759818757624614 0.5487829551793268 1.0 0.2 0.55 0.9 0.55 0.4 0.85 0.75 0.0 0.95 0.35 0.4 0.1 0.45 0.9 0.45 0.35 0.2 1.0 0.8 0.5 1.0 0.85 0.45 0.2 0.05 0.5 0.9 0.7 0.2 0.3 0.75 0.25 0.1 0.6 0.1 
-0.012692196495434252 0.42965807352173996 0.6159564286940953 0.95 0.15 0.7 0.95 0.4 0.4 0.0 1.0 0.5 0.1 0.4 1.0 0.35 0.9 0.85 0.2 0.75 0.9 0.4 0.7 0.35 0.9 0.65 0.9 0.75 0.2 0.3 0.9 0.95 0.25 0.85 0.65 0.1 0.25 0.9 0.8 
-0.0037429501898727418 0.6459268598868856 0.5880140540277681 0.35 0.2 0.6 0.55 0.55 0.4 0.45 0.6 0.85 0.95 0.35 0.4 0.35 0.4 0.95 1.0 0.35 0.65 1.0 0.8 0.7 1.0 0.85 0.45 0.2 0.3 0.25 1.0 0.7 0.2 0.3 0.0 0.3 0.0 1.0 0.1 
-0.001029516500320497 0.6722311394770756 0.5550469147917887 1.0 0.2 0.6 0.55 0.55 0.3 0.9 0.35 0.0 0.95 0.35 0.3 0.1 0.15 0.9 0.25 0.35 0.65 1.0 0.45 0.45 1.0 0.85 0.45 0.55 0.05 0.9 0.9 0.7 0.2 0.3 0.75 0.25 0.1 0.6 0.1 
-0.0010762652433803912 0.3362267473239662 0.5465705870791762 0.95 0.6 0.65 0.7 0.45 0.45 1.0 1.0 0.8 0.1 0.85 0.65 0.7 0.05 0.85 0.9 0.55 0.65 1.0 0.95 0.7 0.5 0.65 0.9 0.85 0.15 0.4 0.75 0.95 0.3 0.65 0.15 0.55 0.1 0.4 0.45 
-0.025474795801055324 0.5472434594448096 0.3878617002290196 0.8 0.2 0.45 0.9 0.35 0.2 0.7 0.85 0.65 0.95 0.35 0.4 0.95 1.0 0.9 1.0 0.95 0.65 0.6 0.45 0.7 1.0 0.85 0.45 0.25 0.45 0.15 1.0 0.2 0.2 0.8 0.95 0.3 0.3 1.0 0.2 
-0.011026153903069645 0.3319768634160637 0.44031138682412485 0.95 0.45 0.65 0.7 0.4 0.2 1.0 1.0 0.35 0.1 0.5 0.15 0.05 0.0 0.85 0.35 0.35 0.65 0.8 0.0 0.5 0.5 0.65 0.9 0.7 0.2 0.4 1.0 0.95 0.3 0.7 0.15 0.35 0.8 0.9 0.65 
-0.00017790069809866523 0.43541114447828827 0.6364127579327428 1.0 0.55 0.9 0.75 0.8 0.3 1.0 0.35 0.2 0.55 1.0 0.15 0.1 0.05 0.35 0.25 0.55 0.45 0.75 0.3 0.8 0.6 0.2 0.9 0.9 0.95 0.4 0.95 0.45 0.35 0.35 0.2 0.5 0.15 0.55 0.15 
-0.000829001021324359 0.38175522865768385 0.41107109167528005 0.9 0.45 0.65 0.7 0.35 0.2 0.35 1.0 0.75 0.1 0.4 0.0 0.35 0.05 0.85 0.8 0.25 0.65 0.8 0.0 0.55 0.5 0.65 0.9 0.35 0.2 0.1 1.0 0.95 0.3 0.7 0.15 0.75 0.1 0.9 0.8 
-0.008540299626423426 0.5445035412821821 0.6032561737032582 0.4 0.45 0.0 0.9 0.6 0.4 0.55 0.6 0.85 0.95 0.35 0.4 0.15 0.85 1.0 0.45 0.35 0.9 1.0 0.8 0.15 1.0 0.85 0.45 0.9 0.3 0.5 0.75 0.65 0.2 0.3 0.0 0.2 0.1 0.45 0.1 
-0.014584536366518625 0.3722751245201331 0.5953460772344695 0.6 0.15 0.15 0.95 0.55 0.4 0.8 1.0 0.5 0.1 0.4 0.85 1.0 0.9 0.85 0.9 0.75 0.9 0.8 0.7 0.35 0.9 0.65 0.9 0.55 0.2 0.3 0.9 0.95 0.25 0.85 0.75 0.35 0.85 0.9 0.8 
-0.009586942701273703 0.585851264286711 0.6207633944247175 0.35 0.2 0.2 0.9 0.55 0.4 0.45 0.6 0.85 0.95 0.35 0.4 0.95 0.65 1.0 1.0 0.35 0.65 1.0 0.8 0.7 1.0 0.85 0.45 0.5 0.7 0.3 0.9 0.7 0.2 0.3 0.0 0.3 0.0 1.0 0.1 
-0.0005146470773071233 0.6196354835686705 0.6137945011051544 0.4 0.2 0.2 0.9 0.55 0.4 0.45 0.6 0.85 0.95 0.35 0.4 0.95 0.2 1.0 1.0 0.35 0.65 1.0 0.8 0.7 1.0 0.85 0.45 0.2 0.35 0.3 0.9 0.7 0.2 0.3 0.0 0.3 0.0 1.0 0.1 
-0.0012473407985111305 0.5852139446184784 0.3664932496970853 0.95 0.2 0.45 0.9 0.35 0.3 0.3 0.85 0.65 0.95 0.35 0.4 0.15 1.0 0.9 0.5 0.65 0.65 0.75 0.45 0.7 1.0 0.85 0.45 0.8 0.45 0.0 1.0 0.2 0.2 0.2 0.95 0.3 0.3 1.0 1.0 
-0.036344876904701194 0.3628323091299741 0.6134857483359184 0.65 0.15 0.15 1.0 0.4 0.4 0.6 0.05 0.8 0.1 0.4 1.0 0.55 0.9 0.85 0.9 0.95 0.9 0.6 0.7 0.65 0.9 0.65 0.9 0.9 0.05 0.2 0.8 0.95 0.35 0.15 0.65 0.15 0.05 0.7 0.3 
-0.047730140645717976 0.6745326138541303 0.4303421625896907 1.0 0.2 0.65 0.5 0.55 0.55 0.4 0.75 0.0 0.95 0.35 0.4 0.1 0.6 0.9 0.25 0.35 0.65 0.7 0.8 0.45 1.0 0.85 0.45 0.2 0.0 0.2 0.95 0.9 0.2 0.3 0.95 0.25 0.1 0.6 0.1 
-0.05474418499855354 0.4715393104381487 0.3908149308852548 0.4 0.95 0.7 0.8 1.0 0.7 0.9 0.75 0.3 0.9 0.3 0.8 1.0 0.85 0.4 0.85 0.5 0.95 0.85 0.55 0.7 0.85 0.05 0.15 0.35 0.05 0.8 0.65 0.25 0.45 0.4 0.8 0.3 0.0 0.6 0.35 
-0.00044786836693931333 0.6289123051936945 0.5806840066565494 1.0 0.2 0.4 0.95 0.55 0.4 0.95 0.75 0.0 0.9 0.35 0.35 0.95 0.15 0.75 0.3 0.85 0.45 0.95 0.8 0.9 1.0 0.85 0.45 1.0 0.1 0.45 0.9 0.9 0.2 0.8 0.45 0.25 0.1 0.0 0.1 
-0.00331653765982164 0.3219031505261859 0.48292020741696884 0.55 0.45 0.65 0.7 0.4 0.35 1.0 0.95 0.8 0.05 0.35 0.95 0.35 0.05 0.85 0.1 0.55 0.65 1.0 0.95 0.7 0.4 0.65 0.9 0.7 0.15 0.4 0.75 0.95 0.2 0.7 0.05 0.35 0.15 0.4 0.4 
-0.07507099042682666 0.7013139985488486 0.516139942469001 1.0 0.2 0.55 0.95 0.55 0.4 0.55 0.75 0.0 1.0 0.35 0.35 0.5 0.15 0.9 0.9 0.0 0.15 0.95 0.8 0.8 0.9 0.85 0.45 0.2 0.05 0.45 0.9 0.9 0.2 0.7 0.85 0.25 0.35 0.6 0.1 
-0.09816991800356843 0.3946567617681945 0.3904917835678173 0.7 0.95 0.7 0.9 1.0 0.7 0.9 0.75 0.3 0.85 0.3 0.8 1.0 0.55 0.9 0.7 0.25 0.9 0.95 0.55 0.65 0.8 0.95 0.15 0.85 0.55 0.8 0.75 0.3 0.7 0.7 0.8 0.6 0.5 0.3 0.55 
-0.057626507725886414 0.6800865374507536 0.4129588241646856 0.6 0.2 0.35 0.9 0.7 0.65 0.6 0.85 0.3 0.95 0.35 0.4 0.9 0.65 0.4 1.0 0.35 0.1 0.4 0.15 0.7 1.0 0.85 0.45 0.4 0.3 0.5 0.9 0.1 0.05 0.3 0.0 1.0 0.9 1.0 0.0 
-0.0019435263978470946 0.3362014998555921 0.621247692480495 0.95 0.15 0.15 0.95 0.4 0.4 0.0 1.0 0.5 0.1 0.4 1.0 0.35 0.9 0.85 0.9 0.75 0.9 0.4 0.7 0.35 0.9 0.65 0.9 0.75 0.2 0.3 0.9 0.95 0.25 0.85 0.65 0.35 0.85 0.9 0.8 
-0.04344283725394629 0.6098965638131972 0.611209537145322 0.4 0.2 0.2 1.0 0.55 0.4 0.45 0.6 0.85 0.95 0.35 0.4 0.95 0.2 1.0 1.0 0.35 0.65 1.0 0.8 0.7 1.0 0.85 0.45 0.2 0.35 0.3 0.9 0.7 0.2 0.3 0.0 0.3 0.0 1.0 0.1 
-0.02427332921529929 0.3567750628806796 0.4923250575925029 0.55 0.45 0.65 0.7 0.4 0.45 1.0 1.0 0.8 0.1 0.6 0.9 0.35 0.15 0.85 0.45 0.55 0.65 0.85 0.95 0.7 0.15 0.9 0.9 0.5 0.3 0.4 0.75 0.95 0.2 0.7 0.15 0.75 0.1 0.45 0.0 
-0.0041063918153162425 0.33167854219064785 0.5771351873006939 0.0 0.45 0.65 0.7 0.35 0.25 0.7 0.95 0.75 0.35 0.7 0.6 0.35 0.45 0.25 0.8 1.0 0.65 0.8 0.95 0.55 0.5 0.65 0.9 1.0 0.2 0.4 1.0 0.95 0.25 0.7 0.5 0.85 0.1 0.7 0.8 
-0.0152562506121181 0.6473621766511444 0.6292207693562798 1.0 0.2 0.65 0.4 0.55 0.85 0.9 0.35 0.05 1.0 0.35 0.3 0.1 0.9 0.9 0.3 0.35 0.65 1.0 0.8 0.45 0.95 0.85 0.45 0.35 0.05 0.9 0.75 0.7 0.2 0.3 0.2 0.25 0.25 0.6 0.1 
-0.03333450983211343 0.4650256037487616 0.6065704274029101 0.85 0.3 0.2 0.8 0.4 0.15 0.4 0.6 0.3 0.35 0.15 0.95 0.55 0.65 0.95 1.0 0.55 0.7 0.95 0.55 0.2 0.8 0.4 0.7 0.75 0.95 0.05 0.75 0.15 0.75 0.0 0.15 0.75 0.45 0.9 0.55 
-0.0008262870573982804 0.34103660242203226 0.41654538023554705 0.95 0.45 0.6 0.7 0.35 0.2 0.55 0.95 0.75 0.25 0.5 0.2 0.9 0.55 0.85 0.8 1.0 0.75 0.8 0.0 0.55 0.5 0.65 0.9 0.4 0.2 0.4 0.65 0.95 0.3 0.7 0.15 0.25 0.5 0.9 0.8 
-0.002949004373908035 0.34724462255051025 0.6321669395848823 0.65 0.15 0.15 1.0 0.4 0.4 0.9 0.05 0.8 0.1 0.4 1.0 0.85 0.9 0.85 0.9 0.95 0.75 0.6 0.7 0.35 0.9 0.65 0.9 0.9 1.0 0.2 0.8 0.95 0.35 0.15 0.65 0.15 0.05 0.9 0.8 
-0.0015019895033414811 0.39956614590034617 0.6225674580465685 0.95 0.15 0.15 0.95 0.4 0.4 0.85 0.15 0.5 0.6 0.4 1.0 0.35 0.9 0.85 0.9 0.75 0.9 0.4 0.7 0.35 0.9 0.65 0.9 0.75 0.2 0.3 0.9 0.95 0.25 0.85 0.65 0.35 0.85 0.9 0.8 
-0.005538027947892283 0.2990792349688143 0.5175055252784894 0.95 0.45 0.8 0.7 0.35 0.25 0.7 0.95 0.75 0.2 0.7 0.6 0.35 0.45 0.25 0.8 0.85 0.65 0.85 0.95 0.55 0.5 0.65 0.9 1.0 0.2 0.4 1.0 0.95 0.25 0.7 0.9 0.2 0.1 0.7 0.35 
-0.023034177048179068 0.5509993032878077 0.6238321244611362 0.65 0.2 0.45 0.8 0.55 0.75 0.9 0.85 0.0 1.0 0.35 0.35 0.25 0.85 0.8 0.3 0.95 0.65 1.0 0.8 0.45 0.95 0.85 0.45 0.8 0.1 0.9 0.75 0.7 0.2 0.3 0.75 0.2 0.1 0.6 0.1 
-0.0016595464496659553 0.3379082628803206 0.5253495307397701 0.7 0.45 0.65 0.7 0.4 0.45 1.0 1.0 0.8 0.1 0.25 0.9 0.35 0.05 0.85 0.45 0.55 0.65 1.0 0.9 0.7 0.4 0.65 0.9 0.9 0.15 0.4 0.75 0.95 0.2 0.7 0.45 1.0 0.15 0.1 0.7 
-0.025994861334321433 0.6424533121369368 0.3885161439728752 0.95 0.2 0.45 0.3 0.35 0.3 0.2 0.85 0.65 0.95 0.35 0.4 0.15 0.3 0.7 0.7 0.65 0.65 0.6 0.45 0.25 1.0 0.85 0.45 0.8 0.45 0.0 1.0 0.2 0.2 0.55 0.95 0.3 0.3 1.0 1.0 
-0.0009384160899208958 0.3241094559835236 0.5435839485294695 0.85 0.45 0.1 0.7 0.35 0.35 0.55 1.0 0.75 0.25 0.5 0.35 0.2 0.55 0.85 0.8 0.85 0.75 0.9 0.0 0.55 0.5 0.65 0.9 0.9 0.25 0.4 0.6 1.0 0.3 0.7 0.15 1.0 0.0 0.9 0.8 
-0.00635007665032847 0.3242095753335471 0.4953390404317864 0.65 0.15 0.15 0.7 0.45 0.45 1.0 1.0 0.8 0.1 0.85 0.9 0.35 0.9 0.85 1.0 0.7 0.15 0.9 0.9 0.35 0.35 1.0 0.95 0.7 0.2 0.4 0.9 0.95 0.25 0.55 0.5 0.35 0.1 0.9 0.55 
-0.001633361813286507 0.6996992410297895 0.4460114267433077 1.0 0.2 0.65 0.5 0.55 0.65 0.85 0.75 0.0 0.95 0.35 0.4 0.1 0.45 0.9 0.25 0.35 0.65 0.7 0.8 0.45 1.0 0.85 0.45 0.2 0.0 0.45 0.8 0.9 0.2 0.3 0.75 0.25 0.1 0.6 0.1 
-0.0011506848145553885 0.3265331809569083 0.603157611827719 1.0 0.2 0.35 0.9 0.35 0.5 0.9 0.95 0.75 0.95 0.8 0.6 0.55 0.1 0.25 0.95 0.2 0.75 1.0 0.8 0.75 0.65 0.65 0.9 0.7 0.2 0.35 0.95 0.95 0.45 0.75 0.05 0.7 0.25 0.3 1.0 
-0.07265316758936102 0.5441275281985901 0.6111214503840828 0.0 0.45 0.45 0.9 0.6 0.4 0.5 0.6 0.85 0.95 0.35 0.4 0.15 0.85 0.05 0.45 0.35 0.9 1.0 0.8 0.15 1.0 0.85 0.45 0.9 0.3 0.5 0.75 0.65 0.2 0.3 0.4 0.2 0.1 0.45 0.1 
-0.0072758195954754365 0.3936538432588327 0.36834554727959 0.75 0.95 0.7 0.75 1.0 0.7 1.0 0.75 0.3 0.85 0.3 0.8 1.0 0.55 0.9 0.65 0.7 0.9 1.0 0.55 0.65 0.8 0.05 0.15 0.85 0.5 0.35 0.75 0.3 0.7 0.4 0.8 0.1 0.0 0.15 0.55 
-5.4854541510539636e-05 0.49218372277110495 0.3767381999109629 1.0 0.95 0.7 0.8 1.0 0.7 0.95 0.75 0.3 0.85 0.3 0.8 1.0 0.85 0.95 0.7 0.5 0.95 0.85 0.55 0.55 0.85 0.4 0.15 0.35 0.85 0.8 0.65 0.25 0.45 0.4 0.3 0.3 0.0 0.7 0.35 
-0.0340613896905245 0.6153882788322708 0.35609508226182407 0.95 0.2 0.45 0.85 0.35 0.3 0.2 0.75 0.2 0.95 0.35 0.3 0.15 1.0 0.9 0.85 0.0 0.65 0.8 0.45 0.85 1.0 0.85 0.45 0.8 0.45 0.0 1.0 0.2 0.2 0.55 0.95 0.3 1.0 1.0 1.0 
-0.019292239665360016 0.6671667223724501 0.40675463320204963 0.8 0.2 0.9 0.9 0.7 0.65 0.65 0.85 0.3 0.95 0.35 0.4 0.9 0.65 0.1 0.4 0.35 0.65 0.4 0.15 0.7 1.0 0.85 0.45 0.4 0.3 0.5 0.85 0.2 0.05 0.3 0.0 0.75 0.9 1.0 0.0 
-0.0037928023401754113 0.30673447991314795 0.48157252569286374 0.6 0.45 0.65 0.7 0.35 0.25 0.7 0.95 0.75 0.35 0.7 0.45 0.35 0.45 0.25 0.85 0.35 0.65 0.9 0.0 0.5 0.5 0.65 0.9 1.0 0.2 0.4 1.0 0.95 0.3 0.7 0.0 0.85 0.1 0.95 0.8 
-0.0023443595175192504 0.6789203808036649 0.5917283673250041 1.0 0.2 0.55 0.95 0.55 0.4 0.85 0.9 0.0 1.0 0.35 0.4 0.1 0.15 0.9 0.25 0.0 0.9 0.95 0.8 0.8 1.0 0.85 0.45 0.7 0.05 0.6 0.9 0.85 0.2 0.7 0.9 0.25 0.05 0.6 0.95 
-0.004110776479600863 0.31832421782621423 0.529706623158693 0.9 0.35 0.4 0.9 0.4 0.4 0.85 0.95 0.8 0.15 0.8 0.6 0.55 0.35 0.5 0.95 0.65 0.85 0.6 0.7 0.35 0.0 0.65 0.9 0.85 0.2 0.4 0.95 0.95 0.3 0.55 0.35 0.35 0.85 0.15 1.0 
-0.027621850251639185 0.40551442795134934 0.6299106644027295 0.95 0.15 0.15 0.95 0.4 0.4 0.85 1.0 0.5 0.6 0.4 1.0 0.35 0.9 0.85 0.9 0.75 0.9 0.4 0.7 0.35 0.9 0.65 0.9 0.75 0.2 0.3 0.9 0.95 0.25 0.85 0.65 0.35 0.85 0.9 0.8 
-0.04951967184042035 0.6999172682342911 0.40694954829730573 0.8 0.2 0.65 0.9 0.7 0.65 0.3 0.85 0.3 0.95 0.35 0.4 0.9 0.65 0.4 1.0 0.35 0.65 0.6 0.15 0.7 1.0 0.85 0.45 0.4 0.3 0.5 0.85 0.7 0.05 0.3 0.0 0.75 0.9 1.0 0.0 
-0.008963435860933157 0.3941188130596314 0.6507441390868827 0.95 0.1 0.15 0.95 0.4 0.4 0.2 1.0 0.5 0.6 0.4 1.0 0.35 0.95 0.85 0.9 0.75 0.9 0.45 0.7 0.35 0.9 0.65 0.9 0.75 0.2 0.3 0.9 0.95 0.25 0.85 0.65 0.35 0.2 0.9 0.8 
-0.0033288503088292516 0.3349130786083214 0.3934937146476026 0.95 0.45 0.65 0.7 0.35 0.2 0.55 0.95 0.75 0.25 0.5 0.2 0.35 0.55 0.85 0.8 1.0 0.75 0.8 0.95 0.55 0.5 0.65 0.9 0.4 0.2 0.4 0.65 0.95 0.3 0.7 0.15 0.25 0.1 0.9 0.8 
-0.025292358147515487 0.6645650260633688 0.5951803541584234 0.3 0.2 0.9 0.9 0.55 0.4 0.35 0.6 0.25 0.95 0.35 0.4 0.35 0.45 1.0 1.0 0.55 0.65 1.0 0.8 0.7 1.0 0.85 0.45 0.2 0.35 0.5 0.9 0.7 0.2 0.3 0.0 0.8 0.0 1.0 0.1 
-0.010816997486832397 0.3718305496245384 0.6408578053026631 0.8 0.45 0.15 0.95 0.4 0.4 0.5 1.0 0.25 0.1 0.85 0.6 0.35 0.9 0.4 0.9 0.55 0.9 0.45 0.7 0.35 0.65 0.65 0.9 0.75 0.2 0.3 0.95 0.95 0.25 0.55 0.6 0.35 0.85 0.9 0.8 
-0.00344115107190384 0.33017936185994257 0.43673736906481275 0.95 0.45 0.65 0.7 0.4 0.2 1.0 1.0 0.35 0.1 0.5 0.2 0.05 0.0 0.85 0.35 0.35 0.65 0.8 0.0 0.5 0.5 0.65 0.9 0.7 0.2 0.4 1.0 0.95 0.3 0.7 0.15 0.35 0.8 0.9 0.65 
-0.027031579702138826 0.7089687386894231 0.4140373123773704 0.65 0.2 0.35 0.9 0.7 0.65 0.55 0.85 0.3 0.95 0.35 0.4 0.9 0.65 0.1 1.0 0.35 0.1 0.4 0.15 0.7 1.0 0.85 0.45 0.4 0.3 0.5 0.9 0.7 0.05 0.3 0.0 1.0 0.9 1.0 0.0 
-0.04388493653396637 0.2932291410382265 0.4473859872386524 0.8 0.3 0.4 0.9 0.4 0.4 0.05 0.95 0.75 0.5 0.8 0.6 0.85 0.2 0.35 0.15 0.65 0.65 0.9 0.1 0.8 0.9 0.65 0.9 0.95 0.2 0.2 0.95 0.95 0.3 0.25 0.4 0.3 0.25 0.45 1.0 
-0.1096717325938576 0.6917762161170256 0.5719410259827971 0.95 0.2 0.75 0.9 0.55 0.4 0.65 0.75 0.0 1.0 0.35 0.35 0.0 0.15 0.75 0.25 0.15 0.9 0.9 0.8 0.8 1.0 0.85 0.5 0.7 0.05 0.45 0.9 0.9 0.2 0.8 0.3 0.55 0.65 0.0 0.1 
-0.014948551927253346 0.37039975493727695 0.39235472810105937 0.8 0.95 0.7 0.8 1.0 0.7 0.95 0.75 0.3 0.85 0.3 0.8 0.35 0.65 0.9 0.7 0.7 0.9 1.0 0.55 0.65 0.8 0.95 0.1 0.85 0.5 0.6 0.75 0.3 0.7 0.4 0.8 0.95 0.5 0.3 0.55 
-0.026700441114582963 0.7175054251556476 0.49698923711777826 1.0 0.2 0.55 0.95 0.55 0.4 0.55 0.75 0.0 0.85 0.35 0.4 0.05 0.15 0.9 0.25 0.0 0.9 0.95 0.8 0.8 0.9 0.85 0.45 0.25 0.05 0.45 0.9 0.9 0.2 0.7 0.85 0.25 0.35 0.6 0.1 
-0.030344723215809444 0.2848188766561389 0.43227488087371524 0.95 0.45 0.65 0.7 0.35 0.25 0.7 0.95 0.75 0.35 0.7 0.6 0.35 0.45 0.25 0.8 1.0 0.65 0.8 0.95 0.55 0.5 0.65 0.9 1.0 0.2 0.4 1.0 0.95 0.25 0.7 0.5 0.85 0.1 0.7 0.8 
-0.18288514281175405 0.6731660562009458 0.6015437230626286 1.0 0.2 0.65 0.55 0.55 0.4 0.9 0.35 0.0 0.95 0.35 0.3 0.1 0.15 0.9 0.25 0.35 0.65 1.0 0.8 0.45 1.0 0.85 0.45 0.55 0.05 0.9 0.9 0.7 0.2 0.3 0.75 0.25 0.1 0.6 0.1 
-0.02517521027476787 0.29132471994200804 0.514328145292212 0.95 0.45 0.8 0.7 0.35 0.25 0.7 0.95 0.75 0.2 0.7 0.6 0.35 0.4 0.25 0.8 0.85 0.65 0.85 0.95 0.55 0.5 0.65 0.9 1.0 0.2 0.4 0.95 0.95 0.25 0.7 0.9 0.2 0.1 0.7 0.35 
-0.0064317045721996305 0.3018226493190441 0.4568552045538969 0.85 0.45 0.65 0.55 0.35 0.25 0.7 0.95 0.75 0.2 0.7 0.45 0.35 0.25 0.25 0.8 0.85 0.65 0.8 0.0 0.55 0.5 0.65 0.9 1.0 0.2 0.4 1.0 0.95 0.3 0.7 0.5 0.85 0.1 0.95 0.8 
-0.06268751478281613 0.7375158288542857 0.49319147406348196 0.9 0.2 0.55 0.9 0.55 0.4 0.95 0.75 0.0 1.0 0.35 0.4 0.55 0.15 0.4 0.25 0.0 0.9 0.95 0.8 0.8 1.0 0.85 0.45 0.1 0.1 0.2 0.9 0.9 0.2 0.7 0.85 0.25 0.2 0.6 0.6 
-0.001064114031353039 0.7119345979132252 0.5324651950116613 1.0 0.2 0.3 0.95 0.55 0.4 0.95 0.75 0.0 1.0 0.35 0.35 0.1 0.15 0.75 0.15 0.0 1.0 0.95 0.8 0.8 1.0 0.85 0.45 0.15 0.2 0.45 0.9 0.9 0.2 0.7 0.85 0.25 0.35 0.6 0.1 
-0.008533411395577442 0.32007395534645877 0.45570588741175416 0.95 0.45 0.65 0.6 0.35 0.2 0.7 0.95 0.75 0.1 0.45 1.0 0.35 0.45 0.25 0.8 0.85 0.65 0.8 0.0 0.55 0.5 0.65 0.9 1.0 0.2 0.4 1.0 0.95 0.3 0.7 0.5 0.35 0.1 0.9 0.8 
-0.0038183408235678974 0.7075834924338446 0.4754638539688408 1.0 0.2 0.65 0.9 0.55 0.4 0.75 0.75 0.0 0.95 0.35 0.4 0.7 0.15 0.9 0.25 0.35 0.65 1.0 0.8 0.45 1.0 0.85 0.45 0.1 0.05 0.5 0.9 0.9 0.2 0.3 0.75 0.25 0.1 0.6 0.1 
-0.013042893660480934 0.418084551813029 0.3640872809697087 1.0 0.95 0.7 0.8 1.0 0.7 1.0 0.75 0.3 0.75 0.3 0.8 1.0 0.55 0.9 0.7 0.7 0.65 1.0 0.55 0.65 0.8 0.05 0.15 0.85 0.55 0.5 0.75 0.3 0.7 0.4 0.8 0.0 0.0 0.3 0.55 
-0.006911423177874795 0.3094044050227528 0.5925115169216568 0.3 0.35 0.4 0.9 0.4 0.4 0.85 0.95 0.7 0.2 0.8 0.6 0.45 0.8 0.5 0.95 0.65 0.85 0.45 0.7 0.25 0.6 0.65 1.0 0.85 0.2 0.4 0.95 0.95 0.3 0.55 0.15 0.35 0.85 0.15 1.0 
-0.004070113323458535 0.723596227415519 0.5229252246398928 1.0 0.2 0.5 0.6 0.55 0.4 0.65 0.75 0.0 1.0 0.4 0.5 0.55 0.9 0.4 0.35 0.0 0.9 0.95 0.8 0.8 1.0 0.85 0.45 0.35 0.05 0.45 0.95 0.9 0.2 0.3 0.3 0.25 0.35 1.0 0.6 
-0.005599105637943284 0.4293883185438663 0.3669398156755645 0.75 0.95 0.7 0.8 1.0 0.7 1.0 0.75 0.3 0.75 0.3 0.8 1.0 0.55 0.9 0.7 0.7 0.65 1.0 0.55 0.65 0.8 0.05 0.15 0.85 0.8 0.5 0.75 0.3 0.15 0.4 0.8 0.0 0.0 0.3 0.55 
-0.008993336838263958 0.3153650742575975 0.5745586576535798 0.85 0.45 0.1 0.7 0.35 0.35 0.55 1.0 0.75 0.25 0.5 0.35 0.35 0.55 0.85 0.8 0.85 0.75 0.9 0.0 0.55 0.5 0.65 0.9 0.9 0.25 0.4 0.6 0.95 0.3 0.7 0.15 1.0 0.0 0.9 0.8 
-0.024408646632355993 0.5783804172493784 0.3484114760101371 0.95 0.2 0.55 0.9 0.35 0.2 0.25 0.85 0.25 0.95 0.35 0.35 0.15 1.0 0.9 0.7 0.65 0.65 0.6 0.45 0.65 1.0 0.85 0.45 0.8 0.45 0.0 1.0 0.2 0.2 1.0 0.35 0.3 0.6 0.95 1.0 
-0.08206038423986436 0.4744036237076278 0.3693271145459609 1.0 0.95 0.7 0.8 1.0 0.7 0.95 0.75 0.3 0.9 0.3 0.8 0.05 0.85 0.8 0.7 0.6 0.4 0.85 0.6 0.75 0.85 0.4 0.15 0.15 0.05 0.85 0.65 0.25 0.1 0.4 0.3 0.3 0.0 0.6 0.25 
-0.005838719334692887 0.7451224929639493 0.47476767670755426 0.9 0.2 0.55 0.95 0.55 0.4 0.95 0.75 0.0 1.0 0.35 0.4 0.55 0.15 0.4 0.25 0.0 0.9 0.95 0.8 0.8 1.0 0.85 0.45 0.1 0.1 0.2 0.9 0.9 0.2 0.7 0.85 0.25 0.2 0.6 0.6 
-0.013839938292851338 0.729184195481834 0.44522634470541705 1.0 0.2 0.65 0.9 0.7 0.65 0.8 0.85 0.3 1.0 0.35 0.4 0.9 0.65 1.0 1.0 0.35 0.3 0.8 0.15 0.7 1.0 0.85 0.45 0.4 0.3 0.65 0.85 0.7 0.05 0.3 0.0 0.75 0.9 0.75 0.0 
-0.0017182981039744873 0.2979660769755106 0.5685467420756058 0.85 0.45 0.45 0.9 0.4 0.4 0.95 1.0 0.8 0.1 0.45 0.65 0.75 0.9 0.35 0.75 0.55 0.9 0.6 0.7 0.35 0.2 0.65 0.9 0.8 0.2 0.4 0.9 0.95 0.25 0.55 0.6 0.35 0.85 0.9 0.8 
-0.0007842081740227838 0.2791070841872184 0.5419604597873408 0.6 0.4 0.65 0.85 0.4 0.45 1.0 1.0 0.8 0.2 0.65 0.6 0.35 0.05 0.85 0.45 0.6 0.9 1.0 0.9 0.7 0.4 0.65 0.9 0.7 0.15 0.4 0.75 0.95 0.2 0.7 0.45 1.0 0.15 0.1 0.4 
-0.003811019293186707 0.5538747854288215 0.3525908463021765 0.95 0.2 0.6 0.9 0.35 0.2 0.5 0.85 0.65 0.95 0.35 0.4 0.15 1.0 0.5 0.7 0.2 0.65 0.6 0.45 0.65 1.0 0.85 0.45 0.85 0.45 0.0 1.0 0.2 0.2 0.75 0.35 0.3 0.6 1.0 1.0 
-0.0018665600836166975 0.5472659732801788 0.36071066746052916 0.95 0.2 0.6 0.9 0.35 0.2 0.5 0.75 0.6 0.95 0.35 0.4 1.0 1.0 0.25 0.7 0.2 0.65 1.0 0.45 0.9 1.0 0.85 0.45 0.9 0.2 0.25 0.5 0.2 0.2 0.95 0.35 0.3 0.45 1.0 1.0 
-0.000253280265992333 0.3035074681554921 0.4099975048121154 0.95 0.45 0.65 0.9 0.35 0.2 0.55 1.0 0.75 0.25 0.5 0.25 0.35 0.55 0.0 0.8 0.3 0.75 0.95 0.0 0.55 0.5 0.65 0.9 0.45 0.2 0.4 1.0 0.95 0.3 0.7 0.8 0.25 0.1 0.9 0.8 
-0.07142205737669423 0.723883687858625 0.42634145499267917 0.8 0.2 0.65 0.9 0.7 0.65 0.8 0.85 0.3 1.0 0.35 0.4 0.9 0.65 0.4 1.0 0.35 0.3 0.8 0.15 0.7 1.0 0.85 0.45 0.4 0.3 0.65 0.85 0.7 0.05 0.3 0.0 0.75 0.9 0.75 0.0 
-0.08645434921032336 0.43903186884639867 0.3588049800418481 1.0 0.95 0.7 0.8 1.0 0.75 1.0 0.75 0.3 0.75 0.35 0.8 0.45 0.6 0.9 0.2 0.9 0.9 1.0 0.65 0.65 0.75 0.95 0.15 0.95 0.05 0.2 0.8 0.3 0.7 0.25 0.4 0.1 0.0 0.85 0.55 
-0.01072342603811676 0.6291928894976139 0.37690962724359484 0.95 0.2 0.45 0.85 0.35 0.3 0.2 0.75 0.65 0.95 0.35 0.3 0.15 0.55 0.9 0.85 0.0 0.4 0.35 0.45 0.7 1.0 0.85 0.45 0.8 0.8 0.0 1.0 0.2 0.2 0.55 0.95 0.85 0.3 1.0 1.0 
-0.06464150637208631 0.5682930494285338 0.6354137970101807 0.65 0.2 0.45 0.65 0.55 0.75 0.9 0.75 0.0 1.0 0.35 0.35 0.5 0.85 0.9 0.0 0.05 0.65 1.0 0.6 0.45 0.95 0.85 0.45 0.8 0.1 0.9 0.75 0.7 0.2 0.3 0.75 0.2 0.1 0.6 0.1 
-0.016980643671222474 0.6896624188635777 0.6002585644474315 1.0 0.2 0.75 0.9 0.55 0.4 0.65 0.75 0.0 1.0 0.35 0.35 0.0 0.15 0.75 0.25 0.15 0.9 0.35 0.8 0.8 1.0 0.85 0.45 0.9 0.05 0.45 0.9 0.9 0.2 0.8 0.3 0.55 0.4 0.0 0.75 
-0.019796975894416972 0.5965095258520123 0.3462930242186423 0.45 0.2 0.6 0.75 0.35 0.2 1.0 0.75 0.7 0.95 0.35 0.4 0.9 0.2 0.25 0.7 0.2 0.65 0.95 0.4 0.9 1.0 0.85 0.45 0.75 0.2 0.25 0.95 0.4 0.2 0.95 0.35 0.0 0.3 1.0 0.85 
-0.08671700488852653 0.650606049519253 0.3766338482608121 1.0 0.2 0.45 0.6 0.35 0.1 0.35 0.85 0.55 0.95 0.35 0.4 0.95 0.55 0.65 0.6 0.95 0.05 0.8 0.8 0.35 0.95 0.85 0.45 0.2 0.2 0.1 0.7 0.2 0.2 0.8 0.95 0.8 0.15 1.0 0.1 
-0.0005508692858739535 0.3234166291202156 0.4102938412296157 0.95 0.45 0.65 0.9 0.3 0.2 0.55 1.0 0.75 0.25 0.5 0.25 0.35 0.55 0.0 0.8 0.3 0.75 0.95 0.0 0.45 0.5 0.65 0.9 0.45 0.2 0.4 1.0 0.95 0.3 0.7 0.8 0.25 0.1 0.9 0.8 
-0.19470828473423907 0.3361720185520618 0.3823483952454593 1.0 0.95 0.7 0.5 1.0 0.75 0.65 0.75 0.3 0.9 0.35 0.8 0.45 0.6 0.9 0.7 0.9 0.9 1.0 0.65 0.65 0.75 0.05 0.15 0.95 0.5 0.4 1.0 0.3 0.7 0.25 0.8 0.0 0.0 0.35 0.55 
-0.07359597830358128 0.3356137622114273 0.6385790092492003 0.95 0.15 0.15 1.0 0.4 0.4 0.9 0.05 0.8 0.5 0.4 1.0 0.85 0.95 0.85 0.9 0.75 0.9 0.75 0.7 0.35 0.9 0.55 0.9 0.9 0.2 0.2 0.8 0.95 0.35 0.85 0.65 0.15 0.05 0.0 0.8 
-0.021753575796167768 0.34618328161486 0.3889476924878028 0.8 0.45 0.65 0.8 0.35 0.2 0.55 0.95 0.75 0.3 0.5 0.25 0.35 0.2 0.85 0.2 0.85 0.35 0.8 0.1 0.75 0.5 0.65 0.9 0.4 0.2 0.4 0.75 0.95 0.3 0.7 0.45 0.25 0.1 0.9 0.65 
-0.054939732765051236 0.7441488036487621 0.45956020736816106 1.0 0.2 0.55 0.95 0.55 0.4 0.85 0.75 0.0 1.0 0.35 0.4 0.05 0.15 0.9 0.25 0.0 0.9 0.95 0.8 0.8 0.9 0.85 0.45 0.2 0.05 0.45 0.9 0.9 0.2 0.7 0.85 0.25 0.35 0.6 0.1 
-0.0014636701068893986 0.3318872950729448 0.6195435026587798 0.95 0.15 0.15 0.95 0.4 0.4 0.0 1.0 0.5 0.1 0.4 1.0 0.35 0.9 0.85 0.9 0.75 0.9 0.4 0.7 0.35 0.9 0.65 0.9 0.75 0.2 0.3 0.9 0.95 0.25 0.85 0.65 0.35 0.85 0.9 0.8 
-0.039717175951332305 0.7297793084367095 0.4664942240362527 1.0 0.2 0.55 0.95 0.55 0.4 0.55 0.75 0.0 1.0 0.35 0.4 0.05 0.15 0.9 0.25 0.0 0.9 0.95 0.8 0.8 0.9 0.85 0.45 0.2 0.05 0.45 0.9 0.9 0.2 0.7 0.85 0.25 0.35 0.6 0.1 
-0.09521072964245098 0.36978401672737626 0.38526770217593537 0.8 0.95 0.7 0.8 1.0 0.7 1.0 0.75 0.3 0.85 0.3 0.8 0.35 0.65 0.9 0.7 0.7 0.9 1.0 0.55 0.65 0.8 0.95 0.1 0.85 0.5 0.6 0.75 0.3 0.7 0.4 0.8 0.1 0.0 0.3 0.55 
-0.059079675629512975 0.5805610214776903 0.34537394998211485 0.95 0.2 0.55 0.9 0.35 0.2 0.5 0.85 0.25 1.0 0.35 0.35 0.15 1.0 0.9 0.7 0.65 0.65 0.6 0.45 0.65 1.0 0.85 0.45 0.8 0.45 0.0 1.0 0.2 0.2 1.0 0.35 0.3 0.6 0.95 1.0 
-0.005913662716562113 0.3547520733260223 0.6566568536202559 0.95 0.15 0.15 0.95 0.4 0.4 0.85 1.0 0.5 0.1 0.4 1.0 0.35 0.9 0.85 0.9 0.75 0.9 0.6 0.7 0.35 0.9 0.65 0.9 0.75 0.2 0.3 0.9 0.95 0.25 0.85 0.65 0.35 0.85 0.9 0.15 
-0.0033361497742411777 0.3019580373486911 0.6405250623229162 0.3 0.35 0.4 0.9 0.4 0.4 0.85 0.95 0.7 0.2 0.8 0.6 0.45 0.35 0.5 0.95 0.65 0.85 0.45 0.7 0.35 0.6 0.65 0.9 0.85 0.2 0.4 0.95 0.95 0.3 0.55 0.35 0.35 0.85 0.15 1.0 
-0.09798457360274385 0.7445508040826371 0.5595443303940958 1.0 0.2 0.4 0.8 0.55 0.4 0.95 0.75 0.0 1.0 0.35 0.35 0.0 0.15 0.75 0.25 0.05 0.9 0.95 0.8 0.8 1.0 0.85 0.45 0.2 0.05 0.45 0.9 0.9 0.2 0.8 0.85 0.15 0.35 0.0 0.1 
-0.26231354154525793 0.26582865533959055 0.4668297367237088 0.8 0.3 0.4 0.9 0.4 0.4 0.9 0.95 0.75 0.5 0.8 0.6 0.55 0.2 0.35 0.15 0.65 0.65 0.9 0.85 0.8 0.0 0.65 0.9 0.95 0.2 0.2 0.8 0.95 0.3 0.25 0.4 1.0 0.25 0.45 1.0 
-0.0020419586693204376 0.3432791606324256 0.64675741050129 0.9 0.35 0.4 0.9 0.4 0.4 0.65 0.95 0.8 0.25 0.3 0.6 0.55 0.35 0.5 0.95 0.65 0.85 0.6 0.7 0.35 0.9 0.65 0.9 0.85 0.2 0.4 0.95 0.95 0.3 0.55 0.35 0.35 0.85 0.15 0.95 
-0.01126914240157058 0.29713138191489263 0.5865371010916248 0.95 0.4 0.55 0.9 0.4 0.4 0.9 0.95 0.75 0.1 0.8 0.6 0.55 0.8 0.25 0.5 0.65 0.1 0.6 0.7 0.35 0.9 0.55 0.9 0.85 0.2 0.4 0.95 0.95 0.3 0.55 0.2 0.3 0.85 0.9 1.0 
-0.021648930579528144 0.719325994634218 0.5700940215073395 0.9 0.2 0.55 0.55 0.55 0.4 0.9 0.75 0.0 0.9 0.35 0.3 0.1 0.5 0.9 0.25 0.1 0.65 1.0 0.8 0.7 1.0 0.85 0.45 0.3 0.4 0.25 1.0 0.85 0.2 0.3 1.0 0.0 0.75 0.6 0.1 
-0.002237274865306797 0.3060142711199497 0.621937746585753 0.95 0.35 0.2 1.0 0.4 0.4 0.9 1.0 0.8 0.1 0.4 1.0 0.85 0.9 0.85 0.9 0.75 0.9 0.6 0.7 0.45 0.9 0.65 0.9 0.75 0.2 0.2 0.9 0.95 0.2 1.0 0.65 0.9 0.05 0.9 0.8 
-0.041826680472523456 0.2479168319323936 0.5940498279969179 0.95 0.4 0.3 0.9 0.4 0.4 0.9 0.95 0.75 0.25 0.8 0.6 0.55 0.8 0.25 0.95 0.65 0.1 0.6 0.7 0.35 0.9 0.55 0.9 0.85 0.2 0.4 1.0 0.95 0.3 0.55 0.2 0.3 0.6 0.9 1.0 
-0.05857816892184193 0.25483540597586296 0.5345741864691637 0.8 0.45 0.4 0.9 0.4 0.4 0.9 0.95 0.3 0.5 0.75 0.55 0.55 0.8 0.35 0.4 0.65 0.65 0.7 0.85 0.55 0.9 0.65 0.85 0.85 0.2 0.2 0.95 0.95 0.3 0.8 0.3 0.3 0.55 0.85 0.75 
-0.011686249788161535 0.37043165391845445 0.6734867967264899 0.95 0.15 0.15 0.95 0.4 0.4 0.9 1.0 0.1 0.1 0.4 1.0 0.35 0.9 0.2 0.9 0.75 0.9 0.8 0.7 0.35 0.9 0.65 0.9 0.75 0.2 0.3 0.9 0.95 0.25 0.85 0.65 0.35 0.85 0.9 0.9 
-0.00929495237359906 0.2632733405413844 0.5558485279899061 0.95 0.15 0.15 1.0 0.4 0.4 0.9 0.05 0.9 0.1 0.4 1.0 0.85 0.25 0.85 0.9 0.55 0.2 0.75 0.85 0.35 0.9 0.65 0.9 0.9 0.2 0.2 0.8 0.95 0.4 0.2 0.65 0.15 0.05 0.0 0.8 
-0.06738812072035466 0.2737055296428551 0.5916044320082332 0.6 0.45 0.3 0.9 0.4 0.4 0.9 0.95 0.75 0.25 0.8 0.6 0.55 0.8 0.25 0.95 0.65 0.1 0.6 0.7 0.35 0.9 0.55 0.9 0.85 0.2 0.4 1.0 0.95 0.3 0.55 0.2 0.3 0.6 0.9 0.15 
-0.008211473633878082 0.2737120750723654 0.6347748201893313 0.95 0.4 0.3 0.8 0.4 0.4 0.9 0.95 0.75 0.25 0.8 0.6 0.55 0.8 0.25 0.95 0.65 0.1 0.6 0.7 0.35 0.9 0.65 0.95 0.85 0.2 0.4 0.95 0.95 0.3 0.55 0.2 0.3 0.85 0.5 0.35 
-0.018029474481352756 0.270136297642248 0.5596201033938654 0.9 0.35 0.4 0.9 0.4 0.4 0.85 0.95 0.8 0.25 0.8 0.6 0.55 0.35 0.5 0.95 0.65 0.85 0.45 0.7 0.35 0.9 0.55 0.9 0.9 0.2 0.4 0.95 0.95 0.3 0.55 0.35 0.35 0.85 1.0 1.0 
-0.017537717808890473 0.26780646985740353 0.5960083861111589 0.6 0.4 0.3 0.9 0.4 0.4 0.9 0.95 0.75 0.25 0.8 0.6 0.55 0.8 0.25 0.95 0.65 0.1 0.6 0.7 0.35 0.9 0.55 0.9 0.85 0.2 0.4 1.0 0.95 0.3 0.55 0.2 0.3 0.6 0.9 0.15 
-0.042535609707616356 0.2729517736883006 0.5352806280614898 0.65 0.4 0.65 0.85 0.4 0.45 1.0 1.0 0.8 0.2 0.65 0.6 0.35 0.05 0.85 0.45 0.6 0.9 1.0 0.9 0.7 0.4 0.65 0.9 0.7 0.15 0.4 0.75 0.95 0.2 0.7 0.45 1.0 0.15 0.1 0.4 
-0.0017586783845218745 0.30353148821190135 0.6603561866722026 0.9 0.35 0.4 0.9 0.4 0.4 0.85 0.95 0.8 0.3 0.8 0.6 0.55 0.35 0.5 0.3 0.65 0.85 0.9 0.7 0.35 0.9 0.65 0.9 0.85 0.2 0.4 0.95 0.95 0.35 0.55 0.35 0.35 0.85 0.15 1.0 
-0.021625788338091277 0.25375348210557447 0.6065452376967804 0.9 0.4 0.3 0.9 0.4 0.4 0.9 0.95 0.75 0.25 0.8 0.6 0.55 0.8 0.25 0.95 0.65 0.1 0.6 0.7 0.35 0.9 0.55 0.9 0.85 0.2 0.45 0.95 0.95 0.3 0.55 0.2 0.3 0.85 0.9 1.0 
-0.0024149171334548352 0.2766771320958288 0.48523401321106 0.85 0.45 0.65 0.7 0.35 0.35 0.55 1.0 0.75 0.25 0.5 0.25 0.35 0.55 0.85 0.8 0.85 0.75 0.9 0.0 0.55 0.5 0.65 0.9 0.9 0.25 0.4 0.6 0.95 0.3 0.7 0.15 1.0 0.0 0.9 0.8 
-0.06014085938198673 0.3243203553347356 0.6610753217479027 0.95 0.15 0.15 1.0 0.4 0.4 0.9 0.05 0.8 0.1 0.9 1.0 0.85 0.25 0.35 0.4 0.75 0.9 1.0 0.7 0.15 0.95 0.65 0.9 0.85 0.2 0.3 0.75 0.95 0.35 0.95 0.65 0.15 0.05 0.0 0.8 
-0.08254730343008114 0.4698623973810933 0.6431021800408488 0.95 0.15 0.15 1.0 0.4 0.4 0.9 1.0 0.2 0.5 0.4 0.4 0.4 0.55 0.35 0.65 0.4 0.9 0.8 0.7 0.35 0.85 0.65 0.9 0.95 0.2 0.25 0.6 0.95 0.35 0.05 0.5 0.6 0.25 0.0 0.8 
-0.0025484720027638577 0.38496459688750523 0.6732193141005616 0.95 0.1 0.15 1.0 0.45 0.4 0.95 1.0 0.8 0.5 0.7 0.7 0.4 1.0 0.25 0.9 0.05 0.9 1.0 0.7 0.35 0.85 0.65 0.9 1.0 0.2 0.6 0.75 0.95 0.45 0.85 0.65 0.9 0.05 0.8 0.25 
-0.03242465157950253 0.2774355205510347 0.5050829500458419 0.6 0.15 0.15 1.0 0.4 0.4 0.9 0.05 0.9 0.1 0.4 1.0 0.85 0.25 0.85 0.9 0.75 0.2 0.75 0.85 0.35 0.9 0.65 0.9 0.9 0.2 0.2 0.8 0.95 0.35 0.85 0.65 0.15 0.05 0.0 0.8 
-0.04415180980058433 0.4990447892258057 0.6200374048562833 0.7 0.25 0.2 0.8 0.4 0.15 0.4 0.95 0.3 0.4 0.1 0.95 0.85 0.65 0.95 0.75 0.55 0.7 1.0 0.55 0.2 0.7 0.4 0.7 0.65 0.95 0.05 0.75 0.15 0.75 0.0 0.1 0.75 0.45 0.9 0.55 
-0.09783832920359928 0.7424877373251422 0.44635603733454116 1.0 0.2 0.5 0.95 0.55 0.4 0.95 0.75 0.0 1.0 0.35 0.4 0.55 0.15 0.4 0.25 0.0 0.9 0.95 0.8 0.7 1.0 0.85 0.45 0.35 0.05 0.45 0.9 0.9 0.2 0.3 0.85 0.25 0.35 0.6 0.6 
-0.03629297475726292 0.2709336944582861 0.4280985828345971 0.95 0.45 0.65 0.7 0.35 0.25 0.7 0.95 0.75 0.2 0.7 0.45 0.35 0.45 0.25 0.8 0.85 0.65 0.8 0.0 0.55 0.5 0.65 0.9 1.0 0.2 0.4 1.0 0.95 0.3 0.7 0.5 0.85 0.1 0.95 0.8 
-0.01716201652226795 0.48306646737682385 0.6290634958972847 0.85 0.25 0.2 0.8 0.4 0.15 0.05 0.0 0.35 0.35 0.55 0.95 0.35 0.65 0.95 1.0 0.0 0.65 1.0 0.55 0.2 0.7 0.4 0.7 0.65 0.95 0.05 0.8 0.15 0.75 0.0 0.85 0.9 0.45 0.65 0.55 
-0.06193944469323797 0.2816612261524919 0.4174135583707073 0.95 0.45 0.65 0.7 0.35 0.25 0.7 0.95 0.75 0.2 0.7 0.6 0.35 0.45 0.25 0.8 0.85 0.65 0.85 0.95 0.55 0.5 0.65 0.9 1.0 0.2 0.4 1.0 0.95 0.25 0.7 0.9 0.2 0.1 0.7 0.35 
-0.035406562374339146 0.3904047481631821 0.32776880941432884 1.0 0.95 0.7 0.8 1.0 0.75 1.0 0.75 0.3 0.75 0.35 0.8 0.45 0.6 0.9 0.7 0.9 0.9 1.0 0.65 0.65 0.75 0.95 0.15 0.95 0.5 0.2 1.0 0.3 0.7 0.25 0.95 0.1 0.0 0.85 0.55 
-0.03898260260342398 0.259230716254196 0.49274613639809933 0.95 0.15 0.15 1.0 0.4 0.4 0.9 0.05 0.9 0.1 0.4 1.0 0.85 0.25 0.85 0.9 0.75 0.2 0.75 0.85 0.35 0.9 0.65 0.9 0.9 0.2 0.2 0.8 0.95 0.35 0.85 0.65 0.15 0.05 0.0 0.8 
-0.10684383807398616 0.25882800201692924 0.5011311070268913 0.95 0.15 0.15 1.0 0.4 0.4 0.9 0.05 0.9 0.1 0.4 0.45 0.85 0.25 0.85 0.9 0.75 0.2 0.75 0.85 0.35 0.9 0.65 0.9 0.9 0.2 0.2 0.8 0.95 0.35 0.85 0.65 0.15 0.05 0.0 0.8 
-0.03342008515448863 0.4485432789720173 0.6605871830614093 0.95 0.15 0.15 1.0 0.4 0.4 0.5 1.0 0.45 0.5 0.4 0.4 0.85 0.55 0.35 0.65 0.4 0.9 1.0 0.7 0.35 0.85 0.65 0.9 0.9 0.2 0.25 0.75 0.95 0.35 0.05 0.65 0.65 0.05 0.0 0.8 
-0.10030640290040249 0.3616426266935403 0.36133537701561336 1.0 0.95 0.75 0.8 1.0 0.75 1.0 0.75 0.3 0.75 0.35 0.8 0.45 0.95 0.9 0.7 0.9 0.9 1.0 0.65 0.5 0.75 0.95 0.15 0.95 0.5 0.75 1.0 0.3 0.7 0.25 0.95 0.45 0.0 0.85 0.55 
-0.002675101460019478 0.3488590322288261 0.6715774958249408 0.95 0.15 0.15 1.0 0.4 0.4 0.9 0.05 0.8 0.1 0.9 1.0 0.85 0.25 0.35 0.9 0.75 0.9 1.0 0.7 0.15 0.95 0.65 0.9 0.6 0.2 0.4 0.75 0.95 0.35 0.95 0.65 0.15 0.05 0.0 0.8 
-0.08189912200277509 0.43899674296639674 0.6533009728470811 1.0 0.55 0.65 0.95 0.8 0.3 1.0 0.4 0.25 0.6 1.0 0.15 0.1 0.0 0.15 0.25 0.55 0.3 0.8 0.3 0.55 0.8 0.2 0.9 1.0 0.0 0.6 0.9 0.4 0.35 0.35 0.1 0.65 0.1 0.45 0.15 
-0.0028074897295740603 0.39141883280053813 0.3589040845598037 1.0 0.95 0.7 0.5 1.0 0.7 1.0 0.75 0.3 0.75 0.3 0.8 0.25 0.1 0.9 0.7 0.9 0.9 1.0 0.6 0.65 0.75 0.05 0.15 0.7 0.5 0.8 1.0 0.3 0.75 0.4 0.85 0.1 0.0 0.85 0.55 
-0.00837670906231776 0.34851868070460873 0.6799734029667379 0.95 0.15 0.15 1.0 0.4 0.4 0.9 0.05 0.8 0.1 0.9 1.0 0.85 0.25 0.35 0.9 0.75 0.9 1.0 0.7 0.15 0.95 0.65 0.9 0.75 0.2 0.4 0.75 0.95 0.35 0.95 0.65 0.15 0.05 0.0 0.8 
-0.16690645654711786 0.4054335303799797 0.3421494540881791 1.0 0.95 0.7 0.8 1.0 0.75 1.0 0.75 0.3 0.45 0.35 0.8 0.45 0.6 0.9 0.7 0.9 0.9 1.0 0.65 0.65 0.75 0.05 0.15 0.7 0.5 0.2 1.0 0.3 0.7 0.25 0.8 0.0 0.0 0.85 0.55 
-0.09348484543846944 0.26056001777281457 0.6274675509352172 0.95 0.1 0.4 0.9 0.4 0.4 0.9 0.95 0.75 0.5 0.8 0.6 0.55 0.8 0.35 0.95 0.65 0.1 0.8 0.85 0.55 0.9 0.65 0.8 0.85 0.2 0.25 0.95 0.95 0.3 0.8 0.35 0.7 0.85 0.85 1.0 
-0.00756875013708985 0.295069859200624 0.40062760581845586 0.95 0.45 0.65 0.7 0.35 0.25 0.7 0.95 0.75 0.2 0.7 0.45 0.35 0.45 0.25 0.8 0.85 0.65 0.8 0.0 0.55 0.5 0.65 0.9 0.8 0.2 0.4 1.0 0.95 0.3 0.7 0.25 0.85 0.1 0.95 0.8 
-0.057397590426449346 0.38139033145130297 0.7167928710345749 1.0 0.2 0.15 1.0 0.4 0.35 0.05 1.0 0.8 0.6 0.9 0.7 0.95 1.0 0.4 0.9 0.75 0.9 1.0 0.7 0.15 0.65 0.55 0.85 0.9 0.2 0.4 0.8 0.95 0.35 0.0 0.65 0.75 0.45 0.2 0.65 
-0.054523390755008325 0.7610085319949187 0.47908831751345865 1.0 0.2 0.55 0.95 0.55 0.4 0.95 0.75 0.0 1.0 0.35 0.4 0.55 0.15 0.4 0.25 0.0 0.9 0.95 0.8 0.8 1.0 0.85 0.45 0.1 0.05 0.4 0.9 0.9 0.2 0.7 0.85 0.25 0.35 0.6 0.6 
-0.03951981657639336 0.4299685190409845 0.6793358330317163 0.3 0.15 0.65 1.0 0.4 0.35 0.9 1.0 0.8 0.6 0.6 0.8 0.95 1.0 0.75 0.9 0.75 0.9 1.0 0.7 0.7 0.85 0.65 0.9 0.9 0.2 0.4 0.8 0.95 0.35 0.05 0.65 0.85 0.05 0.0 0.65 
-0.0975008965969296 0.49131590796532054 0.3641258309391302 1.0 0.95 0.7 0.8 1.0 0.7 0.95 0.75 0.3 0.9 0.3 0.8 0.05 0.85 0.1 0.7 0.6 0.4 0.85 0.6 0.75 0.85 0.4 0.15 0.15 0.05 0.05 0.65 0.25 0.1 0.4 0.3 0.3 0.0 0.6 0.25 
-0.019264447920096905 0.4605496531942253 0.6673335163625073 0.95 0.1 0.15 1.0 0.4 0.4 0.15 1.0 0.8 0.45 0.7 0.7 0.3 1.0 0.25 0.9 0.75 0.9 1.0 0.7 0.35 0.85 0.65 0.9 1.0 0.2 0.4 0.75 0.95 0.45 0.85 0.65 0.1 0.35 0.8 0.25 
-0.015981136380352656 0.7144547834892739 0.39601299472129503 1.0 0.2 0.65 0.9 0.7 0.65 0.15 0.85 0.3 1.0 0.35 0.4 0.9 0.4 1.0 1.0 0.35 0.3 0.8 0.15 0.7 1.0 0.85 0.45 0.55 0.3 0.55 0.8 0.95 0.05 0.3 0.0 0.75 0.9 0.75 0.0 
-0.01915199515131927 0.27877550654886285 0.6596110645254639 0.35 0.4 0.4 1.0 0.4 0.45 0.9 0.95 0.75 0.25 0.8 0.6 0.55 0.8 0.25 0.95 0.65 0.1 0.6 0.7 0.35 0.9 0.65 0.9 0.85 0.2 0.4 0.95 0.95 0.3 0.55 0.2 0.3 0.85 0.9 1.0 
-0.06412991126689642 0.28247358604513506 0.6907813823867187 0.45 0.4 0.35 0.9 0.4 0.4 0.85 0.95 0.75 0.5 0.8 0.6 0.55 0.8 0.25 0.95 0.65 0.1 0.9 0.7 0.35 0.9 0.65 0.9 0.95 0.2 0.4 0.95 0.95 0.3 0.75 0.2 0.3 0.85 0.9 1.0 
-0.10809213548371986 0.742883915658684 0.5221939745665786 1.0 0.2 0.5 0.6 0.65 0.4 0.95 0.75 0.0 1.0 0.4 0.4 0.55 0.15 0.4 0.35 0.35 0.75 0.85 0.8 0.8 1.0 0.85 0.45 0.35 0.05 0.45 0.95 0.9 0.2 0.3 0.1 0.25 0.35 1.0 0.6 
-0.05887181352177574 0.43262349057633726 0.3446370860566683 1.0 0.95 0.7 0.8 1.0 0.75 1.0 0.75 0.3 0.5 0.35 0.8 0.45 0.6 0.9 0.7 0.9 0.9 1.0 0.65 0.65 0.75 0.95 0.15 0.95 0.5 0.2 1.0 0.3 0.7 0.25 0.95 0.1 0.0 0.85 0.15 
-0.011886508423964394 0.4436468403883162 0.669706532399147 0.25 0.15 0.15 1.0 0.4 0.35 0.9 1.0 0.8 0.6 0.75 0.8 0.95 1.0 0.75 0.9 0.75 0.9 1.0 0.7 0.15 0.85 0.65 0.9 0.9 0.2 0.4 0.9 0.95 0.35 0.05 0.2 0.9 0.05 0.0 0.8 
-0.0531487948777685 0.30836949293708416 0.38145937498252475 0.95 0.45 0.65 0.7 0.35 0.25 0.7 0.95 0.75 0.2 0.7 0.45 0.35 0.65 0.25 0.8 0.85 0.65 0.8 0.95 0.55 0.5 0.65 0.9 0.8 0.2 0.5 0.95 0.95 0.25 0.7 0.5 0.85 0.1 0.7 0.7 
-0.0976355521365591 0.3583210775077399 0.7107831271487887 1.0 0.2 0.15 1.0 0.4 0.35 0.9 1.0 0.8 0.6 0.9 0.8 0.95 1.0 0.75 0.9 0.75 0.9 1.0 0.7 0.15 0.85 0.65 0.9 0.9 0.2 0.4 0.8 0.95 0.35 0.05 0.65 0.85 0.05 0.0 0.65 
-0.07539822759292646 0.402108629999385 0.707991088481519 0.95 0.1 0.15 1.0 0.45 0.4 0.95 1.0 0.8 0.5 0.7 0.7 0.4 1.0 0.25 0.9 0.05 0.9 1.0 0.7 0.35 0.85 0.65 0.9 1.0 0.2 0.4 0.75 0.95 0.45 0.85 0.65 0.9 0.05 0.8 0.25 
-0.01631112907187901 0.3872389412327588 0.6931557197596111 1.0 0.15 0.15 1.0 0.4 0.35 0.9 1.0 0.8 0.6 0.6 0.95 0.95 1.0 0.75 0.9 0.75 0.9 1.0 0.7 0.15 0.85 0.65 0.9 0.9 0.15 0.4 0.8 0.95 0.35 0.05 0.65 1.0 0.05 0.0 0.4 
-0.002629566281433548 0.4088294537533803 0.7026386159016547 0.3 0.1 0.15 1.0 0.4 0.4 1.0 1.0 0.8 0.4 0.4 0.7 0.4 1.0 0.25 0.9 0.75 0.9 1.0 0.7 0.3 0.85 0.65 0.9 1.0 0.2 0.4 0.75 0.95 0.45 0.85 0.25 0.9 0.05 0.8 0.25 
-0.012860890187911703 0.31802597025163437 0.7084066421457712 0.95 0.1 0.15 1.0 0.4 0.4 0.85 1.0 0.85 0.55 0.7 0.6 0.4 1.0 0.95 0.9 0.75 0.9 1.0 0.7 0.35 0.85 0.65 0.9 1.0 0.2 0.4 0.75 0.95 0.35 0.05 0.65 0.9 0.85 0.8 0.25 
-0.12064535950276688 0.23722361599324587 0.5541071303221514 0.95 0.35 0.4 0.95 0.4 0.4 0.55 1.0 0.8 0.5 0.8 0.6 0.55 0.65 0.25 0.95 0.65 0.1 0.55 0.75 0.65 0.95 0.65 0.9 0.9 0.2 0.2 0.9 0.9 0.3 0.55 0.8 0.35 0.85 0.75 0.25 
-0.2831321116860008 0.7673775046713334 0.5187067993797678 1.0 0.2 0.4 0.9 0.55 0.4 0.95 0.75 0.0 1.0 0.35 0.35 0.0 0.15 0.75 0.25 0.05 0.9 0.95 0.8 0.8 1.0 0.85 0.45 0.2 0.05 0.45 0.9 0.9 0.2 0.8 0.85 0.15 0.35 0.0 0.1 
-0.09461859016162391 0.7653318024951383 0.5369828955191164 1.0 0.2 0.5 0.6 0.55 0.4 0.95 0.75 0.0 1.0 0.45 0.4 0.55 0.15 0.4 0.35 0.35 0.9 1.0 0.8 0.8 1.0 0.85 0.45 0.2 0.05 0.8 0.95 0.9 0.2 0.3 0.85 0.25 0.35 1.0 0.7 
-0.016117549507313048 0.36854666448796747 0.7125746135348661 0.95 0.1 0.15 1.0 0.4 0.4 0.95 1.0 0.8 0.5 0.7 0.75 0.4 1.0 0.25 0.9 0.75 0.9 1.0 0.7 0.35 0.85 0.65 0.9 0.9 0.2 0.4 0.9 0.95 0.35 0.05 0.65 0.9 0.05 0.8 0.25 
-0.010861359936630411 0.22677067996639255 0.5097269694354603 0.35 0.3 0.4 0.9 0.4 0.4 1.0 0.95 0.75 0.4 0.8 0.6 0.55 0.65 0.35 0.4 0.65 0.7 0.9 0.85 0.55 0.9 0.65 0.85 0.85 0.2 0.2 1.0 0.95 0.3 0.8 0.4 0.3 0.25 0.85 1.0 
-0.0391738873574276 0.2342676059855172 0.6118178701986312 0.8 0.3 0.4 0.9 0.35 0.4 0.9 0.95 0.75 0.5 0.8 0.6 0.55 1.0 0.6 0.95 0.65 0.65 0.75 0.85 0.55 0.9 0.65 0.85 0.85 0.2 0.45 0.75 0.95 0.35 0.8 0.3 0.7 0.75 0.85 1.0 
-0.02948460857004351 0.385335794607984 0.7331045098550993 0.95 0.1 0.15 1.0 0.4 0.4 0.95 1.0 0.8 0.5 0.6 0.85 0.4 1.0 0.25 0.35 0.75 0.9 0.8 0.75 0.35 0.85 0.65 0.9 1.0 0.2 0.4 0.75 0.95 0.35 1.0 0.65 0.9 0.95 0.8 0.25 
-0.024613148926602036 0.6142304654115531 0.647446645283252 1.0 0.2 0.6 0.65 0.55 0.75 0.8 0.75 0.0 0.95 0.35 0.35 0.1 0.3 0.9 0.25 0.35 0.6 1.0 0.8 0.45 1.0 0.85 0.45 0.8 0.45 0.9 0.75 0.7 0.2 0.3 0.75 0.25 0.1 0.0 0.1 
-0.02606972060431244 0.5905654670458571 0.6485636104114101 0.65 0.2 0.45 0.65 0.55 0.75 0.9 0.75 0.0 1.0 0.35 0.35 0.1 0.85 0.9 0.3 0.05 0.65 1.0 0.8 0.45 0.95 0.85 0.45 0.8 0.1 0.9 0.7 0.7 0.2 0.3 0.75 0.2 0.1 0.6 0.1 
-0.06603239163600814 0.2329345689111738 0.6283524102232418 0.75 0.4 0.55 0.9 0.4 0.4 0.7 0.95 0.75 0.5 0.8 0.6 0.55 0.8 0.35 0.95 0.65 0.1 0.8 0.85 0.55 0.9 0.65 0.8 0.9 0.2 0.25 0.95 0.95 0.3 0.8 0.75 0.9 0.85 0.35 1.0 
-0.044906890987828775 0.2702057358417491 0.6613251760759086 0.9 0.4 0.3 0.9 0.4 0.4 0.9 0.95 0.75 0.25 0.8 0.6 0.55 0.8 0.25 0.95 0.65 0.1 0.6 0.7 0.35 0.9 0.65 0.9 0.9 0.2 0.4 0.95 0.95 0.3 0.55 0.2 0.3 0.85 0.9 1.0 
-1.5454388160154484 0.5187339133270878 0.6435850077717123 0.65 0.2 0.45 0.65 0.55 0.75 1.0 0.75 0.0 1.0 0.35 0.35 0.25 0.85 0.9 0.3 0.05 0.05 1.0 0.8 0.45 0.95 0.85 0.45 0.8 0.1 0.9 0.75 0.7 0.2 0.3 0.75 0.2 0.1 0.6 0.1 
-1.0381669866281331 0.22075091470924174 0.4685158456476912 0.8 0.3 0.4 0.9 0.4 0.4 0.9 0.95 0.75 0.5 0.8 0.6 0.55 0.2 0.35 0.15 0.65 0.65 0.9 0.85 0.8 0.9 0.65 0.9 0.95 0.2 0.2 0.8 0.95 0.3 0.25 0.4 1.0 0.25 0.45 1.0 
-0.46346184191519263 0.7633294109301768 0.4726552652381773 1.0 0.2 0.55 0.8 0.55 0.4 0.95 0.75 0.0 1.0 0.35 0.4 0.5 0.15 0.4 0.25 0.0 0.9 0.95 0.8 0.8 1.0 0.85 0.45 0.1 0.05 0.4 0.95 0.9 0.2 0.7 0.85 0.25 0.35 0.6 0.6 
-2.1075640570224015 0.4905760988842018 0.6646623308219191 0.95 0.1 0.15 1.0 0.4 0.4 0.95 1.0 0.8 0.7 0.7 0.7 0.4 1.0 0.25 0.9 0.75 0.9 0.85 0.7 0.35 0.7 0.65 0.9 1.0 0.2 0.4 0.75 0.95 0.35 0.05 0.3 0.9 0.05 0.8 0.25 
-0.08521091275076513 0.6355091845019643 0.6349286841670851 1.0 0.2 0.65 0.4 0.55 0.85 0.9 0.35 0.0 1.0 0.35 0.3 0.1 0.9 0.9 0.3 0.35 0.65 1.0 0.8 0.45 1.0 0.85 0.45 0.35 0.05 0.9 0.75 0.7 0.2 0.3 0.2 0.25 0.25 0.6 0.1 
-0.13310857917171665 0.5274993072206929 0.36627052140867905 0.95 0.2 0.45 0.9 0.35 0.2 0.5 0.85 0.95 0.75 0.35 0.4 0.15 1.0 0.25 0.7 0.2 0.65 1.0 0.45 0.9 1.0 0.85 0.45 0.85 0.9 0.0 0.95 0.2 0.2 0.75 0.35 0.3 0.3 1.0 0.25 
-0.33337443725713845 0.7105252335854781 0.5982662252857938 1.0 0.2 0.75 0.9 0.55 0.4 0.65 0.75 0.0 0.9 0.35 0.35 0.0 0.15 0.75 0.25 0.15 0.9 0.7 0.8 0.8 1.0 0.85 0.45 0.7 0.05 0.45 0.9 0.9 0.2 0.8 0.3 0.55 0.4 0.0 0.1 
-0.1452462742628963 0.7093559536661419 0.5916763866791876 1.0 0.2 0.5 0.6 0.55 0.4 0.95 0.75 0.0 1.0 0.45 0.4 0.55 0.15 0.4 0.35 0.35 0.9 0.95 0.8 0.8 1.0 0.85 0.35 0.25 0.05 0.8 0.95 0.9 0.2 0.3 0.85 0.25 0.35 1.0 0.7 
-0.037901138269481764 0.23450756663479616 0.572255362756843 0.95 0.35 0.4 0.95 0.4 0.4 0.85 1.0 0.8 0.5 0.8 0.6 0.55 0.35 0.25 0.95 0.65 0.1 0.95 0.75 0.8 0.95 0.65 0.9 0.9 0.2 0.2 0.9 0.9 0.3 0.55 0.8 0.35 0.6 0.9 0.25 
-0.29943771444842876 0.4661187860879937 0.6811508216225794 1.0 0.55 0.9 0.95 0.8 0.3 1.0 0.4 0.25 0.6 1.0 0.15 0.1 0.0 0.15 0.25 0.55 0.3 0.8 0.3 0.55 0.8 0.2 0.9 1.0 0.0 0.6 0.9 0.4 0.35 0.35 0.2 0.65 0.15 0.45 0.15 
-0.06634301669677135 0.7422874433746073 0.588375446394294 0.95 0.2 0.75 0.9 0.55 0.4 0.65 0.75 0.0 1.0 0.35 0.35 0.0 0.15 0.75 0.25 0.15 0.9 0.9 0.8 0.8 1.0 0.85 0.45 0.55 0.05 0.45 0.9 0.9 0.2 0.8 0.3 0.55 0.4 0.0 0.1 
-0.0052745854654848295 0.7675638999446736 0.5294681115086862 1.0 0.2 0.5 0.6 0.55 0.4 0.95 0.75 0.0 1.0 0.45 0.4 0.55 0.15 0.4 0.35 0.35 0.9 0.95 0.8 0.8 1.0 0.85 0.45 0.2 0.05 0.8 0.95 0.9 0.2 0.3 0.85 0.25 0.35 1.0 0.7 
-0.4173061387725819 0.7313573446734816 0.6083134534909795 0.95 0.2 0.75 0.9 0.55 0.4 0.65 0.75 0.0 1.0 0.35 0.35 0.0 0.15 0.75 0.25 0.15 0.9 0.9 0.8 0.8 1.0 0.85 0.45 0.7 0.05 0.45 0.9 0.9 0.2 0.8 0.3 0.55 0.4 0.0 0.1 
-0.40038411095754706 0.7572479381515589 0.5515620645752619 1.0 0.2 0.5 0.6 0.55 0.4 0.95 0.75 0.0 1.0 0.45 0.4 0.55 0.15 0.4 0.35 0.35 0.9 0.95 0.8 0.8 1.0 0.85 0.45 0.2 0.05 0.8 0.95 0.9 0.2 0.3 0.85 0.25 0.35 1.0 0.7 
-0.04844269057288212 0.2368926635956516 0.4467775787779165 0.95 0.45 0.65 0.75 0.35 0.4 0.95 0.95 0.75 0.2 0.55 0.45 0.0 0.5 0.25 0.8 0.5 0.8 0.8 0.95 0.85 0.5 0.6 0.9 1.0 0.2 0.5 1.0 0.95 0.3 0.7 1.0 0.85 0.1 0.65 0.8 
-0.08481341426089828 0.74209593843192 0.5718057473449651 1.0 0.2 0.5 0.6 0.55 0.4 0.65 0.75 0.0 1.0 0.4 0.4 0.55 0.55 0.4 0.35 0.0 0.9 0.95 0.8 0.8 1.0 0.85 0.45 0.35 0.05 0.45 0.95 0.9 0.2 0.3 0.85 0.25 0.35 1.0 0.6 
-0.18692278402567303 0.6934341575252257 0.6206558194466893 1.0 0.2 0.75 0.9 0.55 0.4 0.95 0.75 0.0 1.0 0.35 0.35 0.0 0.15 0.75 0.25 0.05 0.9 0.95 0.8 0.8 1.0 0.85 0.45 0.7 0.05 0.45 0.9 0.9 0.2 0.8 0.85 0.55 0.35 0.0 0.1 
-0.16784249179153893 0.5529116732327259 0.3245752138255249 0.95 0.2 0.45 0.75 0.35 0.2 1.0 0.75 0.7 0.95 0.35 0.4 0.75 0.55 0.25 0.7 0.2 0.65 0.95 0.4 0.9 1.0 0.85 0.45 0.85 0.35 0.25 0.95 0.35 0.2 0.95 0.35 0.0 0.3 1.0 0.85 
-0.201235705854549 0.7688529055180835 0.5531829149349583 1.0 0.2 0.4 0.9 0.55 0.4 0.95 0.75 0.0 1.0 0.35 0.35 0.0 0.15 0.75 0.15 0.05 0.9 0.95 0.8 0.8 1.0 0.85 0.45 0.4 0.05 0.45 0.9 0.9 0.2 1.0 0.85 0.55 0.35 0.35 0.1 
-0.10377498906182625 0.24980846710427485 0.44170714388413557 0.85 0.45 0.65 0.7 0.35 0.4 0.7 0.95 0.75 0.2 0.6 0.45 1.0 0.45 0.45 0.95 0.85 0.65 0.8 0.0 0.7 0.5 0.65 0.9 1.0 0.2 0.45 1.0 0.95 0.3 0.7 0.5 0.85 0.1 1.0 0.8 
-0.1516777772493594 0.44211489850912916 0.7066613999716409 0.3 0.1 0.15 1.0 0.4 0.4 1.0 1.0 0.8 0.4 0.7 0.7 0.4 1.0 0.25 0.9 0.75 0.9 1.0 0.7 0.35 0.85 0.65 0.9 1.0 0.2 0.4 0.75 0.95 0.45 0.85 0.65 0.9 0.05 0.8 0.25 
-0.07210987978386034 0.22439888847671058 0.4941692267202083 0.85 0.3 0.4 0.9 0.4 0.4 0.9 0.95 0.75 0.5 0.8 0.6 0.55 0.65 0.35 0.4 0.65 0.65 0.9 0.85 0.65 0.8 0.65 0.85 0.85 0.2 0.2 0.95 0.95 0.3 0.8 0.4 0.3 0.25 0.3 1.0 
-0.12391182609595693 0.3117404061242026 0.6927358021072629 0.7 0.15 0.25 1.0 0.4 0.35 0.85 1.0 0.8 0.6 0.95 0.8 0.95 0.2 0.75 0.9 0.75 0.9 1.0 0.7 0.5 0.65 0.65 0.9 0.9 0.2 0.4 0.9 1.0 0.35 0.05 0.2 0.65 0.05 0.0 0.8 
-0.14683106862233586 0.34186514606872553 0.7325359697475848 0.9 0.1 0.15 1.0 0.4 0.4 0.95 1.0 0.8 0.5 0.7 0.55 0.4 1.0 0.2 0.9 0.4 0.9 1.0 0.7 0.35 1.0 0.65 0.9 0.9 0.2 0.4 0.75 0.95 0.35 0.05 0.65 0.3 0.05 0.8 0.25 
-0.04845350776229385 0.6756260078765163 0.6402288051460086 1.0 0.2 0.6 0.65 0.55 0.75 0.4 0.9 0.0 0.95 0.35 0.35 0.1 0.3 0.9 0.25 0.85 0.6 1.0 0.8 0.45 1.0 0.85 0.45 0.8 0.45 0.9 0.5 0.7 0.2 0.3 0.75 0.25 0.1 0.6 0.1 
-0.5255700217864576 0.3571143079137248 0.7314776072793499 0.9 0.1 0.15 1.0 0.4 0.4 0.95 1.0 0.8 0.5 0.7 0.6 0.4 1.0 0.2 0.9 0.4 0.9 1.0 0.7 0.35 0.85 0.65 0.9 0.9 0.2 0.4 0.75 0.95 0.35 0.05 0.65 0.3 0.05 0.8 0.25 
-0.011411395809730988 0.4060406966873114 0.3244199077240423 1.0 0.95 0.7 0.8 1.0 0.75 1.0 0.75 0.3 0.75 0.35 0.8 0.45 0.6 0.9 0.7 0.9 0.85 1.0 0.6 0.65 0.75 0.05 0.15 0.7 0.5 0.7 1.0 0.3 0.7 0.4 0.8 0.1 0.0 0.85 0.55 
-0.065457492999375 0.3380901029997949 0.3633019927710698 1.0 0.95 0.7 0.5 1.0 0.75 1.0 0.75 0.3 0.9 0.35 0.8 0.45 0.6 0.9 0.7 0.9 0.9 1.0 0.65 0.65 0.75 0.05 0.15 0.95 0.5 0.4 1.0 0.3 0.7 0.25 0.8 0.0 0.0 0.35 0.55 
-0.005742768479460773 0.6489747813756886 0.633335384993436 1.0 0.2 0.6 0.35 0.55 0.75 0.9 0.75 0.0 0.95 0.35 0.35 0.1 0.3 0.9 0.25 0.35 0.65 1.0 0.8 0.45 1.0 0.85 0.45 0.9 0.05 0.9 0.75 0.7 0.2 0.6 0.75 0.25 0.1 0.6 0.1 
-0.4740883444368572 0.7402861638390077 0.6007213297902532 0.95 0.2 0.75 0.9 0.55 0.4 0.65 0.55 0.0 1.0 0.35 0.35 0.0 0.15 0.75 0.25 0.15 0.9 0.9 0.8 0.8 1.0 0.85 0.45 0.65 0.05 0.45 0.9 0.9 0.2 0.8 0.3 0.55 0.4 0.6 0.1 
-0.12995328986374624 0.22001646308834266 0.6253414666963565 0.95 0.4 0.4 0.9 0.4 0.4 0.9 0.95 0.75 0.4 0.8 0.6 0.55 0.9 0.35 0.95 0.65 0.1 0.85 0.85 0.55 0.9 0.65 0.8 0.85 0.2 0.35 0.95 0.95 0.3 1.0 0.35 0.7 0.85 0.85 1.0 
-0.4069949362477734 0.22494542203356077 0.5869194699126159 0.8 0.3 0.4 0.9 0.35 0.4 0.9 0.9 0.75 0.5 0.8 0.6 0.55 1.0 0.6 0.95 0.65 0.65 0.75 0.85 0.55 0.9 0.65 0.9 0.85 0.2 0.45 0.75 0.95 0.35 0.8 0.3 0.7 0.75 0.85 1.0 
-0.0018241245089938851 0.3852464217332293 0.3157823876596817 1.0 0.95 0.7 0.8 1.0 0.75 1.0 0.75 0.3 0.75 0.35 0.8 0.45 0.6 0.9 0.7 0.9 0.9 1.0 0.65 0.65 0.75 0.05 0.15 0.9 0.5 0.2 1.0 0.3 0.7 0.25 0.7 0.0 0.0 0.85 0.55 
-0.12733783749733668 0.4169664546507748 0.31540191946358664 1.0 0.95 0.7 0.8 1.0 0.75 1.0 0.75 0.3 0.75 0.35 0.8 0.45 0.6 0.9 0.3 0.9 0.9 1.0 0.65 0.65 0.75 0.05 0.15 0.5 0.5 0.65 1.0 0.3 0.7 0.25 0.8 0.8 0.0 0.85 0.55 
-0.01331464069256133 0.2042537495992019 0.6073601803798592 0.75 0.4 0.55 0.9 0.4 0.4 0.7 0.95 0.75 0.8 0.8 0.6 0.55 0.8 0.35 0.45 0.65 0.1 0.8 0.85 0.55 0.9 0.65 0.8 0.9 0.2 0.25 0.95 0.95 0.3 0.8 0.75 0.9 0.85 0.35 1.0 
-0.11256949628945674 0.5613522176708102 0.3081392844737175 0.75 0.2 0.6 0.75 0.35 0.2 1.0 0.75 0.7 0.95 0.35 0.4 0.75 0.2 0.25 0.7 0.2 0.65 0.95 0.4 0.9 1.0 0.85 0.45 0.75 0.2 0.25 0.95 0.35 0.2 0.95 0.35 0.0 0.3 1.0 0.85 
-0.002591678666920657 0.2354810921587207 0.6629945859582533 1.0 0.4 0.35 0.9 0.4 0.4 0.7 0.95 0.75 0.5 0.8 0.6 0.55 0.8 0.25 0.95 0.65 0.1 0.9 0.8 0.7 0.8 0.65 0.9 0.7 0.2 0.35 1.0 0.95 0.3 0.75 0.2 0.3 0.25 0.9 0.3 
-0.3283229350689264 0.22283686695074817 0.6514291750810912 1.0 0.4 0.35 0.9 0.4 0.4 0.8 0.95 0.75 0.5 0.8 0.6 0.55 0.8 0.25 0.95 0.65 0.1 0.9 0.8 0.7 0.8 0.65 0.9 0.7 0.2 0.35 1.0 0.95 0.3 0.75 0.75 0.3 0.25 0.9 0.3 
-0.47144267291789244 0.2107460272341829 0.5234259885443859 1.0 0.1 0.35 0.9 0.4 0.5 0.9 0.95 0.75 0.95 0.8 0.6 0.55 0.1 0.25 0.95 0.2 0.75 1.0 0.8 0.75 0.65 0.65 0.9 0.7 0.2 0.3 0.95 0.95 0.45 0.75 0.05 0.7 0.25 0.6 1.0 
-0.04770507421855971 0.6163697111419144 0.3232184162602397 0.95 0.2 0.45 0.75 0.35 0.2 0.7 0.75 0.7 0.95 0.35 0.4 0.75 0.2 0.25 0.7 0.2 0.65 0.95 0.4 0.9 1.0 0.85 0.45 0.85 0.2 0.25 0.95 0.35 0.2 0.95 0.35 0.0 0.3 1.0 0.85 
-0.2643556399563768 0.25848158274666555 0.6903397551443082 0.95 0.4 0.35 0.9 0.4 0.4 0.9 0.95 0.75 0.5 0.8 0.6 0.55 0.8 0.25 0.95 0.65 0.1 0.9 0.8 0.35 0.6 0.65 0.9 0.8 0.2 0.4 0.95 0.95 0.3 0.75 0.6 0.3 0.85 0.9 1.0 
-0.056823265725875496 0.7551808139313376 0.5838437502289566 1.0 0.2 0.4 0.8 0.55 0.4 0.95 0.75 0.0 1.0 0.35 0.35 0.0 0.3 0.75 0.25 0.05 0.9 0.95 0.8 0.8 1.0 0.85 0.45 0.35 0.05 0.45 0.9 0.9 0.2 0.8 0.85 0.15 0.35 0.0 0.1 
-0.6755780325728216 0.23004363559589514 0.4404168477769215 0.75 0.3 0.4 0.9 0.45 0.4 0.45 0.95 0.75 0.5 0.8 0.6 0.0 0.75 0.35 0.95 0.65 0.65 0.8 0.85 0.55 0.9 0.65 0.9 0.85 0.2 0.1 0.9 0.95 0.35 0.65 0.3 0.35 0.5 0.85 1.0 
-0.1461172839192381 0.37570609280255546 0.3270545251498277 1.0 0.95 0.7 0.8 1.0 0.75 1.0 0.75 0.3 0.75 0.35 0.8 0.45 0.6 0.9 0.7 0.9 0.9 1.0 0.65 0.65 0.75 0.05 0.15 0.9 0.5 0.5 1.0 0.3 0.7 0.25 0.7 0.0 0.0 0.85 0.55 
-0.12210312863212554 0.6325267061456379 0.3296622332114698 0.95 0.2 0.45 0.75 0.35 0.2 0.5 0.75 0.75 0.95 0.35 0.4 0.15 1.0 0.25 0.7 0.2 0.65 1.0 0.4 0.9 1.0 0.85 0.45 0.85 0.2 0.25 0.95 0.35 0.2 0.95 0.35 0.0 0.3 1.0 0.85 
-0.09344197117946725 0.6424900318916793 0.33951856995936003 0.95 1.0 0.6 0.9 0.35 0.25 0.55 0.7 0.65 1.0 0.35 0.4 0.15 0.65 0.55 0.7 0.2 0.65 0.65 0.4 0.9 1.0 0.85 0.45 0.85 0.2 0.25 0.95 0.35 0.2 0.4 0.35 0.3 0.3 1.0 1.0 
-0.08918812366242988 0.6723218579424529 0.3577923463201735 0.95 1.0 0.45 0.95 0.35 0.25 0.55 0.7 0.65 1.0 0.35 0.4 0.0 0.65 0.55 0.7 0.2 0.6 0.45 0.4 0.15 1.0 0.85 0.45 0.85 0.2 0.25 0.95 0.3 0.2 0.4 0.35 0.3 0.3 1.0 1.0 
-0.26089435377191383 0.44406608448095036 0.33182349141906475 1.0 0.95 0.7 0.8 1.0 0.75 1.0 0.75 0.3 0.75 0.35 0.8 0.0 0.6 1.0 0.7 0.7 0.15 0.95 0.65 0.65 0.7 0.05 0.15 0.65 0.5 0.7 1.0 0.3 0.75 0.25 0.8 0.55 0.0 0.85 0.55 
-0.11760385074479866 0.19328410803847146 0.6231800570614674 1.0 0.4 0.35 0.9 0.4 0.4 0.9 0.95 0.75 0.5 0.8 0.55 0.55 0.8 0.25 0.95 0.65 0.1 0.9 0.8 0.7 0.9 0.65 0.9 0.7 0.2 0.35 0.95 0.95 0.3 0.75 0.2 0.3 0.25 0.9 0.3 
-0.4679204581460424 0.20562698066507995 0.5126973626005311 1.0 0.1 0.35 0.9 0.4 0.5 0.9 0.95 0.75 0.95 0.8 0.6 0.55 0.1 0.25 0.95 0.2 0.75 1.0 0.8 0.8 0.65 0.65 0.9 0.7 0.15 0.35 0.95 0.95 0.45 0.75 0.05 0.7 0.25 0.9 1.0 
-0.34999973750203245 0.6858827450770073 0.38883605723490594 1.0 0.15 0.65 0.9 0.7 0.65 0.8 0.85 0.45 1.0 0.35 0.4 0.9 0.65 1.0 1.0 0.35 0.3 0.8 0.15 0.7 0.65 0.85 0.45 0.55 0.3 0.55 0.8 0.95 0.05 0.3 0.0 0.75 0.9 0.75 0.0 
-13.080008733656115 0.727523893895419 0.6305541126330438 1.0 0.2 0.3 0.95 0.55 0.4 0.95 0.75 0.0 1.0 0.35 0.35 0.45 0.15 0.75 0.65 0.05 0.9 0.95 0.8 0.8 1.0 0.85 0.45 1.0 0.05 0.45 0.9 0.9 0.2 0.8 0.45 0.55 0.35 0.0 0.1 
-0.06585088228041205 0.5527129499223634 0.31856249274040926 0.95 0.2 0.6 0.9 0.35 0.2 0.5 0.75 0.6 0.95 0.35 0.4 1.0 1.0 0.25 0.7 0.2 0.65 1.0 0.45 0.9 1.0 0.85 0.45 0.9 0.2 0.25 0.95 0.2 0.2 0.95 0.35 0.3 0.45 1.0 1.0 
-5.771306852466123 0.3740126208808039 0.30476503703950586 0.95 0.95 0.7 0.8 1.0 0.75 1.0 0.75 0.25 0.75 0.35 0.8 0.9 0.4 0.9 0.7 0.35 0.9 1.0 0.65 0.65 0.75 0.05 0.15 0.95 0.5 0.2 1.0 0.3 0.7 0.25 0.8 0.0 0.0 0.85 0.45 
-0.9516642435306202 0.2467082602219628 0.41468247899061167 0.95 0.45 0.65 0.75 0.35 0.4 0.95 0.95 0.75 0.2 0.55 0.45 0.0 0.45 0.25 0.8 0.7 0.8 0.9 0.0 0.7 0.5 0.6 0.9 1.0 0.2 0.45 1.0 0.95 0.3 0.7 1.0 0.75 0.1 0.65 0.8 
-4.156647774807935 0.7148957252537279 0.6287669205478228 1.0 0.2 0.75 0.9 0.55 0.4 0.6 0.75 0.0 1.0 0.35 0.35 0.0 0.15 0.75 0.25 0.15 0.9 0.9 0.8 0.8 1.0 0.85 0.45 0.9 0.05 0.4 0.9 0.9 0.2 0.8 0.3 0.55 0.4 0.0 0.75 
-1.067035005227758 0.2631779441923934 0.7024952250449524 0.9 0.4 0.35 0.9 0.4 0.4 0.85 0.95 0.75 0.5 0.8 0.6 0.55 0.8 0.25 0.95 0.65 0.1 0.9 0.7 0.35 0.9 0.65 0.9 0.95 0.2 0.4 0.95 0.95 0.3 0.75 0.2 0.3 0.85 0.9 1.0 
-0.003634620305565584 0.644326411676333 0.3143138687785967 0.95 1.0 0.45 0.95 0.35 0.25 0.65 0.7 0.25 1.0 0.35 0.4 0.0 0.65 0.55 0.4 0.2 0.6 0.45 0.4 0.9 1.0 0.85 0.45 0.85 0.2 0.3 0.95 0.3 0.2 0.4 0.35 0.3 0.3 1.0 0.5 
-0.23945053683770803 0.7674320057010722 0.5563838955713178 1.0 0.2 0.4 0.9 0.55 0.4 0.95 0.75 0.0 1.0 0.35 0.35 0.0 0.15 0.75 0.25 0.05 0.9 0.95 0.8 0.8 1.0 0.85 0.45 0.4 0.05 0.45 0.9 0.9 0.2 1.0 0.85 0.55 0.35 0.0 0.1 
-0.47818928689582857 0.4636692638205309 0.3441380530805408 1.0 0.95 0.7 0.8 1.0 0.75 1.0 0.75 0.3 0.6 0.35 0.8 0.0 0.6 1.0 0.7 0.7 0.15 1.0 0.65 0.8 0.7 0.05 0.15 0.6 0.5 0.3 1.0 0.3 0.75 0.25 0.8 0.0 0.95 0.65 0.55 
-0.06481285757853765 0.5302333760720933 0.3243472266994857 0.95 0.05 0.6 0.9 0.35 0.2 0.9 0.75 0.6 0.95 0.35 0.4 0.65 0.3 0.25 0.15 0.2 0.65 1.0 0.45 0.9 1.0 0.85 0.45 0.85 0.25 0.25 0.95 0.2 0.2 0.95 0.35 0.3 0.3 0.45 1.0 
-0.02464058783461601 0.3588974585636622 0.34157106682983407 1.0 0.95 0.7 0.8 1.0 0.8 0.95 0.8 0.3 0.75 0.35 0.8 0.6 0.65 0.9 0.7 0.9 0.9 1.0 0.65 0.65 0.75 0.1 0.15 0.95 0.5 0.75 1.0 0.3 0.7 0.15 0.15 0.1 0.0 0.85 0.55 
-0.06419043612884148 0.6019346005607853 0.3200243250051851 0.55 1.0 0.45 0.9 0.35 0.3 0.7 0.75 0.2 1.0 0.35 0.4 0.8 0.75 0.25 0.7 0.2 0.65 1.0 0.45 0.85 1.0 0.85 0.45 0.85 0.2 0.25 0.95 0.35 0.2 0.15 0.35 0.5 0.7 0.05 0.05 
-0.8714022641280552 0.28491344460817636 0.722434860175764 1.0 0.2 0.15 1.0 0.4 0.35 1.0 1.0 0.8 0.6 0.9 0.7 0.95 1.0 0.75 0.9 0.75 0.9 1.0 0.7 0.15 0.85 0.55 0.9 0.9 0.2 0.4 0.8 0.95 0.35 0.05 0.65 0.85 0.45 0.0 0.65 
-0.021165584487698487 0.27593535975444405 0.7041341991672959 0.9 0.4 0.35 0.9 0.4 0.4 0.85 0.95 0.75 0.4 0.8 0.6 0.9 0.8 0.25 0.95 0.65 0.1 0.9 0.7 0.35 0.9 0.65 0.9 0.95 0.2 0.4 0.95 0.95 0.3 0.75 0.2 0.3 0.85 0.9 1.0 
-11.25613967063886 0.6483198564647766 0.29068946501073045 1.0 1.0 0.45 0.9 0.35 0.25 0.55 0.7 0.15 1.0 0.35 0.4 0.15 0.65 0.55 0.45 0.2 0.65 0.65 0.4 0.9 1.0 0.85 0.45 0.85 0.2 0.25 0.9 0.25 0.2 0.8 0.35 0.3 0.3 0.55 1.0 
-3.6689509943527643 0.20047437009761354 0.5342389540791131 0.95 0.4 0.45 0.9 0.4 0.4 0.8 0.95 0.75 0.25 0.8 0.6 0.6 0.0 0.35 0.95 0.65 0.1 0.95 0.85 0.55 0.9 0.6 0.8 0.85 0.2 0.35 0.95 0.95 0.3 0.95 0.35 0.7 0.85 0.3 1.0 
-0.06147960540785105 0.665516765468357 0.3501790464853941 0.95 1.0 0.45 0.9 0.35 0.25 0.5 0.45 0.45 1.0 0.35 0.4 0.15 0.65 0.55 0.7 0.2 0.65 0.65 0.4 0.9 1.0 0.85 0.45 0.85 0.2 0.25 0.95 0.35 0.2 0.45 0.35 0.3 0.3 1.0 1.0 
-0.521753506461381 0.5303977729735455 0.645696324589601 0.65 0.2 0.45 0.65 0.55 0.75 0.9 0.75 0.0 1.0 0.35 0.35 0.25 0.85 0.9 0.3 0.05 0.65 1.0 0.8 0.45 0.95 0.85 0.45 0.8 0.1 0.9 0.75 0.7 0.2 0.3 0.75 0.2 0.1 0.6 0.1 
-0.18084135556170164 0.7136777241540042 0.37113301089934647 1.0 0.2 0.65 0.9 0.7 0.65 0.35 0.85 0.3 1.0 0.35 0.4 0.9 0.4 1.0 1.0 0.35 0.3 0.8 0.15 0.7 1.0 0.85 0.45 0.55 0.3 0.55 0.8 0.95 0.05 0.3 0.25 0.75 0.9 0.75 0.0 
-0.05744311608191869 0.41036846873813326 0.7424871815894802 0.95 0.1 0.15 1.0 0.4 0.35 0.85 1.0 0.8 0.5 0.7 0.7 0.4 1.0 0.25 0.9 0.75 0.9 1.0 0.7 0.35 0.85 0.65 0.9 1.0 0.2 0.4 0.75 0.95 0.35 0.05 0.65 0.9 0.05 0.8 0.25 
-0.16481215395577165 0.3925623356427886 0.741115635239442 0.95 0.1 0.15 1.0 0.4 0.4 0.95 1.0 0.8 0.5 0.7 0.85 0.4 1.0 0.25 0.35 0.75 0.9 0.8 0.75 0.35 0.85 0.65 0.9 1.0 0.2 0.4 0.75 0.95 0.35 0.1 0.65 0.9 0.95 0.8 0.25 
-6.6087886320509766 0.6655005651399517 0.3163229822708442 0.95 1.0 0.45 0.95 0.35 0.25 0.55 0.7 0.65 1.0 0.35 0.4 0.0 0.65 0.55 0.7 0.2 0.6 0.45 0.4 0.9 1.0 0.85 0.45 0.85 0.2 0.25 0.95 0.3 0.2 0.4 0.35 0.3 0.3 1.0 1.0 
-0.5882963041667336 0.32487304443473486 0.7423807213789472 0.9 0.2 0.15 1.0 0.4 0.35 0.95 1.0 0.8 0.6 0.9 0.7 0.95 1.0 0.7 0.9 0.75 0.9 0.9 0.7 0.15 0.85 0.6 0.9 0.9 0.2 0.4 0.9 0.95 0.3 0.05 0.65 0.85 0.3 0.0 0.65 
-0.4235629191179777 0.30410053417636274 0.7396633492368723 1.0 0.2 0.15 1.0 0.4 0.35 1.0 1.0 0.8 0.6 0.9 0.7 0.95 1.0 0.4 0.9 0.75 0.9 1.0 0.7 0.15 0.6 0.55 0.85 0.9 0.25 0.4 0.8 0.95 0.35 0.05 0.65 0.75 0.45 0.2 0.65 
-0.016476220063006027 0.601139829676489 0.3052817847615382 1.0 1.0 0.6 0.9 0.35 0.25 0.95 0.7 0.65 1.0 0.35 0.4 0.15 0.65 0.55 0.7 0.2 0.65 0.65 0.4 0.9 1.0 0.85 0.45 0.85 0.2 0.25 0.95 0.35 0.2 0.4 0.35 0.3 0.7 1.0 1.0 
-1.8822083293556349 0.667227566681061 0.33584509004534857 0.95 1.0 0.45 0.9 0.35 0.25 0.5 0.45 0.45 1.0 0.35 0.4 0.15 0.65 0.55 0.7 0.2 0.65 0.65 0.4 0.9 1.0 0.85 0.45 0.85 0.2 0.25 0.95 0.3 0.2 0.45 0.35 0.3 0.3 1.0 1.0 
-0.3267612731953841 0.63061469744334 0.30368764728878916 0.95 1.0 0.6 0.9 0.35 0.25 0.55 0.7 0.2 1.0 0.35 0.4 0.15 0.65 0.55 0.7 0.2 0.65 1.0 0.4 0.9 1.0 0.85 0.45 0.85 0.2 0.25 0.95 0.35 0.2 0.4 0.35 0.3 0.3 1.0 1.0 
-0.26753214118863605 0.21987409567195187 0.6636316055540415 0.9 0.4 0.35 0.9 0.4 0.4 0.85 0.95 0.75 0.5 0.8 0.6 0.55 0.8 0.25 0.95 0.65 0.1 0.9 0.8 0.35 0.9 0.65 0.9 0.95 0.2 0.4 0.95 0.95 0.3 0.75 0.2 0.3 0.85 0.9 1.0 
-0.9151708626830535 0.46538549507426774 0.332967845327905 1.0 0.95 0.7 0.8 1.0 0.75 1.0 0.75 0.3 0.75 0.35 0.8 0.0 0.6 1.0 0.7 0.7 0.15 1.0 0.65 0.8 0.7 0.05 0.15 0.9 0.5 0.2 1.0 0.3 0.75 0.25 0.8 0.0 0.95 0.3 0.55 
-0.11042845098874289 0.2851958156618263 0.37522312050344253 0.7 0.4 0.4 0.9 0.4 0.4 0.75 0.8 0.75 0.6 0.8 0.6 0.9 0.8 0.35 0.8 0.65 0.65 1.0 0.85 0.55 0.95 0.65 0.9 0.95 0.2 0.1 0.65 0.95 0.35 1.0 0.3 0.3 0.5 0.85 1.0 
-0.005470878668417893 0.506036543586263 0.34503438940188047 0.95 1.0 0.45 0.9 0.35 0.2 0.65 0.75 0.55 1.0 0.35 0.4 0.7 0.75 0.25 0.7 0.6 0.65 0.9 0.4 0.9 1.0 0.85 0.45 0.85 0.2 0.25 0.95 0.05 0.2 0.15 0.35 0.8 0.3 1.0 0.25 
-5.709687726641311 0.7594487424291574 0.4127861414302198 1.0 0.2 0.55 0.95 0.55 0.4 0.45 0.75 0.0 1.0 0.35 0.4 0.55 0.15 0.4 0.25 0.0 0.9 0.95 0.8 0.3 1.0 0.85 0.45 0.75 0.05 0.4 0.4 0.15 0.2 0.7 0.85 0.25 0.35 0.6 0.6 
-0.14089996366743002 0.7329984715311353 0.40334451049030534 1.0 0.15 0.65 0.9 0.7 0.65 0.8 0.85 0.3 1.0 0.35 0.4 0.9 0.65 1.0 1.0 0.35 0.3 0.8 0.15 0.7 1.0 0.85 0.45 0.55 0.3 0.55 0.8 0.95 0.05 0.3 0.0 0.75 0.9 0.75 0.0 
-0.0004966952472517882 0.5800874720216866 0.2899804395472575 0.75 0.2 0.45 0.75 0.35 0.2 1.0 0.75 0.7 0.95 0.35 0.4 0.75 0.2 0.25 0.7 0.2 0.65 0.95 0.4 0.9 1.0 0.85 0.45 0.85 0.2 0.25 0.95 0.35 0.2 0.95 0.35 0.0 0.3 1.0 0.85 
-2.7920605370733016 0.41114349084086105 0.30964975285405805 1.0 0.95 0.7 0.8 1.0 0.75 1.0 0.75 0.3 0.95 0.35 0.8 0.45 0.6 0.9 0.7 0.9 0.85 1.0 0.6 0.65 0.75 0.05 0.15 0.7 0.5 0.2 1.0 0.3 0.7 0.4 0.8 0.1 0.0 0.85 0.55 
-0.6748275819203944 0.5702929934076344 0.6655813834097862 0.65 0.2 0.45 0.6 0.55 0.75 0.95 0.75 0.0 1.0 0.35 0.35 0.25 0.85 0.9 0.3 0.05 0.55 1.0 0.8 0.8 0.95 0.85 0.45 0.8 0.1 0.9 0.75 0.7 0.2 0.3 0.75 0.2 0.1 0.5 0.1 
-0.0732681163576039 0.4258587891748865 0.7271538470368746 0.55 0.1 0.15 1.0 0.4 0.35 0.75 1.0 0.8 0.5 0.7 0.7 0.4 0.85 0.25 0.9 0.75 0.9 1.0 0.7 0.35 0.8 0.65 0.9 1.0 0.2 0.4 0.75 0.95 0.35 0.05 0.0 0.9 0.05 0.8 0.25 
-0.09871173031816617 0.5634639820715942 0.29267044169002276 0.75 0.2 0.6 0.75 0.35 0.2 1.0 0.75 0.7 0.95 0.35 0.4 0.75 0.2 0.25 0.7 0.2 0.65 0.95 0.4 0.9 1.0 0.85 0.45 0.85 0.2 0.25 0.95 0.35 0.2 0.95 0.35 0.0 0.3 1.0 0.85 
-2.898343830397053 0.29972236275396036 0.35639236042252753 0.7 0.4 0.4 0.85 0.4 0.4 1.0 0.85 0.75 0.5 0.8 0.6 0.9 0.8 0.95 0.8 0.15 0.15 1.0 0.85 0.55 0.95 0.65 0.9 0.85 0.2 0.1 0.65 0.95 0.35 0.55 0.3 0.3 0.7 0.85 1.0 
-0.029534876254401727 0.43984082428737126 0.7197870818982148 0.95 0.1 0.15 1.0 0.4 0.4 0.85 1.0 0.85 0.55 0.7 0.7 0.4 1.0 0.95 0.9 0.75 0.9 1.0 0.7 0.35 0.85 0.65 0.9 1.0 0.2 0.4 0.75 0.95 0.35 0.05 0.65 0.9 0.85 0.8 0.25 
-30.229791262457773 0.3188131087666539 0.32749717713971915 0.95 0.4 0.4 0.9 0.4 0.4 0.9 0.95 0.75 0.4 0.8 0.6 0.55 0.1 0.35 0.95 0.65 0.1 1.0 0.85 0.55 0.9 0.65 0.9 0.65 0.2 0.0 1.0 0.95 0.3 0.3 0.45 0.7 0.85 0.85 1.0 
-1.6641604791068734 0.2875248519241318 0.3633682414241206 0.7 0.4 0.4 0.9 0.4 0.4 1.0 0.85 0.75 0.5 0.8 0.6 0.9 0.8 0.95 0.8 0.6 0.15 1.0 0.85 0.55 0.95 0.65 0.9 0.85 0.2 0.1 0.65 0.95 0.35 1.0 0.3 0.3 0.7 0.85 1.0 
-19.17414397528582 0.28585898553715683 0.3457286768451425 0.7 0.4 0.4 0.9 0.4 0.4 1.0 0.85 0.65 0.5 0.8 0.6 0.9 0.8 0.95 0.8 0.6 0.15 1.0 0.85 0.55 0.95 0.65 0.9 0.6 0.2 0.1 0.65 0.95 0.35 1.0 0.3 0.3 0.7 0.85 1.0 
-0.10211716202909818 0.5878284842067778 0.2946164091757688 0.75 0.2 0.45 0.75 0.35 0.2 1.0 0.75 0.7 0.95 0.35 0.4 0.75 0.2 0.25 0.7 0.2 0.65 0.95 0.4 0.9 1.0 0.85 0.45 0.85 0.2 0.25 0.95 0.3 0.2 0.95 0.35 0.0 0.3 1.0 0.85 
-0.18310440492286242 0.19693768238868586 0.5628262018826246 0.4 0.4 0.4 0.9 0.4 0.4 0.9 0.95 0.75 0.4 0.8 0.6 0.55 0.0 0.35 0.95 0.45 0.1 0.95 0.85 0.75 0.9 0.6 0.8 0.85 0.2 0.35 0.95 0.95 0.3 0.65 0.9 0.7 0.85 0.3 1.0 
-0.40793922630717155 0.7285186646874627 0.36742553687826734 1.0 0.2 0.65 0.9 0.7 0.65 0.8 0.85 0.3 1.0 0.35 0.4 0.9 0.65 1.0 1.0 0.35 0.3 0.8 0.15 0.7 1.0 0.85 0.45 0.55 0.3 0.55 0.8 0.95 0.05 0.3 0.0 0.75 0.9 0.75 0.0 
-1.6989640002120996 0.2508953148372338 0.40040537791248276 0.75 0.4 0.4 0.9 0.5 0.4 0.9 0.95 0.75 0.45 0.8 0.6 0.9 0.8 0.35 0.2 0.65 0.65 1.0 0.85 0.55 0.95 0.65 0.9 0.95 0.2 0.15 0.75 0.95 0.35 0.8 0.3 0.3 0.85 0.85 1.0 
-0.4882055328166014 0.4290189843650502 0.7413711339601895 0.95 0.1 0.2 1.0 0.4 0.4 0.85 1.0 0.8 0.5 0.7 0.7 0.4 1.0 0.25 0.9 0.75 0.9 1.0 0.7 0.35 0.85 0.65 0.9 1.0 0.2 0.4 0.75 0.95 0.35 0.05 0.65 0.9 0.05 0.8 0.25 
-0.12252664722967298 0.23792732108181674 0.6812244149980876 1.0 0.4 0.35 1.0 0.4 0.4 0.9 0.95 0.75 0.5 0.8 0.6 0.55 0.8 0.25 0.95 0.6 0.1 0.9 0.8 0.7 0.8 0.65 0.9 0.7 0.2 0.35 0.9 0.95 0.3 0.75 0.2 0.3 0.25 0.9 1.0 
-0.0014722749126105555 0.554486511650685 0.6451272813983818 0.65 0.2 0.45 0.65 0.55 0.75 0.85 0.75 0.0 1.0 0.35 0.35 0.25 0.85 0.9 0.3 0.05 0.55 1.0 0.8 0.8 0.95 0.85 0.45 0.8 0.1 0.9 0.75 0.65 0.2 0.3 0.75 0.2 0.1 0.35 0.1 
-0.8960461735798199 0.19821159679061967 0.4935243018979492 1.0 0.1 0.35 0.9 0.4 0.5 0.9 0.95 0.75 0.95 0.8 0.6 0.55 0.1 0.25 0.95 0.2 0.75 1.0 0.8 0.75 0.65 0.65 0.9 0.7 0.2 0.35 0.95 0.95 0.45 0.75 0.05 0.7 0.25 0.9 1.0 
-0.3101857483403101 0.4644933003149278 0.6975688946749982 1.0 0.1 0.15 1.0 0.4 0.4 0.5 1.0 0.8 0.45 0.7 0.7 0.4 1.0 0.3 0.9 0.75 0.9 1.0 0.7 0.35 0.85 0.65 0.9 1.0 0.2 0.4 0.75 0.95 0.45 0.85 0.65 0.1 0.35 0.8 0.25 
-0.5744131430739918 0.20463876261931557 0.6459500005348926 1.0 0.4 0.35 0.9 0.4 0.4 0.9 0.95 0.75 0.5 0.8 0.6 0.55 0.8 0.25 0.95 0.6 0.1 0.9 0.8 0.7 0.8 0.65 0.9 0.7 0.2 0.35 0.9 0.95 0.3 0.75 0.2 0.3 0.25 0.9 1.0 
-1.0816261421151112 0.24764312016318962 0.4102198163618277 0.95 0.45 0.65 0.75 0.35 0.4 0.95 0.95 0.75 0.2 0.55 0.45 0.0 0.45 0.25 0.8 0.85 0.8 0.8 0.0 0.7 0.5 0.6 0.9 1.0 0.2 0.5 1.0 0.95 0.3 0.7 1.0 0.85 0.1 0.65 0.8 
-12.306538263280467 0.25293986535980095 0.3568779611093753 0.7 0.4 0.4 0.9 0.4 0.4 1.0 0.85 0.65 0.5 0.8 0.6 0.9 0.8 0.95 0.8 0.6 0.15 1.0 0.85 0.55 0.95 0.65 0.9 0.85 0.2 0.1 0.65 0.95 0.35 1.0 0.3 0.3 0.7 0.85 1.0 
-9.707320834220296 0.2640939239554153 0.37612775354120415 0.65 0.4 0.4 0.9 0.4 0.4 0.95 0.85 0.65 0.5 0.8 0.6 0.9 0.8 0.95 0.15 0.6 0.15 1.0 0.85 0.55 0.95 0.65 0.9 0.85 0.2 0.1 0.65 0.95 0.35 1.0 0.3 0.3 0.7 0.85 1.0 
-0.1760234681858134 0.49065553997654 0.6829942290157303 0.95 0.1 0.15 1.0 0.35 0.35 0.85 1.0 0.8 0.5 0.7 0.7 0.4 1.0 0.25 0.9 0.75 0.9 1.0 0.7 0.35 0.7 0.6 0.9 1.0 0.2 0.4 0.75 0.95 0.35 0.05 0.65 0.9 0.05 0.8 0.25 
-1.1179543271176695 0.6199989425876655 0.6601291213415086 1.0 0.2 0.6 0.65 0.55 0.75 0.8 0.75 0.0 0.95 0.35 0.35 0.1 0.3 0.9 0.25 0.35 0.65 1.0 0.8 0.45 1.0 0.85 0.45 0.8 0.05 0.9 0.75 0.7 0.2 0.3 0.75 0.25 0.1 0.6 0.1 
-0.020000568106338892 0.7298855132881173 0.39178377762116845 1.0 0.15 0.65 0.9 0.7 0.65 0.8 0.85 0.3 1.0 0.35 0.4 0.9 0.65 1.0 1.0 0.35 0.3 0.8 0.15 0.7 1.0 0.85 0.45 0.55 0.35 0.55 0.8 0.95 0.05 0.3 0.0 0.75 0.9 0.75 0.0 
-8.084290379502782 0.6935028463671361 0.3429003867809527 0.95 1.0 0.45 0.95 0.35 0.25 0.55 0.7 0.65 1.0 0.35 0.4 0.0 0.65 0.55 0.7 0.2 0.3 0.45 0.75 0.15 1.0 0.85 0.45 0.85 0.2 0.25 0.95 0.3 0.2 0.25 0.35 0.3 0.3 1.0 1.0 
-9.203401498733642 0.19465648252670142 0.5776231355327411 1.0 0.35 0.35 0.9 0.4 0.35 0.9 0.95 0.75 0.5 0.8 0.6 0.55 0.8 0.25 0.95 0.6 0.1 0.9 0.8 0.7 0.8 0.65 0.9 0.75 0.2 0.35 0.95 0.95 0.3 0.75 0.2 0.3 0.25 0.9 1.0 
-0.1689031812867451 0.6152187957019503 0.6601472414563969 1.0 0.2 0.6 0.65 0.55 0.75 0.8 0.75 0.0 0.95 0.35 0.35 0.1 0.3 0.9 0.25 0.35 0.6 1.0 0.8 0.45 1.0 0.85 0.45 0.8 0.45 0.9 0.7 0.7 0.2 0.45 0.75 0.25 0.1 0.85 0.1 
-3.6756974096263986 0.19722336974870813 0.5480531303987122 0.95 0.4 0.45 0.9 0.4 0.4 0.8 0.95 0.75 0.4 0.8 0.6 0.6 0.0 0.35 0.95 0.65 0.1 0.95 0.85 0.55 0.9 0.6 0.8 0.85 0.2 0.35 0.95 0.95 0.3 0.65 0.35 0.7 0.85 0.3 1.0 
-0.6708967039336378 0.6218141868647608 0.6701480980174443 1.0 0.2 0.6 0.65 0.55 0.75 0.8 0.75 0.0 0.95 0.35 0.35 0.1 0.3 0.9 0.25 0.35 0.6 1.0 0.8 0.45 1.0 0.85 0.45 0.8 0.45 0.9 0.65 0.7 0.2 0.3 0.75 0.25 0.1 0.6 0.1 
-1.3164956109344195 0.5378128951435197 0.6611620886216265 0.7 0.2 0.45 0.65 0.55 0.75 0.9 0.75 0.0 1.0 0.35 0.35 0.25 0.85 0.9 0.3 0.05 0.65 1.0 0.8 0.7 0.95 0.85 0.45 0.8 0.1 0.9 0.75 0.7 0.2 0.3 0.6 0.2 0.1 0.6 0.1 
-6.790786025818941 0.217651582399137 0.416597027714486 0.8 0.3 0.4 0.9 0.4 0.4 0.9 0.95 0.75 0.5 0.8 0.6 0.55 0.6 0.85 0.95 0.75 0.65 0.95 0.85 0.55 0.9 0.65 0.9 0.9 0.2 0.2 0.95 0.95 0.3 0.8 0.3 0.3 0.75 0.85 1.0 
-8.070162920315298 0.5564297024340139 0.6667384072648554 1.0 0.2 0.45 0.65 0.55 0.75 0.9 0.75 0.0 1.0 0.35 0.35 0.1 0.85 0.9 0.3 0.05 0.65 1.0 0.8 0.45 0.95 0.85 0.45 0.8 1.0 0.9 0.75 0.7 0.2 0.3 0.75 0.2 0.1 0.6 0.1 
-0.4547450104907814 0.7357376425935368 0.373084982039095 1.0 0.2 0.65 0.9 0.7 0.65 0.8 0.85 0.3 1.0 0.35 0.4 0.9 0.65 1.0 1.0 0.35 0.3 0.8 0.15 0.7 1.0 0.85 0.45 0.55 0.3 0.55 0.9 0.95 0.05 0.3 0.0 0.75 0.9 0.75 0.0 
-10.163450395361942 0.5295704314482211 0.6512604634583246 0.65 0.2 0.45 0.65 0.55 0.75 0.9 0.75 0.0 0.95 0.35 0.35 0.25 0.85 0.9 0.3 0.05 0.55 1.0 0.8 0.8 0.95 0.85 0.45 0.8 0.1 0.9 0.75 0.7 0.2 0.3 0.75 0.2 0.1 0.5 0.1 
-7.981072227117688 0.1787601847522448 0.5261535637134563 0.8 0.45 0.4 0.9 0.4 0.4 0.55 0.95 0.75 0.5 0.75 0.55 0.45 0.8 0.35 0.4 0.65 0.65 0.75 0.85 0.55 0.9 0.65 0.85 0.85 0.2 0.25 0.95 0.95 0.3 0.05 0.3 0.3 0.55 0.85 1.0 
-7.352749215572662 0.17716630973274422 0.5959940618037833 1.0 0.4 0.35 0.9 0.4 0.4 0.9 0.95 0.75 0.5 0.8 0.6 0.55 0.8 0.25 0.95 0.65 0.8 0.9 0.8 0.5 0.85 0.65 0.9 0.7 0.2 0.35 0.95 0.95 0.3 0.75 0.2 0.3 0.25 0.9 0.3 
-2.663468805398799 0.19370427740898838 0.4260541604082425 0.85 0.3 0.4 0.9 0.4 0.4 0.9 0.95 0.75 0.5 0.8 0.6 0.55 0.65 0.35 0.4 0.65 0.65 0.9 0.85 0.65 0.9 0.65 0.85 0.85 0.2 0.2 0.95 0.95 0.3 0.8 0.4 0.3 0.25 0.3 1.0 
-4.562402714972104 0.34188983405553197 0.32319830096140134 1.0 0.95 0.7 0.8 1.0 0.75 0.95 0.8 0.3 0.75 0.35 0.8 0.6 0.65 0.9 0.7 0.9 0.9 1.0 0.65 0.65 0.75 0.1 0.15 0.95 0.5 0.75 0.95 0.3 0.7 0.15 0.15 0.1 0.0 0.85 0.8 
-4.852747837100494 0.3885688740678998 0.30088070428984137 0.95 0.95 0.7 0.8 1.0 0.75 1.0 0.75 0.25 0.75 0.35 0.8 0.9 0.6 0.9 0.7 0.25 0.9 1.0 0.65 0.75 0.75 0.05 0.15 0.95 0.5 0.2 1.0 0.3 0.7 0.15 0.8 0.0 0.0 0.85 0.45 
-1.9640076562737856 0.21587112172738648 0.4355013500940757 0.8 0.3 0.4 0.9 0.4 0.4 0.9 0.95 0.75 0.5 0.8 0.6 0.55 0.2 0.35 0.15 0.65 0.65 0.9 0.85 0.8 0.9 0.65 0.9 0.95 0.2 0.2 0.95 0.95 0.3 0.25 0.4 0.3 0.25 0.45 1.0 
-1.37898479050099 0.1960411812035005 0.49186936908040335 0.8 0.3 0.4 0.9 0.4 0.4 0.9 0.95 0.75 0.5 0.8 0.6 0.55 0.65 0.35 0.15 0.65 0.65 0.9 0.85 0.8 0.85 0.65 0.85 0.95 0.2 0.2 0.95 0.95 0.3 0.8 0.65 0.3 0.25 0.45 1.0 
-20.65116241492185 0.17816344195624256 0.5699650666995052 1.0 0.4 0.35 0.9 0.4 0.35 0.9 0.95 0.75 0.5 0.8 0.6 0.55 0.8 0.25 0.95 0.6 0.1 0.9 0.8 0.7 0.8 0.65 0.9 0.7 0.2 0.35 0.95 0.95 0.3 0.75 0.2 0.3 0.25 0.9 1.0 
-0.9666556123552412 0.1908339078724075 0.45406497985814626 0.8 0.3 0.4 0.9 0.4 0.4 0.9 0.95 0.75 0.5 0.8 0.6 0.55 0.65 0.35 0.15 0.65 0.65 0.9 0.85 0.8 0.9 0.65 0.85 0.95 0.2 0.2 0.95 0.95 0.3 0.8 0.4 0.3 0.25 0.45 1.0 
-0.5443150089534142 0.1986267325896704 0.4406478563157988 0.8 0.3 0.4 0.9 0.4 0.4 0.9 0.95 0.75 0.5 0.8 0.6 0.55 0.6 0.85 0.95 0.75 0.65 0.95 0.85 0.8 0.75 0.65 0.9 0.9 0.2 0.2 0.95 0.95 0.3 0.8 0.3 0.3 0.75 0.85 1.0 
-25.797537231430482 0.67518329573484 0.32123818285234096 0.95 1.0 0.45 0.9 0.35 0.2 0.1 0.75 0.65 1.0 0.35 0.4 0.15 0.75 0.25 0.7 0.2 0.9 1.0 0.4 0.9 1.0 0.85 0.45 0.85 0.2 0.25 0.95 0.35 0.2 0.4 0.8 0.3 0.3 0.7 1.0 
-12.628705284980528 0.21680208109154125 0.39165647222231276 0.8 0.3 0.4 0.9 0.4 0.4 0.9 0.95 0.75 0.5 0.8 0.6 0.55 0.65 0.35 0.4 0.65 0.65 0.55 0.85 0.55 0.9 0.65 0.85 0.85 0.2 0.2 0.95 0.95 0.3 0.8 0.4 0.3 0.55 0.85 1.0 
-0.9810838088526805 0.4552684617133844 0.7314008916765371 0.95 0.1 0.15 1.0 0.4 0.4 0.85 1.0 0.8 0.55 0.7 0.7 0.4 1.0 0.95 0.9 0.75 0.9 1.0 0.7 0.35 0.85 0.65 0.9 1.0 0.2 0.4 0.75 0.95 0.35 0.05 0.65 0.9 0.85 0.8 0.25 
-3.6156518105245117 0.6116912888964826 0.28425471069840746 1.0 1.0 0.55 0.9 0.35 0.25 0.7 0.7 0.7 1.0 0.35 0.4 0.15 0.65 0.55 0.7 0.25 0.65 0.65 0.4 0.9 1.0 0.85 0.45 0.85 0.2 0.25 0.95 0.25 0.2 0.4 0.35 0.3 0.75 0.55 1.0 
-0.03166797807000201 0.6572268563470871 0.6630271245378203 1.0 0.2 0.6 0.65 0.55 0.75 0.8 0.75 0.0 0.95 0.35 0.35 0.1 0.3 0.9 0.25 0.35 0.6 1.0 0.8 0.45 1.0 0.85 0.45 0.8 0.45 0.9 0.5 0.7 0.2 0.3 0.75 0.25 0.1 0.6 0.1 
-10.172223213006015 0.18971124629751002 0.462857768531193 0.8 0.45 0.4 0.9 0.4 0.4 0.9 0.95 0.75 0.5 0.75 0.55 0.55 0.8 0.35 0.4 0.65 0.65 0.7 0.85 0.55 0.9 0.65 0.85 0.85 0.2 0.2 0.95 0.95 0.3 0.8 0.3 0.3 0.55 0.85 1.0 
-20.74990341785101 0.49094280403175466 0.697567151812701 0.95 0.1 0.15 1.0 0.35 0.35 0.85 1.0 0.8 0.5 0.7 0.7 0.4 1.0 0.25 0.9 0.75 0.9 1.0 0.7 0.35 0.85 0.65 0.9 1.0 0.2 0.4 0.75 0.95 0.35 0.05 0.65 0.9 0.05 0.8 0.25 
-2.9688031852078884 0.531761709875965 0.3120306638994972 0.95 0.05 0.25 0.9 0.35 0.2 0.9 0.75 0.6 0.95 0.35 0.4 0.45 0.3 0.25 0.15 0.2 0.65 1.0 0.45 0.9 1.0 0.85 0.45 0.85 0.25 0.25 0.95 0.2 0.2 0.95 0.9 0.3 0.3 0.45 1.0 
-8.157710077470574 0.63974233098901 0.2879660939285337 1.0 1.0 0.45 0.95 0.35 0.25 0.55 0.7 0.25 1.0 0.35 0.4 0.15 0.65 0.55 0.45 0.2 0.65 0.65 0.4 0.9 1.0 0.85 0.45 0.85 0.2 0.25 0.9 0.25 0.2 0.4 0.35 0.3 0.3 0.55 1.0 
-13.727539642802236 0.17536902183276787 0.5815778906337286 1.0 0.4 0.35 0.9 0.4 0.4 0.9 0.95 0.75 0.5 0.8 0.6 0.55 0.8 0.25 0.95 0.65 0.8 0.9 0.8 0.5 0.85 0.65 0.9 0.6 0.2 0.35 0.95 0.95 0.3 0.75 0.2 0.3 0.25 0.9 0.3 
-3.2991334492476874 0.19998911656756663 0.6551304472402497 1.0 0.4 0.35 0.9 0.4 0.4 0.9 0.95 0.75 0.5 0.8 0.6 0.55 0.8 0.25 0.95 0.65 0.8 0.9 0.8 0.5 0.85 0.65 0.9 0.9 0.2 0.35 0.95 0.95 0.3 0.75 0.6 0.3 0.25 0.9 0.3 
-1.6826669256297417 0.3362492928910863 0.7588604469994558 1.0 0.2 0.15 1.0 0.4 0.35 1.0 1.0 0.8 0.6 0.9 0.7 0.95 1.0 0.4 0.9 0.75 0.9 1.0 0.7 0.15 0.6 0.55 0.85 0.9 0.2 0.4 0.8 0.95 0.35 0.05 0.65 0.75 0.45 0.2 0.65 
-20.69303335170154 0.17902385275575228 0.5558133650588372 1.0 0.4 0.35 0.9 0.4 0.4 0.9 0.95 0.75 0.55 0.8 0.6 0.55 0.8 0.25 0.95 0.65 0.8 0.9 0.8 0.5 0.85 0.65 0.9 0.6 0.2 0.35 0.95 0.95 0.3 0.75 0.2 0.3 0.25 0.9 0.3 
-11.640266731578746 0.21251448675054396 0.3933114410339668 0.8 0.3 0.4 0.9 0.4 0.4 0.9 0.95 0.75 0.5 0.8 0.6 0.55 0.65 0.35 0.4 0.65 0.65 0.55 0.85 0.55 0.9 0.65 0.85 0.85 0.2 0.2 0.95 0.95 0.3 0.8 0.4 0.3 0.55 0.85 1.0 
-0.36210731352532516 0.6612763600223684 0.6619427936424658 1.0 0.2 0.6 0.65 0.55 0.75 0.8 0.75 0.0 0.95 0.35 0.35 0.1 0.3 0.9 0.25 0.35 0.6 1.0 0.8 0.45 1.0 0.85 0.45 0.8 0.45 0.9 0.5 0.7 0.15 0.3 0.75 0.25 0.1 0.6 0.1 
-9.453707275556145 0.24699873426709623 0.7023016760660951 0.9 0.4 0.35 0.9 0.4 0.4 0.85 0.95 0.75 0.7 0.8 0.6 0.55 0.8 0.25 0.95 0.65 0.1 0.9 0.7 0.35 0.9 0.65 0.9 0.95 0.2 0.4 0.95 0.95 0.3 0.75 0.2 0.3 0.85 0.9 1.0 
