0.5844564291987726 0.42262671990411615 
0.3340306336670683 0.8174368393356908 
0.14837919305122615 0.2709100394984353 
0.9624142567534352 0.7346362444225252 
0.8021726157069695 0.1098637841318203 
0.5851146030066516 0.8334991273429816 
0.4458029797046469 0.15122515894492533 
0.0928910245461434 0.6824947166328101 
0.8443584425848107 0.3266939338627707 
0.31915555867548484 0.5057154296384205 
0.828628263407531 0.8893682177378965 
0.016930912713611135 0.8918778225486909 
0.06682813868551984 0.026922826212892548 
0.830117317216298 0.6248924419454708 
0.16689277831824278 0.5057539519777491 
0.670223158913676 0.5807745089138504 
0.4115588024775791 0.6989485327146616 
0.6479872245591408 0.21562383889487607 
0.30396867876417744 0.11175232535842933 
0.20039788941811337 0.8975652175613721 
0.47697657604681654 0.3903813687102318 
0.9324339049452344 0.4114123131817016 
0.41181064681736157 0.9468420919848922 
0.02617616854313992 0.4846490696572786 
0.36783160368373435 0.31874753276611834 
0.7216379870217269 0.8092839428120455 
0.9406916742102653 0.20600596678897892 
0.5160209082432861 0.5926677074982276 
0.6279334503584477 0.05907454909129589 
0.2866445334606513 0.6463764479664692 
0.7312957288701375 0.4585849016704959 
0.22322813178049827 0.13588956320648532 
0.6779696564560306 0.9349383406753703 
0.933925328035345 0.9539921965732822 
0.05510270520328492 0.3036225904925559 
0.9895678802005452 0.041967560340923526 
0.4989984786443292 0.03714746531755814 
0.9644063166387069 0.512839075955744 
0.14793233711877857 0.7682541992679071 
0.6020012783390103 0.6621052312000344 
0.3863794681948025 0.5400137607632571 
0.040048829082583726 0.2099948073014662 
0.6258180315453457 0.3197126611248684 
0.43107855105838633 0.23860509142145975 
0.23583536508971914 0.3642905380887276 
0.5092541516542849 0.9649652858638121 
0.7613525201045179 0.711003293173477 
0.053585445487731975 0.7561692779965534 
0.525630739557239 0.22708383888260641 
0.21152028814196844 0.6181738657520196 
0.8628051875055215 0.1848330613438779 
0.8455183290152972 0.5423107100964133 
0.9308514357131912 0.8690084200159787 
0.38189895239294086 0.061210381189589214 
0.2981637980624588 0.966846227726042 
0.2567278309109015 0.7812760268881918 
0.6986566457012752 0.220496591693627 
0.4410598991540296 0.8281159190609022 
0.5453059111072395 0.5165644946679613 
0.239943720630373 0.02175663384134341 
0.8481801337352723 0.03553958616591041 
0.9188327182422311 0.6198219780625063 
0.7412982069319148 0.3435213915360773 
0.7733355930288233 0.9751886129273768 
0.3418835000870235 0.17962157466380668 
0.7943320267481784 0.25304096343778676 
0.13522418416940635 0.08563923192514472 
0.8651100486139575 0.8152840027476376 
0.6095247890941244 0.7646336093274979 
0.1312237972692863 0.9554769204248095 
0.03537016957285094 0.6143304138153161 
0.2618375634089085 0.25700739325601096 
0.10966538302344475 0.41778646968938893 
0.3863698117577595 0.3980752622082759 
0.9714500981557308 0.3536881599623679 
0.5389770366465085 0.14310524079073172 
0.6291160905818756 0.5006162672056232 
0.7958177627754979 0.4049277094171875 
0.517725644606346 0.7022351061213161 
0.2505037826310235 0.43018721116889397 
0.0985942521127054 0.8735299820252804 
0.7043493144205782 0.02866156279642279 
0.12154789670800986 0.19750330013135398 
0.9105084379663932 0.10458225869354487 
0.028747580676511675 0.11007440667649243 
0.3557999645425035 0.8910659451561616 
0.5601181112214083 0.31144344742999297 
0.6928267664324073 0.6559322596739052 
0.16512869698291394 0.37354112654676824 
0.12775938761391142 0.5892527203301735 
0.40692852847231686 0.6435812062102831 
0.2231730442075554 0.7119555946516228 
0.920907931995196 0.257369067462242 
0.5535746495280992 0.9013875242038842 
0.8603054906610019 0.7520189336916167 
0.6741035610894304 0.09189723767413754 
0.7749112373031748 0.5347109585544046 
0.3374848798394916 0.7224413589098122 
0.011818643154951791 0.9720891869749071 
0.8673920307999747 0.9662313039267643 
0.39001443148790516 0.47389633897129363 
0.005987931070259578 0.8508935731592062 
0.7054962462745049 0.4037606803518279 
0.8371070349669198 0.4746758286614904 
0.24607118302964343 0.5223241059211977 
0.5909459917838955 0.10590683551204494 
0.7538519446089671 0.6271242880493613 
0.5291632353338259 0.7899058935223084 
0.7511311514401509 0.10528129172079648 
0.47617087183120294 0.5455539356990602 
0.2768774172705438 0.8577994482394783 
0.7789863291418059 0.1902029078319737 
0.026286457743675162 0.4262942674638164 
0.6110292931544027 0.9563025501713764 
0.49329869822994593 0.4988556032225176 
0.11832074725830588 0.04209218455687602 
0.32283365219022697 0.32262285466402557 
0.7613114753065374 0.8931867141906578 
0.09934611293806828 0.5349372585311898 
0.45589888933306066 0.32232343184708434 
0.16138966237588964 0.8057799191651325 
0.45782372360954066 0.8621514119103446 
0.32260230567793574 0.2549370071784741 
0.9377374367621726 0.8337541327427889 
0.20149968143864666 0.2105574657407328 
0.3235534652227965 0.037531052897213646 
0.35202749673515704 0.9670146168158845 
0.22420436771978736 0.9675877810052065 
0.8764153978516331 0.36921479011691083 
0.46449893256111435 0.7593655586192727 
0.5534067669960614 0.04016529583426426 
0.9428236097364859 0.05361213302331419 
0.6589785484375753 0.4239734330110174 
0.6787783298928884 0.2621059419125219 
0.6564979851820977 0.8568588860881129 
0.4747471008507168 0.6315684837209559 
0.7200904415116927 0.9663590174796741 
0.37674206102592345 0.586071145292557 
0.9416287320673906 0.13537648721611345 
0.020876081325853113 0.6570771178292552 
0.6216720921885888 0.6086457419169888 
0.31519615011366264 0.586090713361263 
0.7069549156854908 0.7637616795800202 
0.4329470621187279 0.09049757602879482 
0.9886148690385941 0.6268866456713877 
0.6109707980749207 0.203127537543153 
0.7719388760049362 0.013053403837164357 
0.39993673763466275 0.7802842391358072 
0.09375605228646494 0.8206382397499425 
0.31605035536678305 0.43776369224313694 
0.2775795945159043 0.1958147225307434 
0.3558934857212638 0.6538761221216185 
0.8667583516046615 0.2421086388926571 
0.20218929114206174 0.2830582111536694 
0.18292330026317938 0.439781182748325 
0.7198041216803005 0.1423189779726185 
0.9025530626063457 0.6607187469398791 
0.9672119711569036 0.8994608197460814 
0.9507234739491839 0.5595142979362943 
0.04814791871534596 0.5431461049656 
0.12083830707830323 0.32044086460307997 
0.760221503616199 0.823734922138634 
0.20546390639401435 0.03306426627344666 
0.8024314844518865 0.7781860404857142 
0.8928502166935073 0.4998428052690215 
0.08306234905672322 0.144353746927251 
0.9768146980611438 0.247264233515335 
0.7017778131773629 0.3320667543251935 
0.8587829963594976 0.7003148459446542 
0.45918044740635755 0.43244133942314245 
0.730241471561339 0.5683846364497357 
0.7110224596167246 0.5196764823598425 
0.5726460874847249 0.25508580823558163 
0.7029838685305456 0.8901424478896065 
0.7849288616055872 0.3136549616915603 
0.17660592885309645 0.6603664190101727 
0.07738840361731925 0.9416539169065294 
0.5274994603566215 0.6381652962741153 
0.37150800271817674 0.8393927245809779 
0.47301533401030166 0.9076410570702457 
0.20269395594623835 0.8004244225384289 
0.5792135741784921 0.5703835698595132 
0.679528785986864 0.7149853028317 
0.47103475191680694 0.28280424359537415 
0.9637100897715739 0.797981324169866 
0.5080828961369541 0.18802630245485258 
0.41167089011355695 0.011345294749609935 
0.10684919714754709 0.2573257463614975 
0.21901490119528744 0.08376288374345259 
0.9893885228842889 0.9914943659068647 
0.8761645961716698 0.3007374376820646 
0.017291131930401993 0.35663817507218937 
0.6091455477330215 0.926066985889061 
0.3918622068726071 0.2624674378350587 
0.5846388282936529 0.37296270327547154 
0.8882402167826076 0.5486720908731921 
0.02655103276238341 0.8093139455479641 
0.6092845006566856 0.02150428859211917 
0.5604658365424274 0.9681930808313901 
0.4020388583037917 0.11844151037478218 
0.1237432020206426 0.4837885943340008 
0.123756020896516 0.7170751961168694 
0.29585692795242435 0.9285239443659917 
0.009569636049790886 0.033751186848568426 
0.3075956759591288 0.3655113943354638 
0.911090011123006 0.9905781307680018 
0.07185066783612248 0.3518597926934809 
0.15918059225961462 0.14111965968642598 
0.9898844895012522 0.4096482732969327 
0.5122768623667029 0.11286750926685596 
0.9777224736826873 0.10841685748674285 
0.824755198248031 0.06564687315129525 
0.6511011071275642 0.1628151445581671 
0.9346652634818895 0.009984629052215033 
0.4247667659624011 0.4928422170623096 
0.8338340312334931 0.1343125677421223 
0.5071148547063555 0.8376256069309499 
0.033941362764859484 0.17150127271875765 
0.013922014161454888 0.720807237050315 
0.1819766428033004 0.8576412161570524 
0.8236651041080989 0.8398151524537509 
0.532573540366678 0.3711228428697796 
0.44082886508435504 0.5759313815828841 
0.7716736173667778 0.6673873860981681 
0.21883604769576598 0.5335730658752665 
0.6493724540029103 0.785302106783279 
0.6554213510523366 0.36406719939724963 
0.2526613152742633 0.3223800491797213 
0.6192138396087326 0.4612276406457199 
0.8236682814346074 0.43460631937815375 
0.3184457838587838 0.16412481047062316 
0.4711713968567283 0.6809215202317089 
0.28707463423348045 0.7158854901439136 
0.42222536599110405 0.38447600225233336 
0.1887371977405493 0.9870664178669067 
0.471013953020653 0.971045647935503 
0.9141870142945611 0.7404305937022656 
0.9802159507103037 0.6653293956375198 
0.7873149704108466 0.9443413563463048 
0.6214195361543062 0.24511706108401504 
0.7869570890935378 0.6039502250936372 
0.6660515536102511 0.48116856693080684 
0.9444521214558369 0.4436653653773067 
0.7289833694210455 0.2726047179192307 
0.27198658003736675 0.06919564277376078 
0.014550754353511164 0.27141505551644485 
0.2601252965606682 0.4784651439197176 
0.5217221063589986 0.42544223024357725 
0.8085265665358394 0.6651442124380074 
0.8716296037725508 0.9013841627895851 
0.8698015667394472 0.06991096762617788 
0.5575883650935965 0.7294577790020477 
0.0808668149542821 0.6106659652287529 
0.0640526351370575 0.4770994262774457 
0.6363664231433169 0.702646066261909 
0.27916472014580274 0.5670844848103211 
0.7743258087716065 0.3633460288728737 
0.19649162929173175 0.7181504785993995 
0.39564020849981885 0.19803608759040459 
0.1054219011963049 0.9737323282318318 
0.8324948647570929 0.26204228080179087 
0.5979039682296801 0.16103446309279928 
0.47553211928646566 0.23261871708513887 
0.33926039262267504 0.1221225102143384 
0.8225075168608265 0.20171493714882482 
0.937419153500551 0.2722811281987622 
0.6620346610564224 0.5455961320733539 
0.19459855129233133 0.5805150560204598 
0.8558278845927992 0.40960561478247015 
0.9342726139032362 0.336947332578663 
0.16497700282112698 0.9163192223830211 
0.2320448733564784 0.6855784974536338 
0.8877401726092 0.7836054933504444 
0.606335036322239 0.8845475090575858 
0.25944425041545904 0.11453502126990034 
0.3536280382891551 0.4109683054091301 
0.07430739600466069 0.08980642681294726 
0.08400005968258212 0.20186109464493085 
0.5336568808262528 0.005115653084267036 
0.2177174823308774 0.4626185369242391 
0.5299126882668981 0.8850897796201166 
0.8211800187796721 0.9921030161504285 
0.05165280179399373 0.9282669458924253 
0.5685804601770987 0.6260380320696064 
0.41062883905335806 0.3290395073918052 
0.7585043164140726 0.45227415637506274 
0.7562194190770322 0.057860167890450176 
0.664355025591602 0.3149065413044424 
0.4002720371108162 0.9939901931982035 
0.5953911521103308 0.5146729640429686 
0.6490762650623505 0.9483202074887472 
0.051316741425653956 0.8484250412749588 
0.30141903319804514 0.7799215366963119 
0.7030106271605941 0.6031220827355186 
0.9836925673673572 0.17801073584119453 
0.2534074273637045 0.6018851183346651 
0.7429354476033958 0.9372501242771734 
0.10422816669345236 0.7363421604479832 
0.9750949973545568 0.863594061061018 
0.37674596651881614 0.7491325591977009 
0.23509349037939414 0.9216574500670073 
0.1778749353635351 0.32735357537525833 
0.31355839927474505 0.6791405107663662 
0.8185405899691496 0.7279382979104649 
0.40125018854532546 0.8623884222608796 
0.22680232880619317 0.8347653751783245 
0.4518696674506034 0.059065025935968574 
0.665822325855951 0.9718226615602283 
0.8788200163857267 0.6062733123838867 
0.18971693140149892 0.09616906752983262 
0.5488649815089057 0.679976380820855 
0.9559602860617924 0.6733316933768566 
0.6015855009187299 0.8135764576239243 
0.7948108303049459 0.5096617286911328 
0.47838539201500546 0.7187730656476244 
0.7600058481691683 0.7692038377654496 
0.5367403370473406 0.2710361966197794 
0.8963275059696776 0.16300781227937078 
0.48828136218746326 0.359697047582143 
0.8504903849011387 0.6613898376722975 
0.9932061745430776 0.5649193487544286 
0.6178071623130601 0.38361433818913687 
0.2944761305731423 0.5322978800067752 
0.6845574599196794 0.16549365579853026 
0.3255437836640834 0.8689422718381932 
0.5482723778219921 0.0666576701508394 
0.7338250856694721 0.053245500758490716 
0.225236878692246 0.8701690123058737 
0.04386947535851993 0.2454307619233433 
0.7563345407769193 0.2447456700258423 
0.42080897961660013 0.4342550177456985 
0.8788243615106969 0.931205859214843 
0.3661524732415412 0.9186556028456734 
0.7205306133659494 0.7031716742275285 
0.8107891769626699 0.16292696226547737 
0.13864058866665463 0.4025648108587794 
0.2847632252604698 0.28846142194039004 
0.10700598340280287 0.9173350005464621 
0.6090361856007621 0.29192275662684875 
0.5713976047839678 0.4794815031249902 
0.7061608918735958 0.8452599848179378 
0.9006083414826465 0.36624094045562744 
0.12141520881721496 0.6471207219710488 
0.05410632417663325 0.6882407131708959 
0.14693482846454736 0.8446465424512832 
0.35246843320737364 0.5344862503303437 
0.7407672140413983 0.377898156937514 
0.48820285340203345 0.13886372770098643 
0.060076219377303675 0.4051310717476015 
0.5082052086518156 0.3245743096887249 
0.8273290253158982 0.3683959003685319 
0.3776052081204275 0.7238250879019277 
0.15404387020502297 0.05283444773491347 
0.29073265212802724 0.3365676480635761 
0.6151219828840145 0.40928110950948077 
0.6696627602534738 0.6192558486911985 
0.9641194927453514 0.480581407069995 
0.6386518279067236 0.01846268083486713 
0.13347698142360515 0.5436020426008676 
0.2700982468098784 0.9897818874661481 
0.2914039483073615 0.143062637822996 
0.9336974087287226 0.515250382357145 
0.8759129035779063 0.8511275554256257 
0.5503794918504666 0.5802297547002008 
0.06358731666023393 0.9881393222471408 
0.34043572563565194 0.7836826578224148 
0.8951280042381801 0.02096358890891009 
0.22372003706260762 0.40084898415372083 
0.3480284133137157 0.25609607782912014 
0.7682693565680437 0.14440741153432785 
0.4212824931400049 0.7483574604369088 
0.5280092466479315 0.2010348998753021 
0.06579863541256092 0.05125382109726767 
0.0716873245857888 0.787435130583385 
0.14976007623440812 0.012259429405850453 
0.6635952378043359 0.8260023025959529 
0.6517621351734093 0.9019152957548038 
0.7533129504059137 0.49615501381584765 
0.11210107901400168 0.4655279253175425 
0.3524242511425384 0.4869610099802762 
0.5753790360897859 0.7111198742444117 
0.4555646112256483 0.18541241209176623 
0.1360034769208996 0.8692433921542733 
0.20249261613996816 0.3337662319282998 
0.3529500214743928 0.07979301177202314 
0.27985742176657835 0.025376911637893074 
0.9003275783304336 0.4511342010047953 
0.28349179398724267 0.39176619091526227 
0.27408110515804096 0.8123823224744802 
0.011044385485427133 0.081672882647785 
0.5138716314988574 0.923377613399059 
0.6460723285780184 0.6600457909511586 
0.7385407901527457 0.6646571491850067 
0.9163459390766651 0.9143589326463473 
0.5641144721439258 0.1630535887116294 
0.31647275007869874 0.23110367523590214 
0.87363927265693 0.2219610717692585 
0.40521247015288775 0.5890601342461962 
0.25759964203279306 0.7184552945062301 
0.5119251697022777 0.5261619945170565 
0.9563747735216951 0.7552464790535475 
0.11498656520080841 0.28049651581816626 
0.8687990737438662 0.5087736544600506 
0.376342373337064 0.010887941908778564 
0.07161925868623759 0.6529370254918576 
0.4923607124399799 0.08133255903387926 
0.6926772228130667 0.07407041809186282 
0.3417268316731956 0.6208988423139612 
0.499167808129623 0.8606506458706644 
0.977158188367879 0.2985538009664581 
0.11626003209984226 0.37977881636170324 
0.16637364115732822 0.1905763397385436 
0.44445748909371224 0.7838177875308555 
0.215121635762607 0.22216420668714204 
0.4328652321486408 0.027496452106828273 
0.34472007579527186 0.3606988953086129 
0.01653234851450408 0.9311703871883693 
0.11005208794303206 0.15489884896040873 
0.44883800371375815 0.47244713061381766 
0.8458212015621756 0.09946143695200171 
0.42170722637041147 0.8240015140278953 
0.35235421962988955 0.45391546311929687 
0.22895998783111027 0.17713816053002363 
0.846382550322524 0.9471606274268147 
0.5004825690425718 0.8082283728393379 
0.35059886892439607 0.6710293306502897 
0.5497344150678395 0.8457108833877999 
0.15980391324352616 0.6197111474785529 
0.0801248992535567 0.4601642945596371 
0.7472338381130742 0.3174729465583438 
0.6719463071506595 0.1457460250294083 
0.3951986841805318 0.6061461615374993 
0.9160303444999304 0.7196425330686814 
0.4374978401454856 0.6165781260952291 
0.9753405860209703 0.9429971766954011 
0.0030655674291789614 0.5303726840474243 
0.515056772766409 0.5562393902305822 
0.43528041334559875 0.9018568810465858 
0.9638509663707255 0.5924165111669296 
0.15337805356542206 0.5606732989520078 
0.18008915239652784 0.9622165857531315 
0.2583158061923647 0.9209406372206045 
0.70202739714406 0.49385901993226583 
0.07066612323121363 0.7252193860180919 
0.15376723125221692 0.2372112977277887 
0.4623871424388421 0.5208537325997344 
0.9102029008201507 0.3122202996594349 
0.7931620252247573 0.8713561084262907 
0.7286564449331832 0.18213235731528526 
0.8140840334123058 0.6924465386621013 
0.2753906854749085 0.6542935834895771 
0.8645529578043556 0.15017812758810473 
0.16378742052521245 0.7032149494321993 
0.9392084765812265 0.2300688725900102 
0.4149918523990889 0.273172452130629 
0.9213366957012008 0.08935328402524295 
0.3410218847408009 0.5615504847500884 
0.8241960927330778 0.5074176433546496 
0.18393040512055137 0.763890573794496 
0.5861426405534277 0.9950751988345681 
0.6568309026289868 0.1377297457799394 
0.36182911536269213 0.14057115304640982 
0.19024781446702888 0.5215304879056881 
0.8251032308259925 0.5846717874306736 
0.010204041538194819 0.3046405431302063 
0.7046785170325714 0.37987471466178363 
0.7993842865606569 0.919533919981167 
0.07438510027525891 0.5825147527498609 
0.5563752008818883 0.7955243233375795 
0.16658769736853962 0.4869439091312086 
0.21983810185289798 0.5929671745218792 
0.8240243590296297 0.31790876487803654 
0.105903227309107 0.7770907392223652 
0.44149966429047044 0.53656589217932 
0.3599188465093214 0.2325115794798957 
0.6809753308185191 0.7750261418679683 
0.7063755722546711 0.4550444149815781 
0.009035860601220691 0.7588801743725583 
0.8374989406708244 0.7826001258487951 
0.3763957925100674 0.6743357606516289 
0.6211869302591173 0.7949787059316127 
0.39028470436916246 0.44679818807823124 
0.5169197795227221 0.4680479426259586 
0.44213117693885823 0.3696069747868329 
0.017645625914896823 0.13413295202914954 
0.5298988133101384 0.9918949981511536 
0.9890825027076748 0.5209020548542894 
0.011251776436624228 0.2423071417980685 
0.9536370192540597 0.3760254635734963 
0.25236055918862965 0.08835437771063848 
0.22640123407961055 0.7667141594067495 
0.011736750364857829 0.46940911927537277 
0.7162517797117486 0.0843997967190167 
0.3389177198391661 0.29971231329645487 
0.42320738980202416 0.21432243220738606 
0.9905591087178413 0.3437659374951487 
0.4647589105381664 0.9327550757998206 
0.49715382165919136 0.6628521541226206 
0.012943308437554923 0.5768329628818194 
0.03688585441162162 0.3755622793117351 
0.9006397339725759 0.8276364141051548 
0.9778687744867707 0.7473904766937387 
0.5602906943575636 0.8729792703784671 
0.6184851901271312 0.7233420720538074 
0.912439561300028 0.41872876371037815 
0.1966613467328997 0.6687459318648943 
0.024789470078765474 0.01205807307879353 
0.4618024035403676 0.11466497212146454 
0.9689893335170476 0.08172677076579576 
0.7660107617540071 0.5584867809026018 
0.19860536899464798 0.39797394241164463 
0.4825670739184977 0.2652764998520496 
0.5582671620530226 0.2424519556867784 
0.5581756179835735 0.3928111967693098 
0.8145622748489165 0.4661180632485202 
0.9813513903396799 0.7990469784867886 
0.5578798162800047 0.9420191445979298 
0.17498647530958378 0.16796974147686583 
0.24587445729918073 0.6504876583000949 
0.6917122461921575 0.2786724320937783 
0.6526280835239475 0.7437925445007044 
0.9391452121210577 0.46354353394387 
0.30030186312737417 0.4508462978763372 
0.42745294250728283 0.16191249560856402 
0.5191314064089076 0.7589230602309249 
0.22561484813041782 0.2925288011918933 
0.6225817482150848 0.9848996821826668 
0.24051934438029166 0.05031453434696681 
0.1557638846645032 0.3156261424056621 
0.7715031093239118 0.4168526835913904 
0.6445890616637063 0.5953593979082631 
0.6537237546601724 0.24146774022113898 
0.6318508214668462 0.6305282221656013 
0.816206528463612 0.03431819057819396 
0.1465055808280007 0.9877053489227241 
0.5866857313635614 0.04381764734953464 
0.9116595418115516 0.7718341242918036 
0.49004534810954853 0.8909242667209885 
0.5806085036093871 0.2156842244126811 
0.9912041729445751 0.45845595943058043 
0.5354713443144496 0.11544252494781415 
0.6906595654047134 0.5658923182262838 
0.7125751258084758 0.6389776539363885 
0.07281856032897505 0.8841905186860053 
0.4901385200328363 0.45894101899676326 
0.20926463763524067 0.4850639608989162 
0.8746144978229831 0.26508935352682933 
0.09425025207167942 0.0538784836022822 
0.698108383550545 0.9867893915305701 
0.37413931897090413 0.36110396346402734 
0.7827717808718518 0.06332002405339171 
0.6721640609607392 0.9076559371036171 
0.5865106943130028 0.1877097521693477 
0.6424520530190823 0.5461951177652191 
0.36327737644468605 0.9861082291926015 
0.9686086981668309 0.6215999805117223 
0.31071504811703243 0.8844419199809856 
0.46853966857537055 0.5943929794835144 
0.9392649273667054 0.16954216690052254 
0.44145393974579605 0.2622835345306638 
0.10447019354940129 0.1359296954662788 
0.5441483550674673 0.4835993931272483 
0.07370014501951738 0.383875748056679 
0.5094219935971676 0.6203855186906584 
0.2535064539953523 0.9663141878496095 
0.6162363753515963 0.3594195351548495 
0.20476048130193858 0.25664088795729234 
0.5727365293179674 0.5296436168392007 
0.378188552464587 0.9704124455320372 
0.7386611443029572 0.2351696944390112 
0.04155939193371877 0.8302816220824747 
0.5759034797963116 0.31831666362843836 
0.34286579902713843 0.04852541919973008 
0.9288191793509999 0.6661329067205299 
0.43616221154948154 0.7232962320301983 
0.5640370136030476 0.1160520662065001 
0.6389923186479038 0.45194300778546925 
0.3060842040213323 0.8082316633292335 
0.9938224290802404 0.20851311376077697 
0.1570834190195976 0.4333602729817724 
0.7230275495799876 0.32033922507772333 
0.9822284422902505 0.005506078668058967 
0.4893399407583957 0.2891031458442441 
0.2696552942728934 0.6204612541472276 
0.7909723972066529 0.6898898634704383 
0.2981181637846938 0.00993667559151773 
0.37029724370555744 0.09860421324377538 
0.663665857947279 0.18903035895460807 
0.4262399042373678 0.04426282338336668 
0.3638033726334412 0.8663427723417308 
0.302825315765846 0.41729387098830195 
0.09324510429727301 0.31626047164985316 
0.3997847446487841 0.4992145887321192 
0.06721648126559254 0.5246154606499369 
0.2824862799781059 0.7690639854992689 
0.6939644948911641 0.682010387170155 
0.43195898635157715 0.9968631540844726 
0.2745294975338583 0.22097743936707903 
0.3867421516280751 0.1399132559603114 
0.7963767083499624 0.8252274955165798 
0.8569243947821914 0.013555386970185546 
0.5728596984815203 0.7692038516210312 
0.43523220627935433 0.8543550028324407 
0.7900007351625941 0.6332625884397813 
0.5814514198748877 0.6564263385090897 
0.6028967975102545 0.5826860994938545 
0.8060401874477883 0.5551098236328689 
0.36432943493510017 0.2967860984607714 
0.5881692138919974 0.015972472583262953 
0.09411370156552445 0.11839338922402881 
0.8697310662777838 0.11658766506806084 
0.9832810115772488 0.6909008393856205 
0.7878067408849216 0.270528764700082 
0.5587495580944261 0.4428846805114693 
0.05481753276116752 0.2856633415916797 
0.16418173659055552 0.8921729499768931 
0.1727062574002422 0.01163844529897834 
0.8055614016815421 0.31096449342999183 
0.08945243582485829 0.219205755241901 
0.10896799197852858 0.6109424796127534 
0.7307902132771432 0.918994681341248 
0.3785793946918681 0.6416157087799722 
0.33218075791607815 0.9813642941713845 
0.17534429225900122 0.2714888207567794 
0.5703708777474233 0.6029703006848587 
0.2759116502229718 0.5102915515565766 
0.9474238039043104 0.9873534074660699 
0.6722503314929593 0.033150909498084746 
0.40938675262929314 0.6706180665268276 
0.44071841583062454 0.42033039100421127 
0.06235876771266152 0.14183117568242554 
0.1713143040049318 0.3969694437812101 
0.9113253284686531 0.9653188816597125 
0.9596207591995893 0.11971659975292348 
0.48579667819982275 0.024627621188588966 
0.24626576629779023 0.16241726203252704 
0.42911787978051796 0.4643726968360215 
0.9198921785434265 0.6969450116357176 
0.624608033287335 0.1770802707447292 
0.5773488624249423 0.27993548464118334 
0.4656660367890681 0.3366792785492611 
0.30266231281841754 0.07357158610155917 
0.6162293360298435 0.5518448094038897 
0.8920767329370705 0.7311458694634311 
0.1866424663748511 0.3785945191697934 
0.48753147674711206 0.19645682971895145 
0.02659659094601069 0.44665240291257535 
0.11037314460296915 0.8200162481441308 
0.8154833753770948 0.860120143491144 
0.783537144817899 0.7566257293151474 
0.2330190848918719 0.7902703817935637 
0.5257329187264068 0.06757074019666004 
0.3194160885729777 0.9416810457743343 
0.7755450142057185 0.21565075761345565 
0.3072647492261343 0.7565169745991089 
0.8513965410835427 0.5831135773641569 
0.8883748145730431 0.8735112368239635 
0.409820813965356 0.3472667119170878 
0.14995654597223995 0.6556076711957869 
0.7327833920169609 0.7694641558174022 
0.24165805804691354 0.20810232762906922 
0.4684804867025135 0.16254611315668616 
0.8871091090337468 0.986897196732593 
0.1958374940555424 0.06506731495447937 
0.4349878628608493 0.6756092422874729 
0.23512670996803164 0.1165769813665486 
0.6620356034829801 0.34168159778192453 
0.9934417101956832 0.8431293473585253 
0.012682433351021927 0.21356096861573687 
0.30998849353092073 0.63961671055908 
0.030976083203893723 0.9498449786521046 
0.011996697606517281 0.6210855218154978 
0.49297631225516886 0.7688874977993174 
0.20220584367209332 0.84382488164553 
0.8301490518775528 0.013484039594227504 
0.4467104914193083 0.21216951704511672 
0.2817933444216769 0.6903410988029779 
0.6617933944212846 0.06582285084595568 
0.1483310283324939 0.17728029760542402 
0.2911994466036517 0.8380310891282601 
0.6891166607877588 0.839779101681294 
0.26130029006454436 0.369181261169494 
0.41241089053599994 0.9685036351208376 
0.903395746090766 0.21169537495954804 
0.36406172017665805 0.8049048336815626 
0.30992602561308313 0.20565005324779806 
0.9030551786638636 0.3371156962384884 
0.49131615486391494 0.9934945067096701 
0.8181197517484883 0.6043287907518862 
0.11867987859236778 0.3605441977700766 
0.010437327339399671 0.4072120398831732 
0.6308209792492878 0.1007137696232333 
0.3197069680756973 0.9294140896913106 
0.03235498386554908 0.0631008968336933 
0.4257525208925492 0.3125738105316933 
0.14801544687528917 0.7311088347784032 
0.4133753095893128 0.8919791980818021 
0.8918180335308126 0.5861170516208982 
0.24765949304532467 0.5655815610560331 
0.4813762727861717 0.5733037948546683 
0.324555116074009 0.531653724809784 
0.35325405348027045 0.8409806907395838 
0.7458539434358157 0.012414383120597283 
0.9458778241956569 0.7932557253624815 
0.6876919142928403 0.5145893909365895 
0.9787439614932348 0.1532101816444968 
0.07279237261937 0.2744621977804304 
0.33131663884680296 0.41429234906102735 
0.8502998474382958 0.9921588666591129 
0.7762050562560487 0.47003909775124064 
0.622306447614138 0.6809292519471809 
0.3882374124425798 0.028465622090051046 
0.6654765476259088 0.4562671820435534 
0.5872903626999614 0.8918905423030052 
0.9733371164419503 0.5837123081088333 
0.4336762327567235 0.34032218995190855 
0.5995587816424387 0.06305782969220991 
0.1440062442838203 0.5007725496728248 
0.11388128249207469 0.5566427093939359 
0.8484444050128114 0.22012660930536193 
0.9580348802547958 0.030430700926779963 
0.9339889180187465 0.5981962637615748 
0.8687039541748536 0.6351009370543319 
0.21164705400968375 0.7403948856281037 
0.628467456588274 0.13005066278662852 
0.03041233672168514 0.7711311126264357 
0.23804253911815315 0.7382728783306389 
0.5964476950146838 0.8495343249809416 
0.20416631368048538 0.30856819240407757 
0.6393317168654915 0.2933313073657742 
0.7462375465916887 0.4246626541765148 
0.5510114898876926 0.34516994459634354 
0.7294548868619644 0.8465798706796691 
0.3567153287458046 0.38241493312819475 
0.8568777900492159 0.8653458948494448 
0.6696954090970364 0.6450258372041937 
0.3187825853076131 0.6103646319305758 
0.3662186001657699 0.5139917486622939 
0.3507101915867794 0.20028919172579163 
0.7966810701248348 0.963486630123946 
0.25783839503235817 0.27869149989581504 
0.8108356730396377 0.2764694865967591 
0.3244793397631418 0.2842001834586695 
0.1956355945206224 0.12294927463947036 
0.8950774759645472 0.05841502245728353 
0.42440405725044633 0.07579733082772339 
0.08755135943086478 0.7574403905866927 
0.8822575343628989 0.702574207139335 
0.07011303949060166 0.43818924437837886 
0.33786415653968854 0.6918782242007088 
0.5813631904283648 0.9360892910212684 
0.817775831731764 0.18068186208979742 
0.2035263419831061 0.5079644395805718 
0.6647557008231 0.7002617817747626 
0.028774917384382592 0.8694793808945115 
0.954985234252655 0.2823043434524648 
0.17627272644166048 0.23892187828573336 
0.7201093527511131 0.5462353159765746 
0.2118271162892031 0.9239938545473978 
0.2513963210130101 0.8387122922788559 
0.5880157091400586 0.09023149652113793 
0.8387575020701497 0.3493029192654039 
0.10603723193943576 0.5102220858386842 
0.09515387012552601 0.7024413882792084 
0.4023101991046123 0.23175242865673118 
0.9569985860851858 0.4113672574666254 
0.0644981786611068 0.2089791102842768 
0.8889667263513681 0.9523461750068883 
0.35330028350418297 0.7604556740281666 
0.7672259094638706 0.11745636412853705 
0.09693201111097333 0.6575107781264433 
0.8812686485369494 0.4439701580730129 
0.628722397044947 0.8162486430853039 
0.2708002305158711 0.8892927681644212 
0.538108177179554 0.5593192933843846 
0.3420075918610295 0.9295146502630528 
0.062496262376159684 0.5011917317537271 
0.6168634869243022 0.4819684315333392 
0.013198839450083932 0.5016122795992333 
0.7827540506135218 0.8107413335934814 
0.5551874084201215 0.9957211229787574 
0.0867301592459292 0.010386115446000654 
0.845047019892075 0.9157607419641882 
0.8155886883144778 0.7674454031101123 
0.1872662130717737 0.548459320594288 
0.08729056519824446 0.8610451199968691 
0.27691283024944635 0.9425909791908278 
0.5387292834724705 0.0862381072829877 
0.4942436306605814 0.2141721157640042 
0.6431640006292406 0.26656498699477665 
0.021436043659552984 0.674957051848878 
0.5080096121429266 0.3757949438008142 
0.8496833544438287 0.06472030795273886 
0.01696935998395588 0.1578347311926811 
0.9913623607872974 0.934403024743075 
0.24282818680227952 0.496137511894115 
0.3471946324034119 0.582916671351275 
0.5247684855457903 0.15935557558471847 
0.6325251891774952 0.8854255847634813 
0.76193459547666 0.3870602282648725 
0.45033722393440423 0.015407737546860423 
0.13873965251332226 0.3041777508186706 
0.9221213263426821 0.2897537152700097 
0.4734147180831412 0.06242933299999087 
0.8308944403242756 0.4122088456119708 
0.13176551161010364 0.06081052272215948 
0.46256005878830253 0.8304713337777914 
0.6941451633815325 0.9240086079576141 
0.7820393678403618 0.44055620849418964 
0.8048839179558402 0.19761718760148533 
0.06597205736677042 0.16551566458804523 
0.4420398493355548 0.881423552569582 
0.9608212263944421 0.5336921954181191 
0.7299429389561296 0.7201857013891476 
0.1352482612184528 0.13814309798603613 
0.4761598663143821 0.8046006486615274 
0.9698391765298457 0.22914346299043697 
0.7494510137814545 0.9920442788567443 
0.3685890112000221 0.9546918853574551 
0.5323038654560243 0.6168152346157222 
0.8034536948673057 0.1342247345069968 
0.9596101534413726 0.2616250196812133 
0.7134749525329218 0.20860287041025016 
0.4262366661808031 0.7677573257193016 
0.5450591142728816 0.30652709450340565 
0.37396472669997877 0.16991959112056265 
0.5357424792789486 0.5381660783421457 
0.3877899226743622 0.30505096413953126 
0.17679883217561376 0.07477150084668377 
0.03708474962324643 0.7048697581811396 
0.8272279799731272 0.7104146763007111 
0.7347064855122428 0.5028596803624372 
0.7713985141638935 0.2661734279954042 
0.11752104096626736 0.09009632113688532 
0.333496011163388 0.022063354629413 
0.1672184347275733 0.7772747630376418 
0.5701365340066378 0.018929863972519112 
0.8829692512499762 0.41488947920651686 
0.21585565135687135 0.9890195119208705 
0.23563759727229056 0.2739661487048411 
0.2205375973494555 0.569129980736342 
0.8005864565693774 0.22197993694197643 
0.8469262922602862 0.7463500011872971 
0.8461517117619022 0.1675942363665971 
0.664557348141232 0.8857465156219098 
0.583124151775393 0.44645954822733874 
0.9459805292566423 0.6169779350249978 
0.08850848449600085 0.992663914977065 
0.13162786210855248 0.4574382116397044 
0.43110980476029975 0.13812591575479344 
0.5978767866749536 0.13408112481617213 
0.6063415655728992 0.6377694350067329 
0.5098089024499362 0.29548936969004136 
0.8384907866570079 0.5184107354055811 
0.19418480842209646 0.15047989865926636 
0.7528069977399671 0.15413343096942062 
0.6397677131461196 0.4337733878351745 
0.685579372702219 0.24388508442210582 
0.9081185381977812 0.2655550568017261 
0.09165810091343296 0.8982894098944569 
0.2833110880047297 0.46728985770105097 
0.28508269647056633 0.12012717169648257 
0.7659452181444293 0.5865911671414987 
0.9922309323331977 0.13179908654419192 
0.34239700988173144 0.13798305947496203 
0.7310632920916761 0.11748810217903877 
0.17714602071976498 0.6263618952728971 
0.9920256553056737 0.07956215381523962 
0.9364629623078261 0.9292497327240206 
0.1783000777591754 0.7484942640386227 
0.7678871669914822 0.9517463457999691 
0.3529637609692199 0.010204604478517898 
0.04155290770504688 0.4108758064502856 
0.32396836568575005 0.37518236758681733 
0.03241639000059826 0.7315899183475645 
0.7230974460411428 0.882547817967718 
0.8191959097382854 0.4915562004958364 
0.8704837483382564 0.7953887875720642 
0.9085269168924965 0.8858503238972834 
0.6816648878039432 0.7469144255120976 
0.3566876697659917 0.7335754082973136 
0.8467047497931584 0.2814538280628387 
0.16464870274254567 0.530992001841189 
0.6978591941601704 0.43708482890862743 
0.7875432098870762 0.845233897826653 
0.24768841558698895 0.9882207472597485 
0.08752861601501738 0.963443874664512 
0.14199973915321956 0.7859229839063322 
0.2867136743115753 0.2621954686957377 
0.43246647468825816 0.9573072311142294 
0.6381398013730476 0.3456539731752448 
0.21928452470894316 0.6719951818278418 
0.5278468252084177 0.666515935498443 
0.008756875000484443 0.7879523181588721 
0.0508065330820715 0.6483720234640447 
0.47741913493104016 0.8718210349944199 
0.3591287000200472 0.6958340306271104 
0.5338124277355031 0.9380903496387687 
0.706259893308979 0.956128196208923 
0.045955796714295505 0.3492103036756201 
0.8911657655790629 0.09566292097946882 
0.3828722394625678 0.8999781357892152 
0.46023641329261306 0.7318445384331405 
0.7910215473887742 0.3376893966927539 
0.13025481851382137 0.11405763418021808 
0.8844086096911525 0.5225264017553997 
0.7679329228338021 0.9262795335573051 
0.9540020997503849 0.6529495895062236 
0.19642537539771127 0.8176119782088769 
0.18846533045198904 0.915682528932479 
0.9364509872314035 0.09137581760753544 
0.8940352655197346 0.7535036162722175 
0.8749688214829363 0.6587915153420121 
0.641452110216695 0.8369946000795867 
0.7132440925348265 0.6230338779595241 
0.8622162593693343 0.3463584422559295 
0.33086347488235013 0.10515080908833363 
0.24979903565336334 0.40995832210210664 
0.8981832450581735 0.1253859309622355 
0.2428843870711655 0.14226480216734527 
0.7716641729383229 0.3399868217668892 
0.24269427918953085 0.24269122564411477 
0.6180085339661645 0.3411502296824545 
0.5643301547579354 0.1947739839821505 
0.9963852614616393 0.38875973310604517 
0.7726649951968307 0.6239283053663052 
0.9282776267140427 0.49395510416959415 
0.3584765298679168 0.4393914010616102 
0.3856872394710407 0.08279701447012816 
0.46418223891691546 0.6410390641279289 
0.38465886656260384 0.5714956777643432 
0.4978353470353499 0.6950381467156519 
0.5008747473798304 0.4316999105876344 
0.6608616254167636 0.6000965058242264 
0.3996810225331704 0.7153177095827272 
0.930391577574273 0.02978530742299651 
0.32572716196053947 0.8463664618683353 
0.12589893864271479 0.9273374798797909 
0.008046876107737355 0.44528627045403263 
0.6763898507953626 0.22179337298139434 
0.2500762104398443 0.8963692733732095 
0.21278252182815827 0.10303921461908389 
0.05916693578839294 0.32275334986411985 
0.7076470540234857 0.11544243390642728 
0.34991430510536115 0.3319400385085597 
0.92997003899895 0.8951356221293599 
0.6252845644141143 0.7696475379063862 
0.4167032133444371 0.5448923554419375 
0.4844382793030716 0.5201768400302273 
0.15609362055286968 0.9648446967856853 
0.13363710556421726 0.6809334156251272 
0.18377566081863855 0.19648948799690735 
0.03527580215309711 0.03924507237751507 
0.21200564464338467 0.4147447486311664 
0.9861770294508594 0.7241225446263564 
0.1656066260965368 0.8429505381492286 
0.864064935019354 0.5336174929221702 
0.9508293647970139 0.8830619096886695 
0.055795491249508944 0.962597416180567 
0.36952583357064905 0.6123769525196424 
0.24262483649407784 0.4476809614197892 
0.5696036120050875 0.6692938017573118 
0.7991953866802033 0.020394857109763298 
0.7392651143138101 0.6463285428864955 
0.6260876014865664 0.03875740026950819 
0.6222652940717928 0.07767382492932784 
0.5886509929779548 0.3025034526265757 
0.6087372333553526 0.6188891121583819 
0.7431075723080877 0.0732941019076051 
0.6957115624020825 0.297872432812187 
0.49343211919648666 0.9702979459809078 
0.08440390318551827 0.3349312959537515 
0.5076400128177811 0.007310135209722013 
0.6354611812264656 0.8638983745459268 
0.7248571289108484 0.40824059764743037 
0.7689541793540424 0.09918016552970649 
0.15924856195386639 0.33986109449609686 
0.9165686927578336 0.46249575244214625 
0.5328392438106084 0.9725603772370386 
0.49897146480112686 0.34170666079850687 
0.47107094338122346 0.994365413246175 
0.30379510290198786 0.4752783994622242 
0.3176231346782827 0.6988623406912967 
0.20493052009821372 0.17382078888064367 
0.6998618686450355 0.789524610345698 
0.2600807119841242 0.7596219491573688 
0.7452037091140187 0.7339562188230326 
0.0405287398956114 0.5775330623628003 
0.5846005220100376 0.399789568146192 
0.9571970357363855 0.9336236274213112 
0.809469653795407 0.9000343482242904 
0.6738032522233927 0.7989654739335292 
0.13600700893453738 0.38504348311934017 
0.13848150735693598 0.3317751061468809 
0.9092919305932243 0.5995841774744377 
0.867379352090281 0.4272760677290614 
0.9094452597736482 0.9433089123785685 
0.9529086583169306 0.303206554221347 
0.4889120916222399 0.8262992434810977 
0.8228019926218676 0.7982496030339639 
0.13589753176785457 0.817469606860084 
0.2151089123749575 0.3707842066777136 
0.7185873034520448 0.7433543866076554 
0.03773971710967566 0.516907834960165 
0.880285770457305 0.20273664833420324 
0.4058759159594911 0.9301151760542017 
0.28001172240767663 0.0921513296481139 
0.5904852796340831 0.7257260701273489 
0.2595016747316683 0.586370138948909 
0.9135092176945975 0.5676244328540383 
0.7904220503257888 0.7137110213907436 
0.6993894961780279 0.35805166263861565 
0.8913483754231084 0.27797623089830387 
0.38653697701784206 0.4279296850734754 
0.7184800654760344 0.4699986099898671 
0.8228011788018055 0.3880708538231198 
0.7400380136493072 0.7001320856048299 
0.09998858504015307 0.44335395602507643 
0.7934251562948771 0.36113508579236797 
0.8676116107303493 0.4723947092564603 
0.40241282333177175 0.8172569957721809 
0.09742817320873165 0.19672677205603356 
0.15120842403009577 0.41407516805217653 
0.605277825187701 0.43701423592921174 
0.010030647464758957 0.5974655397045567 
0.09093011215862795 0.3905476203771456 
0.6544384432551846 0.09874149431694956 
0.5098601966086769 0.16690504858007993 
0.3869841353857254 0.6602792467917208 
0.662493774692427 0.7625996155879382 
0.7684579959676635 0.8665173905447479 
0.970366529385245 0.2809687277057141 
0.5025200077469096 0.26948793544490446 
0.7571894762625558 0.2904619293067878 
0.06410539830398826 0.7062876299487865 
0.2799198939450953 0.5896931948612132 
0.3751265262442743 0.7662239262024393 
0.618088025019415 0.2746395930175175 
0.9218343152282289 0.7955567313124798 
0.5869318805374403 0.248568485382201 
0.6320675267709652 0.14849759304656063 
0.9234199403468578 0.22922472449303816 
0.6874383792091183 0.41428387541498657 
0.22405379440536188 0.334093175216834 
0.5284743760055898 0.7327323492624955 
0.3143085233069238 0.1828415915095371 
0.004626583581886667 0.18793176757639557 
0.41637604302199815 0.103747302884246 
0.9843529920348832 0.9759065743323951 
0.34368410596266674 0.22034181450188894 
0.5995253962683096 0.778410898818502 
0.9586749842565272 0.18967246582339414 
0.27761640921070263 0.15777165810067645 
0.9895718653527852 0.3664942024256833 
0.04595510664996422 0.01705358866097284 
0.5456141280896066 0.6595774265640499 
0.9147629348618878 0.8381240625933115 
0.9616988415766204 0.053827829878440536 
0.9546017193904055 0.35798649361552226 
0.007997374146701874 0.3753295272481471 
0.6926522922117816 0.04616613556667909 
0.1392782825803069 0.8881480876926648 
0.45854308691390316 0.40511848965144576 
0.13269723226166297 0.009072062690247629 
0.500603575919531 0.740087066255137 
0.8494522884878386 0.4558308571263276 
0.26252859708216814 0.45858302017367614 
0.9190323694976307 0.5321176606803492 
0.746624319680895 0.5524198534314687 
0.927304840017091 0.12239641483623342 
0.08800611110515144 0.5623905054926723 
0.39474794208048125 0.3751439434005085 
0.2701326345491977 0.5300898940326267 
0.8256815634889565 0.10712958540488665 
0.9161287302505068 0.17975883903987827 
0.6877546247938399 0.8779892461862348 
0.1515212384173969 0.07400496390280553 
0.3433459331564056 0.5089150805646294 
0.6788965828701768 0.010754603622115555 
0.18080467188644894 0.4621370524954006 
0.686198594868249 0.3917054495672626 
0.05487265383253048 0.0747689793888967 
0.6083180592427463 0.5037250468489551 
0.47311273924896996 0.31139111475307246 
0.9641494856203305 0.8165987852287045 
0.3636752952884972 0.4717115630317984 
0.5014440238737533 0.40333438766941054 
0.5909562848778156 0.7585104460575665 
0.8737160532544465 0.7669110551245469 
0.975543700151522 0.45076582352088884 
0.7475377825038838 0.9149966121904045 
0.2949671310374474 0.9012601243924288 
0.7285130740667328 0.36207062432933274 
0.7616448781309964 0.6448119219546984 
0.020653510644537076 0.8314729117731422 
0.48554388354866745 0.9283769356886218 
0.8282394112107219 0.9656654609394473 
0.4621794125189557 0.5715778147290217 
0.2192541064969724 0.19963918974811268 
0.06766234111289271 0.6725113917179195 
0.5727499580549658 0.06915740923923525 
0.11321697376948148 0.7928536651639266 
0.43275978424120404 0.5529045589630973 
0.9647916918210017 0.7133645799848377 
0.547660806023061 0.46414087934535453 
0.6995674566873491 0.5504829568528938 
0.08126833351401291 0.06750211187526084 
0.05718907343823604 0.9018734341736063 
0.4072758563807928 0.8030571524705883 
0.7290906348119555 0.6766709877827923 
0.8157127411342955 0.08946316579749314 
0.4348971633602718 0.6494563838930135 
0.18194469930344287 0.8315065981976892 
0.13356204935528282 0.23276478545596685 
0.42279618432678556 0.5906992990804005 
0.9188920248560253 0.36997809223640576 
0.1716085278844609 0.5776355137324107 
0.0320339141004547 0.24897041630080552 
0.04014153230155587 0.9866666492017446 
0.23451357161121766 0.9500441972534865 
0.18227323833069736 0.29391268190525077 
0.22591718559513208 0.4829989022296133 
0.04923671337581054 0.8109232433459583 
0.17353940518854788 0.6028257222369118 
0.4692246967017382 0.36933862816939067 
0.4858419711272323 0.8549937176825682 
0.24128091474748414 0.3443434985289583 
0.6556053687415672 0.5034719394847278 
0.8479242049246114 0.8308575038870785 
0.8285467504132029 0.5405292018338059 
0.7566245268887724 0.18116330716497392 
0.13223325699791855 0.6140026525074085 
0.6429052758831559 0.3968696355856241 
0.7176800457394173 0.9855176224581828 
0.767893196193375 0.07820016746116881 
0.8207281756385598 0.640388374271143 
0.25465719211165194 0.8009767106000534 
0.2622487948225726 0.6676218096420217 
0.9180967952279626 0.6407720565935052 
0.26480649161430136 0.6980091271091889 
0.5203483636466445 0.8593534043428473 
0.5933110658061418 0.9123827258603265 
0.5609746093001705 0.5156631882173169 
0.8584572000526283 0.3115749155094609 
0.10948001015583392 0.33829901694927667 
0.7273987736089296 0.16049358395884622 
0.2127480648562205 0.6952780895605573 
0.5080614699132556 0.6419672297810269 
0.327825312337616 0.896638783755592 
0.5641550676747777 0.3765813592071119 
0.921857187841668 0.05202441477677583 
0.9372980485637893 0.1511196259586302 
0.8300277715741352 0.6808217527292306 
0.2513667622223058 0.06488753878275089 
0.8753272456804373 0.7332253347239106 
0.023453683273991388 0.5537540704285084 
0.7433034756155343 0.6057362411766682 
0.03484810208066419 0.3229735726923557 
0.8556109300172644 0.6199164900418286 
0.9081220332308395 0.5134466913955475 
0.010272105410051802 0.6983069645563341 
0.1596245872587489 0.9442214895604153 
0.8055150188624278 0.5290372463936669 
0.8054666275031814 0.3316546174495325 
0.07336673243429265 0.838532088982897 
0.303161233297067 0.29652501825240973 
0.31066771032547436 0.3945239714094589 
0.05263132550891031 0.7848187898695921 
0.6692839802791863 0.2900873766439752 
0.3540746056882679 0.9438686131222415 
0.2943216550277778 0.6305720830280463 
0.6819146476374758 0.951605361419754 
0.1967973846680543 0.6377302278856662 
0.12023755812823766 0.8891559120926136 
0.53149086268808 0.24911099709515283 
0.9538799902473859 0.9649831188404467 
0.3043892431517301 0.7353395704991339 
0.18802706190103358 0.25954174530200724 
0.4078518253872486 0.42072299316548634 
0.31776506156843987 0.1404453106216012 
0.39189745305863893 0.00858391865181074 
0.7185668037167188 0.032475711850232236 
0.27752670691639447 0.31651998790885283 
0.17482324873043337 0.10978445477634297 
0.7342449398979407 0.8301490433497771 
0.44897504121618675 0.12844532952914195 
0.5288165219609987 0.02035126390881914 
0.6800623019051499 0.36663686319410993 
0.27392863250752947 0.4395865258280226 
0.33649375182206487 0.4354200610165668 
0.6462649132550445 0.5727084909870261 
0.8522197127505622 0.642136283966854 
0.9560813865445303 0.16468981633342566 
0.44999580631829894 0.913862100090723 
0.2940589039618293 0.4958941719868998 
0.6288026353516446 0.21832807106253416 
0.536289719471929 0.3346496237317203 
0.430071942716782 0.06380612804756847 
0.32544253861697536 0.0882050845418536 
0.455448594007319 0.7090757390350427 
0.8524403004625911 0.24922736445589222 
0.4747145608834508 0.5003309237825899 
0.773497240975278 0.5115739753211566 
0.054783724927402966 0.12033057718722384 
0.18932620941632528 0.027789236990874322 
0.26331968798804795 0.17846525226275134 
0.935382220028209 0.5363673225638226 
0.7407143107561998 0.9591154897233163 
0.3919182289396731 0.6951117875419093 
0.7597022035209149 0.8061153073301877 
0.03224082603853462 0.7476539785527977 
0.009995420245012154 0.9460661540482991 
0.2837937367533905 0.04319816123260389 
0.32461820125797536 0.3492561800420938 
0.6016450910910689 0.9846070459199834 
0.45576472836041226 0.3888528366779797 
0.22833686233231504 0.6083375149020215 
0.1583304465387863 0.027777065711483195 
0.1061642884406222 0.6681761906890986 
0.49856831999460544 0.4782055439251308 
0.0558688466493954 0.5629402349172279 
0.46370618347459386 0.2620140775410329 
0.09254417845427021 0.596144477155911 
0.5352401147667426 0.39606370965863613 
0.45681167847630355 0.48831688836113873 
0.24025986278390243 0.3061172111461467 
0.9386632643667627 0.07525692948463286 
0.9111244785016737 0.007080401426662997 
0.22272853829399974 0.4375330588281481 
0.29991809043129114 0.8624600152253488 
0.5441792181813703 0.7105681838829138 
0.9448149633570802 0.8536437606119633 
0.543217357183414 0.42026613281188235 
0.11969942665102984 0.62950422563969 
0.13504959519182008 0.5679359638587618 
0.973901630409004 0.8808569840206999 
0.0600879714626667 0.22691294678382268 
0.8750604700609357 0.017712213863037785 
0.045811651872265324 0.4380810397674554 
0.641004879869908 0.992450555498325 
0.6908867657789226 0.471213302113377 
0.5118935658243464 0.9429788592227827 
0.5457457903449004 0.6406180014712898 
0.9681323330897545 0.5620388144431361 
0.06891987570833197 0.00939531446041142 
0.22575995612844602 0.013252400352297466 
0.9857378007920214 0.540887908220276 
0.8630411210262936 0.5668800244102339 
0.7673282513247471 0.30652069789937436 
0.44573443129278656 0.30617454314377224 
0.22341222622415519 0.2345419767899954 
0.32893973922467357 0.6619758854761759 
0.2496022412682824 0.6183312503364312 
0.5228670698809545 0.9044353736687862 
0.7556083954169892 0.2229524120079352 
0.9376523476529308 0.7347880296745009 
0.7353347585098754 0.6252298390274099 
0.9750630335431731 0.3938089156620853 
0.7348244718620016 0.3310170138728803 
0.11460857720789952 0.8429459001349211 
0.6945138039299351 0.19691528183186086 
0.5096128528510993 0.24109436770086518 
0.2709874851412917 0.047035612814702366 
0.873947583659745 0.39128261081595905 
0.7854449768921687 0.984646031542484 
0.9921231481567645 0.4246538576082614 
0.7014169558533879 0.14531893525031292 
0.297670777430468 0.7008595830598197 
0.7876920526444771 0.8905345225678163 
0.7881588066509884 0.5708678332325612 
0.7457771345604136 0.7812577829788893 
0.11093667753385417 0.1787897557910335 
0.34170714415470516 0.8761635502725273 
0.8897638800350467 0.617526188364411 
0.905515538455637 0.23990736885950747 
0.6519065608309658 0.9227778513734148 
0.11891191870503343 0.699038059356025 
0.5564373212858283 0.2662692767355491 
0.023023573782035234 0.34083027405279887 
0.529315800534759 0.3108279327262987 
0.5784082697046921 0.8067891119359969 
0.785153904645542 0.11033513636307479 
0.042140904835974824 0.4625937002598978 
0.8533875156502388 0.382599804941615 
0.064806597465428 0.2439515823578826 
0.801534972600143 0.8035301398413313 
0.7006093814749105 0.2503086705212937 
0.2630825348954087 0.7408869356329446 
0.15157605536232283 0.15902387686157304 
0.9849197882737073 0.7800068137880549 
0.6745003856678016 0.6699011129159349 
0.7193164460269955 0.5873933540506736 
0.41187150554308194 0.4754812147442612 
0.5943484455752975 0.33799499081794027 
0.6486823243048224 0.042099763374108035 
0.04043403582750055 0.1483455721294688 
0.8631546685162683 0.677003401345278 
0.37688071774834286 0.21818570398326076 
0.5664065315977586 0.6932867135545882 
0.9265514465011311 0.4401833726435699 
0.320385706538999 0.557886184332734 
0.7726259366097001 0.6927907958297163 
0.4969573586988628 0.11723017358383092 
0.29412610208337747 0.23636104580587208 
0.44466448171847184 0.6014374210964948 
0.2911390273192995 0.811164875208947 
0.4941564859047658 0.06270204901225057 
0.1508718288341741 0.7532203454005733 
0.8984752505882163 0.40102970357787293 
0.3974602606513093 0.7589676824289953 
0.571760590375044 0.3405970540006126 
0.03162356387923271 0.9026515897902129 
0.22630074862806282 0.9003912606716148 
0.3188947332237725 0.4595260536386485 
0.5680624448450877 0.8969818656018531 
0.19292133958636654 0.938874803349993 
0.1315266252761213 0.5201731323181491 
0.41095098663027474 0.17297611982043776 
0.392737913672813 0.9476637250104996 
0.5452977416005854 0.19484183115683645 
0.6096750370615038 0.31746715960566546 
0.7806622144032145 0.0372071056106294 
0.09225708554828621 0.47539666803099256 
0.28977545023451634 0.7533356969027181 
0.5896164978780052 0.678438760296549 
0.4585903765629652 0.5485014478651383 
0.9347642671737222 0.6870454607640701 
0.36430208364431643 0.12524090619799694 
0.9916828573485805 0.22988885898500205 
0.45876648052590835 0.7907594915856775 
0.4070009351100521 0.025251777509031736 
0.6963378493950423 0.010715395527438165 
0.4406183060524554 0.4423373923401782 
0.4969842045588794 0.544892432790885 
0.3654812281101767 0.054338738470497194 
0.29716822833216705 0.554633786912294 
0.3601591942727238 0.5597270325770779 
0.26975550442658724 0.34002848038487826 
0.005804441860364384 0.6659921036264164 
0.1965850560252344 0.8686812606023726 
0.27230455875137466 0.008173454094779431 
0.2977638878055169 0.5893818048460605 
0.5585779226966487 0.7736214564177251 
0.09241765710907618 0.1638736060668174 
0.3417600340459551 0.39525333302116106 
0.11668775888102662 0.11774285291460518 
0.0064400462845981 0.9100391987006016 
0.9901097265734766 0.9594404380949813 
0.17195015877424147 0.14806767781535252 
0.4590800410561415 0.09420489434175866 
0.6066888537699227 0.08723948284305605 
0.5671925788446728 0.9597388967181755 
0.6397841501942458 0.37252323010058486 
0.28596105810858596 0.6688579430110568 
0.8939191103099159 0.3827626954754633 
0.019058858999799866 0.1891563684736869 
0.6402564114121264 0.9710429407039791 
0.34225789808561563 0.15731545362846366 
0.09972339324516966 0.0967569242598198 
0.8038375433734266 0.41687366720683555 
0.862279776947789 0.13578674633423848 
0.16624009563757358 0.6479051905468662 
0.4883047949956361 0.6477356670955736 
0.41416622158771776 0.25683738882821294 
0.28462910923549245 0.3621547759866897 
0.7388631040588074 0.20421631013129188 
0.30305779087154694 0.9859811384234 
0.47065604433298946 0.14356852374501988 
0.7368055424914438 0.7998866232544379 
0.7091957618596357 0.2763540708962554 
0.4250600139519359 0.8678756412010198 
0.10914240597843033 0.9943541404632168 
0.7376543613115529 0.5878401763223287 
0.8731274045632204 0.09592301496507127 
0.43553826006461005 0.7040811651504884 
0.5962074500411116 0.4204102557989116 
0.8928986867845721 0.6794638991184745 
0.5681566671958379 0.8459241150016824 
0.7500811864542685 0.4739902245934136 
0.010974270821759946 0.9885180416432175 
0.12838042489775175 0.15712457098685378 
0.8862063631448309 0.34676953359259216 
0.1797549058920171 0.3516394685597193 
0.11430394941551097 0.2410768982071641 
0.8568070501035292 0.927651534726617 
0.9877251697450523 0.6447946253959868 
0.1440746751238916 0.19773798640056262 
0.13094498314366743 0.9810483441110528 
0.5313261874684279 0.5797128854347486 
0.6807183966536142 0.4418843212595584 
0.6402175538529074 0.5215056901750474 
0.6229835352912797 0.5858558332469381 
0.7219477809119148 0.22698514663618724 
0.046064736261848815 0.8705248673223553 
0.8263546476629076 0.6630317414510517 
0.9907483683486349 0.8204933004881989 
0.985182455412035 0.5018664426187123 
0.9715680739767714 0.32845729213988467 
0.10853405429111929 0.9507534736273597 
0.6305118290037403 0.9418287774481002 
0.75349492802064 0.2691921220619682 
0.640394005036189 0.7287351491282152 
0.5765420558914878 0.5465844829181721 
0.47230962833878043 0.4636181831150372 
0.3269639023340086 0.06243598202979578 
0.8003683213179391 0.9920370031728717 
0.8200711669239578 0.14577833532130735 
0.5870428161783025 0.6154317118635299 
0.369412165811421 0.4198969689263945 
0.009521606801012328 0.874154501386867 
0.6324595118926006 0.9092830571775479 
0.5720868367487423 0.9857398346683472 
0.28058790044529647 0.7901443858570077 
0.34981816701611596 0.7960597263012044 
0.41748160908245574 0.5204934048329475 
0.17156808432022536 0.9864777730261048 
0.03838389827831057 0.6597341253782032 
0.3432951404567053 0.4690348963522944 
0.21559959561020303 0.7278522185458556 
0.13327695860079153 0.2139855978810844 
0.13111778003818736 0.7396336714706548 
0.8013193231848641 0.38103138130022696 
0.6146207861364439 0.005850765334777297 
0.23686636099251668 0.5861059560986537 
0.8950052119084668 0.4747810188524514 
0.49143543609136786 0.5859576291702387 
0.900766794440427 0.2944100049029513 
0.3391208680448562 0.31652045210439794 
0.5958410754885325 0.46157628175369153 
0.709854158912405 0.8069153762548793 
0.19748510779842954 0.44716090080290677 
0.40534524302105457 0.04943711878195889 
0.10145479379576883 0.2986456832817391 
0.7354721931307088 0.8629473340933955 
0.008184279675439443 0.6348634132933566 
0.5483199006623369 0.017647399706972877 
0.700108759090101 0.7012292996686156 
0.7165314858110328 0.34105801564625615 
0.4616523280434568 0.889887498868607 
0.15953988712598188 0.6844278055867823 
0.27550915088034456 0.4873305950268489 
0.5946213623324751 0.9433640245140673 
0.15257422682586824 0.5825838668276184 
0.9167290942254258 0.07348259071971652 
0.8444769250922244 0.600489475977027 
0.2979041222647363 0.6547835619624095 
0.3247877798996984 0.4842520684854476 
0.6402531026421734 0.4751443362825878 
0.9334290042706824 0.31854687525058173 
0.4496047842268245 0.9831624738635276 
0.6051083049059647 0.22830543164302625 
0.4853507095959936 0.749800777439921 
0.04718148423357543 0.09810672508211016 
0.24164949169271377 0.7045061505391842 
0.428583684951563 0.4059275241646405 
0.11487296633104177 0.3945912418782398 
0.16568481509337063 0.45881630470430085 
0.04625843375940197 0.6200505420154045 
0.5512848598427358 0.2254487236456481 
0.7546404694953364 0.5245718068296844 
0.528538309222335 0.8355192411263732 
0.9483633932000561 0.01716351799054011 
0.6110904136300477 0.8371728328635148 
0.648711413998338 0.08059997735933538 
0.7292081061282587 0.48733572664011526 
0.7863018242976448 0.13994032167814296 
0.4781528674863451 0.04589614872691772 
0.8719561423721055 0.9921790570917772 
0.9081240245548909 0.48615070593560256 
0.7911071648815101 0.4898520872521592 
0.1941587400647069 0.4736058306962242 
0.6626153297047996 0.2609794433599645 
0.8241437623603873 0.22236119310675995 
0.4130137075164142 0.9900061964868283 
0.21448157088941228 0.6423659830310436 
0.8011342718563428 0.45480443236699214 
0.6493131751119563 0.32932291952704856 
0.21172001375542254 0.15188381279702662 
0.8813500616570982 0.8280929143666382 
0.8219141202494311 0.9171604606680276 
0.09432619607469439 0.3608771799098557 
0.3747804088613079 0.8228961056385506 
0.47445842939464034 0.1850312543094303 
0.24706004627125489 0.38938104036813714 
0.07959275014636541 0.41214583418483386 
0.7385773106433129 0.036618911185538505 
0.3578928348649732 0.03508062794462463 
0.2249749947779755 0.813658442951348 
0.1805835868967084 0.7319208497392135 
0.3036905188079563 0.031024847841417125 
0.3156381305058944 0.7906971453816038 
0.9336881325778905 0.7746891686026902 
0.61970036204184 0.15559624928315208 
0.49158572279128454 0.7893956623735101 
0.5834673744516004 0.8705196058622597 
0.8412686774947953 0.5612935027891061 
0.14675380188662163 0.09845125830687462 
0.14649441277458342 0.4769417645852801 
0.7919836457096724 0.7331242166587274 
0.6832122615852425 0.6026429664470542 
0.44882919496990453 0.9387379978347448 
0.5428656633066519 0.7493237445684231 
0.5766140487781574 0.7414124544502891 
0.14576964175987867 0.911670310108748 
0.8965935906309057 0.9183760734548897 
0.5320989598499143 0.18278568616709434 
0.5494480361506942 0.2855080161354916 
0.7766039963131733 0.16056544486317664 
0.3294307671538954 0.6330253732488583 
0.5488693455857545 0.5957213466115243 
0.3863045051750138 0.9256949705263924 
0.8293614741627898 0.2965773607306099 
0.1414552900882507 0.7070006905679104 
0.7888072336133001 0.20732937309423127 
0.033966218702131845 0.7916580573044099 
0.6918598700948237 0.6275459965389876 
0.21397139878263205 0.5543783152411773 
0.7725925129961827 0.8350675742420788 
0.4543411635280717 0.23020213886707047 
0.09630163979228679 0.2679673768170586 
0.08070038927212397 0.17575995901971136 
0.5076072541696958 0.5696450269385109 
0.5444186964240487 0.8287196059242511 
0.0693455878083235 0.6267546605533334 
0.3400674967384464 0.27709706877684137 
0.49251698519509984 0.6207046976011575 
0.5918424084135198 0.4833646577736597 
0.5537337796015608 0.6204625297096692 
0.5091203550555573 0.13590267822648566 
0.3721527691014139 0.19217414952503592 
0.4530357410852381 0.747596350082842 
0.45481085112019365 0.6771410930063902 
0.17015326349410453 0.2189164205311223 
0.42447549609663426 0.7884297373390444 
0.41662449060631296 0.9174251916151862 
0.07087862755155055 0.8199870519871146 
0.19068553591644577 0.49560875998814025 
0.34899037640212177 0.9077673866509814 
0.9892860485336947 0.47916231670291143 
0.7546859982114691 0.35808173875298016 
0.6162819462803021 0.8995401841749002 
0.7108139285163955 0.8626905178151988 
0.8096040837272516 0.9515123570363443 
0.5601404254257791 0.92034720827201 
0.11484560004856892 0.013252602128078883 
0.39355408604064696 0.10039090545690632 
0.4158453517313462 0.5742356974748056 
0.26066899092757334 0.8584135250411536 
0.19488824631044127 0.23062819531258155 
0.08307997707840953 0.668509392223992 
0.3278894184677412 0.7625220407347987 
0.9435716336069486 0.39140434325561413 
0.8582294273497939 0.49146351595108784 
0.5085478981472121 0.4994675059570021 
0.7946718711425789 0.6612770246916956 
0.3236994439022395 0.9584243424045307 
0.07890934636887359 0.9149937698850488 
0.2786042765519137 0.7314918124760341 
0.25925603841201383 0.02980842992196603 
0.9654732850614417 0.9909119351013677 
0.13395212128426487 0.25799705391093775 
0.029470324335170883 0.5360645630856908 
0.6147518512775361 0.8654293129033712 
0.6677636961730662 0.11959663919033237 
0.8438917572456496 0.9019818603383978 
0.9618866081558936 0.7701484667235391 
0.334847557523863 0.45557689615535746 
0.4775091318417644 0.6992777296195657 
0.04159881668753013 0.18532731952828857 
0.9421900034582571 0.6367663737262184 
0.3788749452774525 0.48691678664815047 
0.8086250652544401 0.06906007698151995 
0.5851843490498179 0.7920615116903574 
0.4606911223686635 0.17170111861170212 
0.9400566565709256 0.2523571443922671 
0.29163954138965376 0.21576480330615821 
0.8428427371885907 0.7226979459497229 
0.8880726342902199 0.6410466770838569 
0.5187842295723245 0.10003392417899498 
0.3052850681293512 0.2701884724035064 
0.991682668534412 0.2751789006710174 
0.7856090372572649 0.005891652979956252 
0.719279632673129 0.007793840884893766 
0.21462633645787815 0.05771089477230429 
0.05938812650452846 0.7408366629142107 
0.761842708169346 0.026380827720479727 
0.38450404401893046 0.5162234166029044 
0.6492928574410263 0.1885659119144349 
0.6818351693989729 0.4973129605513367 
0.30707449043439633 0.33021256471142285 
0.948094619434281 0.10417880823420667 
0.8340211492092928 0.04917891523635315 
0.5642733813857991 0.8150423806891759 
0.8914584749243308 0.04041870269751885 
0.12999452596406597 0.6632480924007211 
0.22759551585256005 0.03535806509520978 
0.17830407022411127 0.051019195448112176 
0.008739334255318476 0.7385205827194464 
0.6493677995474103 0.6821214139856128 
0.2584882100568312 0.6418523961990346 
0.09061010149436066 0.8000592323399613 
0.6856796912807729 0.527552763377387 
0.5536859525210648 0.14442316819288847 
0.8460941145212473 0.4317018572200667 
0.7267859983312807 0.3023868190110134 
0.9315277616664475 0.18938794938651 
0.24462450295911864 0.816729488117659 
0.599967880934403 0.3605809118010468 
0.887740065531925 0.14421840036822714 
0.8563762390959118 0.7813757690580541 
0.12709329969416056 0.43652449099607726 
0.665484337969406 0.7257292423997919 
0.04973102876018087 0.5999932589904976 
0.09041364437703758 0.7214313068225012 
0.8883229916213654 0.9700593227398902 
0.7784424511967396 0.7885411490420584 
0.14385415454892853 0.9365838634785326 
0.2526149092056508 0.6811390300212272 
0.7639999727528977 0.3254121618623035 
0.38530595820699315 0.1226576784109567 
0.17089539240462082 0.3072845113088358 
0.005653400542321441 0.1242064062318653 
0.3563411239569232 0.1662343088608429 
0.5004646717246963 0.9032788568220591 
0.009441590041281256 0.05593231014147071 
0.7204396739615135 0.9400069940362548 
0.48350691531767603 0.9822307221014945 
0.5976146426258296 0.39308912538385676 
0.8711896385956874 0.8845292541276268 
0.8295526432225543 0.7571194991400708 
0.4462851850593933 0.28321583394069805 
0.012345312883200621 0.29110008982825897 
0.5463220802597923 0.9597958012304304 
0.5498890424567696 0.12531729896544724 
0.41940594836054823 0.7296474453950397 
0.9194778939840631 0.14612077963943837 
0.8994019717949235 0.5429408809824974 
0.010048715130138053 0.3192819275407318 
0.8104027209978792 0.8750587370887932 
0.3728965688099689 0.7089941044562349 
0.03648657566505492 0.2839013821406011 
0.9018328075349953 0.8528320717899583 
0.13548177653950433 0.18297388878907783 
0.1451637035749378 0.35828175390069306 
0.24093510507774368 0.663497334953598 
0.7766443536336657 0.23588014919765543 
0.46229779517251535 0.6586128913327751 
0.8230860454006867 0.8231713400230161 
0.27378572103453547 0.9635906929749267 
0.3607178354885242 0.63629642373364 
0.6297422643546491 0.41701525317985716 
0.028238968300472178 0.08913049997446665 
0.3957738629834132 0.6287203254750671 
0.8544194528030551 0.2088464967213215 
0.3134419881958733 0.7162280152797319 
0.406799161626489 0.3958522693908283 
0.2425077581131797 0.10297463155195646 
0.3949438905429539 0.16062003566019056 
0.22660649263595328 0.2573409704703108 
0.005881565638127917 0.25404239853119376 
0.4507606722900862 0.8420430007987414 
0.845729173399229 0.6936181378624374 
0.4003610185973812 0.5628602072358475 
0.372028135053766 0.24258715874733622 
0.7476382619855015 0.40207987207058604 
0.7119063584181738 0.10231619983253465 
0.5407569866762554 0.8714606407404947 
0.7096659299054985 0.6829398188148881 
0.1720177048240003 0.4165320795254916 
0.6971692239132699 0.7272497376926469 
0.24577446246900458 0.46935658014592213 
0.42368853406500695 0.18704845455005892 
0.24032059749615603 0.5413473700776249 
0.5784488655350862 0.5107037725326046 
0.39570186643150523 0.8784579754056661 
0.2693886970505077 0.4126287792635723 
0.29339569711032826 0.9495661508305144 
0.5353096064882384 0.8096461298352728 
0.7319293894727439 0.4420965914077152 
0.09847759354172297 0.027240299331411255 
0.8745024709256053 0.17050587382019083 
0.6548403651231249 0.014944885531409935 
0.5699353810426427 0.4037647997025303 
0.3844956193400031 0.7938292722448421 
0.39232389579125626 0.9837484119495008 
0.40213519287946753 0.5327990395978992 
0.44941934470210754 0.10391691130204544 
0.9898493239384285 0.5824845233333403 
0.17281171469897189 0.8765356930444077 
0.4042444520062227 0.4496825147213728 
0.21381708066415622 0.7813179835935908 
0.9185381802863362 0.3507587085067808 
0.3748871105345215 0.2688834489749543 
0.7541499149082268 0.681393629453302 
0.8546883378788417 0.8502811175536615 
0.9767907942357454 0.2081354952118255 
0.38333728284599755 0.8573077330880605 
0.005779380581443561 0.5566735844261562 
0.8826519857936086 0.25101028464066444 
0.08054794358752532 0.48957624709599007 
0.9005714676906346 0.7087591164215433 
0.4884641582691609 0.6802642448004417 
0.9393796223527455 0.28615519015001545 
0.616327215580014 0.6474092883662805 
0.43032509634056987 0.9375104841056462 
0.46892611791548144 0.77797741583774 
0.9842545892383532 0.8955497630267117 
0.9515076787602263 0.5009677244699099 
0.5709992742913906 0.6423956797939895 
0.027524602754482597 0.8464631106224665 
0.474058826718718 0.2058010129730396 
0.5667730507533878 0.09327178965257255 
0.7250161912703286 0.387185509771586 
0.6516734178304796 0.6212244205760132 
0.08482741534333704 0.7428581691498367 
0.20474293966110407 0.19020462884352107 
0.416729865024227 0.8448784652358431 
0.5084829123260672 0.05072383163988342 
0.6465550050220337 0.8108088486593032 
0.5446601768247794 0.1670124379991661 
0.42829110680159266 0.0056875806931163675 
0.871310766387489 0.947745158141682 
0.26834236037780645 0.5518305491851284 
0.6113222657288849 0.04120250418894533 
0.3668183272174993 0.3411271731954022 
0.9675492737090343 0.6966683411098809 
0.11951519822805595 0.5009282419919684 
0.6904563438590292 0.8220137040486712 
0.46214888193142956 0.3543304462667437 
0.9079107193726066 0.8084989110884334 
0.9948138048863863 0.024158003622782975 
0.6014582958856487 0.2635519759817506 
0.7494512056446513 0.43894846645732055 
0.5918167064634128 0.6394029496551391 
0.4696027795342315 0.006883119509982383 
0.9331523276578346 0.36280756180529594 
0.8855981503072374 0.8037591158978319 
0.7086976237970197 0.31311673904236004 
0.4509128104421378 0.03481913654812585 
0.590893592997165 0.5924749920223257 
0.570794738869405 0.0481184129141804 
0.12458207915023961 0.7637929022354277 
0.9544582276125109 0.9116808823111644 
0.49941680758455087 0.3070678166590326 
0.5200589890745169 0.2734098282339855 
0.8073080811250719 0.7478974087181257 
0.6209165638480643 0.5217376333845495 
0.43909003543616215 0.8135592564007269 
0.31690859297410934 0.008777818371119184 
0.9764036280415167 0.4234792754578829 
0.5605060522873423 0.49918822110689093 
0.47689235415985 0.11451611161165848 
0.5436562458478573 0.31953902482379504 
0.5607456357940719 0.417267904630755 
0.32980064189218294 0.20543177576351584 
0.3164022975625871 0.9120859234001402 
0.6111994484721822 0.17386589816119158 
0.9349800825716157 0.5575562947632172 
0.4591745716288311 0.9584693891702895 
0.17324566448115575 0.12683130769393458 
0.9760654377909642 0.061802223133071765 
0.3034477610304517 0.0914286447269127 
0.8420170567368839 0.18642005479873008 
0.5337684165035993 0.9187155509462362 
0.837807738248876 0.24458019807319986 
0.6887655008359751 0.9035832195939815 
0.07853301386032574 0.11797202862229167 
0.033642014756912086 0.26868671045202674 
0.7416886312222537 0.14010754033381123 
0.726904086981718 0.2511511218858253 
0.912900131379933 0.8712065279835417 
0.645273902805874 0.12406628147762755 
0.7323689513413181 0.10132565285947542 
0.12826191544869625 0.3505906114133668 
0.07014381540835113 0.863815020666727 
0.20057491716633513 0.9761312239349758 
0.2229225468199078 0.5097208077672093 
0.6796695746748164 0.6921680941237733 
0.05236529322427824 0.03697734388726298 
0.7931132783502928 0.5890542439611722 
0.6683603264263455 0.17429925452029782 
0.0900938353525017 0.5121578111124925 
0.9019149013135268 0.07735738627907723 
0.581282275107203 0.16442517342319024 
0.5324067133535925 0.6859371133433049 
0.9584477162684566 0.4570508350761199 
0.028606994089086846 0.6426215642494879 
0.5117554144898326 0.6786367536005472 
0.10076905762645544 0.8366500164506869 
0.4371559967122532 0.5118270182310072 
0.1596647110545809 0.28845595947063574 
0.8935289754210609 0.31449430304718745 
0.6889559063800847 0.13010647072147102 
0.5025945580436986 0.7183229033194466 
0.5768820110090904 0.13603353536241303 
0.9550607590263104 0.33324065117051715 
0.9374166800863768 0.4765199991374857 
0.06694358447500554 0.5955505682562205 
0.7198231699970076 0.05733281527857936 
0.19735543680469653 0.35888942563334636 
0.698038048179689 0.4241903097080558 
0.6558427848724263 0.5298026518215283 
0.02197347862617688 0.4643131363018464 
0.5564027794908731 0.566082845557071 
0.2731289767021675 0.9146284137358991 
0.28113065845106266 0.8810014500332397 
0.2907795241589516 0.428840567604302 
0.4817287769377816 0.7298067420347949 
0.388699885003264 0.04524935250393197 
0.9949653190100793 0.8759831850842346 
0.8940559244721874 0.4232345739314563 
0.930581670973595 0.8191793394966791 
0.19444181864070786 0.422057150150721 
0.6797140045704174 0.33776245608973876 
0.5266873088493675 0.48093498428925313 
0.0044244847717597735 0.33641521899360044 
0.2244642594756442 0.6537337655397412 
0.26178760308822224 0.13621195625997956 
0.20490108080605518 0.7584261586187486 
0.7404437017007647 0.88625876643485 
0.20615162658272318 0.952610687970176 
0.4902986416712653 0.24921700318799805 
0.37708414827021536 0.4566599591302505 
0.9634015109325484 0.008110186619174009 
0.605079401174141 0.6957330544012361 
0.42089006835164666 0.6314289258737105 
0.994276957986367 0.803679368230994 
0.21034006229368507 0.11909014965705833 
0.11926568997859255 0.8718512494029177 
0.750513104936428 0.8523714725014365 
0.5035111860237989 0.8778284177088572 
0.8324169622666662 0.15799110668573568 
0.0572906073510997 0.26189823857320227 
0.7679365904851989 0.7363764263163837 
0.8429455502288894 0.8037079004197312 
0.03897895424381115 0.49357941257957055 
0.006115580105634899 0.010945341280267806 
0.0914627322728504 0.6380091687395711 
0.9943669067711276 0.7527824260948212 
0.10859501844337383 0.06588193387809693 
0.48523776917986894 0.9521050348695168 
0.6883342534101355 0.3156447350437291 
0.6764373835930654 0.871749189709289 
0.7971515978943663 0.04713998716662676 
0.783749523698438 0.29336966452216184 
0.8156187884973253 0.3488807364402893 
0.24173387122801387 0.7624770891438224 
0.10806559507954427 0.21330868153011423 
0.4915201397789915 0.16266420232689 
0.5139857435216698 0.7842713696537267 
0.16583762303832655 0.7166173997919623 
0.5176448015867365 0.35198764961529017 
0.959923466240947 0.43329333203077836 
0.4585634858055825 0.8124850322236352 
0.25510033854859193 0.22257889793209862 
0.23173047814515058 0.15562128076895543 
0.24503122543328648 0.8731267748380518 
0.8456717985145715 0.9681882040095031 
0.8917444294280852 0.1837847814040125 
0.2993921481549661 0.05835311256443326 
0.9683609123839818 0.8386851866579623 
0.25016839763723786 0.939238961455805 
0.7469646257430356 0.9708836724479555 
0.47203431461137707 0.84726304785802 
0.07091023742512687 0.33529623411648957 
0.18813207780767244 0.7899336346437357 
0.8477726856968179 0.12113689865983573 
0.25964158684559957 0.2970494776055344 
0.7926357731675581 0.08104937451454003 
0.8637042830765926 0.5972733108101475 
0.6450033276807993 0.7689620882687787 
0.07147966453086435 0.36838413640875867 
0.957378248104813 0.24020396519623727 
0.5319639020974034 0.44250521360630835 
0.41620690873461047 0.14856915042368607 
0.718170825029026 0.658839947622983 
0.8551320472633404 0.5176196556919826 
0.7927539849526619 0.1756102499036467 
0.5256930535453244 0.5129341764974904 
0.9111334239680845 0.028374206607017505 
0.3940797822157406 0.73698293985641 
0.15370342994959374 0.8668131422047838 
0.13052970769580713 0.8554183514583082 
0.3702721728585664 0.39719173530194996 
0.9431475087493366 0.8112463782973648 
0.802746131661516 0.615925692546015 
0.9843340286806582 0.9184342552100097 
0.404468135895457 0.07404266478224752 
0.667498095508356 0.20487971692832974 
0.30398979077797317 0.5158934325239708 
0.4472077900224521 0.7682759547087216 
0.4864030437697416 0.0965199176731526 
0.5075056750667024 0.09274597379595867 
0.5953647024937442 0.5321234887219376 
0.9254754352414554 0.986601232465494 
0.6788651102859449 0.8491251229215129 
0.06924868666504685 0.5481154057878178 
0.8504484205023899 0.880126182386666 
0.7209350500459403 0.42676812208631293 
0.03694042050656454 0.12655608725920603 
0.29891441187042433 0.6119975206476692 
0.9838453445073698 0.31200461630437026 
0.20164076586517565 0.01293107461319093 
0.026089408133619707 0.5897714377407933 
0.08823355845917463 0.2486338322217413 
0.14912054419928572 0.6013219364537393 
0.8090292666075001 0.24382396138597046 
0.8804746871674531 0.5734427826649152 
0.12014692475078037 0.8067474105023837 
0.05284578370076226 0.3882826217516254 
0.417202712331231 0.2923315110539913 
0.8353366190048828 0.8707714724807917 
0.3654266403356178 0.7865495889811789 
0.6129037448885386 0.7393415823951444 
0.7552156636403763 0.12630037597911548 
0.6246857257115962 0.439169947875458 
0.7088090829895854 0.16763275056588434 
0.764394601729077 0.20058690760575193 
0.04574607228819044 0.1611388063726314 
0.4698644683439662 0.6152880627765911 
0.680872970577385 0.5497243788760046 
0.6118439317112063 0.5676163834459587 
0.19842999065834616 0.6027572217083381 
0.03307900718929779 0.6887314945062015 
0.24627112150858643 0.006213024368473485 
0.8430551996228492 0.08433126016432269 
0.6670416296512087 0.9910861741857688 
0.8064070829869274 0.8414957257983087 
0.39265580225013463 0.8328804119655966 
0.1798031385181481 0.6986228881876436 
0.18039729652685943 0.9349010217880904 
0.13779693718416847 0.033466986801180876 
0.2344819888693428 0.6313675791565061 
0.09440268879948777 0.4065142556049194 
0.031013189404767827 0.23126240266290238 
0.783888816462695 0.6506860806033267 
0.42235802263717426 0.37032471995157246 
0.9767956445981476 0.029974653376272198 
0.30699468576810235 0.8319644318867422 
0.12556816642076574 0.9050220961349371 
0.35293818473958505 0.10388422114789819 
0.5965167532188287 0.5503647306157036 
0.14974395435830984 0.12329335118421064 
0.5584322390697365 0.5380506427148541 
0.006310729295079809 0.425465725233993 
0.47395208914661907 0.4159479114509057 
0.35708190182873545 0.27484204857792643 
0.6829863457575778 0.5769785839555026 
0.06554119827866023 0.1900518847420633 
0.6146577477574614 0.1144223749859079 
0.27254503016636483 0.8310316285971968 
0.5125642003551413 0.9868119311564031 
0.6755942489628112 0.4154415576306727 
0.05110569317349001 0.6656156806764406 
0.39210451294786125 0.34797313365561655 
0.9329133069441728 0.578273890049542 
0.6987224044787527 0.05605855217686451 
0.9149012988561686 0.38749452409409907 
0.12382062157338036 0.296881741321976 
0.007050482360278665 0.8192974998751674 
0.5150464654098169 0.03669264725262433 
0.2772200347292136 0.6062239838516628 
0.3633232484501838 0.06742962728418578 
0.0047233069931783556 0.48121207693366924 
0.9591085226213398 0.2135538104232974 
0.41308695102491977 0.1252157537942558 
0.46322435733140793 0.07532758600940792 
0.00548319990890711 0.6510241625108286 
0.05730031078634246 0.4608288463063722 
0.7240701577366756 0.6143653478532446 
0.38761689102048785 0.28971627647009784 
0.6988562185918723 0.5843801831624607 
0.33265086357856855 0.2434289401969969 
0.5348231711285714 0.05101043501138558 
0.8048118944800944 0.43305995768555283 
0.7135067970875476 0.9119870142482325 
0.6340448767242771 0.6707070464051733 
0.020645955930216786 0.3975063899667103 
0.5115170501288235 0.21135631005515448 
0.42592946600629616 0.9736710273423971 
0.18065529762998073 0.8092895742606161 
0.8648899015538551 0.27954857733457716 
0.25593245633871264 0.500445486102886 
0.328339032063213 0.7404450247138523 
0.45360475959837676 0.6321528069610813 
0.4038945421954523 0.31344896738363504 
0.7613488763598262 0.6099838884669968 
0.6895019472191917 0.10413220836481285 
0.73087777713034 0.5296988820246388 
0.023767306332329874 0.5219056914299383 
0.5953750912834592 0.963656187904381 
0.33593541781507275 0.6011927626449564 
0.9458479400539137 0.6994680086402785 
0.6707582577563278 0.38812116115583517 
0.47556162696307136 0.7650527260490039 
0.8934978447591025 0.8966547811089713 
0.41657872876501 0.6062219152686413 
0.4723736407520383 0.44447724325175986 
0.14780791511378794 0.8274586266240507 
0.6278142099834305 0.7514600096653625 
